787 4879
786 4880
785 4880
784 4881
783 4881
782 4882
781 4882
780 4883
779 4883
778 4883
777 4883
776 4884
775 4884
774 4884
773 4884
772 4885
771 4885
770 4885
769 4885
768 4885
767 4885
766 4886
765 4886
764 4886
763 4886
762 4887
761 4887
760 4887
759 4887
758 4887
757 4887
756 4887
755 4887
754 4887
753 4887
752 4887
751 4887
750 4888
749 4888
748 4888
747 4888
746 4889
745 4889
744 4889
743 4889
742 4889
741 4889
740 4889
739 4889
738 4889
737 4889
736 4889
735 4889
734 4889
733 4889
732 4889
731 4889
730 4889
729 4889
728 4889
727 4889
726 4889
725 4889
724 4889
723 4889
722 4889
721 4889
720 4889
719 4889
718 4889
717 4889
716 4889
715 4889
714 4889
713 4889
712 4889
711 4889
710 4890
709 4890
708 4890
707 4890
706 4891
705 4892
704 4893
703 4893
702 4894
701 4894
700 4895
699 4895
698 4895
697 4895
696 4895
695 4895
694 4896
693 4896
692 4896
691 4896
690 4897
689 4897
688 4897
687 4897
686 4896
685 4896
684 4896
683 4896
682 4895
681 4895
680 4895
679 4895
678 4894
677 4894
676 4893
675 4893
674 4892
673 4892
672 4891
671 4891
670 4891
669 4891
668 4891
667 4891
666 4891
665 4891
664 4891
663 4891
662 4891
661 4891
660 4891
659 4891
658 4891
657 4891
656 4892
655 4892
654 4892
653 4892
652 4893
651 4893
650 4893
649 4893
648 4894
647 4894
646 4895
645 4896
644 4897
644 4898
644 4899
643 4900
642 4901
642 4902
642 4903
641 4904
640 4905
640 4906
640 4907
640 4908
639 4909
639 4910
639 4911
639 4912
639 4913
639 4914
639 4915
639 4916
639 4917
639 4918
639 4919
639 4920
639 4921
639 4922
639 4923
639 4924
639 4925
639 4926
639 4927
639 4928
639 4929
639 4930
639 4931
639 4932
639 4933
639 4934
639 4935
639 4936
639 4937
639 4938
639 4939
639 4940
639 4941
639 4942
640 4943
640 4944
640 4945
640 4946
641 4947
641 4948
641 4949
641 4950
641 4951
641 4952
641 4953
641 4954
641 4955
641 4956
641 4957
641 4958
642 4959
642 4960
642 4961
642 4962
643 4963
644 4964
645 4965
645 4966
646 4967
646 4968
647 4969
647 4970
647 4971
647 4972
647 4973
647 4974
648 4975
648 4976
649 4977
650 4978
650 4979
651 4979
652 4980
652 4981
653 4981
654 4982
654 4983
655 4983
656 4984
656 4985
657 4985
658 4986
658 4987
659 4987
660 4988
660 4989
661 4989
662 4990
663 4991
664 4992
665 4993
666 4993
667 4993
668 4993
669 4994
670 4994
671 4995
672 4995
673 4996
674 4996
675 4997
676 4997
677 4998
678 4998
679 4998
680 4998
681 4998
682 4998
683 4998
684 4998
685 4998
686 4998
687 4998
688 4998
689 4998
690 4998
691 4998
692 4998
693 4999
694 4999
695 5000
696 5000
697 5001
698 5001
699 5002
700 5002
701 5002
702 5002
703 5002
704 5002
705 5003
706 5003
707 5004
708 5005
709 5005
710 5006
711 5007
712 5007
713 5008
714 5008
715 5008
716 5008
717 5008
718 5008
719 5008
720 5008
721 5008
722 5008
723 5008
724 5008
725 5008
726 5008
727 5008
728 5008
729 5008
730 5008
731 5008
732 5008
733 5008
734 5008
735 5008
736 5008
737 5009
738 5009
739 5009
740 5009
741 5010
742 5010
743 5010
744 5010
745 5009
746 5009
747 5009
748 5009
749 5008
750 5008
751 5008
752 5008
753 5008
754 5008
755 5008
756 5008
757 5008
758 5008
759 5008
760 5008
761 5008
762 5008
763 5008
764 5008
765 5008
766 5008
767 5008
768 5008
769 5008
770 5008
771 5007
772 5007
773 5006
774 5006
775 5005
776 5005
777 5004
778 5004
779 5004
780 5004
781 5004
782 5004
783 5004
784 5004
785 5004
786 5004
787 5004
788 5004
789 5004
790 5004
791 5004
792 5004
793 5004
794 5004
795 5004
796 5004
797 5003
798 5003
799 5002
800 5001
801 5001
802 5000
803 4999
804 4999
805 4998
806 4998
807 4998
808 4998
809 4998
810 4998
811 4998
812 4998
813 4998
814 4998
815 4997
816 4997
817 4996
818 4995
819 4995
819 4994
820 4993
821 4993
821 4992
822 4991
823 4991
824 4990
825 4989
826 4989
827 4988
828 4988
829 4988
830 4988
831 4987
832 4987
833 4987
834 4987
835 4986
836 4986
837 4986
838 4986
839 4986
840 4986
841 4986
842 4986
843 4986
844 4986
845 4986
846 4986
847 4986
848 4986
849 4986
850 4986
851 4986
852 4986
853 4986
854 4986
855 4986
856 4986
857 4985
858 4985
859 4985
860 4985
861 4984
862 4984
863 4984
864 4984
865 4983
866 4983
867 4983
868 4983
869 4982
870 4982
871 4982
872 4982
873 4982
874 4982
875 4982
876 4982
877 4982
878 4982
879 4982
880 4982
881 4982
882 4982
883 4982
884 4982
885 4982
886 4982
887 4981
888 4981
889 4980
890 4979
891 4978
892 4977
893 4976
893 4975
894 4974
895 4973
895 4972
896 4971
897 4971
897 4970
898 4969
899 4968
899 4967
900 4966
900 4965
901 4964
901 4963
902 4962
903 4961
903 4960
904 4959
905 4958
905 4957
906 4956
906 4955
906 4954
906 4953
906 4952
906 4951
906 4950
906 4949
907 4948
907 4947
907 4946
908 4945
909 4944
909 4943
909 4942
910 4941
911 4940
911 4939
912 4938
913 4937
913 4936
914 4935
915 4934
915 4933
916 4932
916 4931
916 4930
916 4929
916 4928
916 4927
916 4926
916 4925
916 4924
916 4923
916 4922
916 4921
916 4920
916 4919
916 4918
916 4917
916 4916
916 4915
916 4914
916 4913
916 4912
916 4911
916 4910
916 4909
916 4908
916 4907
915 4906
915 4905
914 4904
913 4903
913 4902
912 4902
911 4901
910 4900
909 4900
908 4899
907 4899
906 4899
905 4899
904 4899
903 4899
902 4899
901 4899
900 4898
899 4898
898 4898
897 4898
896 4897
895 4897
894 4897
893 4897
892 4897
891 4897
890 4897
889 4897
888 4897
887 4897
886 4897
885 4897
884 4897
883 4897
882 4896
881 4896
880 4896
879 4895
878 4894
877 4894
876 4893
875 4893
874 4892
873 4892
872 4891
871 4891
870 4890
869 4890
868 4889
867 4889
866 4888
865 4888
864 4887
863 4887
862 4886
861 4886
860 4886
859 4885
858 4884
857 4884
856 4884
855 4884
854 4883
853 4883
852 4883
851 4883
850 4882
849 4882
848 4882
847 4882
846 4881
845 4881
844 4881
843 4881
842 4881
841 4881
840 4881
839 4881
838 4881
837 4881
836 4881
835 4881
834 4881
833 4881
832 4881
831 4881
830 4881
829 4881
828 4881
827 4881
826 4881
825 4881
824 4880
823 4880
822 4880
821 4880
820 4879
819 4879
818 4879
817 4879
816 4879
815 4879
814 4879
813 4879
812 4879
811 4879
810 4879
809 4879
808 4879
807 4879
806 4879
805 4879
804 4879
803 4879
802 4879
801 4879
800 4879
799 4879
798 4879
797 4879
796 4879
795 4879
794 4879
793 4879
792 4879
791 4879
790 4879
789 4879
788 4879
787 4879
