915 4141
914 4142
913 4142
912 4142
911 4142
910 4143
909 4143
908 4143
907 4143
906 4143
905 4143
904 4143
903 4143
902 4144
901 4144
900 4144
899 4144
898 4145
897 4145
896 4145
895 4145
894 4145
893 4145
892 4145
891 4145
890 4145
889 4145
888 4145
887 4145
886 4145
885 4145
884 4145
883 4145
882 4145
881 4145
880 4146
879 4146
878 4147
877 4147
876 4148
875 4148
874 4149
873 4149
872 4149
871 4149
870 4149
869 4149
868 4149
867 4149
866 4150
865 4150
864 4150
863 4150
862 4151
861 4152
860 4152
859 4152
858 4153
857 4154
856 4154
855 4154
854 4155
853 4156
852 4156
851 4156
850 4157
849 4157
848 4157
847 4157
846 4157
845 4157
844 4157
843 4157
842 4157
841 4157
840 4157
839 4157
838 4157
837 4157
836 4157
835 4157
834 4158
833 4158
832 4158
831 4158
830 4159
829 4159
828 4159
827 4159
826 4159
825 4159
824 4159
823 4159
822 4160
821 4160
820 4160
819 4160
818 4161
817 4161
816 4161
815 4161
814 4161
813 4161
812 4161
811 4161
810 4162
809 4162
808 4163
807 4163
806 4164
805 4164
804 4165
803 4165
802 4165
801 4165
800 4165
799 4165
798 4165
797 4165
796 4165
795 4165
794 4166
793 4166
792 4166
791 4166
790 4167
789 4167
788 4167
787 4167
786 4167
785 4167
784 4167
783 4167
782 4167
781 4167
780 4168
779 4168
778 4168
777 4168
776 4169
775 4169
774 4169
773 4169
772 4169
771 4169
770 4169
769 4169
768 4169
767 4169
766 4169
765 4169
764 4169
763 4169
762 4170
761 4170
760 4170
759 4170
758 4171
757 4171
756 4171
755 4171
754 4171
753 4171
752 4172
751 4172
750 4172
749 4172
748 4173
747 4173
746 4174
745 4174
744 4174
743 4174
742 4175
741 4175
740 4176
739 4176
738 4177
737 4178
736 4179
735 4180
734 4181
734 4182
733 4183
732 4184
731 4184
730 4185
729 4185
728 4185
727 4185
726 4185
725 4185
724 4184
723 4184
722 4184
721 4184
720 4183
719 4183
718 4183
717 4183
716 4183
715 4183
714 4183
713 4183
712 4183
711 4183
710 4183
709 4183
708 4182
707 4182
706 4182
705 4181
704 4180
703 4180
702 4180
701 4180
700 4179
699 4179
698 4179
697 4179
696 4179
695 4179
694 4179
693 4179
692 4179
691 4179
690 4178
689 4178
688 4178
687 4178
686 4177
685 4177
684 4177
683 4177
682 4177
681 4177
680 4177
679 4177
678 4177
677 4177
676 4177
675 4177
674 4177
673 4177
672 4177
671 4177
670 4177
669 4177
668 4177
667 4177
666 4176
665 4176
664 4176
663 4176
662 4175
661 4175
660 4175
659 4175
658 4175
657 4175
656 4175
655 4175
654 4175
653 4175
652 4175
651 4175
650 4175
649 4175
648 4174
647 4174
646 4174
645 4174
644 4173
643 4173
642 4172
641 4172
640 4172
639 4172
638 4171
637 4171
636 4171
635 4171
634 4171
633 4171
632 4171
631 4171
630 4170
629 4170
628 4170
627 4169
626 4168
625 4168
624 4168
623 4168
622 4167
621 4167
620 4166
619 4166
618 4166
617 4165
616 4164
615 4164
614 4164
613 4163
612 4162
611 4162
610 4161
609 4161
608 4160
607 4159
606 4158
605 4158
604 4158
603 4158
602 4157
601 4157
600 4156
599 4156
598 4156
597 4156
596 4155
595 4155
594 4155
593 4155
592 4155
591 4155
590 4155
589 4155
588 4155
587 4155
586 4156
585 4156
584 4157
583 4158
582 4158
582 4159
581 4160
580 4160
580 4161
579 4162
578 4163
577 4164
576 4165
576 4166
575 4167
575 4168
574 4169
574 4170
573 4171
573 4172
573 4173
573 4174
573 4175
573 4176
572 4177
572 4178
572 4179
571 4180
570 4181
570 4182
570 4183
570 4184
569 4185
569 4186
569 4187
569 4188
570 4189
570 4190
571 4191
572 4192
572 4193
573 4193
574 4194
574 4195
575 4195
576 4196
576 4197
577 4197
578 4198
578 4199
579 4199
580 4200
580 4201
581 4201
582 4202
582 4203
583 4203
584 4204
584 4205
585 4205
586 4206
586 4207
587 4208
588 4209
588 4210
589 4211
589 4212
590 4213
590 4214
590 4215
590 4216
591 4217
592 4218
593 4219
594 4220
594 4221
595 4221
596 4222
596 4223
597 4224
598 4225
598 4226
599 4227
599 4228
599 4229
599 4230
599 4231
599 4232
600 4233
600 4234
601 4235
602 4236
602 4237
603 4237
604 4238
604 4239
605 4240
606 4241
606 4242
607 4243
608 4244
609 4245
610 4246
610 4247
611 4247
612 4248
612 4249
613 4249
614 4250
614 4251
615 4251
616 4252
616 4253
617 4254
618 4255
618 4256
619 4257
620 4258
621 4259
622 4260
622 4261
623 4261
624 4262
624 4263
625 4264
626 4265
626 4266
627 4267
627 4268
627 4269
627 4270
627 4271
627 4272
628 4273
628 4274
629 4275
630 4276
630 4277
631 4277
632 4278
632 4279
633 4279
634 4280
634 4281
635 4281
636 4282
636 4283
637 4283
638 4284
638 4285
639 4285
640 4286
640 4287
641 4287
642 4288
642 4289
643 4289
644 4290
644 4291
645 4291
646 4292
646 4293
647 4293
648 4294
648 4295
649 4295
650 4296
650 4297
651 4297
652 4298
652 4299
653 4299
654 4300
654 4301
655 4301
656 4302
656 4303
657 4303
658 4304
658 4305
659 4305
660 4306
660 4307
661 4307
662 4308
663 4309
664 4309
665 4310
666 4310
667 4310
668 4310
669 4311
670 4311
671 4312
672 4313
673 4313
674 4314
675 4315
676 4315
677 4316
678 4316
679 4316
680 4316
681 4316
682 4316
683 4316
684 4316
685 4317
686 4317
687 4317
688 4317
689 4318
690 4318
691 4318
692 4318
693 4318
694 4318
695 4318
696 4318
697 4318
698 4318
699 4318
700 4318
701 4318
702 4318
703 4318
704 4318
705 4318
706 4318
707 4318
708 4318
709 4318
710 4318
711 4318
712 4318
713 4318
714 4318
715 4318
716 4318
717 4318
718 4318
719 4318
720 4318
721 4318
722 4318
723 4318
724 4318
725 4319
726 4319
727 4319
728 4319
729 4320
730 4320
731 4320
732 4320
733 4320
734 4320
735 4320
736 4320
737 4320
738 4320
739 4320
740 4320
741 4320
742 4320
743 4321
744 4321
745 4321
746 4321
747 4322
748 4322
749 4322
750 4322
751 4322
752 4322
753 4322
754 4322
755 4322
756 4322
757 4322
758 4322
759 4322
760 4322
761 4322
762 4322
763 4322
764 4322
765 4322
766 4322
767 4322
768 4322
769 4322
770 4322
771 4322
772 4322
773 4322
774 4322
775 4322
776 4322
777 4322
778 4322
779 4322
780 4322
781 4322
782 4322
783 4322
784 4322
785 4322
786 4322
787 4322
788 4322
789 4322
790 4322
791 4322
792 4322
793 4322
794 4322
795 4322
796 4322
797 4322
798 4322
799 4322
800 4322
801 4322
802 4322
803 4322
804 4322
805 4323
806 4323
807 4323
808 4324
809 4325
810 4325
811 4325
812 4325
813 4326
814 4326
815 4326
816 4326
817 4327
818 4327
819 4327
820 4327
821 4328
822 4328
823 4328
824 4328
825 4328
826 4328
827 4328
828 4328
829 4328
830 4328
831 4328
832 4328
833 4328
834 4328
835 4328
836 4328
837 4328
838 4328
839 4329
840 4329
841 4330
842 4330
843 4331
844 4331
845 4332
846 4332
847 4332
848 4332
849 4332
850 4332
851 4333
852 4333
853 4333
854 4333
855 4334
856 4334
857 4334
858 4334
859 4334
860 4334
861 4334
862 4334
863 4334
864 4334
865 4334
866 4334
867 4334
868 4334
869 4334
870 4334
871 4334
872 4334
873 4334
874 4334
875 4334
876 4334
877 4334
878 4334
879 4334
880 4334
881 4334
882 4334
883 4334
884 4334
885 4333
886 4333
887 4333
888 4333
889 4332
890 4332
891 4331
892 4331
893 4331
894 4331
895 4330
896 4330
897 4330
898 4330
899 4330
900 4330
901 4330
902 4330
903 4330
904 4330
905 4329
906 4329
907 4329
908 4329
909 4328
910 4328
911 4328
912 4328
913 4327
914 4327
915 4327
916 4327
917 4326
918 4326
919 4326
920 4326
921 4325
922 4325
923 4325
924 4325
925 4324
926 4324
927 4324
928 4324
929 4324
930 4324
931 4324
932 4324
933 4324
934 4324
935 4324
936 4324
937 4323
938 4323
939 4323
940 4323
941 4322
942 4321
943 4321
944 4321
945 4320
946 4320
947 4320
948 4320
949 4319
950 4319
951 4319
952 4319
953 4318
954 4318
955 4318
956 4318
957 4318
958 4318
959 4318
960 4318
961 4318
962 4318
963 4317
964 4317
965 4317
966 4317
967 4316
968 4316
969 4315
970 4315
971 4315
972 4315
973 4314
974 4314
975 4314
976 4314
977 4314
978 4314
979 4314
980 4314
981 4314
982 4314
983 4314
984 4314
985 4313
986 4313
987 4313
988 4313
989 4312
990 4312
991 4312
992 4312
993 4312
994 4312
995 4312
996 4312
997 4312
998 4312
999 4312
1000 4312
1001 4312
1002 4312
1003 4312
1004 4312
1005 4312
1006 4312
1007 4312
1008 4312
1009 4312
1010 4312
1011 4312
1012 4312
1013 4312
1014 4312
1015 4312
1016 4312
1017 4312
1018 4312
1019 4312
1020 4312
1021 4312
1022 4312
1023 4311
1024 4311
1025 4311
1026 4311
1027 4310
1028 4310
1029 4310
1030 4310
1031 4310
1032 4310
1033 4309
1034 4309
1035 4309
1036 4309
1037 4308
1038 4307
1039 4306
1040 4306
1041 4305
1042 4305
1043 4304
1044 4303
1045 4302
1046 4301
1047 4301
1048 4300
1049 4299
1050 4299
1051 4298
1052 4297
1053 4297
1054 4297
1055 4296
1056 4296
1057 4296
1058 4296
1059 4296
1060 4296
1061 4296
1062 4296
1063 4297
1064 4297
1065 4297
1066 4297
1067 4298
1068 4298
1069 4299
1070 4299
1071 4299
1072 4300
1073 4301
1074 4301
1075 4302
1076 4302
1077 4303
1078 4304
1079 4305
1080 4305
1081 4306
1082 4306
1083 4307
1084 4307
1085 4308
1086 4308
1087 4308
1088 4308
1089 4308
1090 4308
1091 4308
1092 4308
1093 4308
1094 4308
1095 4308
1096 4308
1097 4307
1098 4307
1099 4307
1100 4307
1101 4306
1102 4306
1103 4306
1104 4306
1105 4306
1106 4306
1107 4305
1108 4305
1109 4305
1110 4305
1111 4304
1112 4304
1113 4303
1114 4303
1115 4303
1116 4303
1117 4302
1118 4301
1119 4301
1120 4301
1121 4300
1122 4300
1123 4299
1124 4299
1125 4299
1126 4299
1127 4298
1128 4298
1129 4297
1130 4297
1131 4297
1132 4297
1133 4296
1134 4296
1135 4296
1136 4296
1137 4295
1138 4295
1139 4295
1140 4295
1141 4294
1142 4294
1143 4294
1144 4294
1145 4294
1146 4294
1147 4294
1148 4294
1149 4294
1150 4294
1151 4294
1152 4294
1153 4294
1154 4294
1155 4294
1156 4294
1157 4294
1158 4294
1159 4293
1160 4293
1161 4293
1162 4293
1163 4292
1164 4291
1165 4290
1166 4290
1167 4289
1168 4289
1169 4288
1170 4288
1171 4288
1172 4288
1173 4288
1174 4288
1175 4287
1176 4287
1177 4287
1178 4287
1179 4286
1180 4286
1181 4285
1182 4285
1183 4284
1183 4283
1184 4282
1184 4281
1184 4280
1184 4279
1184 4278
1184 4277
1184 4276
1184 4275
1184 4274
1184 4273
1184 4272
1184 4271
1184 4270
1184 4269
1184 4268
1184 4267
1185 4266
1185 4265
1185 4264
1185 4263
1186 4262
1186 4261
1186 4260
1186 4259
1186 4258
1186 4257
1186 4256
1186 4255
1186 4254
1186 4253
1186 4252
1186 4251
1186 4250
1186 4249
1186 4248
1186 4247
1186 4246
1186 4245
1186 4244
1186 4243
1186 4242
1186 4241
1185 4240
1185 4239
1185 4238
1185 4237
1184 4236
1184 4235
1184 4234
1184 4233
1184 4232
1184 4231
1183 4230
1183 4229
1182 4228
1181 4227
1181 4226
1180 4226
1179 4225
1179 4224
1178 4224
1177 4223
1177 4222
1176 4222
1175 4221
1174 4220
1173 4220
1172 4219
1171 4219
1170 4218
1169 4218
1168 4217
1167 4216
1166 4216
1165 4215
1165 4214
1164 4214
1163 4213
1163 4212
1162 4212
1161 4211
1161 4210
1160 4210
1159 4209
1159 4208
1158 4208
1157 4207
1157 4206
1156 4206
1155 4205
1155 4204
1154 4204
1153 4203
1153 4202
1152 4201
1151 4200
1151 4199
1150 4198
1149 4197
1148 4196
1147 4195
1147 4194
1146 4194
1145 4193
1144 4192
1143 4191
1142 4190
1141 4190
1140 4189
1139 4188
1138 4188
1137 4187
1137 4186
1136 4186
1135 4185
1134 4184
1133 4183
1132 4182
1131 4182
1130 4182
1129 4181
1128 4180
1127 4180
1126 4179
1125 4179
1124 4178
1123 4178
1122 4177
1121 4177
1120 4176
1119 4176
1118 4175
1117 4175
1116 4174
1115 4173
1114 4172
1113 4172
1112 4172
1111 4172
1110 4171
1109 4171
1108 4171
1107 4171
1106 4171
1105 4171
1104 4171
1103 4171
1102 4171
1101 4171
1100 4171
1099 4171
1098 4171
1097 4171
1096 4171
1095 4171
1094 4171
1093 4171
1092 4171
1091 4171
1090 4171
1089 4171
1088 4171
1087 4171
1086 4171
1085 4171
1084 4171
1083 4171
1082 4171
1081 4171
1080 4171
1079 4171
1078 4171
1077 4171
1076 4171
1075 4171
1074 4171
1073 4171
1072 4171
1071 4171
1070 4170
1069 4170
1068 4170
1067 4170
1066 4169
1065 4169
1064 4169
1063 4169
1062 4169
1061 4169
1060 4169
1059 4169
1058 4169
1057 4169
1056 4169
1055 4169
1054 4168
1053 4168
1052 4168
1051 4168
1050 4167
1049 4167
1048 4166
1047 4166
1046 4166
1045 4166
1044 4165
1043 4165
1042 4165
1041 4165
1040 4164
1039 4164
1038 4164
1037 4163
1036 4162
1035 4162
1034 4162
1033 4162
1032 4161
1031 4161
1030 4160
1029 4160
1028 4159
1027 4159
1026 4158
1025 4158
1024 4157
1023 4157
1022 4156
1021 4156
1020 4156
1019 4155
1018 4154
1017 4154
1016 4153
1015 4152
1014 4152
1013 4151
1013 4150
1012 4150
1011 4149
1011 4148
1010 4148
1009 4147
1008 4146
1007 4146
1006 4145
1005 4145
1004 4145
1003 4145
1002 4144
1001 4144
1000 4144
999 4144
998 4143
997 4143
996 4143
995 4143
994 4143
993 4143
992 4143
991 4143
990 4144
989 4144
988 4144
987 4144
986 4145
985 4145
984 4145
983 4145
982 4145
981 4145
980 4145
979 4145
978 4145
977 4145
976 4145
975 4145
974 4144
973 4144
972 4144
971 4144
970 4143
969 4143
968 4143
967 4143
966 4143
965 4143
964 4142
963 4142
962 4142
961 4142
960 4141
959 4141
958 4141
957 4141
956 4141
955 4141
954 4141
953 4141
952 4141
951 4141
950 4141
949 4141
948 4141
947 4141
946 4141
945 4141
944 4141
943 4141
942 4141
941 4141
940 4141
939 4141
938 4141
937 4141
936 4141
935 4141
934 4141
933 4141
932 4141
931 4141
930 4141
929 4141
928 4141
927 4141
926 4141
925 4141
924 4141
923 4141
922 4141
921 4141
920 4141
919 4141
918 4141
917 4141
916 4141
915 4141
