2183 4211
2182 4212
2181 4212
2180 4212
2179 4212
2178 4213
2177 4213
2176 4213
2175 4213
2174 4213
2173 4213
2172 4213
2171 4213
2170 4213
2169 4213
2168 4213
2167 4213
2166 4213
2165 4213
2164 4213
2163 4213
2162 4213
2161 4213
2160 4213
2159 4213
2158 4213
2157 4213
2156 4213
2155 4213
2154 4213
2153 4213
2152 4214
2151 4214
2150 4214
2149 4214
2148 4215
2147 4215
2146 4216
2145 4216
2144 4216
2143 4216
2142 4217
2141 4218
2140 4218
2139 4218
2138 4219
2137 4219
2136 4219
2135 4219
2134 4219
2133 4219
2132 4219
2131 4219
2130 4220
2129 4220
2128 4220
2127 4220
2126 4221
2125 4222
2124 4222
2123 4222
2122 4223
2121 4223
2120 4223
2119 4223
2118 4223
2117 4223
2116 4223
2115 4223
2114 4223
2113 4223
2112 4223
2111 4223
2110 4223
2109 4223
2108 4223
2107 4223
2106 4224
2105 4224
2104 4224
2103 4224
2102 4225
2101 4225
2100 4225
2099 4225
2098 4225
2097 4225
2096 4225
2095 4225
2094 4225
2093 4225
2092 4225
2091 4225
2090 4225
2089 4225
2088 4225
2087 4225
2086 4224
2085 4224
2084 4224
2083 4224
2082 4223
2081 4223
2080 4223
2079 4223
2078 4222
2077 4222
2076 4222
2075 4222
2074 4221
2073 4221
2072 4221
2071 4221
2070 4221
2069 4221
2068 4221
2067 4221
2066 4221
2065 4221
2064 4221
2063 4221
2062 4222
2061 4222
2060 4222
2059 4222
2058 4223
2057 4223
2056 4223
2055 4223
2054 4223
2053 4223
2052 4223
2051 4223
2050 4223
2049 4223
2048 4223
2047 4223
2046 4223
2045 4223
2044 4223
2043 4223
2042 4223
2041 4223
2040 4223
2039 4223
2038 4223
2037 4223
2036 4223
2035 4223
2034 4223
2033 4223
2032 4223
2031 4223
2030 4223
2029 4223
2028 4223
2027 4223
2026 4223
2025 4223
2024 4223
2023 4223
2022 4223
2021 4223
2020 4223
2019 4223
2018 4223
2017 4223
2016 4223
2015 4223
2014 4224
2013 4224
2012 4224
2011 4224
2010 4225
2009 4225
2008 4225
2007 4225
2006 4225
2005 4225
2004 4226
2003 4226
2002 4226
2001 4226
2000 4227
1999 4227
1998 4227
1997 4227
1996 4227
1995 4227
1994 4227
1993 4227
1992 4227
1991 4227
1990 4227
1989 4227
1988 4227
1987 4227
1986 4227
1985 4227
1984 4227
1983 4227
1982 4228
1981 4228
1980 4228
1979 4228
1978 4229
1977 4229
1976 4229
1975 4229
1974 4229
1973 4229
1972 4229
1971 4229
1970 4230
1969 4230
1968 4230
1967 4230
1966 4231
1965 4231
1964 4231
1963 4231
1962 4232
1961 4232
1960 4232
1959 4232
1958 4233
1957 4233
1956 4233
1955 4233
1954 4233
1953 4233
1952 4233
1951 4233
1950 4233
1949 4233
1948 4233
1947 4233
1946 4233
1945 4233
1944 4234
1943 4234
1942 4234
1941 4234
1940 4235
1939 4235
1938 4236
1937 4236
1936 4236
1935 4236
1934 4237
1933 4237
1932 4237
1931 4237
1930 4237
1929 4237
1928 4237
1927 4237
1926 4237
1925 4237
1924 4237
1923 4237
1922 4237
1921 4237
1920 4237
1919 4237
1918 4237
1917 4237
1916 4237
1915 4237
1914 4237
1913 4237
1912 4236
1911 4236
1910 4236
1909 4236
1908 4235
1907 4235
1906 4235
1905 4235
1904 4235
1903 4235
1902 4235
1901 4235
1900 4236
1899 4236
1898 4236
1897 4236
1896 4237
1895 4237
1894 4237
1893 4237
1892 4237
1891 4237
1890 4237
1889 4237
1888 4237
1887 4237
1886 4237
1885 4237
1884 4237
1883 4237
1882 4237
1881 4237
1880 4238
1879 4238
1878 4238
1877 4238
1876 4239
1875 4239
1874 4239
1873 4239
1872 4240
1871 4240
1870 4241
1869 4242
1868 4242
1868 4243
1867 4244
1866 4244
1865 4245
1864 4246
1863 4246
1862 4247
1861 4247
1860 4247
1859 4247
1858 4247
1857 4247
1856 4247
1855 4247
1854 4248
1853 4248
1852 4248
1851 4248
1850 4249
1849 4250
1848 4250
1847 4250
1846 4251
1845 4251
1844 4251
1843 4251
1842 4251
1841 4251
1840 4251
1839 4251
1838 4251
1837 4251
1836 4251
1835 4251
1834 4250
1833 4250
1832 4250
1831 4250
1830 4249
1829 4249
1828 4249
1827 4249
1826 4250
1825 4250
1824 4250
1823 4250
1822 4251
1821 4251
1820 4251
1819 4251
1818 4251
1817 4251
1816 4251
1815 4251
1814 4251
1813 4251
1812 4251
1811 4251
1810 4252
1809 4252
1808 4252
1807 4252
1806 4253
1805 4253
1804 4253
1803 4253
1802 4253
1801 4253
1800 4252
1799 4252
1798 4252
1797 4252
1796 4251
1795 4251
1794 4251
1793 4251
1792 4251
1791 4251
1790 4251
1789 4251
1788 4251
1787 4251
1786 4251
1785 4251
1784 4251
1783 4251
1782 4252
1781 4252
1780 4253
1779 4253
1778 4254
1777 4254
1776 4255
1775 4256
1774 4257
1773 4257
1772 4258
1771 4258
1770 4259
1769 4259
1768 4259
1767 4259
1766 4259
1765 4259
1764 4259
1763 4259
1762 4259
1761 4259
1760 4259
1759 4259
1758 4259
1757 4259
1756 4259
1755 4259
1754 4258
1753 4258
1752 4258
1751 4257
1750 4256
1749 4256
1748 4256
1747 4256
1746 4255
1745 4255
1744 4255
1743 4255
1742 4255
1741 4255
1740 4256
1739 4256
1738 4257
1737 4258
1736 4258
1736 4259
1735 4260
1734 4260
1734 4261
1733 4262
1732 4263
1731 4264
1730 4265
1730 4266
1729 4267
1729 4268
1728 4269
1728 4270
1727 4271
1727 4272
1726 4273
1726 4274
1725 4275
1724 4276
1724 4277
1723 4278
1722 4279
1721 4280
1720 4281
1720 4282
1719 4283
1719 4284
1718 4285
1717 4286
1716 4287
1716 4288
1716 4289
1716 4290
1715 4291
1715 4292
1715 4293
1715 4294
1714 4295
1714 4296
1714 4297
1713 4298
1712 4299
1711 4300
1710 4301
1709 4301
1708 4301
1707 4301
1706 4301
1705 4301
1704 4302
1703 4302
1702 4303
1701 4304
1700 4304
1700 4305
1699 4306
1698 4306
1698 4307
1697 4308
1696 4308
1696 4309
1695 4310
1694 4311
1694 4312
1693 4313
1693 4314
1693 4315
1693 4316
1693 4317
1693 4318
1693 4319
1693 4320
1692 4321
1692 4322
1692 4323
1692 4324
1691 4325
1691 4326
1691 4327
1691 4328
1690 4329
1690 4330
1690 4331
1690 4332
1689 4333
1689 4334
1689 4335
1689 4336
1688 4337
1688 4338
1688 4339
1687 4340
1686 4341
1686 4342
1686 4343
1686 4344
1685 4345
1685 4346
1685 4347
1685 4348
1685 4349
1685 4350
1685 4351
1685 4352
1684 4353
1684 4354
1684 4355
1684 4356
1683 4357
1683 4358
1683 4359
1683 4360
1683 4361
1683 4362
1683 4363
1683 4364
1683 4365
1683 4366
1683 4367
1683 4368
1683 4369
1683 4370
1684 4371
1684 4372
1684 4373
1684 4374
1685 4375
1686 4376
1687 4377
1688 4378
1688 4379
1689 4379
1690 4380
1690 4381
1691 4381
1692 4382
1693 4383
1694 4384
1695 4385
1696 4385
1697 4386
1698 4386
1699 4387
1700 4388
1701 4389
1702 4389
1703 4390
1704 4391
1705 4391
1706 4392
1706 4393
1707 4393
1708 4394
1708 4395
1709 4395
1710 4396
1711 4397
1712 4397
1713 4398
1714 4398
1715 4398
1716 4398
1717 4399
1718 4399
1719 4400
1720 4400
1721 4401
1722 4401
1723 4402
1724 4402
1725 4403
1726 4403
1727 4404
1728 4404
1729 4405
1730 4406
1731 4407
1732 4407
1733 4407
1734 4408
1735 4409
1736 4409
1737 4409
1738 4410
1739 4411
1740 4411
1741 4412
1742 4413
1743 4413
1744 4414
1745 4415
1746 4415
1747 4416
1748 4416
1749 4416
1750 4416
1751 4416
1752 4416
1753 4417
1754 4417
1755 4418
1756 4418
1757 4419
1758 4419
1759 4420
1760 4420
1761 4420
1762 4420
1763 4420
1764 4420
1765 4421
1766 4421
1767 4422
1768 4422
1769 4423
1770 4423
1771 4424
1772 4424
1773 4424
1774 4424
1775 4424
1776 4424
1777 4424
1778 4424
1779 4425
1780 4425
1781 4425
1782 4425
1783 4426
1784 4426
1785 4426
1786 4426
1787 4426
1788 4426
1789 4426
1790 4426
1791 4426
1792 4426
1793 4426
1794 4426
1795 4426
1796 4426
1797 4426
1798 4426
1799 4426
1800 4426
1801 4427
1802 4427
1803 4427
1804 4427
1805 4428
1806 4428
1807 4429
1808 4429
1809 4429
1810 4429
1811 4430
1812 4430
1813 4430
1814 4430
1815 4430
1816 4430
1817 4430
1818 4430
1819 4430
1820 4430
1821 4430
1822 4430
1823 4431
1824 4431
1825 4431
1826 4432
1827 4433
1828 4433
1829 4433
1830 4433
1831 4434
1832 4434
1833 4434
1834 4434
1835 4434
1836 4434
1837 4434
1838 4434
1839 4435
1840 4435
1841 4435
1842 4435
1843 4436
1844 4436
1845 4436
1846 4436
1847 4436
1848 4436
1849 4436
1850 4436
1851 4436
1852 4436
1853 4436
1854 4436
1855 4436
1856 4436
1857 4436
1858 4436
1859 4436
1860 4436
1861 4436
1862 4436
1863 4436
1864 4436
1865 4436
1866 4436
1867 4436
1868 4436
1869 4436
1870 4436
1871 4436
1872 4436
1873 4435
1874 4434
1875 4433
1876 4432
1877 4431
1878 4430
1879 4429
1880 4429
1881 4428
1882 4428
1883 4428
1884 4428
1885 4428
1886 4428
1887 4428
1888 4428
1889 4428
1890 4428
1891 4428
1892 4428
1893 4428
1894 4428
1895 4427
1896 4427
1897 4426
1898 4426
1899 4425
1900 4425
1901 4424
1902 4424
1903 4424
1904 4424
1905 4425
1906 4425
1907 4426
1908 4427
1909 4427
1910 4428
1911 4429
1912 4429
1913 4430
1914 4430
1915 4430
1916 4430
1917 4430
1918 4430
1919 4430
1920 4430
1921 4430
1922 4430
1923 4430
1924 4430
1925 4430
1926 4430
1927 4430
1928 4430
1929 4430
1930 4430
1931 4430
1932 4430
1933 4430
1934 4430
1935 4430
1936 4430
1937 4430
1938 4430
1939 4430
1940 4430
1941 4430
1942 4430
1943 4430
1944 4430
1945 4430
1946 4430
1947 4430
1948 4430
1949 4430
1950 4430
1951 4430
1952 4430
1953 4430
1954 4430
1955 4429
1956 4429
1957 4428
1958 4428
1959 4427
1960 4427
1961 4426
1962 4426
1963 4426
1964 4426
1965 4426
1966 4426
1967 4426
1968 4426
1969 4425
1970 4425
1971 4425
1972 4425
1973 4424
1974 4424
1975 4424
1976 4424
1977 4424
1978 4424
1979 4424
1980 4424
1981 4424
1982 4424
1983 4424
1984 4424
1985 4424
1986 4424
1987 4424
1988 4424
1989 4424
1990 4424
1991 4424
1992 4424
1993 4424
1994 4424
1995 4425
1996 4425
1997 4425
1998 4425
1999 4426
2000 4426
2001 4426
2002 4426
2003 4426
2004 4426
2005 4426
2006 4426
2007 4426
2008 4426
2009 4425
2010 4425
2011 4425
2012 4425
2013 4424
2014 4424
2015 4424
2016 4424
2017 4424
2018 4424
2019 4424
2020 4424
2021 4425
2022 4425
2023 4425
2024 4425
2025 4426
2026 4426
2027 4426
2028 4426
2029 4426
2030 4426
2031 4426
2032 4426
2033 4427
2034 4427
2035 4427
2036 4427
2037 4428
2038 4428
2039 4429
2040 4429
2041 4430
2042 4430
2043 4431
2044 4432
2045 4433
2046 4433
2047 4433
2048 4433
2049 4434
2050 4434
2051 4434
2052 4434
2053 4434
2054 4434
2055 4435
2056 4435
2057 4435
2058 4435
2059 4436
2060 4436
2061 4436
2062 4436
2063 4436
2064 4436
2065 4436
2066 4436
2067 4436
2068 4436
2069 4436
2070 4436
2071 4436
2072 4436
2073 4436
2074 4436
2075 4435
2076 4435
2077 4435
2078 4435
2079 4434
2080 4434
2081 4434
2082 4434
2083 4434
2084 4434
2085 4434
2086 4434
2087 4434
2088 4434
2089 4434
2090 4434
2091 4434
2092 4434
2093 4435
2094 4435
2095 4435
2096 4435
2097 4436
2098 4436
2099 4436
2100 4436
2101 4436
2102 4436
2103 4436
2104 4436
2105 4436
2106 4436
2107 4436
2108 4436
2109 4436
2110 4436
2111 4436
2112 4436
2113 4436
2114 4436
2115 4436
2116 4436
2117 4436
2118 4436
2119 4436
2120 4436
2121 4436
2122 4436
2123 4436
2124 4436
2125 4436
2126 4436
2127 4436
2128 4436
2129 4436
2130 4436
2131 4436
2132 4436
2133 4436
2134 4436
2135 4435
2136 4435
2137 4435
2138 4435
2139 4434
2140 4434
2141 4434
2142 4434
2143 4433
2144 4433
2145 4433
2146 4433
2147 4432
2148 4432
2149 4431
2150 4431
2151 4431
2152 4431
2153 4430
2154 4430
2155 4430
2156 4430
2157 4430
2158 4430
2159 4430
2160 4430
2161 4430
2162 4430
2163 4430
2164 4430
2165 4430
2166 4430
2167 4429
2168 4429
2169 4429
2170 4429
2171 4428
2172 4428
2173 4428
2174 4428
2175 4428
2176 4428
2177 4428
2178 4428
2179 4428
2180 4428
2181 4428
2182 4428
2183 4428
2184 4428
2185 4428
2186 4428
2187 4427
2188 4427
2189 4427
2190 4427
2191 4426
2192 4426
2193 4426
2194 4426
2195 4426
2196 4426
2197 4426
2198 4426
2199 4426
2200 4426
2201 4426
2202 4426
2203 4426
2204 4426
2205 4426
2206 4426
2207 4426
2208 4426
2209 4426
2210 4426
2211 4425
2212 4425
2213 4425
2214 4425
2215 4424
2216 4424
2217 4424
2218 4424
2219 4424
2220 4424
2221 4424
2222 4424
2223 4424
2224 4424
2225 4424
2226 4424
2227 4423
2228 4423
2229 4423
2230 4423
2231 4422
2232 4422
2233 4422
2234 4422
2235 4422
2236 4422
2237 4422
2238 4422
2239 4422
2240 4422
2241 4422
2242 4422
2243 4422
2244 4422
2245 4422
2246 4422
2247 4421
2248 4421
2249 4421
2250 4421
2251 4420
2252 4420
2253 4420
2254 4420
2255 4420
2256 4420
2257 4420
2258 4420
2259 4420
2260 4420
2261 4420
2262 4420
2263 4420
2264 4420
2265 4420
2266 4420
2267 4420
2268 4420
2269 4420
2270 4420
2271 4420
2272 4420
2273 4420
2274 4420
2275 4420
2276 4420
2277 4420
2278 4420
2279 4420
2280 4420
2281 4420
2282 4420
2283 4420
2284 4420
2285 4420
2286 4420
2287 4420
2288 4420
2289 4420
2290 4420
2291 4420
2292 4420
2293 4420
2294 4420
2295 4420
2296 4420
2297 4420
2298 4420
2299 4420
2300 4420
2301 4421
2302 4421
2303 4421
2304 4421
2305 4422
2306 4422
2307 4422
2308 4422
2309 4422
2310 4422
2311 4422
2312 4422
2313 4422
2314 4422
2315 4422
2316 4422
2317 4422
2318 4422
2319 4422
2320 4422
2321 4422
2322 4422
2323 4422
2324 4422
2325 4421
2326 4421
2327 4420
2328 4420
2329 4419
2330 4419
2331 4418
2332 4418
2333 4418
2334 4418
2335 4418
2336 4418
2337 4418
2338 4418
2339 4417
2340 4417
2341 4416
2342 4415
2343 4415
2343 4414
2344 4413
2345 4413
2345 4412
2346 4411
2347 4411
2347 4410
2348 4409
2349 4409
2350 4408
2351 4407
2352 4407
2353 4406
2354 4406
2355 4406
2356 4406
2357 4406
2358 4406
2359 4406
2360 4406
2361 4406
2362 4406
2363 4405
2364 4405
2365 4405
2366 4405
2367 4404
2368 4404
2369 4403
2370 4403
2371 4402
2372 4401
2373 4400
2373 4399
2374 4398
2374 4397
2375 4396
2375 4395
2375 4394
2375 4393
2376 4392
2376 4391
2376 4390
2376 4389
2376 4388
2376 4387
2376 4386
2376 4385
2377 4384
2377 4383
2377 4382
2377 4381
2378 4380
2378 4379
2379 4378
2379 4377
2379 4376
2379 4375
2380 4374
2380 4373
2380 4372
2380 4371
2380 4370
2380 4369
2380 4368
2380 4367
2380 4366
2380 4365
2380 4364
2380 4363
2380 4362
2380 4361
2380 4360
2380 4359
2380 4358
2380 4357
2380 4356
2380 4355
2380 4354
2380 4353
2380 4352
2380 4351
2380 4350
2380 4349
2380 4348
2380 4347
2380 4346
2380 4345
2381 4344
2381 4343
2381 4342
2381 4341
2382 4340
2382 4339
2382 4338
2382 4337
2382 4336
2382 4335
2383 4334
2383 4333
2384 4332
2384 4331
2385 4330
2386 4329
2387 4328
2387 4327
2387 4326
2387 4325
2388 4324
2388 4323
2388 4322
2388 4321
2388 4320
2388 4319
2388 4318
2388 4317
2388 4316
2388 4315
2388 4314
2388 4313
2388 4312
2388 4311
2388 4310
2388 4309
2388 4308
2388 4307
2388 4306
2388 4305
2388 4304
2388 4303
2389 4302
2389 4301
2389 4300
2389 4299
2390 4298
2390 4297
2390 4296
2390 4295
2390 4294
2390 4293
2390 4292
2390 4291
2390 4290
2390 4289
2390 4288
2390 4287
2389 4286
2389 4285
2388 4284
2387 4283
2387 4282
2386 4281
2385 4280
2385 4279
2384 4278
2383 4277
2383 4276
2383 4275
2382 4274
2381 4273
2381 4272
2381 4271
2380 4270
2379 4269
2378 4268
2377 4267
2377 4266
2376 4266
2375 4265
2375 4264
2374 4264
2373 4263
2373 4262
2372 4262
2371 4261
2371 4260
2370 4260
2369 4259
2369 4258
2368 4258
2367 4257
2367 4256
2366 4256
2365 4255
2365 4254
2364 4254
2363 4253
2363 4252
2362 4251
2361 4250
2361 4249
2360 4248
2360 4247
2359 4246
2359 4245
2358 4244
2357 4243
2356 4242
2355 4241
2354 4240
2353 4240
2352 4240
2351 4239
2350 4238
2349 4238
2348 4238
2347 4238
2346 4237
2345 4237
2344 4236
2343 4236
2342 4236
2341 4236
2340 4235
2339 4235
2338 4235
2337 4235
2336 4235
2335 4235
2334 4235
2333 4235
2332 4234
2331 4234
2330 4233
2329 4233
2328 4232
2327 4231
2326 4230
2325 4230
2324 4230
2323 4229
2322 4228
2321 4228
2320 4228
2319 4228
2318 4227
2317 4227
2316 4226
2315 4226
2314 4226
2313 4226
2312 4225
2311 4225
2310 4225
2309 4225
2308 4225
2307 4225
2306 4224
2305 4224
2304 4224
2303 4224
2302 4223
2301 4223
2300 4223
2299 4223
2298 4223
2297 4223
2296 4222
2295 4222
2294 4221
2293 4221
2292 4220
2291 4219
2290 4218
2289 4218
2288 4218
2287 4218
2286 4217
2285 4217
2284 4217
2283 4217
2282 4217
2281 4217
2280 4217
2279 4217
2278 4217
2277 4217
2276 4218
2275 4218
2274 4219
2273 4219
2272 4220
2271 4220
2270 4221
2269 4221
2268 4221
2267 4221
2266 4221
2265 4221
2264 4221
2263 4221
2262 4220
2261 4220
2260 4220
2259 4219
2258 4218
2257 4218
2256 4217
2255 4216
2254 4216
2253 4215
2252 4214
2251 4214
2250 4213
2249 4213
2248 4212
2247 4212
2246 4212
2245 4212
2244 4211
2243 4211
2242 4211
2241 4211
2240 4211
2239 4211
2238 4211
2237 4211
2236 4212
2235 4212
2234 4212
2233 4212
2232 4213
2231 4213
2230 4213
2229 4213
2228 4212
2227 4212
2226 4212
2225 4212
2224 4211
2223 4211
2222 4211
2221 4211
2220 4211
2219 4211
2218 4211
2217 4211
2216 4211
2215 4211
2214 4211
2213 4211
2212 4211
2211 4211
2210 4211
2209 4211
2208 4211
2207 4211
2206 4211
2205 4211
2204 4211
2203 4211
2202 4211
2201 4211
2200 4211
2199 4211
2198 4211
2197 4211
2196 4211
2195 4211
2194 4211
2193 4211
2192 4211
2191 4211
2190 4211
2189 4211
2188 4211
2187 4211
2186 4211
2185 4211
2184 4211
2183 4211
