955 1871
954 1872
953 1872
952 1872
951 1872
950 1873
949 1873
948 1873
947 1873
946 1873
945 1873
944 1873
943 1873
942 1874
941 1874
940 1874
939 1874
938 1875
937 1875
936 1874
935 1874
934 1874
933 1874
932 1873
931 1873
930 1873
929 1873
928 1874
927 1874
926 1874
925 1874
924 1875
923 1876
922 1876
921 1876
920 1877
919 1877
918 1878
917 1878
916 1879
915 1879
914 1880
913 1880
912 1881
911 1881
910 1882
909 1882
908 1883
907 1883
906 1884
905 1884
904 1885
903 1886
902 1887
901 1887
900 1888
899 1888
898 1889
897 1890
896 1890
895 1890
894 1891
893 1892
892 1892
891 1892
890 1893
889 1893
888 1893
887 1893
886 1893
885 1893
884 1893
883 1893
882 1893
881 1893
880 1893
879 1893
878 1893
877 1893
876 1893
875 1893
874 1893
873 1893
872 1893
871 1893
870 1893
869 1893
868 1893
867 1893
866 1893
865 1893
864 1894
863 1894
862 1894
861 1894
860 1895
859 1896
858 1897
857 1898
856 1898
855 1899
854 1900
853 1900
852 1901
851 1902
850 1903
849 1904
848 1904
848 1905
847 1906
846 1907
846 1908
845 1909
845 1910
845 1911
845 1912
845 1913
845 1914
845 1915
845 1916
845 1917
845 1918
846 1919
846 1920
846 1921
846 1922
847 1923
847 1924
847 1925
847 1926
847 1927
847 1928
847 1929
847 1930
847 1931
847 1932
847 1933
847 1934
847 1935
847 1936
847 1937
847 1938
847 1939
847 1940
846 1941
846 1942
845 1943
845 1944
844 1945
844 1946
843 1947
843 1948
842 1949
842 1950
842 1951
841 1952
840 1953
840 1954
840 1955
840 1956
839 1957
839 1958
839 1959
839 1960
839 1961
839 1962
839 1963
839 1964
839 1965
839 1966
839 1967
839 1968
839 1969
839 1970
839 1971
839 1972
840 1973
840 1974
841 1975
842 1976
843 1977
844 1977
845 1978
846 1978
847 1978
848 1978
849 1979
850 1979
851 1979
852 1979
853 1980
854 1980
855 1980
856 1980
857 1980
858 1980
859 1981
860 1981
861 1981
862 1981
863 1982
864 1982
865 1982
866 1982
867 1983
868 1983
869 1983
870 1983
871 1984
872 1984
873 1985
874 1985
875 1985
876 1985
877 1986
878 1986
879 1986
880 1986
881 1986
882 1986
883 1986
884 1986
885 1986
886 1986
887 1985
888 1985
889 1985
890 1985
891 1984
892 1983
893 1983
894 1983
895 1982
896 1982
897 1981
898 1981
899 1981
900 1981
901 1980
902 1980
903 1979
904 1979
905 1979
906 1979
907 1978
908 1978
909 1978
910 1978
911 1977
912 1977
913 1977
914 1977
915 1976
916 1975
917 1975
918 1975
919 1974
920 1973
921 1973
922 1973
923 1972
924 1972
925 1971
926 1971
927 1971
928 1971
929 1970
930 1970
931 1970
932 1970
933 1970
934 1970
935 1970
936 1970
937 1969
938 1969
939 1969
940 1969
941 1968
942 1968
943 1968
944 1968
945 1968
946 1968
947 1967
948 1967
949 1967
950 1967
951 1966
952 1966
953 1966
954 1966
955 1965
956 1965
957 1965
958 1965
959 1964
960 1964
961 1964
962 1964
963 1963
964 1963
965 1963
966 1963
967 1962
968 1962
969 1962
970 1962
971 1962
972 1962
973 1962
974 1962
975 1962
976 1962
977 1961
978 1961
979 1961
980 1961
981 1960
982 1960
983 1960
984 1960
985 1960
986 1960
987 1960
988 1960
989 1959
990 1959
991 1959
992 1959
993 1958
994 1958
995 1958
996 1958
997 1958
998 1958
999 1958
1000 1958
1001 1958
1002 1958
1003 1958
1004 1958
1005 1958
1006 1958
1007 1958
1008 1958
1009 1958
1010 1958
1011 1957
1012 1957
1013 1957
1014 1957
1015 1956
1016 1956
1017 1956
1018 1956
1019 1956
1020 1956
1021 1956
1022 1956
1023 1956
1024 1956
1025 1956
1026 1956
1027 1956
1028 1956
1029 1956
1030 1956
1031 1956
1032 1956
1033 1956
1034 1956
1035 1956
1036 1956
1037 1957
1038 1957
1039 1957
1040 1957
1041 1958
1042 1958
1043 1958
1044 1958
1045 1958
1046 1958
1047 1958
1048 1958
1049 1958
1050 1958
1051 1958
1052 1958
1053 1958
1054 1958
1055 1958
1056 1958
1057 1958
1058 1958
1059 1958
1060 1958
1061 1958
1062 1958
1063 1958
1064 1958
1065 1958
1066 1958
1067 1958
1068 1958
1069 1958
1070 1958
1071 1958
1072 1958
1073 1958
1074 1958
1075 1958
1076 1958
1077 1958
1078 1958
1079 1958
1080 1958
1081 1958
1082 1958
1083 1959
1084 1959
1085 1959
1086 1959
1087 1960
1088 1960
1089 1960
1090 1960
1091 1960
1092 1960
1093 1959
1094 1959
1095 1959
1096 1959
1097 1958
1098 1958
1099 1958
1100 1958
1101 1958
1102 1958
1103 1958
1104 1958
1105 1958
1106 1958
1107 1958
1108 1958
1109 1958
1110 1958
1111 1958
1112 1958
1113 1958
1114 1958
1115 1958
1116 1958
1117 1958
1118 1958
1119 1958
1120 1958
1121 1958
1122 1958
1123 1958
1124 1958
1125 1959
1126 1959
1127 1959
1128 1959
1129 1960
1130 1960
1131 1960
1132 1960
1133 1959
1134 1959
1135 1959
1136 1959
1137 1958
1138 1958
1139 1958
1140 1958
1141 1958
1142 1958
1143 1957
1144 1957
1145 1957
1146 1957
1147 1956
1148 1955
1149 1954
1149 1953
1150 1952
1150 1951
1150 1950
1150 1949
1150 1948
1150 1947
1151 1946
1151 1945
1152 1944
1153 1943
1153 1942
1154 1941
1155 1941
1156 1940
1157 1939
1158 1939
1159 1938
1160 1937
1161 1936
1162 1935
1163 1935
1163 1934
1164 1933
1165 1933
1165 1932
1166 1931
1167 1931
1167 1930
1168 1929
1169 1929
1169 1928
1170 1927
1171 1926
1171 1925
1171 1924
1171 1923
1170 1922
1169 1921
1169 1920
1168 1920
1167 1919
1167 1918
1166 1918
1165 1917
1165 1916
1164 1916
1163 1915
1162 1914
1161 1914
1160 1913
1159 1913
1158 1912
1157 1912
1156 1912
1155 1911
1154 1910
1153 1910
1152 1910
1151 1910
1150 1909
1149 1909
1148 1908
1147 1908
1146 1908
1145 1908
1144 1907
1143 1907
1142 1907
1141 1907
1140 1907
1139 1907
1138 1906
1137 1906
1136 1905
1135 1905
1134 1904
1133 1904
1132 1903
1131 1903
1130 1903
1129 1903
1128 1903
1127 1903
1126 1902
1125 1902
1124 1902
1123 1902
1122 1901
1121 1901
1120 1900
1119 1900
1118 1899
1117 1898
1116 1898
1115 1897
1114 1896
1113 1895
1112 1894
1111 1894
1110 1894
1109 1893
1108 1892
1107 1892
1106 1892
1105 1892
1104 1891
1103 1891
1102 1890
1101 1890
1100 1890
1099 1889
1098 1888
1097 1888
1096 1888
1095 1887
1094 1886
1093 1886
1092 1886
1091 1886
1090 1885
1089 1885
1088 1885
1087 1885
1086 1884
1085 1884
1084 1884
1083 1884
1082 1883
1081 1883
1080 1883
1079 1883
1078 1883
1077 1883
1076 1882
1075 1882
1074 1882
1073 1882
1072 1881
1071 1881
1070 1881
1069 1881
1068 1881
1067 1881
1066 1881
1065 1881
1064 1880
1063 1880
1062 1880
1061 1880
1060 1879
1059 1879
1058 1879
1057 1879
1056 1879
1055 1879
1054 1879
1053 1879
1052 1879
1051 1879
1050 1878
1049 1878
1048 1878
1047 1878
1046 1877
1045 1877
1044 1877
1043 1877
1042 1877
1041 1877
1040 1877
1039 1877
1038 1876
1037 1876
1036 1876
1035 1876
1034 1875
1033 1875
1032 1875
1031 1875
1030 1875
1029 1875
1028 1874
1027 1874
1026 1874
1025 1874
1024 1873
1023 1873
1022 1873
1021 1873
1020 1873
1019 1873
1018 1873
1017 1873
1016 1873
1015 1873
1014 1873
1013 1873
1012 1873
1011 1873
1010 1873
1009 1873
1008 1873
1007 1873
1006 1873
1005 1873
1004 1873
1003 1873
1002 1873
1001 1873
1000 1873
999 1873
998 1873
997 1873
996 1873
995 1873
994 1873
993 1873
992 1873
991 1873
990 1874
989 1874
988 1874
987 1874
986 1875
985 1875
984 1875
983 1875
982 1874
981 1874
980 1874
979 1874
978 1873
977 1873
976 1873
975 1873
974 1873
973 1873
972 1873
971 1873
970 1873
969 1873
968 1873
967 1873
966 1873
965 1873
964 1873
963 1873
962 1872
961 1872
960 1872
959 1872
958 1871
957 1871
956 1871
955 1871
