995 3083
994 3084
993 3084
992 3084
991 3084
990 3085
989 3085
988 3085
987 3085
986 3085
985 3085
984 3085
983 3085
982 3085
981 3085
980 3085
979 3085
978 3086
977 3086
976 3087
975 3087
974 3088
973 3088
972 3089
971 3089
970 3089
969 3089
968 3089
967 3089
966 3089
965 3089
964 3090
963 3090
962 3090
961 3090
960 3091
959 3091
958 3091
957 3091
956 3091
955 3091
954 3092
953 3092
952 3092
951 3092
950 3093
949 3094
948 3094
947 3094
946 3095
945 3095
944 3095
943 3095
942 3095
941 3095
940 3095
939 3095
938 3095
937 3095
936 3095
935 3095
934 3095
933 3095
932 3095
931 3095
930 3095
929 3095
928 3095
927 3095
926 3095
925 3095
924 3096
923 3096
922 3096
921 3096
920 3097
919 3098
918 3099
917 3099
916 3100
915 3100
914 3101
913 3101
912 3101
911 3101
910 3101
909 3101
908 3101
907 3101
906 3101
905 3101
904 3101
903 3101
902 3101
901 3101
900 3101
899 3101
898 3101
897 3101
896 3101
895 3101
894 3101
893 3101
892 3101
891 3101
890 3101
889 3101
888 3101
887 3101
886 3101
885 3101
884 3101
883 3101
882 3101
881 3101
880 3101
879 3101
878 3101
877 3101
876 3101
875 3101
874 3101
873 3101
872 3101
871 3101
870 3101
869 3101
868 3101
867 3101
866 3101
865 3101
864 3101
863 3101
862 3101
861 3101
860 3102
859 3102
858 3102
857 3102
856 3103
855 3103
854 3103
853 3103
852 3103
851 3103
850 3103
849 3103
848 3103
847 3103
846 3103
845 3103
844 3103
843 3103
842 3103
841 3103
840 3103
839 3103
838 3103
837 3103
836 3103
835 3103
834 3103
833 3103
832 3103
831 3103
830 3103
829 3103
828 3103
827 3103
826 3103
825 3103
824 3103
823 3103
822 3103
821 3103
820 3103
819 3103
818 3103
817 3103
816 3103
815 3103
814 3103
813 3103
812 3103
811 3103
810 3103
809 3103
808 3103
807 3103
806 3103
805 3103
804 3103
803 3103
802 3102
801 3102
800 3102
799 3102
798 3101
797 3101
796 3101
795 3101
794 3101
793 3101
792 3101
791 3101
790 3101
789 3101
788 3100
787 3100
786 3100
785 3100
784 3099
783 3099
782 3099
781 3099
780 3098
779 3098
778 3098
777 3098
776 3097
775 3097
774 3097
773 3097
772 3097
771 3097
770 3097
769 3097
768 3097
767 3097
766 3097
765 3097
764 3097
763 3097
762 3097
761 3097
760 3097
759 3097
758 3097
757 3097
756 3097
755 3097
754 3098
753 3098
752 3098
751 3098
750 3099
749 3099
748 3099
747 3099
746 3099
745 3099
744 3099
743 3099
742 3099
741 3099
740 3100
739 3100
738 3100
737 3100
736 3101
735 3101
734 3101
733 3101
732 3101
731 3101
730 3101
729 3101
728 3101
727 3101
726 3101
725 3101
724 3101
723 3101
722 3101
721 3101
720 3101
719 3101
718 3101
717 3101
716 3101
715 3101
714 3102
713 3102
712 3102
711 3102
710 3103
709 3103
708 3103
707 3103
706 3103
705 3103
704 3103
703 3103
702 3103
701 3103
700 3104
699 3104
698 3104
697 3104
696 3105
695 3105
694 3106
693 3106
692 3106
691 3106
690 3107
689 3107
688 3107
687 3107
686 3107
685 3107
684 3107
683 3107
682 3108
681 3108
680 3108
679 3108
678 3109
677 3109
676 3109
675 3109
674 3110
673 3110
672 3110
671 3110
670 3111
669 3112
668 3112
667 3112
666 3113
665 3113
664 3113
663 3113
662 3113
661 3113
660 3114
659 3114
658 3114
657 3114
656 3115
655 3115
654 3115
653 3115
652 3115
651 3115
650 3115
649 3115
648 3115
647 3115
646 3115
645 3115
644 3115
643 3115
642 3115
641 3115
640 3115
639 3115
638 3115
637 3115
636 3115
635 3115
634 3115
633 3115
632 3116
631 3116
630 3117
630 3118
629 3119
629 3120
628 3121
628 3122
628 3123
628 3124
627 3125
627 3126
627 3127
627 3128
627 3129
627 3130
626 3131
626 3132
625 3133
624 3134
624 3135
623 3136
622 3136
622 3137
621 3138
620 3138
620 3139
619 3140
618 3140
618 3141
617 3142
616 3142
616 3143
615 3144
614 3144
614 3145
613 3146
612 3146
612 3147
611 3148
610 3148
610 3149
609 3150
608 3150
608 3151
607 3152
606 3152
606 3153
605 3154
604 3154
604 3155
603 3156
602 3156
602 3157
601 3158
600 3158
600 3159
599 3160
598 3160
598 3161
597 3162
596 3162
596 3163
595 3164
594 3164
594 3165
593 3166
592 3167
592 3168
591 3169
591 3170
591 3171
591 3172
591 3173
591 3174
592 3175
592 3176
593 3177
594 3177
595 3178
596 3178
597 3179
598 3179
599 3180
600 3180
601 3181
602 3182
603 3183
604 3183
605 3184
606 3185
607 3185
608 3186
608 3187
609 3187
610 3188
610 3189
611 3189
612 3190
612 3191
613 3191
614 3192
614 3193
615 3194
616 3195
616 3196
617 3197
617 3198
617 3199
617 3200
617 3201
617 3202
617 3203
617 3204
617 3205
617 3206
617 3207
617 3208
617 3209
617 3210
618 3211
618 3212
619 3213
619 3214
620 3215
620 3216
621 3217
622 3218
622 3219
622 3220
623 3221
624 3222
625 3223
625 3224
626 3225
626 3226
627 3227
627 3228
627 3229
627 3230
627 3231
627 3232
628 3233
628 3234
628 3235
628 3236
629 3237
629 3238
630 3239
630 3240
631 3241
631 3242
632 3243
632 3244
633 3245
634 3246
634 3247
634 3248
635 3249
635 3250
636 3251
636 3252
637 3253
638 3254
638 3255
639 3255
640 3256
641 3257
642 3257
643 3258
644 3258
645 3258
646 3258
647 3259
648 3259
649 3260
650 3261
651 3261
652 3262
652 3263
653 3263
654 3264
654 3265
655 3265
656 3266
657 3267
658 3267
659 3268
660 3268
661 3268
662 3268
663 3268
664 3268
665 3269
666 3269
667 3269
668 3269
669 3270
670 3270
671 3270
672 3270
673 3271
674 3271
675 3271
676 3271
677 3272
678 3272
679 3272
680 3272
681 3272
682 3272
683 3272
684 3272
685 3272
686 3272
687 3272
688 3272
689 3272
690 3272
691 3272
692 3272
693 3272
694 3272
695 3272
696 3272
697 3272
698 3272
699 3272
700 3272
701 3272
702 3272
703 3271
704 3271
705 3271
706 3271
707 3271
708 3271
709 3271
710 3272
711 3273
712 3273
713 3274
714 3274
715 3275
716 3275
717 3276
718 3276
719 3276
720 3276
721 3276
722 3276
723 3276
724 3276
725 3276
726 3276
727 3277
728 3277
729 3277
730 3277
731 3278
732 3278
733 3278
734 3278
735 3278
736 3278
737 3278
738 3278
739 3278
740 3278
741 3278
742 3278
743 3278
744 3278
745 3278
746 3278
747 3278
748 3278
749 3278
750 3278
751 3278
752 3278
753 3278
754 3278
755 3278
756 3278
757 3278
758 3278
759 3278
760 3278
761 3278
762 3278
763 3278
764 3278
765 3278
766 3278
767 3277
768 3277
769 3277
770 3277
771 3276
772 3276
773 3276
774 3276
775 3275
776 3275
777 3275
778 3275
779 3274
780 3274
781 3274
782 3274
783 3275
784 3275
785 3275
786 3275
787 3276
788 3276
789 3276
790 3276
791 3276
792 3276
793 3276
794 3276
795 3276
796 3276
797 3275
798 3275
799 3275
800 3275
801 3274
802 3274
803 3274
804 3274
805 3274
806 3274
807 3274
808 3274
809 3274
810 3274
811 3274
812 3274
813 3275
814 3275
815 3275
816 3275
817 3276
818 3276
819 3276
820 3276
821 3277
822 3277
823 3277
824 3277
825 3278
826 3278
827 3278
828 3278
829 3278
830 3278
831 3278
832 3278
833 3278
834 3278
835 3278
836 3278
837 3278
838 3278
839 3278
840 3278
841 3278
842 3278
843 3278
844 3278
845 3278
846 3278
847 3278
848 3278
849 3278
850 3278
851 3278
852 3278
853 3278
854 3278
855 3278
856 3278
857 3278
858 3278
859 3279
860 3279
861 3279
862 3279
863 3280
864 3280
865 3280
866 3280
867 3280
868 3280
869 3280
870 3280
871 3280
872 3280
873 3281
874 3281
875 3281
876 3281
877 3282
878 3282
879 3282
880 3282
881 3282
882 3282
883 3283
884 3283
885 3283
886 3284
887 3285
888 3285
889 3285
890 3285
891 3286
892 3286
893 3286
894 3286
895 3286
896 3286
897 3286
898 3286
899 3286
900 3286
901 3286
902 3286
903 3286
904 3286
905 3286
906 3286
907 3286
908 3286
909 3286
910 3286
911 3286
912 3286
913 3286
914 3286
915 3286
916 3286
917 3286
918 3286
919 3286
920 3286
921 3286
922 3286
923 3286
924 3286
925 3286
926 3286
927 3286
928 3286
929 3286
930 3286
931 3286
932 3286
933 3286
934 3286
935 3286
936 3286
937 3286
938 3286
939 3286
940 3286
941 3286
942 3286
943 3286
944 3286
945 3286
946 3286
947 3286
948 3286
949 3286
950 3286
951 3286
952 3286
953 3286
954 3286
955 3285
956 3285
957 3285
958 3285
959 3284
960 3284
961 3284
962 3284
963 3284
964 3284
965 3284
966 3284
967 3284
968 3284
969 3284
970 3284
971 3284
972 3284
973 3284
974 3284
975 3284
976 3284
977 3284
978 3284
979 3284
980 3284
981 3284
982 3284
983 3284
984 3284
985 3283
986 3283
987 3283
988 3283
989 3282
990 3282
991 3282
992 3282
993 3282
994 3282
995 3282
996 3282
997 3282
998 3282
999 3282
1000 3282
1001 3282
1002 3282
1003 3281
1004 3281
1005 3281
1006 3281
1007 3280
1008 3280
1009 3280
1010 3280
1011 3280
1012 3280
1013 3280
1014 3280
1015 3280
1016 3280
1017 3280
1018 3280
1019 3280
1020 3280
1021 3280
1022 3280
1023 3280
1024 3280
1025 3280
1026 3280
1027 3280
1028 3280
1029 3280
1030 3280
1031 3280
1032 3280
1033 3280
1034 3280
1035 3280
1036 3280
1037 3280
1038 3280
1039 3280
1040 3280
1041 3280
1042 3280
1043 3280
1044 3280
1045 3280
1046 3280
1047 3280
1048 3280
1049 3280
1050 3280
1051 3280
1052 3280
1053 3280
1054 3280
1055 3279
1056 3279
1057 3279
1058 3279
1059 3278
1060 3278
1061 3278
1062 3278
1063 3278
1064 3278
1065 3278
1066 3278
1067 3278
1068 3278
1069 3278
1070 3278
1071 3278
1072 3278
1073 3277
1074 3277
1075 3276
1076 3275
1077 3275
1077 3274
1078 3273
1079 3273
1079 3272
1080 3271
1081 3271
1081 3270
1082 3269
1083 3269
1084 3268
1085 3267
1086 3267
1087 3266
1088 3265
1089 3264
1090 3263
1091 3263
1091 3262
1092 3261
1093 3261
1094 3260
1095 3259
1096 3259
1097 3258
1098 3257
1099 3256
1100 3255
1101 3255
1101 3254
1102 3253
1103 3253
1103 3252
1104 3251
1105 3250
1106 3249
1107 3248
1107 3247
1108 3246
1109 3245
1109 3244
1110 3243
1111 3243
1111 3242
1112 3241
1113 3241
1113 3240
1114 3239
1115 3239
1115 3238
1116 3237
1117 3237
1117 3236
1118 3235
1119 3234
1120 3233
1121 3232
1121 3231
1122 3230
1123 3229
1123 3228
1124 3227
1125 3227
1126 3226
1127 3225
1128 3225
1129 3224
1130 3223
1131 3223
1132 3223
1133 3222
1134 3221
1135 3220
1136 3219
1137 3219
1137 3218
1138 3217
1139 3217
1139 3216
1140 3215
1141 3214
1142 3213
1143 3212
1143 3211
1143 3210
1143 3209
1144 3208
1144 3207
1144 3206
1144 3205
1144 3204
1144 3203
1144 3202
1144 3201
1144 3200
1144 3199
1144 3198
1144 3197
1144 3196
1144 3195
1144 3194
1144 3193
1144 3192
1144 3191
1143 3190
1143 3189
1142 3188
1141 3187
1141 3186
1140 3186
1139 3185
1139 3184
1138 3183
1137 3182
1137 3181
1136 3180
1136 3179
1136 3178
1136 3177
1137 3176
1137 3175
1137 3174
1137 3173
1138 3172
1138 3171
1138 3170
1138 3169
1138 3168
1138 3167
1138 3166
1138 3165
1138 3164
1138 3163
1138 3162
1138 3161
1138 3160
1138 3159
1138 3158
1138 3157
1139 3156
1139 3155
1139 3154
1139 3153
1140 3152
1140 3151
1140 3150
1140 3149
1140 3148
1140 3147
1140 3146
1140 3145
1140 3144
1140 3143
1139 3142
1139 3141
1139 3140
1139 3139
1138 3138
1137 3137
1136 3136
1136 3135
1135 3134
1135 3133
1134 3132
1133 3131
1132 3130
1131 3129
1130 3128
1129 3128
1128 3127
1127 3127
1126 3127
1125 3127
1124 3127
1123 3127
1122 3127
1121 3127
1120 3127
1119 3127
1118 3127
1117 3127
1116 3127
1115 3127
1114 3126
1113 3126
1112 3126
1111 3126
1110 3125
1109 3125
1108 3124
1107 3124
1106 3124
1105 3124
1104 3123
1103 3123
1102 3122
1101 3122
1100 3121
1099 3121
1098 3120
1097 3120
1096 3119
1095 3119
1094 3118
1093 3118
1092 3118
1091 3117
1090 3116
1089 3116
1088 3115
1087 3115
1086 3114
1085 3113
1084 3112
1083 3112
1082 3112
1081 3111
1080 3110
1079 3110
1078 3110
1077 3109
1076 3108
1075 3108
1074 3108
1073 3107
1072 3106
1071 3106
1070 3106
1069 3106
1068 3105
1067 3105
1066 3104
1065 3104
1064 3103
1063 3103
1062 3102
1061 3101
1060 3100
1059 3100
1058 3100
1057 3099
1056 3098
1055 3098
1054 3097
1053 3096
1052 3096
1051 3095
1050 3094
1049 3093
1048 3092
1047 3092
1046 3092
1045 3092
1044 3091
1043 3091
1042 3091
1041 3091
1040 3091
1039 3091
1038 3090
1037 3090
1036 3089
1035 3089
1034 3088
1033 3087
1032 3086
1031 3086
1030 3086
1029 3086
1028 3085
1027 3085
1026 3085
1025 3085
1024 3084
1023 3084
1022 3084
1021 3084
1020 3083
1019 3083
1018 3083
1017 3083
1016 3083
1015 3083
1014 3083
1013 3083
1012 3083
1011 3083
1010 3083
1009 3083
1008 3083
1007 3083
1006 3083
1005 3083
1004 3083
1003 3083
1002 3083
1001 3083
1000 3083
999 3083
998 3083
997 3083
996 3083
995 3083
