973 573
972 574
971 574
970 574
969 574
968 575
967 575
966 575
965 575
964 575
963 575
962 575
961 575
960 575
959 575
958 576
957 576
956 577
956 578
955 579
955 580
955 581
955 582
955 583
955 584
955 585
955 586
955 587
955 588
955 589
955 590
955 591
955 592
956 593
956 594
957 595
958 596
958 597
959 598
960 599
960 600
961 601
961 602
962 603
962 604
962 605
962 606
963 607
963 608
963 609
963 610
963 611
963 612
964 613
964 614
965 615
966 616
966 617
967 618
968 619
968 620
969 621
969 622
970 623
970 624
970 625
970 626
971 627
971 628
971 629
971 630
972 631
972 632
972 633
972 634
973 635
974 636
975 637
975 638
976 639
976 640
977 641
978 642
978 643
978 644
979 645
980 646
980 647
980 648
981 649
981 650
981 651
981 652
981 653
981 654
982 655
982 656
983 657
984 658
985 659
986 659
987 660
988 660
989 661
990 661
991 662
992 663
993 664
994 665
994 666
995 667
995 668
995 669
995 670
995 671
995 672
995 673
995 674
995 675
995 676
995 677
995 678
995 679
995 680
995 681
995 682
995 683
995 684
995 685
995 686
995 687
995 688
996 689
996 690
997 691
998 692
998 693
999 694
1000 695
1000 696
1001 697
1002 698
1002 699
1002 700
1003 701
1004 702
1005 703
1006 704
1007 705
1008 706
1009 707
1010 707
1011 708
1012 709
1013 709
1014 710
1014 711
1015 712
1016 713
1016 714
1017 715
1017 716
1018 717
1018 718
1018 719
1018 720
1019 721
1019 722
1019 723
1019 724
1019 725
1019 726
1019 727
1019 728
1019 729
1019 730
1020 731
1020 732
1021 733
1021 734
1022 735
1022 736
1023 737
1024 738
1025 739
1025 740
1026 741
1026 742
1027 743
1027 744
1028 745
1028 746
1029 747
1030 748
1030 749
1031 749
1032 750
1032 751
1033 751
1034 752
1034 753
1035 753
1036 754
1036 755
1037 755
1038 756
1038 757
1039 757
1040 758
1040 759
1041 759
1042 760
1042 761
1043 761
1044 762
1045 763
1046 763
1047 764
1048 764
1049 764
1050 764
1051 765
1052 765
1053 766
1054 767
1055 767
1056 768
1057 769
1058 770
1059 771
1060 771
1061 771
1062 771
1063 772
1064 772
1065 772
1066 772
1067 772
1068 772
1069 772
1070 772
1071 772
1072 772
1073 772
1074 772
1075 772
1076 772
1077 772
1078 772
1079 773
1080 773
1081 773
1082 773
1083 774
1084 774
1085 774
1086 774
1087 774
1088 774
1089 775
1090 775
1091 775
1092 775
1093 776
1094 776
1095 776
1096 776
1097 776
1098 776
1099 776
1100 776
1101 776
1102 776
1103 776
1104 776
1105 776
1106 776
1107 776
1108 776
1109 776
1110 776
1111 776
1112 776
1113 776
1114 776
1115 775
1116 775
1117 775
1118 775
1119 774
1120 774
1121 773
1122 773
1123 773
1124 773
1125 772
1126 772
1127 772
1128 772
1129 772
1130 772
1131 772
1132 772
1133 771
1134 771
1135 771
1136 771
1137 770
1138 770
1139 770
1140 770
1141 770
1142 770
1143 770
1144 770
1145 770
1146 770
1147 770
1148 770
1149 770
1150 770
1151 770
1152 770
1153 770
1154 770
1155 770
1156 770
1157 770
1158 770
1159 769
1160 769
1161 769
1162 769
1163 768
1164 768
1165 768
1166 768
1167 768
1168 768
1169 768
1170 768
1171 768
1172 768
1173 768
1174 768
1175 768
1176 768
1177 768
1178 768
1179 767
1180 767
1181 766
1182 766
1183 765
1184 765
1185 764
1186 764
1187 764
1188 764
1189 764
1190 764
1191 764
1192 764
1193 764
1194 764
1195 764
1196 764
1197 764
1198 764
1199 764
1200 764
1201 764
1202 764
1203 763
1204 763
1205 762
1206 761
1207 761
1208 760
1209 759
1210 759
1211 758
1212 757
1213 757
1214 757
1215 756
1216 756
1217 755
1218 755
1219 754
1220 753
1221 753
1221 752
1222 751
1223 751
1223 750
1224 749
1225 749
1225 748
1226 747
1227 747
1227 746
1228 745
1229 745
1230 744
1231 743
1232 743
1233 742
1234 741
1235 740
1236 739
1237 739
1237 738
1238 737
1239 736
1240 735
1241 734
1241 733
1241 732
1241 731
1242 730
1242 729
1243 728
1243 727
1244 726
1244 725
1245 724
1246 723
1247 722
1247 721
1248 720
1248 719
1249 718
1250 717
1251 716
1251 715
1252 714
1252 713
1253 712
1254 711
1255 710
1255 709
1256 708
1256 707
1257 706
1258 705
1259 704
1259 703
1260 702
1261 701
1261 700
1262 699
1263 699
1263 698
1264 697
1265 697
1265 696
1266 695
1267 694
1268 693
1269 692
1269 691
1269 690
1269 689
1270 688
1270 687
1270 686
1270 685
1270 684
1270 683
1270 682
1270 681
1270 680
1270 679
1270 678
1270 677
1270 676
1270 675
1270 674
1270 673
1270 672
1270 671
1270 670
1270 669
1270 668
1270 667
1269 666
1269 665
1268 664
1267 663
1267 662
1266 662
1265 661
1264 660
1263 659
1262 658
1261 658
1260 657
1259 656
1258 656
1257 655
1257 654
1256 654
1255 653
1255 652
1254 651
1253 650
1253 649
1252 648
1251 647
1251 646
1251 645
1250 644
1249 643
1248 642
1247 641
1247 640
1246 640
1245 639
1245 638
1244 638
1243 637
1243 636
1242 636
1241 635
1241 634
1240 634
1239 633
1239 632
1238 632
1237 631
1236 630
1235 630
1234 629
1233 629
1232 628
1231 628
1230 627
1229 626
1228 626
1227 625
1227 624
1226 624
1225 623
1225 622
1224 622
1223 621
1223 620
1222 620
1221 619
1220 618
1219 618
1218 617
1217 617
1216 617
1215 617
1214 616
1213 616
1212 615
1211 614
1210 614
1209 613
1209 612
1208 612
1207 611
1206 610
1205 610
1204 609
1203 609
1202 609
1201 609
1200 609
1199 609
1198 609
1197 609
1196 609
1195 609
1194 609
1193 609
1192 609
1191 609
1190 609
1189 609
1188 609
1187 609
1186 609
1185 609
1184 609
1183 609
1182 609
1181 609
1180 608
1179 608
1178 608
1177 608
1176 607
1175 607
1174 606
1173 606
1172 606
1171 606
1170 605
1169 605
1168 605
1167 605
1166 605
1165 605
1164 605
1163 605
1162 605
1161 605
1160 605
1159 605
1158 605
1157 605
1156 605
1155 605
1154 605
1153 605
1152 605
1151 605
1150 605
1149 605
1148 605
1147 605
1146 605
1145 605
1144 605
1143 605
1142 605
1141 605
1140 605
1139 605
1138 605
1137 605
1136 605
1135 605
1134 605
1133 605
1132 606
1131 606
1130 606
1129 606
1128 607
1127 607
1126 607
1125 607
1124 607
1123 607
1122 607
1121 607
1120 607
1119 607
1118 607
1117 607
1116 607
1115 607
1114 607
1113 607
1112 607
1111 607
1110 607
1109 607
1108 607
1107 607
1106 607
1105 607
1104 607
1103 607
1102 607
1101 607
1100 607
1099 607
1098 606
1097 606
1096 605
1095 604
1095 603
1094 602
1094 601
1093 600
1093 599
1092 598
1091 597
1091 596
1090 596
1089 595
1088 594
1087 594
1086 593
1085 593
1084 593
1083 593
1082 593
1081 593
1080 593
1079 593
1078 593
1077 593
1076 594
1075 594
1074 595
1073 596
1072 596
1071 597
1070 598
1069 599
1068 600
1067 601
1066 602
1065 602
1064 603
1063 603
1062 603
1061 603
1060 603
1059 603
1058 603
1057 603
1056 603
1055 603
1054 602
1053 602
1052 601
1051 601
1050 600
1049 600
1048 599
1047 599
1046 599
1045 599
1044 598
1043 598
1042 598
1041 598
1040 597
1039 597
1038 597
1037 597
1036 596
1035 596
1034 595
1033 595
1032 594
1031 593
1030 592
1029 592
1028 591
1027 590
1026 590
1025 589
1025 588
1024 588
1023 587
1023 586
1022 586
1021 585
1021 584
1020 584
1019 583
1019 582
1018 582
1017 581
1017 580
1016 580
1015 579
1015 578
1014 578
1013 577
1012 576
1011 576
1010 575
1009 575
1008 575
1007 575
1006 574
1005 574
1004 574
1003 574
1002 573
1001 573
1000 573
999 573
998 573
997 573
996 573
995 573
994 573
993 573
992 573
991 573
990 573
989 573
988 573
987 573
986 573
985 573
984 573
983 573
982 573
981 573
980 573
979 573
978 573
977 573
976 573
975 573
974 573
973 573
