2643 3103
2642 3104
2641 3104
2640 3104
2639 3104
2638 3105
2637 3105
2636 3105
2635 3105
2634 3106
2633 3106
2632 3107
2631 3108
2630 3108
2630 3109
2629 3110
2628 3111
2627 3112
2626 3113
2626 3114
2626 3115
2625 3116
2624 3117
2624 3118
2623 3119
2622 3120
2621 3121
2620 3122
2619 3122
2618 3123
2617 3124
2616 3125
2615 3126
2614 3127
2614 3128
2613 3129
2613 3130
2612 3131
2612 3132
2611 3133
2610 3134
2610 3135
2609 3136
2608 3136
2608 3137
2607 3138
2606 3138
2606 3139
2605 3140
2604 3140
2604 3141
2603 3142
2602 3143
2602 3144
2601 3145
2601 3146
2601 3147
2601 3148
2601 3149
2601 3150
2601 3151
2601 3152
2601 3153
2601 3154
2601 3155
2601 3156
2601 3157
2601 3158
2602 3159
2602 3160
2602 3161
2602 3162
2603 3163
2604 3164
2604 3165
2604 3166
2605 3167
2605 3168
2605 3169
2605 3170
2605 3171
2605 3172
2605 3173
2605 3174
2605 3175
2605 3176
2605 3177
2605 3178
2605 3179
2605 3180
2605 3181
2605 3182
2605 3183
2605 3184
2605 3185
2605 3186
2606 3187
2606 3188
2606 3189
2606 3190
2607 3191
2607 3192
2607 3193
2607 3194
2607 3195
2607 3196
2607 3197
2607 3198
2607 3199
2607 3200
2607 3201
2607 3202
2607 3203
2607 3204
2607 3205
2607 3206
2607 3207
2607 3208
2607 3209
2607 3210
2607 3211
2607 3212
2606 3213
2606 3214
2606 3215
2605 3216
2604 3217
2604 3218
2604 3219
2604 3220
2603 3221
2603 3222
2602 3223
2602 3224
2602 3225
2602 3226
2601 3227
2601 3228
2601 3229
2601 3230
2601 3231
2601 3232
2601 3233
2601 3234
2601 3235
2601 3236
2601 3237
2601 3238
2601 3239
2601 3240
2601 3241
2601 3242
2601 3243
2601 3244
2601 3245
2601 3246
2601 3247
2601 3248
2602 3249
2602 3250
2602 3251
2602 3252
2603 3253
2603 3254
2604 3255
2604 3256
2604 3257
2604 3258
2605 3259
2605 3260
2604 3261
2604 3262
2603 3263
2603 3264
2602 3265
2602 3266
2601 3267
2601 3268
2601 3269
2601 3270
2602 3271
2602 3272
2602 3273
2602 3274
2603 3275
2604 3276
2604 3277
2604 3278
2605 3279
2606 3280
2606 3281
2606 3282
2607 3283
2608 3284
2608 3285
2608 3286
2609 3287
2609 3288
2609 3289
2609 3290
2609 3291
2609 3292
2609 3293
2609 3294
2609 3295
2609 3296
2609 3297
2609 3298
2608 3299
2608 3300
2607 3301
2606 3302
2606 3303
2605 3304
2604 3305
2604 3306
2603 3307
2603 3308
2603 3309
2603 3310
2603 3311
2603 3312
2603 3313
2603 3314
2604 3315
2604 3316
2604 3317
2604 3318
2605 3319
2605 3320
2605 3321
2605 3322
2605 3323
2605 3324
2605 3325
2605 3326
2606 3327
2606 3328
2606 3329
2606 3330
2607 3331
2607 3332
2608 3333
2608 3334
2608 3335
2608 3336
2609 3337
2609 3338
2609 3339
2609 3340
2609 3341
2609 3342
2609 3343
2609 3344
2609 3345
2609 3346
2609 3347
2609 3348
2609 3349
2609 3350
2609 3351
2609 3352
2609 3353
2609 3354
2609 3355
2609 3356
2610 3357
2610 3358
2610 3359
2610 3360
2611 3361
2611 3362
2612 3363
2612 3364
2613 3365
2613 3366
2614 3367
2614 3368
2615 3369
2616 3370
2616 3371
2616 3372
2617 3373
2617 3374
2617 3375
2617 3376
2617 3377
2617 3378
2617 3379
2617 3380
2618 3381
2618 3382
2618 3383
2618 3384
2619 3385
2619 3386
2620 3387
2620 3388
2620 3389
2620 3390
2621 3391
2622 3392
2622 3393
2622 3394
2623 3395
2623 3396
2623 3397
2623 3398
2623 3399
2623 3400
2623 3401
2623 3402
2623 3403
2623 3404
2623 3405
2623 3406
2624 3407
2624 3408
2625 3409
2625 3410
2626 3411
2626 3412
2627 3413
2627 3414
2628 3415
2628 3416
2628 3417
2628 3418
2629 3419
2630 3420
2631 3421
2631 3422
2632 3423
2632 3424
2633 3425
2633 3426
2634 3427
2634 3428
2635 3429
2636 3429
2637 3430
2638 3430
2639 3430
2640 3430
2641 3430
2642 3430
2643 3430
2644 3430
2645 3430
2646 3430
2647 3430
2648 3430
2649 3430
2650 3430
2651 3430
2652 3430
2653 3430
2654 3430
2655 3429
2656 3429
2657 3429
2658 3429
2659 3428
2660 3428
2661 3427
2662 3427
2663 3427
2664 3427
2665 3426
2666 3426
2667 3426
2668 3426
2669 3425
2670 3425
2671 3425
2672 3425
2673 3424
2674 3424
2675 3423
2676 3423
2677 3423
2678 3423
2679 3422
2680 3422
2681 3421
2682 3421
2683 3421
2684 3421
2685 3420
2686 3420
2687 3420
2688 3420
2689 3420
2690 3420
2691 3420
2692 3420
2693 3420
2694 3420
2695 3420
2696 3420
2697 3421
2698 3421
2699 3421
2700 3421
2701 3422
2702 3422
2703 3422
2704 3422
2705 3422
2706 3422
2707 3422
2708 3422
2709 3422
2710 3422
2711 3422
2712 3422
2713 3421
2714 3421
2715 3421
2716 3421
2717 3420
2718 3420
2719 3420
2720 3420
2721 3420
2722 3420
2723 3420
2724 3420
2725 3420
2726 3420
2727 3420
2728 3420
2729 3420
2730 3420
2731 3420
2732 3420
2733 3421
2734 3421
2735 3421
2736 3422
2737 3423
2738 3423
2739 3423
2740 3424
2741 3425
2742 3425
2743 3425
2744 3426
2745 3427
2746 3427
2747 3428
2748 3428
2749 3429
2750 3430
2751 3431
2752 3431
2753 3431
2754 3431
2755 3432
2756 3432
2757 3432
2758 3432
2759 3432
2760 3432
2761 3432
2762 3432
2763 3432
2764 3432
2765 3432
2766 3432
2767 3432
2768 3432
2769 3432
2770 3432
2771 3432
2772 3432
2773 3432
2774 3432
2775 3432
2776 3432
2777 3432
2778 3432
2779 3432
2780 3432
2781 3432
2782 3432
2783 3432
2784 3432
2785 3432
2786 3432
2787 3433
2788 3433
2789 3433
2790 3433
2791 3434
2792 3434
2793 3434
2794 3434
2795 3434
2796 3434
2797 3434
2798 3434
2799 3434
2800 3434
2801 3434
2802 3434
2803 3434
2804 3434
2805 3434
2806 3434
2807 3434
2808 3434
2809 3434
2810 3434
2811 3434
2812 3434
2813 3433
2814 3433
2815 3433
2816 3433
2817 3432
2818 3432
2819 3432
2820 3432
2821 3432
2822 3432
2823 3432
2824 3432
2825 3431
2826 3431
2827 3430
2828 3429
2829 3429
2829 3428
2830 3427
2831 3426
2831 3425
2832 3424
2832 3423
2832 3422
2832 3421
2832 3420
2832 3419
2833 3418
2833 3417
2833 3416
2834 3415
2835 3414
2835 3413
2836 3412
2836 3411
2837 3410
2838 3409
2839 3408
2839 3407
2840 3406
2841 3405
2842 3404
2843 3403
2844 3403
2845 3402
2846 3402
2847 3401
2848 3401
2849 3401
2850 3401
2851 3400
2852 3400
2853 3400
2854 3400
2855 3400
2856 3400
2857 3399
2858 3399
2859 3398
2860 3397
2861 3397
2861 3396
2862 3395
2863 3395
2864 3394
2865 3393
2866 3393
2867 3392
2868 3392
2869 3391
2870 3391
2871 3390
2872 3390
2873 3389
2874 3389
2875 3388
2876 3387
2877 3387
2878 3387
2879 3386
2880 3385
2881 3384
2882 3383
2883 3382
2883 3381
2883 3380
2883 3379
2884 3378
2884 3377
2885 3376
2885 3375
2885 3374
2885 3373
2886 3372
2886 3371
2886 3370
2886 3369
2886 3368
2886 3367
2886 3366
2886 3365
2886 3364
2886 3363
2886 3362
2886 3361
2887 3360
2887 3359
2887 3358
2887 3357
2888 3356
2888 3355
2888 3354
2888 3353
2888 3352
2888 3351
2888 3350
2888 3349
2888 3348
2888 3347
2888 3346
2888 3345
2888 3344
2888 3343
2888 3342
2888 3341
2888 3340
2888 3339
2888 3338
2888 3337
2888 3336
2888 3335
2889 3334
2889 3333
2889 3332
2889 3331
2890 3330
2890 3329
2891 3328
2891 3327
2892 3326
2893 3325
2893 3324
2894 3323
2895 3322
2895 3321
2896 3320
2896 3319
2896 3318
2896 3317
2896 3316
2896 3315
2896 3314
2896 3313
2896 3312
2896 3311
2895 3310
2895 3309
2895 3308
2895 3307
2894 3306
2893 3305
2893 3304
2893 3303
2892 3302
2892 3301
2892 3300
2892 3299
2892 3298
2892 3297
2891 3296
2891 3295
2890 3294
2889 3293
2889 3292
2888 3291
2887 3290
2887 3289
2886 3288
2885 3287
2884 3286
2883 3285
2883 3284
2882 3284
2881 3283
2881 3282
2880 3282
2879 3281
2879 3280
2878 3280
2877 3279
2877 3278
2876 3278
2875 3277
2875 3276
2874 3275
2873 3274
2873 3273
2872 3272
2872 3271
2871 3270
2871 3269
2871 3268
2871 3267
2870 3266
2870 3265
2870 3264
2870 3263
2870 3262
2870 3261
2870 3260
2870 3259
2869 3258
2869 3257
2869 3256
2869 3255
2868 3254
2867 3253
2866 3252
2865 3251
2865 3250
2864 3250
2863 3249
2862 3248
2861 3247
2860 3246
2859 3246
2858 3246
2857 3246
2856 3245
2855 3245
2854 3245
2853 3245
2852 3245
2851 3245
2850 3244
2849 3244
2848 3244
2847 3244
2846 3243
2845 3243
2844 3243
2843 3243
2842 3243
2841 3243
2840 3243
2839 3243
2838 3243
2837 3243
2836 3242
2835 3242
2834 3241
2833 3240
2832 3240
2831 3239
2830 3238
2829 3237
2828 3236
2827 3236
2826 3235
2825 3234
2825 3233
2824 3232
2823 3231
2823 3230
2823 3229
2822 3228
2821 3227
2821 3226
2821 3225
2820 3224
2819 3223
2819 3222
2819 3221
2818 3220
2818 3219
2818 3218
2818 3217
2818 3216
2818 3215
2818 3214
2818 3213
2817 3212
2817 3211
2817 3210
2817 3209
2816 3208
2816 3207
2816 3206
2816 3205
2815 3204
2815 3203
2815 3202
2815 3201
2814 3200
2814 3199
2814 3198
2814 3197
2813 3196
2813 3195
2812 3194
2811 3193
2811 3192
2810 3191
2809 3190
2809 3189
2808 3188
2807 3187
2807 3186
2807 3185
2806 3184
2806 3183
2805 3182
2805 3181
2804 3180
2804 3179
2803 3178
2803 3177
2802 3176
2802 3175
2801 3174
2801 3173
2800 3172
2799 3171
2799 3170
2798 3170
2797 3169
2797 3168
2796 3168
2795 3167
2794 3166
2793 3166
2792 3165
2791 3165
2790 3165
2789 3165
2788 3164
2787 3164
2786 3164
2785 3164
2784 3163
2783 3163
2782 3162
2781 3162
2780 3162
2779 3162
2778 3161
2777 3161
2776 3160
2775 3160
2774 3160
2773 3159
2772 3158
2771 3158
2770 3158
2769 3158
2768 3157
2767 3157
2766 3157
2765 3157
2764 3157
2763 3157
2762 3156
2761 3156
2760 3156
2759 3156
2758 3155
2757 3155
2756 3155
2755 3155
2754 3154
2753 3154
2752 3154
2751 3154
2750 3153
2749 3153
2748 3152
2747 3152
2746 3151
2745 3150
2744 3149
2743 3148
2743 3147
2742 3146
2741 3145
2741 3144
2741 3143
2740 3142
2739 3141
2739 3140
2739 3139
2738 3138
2737 3137
2736 3136
2736 3135
2735 3134
2735 3133
2734 3132
2733 3131
2732 3130
2731 3130
2730 3129
2729 3129
2728 3128
2727 3128
2726 3128
2725 3127
2724 3126
2723 3126
2722 3126
2721 3126
2720 3125
2719 3125
2718 3124
2717 3124
2716 3124
2715 3123
2714 3122
2713 3122
2712 3122
2711 3122
2710 3121
2709 3121
2708 3120
2707 3120
2706 3120
2705 3119
2704 3118
2703 3118
2702 3117
2701 3117
2700 3116
2699 3115
2698 3114
2697 3114
2696 3114
2695 3114
2694 3113
2693 3113
2692 3112
2691 3112
2690 3112
2689 3111
2688 3110
2687 3110
2686 3109
2685 3109
2684 3108
2683 3108
2682 3107
2681 3107
2680 3106
2679 3106
2678 3106
2677 3106
2676 3105
2675 3105
2674 3105
2673 3105
2672 3105
2671 3105
2670 3105
2669 3105
2668 3104
2667 3104
2666 3104
2665 3104
2664 3103
2663 3103
2662 3103
2661 3103
2660 3103
2659 3103
2658 3103
2657 3103
2656 3103
2655 3103
2654 3103
2653 3103
2652 3103
2651 3103
2650 3103
2649 3103
2648 3103
2647 3103
2646 3103
2645 3103
2644 3103
2643 3103
