2303 2759
2302 2760
2301 2760
2300 2760
2299 2760
2298 2761
2297 2761
2296 2761
2295 2761
2294 2761
2293 2761
2292 2761
2291 2761
2290 2761
2289 2761
2288 2761
2287 2761
2286 2761
2285 2761
2284 2761
2283 2761
2282 2761
2281 2761
2280 2762
2279 2762
2278 2762
2277 2762
2276 2763
2275 2763
2274 2763
2273 2763
2272 2763
2271 2763
2270 2764
2269 2764
2268 2764
2267 2764
2266 2765
2265 2766
2264 2766
2263 2766
2262 2767
2261 2768
2260 2768
2259 2768
2258 2769
2257 2769
2256 2770
2255 2770
2254 2770
2253 2770
2252 2771
2251 2771
2250 2770
2249 2770
2248 2770
2247 2770
2246 2769
2245 2769
2244 2769
2243 2769
2242 2769
2241 2769
2240 2769
2239 2769
2238 2769
2237 2769
2236 2769
2235 2769
2234 2770
2233 2770
2232 2770
2231 2770
2230 2771
2229 2771
2228 2772
2227 2772
2226 2773
2225 2774
2224 2774
2224 2775
2223 2776
2222 2776
2222 2777
2221 2778
2220 2778
2220 2779
2219 2780
2218 2780
2217 2781
2216 2782
2215 2782
2214 2783
2213 2783
2212 2783
2211 2783
2210 2783
2209 2783
2208 2783
2207 2783
2206 2783
2205 2783
2204 2782
2203 2782
2202 2782
2201 2782
2200 2781
2199 2781
2198 2781
2197 2781
2196 2781
2195 2781
2194 2781
2193 2781
2192 2782
2191 2782
2190 2783
2189 2784
2188 2784
2188 2785
2187 2786
2186 2786
2185 2787
2184 2788
2183 2788
2182 2789
2181 2789
2180 2789
2179 2789
2178 2789
2177 2789
2176 2789
2175 2789
2174 2789
2173 2789
2172 2790
2171 2790
2170 2791
2169 2791
2168 2792
2167 2792
2166 2793
2165 2794
2164 2795
2163 2795
2162 2796
2161 2796
2160 2797
2159 2798
2158 2799
2157 2800
2156 2800
2156 2801
2155 2802
2154 2802
2154 2803
2153 2804
2152 2804
2152 2805
2151 2806
2150 2806
2150 2807
2149 2808
2148 2808
2148 2809
2147 2810
2146 2810
2146 2811
2145 2812
2144 2812
2144 2813
2143 2814
2142 2814
2142 2815
2141 2816
2140 2817
2139 2818
2138 2819
2138 2820
2137 2821
2136 2822
2136 2823
2135 2824
2134 2824
2134 2825
2133 2826
2132 2826
2132 2827
2131 2828
2130 2828
2130 2829
2129 2830
2128 2830
2128 2831
2127 2832
2126 2833
2126 2834
2125 2835
2125 2836
2125 2837
2125 2838
2124 2839
2124 2840
2124 2841
2124 2842
2123 2843
2123 2844
2123 2845
2123 2846
2123 2847
2123 2848
2123 2849
2123 2850
2123 2851
2123 2852
2123 2853
2123 2854
2123 2855
2123 2856
2123 2857
2123 2858
2122 2859
2122 2860
2121 2861
2120 2862
2120 2863
2119 2864
2118 2865
2118 2866
2118 2867
2118 2868
2118 2869
2118 2870
2119 2871
2120 2872
2120 2873
2120 2874
2121 2875
2122 2876
2122 2877
2122 2878
2123 2879
2124 2880
2124 2881
2124 2882
2125 2883
2126 2884
2126 2885
2126 2886
2127 2887
2127 2888
2128 2889
2128 2890
2129 2891
2129 2892
2130 2893
2130 2894
2131 2895
2132 2896
2133 2897
2133 2898
2134 2899
2134 2900
2135 2901
2136 2902
2137 2903
2138 2904
2138 2905
2139 2905
2140 2906
2140 2907
2141 2907
2142 2908
2142 2909
2143 2909
2144 2910
2145 2911
2146 2912
2147 2913
2148 2913
2149 2913
2150 2913
2151 2914
2152 2914
2153 2915
2154 2915
2155 2915
2156 2916
2157 2917
2158 2917
2159 2917
2160 2918
2161 2919
2162 2919
2163 2919
2164 2919
2165 2920
2166 2920
2167 2921
2168 2921
2169 2921
2170 2922
2171 2923
2172 2923
2173 2923
2174 2924
2175 2925
2176 2926
2177 2927
2178 2928
2179 2929
2180 2930
2181 2931
2182 2931
2183 2932
2184 2932
2185 2932
2186 2932
2187 2932
2188 2932
2189 2932
2190 2932
2191 2933
2192 2933
2193 2933
2194 2933
2195 2934
2196 2934
2197 2934
2198 2934
2199 2934
2200 2934
2201 2934
2202 2934
2203 2935
2204 2936
2205 2937
2206 2938
2206 2939
2206 2940
2207 2941
2208 2942
2208 2943
2208 2944
2209 2945
2210 2946
2211 2947
2212 2948
2212 2949
2213 2949
2214 2950
2214 2951
2215 2951
2216 2952
2217 2953
2218 2953
2219 2954
2220 2954
2221 2954
2222 2954
2223 2955
2224 2955
2225 2955
2226 2955
2227 2956
2228 2956
2229 2956
2230 2956
2231 2956
2232 2956
2233 2956
2234 2956
2235 2956
2236 2956
2237 2956
2238 2956
2239 2956
2240 2956
2241 2955
2242 2955
2243 2955
2244 2955
2245 2954
2246 2954
2247 2954
2248 2954
2249 2954
2250 2954
2251 2954
2252 2954
2253 2954
2254 2954
2255 2954
2256 2954
2257 2954
2258 2954
2259 2954
2260 2954
2261 2953
2262 2953
2263 2953
2264 2953
2265 2952
2266 2951
2267 2951
2268 2951
2269 2951
2270 2951
2271 2951
2272 2951
2273 2952
2274 2952
2275 2952
2276 2952
2277 2952
2278 2952
2279 2952
2280 2952
2281 2952
2282 2952
2283 2952
2284 2952
2285 2952
2286 2952
2287 2952
2288 2952
2289 2953
2290 2953
2291 2954
2292 2955
2293 2955
2294 2956
2295 2957
2296 2958
2297 2959
2298 2959
2299 2960
2300 2961
2301 2961
2302 2962
2303 2963
2304 2964
2305 2965
2306 2965
2307 2965
2308 2966
2309 2967
2310 2967
2311 2967
2312 2967
2313 2968
2314 2968
2315 2968
2316 2968
2317 2967
2318 2967
2319 2966
2320 2965
2321 2965
2321 2964
2322 2963
2323 2963
2324 2962
2325 2961
2326 2961
2327 2960
2328 2960
2329 2960
2330 2960
2331 2960
2332 2960
2333 2960
2334 2960
2335 2959
2336 2959
2337 2958
2338 2957
2339 2957
2339 2956
2340 2955
2341 2954
2342 2953
2343 2952
2343 2951
2344 2950
2345 2949
2346 2948
2347 2947
2348 2947
2349 2946
2350 2946
2351 2946
2352 2946
2353 2946
2354 2946
2355 2946
2356 2946
2357 2946
2358 2946
2359 2945
2360 2945
2361 2944
2362 2943
2363 2943
2363 2942
2364 2941
2365 2941
2366 2940
2367 2939
2368 2939
2369 2938
2370 2937
2371 2937
2372 2937
2373 2936
2374 2935
2375 2934
2376 2933
2377 2933
2377 2932
2378 2931
2379 2931
2379 2930
2380 2929
2381 2929
2381 2928
2382 2927
2383 2927
2383 2926
2384 2925
2385 2925
2386 2924
2387 2923
2388 2923
2389 2922
2390 2922
2391 2922
2392 2922
2393 2921
2394 2921
2395 2920
2395 2919
2396 2918
2396 2917
2397 2916
2397 2915
2398 2914
2399 2913
2399 2912
2400 2911
2401 2910
2402 2909
2403 2908
2403 2907
2404 2906
2404 2905
2405 2904
2406 2903
2407 2902
2407 2901
2407 2900
2408 2899
2409 2898
2409 2897
2409 2896
2410 2895
2411 2894
2411 2893
2411 2892
2412 2891
2413 2890
2413 2889
2413 2888
2414 2887
2415 2886
2415 2885
2416 2884
2417 2883
2417 2882
2418 2881
2419 2881
2419 2880
2420 2879
2421 2878
2421 2877
2422 2876
2422 2875
2422 2874
2422 2873
2421 2872
2421 2871
2421 2870
2421 2869
2420 2868
2420 2867
2420 2866
2420 2865
2420 2864
2420 2863
2421 2862
2421 2861
2421 2860
2422 2859
2423 2858
2423 2857
2424 2856
2424 2855
2425 2854
2425 2853
2426 2852
2426 2851
2426 2850
2426 2849
2426 2848
2426 2847
2427 2846
2427 2845
2427 2844
2427 2843
2428 2842
2428 2841
2428 2840
2428 2839
2428 2838
2428 2837
2427 2836
2427 2835
2427 2834
2427 2833
2426 2832
2426 2831
2426 2830
2426 2829
2426 2828
2426 2827
2425 2826
2425 2825
2425 2824
2425 2823
2424 2822
2423 2821
2423 2820
2423 2819
2422 2818
2422 2817
2422 2816
2422 2815
2422 2814
2422 2813
2421 2812
2421 2811
2421 2810
2421 2809
2420 2808
2420 2807
2419 2806
2419 2805
2419 2804
2419 2803
2418 2802
2418 2801
2418 2800
2418 2799
2418 2798
2418 2797
2417 2796
2417 2795
2417 2794
2417 2793
2416 2792
2416 2791
2415 2790
2415 2789
2415 2788
2415 2787
2414 2786
2414 2785
2414 2784
2414 2783
2414 2782
2414 2781
2414 2780
2414 2779
2413 2778
2413 2777
2413 2776
2413 2775
2412 2774
2412 2773
2412 2772
2412 2771
2412 2770
2412 2769
2412 2768
2412 2767
2412 2766
2412 2765
2411 2764
2411 2763
2410 2762
2409 2762
2408 2761
2407 2761
2406 2762
2405 2762
2404 2762
2403 2762
2402 2762
2401 2761
2400 2761
2399 2760
2398 2760
2397 2760
2396 2760
2395 2760
2394 2761
2393 2762
2392 2762
2391 2762
2390 2763
2389 2763
2388 2763
2387 2763
2386 2763
2385 2763
2384 2764
2383 2764
2382 2764
2381 2764
2380 2765
2379 2765
2378 2765
2377 2765
2376 2765
2375 2765
2374 2765
2373 2765
2372 2766
2371 2766
2370 2766
2369 2766
2368 2767
2367 2767
2366 2767
2365 2767
2364 2767
2363 2767
2362 2767
2361 2767
2360 2767
2359 2767
2358 2767
2357 2767
2356 2767
2355 2767
2354 2767
2353 2767
2352 2767
2351 2767
2350 2767
2349 2767
2348 2767
2347 2767
2346 2767
2345 2767
2344 2767
2343 2767
2342 2767
2341 2767
2340 2767
2339 2767
2338 2767
2337 2767
2336 2767
2335 2767
2334 2767
2333 2767
2332 2767
2331 2767
2330 2767
2329 2767
2328 2766
2327 2766
2326 2766
2325 2765
2324 2764
2323 2764
2322 2764
2321 2763
2320 2762
2319 2762
2318 2762
2317 2762
2316 2761
2315 2761
2314 2760
2313 2760
2312 2760
2311 2760
2310 2759
2309 2759
2308 2759
2307 2759
2306 2759
2305 2759
2304 2759
2303 2759
