2009 761
2008 762
2007 762
2006 762
2005 762
2004 763
2003 763
2002 763
2001 763
2000 763
1999 763
1998 763
1997 763
1996 763
1995 763
1994 764
1993 764
1992 764
1991 764
1990 765
1989 765
1988 765
1987 765
1986 765
1985 765
1984 765
1983 765
1982 765
1981 765
1980 765
1979 765
1978 766
1977 766
1976 766
1975 766
1974 767
1973 768
1972 769
1971 770
1970 770
1969 771
1968 772
1967 772
1966 773
1965 773
1964 773
1963 773
1962 774
1961 774
1960 774
1959 774
1958 775
1957 776
1956 777
1955 778
1954 778
1954 779
1953 780
1952 781
1951 782
1950 783
1950 784
1950 785
1949 786
1948 787
1948 788
1947 789
1947 790
1946 791
1945 792
1944 793
1944 794
1943 795
1942 796
1942 797
1941 798
1940 799
1940 800
1939 801
1939 802
1938 803
1938 804
1938 805
1937 806
1936 807
1936 808
1936 809
1935 810
1934 811
1934 812
1933 813
1933 814
1932 815
1931 816
1930 817
1930 818
1930 819
1929 820
1928 821
1928 822
1927 823
1927 824
1926 825
1926 826
1925 827
1925 828
1925 829
1925 830
1926 831
1926 832
1926 833
1926 834
1927 835
1928 836
1929 837
1930 838
1931 839
1932 839
1933 840
1934 840
1935 840
1936 840
1937 841
1938 841
1939 842
1940 843
1940 844
1941 845
1941 846
1941 847
1941 848
1941 849
1941 850
1941 851
1941 852
1941 853
1941 854
1941 855
1941 856
1941 857
1941 858
1941 859
1941 860
1941 861
1941 862
1942 863
1942 864
1943 865
1944 866
1944 867
1945 867
1946 868
1946 869
1947 869
1948 870
1948 871
1949 871
1950 872
1951 873
1952 873
1953 874
1954 874
1955 874
1956 874
1957 875
1958 875
1959 875
1960 875
1961 876
1962 876
1963 877
1964 877
1965 877
1966 878
1967 879
1968 879
1969 879
1970 880
1971 881
1972 881
1973 881
1974 881
1975 882
1976 882
1977 882
1978 882
1979 882
1980 882
1981 882
1982 882
1983 882
1984 882
1985 882
1986 882
1987 881
1988 881
1989 880
1990 879
1991 878
1992 877
1993 876
1993 875
1994 874
1995 873
1996 873
1997 873
1998 873
1999 873
2000 873
2001 874
2002 874
2003 873
2004 873
2005 873
2006 873
2007 873
2008 873
2009 874
2010 875
2011 875
2012 876
2013 877
2014 877
2015 878
2016 878
2017 878
2018 878
2019 878
2020 878
2021 877
2022 877
2023 877
2024 877
2025 876
2026 876
2027 875
2028 875
2029 875
2030 875
2031 874
2032 874
2033 873
2034 873
2035 872
2036 871
2037 871
2038 870
2039 869
2040 869
2041 868
2042 868
2043 867
2044 867
2045 866
2046 866
2047 865
2048 865
2049 864
2050 864
2051 864
2052 864
2053 863
2054 863
2055 863
2056 863
2057 862
2058 861
2059 861
2060 861
2061 860
2062 859
2063 859
2064 859
2065 858
2066 857
2067 856
2068 856
2069 855
2070 855
2071 854
2072 853
2073 852
2074 851
2075 851
2075 850
2076 849
2077 849
2077 848
2078 847
2079 847
2079 846
2080 845
2081 845
2081 844
2082 843
2083 843
2083 842
2084 841
2085 841
2086 840
2087 839
2088 839
2089 838
2090 838
2091 837
2092 837
2093 836
2094 835
2095 834
2095 833
2096 832
2096 831
2096 830
2096 829
2096 828
2096 827
2096 826
2096 825
2097 824
2097 823
2097 822
2097 821
2098 820
2098 819
2098 818
2098 817
2098 816
2098 815
2098 814
2098 813
2098 812
2098 811
2098 810
2098 809
2098 808
2098 807
2098 806
2098 805
2098 804
2098 803
2098 802
2098 801
2098 800
2098 799
2098 798
2098 797
2098 796
2098 795
2097 794
2097 793
2097 792
2097 791
2096 790
2095 789
2094 788
2093 787
2092 786
2091 786
2090 785
2089 785
2088 784
2087 784
2086 784
2085 783
2084 782
2083 782
2082 782
2081 781
2080 780
2079 780
2078 780
2077 779
2076 778
2075 778
2074 777
2073 777
2072 776
2071 776
2070 775
2069 775
2068 774
2067 774
2066 774
2065 774
2064 773
2063 773
2062 772
2061 772
2060 772
2059 771
2058 770
2057 770
2056 769
2055 769
2054 768
2053 767
2052 766
2051 766
2050 766
2049 766
2048 765
2047 765
2046 765
2045 765
2044 764
2043 764
2042 764
2041 764
2040 763
2039 763
2038 763
2037 763
2036 763
2035 763
2034 763
2033 763
2032 763
2031 763
2030 763
2029 763
2028 763
2027 763
2026 763
2025 763
2024 763
2023 763
2022 763
2021 763
2020 762
2019 762
2018 762
2017 762
2016 761
2015 761
2014 761
2013 761
2012 761
2011 761
2010 761
2009 761
