855 489
854 490
853 490
852 490
851 490
850 491
849 491
848 491
847 491
846 491
845 491
844 491
843 491
842 492
841 492
840 492
839 492
838 493
837 493
836 493
835 493
834 493
833 493
832 494
831 494
830 494
829 494
828 495
827 495
826 495
825 495
824 495
823 495
822 496
821 496
820 496
819 496
818 497
817 498
816 498
815 498
814 499
813 499
812 500
811 500
810 501
809 501
808 502
807 502
806 503
805 504
804 505
803 506
802 507
801 508
800 509
800 510
799 511
798 512
797 513
796 514
795 514
794 515
793 516
792 517
791 518
790 518
790 519
789 520
788 520
788 521
787 522
786 522
786 523
785 524
784 524
784 525
783 526
782 526
782 527
781 528
780 528
780 529
779 530
778 530
778 531
777 532
776 532
776 533
775 534
774 534
774 535
773 536
772 536
772 537
771 538
770 539
769 540
768 541
768 542
767 543
766 544
766 545
765 546
764 546
764 547
763 548
762 548
762 549
761 550
760 550
759 551
758 552
757 552
756 553
755 554
754 555
753 556
752 556
752 557
751 558
750 558
750 559
749 560
748 560
747 561
746 562
745 562
744 563
743 564
742 564
741 564
740 565
739 566
738 566
737 566
736 567
735 568
734 568
733 568
732 569
731 570
730 570
729 570
728 571
727 571
726 572
725 572
724 573
723 574
722 575
721 576
720 577
720 578
719 579
718 580
718 581
717 582
716 583
715 584
714 585
714 586
713 587
712 588
712 589
711 590
710 590
710 591
709 592
708 592
708 593
707 594
706 595
706 596
705 597
705 598
705 599
705 600
704 601
704 602
703 603
702 604
702 605
701 606
700 606
700 607
699 608
698 608
698 609
697 610
696 610
696 611
695 612
694 613
693 614
692 615
692 616
691 617
691 618
690 619
690 620
689 621
689 622
688 623
688 624
687 625
687 626
686 627
685 628
684 629
684 630
683 631
682 632
682 633
681 634
680 634
680 635
679 636
678 636
678 637
677 638
676 638
676 639
675 640
674 640
674 641
673 642
672 643
671 644
670 645
670 646
669 647
668 648
668 649
667 650
666 651
665 652
664 653
664 654
664 655
664 656
663 657
663 658
663 659
663 660
664 661
664 662
664 663
664 664
665 665
665 666
666 667
666 668
666 669
666 670
667 671
668 672
669 673
670 674
670 675
671 675
672 676
673 677
674 678
675 679
676 679
677 679
678 680
679 681
680 681
681 681
682 681
683 682
684 682
685 682
686 682
687 682
688 682
689 682
690 682
691 682
692 682
693 683
694 683
695 683
696 683
697 684
698 684
699 684
700 684
701 684
702 684
703 684
704 684
705 684
706 684
707 684
708 684
709 684
710 684
711 684
712 684
713 684
714 684
715 684
716 684
717 684
718 684
719 684
720 684
721 684
722 684
723 684
724 684
725 683
726 683
727 683
728 683
729 682
730 681
731 680
732 680
733 679
734 679
735 678
736 678
737 677
738 677
739 677
740 677
741 676
742 676
743 675
744 675
745 675
746 675
747 674
748 673
749 673
750 673
751 672
752 672
753 671
754 671
755 671
756 671
757 670
758 670
759 670
760 670
761 670
762 670
763 669
764 669
765 669
766 669
767 668
768 667
769 667
770 667
771 666
772 666
773 665
774 665
775 665
776 665
777 664
778 663
779 663
780 663
781 662
782 662
783 661
784 661
785 661
786 661
787 660
788 660
789 659
790 659
791 658
792 658
793 657
794 657
795 656
796 656
797 656
798 656
799 655
800 655
801 655
802 655
803 654
804 653
805 653
806 653
807 652
808 651
809 651
810 651
811 650
812 650
813 650
814 650
815 650
816 650
817 650
818 650
819 649
820 649
821 649
822 649
823 648
824 648
825 648
826 648
827 648
828 648
829 647
830 647
831 647
832 647
833 646
834 646
835 646
836 646
837 646
838 646
839 646
840 646
841 646
842 646
843 646
844 646
845 646
846 646
847 646
848 646
849 646
850 646
851 647
852 647
853 647
854 647
855 648
856 648
857 648
858 648
859 648
860 648
861 648
862 648
863 648
864 648
865 648
866 648
867 648
868 648
869 648
870 648
871 648
872 648
873 648
874 648
875 648
876 648
877 649
878 649
879 649
880 649
881 650
882 650
883 650
884 650
885 650
886 650
887 650
888 650
889 651
890 651
891 651
892 651
893 652
894 652
895 652
896 652
897 652
898 652
899 652
900 652
901 652
902 652
903 652
904 652
905 652
906 652
907 652
908 652
909 653
910 653
911 653
912 653
913 654
914 654
915 654
916 654
917 654
918 654
919 654
920 654
921 654
922 654
923 655
924 655
925 655
926 655
927 656
928 656
929 656
930 656
931 656
932 656
933 656
934 656
935 656
936 656
937 656
938 656
939 656
940 656
941 656
942 656
943 656
944 656
945 656
946 656
947 656
948 656
949 656
950 656
951 656
952 656
953 657
954 657
955 657
956 657
957 658
958 658
959 658
960 658
961 658
962 658
963 658
964 658
965 658
966 658
967 658
968 658
969 658
970 658
971 659
972 659
973 659
974 659
975 660
976 660
977 660
978 660
979 660
980 660
981 660
982 660
983 660
984 660
985 660
986 660
987 661
988 661
989 661
990 661
991 662
992 662
993 662
994 662
995 662
996 662
997 662
998 662
999 662
1000 662
1001 663
1002 663
1003 664
1004 664
1005 665
1006 665
1007 666
1008 666
1009 666
1010 666
1011 666
1012 666
1013 666
1014 666
1015 666
1016 666
1017 666
1018 666
1019 666
1020 666
1021 665
1022 665
1023 665
1024 665
1025 664
1026 664
1027 664
1028 664
1029 664
1030 664
1031 664
1032 664
1033 664
1034 664
1035 664
1036 664
1037 664
1038 664
1039 664
1040 664
1041 664
1042 664
1043 664
1044 664
1045 664
1046 664
1047 664
1048 664
1049 664
1050 664
1051 664
1052 664
1053 663
1054 663
1055 663
1056 663
1057 662
1058 662
1059 662
1060 662
1061 662
1062 662
1063 662
1064 662
1065 662
1066 662
1067 662
1068 662
1069 662
1070 662
1071 662
1072 662
1073 662
1074 662
1075 662
1076 662
1077 662
1078 662
1079 662
1080 662
1081 662
1082 662
1083 662
1084 662
1085 662
1086 662
1087 661
1088 661
1089 660
1090 659
1091 659
1091 658
1092 657
1093 656
1094 655
1095 654
1095 653
1095 652
1095 651
1096 650
1096 649
1097 648
1097 647
1098 646
1098 645
1099 644
1100 643
1101 642
1101 641
1102 640
1103 639
1103 638
1104 637
1105 637
1105 636
1106 635
1107 635
1107 634
1108 633
1109 632
1110 631
1111 630
1111 629
1112 628
1113 627
1113 626
1114 625
1115 625
1115 624
1116 623
1117 622
1117 621
1118 620
1118 619
1119 618
1119 617
1119 616
1119 615
1120 614
1120 613
1120 612
1120 611
1120 610
1120 609
1120 608
1120 607
1120 606
1120 605
1120 604
1120 603
1120 602
1120 601
1120 600
1120 599
1120 598
1120 597
1120 596
1120 595
1120 594
1120 593
1120 592
1120 591
1120 590
1120 589
1120 588
1120 587
1120 586
1120 585
1120 584
1120 583
1120 582
1120 581
1120 580
1120 579
1120 578
1120 577
1120 576
1120 575
1119 574
1119 573
1118 572
1118 571
1117 570
1117 569
1116 568
1115 567
1114 566
1113 565
1113 564
1112 564
1111 563
1111 562
1110 562
1109 561
1109 560
1108 560
1107 559
1107 558
1106 558
1105 557
1105 556
1104 555
1103 554
1103 553
1102 552
1101 551
1100 550
1099 549
1099 548
1098 548
1097 547
1097 546
1096 546
1095 545
1095 544
1094 544
1093 543
1093 542
1092 542
1091 541
1091 540
1090 540
1089 539
1089 538
1088 538
1087 537
1087 536
1086 536
1085 535
1085 534
1084 534
1083 533
1083 532
1082 532
1081 531
1080 530
1079 529
1078 528
1077 528
1076 527
1075 526
1074 526
1073 525
1073 524
1072 524
1071 523
1070 522
1069 521
1068 520
1067 520
1066 520
1065 520
1064 519
1063 519
1062 518
1061 518
1060 517
1059 516
1058 516
1057 515
1057 514
1056 514
1055 513
1055 512
1054 512
1053 511
1053 510
1052 510
1051 509
1051 508
1050 508
1049 507
1048 506
1047 506
1046 505
1045 505
1044 505
1043 505
1042 505
1041 505
1040 506
1039 507
1038 508
1037 509
1036 510
1035 510
1034 511
1033 511
1032 511
1031 511
1030 511
1029 511
1028 511
1027 511
1026 512
1025 512
1024 512
1023 512
1022 513
1021 513
1020 513
1019 513
1018 513
1017 513
1016 513
1015 513
1014 513
1013 513
1012 513
1011 513
1010 513
1009 513
1008 512
1007 512
1006 511
1005 511
1004 510
1003 509
1002 508
1001 508
1000 508
999 508
998 507
997 507
996 506
995 506
994 505
993 504
992 503
991 502
991 501
990 500
990 499
990 498
990 497
990 496
990 495
990 494
990 493
990 492
990 491
989 491
988 491
987 491
986 491
985 491
984 491
983 491
982 491
981 491
980 491
979 491
978 490
977 490
976 490
975 490
974 489
973 489
972 489
971 489
970 489
969 489
968 489
967 489
966 489
965 489
964 489
963 489
962 489
961 489
960 489
959 489
958 489
957 489
956 489
955 489
954 489
953 489
952 489
951 489
950 489
949 489
948 489
947 489
946 489
945 489
944 489
943 489
942 489
941 489
940 489
939 489
938 489
937 489
936 489
935 489
934 489
933 489
932 489
931 489
930 489
929 489
928 489
927 489
926 489
925 489
924 489
923 489
922 489
921 489
920 489
919 489
918 489
917 489
916 489
915 489
914 489
913 489
912 489
911 489
910 489
909 489
908 489
907 489
906 489
905 489
904 489
903 489
902 489
901 489
900 489
899 489
898 489
897 489
896 489
895 489
894 489
893 489
892 489
891 489
890 489
889 489
888 489
887 489
886 489
885 489
884 489
883 489
882 489
881 489
880 489
879 489
878 489
877 489
876 489
875 489
874 489
873 489
872 489
871 489
870 489
869 489
868 489
867 489
866 489
865 489
864 489
863 489
862 489
861 489
860 489
859 489
858 489
857 489
856 489
855 489
