2117 3383
2116 3384
2115 3384
2114 3385
2113 3386
2112 3386
2111 3387
2110 3388
2109 3388
2108 3389
2107 3389
2106 3390
2105 3390
2104 3390
2103 3390
2102 3391
2101 3392
2100 3393
2099 3394
2098 3394
2098 3395
2097 3396
2096 3396
2096 3397
2095 3398
2094 3398
2094 3399
2093 3400
2092 3400
2092 3401
2091 3402
2090 3403
2089 3404
2088 3405
2088 3406
2087 3407
2086 3408
2086 3409
2085 3410
2084 3410
2084 3411
2083 3412
2082 3413
2081 3414
2080 3415
2080 3416
2079 3417
2078 3418
2078 3419
2077 3420
2076 3420
2076 3421
2075 3422
2074 3422
2074 3423
2073 3424
2072 3425
2071 3426
2070 3427
2070 3428
2069 3429
2069 3430
2068 3431
2068 3432
2067 3433
2067 3434
2068 3435
2068 3436
2068 3437
2068 3438
2068 3439
2068 3440
2068 3441
2068 3442
2067 3443
2067 3444
2066 3445
2066 3446
2066 3447
2066 3448
2065 3449
2065 3450
2065 3451
2065 3452
2065 3453
2065 3454
2066 3455
2066 3456
2066 3457
2066 3458
2067 3459
2067 3460
2067 3461
2067 3462
2067 3463
2067 3464
2067 3465
2067 3466
2067 3467
2067 3468
2068 3469
2068 3470
2069 3471
2069 3472
2070 3473
2070 3474
2071 3475
2071 3476
2071 3477
2071 3478
2072 3479
2072 3480
2073 3481
2074 3482
2074 3483
2075 3483
2076 3484
2076 3485
2077 3486
2078 3487
2078 3488
2079 3489
2079 3490
2079 3491
2079 3492
2080 3493
2080 3494
2081 3495
2081 3496
2082 3497
2082 3498
2083 3499
2084 3500
2084 3501
2084 3502
2085 3503
2086 3504
2087 3505
2087 3506
2088 3507
2088 3508
2089 3509
2090 3510
2091 3511
2091 3512
2092 3513
2092 3514
2093 3515
2093 3516
2093 3517
2093 3518
2093 3519
2093 3520
2093 3521
2093 3522
2094 3523
2094 3524
2094 3525
2094 3526
2095 3527
2096 3528
2096 3529
2096 3530
2097 3531
2098 3532
2099 3533
2100 3534
2101 3535
2102 3535
2103 3536
2104 3536
2105 3536
2106 3536
2107 3536
2108 3536
2109 3536
2110 3536
2111 3537
2112 3537
2113 3538
2114 3538
2115 3539
2116 3539
2117 3540
2118 3540
2119 3540
2120 3540
2121 3540
2122 3540
2123 3540
2124 3540
2125 3540
2126 3540
2127 3540
2128 3540
2129 3539
2130 3539
2131 3539
2132 3539
2133 3538
2134 3538
2135 3538
2136 3538
2137 3539
2138 3539
2139 3540
2140 3540
2141 3541
2142 3541
2143 3542
2144 3542
2145 3542
2146 3542
2147 3542
2148 3542
2149 3542
2150 3542
2151 3542
2152 3542
2153 3542
2154 3542
2155 3541
2156 3541
2157 3541
2158 3541
2159 3540
2160 3540
2161 3540
2162 3540
2163 3540
2164 3540
2165 3540
2166 3540
2167 3540
2168 3540
2169 3540
2170 3540
2171 3540
2172 3540
2173 3540
2174 3540
2175 3540
2176 3540
2177 3540
2178 3540
2179 3540
2180 3540
2181 3540
2182 3540
2183 3540
2184 3540
2185 3540
2186 3540
2187 3540
2188 3540
2189 3540
2190 3540
2191 3540
2192 3540
2193 3540
2194 3540
2195 3540
2196 3540
2197 3540
2198 3540
2199 3540
2200 3540
2201 3540
2202 3540
2203 3540
2204 3540
2205 3540
2206 3540
2207 3540
2208 3540
2209 3540
2210 3540
2211 3540
2212 3540
2213 3540
2214 3540
2215 3540
2216 3540
2217 3540
2218 3540
2219 3540
2220 3540
2221 3540
2222 3540
2223 3541
2224 3541
2225 3541
2226 3541
2227 3542
2228 3542
2229 3542
2230 3542
2231 3542
2232 3542
2233 3542
2234 3542
2235 3542
2236 3542
2237 3542
2238 3542
2239 3542
2240 3542
2241 3542
2242 3542
2243 3541
2244 3541
2245 3541
2246 3541
2247 3540
2248 3540
2249 3540
2250 3540
2251 3540
2252 3540
2253 3540
2254 3540
2255 3540
2256 3540
2257 3540
2258 3540
2259 3540
2260 3540
2261 3540
2262 3540
2263 3540
2264 3540
2265 3539
2266 3539
2267 3539
2268 3539
2269 3538
2270 3538
2271 3537
2272 3537
2273 3537
2274 3537
2275 3536
2276 3536
2277 3536
2278 3536
2279 3536
2280 3536
2281 3536
2282 3536
2283 3536
2284 3536
2285 3536
2286 3536
2287 3536
2288 3536
2289 3537
2290 3537
2291 3538
2292 3538
2293 3539
2294 3539
2295 3540
2296 3540
2297 3540
2298 3540
2299 3540
2300 3540
2301 3540
2302 3540
2303 3540
2304 3540
2305 3540
2306 3540
2307 3540
2308 3540
2309 3540
2310 3540
2311 3540
2312 3540
2313 3540
2314 3540
2315 3540
2316 3540
2317 3540
2318 3540
2319 3540
2320 3540
2321 3540
2322 3540
2323 3540
2324 3540
2325 3541
2326 3541
2327 3541
2328 3541
2329 3542
2330 3542
2331 3542
2332 3542
2333 3542
2334 3542
2335 3542
2336 3542
2337 3541
2338 3541
2339 3541
2340 3541
2341 3540
2342 3540
2343 3540
2344 3540
2345 3539
2346 3539
2347 3539
2348 3539
2349 3538
2350 3538
2351 3537
2352 3537
2353 3537
2354 3537
2355 3536
2356 3536
2357 3536
2358 3536
2359 3536
2360 3536
2361 3536
2362 3536
2363 3536
2364 3536
2365 3536
2366 3536
2367 3536
2368 3536
2369 3535
2370 3535
2371 3534
2372 3533
2373 3533
2373 3532
2374 3531
2375 3531
2375 3530
2376 3529
2377 3529
2378 3528
2379 3527
2380 3527
2381 3526
2382 3525
2383 3525
2384 3525
2385 3524
2386 3523
2387 3522
2388 3522
2389 3521
2390 3521
2391 3520
2392 3520
2393 3519
2394 3519
2395 3518
2396 3517
2397 3517
2397 3516
2398 3515
2399 3515
2399 3514
2400 3513
2401 3512
2401 3511
2402 3510
2402 3509
2402 3508
2402 3507
2402 3506
2402 3505
2403 3504
2404 3504
2405 3504
2406 3504
2407 3503
2408 3503
2409 3502
2410 3502
2411 3501
2412 3501
2413 3500
2414 3500
2415 3500
2416 3500
2417 3499
2418 3499
2419 3499
2420 3499
2421 3498
2422 3498
2423 3497
2424 3497
2425 3496
2426 3495
2427 3494
2428 3493
2429 3492
2429 3491
2430 3490
2431 3489
2431 3488
2432 3487
2433 3487
2433 3486
2434 3485
2435 3485
2435 3484
2436 3483
2437 3482
2438 3481
2439 3480
2439 3479
2440 3478
2441 3477
2441 3476
2442 3475
2443 3474
2443 3473
2444 3472
2444 3471
2444 3470
2444 3469
2444 3468
2444 3467
2444 3466
2444 3465
2445 3464
2445 3463
2445 3462
2445 3461
2446 3460
2446 3459
2446 3458
2446 3457
2446 3456
2446 3455
2445 3454
2445 3453
2445 3452
2445 3451
2444 3450
2443 3449
2443 3448
2443 3447
2442 3446
2442 3445
2441 3444
2441 3443
2440 3442
2440 3441
2439 3440
2439 3439
2438 3438
2437 3437
2436 3436
2435 3435
2434 3434
2433 3433
2432 3432
2431 3432
2430 3431
2429 3430
2428 3430
2427 3429
2427 3428
2426 3428
2425 3427
2425 3426
2424 3426
2423 3425
2423 3424
2422 3424
2421 3423
2421 3422
2420 3422
2419 3421
2419 3420
2418 3420
2417 3419
2417 3418
2416 3418
2415 3417
2414 3416
2413 3415
2412 3414
2411 3414
2410 3413
2409 3413
2408 3412
2407 3411
2406 3410
2405 3410
2404 3410
2403 3409
2402 3408
2401 3408
2400 3408
2399 3408
2398 3407
2397 3407
2396 3406
2395 3406
2394 3406
2393 3406
2392 3405
2391 3405
2390 3405
2389 3405
2388 3404
2387 3404
2386 3404
2385 3403
2384 3402
2383 3402
2382 3402
2381 3401
2380 3400
2379 3400
2378 3400
2377 3399
2376 3398
2375 3398
2374 3397
2373 3396
2372 3396
2371 3395
2371 3394
2370 3394
2369 3393
2368 3392
2367 3392
2366 3391
2365 3391
2364 3391
2363 3391
2362 3390
2361 3390
2360 3390
2359 3390
2358 3389
2357 3389
2356 3389
2355 3389
2354 3389
2353 3389
2352 3389
2351 3389
2350 3389
2349 3389
2348 3389
2347 3389
2346 3389
2345 3389
2344 3389
2343 3389
2342 3389
2341 3389
2340 3389
2339 3389
2338 3389
2337 3389
2336 3389
2335 3389
2334 3389
2333 3389
2332 3390
2331 3390
2330 3390
2329 3390
2328 3391
2327 3391
2326 3391
2325 3391
2324 3392
2323 3392
2322 3392
2321 3392
2320 3393
2319 3394
2318 3394
2317 3394
2316 3395
2315 3395
2314 3396
2313 3396
2312 3396
2311 3396
2310 3396
2309 3396
2308 3396
2307 3396
2306 3395
2305 3395
2304 3395
2303 3395
2302 3394
2301 3394
2300 3394
2299 3394
2298 3393
2297 3393
2296 3392
2295 3392
2294 3391
2293 3391
2292 3390
2291 3390
2290 3389
2289 3389
2288 3388
2287 3388
2286 3388
2285 3388
2284 3387
2283 3387
2282 3388
2281 3388
2280 3388
2279 3388
2278 3389
2277 3389
2276 3389
2275 3389
2274 3389
2273 3389
2272 3389
2271 3389
2270 3389
2269 3389
2268 3389
2267 3389
2266 3389
2265 3389
2264 3390
2263 3390
2262 3390
2261 3390
2260 3391
2259 3391
2258 3391
2257 3391
2256 3392
2255 3392
2254 3392
2253 3392
2252 3393
2251 3393
2250 3393
2249 3393
2248 3393
2247 3393
2246 3394
2245 3394
2244 3394
2243 3394
2242 3395
2241 3395
2240 3395
2239 3395
2238 3395
2237 3395
2236 3396
2235 3396
2234 3397
2233 3397
2232 3398
2231 3398
2230 3399
2229 3399
2228 3399
2227 3399
2226 3400
2225 3400
2224 3400
2223 3400
2222 3401
2221 3401
2220 3401
2219 3401
2218 3400
2217 3400
2216 3400
2215 3399
2214 3398
2213 3398
2212 3398
2211 3398
2210 3397
2209 3397
2208 3397
2207 3397
2206 3397
2205 3397
2204 3397
2203 3397
2202 3397
2201 3397
2200 3397
2199 3397
2198 3397
2197 3397
2196 3397
2195 3397
2194 3397
2193 3397
2192 3397
2191 3397
2190 3397
2189 3397
2188 3396
2187 3396
2186 3396
2185 3396
2184 3395
2183 3395
2182 3394
2181 3394
2180 3394
2179 3394
2178 3393
2177 3393
2176 3392
2175 3392
2174 3392
2173 3392
2172 3391
2171 3391
2170 3390
2169 3390
2168 3390
2167 3390
2166 3389
2165 3389
2164 3389
2163 3389
2162 3389
2161 3389
2160 3389
2159 3389
2158 3389
2157 3389
2156 3388
2155 3388
2154 3388
2153 3388
2152 3387
2151 3387
2150 3387
2149 3387
2148 3387
2147 3387
2146 3387
2145 3387
2144 3387
2143 3387
2142 3387
2141 3387
2140 3386
2139 3386
2138 3386
2137 3386
2136 3385
2135 3385
2134 3385
2133 3385
2132 3384
2131 3384
2130 3384
2129 3384
2128 3383
2127 3383
2126 3383
2125 3383
2124 3383
2123 3383
2122 3383
2121 3383
2120 3383
2119 3383
2118 3383
2117 3383
