1133 1167
1132 1168
1131 1168
1130 1168
1129 1168
1128 1169
1127 1169
1126 1169
1125 1169
1124 1169
1123 1169
1122 1169
1121 1169
1120 1169
1119 1169
1118 1169
1117 1169
1116 1169
1115 1169
1114 1169
1113 1169
1112 1169
1111 1169
1110 1169
1109 1169
1108 1169
1107 1169
1106 1169
1105 1169
1104 1169
1103 1169
1102 1169
1101 1169
1100 1170
1099 1170
1098 1170
1097 1170
1096 1171
1095 1171
1094 1171
1093 1171
1092 1171
1091 1171
1090 1171
1089 1171
1088 1171
1087 1171
1086 1171
1085 1171
1084 1171
1083 1171
1082 1171
1081 1171
1080 1171
1079 1171
1078 1171
1077 1171
1076 1172
1075 1172
1074 1172
1073 1172
1072 1173
1071 1173
1070 1173
1069 1173
1068 1173
1067 1173
1066 1174
1065 1174
1064 1174
1063 1174
1062 1175
1061 1175
1060 1175
1059 1175
1058 1175
1057 1175
1056 1175
1055 1175
1054 1176
1053 1176
1052 1176
1051 1176
1050 1177
1049 1178
1048 1178
1047 1178
1046 1179
1045 1179
1044 1179
1043 1179
1042 1179
1041 1179
1040 1180
1039 1180
1038 1180
1037 1180
1036 1181
1035 1181
1034 1181
1033 1181
1032 1181
1031 1181
1030 1181
1029 1181
1028 1181
1027 1181
1026 1181
1025 1181
1024 1182
1023 1182
1022 1182
1021 1182
1020 1183
1019 1183
1018 1183
1017 1183
1016 1183
1015 1183
1014 1183
1013 1183
1012 1183
1011 1183
1010 1183
1009 1183
1008 1183
1007 1183
1006 1183
1005 1183
1004 1183
1003 1183
1002 1183
1001 1183
1000 1183
999 1183
998 1183
997 1183
996 1183
995 1183
994 1183
993 1183
992 1183
991 1183
990 1183
989 1183
988 1183
987 1183
986 1183
985 1183
984 1183
983 1183
982 1183
981 1183
980 1183
979 1183
978 1183
977 1183
976 1183
975 1183
974 1183
973 1183
972 1183
971 1183
970 1182
969 1182
968 1182
967 1182
966 1181
965 1181
964 1181
963 1181
962 1181
961 1181
960 1181
959 1181
958 1181
957 1181
956 1181
955 1181
954 1181
953 1181
952 1182
951 1182
950 1183
949 1184
948 1184
948 1185
947 1186
946 1186
946 1187
945 1188
944 1188
943 1189
942 1190
941 1190
940 1191
939 1191
938 1192
937 1192
936 1192
935 1192
934 1193
933 1193
932 1194
931 1194
930 1194
929 1194
928 1195
927 1196
926 1197
925 1198
924 1198
924 1199
923 1200
922 1200
922 1201
921 1202
920 1202
919 1203
918 1204
917 1204
916 1205
915 1206
914 1206
913 1206
912 1207
911 1207
910 1207
909 1207
908 1208
907 1208
906 1209
905 1210
904 1211
904 1212
904 1213
903 1214
902 1215
902 1216
901 1217
900 1218
900 1219
899 1220
898 1220
898 1221
897 1222
896 1222
896 1223
895 1224
894 1224
894 1225
893 1226
892 1226
892 1227
891 1228
890 1228
890 1229
889 1230
888 1230
888 1231
887 1232
886 1232
886 1233
885 1234
884 1234
884 1235
883 1236
882 1236
882 1237
881 1238
880 1238
880 1239
879 1240
878 1240
878 1241
877 1242
876 1242
876 1243
875 1244
874 1244
873 1245
872 1246
871 1246
870 1247
869 1247
868 1247
867 1247
866 1248
865 1248
864 1248
863 1248
862 1249
861 1249
860 1249
859 1249
858 1250
857 1250
856 1250
855 1250
854 1251
853 1252
852 1252
851 1252
850 1253
849 1253
848 1254
847 1254
846 1254
845 1254
844 1255
843 1255
842 1255
841 1255
840 1255
839 1255
838 1256
837 1256
836 1257
835 1257
834 1258
833 1258
832 1259
831 1260
830 1261
829 1262
828 1262
828 1263
827 1264
826 1264
826 1265
825 1266
824 1266
824 1267
823 1268
822 1268
822 1269
821 1270
820 1270
820 1271
819 1272
818 1272
818 1273
817 1274
816 1274
816 1275
815 1276
814 1276
814 1277
813 1278
812 1278
812 1279
811 1280
810 1280
810 1281
809 1282
808 1282
808 1283
807 1284
806 1284
806 1285
805 1286
804 1286
804 1287
803 1288
802 1288
801 1289
800 1290
799 1290
798 1291
797 1292
796 1292
795 1292
794 1293
793 1293
792 1294
791 1294
790 1294
789 1294
788 1295
787 1296
786 1297
785 1297
784 1298
783 1298
782 1299
781 1299
780 1300
779 1300
778 1300
777 1300
776 1301
775 1302
774 1303
773 1303
772 1304
771 1304
770 1305
769 1305
768 1305
767 1305
766 1306
765 1306
764 1307
763 1308
762 1308
762 1309
761 1310
760 1310
759 1311
758 1312
757 1312
756 1313
755 1314
754 1315
753 1316
752 1316
752 1317
751 1318
750 1319
750 1320
749 1321
749 1322
749 1323
749 1324
749 1325
749 1326
749 1327
749 1328
749 1329
749 1330
749 1331
749 1332
750 1333
750 1334
750 1335
750 1336
751 1337
751 1338
752 1339
752 1340
752 1341
752 1342
753 1343
753 1344
754 1345
754 1346
755 1347
756 1348
757 1349
758 1350
759 1351
760 1351
761 1351
762 1351
763 1352
764 1352
765 1352
766 1352
767 1352
768 1352
769 1352
770 1352
771 1352
772 1352
773 1352
774 1352
775 1352
776 1352
777 1352
778 1352
779 1351
780 1351
781 1351
782 1351
783 1350
784 1350
785 1350
786 1350
787 1350
788 1350
789 1350
790 1350
791 1350
792 1350
793 1350
794 1350
795 1350
796 1350
797 1350
798 1350
799 1350
800 1350
801 1350
802 1350
803 1350
804 1350
805 1350
806 1350
807 1350
808 1350
809 1350
810 1350
811 1350
812 1350
813 1350
814 1350
815 1350
816 1350
817 1350
818 1350
819 1350
820 1350
821 1350
822 1350
823 1350
824 1350
825 1350
826 1350
827 1350
828 1350
829 1350
830 1350
831 1350
832 1350
833 1350
834 1350
835 1350
836 1350
837 1350
838 1350
839 1350
840 1350
841 1350
842 1350
843 1350
844 1350
845 1350
846 1350
847 1350
848 1350
849 1350
850 1350
851 1350
852 1350
853 1350
854 1350
855 1350
856 1350
857 1350
858 1350
859 1350
860 1350
861 1350
862 1350
863 1350
864 1350
865 1350
866 1350
867 1350
868 1350
869 1350
870 1350
871 1349
872 1349
873 1349
874 1349
875 1348
876 1348
877 1348
878 1348
879 1348
880 1348
881 1348
882 1348
883 1348
884 1348
885 1347
886 1347
887 1347
888 1347
889 1346
890 1346
891 1346
892 1346
893 1346
894 1346
895 1345
896 1345
897 1345
898 1345
899 1344
900 1344
901 1344
902 1344
903 1344
904 1344
905 1344
906 1344
907 1344
908 1344
909 1344
910 1344
911 1344
912 1344
913 1344
914 1344
915 1343
916 1343
917 1343
918 1343
919 1342
920 1342
921 1342
922 1342
923 1342
924 1342
925 1342
926 1342
927 1342
928 1342
929 1342
930 1342
931 1342
932 1342
933 1342
934 1342
935 1342
936 1342
937 1342
938 1342
939 1342
940 1342
941 1342
942 1342
943 1342
944 1342
945 1342
946 1342
947 1342
948 1342
949 1342
950 1342
951 1342
952 1342
953 1342
954 1342
955 1342
956 1342
957 1342
958 1342
959 1341
960 1341
961 1341
962 1341
963 1340
964 1340
965 1340
966 1340
967 1339
968 1339
969 1339
970 1339
971 1338
972 1338
973 1338
974 1338
975 1338
976 1338
977 1338
978 1338
979 1338
980 1338
981 1338
982 1338
983 1337
984 1337
985 1337
986 1337
987 1336
988 1336
989 1336
990 1336
991 1336
992 1336
993 1336
994 1336
995 1336
996 1336
997 1336
998 1336
999 1336
1000 1336
1001 1337
1002 1337
1003 1337
1004 1337
1005 1338
1006 1338
1007 1338
1008 1338
1009 1338
1010 1338
1011 1338
1012 1338
1013 1338
1014 1338
1015 1338
1016 1338
1017 1338
1018 1338
1019 1338
1020 1338
1021 1338
1022 1338
1023 1338
1024 1338
1025 1338
1026 1338
1027 1338
1028 1338
1029 1338
1030 1338
1031 1338
1032 1338
1033 1338
1034 1338
1035 1338
1036 1338
1037 1338
1038 1338
1039 1338
1040 1338
1041 1338
1042 1338
1043 1339
1044 1339
1045 1339
1046 1339
1047 1340
1048 1340
1049 1340
1050 1340
1051 1341
1052 1341
1053 1341
1054 1341
1055 1342
1056 1342
1057 1342
1058 1342
1059 1342
1060 1342
1061 1342
1062 1342
1063 1342
1064 1342
1065 1342
1066 1342
1067 1341
1068 1341
1069 1341
1070 1341
1071 1340
1072 1340
1073 1340
1074 1340
1075 1340
1076 1340
1077 1340
1078 1340
1079 1340
1080 1340
1081 1340
1082 1340
1083 1340
1084 1340
1085 1340
1086 1340
1087 1340
1088 1340
1089 1340
1090 1340
1091 1340
1092 1340
1093 1340
1094 1340
1095 1340
1096 1340
1097 1341
1098 1341
1099 1341
1100 1341
1101 1342
1102 1342
1103 1342
1104 1342
1105 1342
1106 1342
1107 1342
1108 1342
1109 1342
1110 1342
1111 1342
1112 1342
1113 1342
1114 1342
1115 1342
1116 1342
1117 1342
1118 1342
1119 1342
1120 1342
1121 1342
1122 1342
1123 1342
1124 1342
1125 1342
1126 1342
1127 1342
1128 1342
1129 1342
1130 1342
1131 1342
1132 1342
1133 1342
1134 1342
1135 1342
1136 1342
1137 1342
1138 1342
1139 1342
1140 1342
1141 1342
1142 1342
1143 1342
1144 1342
1145 1343
1146 1343
1147 1343
1148 1343
1149 1344
1150 1344
1151 1344
1152 1344
1153 1344
1154 1344
1155 1344
1156 1344
1157 1344
1158 1344
1159 1344
1160 1344
1161 1344
1162 1344
1163 1344
1164 1344
1165 1344
1166 1344
1167 1344
1168 1344
1169 1344
1170 1344
1171 1344
1172 1344
1173 1344
1174 1344
1175 1344
1176 1344
1177 1344
1178 1344
1179 1344
1180 1344
1181 1344
1182 1344
1183 1344
1184 1344
1185 1344
1186 1344
1187 1344
1188 1344
1189 1344
1190 1344
1191 1344
1192 1344
1193 1344
1194 1344
1195 1344
1196 1344
1197 1344
1198 1344
1199 1344
1200 1344
1201 1344
1202 1344
1203 1344
1204 1344
1205 1344
1206 1344
1207 1344
1208 1344
1209 1344
1210 1344
1211 1344
1212 1344
1213 1344
1214 1344
1215 1344
1216 1344
1217 1344
1218 1344
1219 1344
1220 1344
1221 1344
1222 1344
1223 1344
1224 1344
1225 1344
1226 1344
1227 1344
1228 1344
1229 1344
1230 1344
1231 1344
1232 1344
1233 1344
1234 1344
1235 1344
1236 1344
1237 1344
1238 1344
1239 1344
1240 1344
1241 1344
1242 1344
1243 1344
1244 1344
1245 1344
1246 1344
1247 1344
1248 1344
1249 1344
1250 1344
1251 1344
1252 1344
1253 1344
1254 1344
1255 1344
1256 1344
1257 1343
1258 1343
1259 1343
1260 1343
1261 1342
1262 1342
1263 1342
1264 1342
1265 1342
1266 1342
1267 1342
1268 1342
1269 1342
1270 1342
1271 1342
1272 1342
1273 1342
1274 1342
1275 1342
1276 1342
1277 1341
1278 1341
1279 1341
1280 1341
1281 1340
1282 1340
1283 1340
1284 1340
1285 1340
1286 1340
1287 1340
1288 1340
1289 1340
1290 1340
1291 1340
1292 1340
1293 1340
1294 1340
1295 1339
1296 1339
1297 1338
1298 1337
1299 1337
1299 1336
1300 1335
1301 1335
1301 1334
1302 1333
1303 1332
1303 1331
1304 1330
1304 1329
1305 1328
1305 1327
1305 1326
1306 1325
1307 1324
1307 1323
1308 1322
1309 1321
1309 1320
1310 1319
1311 1319
1311 1318
1312 1317
1313 1316
1314 1315
1315 1314
1315 1313
1315 1312
1316 1311
1317 1310
1317 1309
1317 1308
1318 1307
1319 1306
1319 1305
1320 1304
1321 1303
1321 1302
1322 1301
1323 1301
1323 1300
1324 1299
1325 1298
1326 1297
1327 1296
1327 1295
1327 1294
1328 1293
1329 1292
1329 1291
1329 1290
1329 1289
1330 1288
1330 1287
1330 1286
1330 1285
1331 1284
1331 1283
1332 1282
1332 1281
1333 1280
1333 1279
1334 1278
1334 1277
1335 1276
1335 1275
1335 1274
1335 1273
1336 1272
1336 1271
1336 1270
1336 1269
1336 1268
1336 1267
1336 1266
1336 1265
1336 1264
1336 1263
1336 1262
1336 1261
1336 1260
1336 1259
1336 1258
1336 1257
1336 1256
1336 1255
1336 1254
1336 1253
1337 1252
1337 1251
1337 1250
1338 1249
1339 1248
1339 1247
1339 1246
1339 1245
1340 1244
1340 1243
1340 1242
1340 1241
1340 1240
1340 1239
1341 1238
1341 1237
1341 1236
1342 1235
1343 1234
1343 1233
1344 1232
1345 1231
1345 1230
1346 1229
1347 1228
1348 1227
1349 1226
1349 1225
1349 1224
1349 1223
1350 1222
1350 1221
1350 1220
1350 1219
1350 1218
1350 1217
1350 1216
1350 1215
1349 1214
1349 1213
1348 1212
1347 1212
1346 1211
1345 1211
1344 1210
1343 1210
1342 1210
1341 1209
1340 1208
1339 1208
1338 1208
1337 1207
1336 1206
1335 1206
1334 1206
1333 1206
1332 1205
1331 1205
1330 1205
1329 1205
1328 1205
1327 1205
1326 1205
1325 1205
1324 1204
1323 1204
1322 1203
1321 1203
1320 1202
1319 1202
1318 1201
1317 1201
1316 1201
1315 1201
1314 1201
1313 1201
1312 1201
1311 1201
1310 1201
1309 1201
1308 1201
1307 1201
1306 1201
1305 1201
1304 1201
1303 1201
1302 1201
1301 1201
1300 1200
1299 1200
1298 1200
1297 1200
1296 1199
1295 1199
1294 1199
1293 1199
1292 1199
1291 1199
1290 1199
1289 1199
1288 1199
1287 1199
1286 1199
1285 1199
1284 1198
1283 1198
1282 1198
1281 1198
1280 1197
1279 1197
1278 1197
1277 1197
1276 1197
1275 1197
1274 1197
1273 1197
1272 1197
1271 1197
1270 1197
1269 1197
1268 1197
1267 1197
1266 1197
1265 1197
1264 1197
1263 1197
1262 1197
1261 1197
1260 1197
1259 1197
1258 1196
1257 1196
1256 1195
1255 1194
1254 1194
1253 1193
1253 1192
1252 1192
1251 1191
1250 1190
1249 1189
1248 1188
1247 1188
1246 1188
1245 1188
1244 1187
1243 1187
1242 1187
1241 1187
1240 1186
1239 1186
1238 1186
1237 1185
1236 1184
1235 1184
1234 1184
1233 1184
1232 1183
1231 1183
1230 1183
1229 1183
1228 1183
1227 1183
1226 1183
1225 1183
1224 1183
1223 1183
1222 1183
1221 1183
1220 1183
1219 1183
1218 1183
1217 1183
1216 1183
1215 1183
1214 1182
1213 1182
1212 1182
1211 1181
1210 1180
1209 1180
1208 1180
1207 1180
1206 1179
1205 1179
1204 1179
1203 1179
1202 1178
1201 1178
1200 1178
1199 1178
1198 1177
1197 1177
1196 1177
1195 1177
1194 1177
1193 1177
1192 1176
1191 1176
1190 1176
1189 1176
1188 1175
1187 1175
1186 1175
1185 1175
1184 1175
1183 1175
1182 1174
1181 1174
1180 1174
1179 1173
1178 1172
1177 1172
1176 1172
1175 1172
1174 1171
1173 1171
1172 1171
1171 1171
1170 1171
1169 1171
1168 1170
1167 1170
1166 1170
1165 1170
1164 1169
1163 1169
1162 1168
1161 1168
1160 1168
1159 1168
1158 1167
1157 1167
1156 1167
1155 1167
1154 1167
1153 1167
1152 1167
1151 1167
1150 1167
1149 1167
1148 1167
1147 1167
1146 1167
1145 1167
1144 1167
1143 1167
1142 1167
1141 1167
1140 1167
1139 1167
1138 1167
1137 1167
1136 1167
1135 1167
1134 1167
1133 1167
