873 1875
872 1876
871 1876
870 1876
869 1876
868 1877
867 1878
866 1878
865 1878
864 1879
863 1880
862 1880
861 1880
860 1881
859 1882
858 1882
857 1882
856 1883
855 1884
854 1884
853 1884
852 1885
851 1885
850 1885
849 1885
848 1885
847 1885
846 1885
845 1885
844 1885
843 1885
842 1885
841 1885
840 1885
839 1885
838 1885
837 1885
836 1885
835 1885
834 1885
833 1885
832 1885
831 1885
830 1885
829 1885
828 1885
827 1885
826 1886
825 1886
824 1886
823 1886
822 1887
821 1887
820 1887
819 1887
818 1887
817 1887
816 1887
815 1887
814 1887
813 1887
812 1886
811 1886
810 1886
809 1886
808 1885
807 1885
806 1885
805 1885
804 1885
803 1885
802 1885
801 1885
800 1885
799 1885
798 1885
797 1885
796 1885
795 1885
794 1885
793 1885
792 1885
791 1885
790 1885
789 1885
788 1885
787 1885
786 1886
785 1886
784 1886
783 1886
782 1887
781 1887
780 1887
779 1887
778 1887
777 1887
776 1887
775 1887
774 1887
773 1887
772 1887
771 1887
770 1887
769 1887
768 1887
767 1887
766 1887
765 1887
764 1887
763 1887
762 1887
761 1887
760 1887
759 1887
758 1887
757 1887
756 1887
755 1887
754 1887
753 1887
752 1887
751 1887
750 1887
749 1887
748 1887
747 1887
746 1886
745 1886
744 1886
743 1886
742 1885
741 1885
740 1885
739 1885
738 1884
737 1884
736 1884
735 1884
734 1883
733 1883
732 1883
731 1883
730 1883
729 1883
728 1883
727 1883
726 1883
725 1883
724 1883
723 1883
722 1883
721 1883
720 1883
719 1883
718 1883
717 1883
716 1883
715 1883
714 1883
713 1883
712 1883
711 1883
710 1883
709 1883
708 1883
707 1883
706 1883
705 1883
704 1883
703 1883
702 1883
701 1883
700 1883
699 1883
698 1883
697 1883
696 1883
695 1883
694 1883
693 1883
692 1883
691 1883
690 1883
689 1883
688 1883
687 1883
686 1883
685 1883
684 1883
683 1883
682 1883
681 1883
680 1884
679 1884
678 1884
677 1884
676 1885
675 1886
674 1887
673 1888
672 1889
671 1890
670 1891
670 1892
670 1893
669 1894
668 1895
668 1896
668 1897
668 1898
667 1899
667 1900
666 1901
666 1902
666 1903
666 1904
665 1905
665 1906
665 1907
665 1908
666 1909
666 1910
667 1911
668 1912
668 1913
669 1913
670 1914
670 1915
671 1915
672 1916
672 1917
673 1917
674 1918
675 1919
676 1920
677 1921
678 1921
679 1922
680 1922
681 1923
682 1924
683 1925
684 1925
685 1925
686 1926
687 1927
688 1927
689 1928
690 1928
691 1929
692 1930
693 1931
694 1931
695 1932
696 1932
697 1933
698 1934
699 1935
700 1935
701 1935
702 1936
703 1937
704 1937
705 1938
706 1939
707 1939
708 1940
709 1941
710 1942
711 1943
712 1943
713 1944
714 1945
715 1945
716 1946
717 1947
718 1948
719 1949
720 1949
721 1950
722 1950
723 1951
724 1951
725 1952
726 1952
727 1953
728 1953
729 1953
730 1953
731 1954
732 1954
733 1954
734 1954
735 1954
736 1954
737 1954
738 1954
739 1954
740 1954
741 1954
742 1954
743 1954
744 1954
745 1954
746 1954
747 1954
748 1954
749 1954
750 1954
751 1954
752 1954
753 1954
754 1954
755 1954
756 1954
757 1954
758 1954
759 1954
760 1954
761 1954
762 1954
763 1954
764 1954
765 1955
766 1955
767 1956
768 1956
769 1957
770 1957
771 1958
772 1958
773 1959
774 1959
775 1959
776 1959
777 1960
778 1960
779 1960
780 1960
781 1960
782 1960
783 1960
784 1960
785 1960
786 1960
787 1960
788 1960
789 1960
790 1960
791 1960
792 1960
793 1960
794 1960
795 1961
796 1961
797 1961
798 1961
799 1962
800 1962
801 1962
802 1962
803 1962
804 1962
805 1962
806 1962
807 1962
808 1962
809 1962
810 1962
811 1962
812 1962
813 1962
814 1962
815 1962
816 1962
817 1962
818 1962
819 1962
820 1962
821 1962
822 1962
823 1962
824 1962
825 1962
826 1962
827 1962
828 1962
829 1962
830 1962
831 1962
832 1962
833 1962
834 1962
835 1962
836 1962
837 1962
838 1962
839 1962
840 1962
841 1962
842 1962
843 1962
844 1962
845 1962
846 1962
847 1962
848 1962
849 1962
850 1962
851 1962
852 1962
853 1962
854 1962
855 1962
856 1962
857 1961
858 1961
859 1961
860 1961
861 1960
862 1960
863 1960
864 1960
865 1960
866 1960
867 1960
868 1960
869 1960
870 1960
871 1960
872 1960
873 1960
874 1960
875 1960
876 1960
877 1959
878 1959
879 1959
880 1959
881 1958
882 1958
883 1958
884 1958
885 1958
886 1958
887 1958
888 1958
889 1958
890 1958
891 1958
892 1958
893 1958
894 1958
895 1958
896 1958
897 1958
898 1958
899 1958
900 1958
901 1958
902 1958
903 1958
904 1958
905 1958
906 1958
907 1958
908 1958
909 1958
910 1958
911 1958
912 1958
913 1958
914 1958
915 1957
916 1957
917 1957
918 1957
919 1956
920 1956
921 1956
922 1956
923 1956
924 1956
925 1955
926 1955
927 1955
928 1955
929 1954
930 1953
931 1952
932 1951
933 1951
933 1950
934 1949
935 1949
935 1948
936 1947
937 1946
938 1945
939 1944
939 1943
939 1942
939 1941
940 1940
940 1939
941 1938
941 1937
942 1936
943 1935
943 1934
944 1933
945 1932
945 1931
946 1930
946 1929
946 1928
946 1927
946 1926
946 1925
946 1924
946 1923
946 1922
946 1921
946 1920
946 1919
945 1918
945 1917
945 1916
945 1915
944 1914
944 1913
944 1912
944 1911
944 1910
944 1909
944 1908
944 1907
944 1906
944 1905
944 1904
944 1903
943 1902
943 1901
943 1900
943 1899
942 1898
942 1897
941 1896
941 1895
940 1894
939 1894
938 1893
937 1893
936 1893
935 1893
934 1893
933 1893
932 1893
931 1893
930 1892
929 1892
928 1891
927 1891
926 1890
925 1889
924 1888
923 1888
922 1887
921 1886
920 1886
919 1885
919 1884
918 1884
917 1883
917 1882
916 1882
915 1881
915 1880
914 1880
913 1879
912 1878
911 1878
910 1877
909 1877
908 1877
907 1877
906 1876
905 1876
904 1876
903 1876
902 1875
901 1875
900 1875
899 1875
898 1875
897 1875
896 1875
895 1875
894 1875
893 1875
892 1875
891 1875
890 1875
889 1875
888 1875
887 1875
886 1875
885 1875
884 1875
883 1875
882 1875
881 1875
880 1875
879 1875
878 1875
877 1875
876 1875
875 1875
874 1875
873 1875
