1181 4085
1180 4086
1179 4086
1178 4086
1177 4086
1176 4087
1175 4088
1174 4088
1173 4088
1172 4089
1171 4089
1170 4089
1169 4089
1168 4089
1167 4089
1166 4089
1165 4089
1164 4090
1163 4090
1162 4090
1161 4090
1160 4091
1159 4091
1158 4091
1157 4091
1156 4092
1155 4092
1154 4092
1153 4092
1152 4093
1151 4093
1150 4093
1149 4093
1148 4093
1147 4093
1146 4093
1145 4093
1144 4093
1143 4093
1142 4093
1141 4093
1140 4093
1139 4093
1138 4094
1137 4094
1136 4094
1135 4094
1134 4095
1133 4095
1132 4095
1131 4095
1130 4095
1129 4095
1128 4095
1127 4095
1126 4095
1125 4095
1124 4095
1123 4095
1122 4095
1121 4095
1120 4095
1119 4095
1118 4095
1117 4095
1116 4095
1115 4095
1114 4095
1113 4095
1112 4095
1111 4095
1110 4095
1109 4095
1108 4095
1107 4095
1106 4095
1105 4095
1104 4095
1103 4095
1102 4095
1101 4095
1100 4094
1099 4094
1098 4094
1097 4094
1096 4093
1095 4093
1094 4093
1093 4093
1092 4093
1091 4093
1090 4093
1089 4093
1088 4093
1087 4093
1086 4093
1085 4093
1084 4093
1083 4093
1082 4094
1081 4094
1080 4094
1079 4094
1078 4095
1077 4095
1076 4096
1075 4096
1074 4096
1073 4096
1072 4097
1071 4097
1070 4097
1069 4097
1068 4097
1067 4097
1066 4097
1065 4097
1064 4097
1063 4097
1062 4097
1061 4097
1060 4098
1059 4098
1058 4098
1057 4098
1056 4099
1055 4099
1054 4100
1053 4100
1052 4101
1051 4102
1050 4102
1050 4103
1049 4104
1048 4104
1047 4105
1046 4106
1045 4106
1044 4107
1043 4107
1042 4108
1041 4108
1040 4108
1039 4108
1038 4109
1037 4109
1036 4109
1035 4109
1034 4109
1033 4109
1032 4110
1031 4110
1030 4111
1029 4111
1028 4112
1027 4112
1026 4113
1025 4113
1024 4113
1023 4113
1022 4112
1021 4112
1020 4112
1019 4112
1018 4111
1017 4111
1016 4111
1015 4111
1014 4111
1013 4111
1012 4111
1011 4111
1010 4111
1009 4111
1008 4111
1007 4111
1006 4112
1005 4112
1004 4112
1003 4112
1002 4113
1001 4114
1000 4114
999 4114
998 4115
997 4115
996 4115
995 4115
994 4115
993 4115
992 4116
991 4116
990 4116
989 4116
988 4117
987 4118
986 4119
986 4120
985 4121
985 4122
985 4123
985 4124
985 4125
985 4126
985 4127
985 4128
985 4129
985 4130
985 4131
985 4132
984 4133
984 4134
984 4135
984 4136
983 4137
983 4138
983 4139
983 4140
983 4141
983 4142
983 4143
983 4144
983 4145
983 4146
983 4147
983 4148
983 4149
983 4150
983 4151
983 4152
983 4153
983 4154
983 4155
983 4156
983 4157
983 4158
984 4159
984 4160
984 4161
984 4162
985 4163
986 4164
986 4165
986 4166
987 4167
987 4168
987 4169
987 4170
988 4171
988 4172
989 4173
989 4174
990 4175
990 4176
991 4177
991 4178
992 4179
992 4180
992 4181
992 4182
993 4183
994 4184
995 4185
996 4186
996 4187
997 4188
998 4189
998 4190
999 4191
999 4192
1000 4193
1000 4194
1001 4195
1002 4196
1002 4197
1003 4197
1004 4198
1004 4199
1005 4199
1006 4200
1006 4201
1007 4201
1008 4202
1008 4203
1009 4203
1010 4204
1010 4205
1011 4205
1012 4206
1012 4207
1013 4207
1014 4208
1014 4209
1015 4209
1016 4210
1016 4211
1017 4212
1018 4213
1018 4214
1019 4215
1020 4216
1021 4217
1022 4218
1022 4219
1023 4219
1024 4220
1025 4221
1026 4222
1027 4223
1028 4223
1029 4224
1030 4225
1031 4225
1032 4226
1033 4227
1034 4228
1035 4229
1036 4229
1037 4230
1038 4230
1039 4231
1040 4232
1041 4233
1042 4233
1043 4233
1044 4234
1045 4235
1046 4235
1047 4235
1048 4236
1049 4237
1050 4237
1051 4237
1052 4238
1053 4239
1054 4239
1055 4239
1056 4240
1057 4241
1058 4241
1059 4242
1060 4242
1061 4243
1062 4244
1063 4245
1064 4245
1065 4245
1066 4246
1067 4247
1068 4247
1069 4247
1070 4247
1071 4248
1072 4248
1073 4248
1074 4248
1075 4248
1076 4248
1077 4248
1078 4248
1079 4248
1080 4248
1081 4248
1082 4248
1083 4248
1084 4248
1085 4248
1086 4248
1087 4248
1088 4248
1089 4248
1090 4248
1091 4247
1092 4247
1093 4247
1094 4247
1095 4246
1096 4246
1097 4245
1098 4245
1099 4245
1100 4245
1101 4244
1102 4244
1103 4244
1104 4244
1105 4245
1106 4245
1107 4245
1108 4245
1109 4246
1110 4246
1111 4246
1112 4246
1113 4246
1114 4246
1115 4246
1116 4246
1117 4246
1118 4246
1119 4246
1120 4246
1121 4246
1122 4246
1123 4246
1124 4246
1125 4246
1126 4246
1127 4246
1128 4246
1129 4247
1130 4247
1131 4247
1132 4247
1133 4248
1134 4248
1135 4249
1136 4249
1137 4249
1138 4250
1139 4251
1140 4251
1141 4251
1142 4252
1143 4253
1144 4253
1145 4254
1146 4254
1147 4255
1148 4256
1149 4257
1150 4257
1151 4257
1152 4257
1153 4258
1154 4258
1155 4258
1156 4258
1157 4258
1158 4258
1159 4258
1160 4258
1161 4258
1162 4258
1163 4258
1164 4258
1165 4258
1166 4258
1167 4258
1168 4258
1169 4258
1170 4258
1171 4258
1172 4258
1173 4258
1174 4258
1175 4258
1176 4258
1177 4259
1178 4259
1179 4260
1180 4260
1181 4261
1182 4261
1183 4262
1184 4262
1185 4262
1186 4262
1187 4262
1188 4262
1189 4262
1190 4262
1191 4263
1192 4263
1193 4263
1194 4264
1195 4265
1196 4265
1197 4266
1198 4266
1199 4267
1200 4267
1201 4268
1202 4268
1203 4268
1204 4268
1205 4268
1206 4268
1207 4268
1208 4268
1209 4267
1210 4267
1211 4267
1212 4267
1213 4266
1214 4265
1215 4264
1216 4263
1217 4263
1217 4262
1218 4261
1219 4261
1219 4260
1220 4259
1221 4259
1221 4258
1222 4257
1223 4257
1223 4256
1224 4255
1225 4255
1225 4254
1226 4253
1227 4252
1228 4251
1229 4250
1229 4249
1230 4248
1230 4247
1231 4246
1232 4245
1233 4244
1233 4243
1233 4242
1234 4241
1235 4240
1235 4239
1235 4238
1236 4237
1237 4236
1237 4235
1237 4234
1238 4233
1239 4232
1239 4231
1240 4230
1240 4229
1241 4228
1241 4227
1242 4226
1242 4225
1243 4224
1243 4223
1244 4222
1245 4221
1245 4220
1246 4219
1247 4219
1247 4218
1248 4217
1249 4216
1249 4215
1250 4214
1250 4213
1250 4212
1250 4211
1250 4210
1250 4209
1250 4208
1250 4207
1250 4206
1250 4205
1251 4204
1251 4203
1252 4202
1252 4201
1253 4200
1254 4199
1255 4198
1255 4197
1255 4196
1255 4195
1256 4194
1256 4193
1256 4192
1256 4191
1257 4190
1257 4189
1257 4188
1257 4187
1258 4186
1258 4185
1258 4184
1258 4183
1259 4182
1259 4181
1259 4180
1259 4179
1260 4178
1260 4177
1260 4176
1260 4175
1260 4174
1260 4173
1260 4172
1260 4171
1260 4170
1260 4169
1260 4168
1260 4167
1259 4166
1259 4165
1258 4164
1258 4163
1257 4162
1257 4161
1256 4160
1255 4159
1254 4158
1254 4157
1253 4156
1253 4155
1252 4154
1252 4153
1252 4152
1252 4151
1252 4150
1252 4149
1252 4148
1252 4147
1252 4146
1252 4145
1252 4144
1252 4143
1252 4142
1252 4141
1252 4140
1252 4139
1252 4138
1252 4137
1252 4136
1252 4135
1251 4134
1251 4133
1251 4132
1251 4131
1250 4130
1250 4129
1249 4128
1249 4127
1249 4126
1249 4125
1248 4124
1247 4123
1246 4122
1245 4121
1245 4120
1244 4120
1243 4119
1242 4118
1241 4118
1240 4117
1239 4117
1238 4118
1237 4118
1236 4118
1235 4118
1234 4119
1233 4119
1232 4119
1231 4119
1230 4119
1229 4119
1228 4119
1227 4119
1226 4119
1225 4119
1224 4118
1223 4118
1222 4118
1221 4117
1220 4116
1219 4116
1218 4115
1217 4114
1216 4114
1215 4113
1215 4112
1214 4112
1213 4111
1213 4110
1212 4109
1211 4108
1211 4107
1210 4106
1210 4105
1209 4104
1209 4103
1209 4102
1209 4101
1208 4100
1208 4099
1208 4098
1208 4097
1208 4096
1208 4095
1208 4094
1208 4093
1207 4092
1207 4091
1206 4090
1205 4090
1204 4089
1203 4089
1202 4089
1201 4089
1200 4088
1199 4088
1198 4087
1197 4087
1196 4086
1195 4086
1194 4085
1193 4085
1192 4085
1191 4085
1190 4085
1189 4085
1188 4085
1187 4085
1186 4085
1185 4085
1184 4085
1183 4085
1182 4085
1181 4085
