927 1245
926 1246
925 1246
924 1247
923 1248
922 1249
922 1250
922 1251
922 1252
921 1253
921 1254
921 1255
921 1256
921 1257
921 1258
921 1259
921 1260
921 1261
921 1262
921 1263
921 1264
921 1265
921 1266
921 1267
921 1268
920 1269
920 1270
920 1271
919 1272
918 1273
918 1274
918 1275
918 1276
917 1277
917 1278
917 1279
917 1280
917 1281
917 1282
917 1283
917 1284
917 1285
917 1286
917 1287
917 1288
917 1289
917 1290
917 1291
917 1292
917 1293
917 1294
917 1295
917 1296
917 1297
917 1298
917 1299
917 1300
917 1301
917 1302
917 1303
917 1304
917 1305
917 1306
917 1307
917 1308
917 1309
917 1310
917 1311
917 1312
918 1313
918 1314
918 1315
918 1316
919 1317
919 1318
919 1319
919 1320
919 1321
919 1322
919 1323
919 1324
919 1325
919 1326
920 1327
920 1328
920 1329
920 1330
921 1331
921 1332
922 1333
922 1334
922 1335
922 1336
923 1337
923 1338
923 1339
923 1340
924 1341
924 1342
924 1343
924 1344
925 1345
925 1346
925 1347
925 1348
926 1349
926 1350
927 1351
927 1352
928 1353
928 1354
929 1355
929 1356
930 1357
930 1358
931 1359
932 1360
932 1361
933 1361
934 1362
934 1363
935 1363
936 1364
937 1365
938 1365
939 1366
940 1366
941 1366
942 1366
943 1366
944 1366
945 1365
946 1365
947 1365
948 1365
949 1364
950 1364
951 1364
952 1364
953 1364
954 1364
955 1364
956 1364
957 1364
958 1364
959 1365
960 1365
961 1366
962 1366
963 1367
964 1367
965 1368
966 1368
967 1368
968 1368
969 1368
970 1368
971 1368
972 1368
973 1368
974 1368
975 1368
976 1368
977 1368
978 1368
979 1368
980 1368
981 1368
982 1368
983 1368
984 1368
985 1368
986 1368
987 1368
988 1368
989 1369
990 1369
991 1369
992 1369
993 1370
994 1370
995 1370
996 1370
997 1370
998 1370
999 1370
1000 1370
1001 1371
1002 1371
1003 1371
1004 1371
1005 1372
1006 1372
1007 1372
1008 1372
1009 1373
1010 1373
1011 1373
1012 1374
1013 1375
1014 1375
1015 1375
1016 1375
1017 1376
1018 1376
1019 1375
1020 1375
1021 1375
1022 1375
1023 1374
1024 1374
1025 1374
1026 1374
1027 1374
1028 1374
1029 1374
1030 1374
1031 1374
1032 1374
1033 1374
1034 1374
1035 1373
1036 1373
1037 1373
1038 1373
1039 1372
1040 1372
1041 1372
1042 1372
1043 1371
1044 1371
1045 1371
1046 1371
1047 1370
1048 1370
1049 1370
1050 1370
1051 1369
1052 1369
1053 1368
1054 1368
1055 1367
1056 1367
1057 1366
1058 1365
1059 1365
1060 1365
1061 1364
1062 1364
1063 1363
1064 1363
1065 1362
1066 1362
1067 1361
1068 1361
1069 1360
1070 1359
1071 1359
1072 1359
1073 1358
1074 1357
1075 1356
1076 1355
1077 1355
1077 1354
1078 1353
1079 1353
1079 1352
1080 1351
1081 1351
1082 1350
1083 1349
1084 1349
1085 1348
1086 1347
1087 1347
1088 1347
1089 1346
1090 1345
1091 1344
1091 1343
1092 1342
1092 1341
1092 1340
1092 1339
1092 1338
1092 1337
1093 1336
1093 1335
1093 1334
1093 1333
1094 1332
1094 1331
1094 1330
1094 1329
1094 1328
1094 1327
1094 1326
1094 1325
1094 1324
1094 1323
1094 1322
1094 1321
1094 1320
1094 1319
1094 1318
1094 1317
1094 1316
1094 1315
1094 1314
1094 1313
1094 1312
1094 1311
1094 1310
1094 1309
1093 1308
1093 1307
1093 1306
1093 1305
1092 1304
1092 1303
1092 1302
1092 1301
1091 1300
1091 1299
1091 1298
1091 1297
1090 1296
1090 1295
1090 1294
1090 1293
1090 1292
1090 1291
1090 1290
1090 1289
1090 1288
1090 1287
1090 1286
1090 1285
1090 1284
1090 1283
1089 1282
1089 1281
1089 1280
1089 1279
1088 1278
1088 1277
1088 1276
1088 1275
1087 1274
1087 1273
1086 1272
1085 1271
1084 1270
1083 1269
1082 1268
1081 1268
1080 1268
1079 1268
1078 1267
1077 1267
1076 1266
1075 1266
1074 1265
1073 1265
1072 1264
1071 1263
1070 1262
1069 1262
1068 1262
1067 1262
1066 1261
1065 1261
1064 1261
1063 1261
1062 1260
1061 1260
1060 1260
1059 1260
1058 1259
1057 1259
1056 1259
1055 1259
1054 1258
1053 1258
1052 1258
1051 1258
1050 1257
1049 1257
1048 1257
1047 1257
1046 1257
1045 1257
1044 1257
1043 1257
1042 1256
1041 1256
1040 1256
1039 1256
1038 1255
1037 1255
1036 1254
1035 1254
1034 1254
1033 1254
1032 1253
1031 1253
1030 1253
1029 1253
1028 1253
1027 1253
1026 1253
1025 1253
1024 1252
1023 1252
1022 1252
1021 1252
1020 1251
1019 1251
1018 1251
1017 1251
1016 1251
1015 1251
1014 1251
1013 1251
1012 1251
1011 1251
1010 1250
1009 1250
1008 1250
1007 1250
1006 1249
1005 1249
1004 1249
1003 1249
1002 1249
1001 1249
1000 1249
999 1249
998 1249
997 1249
996 1250
995 1250
994 1250
993 1250
992 1251
991 1251
990 1250
989 1250
988 1249
987 1248
986 1248
985 1247
984 1246
983 1246
982 1245
981 1245
980 1245
979 1245
978 1245
977 1245
976 1245
975 1245
974 1245
973 1245
972 1245
971 1245
970 1246
969 1246
968 1246
967 1246
966 1247
965 1247
964 1247
963 1247
962 1247
961 1247
960 1247
959 1247
958 1247
957 1247
956 1246
955 1246
954 1246
953 1246
952 1245
951 1245
950 1245
949 1245
948 1245
947 1245
946 1245
945 1245
944 1245
943 1245
942 1245
941 1245
940 1245
939 1245
938 1245
937 1245
936 1245
935 1245
934 1245
933 1245
932 1245
931 1245
930 1245
929 1245
928 1245
927 1245
