1275 699
1274 700
1273 700
1272 700
1271 700
1270 701
1269 702
1268 702
1267 702
1266 703
1265 703
1264 704
1263 704
1262 704
1261 704
1260 705
1259 706
1258 706
1257 706
1256 707
1255 707
1254 708
1253 708
1252 708
1251 708
1250 709
1249 710
1248 711
1247 711
1246 712
1245 712
1244 713
1243 714
1242 714
1241 714
1240 715
1239 716
1238 716
1237 716
1236 717
1235 717
1234 718
1233 718
1232 719
1231 719
1230 720
1229 720
1228 721
1227 722
1226 723
1225 723
1224 724
1223 724
1222 725
1221 726
1220 726
1219 726
1218 727
1217 728
1216 729
1215 730
1214 730
1214 731
1213 732
1212 732
1212 733
1211 734
1210 734
1210 735
1209 736
1208 736
1208 737
1207 738
1206 738
1206 739
1205 740
1204 740
1204 741
1203 742
1202 742
1202 743
1201 744
1200 744
1200 745
1199 746
1198 746
1198 747
1197 748
1196 748
1196 749
1195 750
1194 750
1194 751
1193 752
1192 752
1192 753
1191 754
1190 755
1189 756
1188 757
1188 758
1188 759
1188 760
1187 761
1187 762
1187 763
1187 764
1187 765
1187 766
1186 767
1186 768
1186 769
1185 770
1184 771
1184 772
1184 773
1184 774
1183 775
1183 776
1183 777
1183 778
1182 779
1182 780
1182 781
1182 782
1181 783
1181 784
1180 785
1180 786
1180 787
1180 788
1179 789
1179 790
1178 791
1178 792
1178 793
1178 794
1177 795
1177 796
1176 797
1176 798
1175 799
1175 800
1174 801
1173 802
1172 803
1172 804
1172 805
1172 806
1171 807
1171 808
1171 809
1171 810
1171 811
1171 812
1170 813
1170 814
1170 815
1169 816
1168 817
1168 818
1168 819
1168 820
1167 821
1167 822
1167 823
1167 824
1167 825
1167 826
1167 827
1167 828
1168 829
1168 830
1169 831
1170 832
1171 833
1172 833
1173 834
1174 834
1175 834
1176 834
1177 834
1178 834
1179 834
1180 834
1181 834
1182 834
1183 833
1184 833
1185 832
1186 832
1187 831
1188 831
1189 830
1190 830
1191 829
1192 829
1193 829
1194 829
1195 828
1196 827
1197 826
1198 825
1199 825
1199 824
1200 823
1201 823
1202 822
1203 821
1204 821
1205 820
1206 820
1207 820
1208 820
1209 819
1210 819
1211 819
1212 819
1213 818
1214 818
1215 818
1216 818
1217 819
1218 819
1219 820
1220 820
1221 821
1222 821
1223 822
1224 822
1225 822
1226 822
1227 823
1228 823
1229 824
1230 824
1231 825
1232 825
1233 826
1234 826
1235 826
1236 826
1237 826
1238 826
1239 826
1240 826
1241 826
1242 826
1243 827
1244 827
1245 828
1246 828
1247 829
1248 829
1249 830
1250 830
1251 830
1252 830
1253 830
1254 830
1255 830
1256 830
1257 830
1258 830
1259 831
1260 831
1261 830
1262 830
1263 831
1264 831
1265 830
1266 830
1267 830
1268 830
1269 830
1270 830
1271 831
1272 831
1273 832
1274 832
1275 833
1276 833
1277 834
1278 834
1279 835
1280 835
1281 835
1282 835
1283 836
1284 836
1285 836
1286 836
1287 836
1288 836
1289 835
1290 835
1291 835
1292 835
1293 834
1294 834
1295 834
1296 834
1297 834
1298 834
1299 834
1300 834
1301 834
1302 834
1303 834
1304 834
1305 834
1306 834
1307 833
1308 833
1309 833
1310 833
1311 832
1312 832
1313 832
1314 832
1315 832
1316 832
1317 832
1318 832
1319 832
1320 832
1321 831
1322 831
1323 831
1324 831
1325 830
1326 830
1327 831
1328 831
1329 831
1330 831
1331 832
1332 832
1333 832
1334 832
1335 832
1336 832
1337 832
1338 832
1339 832
1340 832
1341 832
1342 832
1343 831
1344 831
1345 831
1346 831
1347 830
1348 830
1349 830
1350 830
1351 830
1352 830
1353 830
1354 830
1355 829
1356 829
1357 829
1358 829
1359 828
1360 828
1361 828
1362 828
1363 828
1364 828
1365 827
1366 827
1367 827
1368 827
1369 826
1370 826
1371 826
1372 826
1373 825
1374 825
1375 824
1376 823
1377 823
1377 822
1378 821
1379 821
1379 820
1380 819
1381 819
1382 818
1383 817
1384 817
1385 816
1386 816
1387 816
1388 816
1389 815
1390 815
1391 815
1392 815
1393 814
1394 814
1395 814
1396 814
1397 814
1398 814
1399 813
1400 813
1401 813
1402 813
1403 812
1404 811
1405 810
1406 809
1407 809
1407 808
1408 807
1409 807
1409 806
1410 805
1411 804
1412 803
1413 802
1413 801
1414 800
1414 799
1415 798
1415 797
1416 796
1416 795
1416 794
1416 793
1416 792
1416 791
1416 790
1416 789
1417 788
1417 787
1418 786
1418 785
1419 784
1419 783
1420 782
1420 781
1420 780
1420 779
1420 778
1420 777
1420 776
1420 775
1419 774
1419 773
1419 772
1419 771
1418 770
1418 769
1418 768
1418 767
1418 766
1418 765
1418 764
1418 763
1418 762
1418 761
1418 760
1418 759
1417 758
1417 757
1416 756
1415 755
1415 754
1414 754
1413 753
1413 752
1412 751
1411 750
1411 749
1410 748
1409 747
1408 746
1408 745
1407 744
1407 743
1406 742
1406 741
1406 740
1406 739
1406 738
1406 737
1405 736
1405 735
1404 734
1403 733
1403 732
1402 732
1401 731
1401 730
1400 730
1399 729
1398 728
1397 727
1396 726
1395 726
1394 726
1393 725
1392 724
1391 724
1390 723
1389 723
1388 722
1387 721
1386 720
1385 720
1384 720
1383 720
1382 719
1381 719
1380 718
1379 718
1378 718
1377 718
1376 717
1375 717
1374 716
1373 716
1372 716
1371 716
1370 715
1369 715
1368 714
1367 714
1366 714
1365 714
1364 713
1363 713
1362 713
1361 713
1360 712
1359 712
1358 711
1357 711
1356 710
1355 710
1354 709
1353 709
1352 708
1351 708
1350 708
1349 708
1348 707
1347 707
1346 707
1345 707
1344 707
1343 707
1342 707
1341 707
1340 707
1339 707
1338 707
1337 707
1336 707
1335 707
1334 707
1333 707
1332 706
1331 706
1330 706
1329 706
1328 705
1327 705
1326 705
1325 705
1324 705
1323 705
1322 705
1321 705
1320 705
1319 705
1318 705
1317 705
1316 704
1315 704
1314 704
1313 704
1312 703
1311 703
1310 703
1309 703
1308 703
1307 703
1306 703
1305 703
1304 703
1303 703
1302 703
1301 703
1300 703
1299 703
1298 703
1297 703
1296 703
1295 703
1294 702
1293 702
1292 702
1291 702
1290 701
1289 701
1288 700
1287 700
1286 700
1285 700
1284 699
1283 699
1282 699
1281 699
1280 699
1279 699
1278 699
1277 699
1276 699
1275 699
