927 2421
926 2422
925 2422
924 2422
923 2422
922 2423
921 2424
920 2424
919 2424
918 2425
917 2425
916 2425
915 2425
914 2425
913 2425
912 2425
911 2425
910 2425
909 2425
908 2425
907 2425
906 2425
905 2425
904 2426
903 2426
902 2426
901 2426
900 2427
899 2427
898 2427
897 2427
896 2427
895 2427
894 2427
893 2427
892 2427
891 2427
890 2427
889 2427
888 2427
887 2427
886 2427
885 2427
884 2427
883 2427
882 2427
881 2427
880 2427
879 2427
878 2428
877 2428
876 2428
875 2428
874 2429
873 2429
872 2429
871 2429
870 2430
869 2430
868 2430
867 2430
866 2431
865 2431
864 2431
863 2431
862 2431
861 2431
860 2431
859 2431
858 2431
857 2431
856 2432
855 2432
854 2432
853 2432
852 2433
851 2433
850 2433
849 2433
848 2433
847 2433
846 2433
845 2433
844 2434
843 2434
842 2434
841 2434
840 2435
839 2435
838 2435
837 2435
836 2436
835 2436
834 2436
833 2436
832 2437
831 2437
830 2437
829 2437
828 2437
827 2437
826 2437
825 2437
824 2437
823 2437
822 2437
821 2437
820 2438
819 2438
818 2438
817 2438
816 2439
815 2439
814 2439
813 2439
812 2440
811 2440
810 2441
809 2442
808 2442
807 2443
806 2444
805 2444
804 2445
803 2445
802 2446
801 2446
800 2446
799 2446
798 2447
797 2447
796 2447
795 2447
794 2447
793 2447
792 2447
791 2447
790 2447
789 2447
788 2447
787 2447
786 2447
785 2447
784 2448
783 2448
782 2448
781 2448
780 2449
779 2450
778 2450
777 2450
776 2451
775 2451
774 2451
773 2451
772 2451
771 2451
770 2452
769 2452
768 2452
767 2452
766 2453
765 2453
764 2453
763 2453
762 2454
761 2454
760 2455
759 2456
758 2456
758 2457
757 2458
756 2458
756 2459
755 2460
754 2460
754 2461
753 2462
752 2462
751 2463
750 2464
749 2464
748 2465
747 2465
746 2466
745 2466
744 2466
743 2466
742 2467
741 2468
740 2468
739 2468
738 2469
737 2470
736 2470
735 2470
734 2471
733 2471
732 2471
731 2471
730 2472
729 2472
728 2473
727 2473
726 2474
725 2474
724 2475
723 2475
722 2476
721 2476
720 2477
719 2478
718 2478
718 2479
717 2480
716 2480
716 2481
715 2482
714 2482
714 2483
713 2484
712 2484
712 2485
711 2486
710 2486
710 2487
709 2488
708 2488
707 2489
706 2490
705 2490
704 2491
703 2491
702 2491
701 2491
700 2492
699 2492
698 2493
697 2494
696 2494
695 2495
694 2496
693 2496
692 2497
691 2497
690 2497
689 2497
688 2498
687 2498
686 2499
685 2500
684 2500
684 2501
683 2502
682 2503
682 2504
681 2505
681 2506
681 2507
681 2508
681 2509
681 2510
681 2511
681 2512
681 2513
681 2514
681 2515
681 2516
681 2517
681 2518
681 2519
681 2520
681 2521
681 2522
681 2523
681 2524
681 2525
681 2526
682 2527
682 2528
683 2529
683 2530
684 2531
684 2532
685 2533
685 2534
685 2535
685 2536
685 2537
685 2538
686 2539
686 2540
687 2541
687 2542
688 2543
688 2544
689 2545
689 2546
689 2547
689 2548
690 2549
690 2550
690 2551
690 2552
691 2553
691 2554
692 2555
692 2556
692 2557
692 2558
693 2559
693 2560
693 2561
693 2562
694 2563
694 2564
694 2565
694 2566
695 2567
696 2568
696 2569
696 2570
697 2571
698 2572
699 2573
699 2574
700 2575
700 2576
701 2577
701 2578
702 2579
702 2580
703 2581
703 2582
704 2583
704 2584
705 2585
706 2586
706 2587
706 2588
707 2589
707 2590
708 2591
708 2592
708 2593
708 2594
709 2595
710 2596
711 2597
712 2598
713 2599
714 2600
715 2601
716 2601
717 2601
718 2601
719 2602
720 2602
721 2603
722 2603
723 2604
724 2604
725 2605
726 2606
727 2607
728 2607
729 2608
730 2609
730 2610
731 2611
732 2612
732 2613
732 2614
733 2615
733 2616
734 2617
734 2618
735 2619
736 2620
737 2621
738 2622
739 2623
740 2623
741 2623
742 2624
743 2625
744 2625
745 2625
746 2626
747 2627
748 2627
749 2628
750 2629
751 2629
752 2630
753 2631
754 2631
755 2632
756 2632
757 2633
758 2633
759 2634
760 2635
761 2635
762 2636
763 2637
764 2637
765 2638
766 2638
767 2638
768 2638
769 2638
770 2638
771 2638
772 2638
773 2638
774 2638
775 2638
776 2638
777 2638
778 2638
779 2638
780 2638
781 2638
782 2638
783 2638
784 2638
785 2638
786 2638
787 2639
788 2639
789 2639
790 2640
791 2641
792 2641
793 2642
794 2642
795 2643
796 2644
797 2645
798 2645
799 2645
800 2645
801 2646
802 2646
803 2646
804 2646
805 2647
806 2647
807 2647
808 2647
809 2648
810 2648
811 2648
812 2648
813 2648
814 2648
815 2648
816 2648
817 2648
818 2648
819 2649
820 2649
821 2649
822 2650
823 2651
824 2651
825 2652
826 2653
827 2653
828 2654
829 2655
830 2655
831 2656
832 2656
833 2656
834 2656
835 2656
836 2656
837 2656
838 2656
839 2656
840 2656
841 2656
842 2656
843 2656
844 2656
845 2656
846 2656
847 2656
848 2656
849 2657
850 2657
851 2658
852 2659
853 2659
854 2660
854 2661
855 2661
856 2662
856 2663
857 2663
858 2664
858 2665
859 2665
860 2666
861 2667
862 2667
863 2668
864 2668
865 2668
866 2668
867 2668
868 2668
869 2668
870 2668
871 2668
872 2668
873 2669
874 2669
875 2669
876 2669
877 2670
878 2670
879 2670
880 2670
881 2671
882 2671
883 2672
884 2672
885 2673
886 2673
887 2674
888 2674
889 2674
890 2674
891 2674
892 2674
893 2674
894 2674
895 2674
896 2674
897 2674
898 2674
899 2674
900 2674
901 2674
902 2674
903 2674
904 2674
905 2674
906 2674
907 2674
908 2674
909 2674
910 2674
911 2674
912 2674
913 2674
914 2674
915 2673
916 2673
917 2673
918 2673
919 2672
920 2672
921 2672
922 2672
923 2672
924 2672
925 2672
926 2672
927 2673
928 2673
929 2673
930 2674
931 2675
932 2675
933 2676
934 2677
935 2677
936 2678
937 2679
938 2679
939 2679
940 2679
941 2679
942 2679
943 2678
944 2678
945 2678
946 2678
947 2679
948 2679
949 2679
950 2679
951 2679
952 2679
953 2678
954 2677
955 2677
956 2676
957 2675
958 2675
959 2674
960 2673
961 2672
962 2671
963 2671
963 2670
964 2669
965 2669
965 2668
966 2667
967 2667
967 2666
968 2665
969 2665
969 2664
970 2663
971 2663
971 2662
972 2661
973 2661
973 2660
974 2659
975 2659
975 2658
976 2657
977 2657
977 2656
978 2655
979 2655
979 2654
980 2653
981 2653
982 2652
983 2651
984 2651
985 2650
986 2649
987 2649
988 2649
989 2648
990 2647
991 2646
992 2645
993 2645
993 2644
994 2643
995 2643
995 2642
996 2641
997 2641
997 2640
998 2639
999 2639
999 2638
1000 2637
1001 2637
1002 2636
1003 2635
1004 2635
1005 2634
1006 2633
1007 2632
1008 2631
1009 2631
1010 2630
1011 2629
1012 2629
1013 2628
1014 2627
1015 2626
1016 2626
1017 2625
1018 2625
1019 2624
1020 2623
1021 2622
1022 2621
1023 2621
1024 2620
1025 2619
1026 2619
1027 2618
1028 2617
1029 2617
1030 2617
1031 2616
1032 2615
1033 2614
1034 2613
1035 2613
1035 2612
1036 2611
1037 2611
1038 2610
1039 2609
1040 2609
1041 2608
1042 2607
1043 2606
1044 2605
1045 2605
1045 2604
1046 2603
1047 2603
1047 2602
1048 2601
1049 2601
1050 2600
1051 2599
1052 2599
1053 2598
1054 2597
1055 2596
1056 2595
1057 2595
1057 2594
1058 2593
1059 2593
1059 2592
1060 2591
1061 2590
1061 2589
1062 2588
1062 2587
1062 2586
1062 2585
1062 2584
1062 2583
1062 2582
1062 2581
1062 2580
1062 2579
1062 2578
1062 2577
1061 2576
1061 2575
1061 2574
1061 2573
1060 2572
1059 2571
1058 2570
1057 2569
1057 2568
1056 2568
1055 2567
1055 2566
1054 2566
1053 2565
1053 2564
1052 2564
1051 2563
1051 2562
1050 2562
1049 2561
1049 2560
1048 2560
1047 2559
1047 2558
1046 2558
1045 2557
1045 2556
1044 2556
1043 2555
1042 2554
1041 2553
1040 2552
1039 2552
1038 2551
1037 2550
1037 2549
1036 2548
1036 2547
1037 2546
1037 2545
1037 2544
1037 2543
1038 2542
1038 2541
1038 2540
1038 2539
1038 2538
1038 2537
1039 2536
1039 2535
1039 2534
1039 2533
1040 2532
1040 2531
1040 2530
1040 2529
1040 2528
1040 2527
1040 2526
1040 2525
1041 2524
1041 2523
1041 2522
1041 2521
1042 2520
1042 2519
1042 2518
1042 2517
1043 2516
1043 2515
1043 2514
1044 2513
1045 2512
1045 2511
1045 2510
1045 2509
1046 2508
1046 2507
1046 2506
1046 2505
1046 2504
1046 2503
1046 2502
1046 2501
1047 2500
1047 2499
1047 2498
1047 2497
1048 2496
1048 2495
1048 2494
1048 2493
1048 2492
1048 2491
1048 2490
1048 2489
1048 2488
1048 2487
1048 2486
1048 2485
1048 2484
1048 2483
1048 2482
1048 2481
1048 2480
1048 2479
1048 2478
1048 2477
1047 2476
1047 2475
1047 2474
1047 2473
1046 2472
1045 2471
1045 2470
1045 2469
1044 2468
1044 2467
1044 2466
1044 2465
1044 2464
1044 2463
1043 2462
1043 2461
1043 2460
1043 2459
1042 2458
1042 2457
1041 2456
1041 2455
1040 2454
1039 2453
1039 2452
1038 2452
1037 2451
1037 2450
1036 2450
1035 2449
1035 2448
1034 2448
1033 2447
1033 2446
1032 2446
1031 2445
1031 2444
1030 2444
1029 2443
1028 2442
1027 2442
1026 2441
1025 2441
1024 2440
1023 2440
1022 2440
1021 2440
1020 2439
1019 2439
1018 2438
1017 2438
1016 2438
1015 2438
1014 2437
1013 2437
1012 2437
1011 2437
1010 2437
1009 2437
1008 2437
1007 2437
1006 2437
1005 2437
1004 2437
1003 2437
1002 2437
1001 2437
1000 2436
999 2436
998 2436
997 2436
996 2435
995 2435
994 2435
993 2435
992 2434
991 2434
990 2434
989 2434
988 2433
987 2433
986 2433
985 2433
984 2433
983 2433
982 2433
981 2433
980 2433
979 2433
978 2433
977 2433
976 2433
975 2433
974 2432
973 2432
972 2432
971 2432
970 2431
969 2431
968 2431
967 2431
966 2431
965 2431
964 2431
963 2431
962 2431
961 2431
960 2430
959 2430
958 2430
957 2429
956 2428
955 2428
954 2428
953 2428
952 2427
951 2427
950 2427
949 2427
948 2426
947 2426
946 2426
945 2425
944 2424
943 2424
942 2424
941 2424
940 2423
939 2423
938 2422
937 2422
936 2422
935 2422
934 2421
933 2421
932 2421
931 2421
930 2421
929 2421
928 2421
927 2421
