913 1519
912 1520
911 1520
910 1521
909 1522
908 1522
908 1523
907 1524
906 1524
905 1525
904 1526
903 1526
902 1527
901 1528
900 1529
899 1530
898 1530
897 1531
896 1532
895 1532
894 1533
893 1533
892 1533
891 1533
890 1533
889 1533
888 1533
887 1533
886 1533
885 1533
884 1534
883 1534
882 1534
881 1534
880 1535
879 1535
878 1535
877 1535
876 1535
875 1535
874 1535
873 1535
872 1535
871 1535
870 1535
869 1535
868 1535
867 1535
866 1535
865 1535
864 1535
863 1535
862 1535
861 1535
860 1535
859 1535
858 1535
857 1535
856 1535
855 1535
854 1535
853 1535
852 1535
851 1535
850 1535
849 1535
848 1535
847 1535
846 1535
845 1535
844 1535
843 1535
842 1535
841 1535
840 1535
839 1535
838 1535
837 1535
836 1535
835 1535
834 1535
833 1535
832 1535
831 1535
830 1535
829 1535
828 1536
827 1536
826 1536
825 1536
824 1537
823 1538
822 1539
821 1540
820 1540
819 1541
818 1542
817 1542
816 1543
815 1543
814 1544
813 1544
812 1544
811 1544
810 1545
809 1545
808 1545
807 1545
806 1544
805 1544
804 1544
803 1544
802 1543
801 1543
800 1543
799 1543
798 1544
797 1544
796 1545
795 1545
794 1546
793 1546
792 1547
791 1547
790 1548
789 1548
788 1548
787 1548
786 1549
785 1550
784 1550
783 1550
782 1551
781 1552
780 1552
779 1552
778 1553
777 1553
776 1553
775 1553
774 1553
773 1553
772 1552
771 1552
770 1552
769 1552
768 1551
767 1551
766 1551
765 1551
764 1550
763 1550
762 1550
761 1550
760 1549
759 1549
758 1549
757 1549
756 1549
755 1549
754 1549
753 1549
752 1549
751 1549
750 1550
749 1550
748 1550
747 1550
746 1551
745 1551
744 1552
743 1552
742 1552
741 1552
740 1553
739 1553
738 1553
737 1553
736 1553
735 1553
734 1553
733 1553
732 1554
731 1554
730 1554
729 1554
728 1555
727 1556
726 1557
725 1558
724 1558
723 1559
722 1560
721 1560
720 1561
719 1561
718 1561
717 1561
716 1561
715 1561
714 1562
713 1562
712 1562
711 1562
710 1563
709 1564
708 1565
707 1566
706 1566
705 1567
704 1568
703 1568
702 1569
701 1570
700 1571
699 1572
698 1572
697 1573
696 1574
695 1574
694 1575
693 1575
692 1576
691 1576
690 1577
689 1577
688 1578
687 1578
686 1579
685 1580
684 1581
683 1582
682 1582
682 1583
681 1584
680 1584
680 1585
679 1586
678 1587
678 1588
677 1589
677 1590
677 1591
677 1592
677 1593
677 1594
676 1595
676 1596
676 1597
676 1598
675 1599
675 1600
674 1601
674 1602
674 1603
673 1604
672 1605
672 1606
671 1607
671 1608
670 1609
670 1610
669 1611
669 1612
670 1613
670 1614
671 1615
672 1616
672 1617
673 1617
674 1618
674 1619
675 1619
676 1620
676 1621
677 1621
678 1622
678 1623
679 1623
680 1624
680 1625
681 1626
682 1627
682 1628
683 1629
684 1630
684 1631
684 1632
685 1633
685 1634
686 1635
686 1636
687 1637
688 1638
689 1639
690 1640
691 1641
692 1641
693 1642
694 1642
695 1643
696 1644
697 1645
698 1645
699 1645
700 1645
701 1646
702 1646
703 1646
704 1646
705 1646
706 1646
707 1646
708 1646
709 1646
710 1646
711 1647
712 1647
713 1647
714 1647
715 1648
716 1648
717 1648
718 1648
719 1648
720 1648
721 1648
722 1648
723 1649
724 1649
725 1649
726 1649
727 1650
728 1650
729 1650
730 1650
731 1650
732 1650
733 1650
734 1650
735 1651
736 1651
737 1651
738 1651
739 1652
740 1652
741 1652
742 1652
743 1652
744 1652
745 1652
746 1652
747 1652
748 1652
749 1652
750 1652
751 1652
752 1652
753 1652
754 1652
755 1652
756 1652
757 1652
758 1652
759 1652
760 1652
761 1652
762 1652
763 1652
764 1652
765 1652
766 1652
767 1653
768 1653
769 1653
770 1653
771 1654
772 1654
773 1654
774 1654
775 1654
776 1654
777 1654
778 1654
779 1655
780 1655
781 1655
782 1655
783 1656
784 1656
785 1656
786 1656
787 1656
788 1656
789 1656
790 1656
791 1656
792 1656
793 1656
794 1656
795 1656
796 1656
797 1656
798 1656
799 1656
800 1656
801 1656
802 1656
803 1656
804 1656
805 1656
806 1656
807 1656
808 1656
809 1657
810 1657
811 1657
812 1657
813 1658
814 1658
815 1658
816 1658
817 1658
818 1658
819 1658
820 1658
821 1658
822 1658
823 1658
824 1658
825 1659
826 1659
827 1659
828 1659
829 1660
830 1660
831 1661
832 1661
833 1661
834 1662
835 1663
836 1663
837 1663
838 1664
839 1665
840 1665
841 1665
842 1666
843 1667
844 1667
845 1667
846 1668
847 1669
848 1669
849 1670
850 1670
851 1671
852 1671
853 1672
854 1672
855 1672
856 1672
857 1673
858 1673
859 1673
860 1673
861 1674
862 1674
863 1674
864 1674
865 1674
866 1674
867 1674
868 1674
869 1674
870 1674
871 1674
872 1674
873 1674
874 1674
875 1674
876 1674
877 1674
878 1674
879 1674
880 1674
881 1674
882 1674
883 1674
884 1674
885 1674
886 1674
887 1674
888 1674
889 1674
890 1674
891 1675
892 1675
893 1675
894 1675
895 1676
896 1676
897 1676
898 1676
899 1676
900 1676
901 1676
902 1676
903 1676
904 1676
905 1677
906 1677
907 1677
908 1677
909 1678
910 1678
911 1679
912 1679
913 1679
914 1679
915 1680
916 1680
917 1681
918 1681
919 1681
920 1682
921 1683
922 1683
923 1683
924 1683
925 1684
926 1684
927 1685
928 1685
929 1685
930 1685
931 1686
932 1686
933 1686
934 1686
935 1686
936 1686
937 1687
938 1687
939 1687
940 1687
941 1688
942 1688
943 1688
944 1688
945 1688
946 1688
947 1688
948 1688
949 1688
950 1688
951 1688
952 1688
953 1688
954 1688
955 1688
956 1688
957 1688
958 1688
959 1688
960 1688
961 1688
962 1688
963 1688
964 1688
965 1688
966 1688
967 1688
968 1688
969 1688
970 1688
971 1688
972 1688
973 1688
974 1688
975 1688
976 1688
977 1688
978 1688
979 1688
980 1688
981 1687
982 1687
983 1687
984 1687
985 1686
986 1685
987 1685
988 1685
989 1684
990 1684
991 1684
992 1684
993 1684
994 1684
995 1685
996 1685
997 1686
998 1687
998 1688
999 1689
1000 1690
1001 1691
1002 1692
1003 1693
1004 1693
1005 1694
1006 1694
1007 1695
1008 1695
1009 1695
1010 1695
1011 1696
1012 1696
1013 1696
1014 1696
1015 1696
1016 1696
1017 1695
1018 1695
1019 1694
1020 1693
1021 1692
1021 1691
1022 1690
1023 1689
1023 1688
1024 1687
1025 1687
1025 1686
1026 1685
1027 1685
1027 1684
1028 1683
1029 1683
1030 1682
1031 1681
1032 1681
1033 1680
1034 1679
1035 1678
1035 1677
1036 1676
1036 1675
1036 1674
1036 1673
1036 1672
1036 1671
1037 1670
1037 1669
1037 1668
1037 1667
1038 1666
1038 1665
1039 1664
1039 1663
1039 1662
1039 1661
1040 1660
1040 1659
1040 1658
1040 1657
1041 1656
1041 1655
1041 1654
1041 1653
1042 1652
1042 1651
1042 1650
1042 1649
1043 1648
1043 1647
1043 1646
1043 1645
1044 1644
1044 1643
1044 1642
1044 1641
1045 1640
1045 1639
1046 1638
1046 1637
1047 1636
1048 1635
1049 1634
1049 1633
1050 1632
1050 1631
1051 1630
1052 1629
1053 1628
1053 1627
1054 1626
1054 1625
1055 1624
1055 1623
1056 1622
1056 1621
1057 1620
1057 1619
1057 1618
1057 1617
1058 1616
1058 1615
1059 1614
1059 1613
1060 1612
1060 1611
1061 1610
1062 1609
1063 1608
1063 1607
1063 1606
1063 1605
1064 1604
1064 1603
1065 1602
1065 1601
1065 1600
1066 1599
1067 1598
1067 1597
1067 1596
1067 1595
1068 1594
1068 1593
1068 1592
1068 1591
1068 1590
1068 1589
1068 1588
1068 1587
1068 1586
1068 1585
1068 1584
1068 1583
1067 1582
1067 1581
1067 1580
1067 1579
1066 1578
1065 1577
1065 1576
1065 1575
1064 1574
1064 1573
1063 1572
1063 1571
1063 1570
1063 1569
1062 1568
1062 1567
1061 1566
1061 1565
1060 1564
1059 1563
1059 1562
1058 1562
1057 1561
1057 1560
1056 1559
1055 1558
1055 1557
1054 1556
1053 1555
1052 1554
1051 1553
1051 1552
1050 1552
1049 1551
1049 1550
1048 1550
1047 1549
1047 1548
1046 1548
1045 1547
1045 1546
1044 1546
1043 1545
1043 1544
1042 1544
1041 1543
1040 1542
1039 1542
1038 1541
1037 1541
1036 1541
1035 1541
1034 1540
1033 1540
1032 1540
1031 1540
1030 1539
1029 1539
1028 1539
1027 1539
1026 1539
1025 1539
1024 1539
1023 1539
1022 1539
1021 1539
1020 1538
1019 1538
1018 1538
1017 1538
1016 1537
1015 1537
1014 1537
1013 1537
1012 1537
1011 1537
1010 1537
1009 1537
1008 1537
1007 1537
1006 1538
1005 1538
1004 1538
1003 1538
1002 1539
1001 1540
1000 1540
999 1540
998 1540
997 1540
996 1540
995 1540
994 1539
993 1539
992 1539
991 1539
990 1538
989 1538
988 1538
987 1538
986 1537
985 1537
984 1536
983 1536
982 1535
981 1535
980 1534
979 1533
978 1532
977 1532
976 1531
975 1531
974 1530
973 1530
972 1529
971 1529
970 1528
969 1528
968 1528
967 1528
966 1527
965 1527
964 1527
963 1527
962 1526
961 1526
960 1526
959 1526
958 1525
957 1525
956 1525
955 1525
954 1524
953 1524
952 1524
951 1524
950 1523
949 1523
948 1522
947 1522
946 1522
945 1522
944 1521
943 1521
942 1521
941 1521
940 1521
939 1521
938 1521
937 1521
936 1520
935 1520
934 1520
933 1520
932 1519
931 1519
930 1519
929 1519
928 1519
927 1519
926 1519
925 1519
924 1519
923 1519
922 1519
921 1519
920 1519
919 1519
918 1519
917 1519
916 1519
915 1519
914 1519
913 1519
