801 231
800 232
799 232
798 232
797 232
796 233
795 233
794 233
793 233
792 233
791 233
790 234
789 234
788 234
787 234
786 235
785 235
784 235
783 235
782 235
781 235
780 235
779 235
778 236
777 236
776 236
775 236
774 237
773 238
772 238
771 238
770 238
769 238
768 238
767 238
766 237
765 237
764 237
763 237
762 237
761 237
760 237
759 237
758 237
757 237
756 237
755 237
754 237
753 237
752 237
751 237
750 237
749 237
748 238
747 238
746 238
745 238
744 239
743 240
742 241
741 242
740 242
740 243
739 244
738 244
737 245
736 246
735 246
734 247
733 247
732 247
731 247
730 247
729 247
728 247
727 247
726 248
725 248
724 249
723 249
722 250
721 250
720 251
719 252
718 253
717 254
716 254
716 255
715 256
714 256
713 257
712 258
711 258
710 259
709 260
708 260
707 260
706 261
705 261
704 261
703 261
702 262
701 262
700 262
699 262
698 263
697 264
696 265
695 266
694 266
694 267
693 268
692 268
691 269
690 270
689 270
688 271
687 272
686 272
685 272
684 273
683 274
682 275
681 276
680 276
679 277
678 278
677 278
676 279
675 279
674 279
673 279
672 279
671 279
670 279
669 279
668 280
667 280
666 280
665 280
664 281
663 282
662 282
661 282
660 283
659 284
658 285
657 286
656 286
655 287
654 288
653 288
652 289
651 290
650 290
649 290
648 291
647 292
646 293
645 293
644 294
643 294
642 295
641 296
640 296
639 296
638 297
637 298
636 299
635 300
634 301
633 302
632 303
632 304
631 305
630 306
629 306
628 307
627 308
626 309
625 310
624 311
624 312
623 313
623 314
623 315
623 316
622 317
622 318
622 319
621 320
620 321
620 322
619 323
618 324
618 325
617 326
616 326
615 327
614 328
613 328
612 329
611 329
610 330
609 330
608 331
607 332
606 332
605 333
604 334
603 334
602 335
601 336
600 337
599 338
598 339
598 340
597 341
597 342
597 343
597 344
597 345
597 346
597 347
597 348
597 349
597 350
597 351
597 352
597 353
597 354
597 355
597 356
597 357
597 358
598 359
598 360
598 361
598 362
599 363
600 364
600 365
600 366
601 367
601 368
602 369
602 370
603 371
603 372
604 373
604 374
605 375
606 376
607 377
608 378
608 379
609 379
610 380
610 381
611 381
612 382
612 383
613 383
614 384
614 385
615 385
616 386
616 387
617 387
618 388
618 389
619 389
620 390
620 391
621 391
622 392
623 393
624 394
625 395
626 395
627 396
628 397
629 397
630 398
630 399
631 399
632 400
632 401
633 401
634 402
635 403
636 403
637 404
638 404
639 405
640 405
641 406
642 407
643 407
644 408
644 409
645 409
646 410
646 411
647 411
648 412
648 413
649 413
650 414
651 415
652 416
653 417
654 417
655 417
656 417
657 418
658 418
659 419
660 419
661 419
662 420
663 421
664 421
665 421
666 422
667 423
668 423
669 423
670 424
671 425
672 425
673 425
674 425
675 426
676 426
677 427
678 427
679 427
680 428
681 429
682 429
683 429
684 429
685 430
686 430
687 431
688 431
689 432
690 433
691 433
692 434
692 435
693 435
694 436
694 437
695 437
696 438
696 439
697 439
698 440
699 441
700 442
701 443
702 443
703 444
704 445
705 445
706 446
706 447
707 447
708 448
708 449
709 449
710 450
711 451
712 452
713 453
714 453
715 453
716 453
717 454
718 454
719 454
720 454
721 454
722 454
723 454
724 454
725 454
726 454
727 454
728 454
729 454
730 454
731 453
732 453
733 453
734 453
735 452
736 452
737 452
738 452
739 452
740 452
741 451
742 451
743 451
744 451
745 450
746 450
747 450
748 450
749 450
750 450
751 450
752 450
753 450
754 450
755 450
756 450
757 450
758 450
759 450
760 450
761 450
762 450
763 449
764 449
765 449
766 449
767 448
768 448
769 448
770 448
771 448
772 448
773 447
774 447
775 447
776 447
777 446
778 446
779 446
780 446
781 446
782 446
783 446
784 446
785 446
786 446
787 446
788 446
789 446
790 446
791 445
792 445
793 445
794 445
795 444
796 444
797 444
798 444
799 445
800 446
801 447
802 448
803 449
804 450
804 451
805 451
806 452
806 453
807 453
808 454
809 455
810 456
811 457
812 457
813 458
814 459
815 459
816 460
816 461
817 461
818 462
818 463
819 463
820 464
820 465
821 465
822 466
822 467
823 467
824 468
825 469
826 469
827 470
828 470
829 471
830 471
831 471
832 472
833 473
834 473
835 474
836 475
837 475
838 476
838 477
839 477
840 478
841 479
842 479
843 480
844 480
845 481
846 481
847 481
848 481
849 482
850 482
851 482
852 482
853 482
854 482
855 482
856 482
857 483
858 483
859 483
860 483
861 484
862 484
863 484
864 484
865 485
866 485
867 485
868 486
869 487
870 487
871 487
872 487
873 488
874 488
875 488
876 488
877 488
878 488
879 489
880 489
881 489
882 489
883 490
884 490
885 490
886 490
887 490
888 490
889 490
890 490
891 491
892 491
893 491
894 492
895 493
896 493
897 493
898 493
899 494
900 494
901 493
902 493
903 493
904 493
905 492
906 492
907 492
908 492
909 492
910 492
911 492
912 492
913 491
914 491
915 491
916 491
917 490
918 490
919 490
920 490
921 490
922 490
923 490
924 490
925 490
926 490
927 489
928 489
929 489
930 489
931 488
932 488
933 487
934 487
935 486
936 485
937 485
938 484
939 483
940 483
941 482
942 482
943 482
944 482
945 482
946 482
947 482
948 482
949 482
950 482
951 482
952 482
953 482
954 482
955 482
956 482
957 481
958 481
959 481
960 481
961 480
962 479
963 479
964 479
965 478
966 478
967 478
968 478
969 478
970 478
971 478
972 478
973 478
974 478
975 477
976 477
977 476
978 476
979 475
980 475
981 474
982 474
983 474
984 474
985 474
986 474
987 474
988 474
989 474
990 474
991 474
992 474
993 474
994 474
995 474
996 474
997 474
998 474
999 474
1000 474
1001 473
1002 473
1003 472
1004 471
1005 470
1005 469
1006 468
1006 467
1007 466
1007 465
1008 464
1008 463
1009 462
1009 461
1010 460
1010 459
1010 458
1010 457
1010 456
1010 455
1010 454
1010 453
1010 452
1010 451
1010 450
1010 449
1010 448
1010 447
1010 446
1010 445
1010 444
1010 443
1009 442
1009 441
1009 440
1009 439
1008 438
1008 437
1008 436
1008 435
1008 434
1008 433
1008 432
1008 431
1008 430
1008 429
1008 428
1008 427
1008 426
1008 425
1008 424
1008 423
1009 422
1009 421
1009 420
1010 419
1011 418
1011 417
1011 416
1012 415
1013 414
1013 413
1014 412
1015 411
1015 410
1016 409
1017 408
1018 407
1019 406
1019 405
1019 404
1019 403
1020 402
1020 401
1020 400
1020 399
1020 398
1020 397
1020 396
1020 395
1020 394
1020 393
1020 392
1020 391
1020 390
1020 389
1020 388
1020 387
1019 386
1019 385
1019 384
1019 383
1018 382
1017 381
1016 380
1016 379
1015 378
1015 377
1014 376
1014 375
1014 374
1014 373
1014 372
1014 371
1014 370
1014 369
1014 368
1014 367
1014 366
1014 365
1014 364
1014 363
1014 362
1014 361
1014 360
1014 359
1013 358
1013 357
1013 356
1013 355
1012 354
1011 353
1011 352
1011 351
1010 350
1009 349
1009 348
1009 347
1008 346
1008 345
1008 344
1008 343
1008 342
1008 341
1008 340
1008 339
1008 338
1008 337
1009 336
1009 335
1009 334
1009 333
1010 332
1010 331
1010 330
1010 329
1011 328
1011 327
1012 326
1012 325
1013 324
1013 323
1014 322
1014 321
1015 320
1015 319
1015 318
1015 317
1016 316
1016 315
1016 314
1016 313
1016 312
1016 311
1017 310
1017 309
1017 308
1017 307
1018 306
1018 305
1018 304
1018 303
1018 302
1018 301
1018 300
1018 299
1018 298
1018 297
1018 296
1018 295
1017 294
1017 293
1017 292
1017 291
1016 290
1016 289
1016 288
1016 287
1016 286
1016 285
1016 284
1016 283
1016 282
1016 281
1016 280
1016 279
1015 278
1015 277
1015 276
1015 275
1014 274
1013 273
1013 272
1013 271
1012 270
1011 269
1011 268
1011 267
1010 266
1009 265
1009 264
1009 263
1008 262
1008 261
1008 260
1008 259
1007 258
1007 257
1007 256
1007 255
1006 254
1006 253
1006 252
1006 251
1006 250
1006 249
1006 248
1006 247
1006 246
1006 245
1006 244
1006 243
1006 242
1006 241
1005 240
1005 239
1004 238
1003 237
1002 236
1001 236
1000 236
999 236
998 235
997 235
996 235
995 235
994 235
993 235
992 235
991 235
990 235
989 235
988 235
987 235
986 236
985 236
984 236
983 236
982 237
981 237
980 237
979 237
978 237
977 237
976 238
975 238
974 239
973 239
972 240
971 240
970 241
969 241
968 241
967 241
966 241
965 241
964 241
963 241
962 242
961 242
960 242
959 242
958 243
957 243
956 243
955 243
954 244
953 244
952 244
951 244
950 245
949 246
948 246
947 246
946 247
945 248
944 248
943 248
942 249
941 249
940 249
939 249
938 250
937 250
936 250
935 250
934 251
933 251
932 252
931 252
930 253
929 253
928 254
927 254
926 255
925 255
924 255
923 255
922 255
921 255
920 255
919 255
918 255
917 255
916 255
915 255
914 255
913 255
912 255
911 255
910 256
909 256
908 256
907 256
906 257
905 257
904 257
903 257
902 257
901 257
900 257
899 257
898 257
897 257
896 257
895 257
894 257
893 257
892 257
891 257
890 257
889 257
888 257
887 257
886 257
885 257
884 257
883 257
882 256
881 256
880 256
879 256
878 255
877 255
876 255
875 255
874 255
873 255
872 255
871 255
870 256
869 256
868 256
867 256
866 257
865 257
864 258
863 258
862 258
861 258
860 259
859 259
858 259
857 259
856 259
855 259
854 259
853 259
852 258
851 258
850 257
849 256
848 256
847 255
846 254
845 253
844 252
843 252
842 251
841 251
840 250
839 249
838 248
837 248
836 247
835 246
834 246
833 245
833 244
832 244
831 243
830 242
829 242
828 241
827 241
826 241
825 241
824 240
823 240
822 239
821 238
820 238
819 237
819 236
818 236
817 235
816 234
815 233
814 232
813 232
812 232
811 232
810 231
809 231
808 231
807 231
806 231
805 231
804 231
803 231
802 231
801 231
