2267 1945
2266 1946
2265 1946
2264 1947
2263 1947
2262 1948
2261 1948
2260 1949
2259 1949
2258 1950
2257 1950
2256 1951
2255 1951
2254 1952
2253 1952
2252 1953
2251 1954
2250 1954
2249 1954
2248 1955
2247 1956
2246 1957
2245 1958
2244 1958
2244 1959
2243 1960
2242 1960
2242 1961
2241 1962
2240 1962
2240 1963
2239 1964
2238 1964
2238 1965
2237 1966
2236 1966
2236 1967
2235 1968
2234 1968
2233 1969
2232 1970
2231 1970
2230 1971
2229 1971
2228 1971
2227 1971
2226 1971
2225 1971
2224 1971
2223 1971
2222 1971
2221 1971
2220 1971
2219 1971
2218 1972
2217 1972
2216 1972
2215 1972
2214 1973
2213 1973
2212 1974
2211 1974
2210 1975
2209 1976
2208 1976
2207 1977
2206 1978
2205 1978
2204 1979
2203 1979
2202 1979
2201 1979
2200 1980
2199 1980
2198 1981
2197 1982
2196 1982
2196 1983
2195 1984
2194 1985
2194 1986
2193 1987
2193 1988
2193 1989
2193 1990
2192 1991
2192 1992
2191 1993
2190 1994
2190 1995
2189 1996
2188 1996
2188 1997
2187 1998
2186 1998
2186 1999
2185 2000
2184 2000
2184 2001
2183 2002
2182 2003
2182 2004
2181 2005
2181 2006
2181 2007
2181 2008
2180 2009
2180 2010
2179 2011
2178 2012
2178 2013
2177 2014
2176 2014
2176 2015
2175 2016
2174 2017
2173 2018
2172 2019
2172 2020
2171 2021
2171 2022
2170 2023
2169 2024
2168 2025
2168 2026
2167 2027
2166 2028
2166 2029
2165 2030
2164 2030
2164 2031
2163 2032
2162 2032
2162 2033
2161 2034
2160 2035
2160 2036
2159 2037
2159 2038
2158 2039
2158 2040
2157 2041
2156 2042
2156 2043
2155 2044
2154 2045
2153 2046
2152 2047
2152 2048
2152 2049
2151 2050
2150 2051
2150 2052
2150 2053
2150 2054
2149 2055
2149 2056
2148 2057
2148 2058
2147 2059
2146 2060
2146 2061
2145 2062
2144 2063
2144 2064
2143 2065
2143 2066
2142 2067
2142 2068
2141 2069
2141 2070
2140 2071
2140 2072
2139 2073
2139 2074
2138 2075
2138 2076
2138 2077
2138 2078
2137 2079
2137 2080
2136 2081
2136 2082
2136 2083
2135 2084
2134 2085
2134 2086
2133 2087
2133 2088
2132 2089
2132 2090
2131 2091
2131 2092
2131 2093
2131 2094
2130 2095
2130 2096
2130 2097
2130 2098
2129 2099
2129 2100
2128 2101
2128 2102
2127 2103
2127 2104
2126 2105
2126 2106
2125 2107
2125 2108
2124 2109
2124 2110
2124 2111
2123 2112
2122 2113
2122 2114
2122 2115
2121 2116
2120 2117
2120 2118
2120 2119
2119 2120
2118 2121
2118 2122
2117 2123
2117 2124
2116 2125
2115 2126
2114 2127
2114 2128
2113 2129
2113 2130
2112 2131
2112 2132
2111 2133
2111 2134
2110 2135
2110 2136
2110 2137
2110 2138
2109 2139
2109 2140
2109 2141
2109 2142
2108 2143
2108 2144
2107 2145
2107 2146
2106 2147
2106 2148
2105 2149
2105 2150
2105 2151
2105 2152
2105 2153
2105 2154
2105 2155
2105 2156
2106 2157
2106 2158
2106 2159
2106 2160
2107 2161
2108 2162
2109 2163
2110 2163
2111 2164
2112 2164
2113 2165
2114 2165
2115 2166
2116 2167
2117 2167
2118 2168
2118 2169
2119 2169
2120 2170
2121 2171
2122 2171
2123 2172
2124 2172
2125 2172
2126 2172
2127 2172
2128 2172
2129 2172
2130 2172
2131 2172
2132 2172
2133 2172
2134 2172
2135 2172
2136 2172
2137 2172
2138 2172
2139 2172
2140 2172
2141 2172
2142 2172
2143 2172
2144 2172
2145 2172
2146 2172
2147 2172
2148 2172
2149 2172
2150 2172
2151 2172
2152 2172
2153 2172
2154 2172
2155 2172
2156 2172
2157 2172
2158 2172
2159 2172
2160 2172
2161 2172
2162 2172
2163 2172
2164 2172
2165 2172
2166 2172
2167 2172
2168 2172
2169 2172
2170 2172
2171 2173
2172 2173
2173 2173
2174 2173
2175 2174
2176 2174
2177 2174
2178 2174
2179 2175
2180 2175
2181 2175
2182 2175
2183 2176
2184 2176
2185 2176
2186 2176
2187 2176
2188 2176
2189 2176
2190 2176
2191 2176
2192 2176
2193 2176
2194 2176
2195 2176
2196 2176
2197 2175
2198 2175
2199 2175
2200 2175
2201 2174
2202 2173
2203 2173
2204 2173
2205 2172
2206 2171
2207 2171
2208 2171
2209 2170
2210 2170
2211 2170
2212 2170
2213 2170
2214 2170
2215 2170
2216 2170
2217 2170
2218 2170
2219 2169
2220 2169
2221 2169
2222 2169
2223 2168
2224 2167
2225 2167
2226 2167
2227 2166
2228 2166
2229 2166
2230 2166
2231 2166
2232 2166
2233 2165
2234 2165
2235 2165
2236 2165
2237 2164
2238 2164
2239 2164
2240 2164
2241 2164
2242 2164
2243 2164
2244 2164
2245 2164
2246 2164
2247 2164
2248 2164
2249 2164
2250 2164
2251 2164
2252 2164
2253 2164
2254 2164
2255 2164
2256 2164
2257 2163
2258 2163
2259 2163
2260 2163
2261 2162
2262 2161
2263 2161
2264 2161
2265 2160
2266 2159
2267 2159
2268 2159
2269 2158
2270 2158
2271 2157
2272 2157
2273 2157
2274 2157
2275 2156
2276 2156
2277 2156
2278 2156
2279 2156
2280 2156
2281 2156
2282 2156
2283 2156
2284 2156
2285 2156
2286 2156
2287 2156
2288 2156
2289 2156
2290 2156
2291 2157
2292 2157
2293 2157
2294 2157
2295 2158
2296 2158
2297 2158
2298 2158
2299 2158
2300 2158
2301 2158
2302 2158
2303 2158
2304 2158
2305 2158
2306 2158
2307 2158
2308 2158
2309 2158
2310 2158
2311 2158
2312 2158
2313 2159
2314 2159
2315 2159
2316 2159
2317 2160
2318 2160
2319 2160
2320 2160
2321 2160
2322 2160
2323 2160
2324 2160
2325 2161
2326 2161
2327 2162
2328 2162
2329 2163
2330 2164
2331 2165
2332 2165
2333 2165
2334 2165
2335 2166
2336 2166
2337 2166
2338 2166
2339 2166
2340 2166
2341 2166
2342 2166
2343 2166
2344 2166
2345 2166
2346 2166
2347 2166
2348 2166
2349 2166
2350 2166
2351 2166
2352 2166
2353 2166
2354 2166
2355 2167
2356 2167
2357 2168
2358 2168
2359 2169
2360 2169
2361 2170
2362 2170
2363 2171
2364 2171
2365 2171
2366 2171
2367 2172
2368 2172
2369 2173
2370 2173
2371 2174
2372 2175
2373 2175
2374 2176
2375 2177
2376 2177
2377 2178
2378 2178
2379 2178
2380 2178
2381 2179
2382 2179
2383 2179
2384 2179
2385 2180
2386 2180
2387 2180
2388 2180
2389 2180
2390 2180
2391 2180
2392 2180
2393 2180
2394 2180
2395 2180
2396 2180
2397 2180
2398 2180
2399 2180
2400 2180
2401 2180
2402 2180
2403 2180
2404 2180
2405 2180
2406 2180
2407 2180
2408 2180
2409 2180
2410 2180
2411 2180
2412 2180
2413 2181
2414 2181
2415 2181
2416 2182
2417 2183
2418 2183
2419 2183
2420 2183
2421 2184
2422 2184
2423 2184
2424 2184
2425 2184
2426 2184
2427 2184
2428 2184
2429 2184
2430 2184
2431 2184
2432 2184
2433 2184
2434 2184
2435 2184
2436 2184
2437 2184
2438 2184
2439 2184
2440 2184
2441 2184
2442 2184
2443 2184
2444 2184
2445 2184
2446 2184
2447 2184
2448 2184
2449 2184
2450 2184
2451 2184
2452 2184
2453 2184
2454 2184
2455 2184
2456 2184
2457 2183
2458 2183
2459 2183
2460 2183
2461 2182
2462 2182
2463 2182
2464 2182
2465 2182
2466 2182
2467 2182
2468 2182
2469 2182
2470 2182
2471 2182
2472 2182
2473 2182
2474 2182
2475 2182
2476 2182
2477 2182
2478 2182
2479 2181
2480 2181
2481 2181
2482 2181
2483 2180
2484 2180
2485 2180
2486 2180
2487 2180
2488 2180
2489 2180
2490 2180
2491 2180
2492 2180
2493 2180
2494 2180
2495 2180
2496 2180
2497 2179
2498 2179
2499 2179
2500 2179
2501 2178
2502 2178
2503 2178
2504 2178
2505 2178
2506 2178
2507 2178
2508 2178
2509 2178
2510 2178
2511 2177
2512 2177
2513 2176
2514 2175
2515 2175
2516 2174
2517 2173
2518 2173
2519 2172
2520 2172
2521 2172
2522 2172
2523 2171
2524 2171
2525 2171
2526 2171
2527 2170
2528 2170
2529 2169
2530 2169
2531 2168
2532 2168
2533 2167
2534 2167
2535 2166
2536 2165
2537 2164
2538 2163
2539 2163
2539 2162
2540 2161
2541 2161
2542 2160
2543 2159
2544 2159
2545 2158
2546 2158
2547 2158
2548 2158
2549 2158
2550 2158
2551 2157
2552 2157
2553 2156
2554 2155
2555 2155
2555 2154
2556 2153
2557 2153
2557 2152
2558 2151
2559 2150
2560 2149
2561 2148
2561 2147
2561 2146
2561 2145
2562 2144
2562 2143
2562 2142
2562 2141
2563 2140
2563 2139
2563 2138
2564 2137
2565 2136
2565 2135
2565 2134
2565 2133
2566 2132
2566 2131
2567 2130
2567 2129
2567 2128
2567 2127
2568 2126
2568 2125
2568 2124
2568 2123
2569 2122
2569 2121
2569 2120
2569 2119
2570 2118
2570 2117
2570 2116
2570 2115
2571 2114
2571 2113
2572 2112
2572 2111
2573 2110
2573 2109
2574 2108
2574 2107
2574 2106
2574 2105
2574 2104
2574 2103
2575 2102
2575 2101
2575 2100
2575 2099
2576 2098
2576 2097
2576 2096
2576 2095
2576 2094
2576 2093
2576 2092
2576 2091
2576 2090
2576 2089
2577 2088
2577 2087
2577 2086
2578 2085
2579 2084
2579 2083
2579 2082
2579 2081
2580 2080
2580 2079
2581 2078
2581 2077
2581 2076
2582 2075
2583 2074
2583 2073
2583 2072
2583 2071
2584 2070
2584 2069
2584 2068
2584 2067
2585 2066
2585 2065
2585 2064
2585 2063
2586 2062
2586 2061
2586 2060
2586 2059
2586 2058
2586 2057
2586 2056
2586 2055
2586 2054
2586 2053
2586 2052
2586 2051
2586 2050
2586 2049
2586 2048
2586 2047
2586 2046
2586 2045
2586 2044
2586 2043
2586 2042
2586 2041
2586 2040
2586 2039
2585 2038
2585 2037
2585 2036
2585 2035
2584 2034
2583 2033
2583 2032
2583 2031
2582 2030
2582 2029
2582 2028
2582 2027
2581 2026
2581 2025
2581 2024
2581 2023
2580 2022
2580 2021
2580 2020
2580 2019
2580 2018
2580 2017
2580 2016
2580 2015
2580 2014
2580 2013
2580 2012
2580 2011
2580 2010
2580 2009
2580 2008
2580 2007
2580 2006
2580 2005
2580 2004
2580 2003
2580 2002
2580 2001
2580 2000
2580 1999
2580 1998
2580 1997
2580 1996
2580 1995
2580 1994
2580 1993
2579 1992
2579 1991
2578 1990
2577 1989
2577 1988
2576 1988
2575 1987
2575 1986
2574 1986
2573 1985
2573 1984
2572 1984
2571 1983
2571 1982
2570 1982
2569 1981
2569 1980
2568 1980
2567 1979
2567 1978
2566 1978
2565 1977
2564 1976
2563 1975
2562 1974
2561 1974
2560 1974
2559 1974
2558 1973
2557 1973
2556 1973
2555 1973
2554 1973
2553 1973
2552 1973
2551 1973
2550 1973
2549 1973
2548 1974
2547 1974
2546 1974
2545 1974
2544 1975
2543 1975
2542 1975
2541 1975
2540 1975
2539 1975
2538 1975
2537 1975
2536 1975
2535 1975
2534 1975
2533 1975
2532 1975
2531 1975
2530 1975
2529 1975
2528 1974
2527 1974
2526 1974
2525 1973
2524 1972
2523 1972
2522 1972
2521 1972
2520 1971
2519 1971
2518 1970
2517 1970
2516 1970
2515 1970
2514 1969
2513 1969
2512 1969
2511 1969
2510 1969
2509 1969
2508 1969
2507 1969
2506 1969
2505 1969
2504 1969
2503 1969
2502 1969
2501 1969
2500 1969
2499 1969
2498 1969
2497 1969
2496 1969
2495 1969
2494 1969
2493 1969
2492 1969
2491 1969
2490 1969
2489 1969
2488 1969
2487 1969
2486 1969
2485 1969
2484 1970
2483 1970
2482 1970
2481 1970
2480 1971
2479 1971
2478 1971
2477 1971
2476 1971
2475 1971
2474 1972
2473 1972
2472 1972
2471 1972
2470 1973
2469 1973
2468 1973
2467 1973
2466 1973
2465 1973
2464 1973
2463 1973
2462 1973
2461 1973
2460 1973
2459 1973
2458 1973
2457 1973
2456 1973
2455 1973
2454 1973
2453 1973
2452 1973
2451 1973
2450 1973
2449 1973
2448 1973
2447 1973
2446 1973
2445 1973
2444 1973
2443 1973
2442 1973
2441 1973
2440 1973
2439 1973
2438 1973
2437 1973
2436 1973
2435 1973
2434 1974
2433 1974
2432 1974
2431 1974
2430 1975
2429 1975
2428 1975
2427 1975
2426 1975
2425 1975
2424 1975
2423 1975
2422 1975
2421 1975
2420 1975
2419 1975
2418 1976
2417 1976
2416 1976
2415 1976
2414 1977
2413 1977
2412 1977
2411 1977
2410 1977
2409 1977
2408 1977
2407 1977
2406 1977
2405 1977
2404 1977
2403 1977
2402 1977
2401 1977
2400 1977
2399 1977
2398 1977
2397 1977
2396 1976
2395 1976
2394 1976
2393 1976
2392 1975
2391 1975
2390 1975
2389 1975
2388 1975
2387 1975
2386 1975
2385 1975
2384 1975
2383 1975
2382 1975
2381 1975
2380 1975
2379 1975
2378 1975
2377 1975
2376 1975
2375 1975
2374 1975
2373 1975
2372 1975
2371 1975
2370 1975
2369 1975
2368 1975
2367 1975
2366 1975
2365 1975
2364 1975
2363 1975
2362 1975
2361 1975
2360 1975
2359 1975
2358 1975
2357 1975
2356 1975
2355 1975
2354 1975
2353 1975
2352 1975
2351 1975
2350 1975
2349 1975
2348 1975
2347 1975
2346 1975
2345 1975
2344 1975
2343 1975
2342 1975
2341 1975
2340 1975
2339 1975
2338 1975
2337 1975
2336 1975
2335 1975
2334 1975
2333 1975
2332 1974
2331 1974
2330 1974
2329 1974
2328 1973
2327 1973
2326 1972
2325 1972
2324 1971
2323 1970
2322 1970
2321 1969
2321 1968
2320 1968
2319 1967
2318 1966
2317 1966
2316 1965
2315 1965
2314 1964
2313 1964
2312 1963
2311 1962
2310 1962
2309 1961
2309 1960
2308 1960
2307 1959
2307 1958
2306 1958
2305 1957
2305 1956
2304 1956
2303 1955
2303 1954
2302 1954
2301 1953
2300 1952
2299 1951
2298 1950
2297 1950
2296 1950
2295 1950
2294 1949
2293 1949
2292 1949
2291 1949
2290 1949
2289 1949
2288 1949
2287 1949
2286 1949
2285 1949
2284 1948
2283 1948
2282 1948
2281 1947
2280 1946
2279 1946
2278 1946
2277 1946
2276 1945
2275 1945
2274 1945
2273 1945
2272 1945
2271 1945
2270 1945
2269 1945
2268 1945
2267 1945
