1847 2041
1846 2042
1845 2042
1844 2043
1843 2044
1842 2044
1841 2045
1840 2046
1839 2046
1838 2047
1837 2047
1836 2048
1835 2048
1834 2049
1833 2049
1832 2050
1831 2050
1830 2051
1829 2052
1828 2053
1827 2054
1826 2054
1825 2055
1824 2056
1823 2056
1822 2057
1821 2057
1820 2058
1819 2058
1818 2058
1817 2058
1816 2059
1815 2059
1814 2060
1813 2060
1812 2061
1811 2061
1810 2062
1809 2062
1808 2063
1807 2063
1806 2063
1805 2063
1804 2063
1803 2063
1802 2064
1801 2064
1800 2065
1799 2065
1798 2066
1797 2066
1796 2067
1795 2068
1794 2069
1793 2069
1792 2070
1791 2070
1790 2071
1789 2072
1788 2073
1788 2074
1787 2075
1787 2076
1787 2077
1787 2078
1787 2079
1787 2080
1787 2081
1787 2082
1787 2083
1787 2084
1787 2085
1787 2086
1787 2087
1787 2088
1787 2089
1787 2090
1787 2091
1787 2092
1787 2093
1787 2094
1787 2095
1787 2096
1787 2097
1787 2098
1787 2099
1787 2100
1787 2101
1787 2102
1787 2103
1787 2104
1787 2105
1787 2106
1787 2107
1787 2108
1787 2109
1787 2110
1787 2111
1787 2112
1787 2113
1787 2114
1786 2115
1786 2116
1786 2117
1786 2118
1785 2119
1785 2120
1784 2121
1784 2122
1784 2123
1784 2124
1783 2125
1783 2126
1782 2127
1782 2128
1782 2129
1782 2130
1781 2131
1781 2132
1780 2133
1780 2134
1780 2135
1779 2136
1778 2137
1778 2138
1777 2139
1777 2140
1776 2141
1776 2142
1775 2143
1775 2144
1775 2145
1775 2146
1775 2147
1775 2148
1775 2149
1775 2150
1775 2151
1775 2152
1775 2153
1775 2154
1775 2155
1775 2156
1775 2157
1775 2158
1775 2159
1775 2160
1775 2161
1775 2162
1775 2163
1775 2164
1775 2165
1775 2166
1775 2167
1775 2168
1776 2169
1776 2170
1776 2171
1776 2172
1777 2173
1777 2174
1778 2175
1778 2176
1779 2177
1780 2178
1781 2179
1782 2179
1783 2180
1784 2180
1785 2181
1786 2181
1787 2181
1788 2181
1789 2182
1790 2182
1791 2183
1792 2183
1793 2184
1794 2185
1795 2185
1796 2186
1796 2187
1797 2187
1798 2188
1799 2189
1800 2190
1801 2191
1802 2191
1803 2191
1804 2191
1805 2192
1806 2192
1807 2192
1808 2192
1809 2192
1810 2192
1811 2192
1812 2192
1813 2192
1814 2192
1815 2192
1816 2192
1817 2192
1818 2192
1819 2192
1820 2192
1821 2192
1822 2192
1823 2192
1824 2192
1825 2192
1826 2192
1827 2193
1828 2193
1829 2193
1830 2193
1831 2194
1832 2194
1833 2194
1834 2194
1835 2194
1836 2194
1837 2194
1838 2194
1839 2194
1840 2194
1841 2193
1842 2193
1843 2193
1844 2193
1845 2192
1846 2192
1847 2192
1848 2192
1849 2191
1850 2191
1851 2191
1852 2191
1853 2190
1854 2190
1855 2190
1856 2190
1857 2190
1858 2190
1859 2190
1860 2190
1861 2190
1862 2190
1863 2189
1864 2189
1865 2188
1866 2187
1867 2187
1868 2186
1869 2185
1870 2185
1871 2184
1872 2184
1873 2184
1874 2184
1875 2184
1876 2184
1877 2184
1878 2184
1879 2184
1880 2184
1881 2184
1882 2184
1883 2184
1884 2184
1885 2184
1886 2184
1887 2185
1888 2185
1889 2185
1890 2185
1891 2186
1892 2186
1893 2186
1894 2186
1895 2186
1896 2186
1897 2186
1898 2186
1899 2186
1900 2186
1901 2186
1902 2186
1903 2186
1904 2186
1905 2186
1906 2186
1907 2185
1908 2185
1909 2185
1910 2185
1911 2184
1912 2184
1913 2183
1914 2183
1915 2182
1916 2181
1917 2181
1917 2180
1918 2179
1919 2179
1920 2178
1921 2177
1922 2177
1923 2176
1924 2176
1925 2176
1926 2176
1927 2175
1928 2175
1929 2174
1930 2174
1931 2173
1932 2173
1933 2172
1934 2172
1935 2171
1936 2171
1937 2170
1938 2169
1939 2169
1939 2168
1940 2167
1941 2166
1941 2165
1942 2164
1942 2163
1943 2162
1943 2161
1944 2160
1944 2159
1945 2158
1945 2157
1946 2156
1946 2155
1947 2154
1947 2153
1947 2152
1947 2151
1948 2150
1948 2149
1948 2148
1948 2147
1948 2146
1948 2145
1948 2144
1948 2143
1948 2142
1948 2141
1948 2140
1948 2139
1948 2138
1948 2137
1948 2136
1948 2135
1948 2134
1948 2133
1947 2132
1947 2131
1947 2130
1947 2129
1946 2128
1946 2127
1946 2126
1946 2125
1946 2124
1946 2123
1946 2122
1946 2121
1945 2120
1945 2119
1944 2118
1944 2117
1943 2116
1943 2115
1942 2114
1942 2113
1942 2112
1942 2111
1942 2110
1942 2109
1941 2108
1941 2107
1940 2106
1939 2105
1939 2104
1938 2104
1937 2103
1937 2102
1936 2101
1935 2100
1935 2099
1934 2098
1933 2097
1933 2096
1933 2095
1932 2094
1932 2093
1932 2092
1932 2091
1932 2090
1932 2089
1932 2088
1932 2087
1932 2086
1932 2085
1933 2084
1933 2083
1933 2082
1933 2081
1934 2080
1934 2079
1933 2078
1933 2077
1932 2076
1931 2075
1931 2074
1930 2074
1929 2073
1928 2072
1927 2071
1926 2070
1925 2070
1924 2069
1923 2068
1922 2068
1921 2067
1921 2066
1920 2066
1919 2065
1919 2064
1918 2064
1917 2063
1916 2062
1915 2062
1914 2061
1913 2061
1912 2060
1911 2060
1910 2060
1909 2060
1908 2059
1907 2059
1906 2059
1905 2059
1904 2058
1903 2058
1902 2058
1901 2058
1900 2057
1899 2057
1898 2057
1897 2057
1896 2056
1895 2056
1894 2056
1893 2056
1892 2055
1891 2055
1890 2055
1889 2055
1888 2054
1887 2054
1886 2054
1885 2053
1884 2052
1883 2052
1882 2051
1881 2050
1880 2050
1879 2049
1879 2048
1878 2048
1877 2047
1876 2046
1875 2046
1874 2045
1873 2045
1872 2045
1871 2045
1870 2045
1869 2045
1868 2045
1867 2045
1866 2045
1865 2045
1864 2044
1863 2044
1862 2044
1861 2044
1860 2043
1859 2043
1858 2043
1857 2043
1856 2042
1855 2042
1854 2042
1853 2042
1852 2041
1851 2041
1850 2041
1849 2041
1848 2041
1847 2041
