2259 2771
2258 2772
2257 2772
2256 2773
2255 2774
2254 2774
2253 2775
2252 2776
2251 2776
2250 2777
2249 2777
2248 2778
2247 2778
2246 2778
2245 2778
2244 2779
2243 2779
2242 2779
2241 2779
2240 2779
2239 2779
2238 2779
2237 2779
2236 2779
2235 2779
2234 2779
2233 2779
2232 2779
2231 2779
2230 2779
2229 2779
2228 2779
2227 2779
2226 2779
2225 2779
2224 2779
2223 2779
2222 2779
2221 2779
2220 2779
2219 2779
2218 2779
2217 2779
2216 2780
2215 2780
2214 2781
2213 2782
2212 2782
2212 2783
2211 2784
2210 2784
2209 2785
2208 2786
2207 2786
2206 2787
2205 2787
2204 2787
2203 2787
2202 2787
2201 2787
2200 2787
2199 2787
2198 2787
2197 2787
2196 2787
2195 2787
2194 2787
2193 2787
2192 2788
2191 2788
2190 2788
2189 2788
2188 2789
2187 2789
2186 2789
2185 2789
2184 2789
2183 2789
2182 2789
2181 2789
2180 2789
2179 2789
2178 2790
2177 2790
2176 2791
2175 2791
2174 2792
2173 2792
2172 2793
2171 2793
2170 2793
2169 2793
2168 2793
2167 2793
2166 2793
2165 2793
2164 2794
2163 2794
2162 2794
2161 2794
2160 2795
2159 2795
2158 2795
2157 2795
2156 2795
2155 2795
2154 2796
2153 2796
2152 2797
2151 2798
2150 2798
2149 2799
2148 2800
2147 2800
2146 2801
2145 2801
2144 2800
2143 2800
2142 2800
2141 2799
2140 2798
2139 2798
2138 2797
2137 2797
2136 2796
2135 2796
2134 2795
2133 2795
2132 2794
2131 2794
2130 2794
2129 2794
2128 2793
2127 2793
2126 2793
2125 2793
2124 2793
2123 2793
2122 2793
2121 2793
2120 2794
2119 2794
2118 2795
2117 2796
2116 2796
2116 2797
2115 2798
2114 2798
2113 2799
2112 2800
2111 2800
2110 2801
2109 2801
2108 2801
2107 2801
2106 2802
2105 2802
2104 2802
2103 2802
2102 2803
2101 2804
2100 2805
2099 2806
2098 2807
2098 2808
2098 2809
2098 2810
2097 2811
2097 2812
2097 2813
2097 2814
2097 2815
2097 2816
2097 2817
2097 2818
2096 2819
2096 2820
2095 2821
2094 2822
2094 2823
2093 2824
2092 2825
2092 2826
2091 2827
2091 2828
2091 2829
2091 2830
2091 2831
2091 2832
2091 2833
2091 2834
2091 2835
2091 2836
2091 2837
2091 2838
2091 2839
2091 2840
2090 2841
2090 2842
2090 2843
2090 2844
2089 2845
2089 2846
2089 2847
2089 2848
2088 2849
2088 2850
2088 2851
2088 2852
2087 2853
2087 2854
2086 2855
2086 2856
2086 2857
2086 2858
2085 2859
2085 2860
2085 2861
2085 2862
2085 2863
2085 2864
2085 2865
2085 2866
2086 2867
2086 2868
2087 2869
2088 2870
2088 2871
2089 2871
2090 2872
2091 2873
2092 2874
2093 2875
2094 2875
2095 2876
2096 2877
2097 2877
2098 2878
2098 2879
2099 2879
2100 2880
2100 2881
2101 2881
2102 2882
2102 2883
2103 2883
2104 2884
2104 2885
2105 2885
2106 2886
2106 2887
2107 2887
2108 2888
2108 2889
2109 2889
2110 2890
2110 2891
2111 2891
2112 2892
2113 2893
2114 2894
2115 2895
2116 2895
2117 2896
2118 2897
2119 2897
2120 2898
2120 2899
2121 2899
2122 2900
2122 2901
2123 2901
2124 2902
2124 2903
2125 2903
2126 2904
2126 2905
2127 2905
2128 2906
2128 2907
2129 2907
2130 2908
2131 2909
2132 2910
2133 2911
2134 2911
2135 2912
2136 2912
2137 2913
2138 2913
2139 2914
2140 2914
2141 2915
2142 2915
2143 2915
2144 2915
2145 2916
2146 2916
2147 2917
2148 2917
2149 2917
2150 2918
2151 2919
2152 2919
2153 2919
2154 2919
2155 2920
2156 2920
2157 2921
2158 2921
2159 2921
2160 2921
2161 2922
2162 2922
2163 2923
2164 2923
2165 2923
2166 2924
2167 2925
2168 2925
2169 2925
2170 2925
2171 2926
2172 2926
2173 2926
2174 2926
2175 2926
2176 2926
2177 2927
2178 2927
2179 2927
2180 2927
2181 2928
2182 2928
2183 2928
2184 2928
2185 2928
2186 2928
2187 2928
2188 2928
2189 2928
2190 2928
2191 2928
2192 2928
2193 2929
2194 2929
2195 2929
2196 2930
2197 2931
2198 2931
2199 2931
2200 2931
2201 2932
2202 2932
2203 2933
2204 2933
2205 2933
2206 2933
2207 2934
2208 2934
2209 2934
2210 2934
2211 2935
2212 2935
2213 2935
2214 2935
2215 2936
2216 2936
2217 2937
2218 2937
2219 2937
2220 2937
2221 2938
2222 2938
2223 2939
2224 2939
2225 2939
2226 2940
2227 2941
2228 2941
2229 2942
2230 2942
2231 2943
2232 2944
2233 2945
2234 2945
2235 2946
2236 2947
2237 2947
2238 2948
2238 2949
2239 2949
2240 2950
2240 2951
2241 2951
2242 2952
2242 2953
2243 2953
2244 2954
2245 2955
2246 2956
2247 2957
2248 2957
2249 2957
2250 2958
2251 2959
2252 2959
2253 2959
2254 2960
2255 2961
2256 2961
2257 2961
2258 2961
2259 2962
2260 2962
2261 2963
2262 2963
2263 2963
2264 2963
2265 2964
2266 2964
2267 2964
2268 2964
2269 2965
2270 2965
2271 2965
2272 2966
2273 2967
2274 2967
2275 2968
2276 2968
2277 2969
2278 2969
2279 2970
2280 2970
2281 2971
2282 2971
2283 2971
2284 2971
2285 2972
2286 2972
2287 2973
2288 2973
2289 2973
2290 2973
2291 2974
2292 2974
2293 2975
2294 2975
2295 2975
2296 2975
2297 2976
2298 2976
2299 2976
2300 2976
2301 2976
2302 2976
2303 2977
2304 2977
2305 2977
2306 2977
2307 2978
2308 2978
2309 2979
2310 2979
2311 2979
2312 2979
2313 2980
2314 2980
2315 2980
2316 2980
2317 2981
2318 2981
2319 2981
2320 2981
2321 2982
2322 2982
2323 2982
2324 2982
2325 2983
2326 2983
2327 2983
2328 2983
2329 2984
2330 2984
2331 2984
2332 2984
2333 2985
2334 2985
2335 2985
2336 2985
2337 2986
2338 2986
2339 2986
2340 2986
2341 2986
2342 2986
2343 2986
2344 2986
2345 2986
2346 2986
2347 2986
2348 2986
2349 2986
2350 2986
2351 2986
2352 2986
2353 2986
2354 2986
2355 2986
2356 2986
2357 2986
2358 2986
2359 2986
2360 2986
2361 2986
2362 2986
2363 2986
2364 2986
2365 2986
2366 2986
2367 2986
2368 2986
2369 2986
2370 2986
2371 2986
2372 2986
2373 2986
2374 2986
2375 2986
2376 2986
2377 2987
2378 2987
2379 2987
2380 2987
2381 2988
2382 2988
2383 2988
2384 2988
2385 2989
2386 2989
2387 2990
2388 2990
2389 2991
2390 2991
2391 2992
2392 2992
2393 2992
2394 2992
2395 2993
2396 2993
2397 2993
2398 2993
2399 2994
2400 2994
2401 2995
2402 2995
2403 2995
2404 2995
2405 2996
2406 2996
2407 2996
2408 2996
2409 2996
2410 2996
2411 2996
2412 2996
2413 2996
2414 2996
2415 2996
2416 2996
2417 2996
2418 2996
2419 2996
2420 2996
2421 2996
2422 2996
2423 2996
2424 2996
2425 2996
2426 2996
2427 2996
2428 2996
2429 2996
2430 2996
2431 2996
2432 2996
2433 2996
2434 2996
2435 2996
2436 2996
2437 2995
2438 2995
2439 2994
2440 2993
2441 2992
2441 2991
2442 2990
2442 2989
2442 2988
2442 2987
2442 2986
2442 2985
2442 2984
2442 2983
2442 2982
2442 2981
2442 2980
2442 2979
2442 2978
2442 2977
2442 2976
2442 2975
2442 2974
2442 2973
2442 2972
2442 2971
2442 2970
2442 2969
2442 2968
2442 2967
2442 2966
2442 2965
2442 2964
2442 2963
2442 2962
2442 2961
2442 2960
2442 2959
2442 2958
2442 2957
2442 2956
2442 2955
2442 2954
2442 2953
2441 2952
2441 2951
2441 2950
2441 2949
2440 2948
2440 2947
2440 2946
2440 2945
2440 2944
2440 2943
2440 2942
2440 2941
2440 2940
2440 2939
2440 2938
2440 2937
2440 2936
2440 2935
2440 2934
2440 2933
2440 2932
2440 2931
2440 2930
2440 2929
2440 2928
2440 2927
2440 2926
2440 2925
2440 2924
2440 2923
2441 2922
2441 2921
2442 2920
2442 2919
2443 2918
2443 2917
2444 2916
2444 2915
2444 2914
2444 2913
2444 2912
2444 2911
2444 2910
2444 2909
2444 2908
2444 2907
2444 2906
2444 2905
2444 2904
2444 2903
2444 2902
2444 2901
2444 2900
2444 2899
2444 2898
2444 2897
2444 2896
2444 2895
2444 2894
2444 2893
2444 2892
2444 2891
2444 2890
2444 2889
2445 2888
2445 2887
2445 2886
2445 2885
2446 2884
2446 2883
2446 2882
2446 2881
2446 2880
2446 2879
2446 2878
2446 2877
2446 2876
2446 2875
2446 2874
2446 2873
2446 2872
2446 2871
2446 2870
2446 2869
2446 2868
2446 2867
2446 2866
2446 2865
2446 2864
2446 2863
2446 2862
2446 2861
2446 2860
2446 2859
2446 2858
2446 2857
2446 2856
2446 2855
2446 2854
2446 2853
2446 2852
2446 2851
2446 2850
2446 2849
2446 2848
2446 2847
2446 2846
2446 2845
2446 2844
2446 2843
2446 2842
2446 2841
2446 2840
2446 2839
2446 2838
2446 2837
2445 2836
2445 2835
2445 2834
2445 2833
2444 2832
2444 2831
2443 2830
2443 2829
2443 2828
2443 2827
2442 2826
2442 2825
2442 2824
2442 2823
2442 2822
2442 2821
2441 2820
2441 2819
2441 2818
2441 2817
2440 2816
2440 2815
2440 2814
2440 2813
2440 2812
2440 2811
2439 2810
2439 2809
2438 2808
2437 2807
2437 2806
2436 2806
2435 2805
2435 2804
2434 2804
2433 2803
2433 2802
2432 2802
2431 2801
2431 2800
2430 2800
2429 2799
2429 2798
2428 2798
2427 2797
2427 2796
2426 2796
2425 2795
2424 2794
2423 2793
2422 2792
2421 2792
2420 2792
2419 2791
2418 2790
2417 2790
2416 2789
2415 2789
2414 2788
2413 2787
2412 2786
2411 2786
2410 2785
2409 2785
2408 2784
2407 2784
2406 2783
2405 2783
2404 2783
2403 2783
2402 2783
2401 2783
2400 2783
2399 2783
2398 2783
2397 2783
2396 2782
2395 2782
2394 2782
2393 2782
2392 2781
2391 2781
2390 2780
2389 2780
2388 2780
2387 2780
2386 2779
2385 2779
2384 2779
2383 2779
2382 2779
2381 2779
2380 2779
2379 2779
2378 2779
2377 2779
2376 2779
2375 2779
2374 2779
2373 2779
2372 2779
2371 2779
2370 2779
2369 2779
2368 2779
2367 2779
2366 2779
2365 2779
2364 2779
2363 2779
2362 2779
2361 2779
2360 2779
2359 2779
2358 2780
2357 2780
2356 2780
2355 2780
2354 2781
2353 2781
2352 2782
2351 2782
2350 2782
2349 2782
2348 2783
2347 2783
2346 2783
2345 2783
2344 2783
2343 2783
2342 2783
2341 2783
2340 2783
2339 2783
2338 2783
2337 2783
2336 2783
2335 2783
2334 2783
2333 2783
2332 2784
2331 2784
2330 2785
2329 2785
2328 2786
2327 2786
2326 2787
2325 2787
2324 2787
2323 2787
2322 2787
2321 2787
2320 2787
2319 2787
2318 2787
2317 2787
2316 2786
2315 2786
2314 2785
2313 2785
2312 2784
2311 2784
2310 2783
2309 2783
2308 2783
2307 2783
2306 2782
2305 2782
2304 2781
2303 2781
2302 2780
2301 2780
2300 2779
2299 2779
2298 2779
2297 2779
2296 2779
2295 2779
2294 2779
2293 2779
2292 2779
2291 2779
2290 2779
2289 2779
2288 2779
2287 2779
2286 2779
2285 2779
2284 2778
2283 2778
2282 2778
2281 2778
2280 2777
2279 2777
2278 2777
2277 2777
2276 2777
2275 2777
2274 2776
2273 2776
2272 2775
2271 2774
2270 2774
2269 2773
2268 2772
2267 2772
2266 2771
2265 2771
2264 2771
2263 2771
2262 2771
2261 2771
2260 2771
2259 2771
