867 1701
866 1702
865 1702
864 1702
863 1702
862 1703
861 1703
860 1703
859 1703
858 1703
857 1703
856 1703
855 1703
854 1703
853 1703
852 1703
851 1703
850 1703
849 1703
848 1704
847 1704
846 1704
845 1704
844 1705
843 1705
842 1705
841 1705
840 1705
839 1705
838 1705
837 1705
836 1705
835 1705
834 1705
833 1705
832 1705
831 1705
830 1705
829 1705
828 1706
827 1706
826 1706
825 1706
824 1707
823 1707
822 1707
821 1707
820 1707
819 1707
818 1707
817 1707
816 1707
815 1707
814 1707
813 1707
812 1707
811 1707
810 1707
809 1707
808 1707
807 1707
806 1707
805 1707
804 1707
803 1707
802 1707
801 1707
800 1707
799 1707
798 1707
797 1707
796 1708
795 1708
794 1708
793 1708
792 1709
791 1709
790 1709
789 1709
788 1709
787 1709
786 1709
785 1709
784 1709
783 1709
782 1709
781 1709
780 1710
779 1710
778 1710
777 1710
776 1711
775 1711
774 1711
773 1711
772 1711
771 1711
770 1711
769 1711
768 1711
767 1711
766 1711
765 1711
764 1712
763 1712
762 1712
761 1712
760 1713
759 1713
758 1713
757 1713
756 1713
755 1713
754 1713
753 1713
752 1713
751 1713
750 1713
749 1713
748 1713
747 1713
746 1713
745 1713
744 1714
743 1714
742 1714
741 1714
740 1715
739 1715
738 1715
737 1715
736 1715
735 1715
734 1715
733 1715
732 1716
731 1716
730 1716
729 1716
728 1717
727 1717
726 1717
725 1717
724 1717
723 1717
722 1717
721 1717
720 1718
719 1718
718 1718
717 1718
716 1719
715 1719
714 1719
713 1719
712 1719
711 1719
710 1719
709 1719
708 1720
707 1720
706 1720
705 1720
704 1721
703 1721
702 1721
701 1721
700 1722
699 1722
698 1722
697 1722
696 1723
695 1723
694 1723
693 1723
692 1724
691 1724
690 1724
689 1724
688 1725
687 1725
686 1725
685 1725
684 1725
683 1725
682 1725
681 1725
680 1725
679 1725
678 1726
677 1726
676 1726
675 1726
674 1727
673 1727
672 1727
671 1727
670 1727
669 1727
668 1728
667 1728
666 1728
665 1728
664 1729
663 1730
662 1730
661 1730
660 1731
659 1731
658 1731
657 1731
656 1731
655 1731
654 1731
653 1731
652 1731
651 1731
650 1732
649 1732
648 1733
647 1734
646 1735
645 1736
644 1737
644 1738
643 1739
643 1740
642 1741
642 1742
641 1743
641 1744
641 1745
641 1746
641 1747
641 1748
642 1749
642 1750
643 1751
644 1752
644 1753
645 1753
646 1754
647 1755
648 1755
649 1756
650 1756
651 1756
652 1756
653 1756
654 1756
655 1756
656 1757
657 1758
658 1758
659 1759
660 1759
661 1759
662 1759
663 1759
664 1759
665 1759
666 1759
667 1759
668 1759
669 1759
670 1759
671 1759
672 1759
673 1759
674 1759
675 1759
676 1759
677 1759
678 1759
679 1759
680 1759
681 1759
682 1759
683 1759
684 1759
685 1759
686 1759
687 1759
688 1759
689 1759
690 1759
691 1759
692 1759
693 1759
694 1759
695 1759
696 1759
697 1759
698 1759
699 1759
700 1759
701 1759
702 1759
703 1759
704 1759
705 1759
706 1759
707 1759
708 1759
709 1759
710 1759
711 1759
712 1759
713 1759
714 1759
715 1759
716 1759
717 1759
718 1759
719 1759
720 1759
721 1760
722 1760
723 1760
724 1760
725 1760
726 1760
727 1760
728 1760
729 1760
730 1760
731 1760
732 1760
733 1760
734 1760
735 1760
736 1760
737 1760
738 1760
739 1760
740 1760
741 1760
742 1760
743 1761
744 1761
745 1761
746 1761
747 1762
748 1762
749 1762
750 1762
751 1762
752 1762
753 1762
754 1762
755 1762
756 1762
757 1762
758 1762
759 1762
760 1762
761 1762
762 1762
763 1762
764 1762
765 1762
766 1762
767 1763
768 1763
769 1763
770 1763
771 1764
772 1764
773 1764
774 1764
775 1764
776 1764
777 1764
778 1764
779 1764
780 1764
781 1764
782 1764
783 1764
784 1764
785 1765
786 1765
787 1765
788 1765
789 1766
790 1766
791 1766
792 1766
793 1766
794 1766
795 1766
796 1766
797 1766
798 1766
799 1767
800 1767
801 1767
802 1767
803 1768
804 1768
805 1768
806 1768
807 1768
808 1768
809 1768
810 1768
811 1769
812 1769
813 1769
814 1769
815 1770
816 1770
817 1770
818 1770
819 1771
820 1771
821 1771
822 1771
823 1772
824 1772
825 1772
826 1772
827 1773
828 1773
829 1773
830 1773
831 1774
832 1774
833 1774
834 1774
835 1774
836 1774
837 1775
838 1775
839 1775
840 1775
841 1776
842 1776
843 1776
844 1776
845 1776
846 1776
847 1777
848 1777
849 1777
850 1777
851 1778
852 1778
853 1778
854 1778
855 1778
856 1778
857 1779
858 1779
859 1779
860 1779
861 1780
862 1780
863 1780
864 1780
865 1780
866 1780
867 1780
868 1780
869 1781
870 1781
871 1781
872 1781
873 1782
874 1782
875 1782
876 1782
877 1782
878 1782
879 1782
880 1782
881 1782
882 1782
883 1782
884 1782
885 1782
886 1782
887 1782
888 1782
889 1782
890 1782
891 1782
892 1782
893 1782
894 1782
895 1782
896 1782
897 1782
898 1782
899 1782
900 1782
901 1782
902 1782
903 1782
904 1782
905 1782
906 1782
907 1782
908 1782
909 1781
910 1781
911 1780
912 1779
913 1778
913 1777
914 1776
915 1775
915 1774
916 1773
917 1772
917 1771
918 1770
918 1769
919 1768
919 1767
919 1766
920 1765
921 1764
921 1763
921 1762
921 1761
922 1760
922 1759
922 1758
922 1757
922 1756
922 1755
922 1754
922 1753
923 1752
923 1751
923 1750
923 1749
924 1748
924 1747
924 1746
924 1745
924 1744
924 1743
924 1742
924 1741
924 1740
924 1739
924 1738
924 1737
924 1736
924 1735
924 1734
924 1733
924 1732
924 1731
924 1730
924 1729
924 1728
924 1727
924 1726
924 1725
924 1724
924 1723
924 1722
924 1721
924 1720
924 1719
924 1718
924 1717
924 1716
924 1715
923 1714
923 1713
922 1712
921 1711
921 1710
920 1710
919 1709
918 1708
917 1707
916 1706
915 1706
914 1706
913 1706
912 1705
911 1705
910 1705
909 1705
908 1704
907 1704
906 1704
905 1704
904 1703
903 1703
902 1703
901 1703
900 1702
899 1702
898 1702
897 1702
896 1701
895 1701
894 1701
893 1701
892 1701
891 1701
890 1701
889 1701
888 1701
887 1701
886 1701
885 1701
884 1701
883 1701
882 1701
881 1701
880 1701
879 1701
878 1701
877 1701
876 1701
875 1701
874 1701
873 1701
872 1701
871 1701
870 1701
869 1701
868 1701
867 1701
