2231 1153
2230 1154
2229 1154
2228 1154
2227 1154
2226 1155
2225 1155
2224 1155
2223 1155
2222 1155
2221 1155
2220 1155
2219 1155
2218 1155
2217 1155
2216 1155
2215 1155
2214 1156
2213 1156
2212 1156
2211 1156
2210 1157
2209 1157
2208 1157
2207 1157
2206 1157
2205 1157
2204 1158
2203 1158
2202 1158
2201 1158
2200 1159
2199 1159
2198 1160
2197 1160
2196 1160
2195 1160
2194 1161
2193 1161
2192 1161
2191 1161
2190 1161
2189 1161
2188 1162
2187 1162
2186 1162
2185 1162
2184 1163
2183 1163
2182 1163
2181 1163
2180 1164
2179 1164
2178 1164
2177 1164
2176 1165
2175 1165
2174 1166
2173 1166
2172 1166
2171 1166
2170 1167
2169 1167
2168 1168
2167 1168
2166 1168
2165 1168
2164 1169
2163 1169
2162 1169
2161 1169
2160 1170
2159 1170
2158 1170
2157 1170
2156 1171
2155 1172
2154 1173
2153 1173
2152 1174
2151 1174
2150 1175
2149 1175
2148 1175
2147 1175
2146 1175
2145 1175
2144 1175
2143 1175
2142 1175
2141 1175
2140 1175
2139 1175
2138 1175
2137 1175
2136 1175
2135 1175
2134 1175
2133 1175
2132 1176
2131 1176
2130 1176
2129 1176
2128 1177
2127 1177
2126 1178
2125 1178
2124 1179
2123 1179
2122 1180
2121 1180
2120 1181
2119 1181
2118 1181
2117 1181
2116 1182
2115 1182
2114 1183
2113 1183
2112 1184
2111 1184
2110 1185
2109 1186
2108 1187
2107 1188
2106 1188
2105 1189
2104 1190
2103 1190
2102 1191
2101 1191
2100 1192
2099 1192
2098 1193
2097 1193
2096 1194
2095 1194
2094 1195
2093 1196
2092 1197
2091 1197
2090 1198
2089 1198
2088 1199
2087 1199
2086 1199
2085 1199
2084 1199
2083 1199
2082 1199
2081 1199
2080 1199
2079 1199
2078 1200
2077 1200
2076 1201
2076 1202
2075 1203
2075 1204
2075 1205
2075 1206
2074 1207
2074 1208
2073 1209
2072 1210
2072 1211
2071 1212
2070 1212
2070 1213
2069 1214
2068 1215
2068 1216
2067 1217
2067 1218
2066 1219
2066 1220
2066 1221
2066 1222
2065 1223
2065 1224
2065 1225
2065 1226
2065 1227
2065 1228
2065 1229
2065 1230
2064 1231
2064 1232
2064 1233
2064 1234
2063 1235
2063 1236
2063 1237
2063 1238
2062 1239
2062 1240
2062 1241
2061 1242
2060 1243
2060 1244
2060 1245
2059 1246
2058 1247
2058 1248
2057 1249
2056 1250
2056 1251
2055 1252
2054 1252
2054 1253
2053 1254
2052 1254
2052 1255
2051 1256
2050 1257
2050 1258
2049 1259
2049 1260
2049 1261
2049 1262
2049 1263
2049 1264
2049 1265
2049 1266
2049 1267
2049 1268
2050 1269
2050 1270
2050 1271
2050 1272
2051 1273
2051 1274
2051 1275
2051 1276
2051 1277
2051 1278
2050 1279
2050 1280
2050 1281
2050 1282
2049 1283
2049 1284
2049 1285
2049 1286
2049 1287
2049 1288
2050 1289
2050 1290
2051 1291
2051 1292
2052 1293
2052 1294
2053 1295
2053 1296
2053 1297
2053 1298
2053 1299
2053 1300
2054 1301
2054 1302
2054 1303
2054 1304
2055 1305
2056 1306
2056 1307
2056 1308
2057 1309
2057 1310
2057 1311
2057 1312
2057 1313
2057 1314
2057 1315
2057 1316
2057 1317
2057 1318
2058 1319
2058 1320
2058 1321
2058 1322
2059 1323
2059 1324
2059 1325
2059 1326
2059 1327
2059 1328
2059 1329
2059 1330
2060 1331
2060 1332
2060 1333
2061 1334
2062 1335
2063 1336
2064 1337
2065 1338
2066 1338
2067 1339
2068 1340
2069 1341
2070 1341
2071 1342
2072 1342
2073 1343
2074 1344
2075 1345
2076 1345
2077 1345
2078 1346
2079 1347
2080 1347
2081 1347
2082 1348
2083 1349
2084 1349
2085 1349
2086 1350
2087 1351
2088 1351
2089 1351
2090 1351
2091 1352
2092 1352
2093 1353
2094 1353
2095 1353
2096 1353
2097 1354
2098 1354
2099 1355
2100 1355
2101 1356
2102 1356
2103 1357
2104 1357
2105 1358
2106 1358
2107 1359
2108 1359
2109 1359
2110 1359
2111 1360
2112 1360
2113 1361
2114 1361
2115 1361
2116 1362
2117 1363
2118 1363
2119 1363
2120 1364
2121 1365
2122 1365
2123 1365
2124 1366
2125 1367
2126 1367
2127 1367
2128 1367
2129 1368
2130 1368
2131 1369
2132 1369
2133 1370
2134 1371
2135 1371
2136 1372
2137 1373
2138 1374
2139 1375
2140 1375
2141 1375
2142 1375
2143 1376
2144 1376
2145 1377
2146 1377
2147 1377
2148 1378
2149 1379
2150 1379
2151 1379
2152 1379
2153 1380
2154 1380
2155 1380
2156 1380
2157 1381
2158 1381
2159 1381
2160 1381
2161 1382
2162 1382
2163 1383
2164 1383
2165 1383
2166 1383
2167 1384
2168 1384
2169 1384
2170 1384
2171 1385
2172 1385
2173 1385
2174 1385
2175 1386
2176 1386
2177 1386
2178 1386
2179 1387
2180 1387
2181 1387
2182 1387
2183 1388
2184 1388
2185 1388
2186 1388
2187 1388
2188 1388
2189 1388
2190 1388
2191 1388
2192 1388
2193 1388
2194 1388
2195 1388
2196 1388
2197 1389
2198 1389
2199 1389
2200 1389
2201 1390
2202 1390
2203 1390
2204 1390
2205 1390
2206 1390
2207 1390
2208 1390
2209 1390
2210 1390
2211 1390
2212 1390
2213 1390
2214 1390
2215 1390
2216 1390
2217 1391
2218 1391
2219 1391
2220 1391
2221 1392
2222 1392
2223 1392
2224 1392
2225 1392
2226 1392
2227 1392
2228 1392
2229 1392
2230 1392
2231 1392
2232 1392
2233 1392
2234 1392
2235 1392
2236 1392
2237 1392
2238 1392
2239 1392
2240 1392
2241 1392
2242 1392
2243 1392
2244 1392
2245 1392
2246 1392
2247 1392
2248 1392
2249 1392
2250 1392
2251 1392
2252 1392
2253 1391
2254 1391
2255 1390
2256 1390
2257 1389
2258 1389
2259 1388
2260 1388
2261 1387
2262 1387
2263 1386
2264 1386
2265 1385
2266 1385
2267 1384
2268 1384
2269 1384
2270 1384
2271 1384
2272 1384
2273 1384
2274 1384
2275 1384
2276 1384
2277 1384
2278 1384
2279 1384
2280 1384
2281 1384
2282 1384
2283 1384
2284 1384
2285 1384
2286 1384
2287 1384
2288 1384
2289 1384
2290 1384
2291 1383
2292 1383
2293 1383
2294 1383
2295 1382
2296 1382
2297 1383
2298 1383
2299 1383
2300 1383
2301 1384
2302 1384
2303 1384
2304 1384
2305 1384
2306 1384
2307 1384
2308 1384
2309 1384
2310 1384
2311 1384
2312 1384
2313 1383
2314 1383
2315 1383
2316 1383
2317 1382
2318 1382
2319 1382
2320 1382
2321 1381
2322 1381
2323 1381
2324 1381
2325 1380
2326 1379
2327 1379
2328 1379
2329 1378
2330 1378
2331 1378
2332 1378
2333 1378
2334 1378
2335 1377
2336 1377
2337 1376
2338 1375
2339 1375
2340 1374
2341 1373
2342 1373
2343 1372
2344 1372
2345 1372
2346 1372
2347 1371
2348 1371
2349 1371
2350 1371
2351 1370
2352 1370
2353 1369
2354 1369
2355 1369
2356 1369
2357 1368
2358 1368
2359 1367
2360 1367
2361 1367
2362 1367
2363 1366
2364 1365
2365 1365
2366 1365
2367 1364
2368 1364
2369 1364
2370 1364
2371 1363
2372 1363
2373 1363
2374 1363
2375 1362
2376 1361
2377 1361
2378 1361
2379 1360
2380 1360
2381 1359
2382 1359
2383 1359
2384 1359
2385 1358
2386 1358
2387 1357
2388 1357
2389 1356
2390 1355
2391 1354
2391 1353
2392 1352
2393 1351
2393 1350
2394 1349
2395 1348
2396 1347
2397 1346
2397 1345
2398 1344
2399 1343
2399 1342
2400 1341
2401 1341
2401 1340
2402 1339
2403 1339
2403 1338
2404 1337
2405 1337
2405 1336
2406 1335
2407 1335
2407 1334
2408 1333
2409 1333
2409 1332
2410 1331
2411 1331
2411 1330
2412 1329
2413 1329
2413 1328
2414 1327
2415 1327
2415 1326
2416 1325
2417 1325
2417 1324
2418 1323
2419 1322
2420 1321
2421 1320
2421 1319
2422 1318
2423 1317
2423 1316
2424 1315
2425 1315
2425 1314
2426 1313
2427 1313
2427 1312
2428 1311
2429 1311
2429 1310
2430 1309
2431 1309
2431 1308
2432 1307
2433 1306
2434 1305
2435 1304
2435 1303
2436 1302
2437 1301
2437 1300
2438 1299
2439 1298
2440 1297
2441 1296
2441 1295
2441 1294
2441 1293
2442 1292
2442 1291
2442 1290
2442 1289
2443 1288
2443 1287
2443 1286
2443 1285
2444 1284
2444 1283
2444 1282
2444 1281
2444 1280
2444 1279
2444 1278
2444 1277
2444 1276
2444 1275
2443 1274
2443 1273
2443 1272
2443 1271
2442 1270
2441 1269
2441 1268
2441 1267
2440 1266
2439 1265
2439 1264
2439 1263
2438 1262
2438 1261
2438 1260
2438 1259
2438 1258
2438 1257
2437 1256
2437 1255
2436 1254
2436 1253
2435 1252
2435 1251
2434 1250
2434 1249
2433 1248
2433 1247
2432 1246
2432 1245
2431 1244
2431 1243
2430 1242
2430 1241
2429 1240
2429 1239
2428 1238
2427 1237
2427 1236
2426 1236
2425 1235
2425 1234
2424 1234
2423 1233
2423 1232
2422 1232
2421 1231
2421 1230
2420 1230
2419 1229
2419 1228
2418 1228
2417 1227
2417 1226
2416 1226
2415 1225
2415 1224
2414 1224
2413 1223
2413 1222
2412 1222
2411 1221
2411 1220
2410 1220
2409 1219
2409 1218
2408 1218
2407 1217
2407 1216
2406 1216
2405 1215
2405 1214
2404 1214
2403 1213
2403 1212
2402 1212
2401 1211
2401 1210
2400 1210
2399 1209
2399 1208
2398 1208
2397 1207
2397 1206
2396 1206
2395 1205
2395 1204
2394 1204
2393 1203
2392 1202
2391 1201
2390 1200
2389 1200
2388 1199
2387 1198
2386 1198
2385 1197
2384 1196
2383 1195
2382 1194
2381 1194
2380 1194
2379 1193
2378 1192
2377 1192
2376 1191
2375 1190
2374 1190
2373 1189
2372 1188
2371 1188
2370 1187
2369 1187
2368 1186
2367 1186
2366 1186
2365 1186
2364 1185
2363 1185
2362 1184
2361 1184
2360 1183
2359 1182
2358 1182
2357 1181
2356 1180
2355 1179
2354 1178
2353 1178
2352 1177
2351 1177
2350 1176
2349 1176
2348 1175
2347 1175
2346 1175
2345 1175
2344 1174
2343 1174
2342 1173
2341 1173
2340 1172
2339 1171
2338 1170
2337 1170
2336 1170
2335 1169
2334 1168
2333 1168
2332 1168
2331 1168
2330 1167
2329 1167
2328 1167
2327 1167
2326 1166
2325 1166
2324 1166
2323 1166
2322 1165
2321 1165
2320 1164
2319 1164
2318 1164
2317 1164
2316 1163
2315 1163
2314 1162
2313 1162
2312 1162
2311 1162
2310 1161
2309 1161
2308 1160
2307 1160
2306 1160
2305 1160
2304 1159
2303 1159
2302 1159
2301 1159
2300 1159
2299 1159
2298 1158
2297 1158
2296 1158
2295 1158
2294 1157
2293 1157
2292 1157
2291 1157
2290 1156
2289 1156
2288 1156
2287 1156
2286 1155
2285 1155
2284 1155
2283 1155
2282 1155
2281 1155
2280 1155
2279 1155
2278 1155
2277 1155
2276 1154
2275 1154
2274 1154
2273 1154
2272 1153
2271 1153
2270 1153
2269 1153
2268 1153
2267 1153
2266 1153
2265 1153
2264 1153
2263 1153
2262 1153
2261 1153
2260 1153
2259 1153
2258 1153
2257 1153
2256 1153
2255 1153
2254 1153
2253 1153
2252 1153
2251 1153
2250 1153
2249 1153
2248 1153
2247 1153
2246 1153
2245 1153
2244 1153
2243 1153
2242 1153
2241 1153
2240 1153
2239 1153
2238 1153
2237 1153
2236 1153
2235 1153
2234 1153
2233 1153
2232 1153
2231 1153
