685 5155
684 5156
683 5156
682 5156
681 5156
680 5157
679 5158
678 5158
677 5158
676 5159
675 5160
674 5160
673 5160
672 5161
671 5161
670 5161
669 5161
668 5162
667 5162
666 5162
665 5162
664 5163
663 5163
662 5163
661 5163
660 5163
659 5163
658 5163
657 5163
656 5163
655 5163
654 5163
653 5163
652 5163
651 5163
650 5164
649 5164
648 5164
647 5164
646 5165
645 5165
644 5165
643 5165
642 5165
641 5165
640 5165
639 5165
638 5165
637 5165
636 5165
635 5165
634 5165
633 5165
632 5165
631 5165
630 5165
629 5165
628 5165
627 5165
626 5165
625 5165
624 5164
623 5164
622 5163
621 5162
620 5162
619 5161
618 5160
617 5159
616 5158
615 5158
614 5158
613 5158
612 5157
611 5157
610 5157
609 5157
608 5157
607 5157
606 5157
605 5157
604 5157
603 5157
602 5158
601 5158
600 5158
599 5158
598 5159
597 5159
596 5160
595 5160
594 5160
593 5160
592 5161
591 5162
590 5162
589 5162
588 5163
587 5164
586 5164
585 5164
584 5165
583 5165
582 5165
581 5165
580 5165
579 5165
578 5164
577 5164
576 5164
575 5163
574 5162
573 5162
572 5162
571 5162
570 5161
569 5161
568 5161
567 5161
566 5161
565 5161
564 5161
563 5161
562 5161
561 5161
560 5161
559 5161
558 5162
557 5162
556 5162
555 5162
554 5163
553 5163
552 5163
551 5163
550 5163
549 5163
548 5163
547 5163
546 5163
545 5163
544 5164
543 5164
542 5164
541 5164
540 5165
539 5166
538 5166
537 5166
536 5167
535 5167
534 5167
533 5167
532 5167
531 5167
530 5167
529 5167
528 5167
527 5167
526 5167
525 5167
524 5167
523 5167
522 5168
521 5168
520 5168
519 5168
518 5169
517 5169
516 5169
515 5169
514 5169
513 5169
512 5169
511 5169
510 5169
509 5169
508 5170
507 5170
506 5171
505 5171
504 5172
503 5172
502 5173
501 5173
500 5173
499 5173
498 5173
497 5173
496 5173
495 5173
494 5173
493 5173
492 5173
491 5173
490 5173
489 5173
488 5173
487 5173
486 5173
485 5173
484 5173
483 5173
482 5173
481 5173
480 5174
479 5174
478 5174
477 5174
476 5175
475 5176
474 5177
473 5178
472 5179
472 5180
472 5181
472 5182
471 5183
471 5184
471 5185
471 5186
471 5187
471 5188
470 5189
469 5189
468 5189
467 5189
466 5189
465 5189
464 5189
463 5189
462 5190
461 5190
460 5190
459 5190
458 5191
457 5192
456 5192
455 5192
454 5193
453 5193
452 5193
451 5193
450 5194
449 5194
448 5194
447 5194
446 5195
445 5195
444 5195
443 5195
442 5195
441 5195
440 5195
439 5195
438 5195
437 5195
436 5195
435 5195
434 5195
433 5195
432 5195
431 5195
430 5195
429 5195
428 5195
427 5195
426 5195
425 5195
424 5195
423 5195
422 5195
421 5195
420 5195
419 5195
418 5195
417 5195
416 5195
415 5195
414 5195
413 5195
412 5194
411 5194
410 5194
409 5194
408 5193
407 5193
406 5193
405 5193
404 5193
403 5193
402 5193
401 5193
400 5193
399 5193
398 5193
397 5193
396 5193
395 5193
394 5193
393 5193
392 5193
391 5193
390 5193
389 5193
388 5193
387 5193
386 5193
385 5193
384 5193
383 5193
382 5193
381 5193
380 5193
379 5193
378 5193
377 5193
376 5193
375 5193
374 5193
373 5193
372 5192
371 5192
370 5192
369 5192
368 5191
367 5191
366 5191
365 5191
364 5190
363 5190
362 5190
361 5189
360 5188
359 5188
358 5188
357 5188
356 5187
355 5187
354 5187
353 5187
352 5188
351 5188
350 5188
349 5188
348 5189
347 5189
346 5189
345 5189
344 5189
343 5189
342 5189
341 5189
340 5189
339 5189
338 5189
337 5189
336 5189
335 5189
334 5190
333 5190
332 5191
331 5192
330 5192
330 5193
329 5194
328 5194
328 5195
327 5196
326 5196
325 5197
324 5198
323 5198
322 5199
321 5200
320 5201
319 5202
318 5202
317 5203
316 5204
315 5204
314 5205
313 5205
312 5205
311 5205
310 5206
309 5206
308 5206
307 5206
306 5207
305 5208
304 5209
303 5210
302 5210
302 5211
301 5212
300 5212
300 5213
299 5214
298 5214
298 5215
297 5216
296 5216
296 5217
295 5218
294 5218
293 5219
292 5220
291 5220
290 5221
289 5222
288 5223
287 5224
286 5224
286 5225
285 5226
284 5227
283 5228
282 5229
282 5230
281 5231
280 5232
280 5233
279 5234
278 5234
278 5235
277 5236
276 5236
276 5237
275 5238
274 5238
274 5239
273 5240
272 5240
272 5241
271 5242
270 5242
269 5243
268 5244
267 5244
266 5245
265 5245
264 5245
263 5245
262 5245
261 5245
260 5246
259 5246
258 5247
257 5247
256 5248
255 5248
254 5249
253 5250
252 5250
251 5250
250 5251
249 5252
248 5252
247 5252
246 5253
245 5254
244 5255
243 5256
242 5257
241 5258
240 5259
239 5260
238 5261
237 5261
236 5262
235 5262
234 5263
233 5264
232 5265
231 5266
230 5267
230 5268
229 5269
229 5270
229 5271
229 5272
229 5273
229 5274
229 5275
229 5276
229 5277
229 5278
229 5279
229 5280
229 5281
229 5282
228 5283
228 5284
228 5285
228 5286
227 5287
227 5288
227 5289
227 5290
227 5291
227 5292
227 5293
227 5294
227 5295
227 5296
227 5297
227 5298
227 5299
227 5300
227 5301
227 5302
228 5303
228 5304
228 5305
228 5306
229 5307
230 5308
230 5309
230 5310
231 5311
231 5312
231 5313
231 5314
231 5315
231 5316
231 5317
231 5318
231 5319
231 5320
231 5321
231 5322
231 5323
231 5324
231 5325
231 5326
231 5327
231 5328
232 5329
232 5330
232 5331
232 5332
233 5333
234 5334
234 5335
234 5336
235 5337
235 5338
235 5339
235 5340
235 5341
235 5342
236 5343
236 5344
236 5345
236 5346
237 5347
238 5348
239 5349
239 5350
240 5351
240 5352
241 5353
242 5354
242 5355
242 5356
243 5357
243 5358
243 5359
243 5360
243 5361
243 5362
243 5363
243 5364
243 5365
243 5366
243 5367
243 5368
243 5369
243 5370
243 5371
243 5372
244 5373
244 5374
245 5375
246 5376
246 5377
247 5377
248 5378
248 5379
249 5380
250 5381
250 5382
251 5383
251 5384
251 5385
251 5386
251 5387
251 5388
252 5389
252 5390
252 5391
252 5392
253 5393
253 5394
254 5395
254 5396
254 5397
254 5398
255 5399
256 5400
256 5401
256 5402
257 5403
257 5404
257 5405
257 5406
257 5407
257 5408
257 5409
257 5410
257 5411
257 5412
258 5413
258 5414
259 5415
260 5415
261 5416
262 5416
263 5417
264 5417
265 5418
266 5418
267 5419
268 5419
269 5420
270 5420
271 5420
272 5420
273 5420
274 5420
275 5421
276 5421
277 5421
278 5421
279 5422
280 5422
281 5422
282 5422
283 5422
284 5422
285 5422
286 5422
287 5422
288 5422
289 5422
290 5422
291 5422
292 5422
293 5422
294 5422
295 5421
296 5421
297 5421
298 5421
299 5420
300 5420
301 5420
302 5420
303 5420
304 5420
305 5420
306 5420
307 5420
308 5420
309 5420
310 5420
311 5420
312 5420
313 5420
314 5420
315 5420
316 5420
317 5420
318 5420
319 5420
320 5420
321 5420
322 5420
323 5420
324 5420
325 5420
326 5420
327 5420
328 5420
329 5420
330 5420
331 5420
332 5420
333 5420
334 5420
335 5420
336 5420
337 5420
338 5420
339 5420
340 5420
341 5420
342 5420
343 5420
344 5420
345 5419
346 5419
347 5419
348 5419
349 5418
350 5417
351 5416
352 5415
353 5415
354 5414
355 5413
356 5413
357 5412
358 5412
359 5412
360 5412
361 5412
362 5412
363 5411
364 5411
365 5410
366 5410
367 5409
368 5409
369 5408
370 5408
371 5408
372 5408
373 5407
374 5407
375 5406
376 5405
377 5405
378 5404
379 5403
380 5403
381 5402
382 5401
383 5400
384 5399
385 5399
385 5398
386 5397
387 5397
388 5396
389 5395
390 5395
391 5394
392 5394
393 5394
394 5394
395 5394
396 5394
397 5394
398 5394
399 5395
400 5395
401 5395
402 5395
403 5396
404 5396
405 5397
406 5397
407 5397
408 5398
409 5399
410 5399
411 5400
412 5400
413 5401
414 5401
415 5402
416 5402
417 5402
418 5402
419 5402
420 5402
421 5402
422 5402
423 5403
424 5403
425 5404
426 5404
427 5405
428 5405
429 5406
430 5406
431 5406
432 5406
433 5406
434 5406
435 5406
436 5406
437 5406
438 5406
439 5406
440 5406
441 5407
442 5407
443 5407
444 5407
445 5408
446 5408
447 5408
448 5408
449 5408
450 5408
451 5408
452 5408
453 5408
454 5408
455 5408
456 5408
457 5408
458 5408
459 5408
460 5408
461 5408
462 5408
463 5408
464 5408
465 5408
466 5408
467 5409
468 5409
469 5409
470 5410
471 5411
472 5411
473 5411
474 5411
475 5412
476 5412
477 5412
478 5412
479 5412
480 5412
481 5412
482 5412
483 5412
484 5412
485 5412
486 5412
487 5412
488 5412
489 5412
490 5412
491 5411
492 5411
493 5411
494 5411
495 5410
496 5410
497 5410
498 5410
499 5410
500 5410
501 5410
502 5410
503 5410
504 5410
505 5410
506 5410
507 5410
508 5410
509 5411
510 5411
511 5411
512 5411
513 5412
514 5412
515 5412
516 5412
517 5412
518 5412
519 5412
520 5412
521 5412
522 5412
523 5412
524 5412
525 5412
526 5412
527 5412
528 5412
529 5412
530 5412
531 5412
532 5412
533 5412
534 5412
535 5413
536 5413
537 5414
538 5414
539 5415
540 5415
541 5416
542 5416
543 5416
544 5416
545 5416
546 5416
547 5417
548 5417
549 5417
550 5417
551 5418
552 5418
553 5418
554 5418
555 5418
556 5418
557 5418
558 5418
559 5419
560 5419
561 5419
562 5419
563 5420
564 5420
565 5420
566 5420
567 5420
568 5420
569 5420
570 5420
571 5420
572 5420
573 5421
574 5421
575 5422
576 5423
577 5423
578 5424
579 5425
580 5425
581 5426
582 5426
583 5426
584 5426
585 5426
586 5426
587 5427
588 5427
589 5428
590 5428
591 5429
592 5429
593 5430
594 5430
595 5431
596 5431
597 5431
598 5431
599 5432
600 5432
601 5432
602 5432
603 5432
604 5432
605 5432
606 5432
607 5432
608 5432
609 5432
610 5432
611 5432
612 5432
613 5432
614 5432
615 5432
616 5432
617 5432
618 5432
619 5432
620 5432
621 5432
622 5432
623 5432
624 5432
625 5432
626 5432
627 5432
628 5432
629 5432
630 5432
631 5432
632 5432
633 5432
634 5432
635 5433
636 5433
637 5433
638 5433
639 5434
640 5434
641 5434
642 5434
643 5435
644 5435
645 5436
646 5437
647 5437
648 5438
649 5439
650 5439
651 5440
652 5440
653 5440
654 5440
655 5440
656 5440
657 5440
658 5440
659 5440
660 5440
661 5440
662 5440
663 5440
664 5440
665 5440
666 5440
667 5440
668 5440
669 5440
670 5440
671 5440
672 5440
673 5440
674 5440
675 5440
676 5440
677 5440
678 5440
679 5440
680 5440
681 5440
682 5440
683 5440
684 5440
685 5440
686 5440
687 5440
688 5440
689 5440
690 5440
691 5440
692 5440
693 5440
694 5440
695 5440
696 5440
697 5440
698 5440
699 5440
700 5440
701 5439
702 5439
703 5439
704 5439
705 5438
706 5438
707 5438
708 5438
709 5438
710 5438
711 5438
712 5438
713 5438
714 5438
715 5438
716 5438
717 5438
718 5438
719 5438
720 5438
721 5438
722 5438
723 5438
724 5438
725 5438
726 5438
727 5438
728 5438
729 5438
730 5438
731 5438
732 5438
733 5438
734 5438
735 5439
736 5439
737 5440
738 5440
739 5441
740 5441
741 5442
742 5442
743 5442
744 5442
745 5442
746 5442
747 5442
748 5442
749 5443
750 5443
751 5443
752 5443
753 5444
754 5444
755 5444
756 5444
757 5444
758 5444
759 5444
760 5444
761 5444
762 5444
763 5444
764 5444
765 5445
766 5445
767 5445
768 5446
769 5447
770 5447
771 5447
772 5447
773 5448
774 5448
775 5448
776 5448
777 5448
778 5448
779 5448
780 5448
781 5448
782 5448
783 5449
784 5449
785 5449
786 5449
787 5450
788 5450
789 5450
790 5450
791 5450
792 5450
793 5450
794 5450
795 5450
796 5450
797 5450
798 5450
799 5450
800 5450
801 5450
802 5450
803 5450
804 5450
805 5450
806 5450
807 5450
808 5450
809 5450
810 5450
811 5449
812 5449
813 5449
814 5449
815 5448
816 5448
817 5448
818 5448
819 5448
820 5448
821 5448
822 5448
823 5447
824 5447
825 5447
826 5447
827 5446
828 5446
829 5446
830 5446
831 5445
832 5445
833 5445
834 5445
835 5444
836 5444
837 5443
838 5443
839 5443
840 5443
841 5442
842 5442
843 5441
844 5441
845 5440
846 5439
847 5439
848 5438
849 5437
850 5437
851 5436
852 5436
853 5436
854 5436
855 5436
856 5436
857 5435
858 5435
859 5434
860 5433
861 5433
861 5432
862 5431
863 5431
863 5430
864 5429
865 5429
865 5428
866 5427
867 5427
867 5426
868 5425
869 5425
869 5424
870 5423
871 5422
871 5421
872 5420
872 5419
872 5418
872 5417
872 5416
872 5415
872 5414
872 5413
872 5412
872 5411
873 5410
873 5409
874 5408
875 5407
875 5406
876 5405
877 5405
877 5404
878 5403
879 5403
879 5402
880 5401
881 5401
881 5400
882 5399
883 5398
883 5397
884 5396
884 5395
885 5394
885 5393
885 5392
885 5391
886 5390
886 5389
886 5388
886 5387
887 5386
887 5385
888 5384
889 5383
889 5382
890 5381
891 5381
891 5380
892 5379
893 5379
893 5378
894 5377
895 5376
895 5375
896 5374
896 5373
896 5372
896 5371
896 5370
896 5369
897 5368
897 5367
897 5366
897 5365
898 5364
898 5363
898 5362
898 5361
898 5360
898 5359
898 5358
898 5357
899 5356
899 5355
900 5354
901 5353
901 5352
902 5351
903 5351
903 5350
904 5349
905 5348
905 5347
906 5346
906 5345
906 5344
906 5343
906 5342
906 5341
906 5340
906 5339
906 5338
906 5337
906 5336
906 5335
906 5334
906 5333
906 5332
906 5331
906 5330
906 5329
906 5328
906 5327
905 5326
905 5325
905 5324
905 5323
904 5322
904 5321
903 5320
903 5319
903 5318
903 5317
902 5316
901 5315
901 5314
901 5313
900 5312
899 5311
899 5310
899 5309
898 5308
898 5307
897 5306
897 5305
897 5304
897 5303
896 5302
896 5301
896 5300
896 5299
896 5298
896 5297
896 5296
896 5295
896 5294
896 5293
896 5292
896 5291
896 5290
896 5289
896 5288
896 5287
897 5286
897 5285
898 5284
899 5283
899 5282
900 5281
901 5280
901 5279
902 5278
902 5277
902 5276
902 5275
901 5274
901 5273
900 5272
899 5271
899 5270
898 5270
897 5269
897 5268
896 5268
895 5267
895 5266
894 5266
893 5265
893 5264
892 5264
891 5263
891 5262
890 5262
889 5261
889 5260
888 5259
887 5258
887 5257
886 5256
885 5255
885 5254
885 5253
884 5252
884 5251
884 5250
884 5249
883 5248
883 5247
882 5246
882 5245
881 5244
881 5243
880 5242
880 5241
880 5240
880 5239
880 5238
880 5237
879 5236
879 5235
879 5234
879 5233
878 5232
878 5231
877 5230
877 5229
876 5228
875 5227
875 5226
874 5226
873 5225
873 5224
872 5224
871 5223
870 5222
869 5221
868 5220
867 5220
866 5219
865 5218
864 5218
863 5217
863 5216
862 5216
861 5215
861 5214
860 5214
859 5213
859 5212
858 5212
857 5211
857 5210
856 5210
855 5209
855 5208
854 5208
853 5207
853 5206
852 5206
851 5205
851 5204
850 5204
849 5203
848 5202
847 5201
846 5200
845 5200
844 5200
843 5199
842 5198
841 5198
840 5198
839 5198
838 5197
837 5197
836 5197
835 5197
834 5196
833 5196
832 5195
831 5195
830 5194
829 5194
828 5193
827 5193
826 5193
825 5193
824 5193
823 5193
822 5192
821 5192
820 5191
819 5190
818 5190
817 5189
817 5188
816 5188
815 5187
815 5186
814 5186
813 5185
813 5184
812 5184
811 5183
810 5182
809 5182
808 5181
807 5181
806 5180
805 5180
804 5180
803 5179
802 5178
801 5178
800 5178
799 5177
798 5176
797 5176
796 5176
795 5175
794 5174
793 5174
792 5174
791 5174
790 5173
789 5173
788 5173
787 5173
786 5172
785 5172
784 5172
783 5172
782 5171
781 5171
780 5171
779 5171
778 5170
777 5170
776 5170
775 5170
774 5169
773 5169
772 5169
771 5169
770 5168
769 5168
768 5167
767 5166
766 5166
765 5165
764 5164
763 5164
762 5163
761 5163
760 5162
759 5162
758 5162
757 5162
756 5161
755 5161
754 5161
753 5161
752 5161
751 5161
750 5161
749 5161
748 5161
747 5161
746 5161
745 5161
744 5161
743 5161
742 5161
741 5161
740 5161
739 5161
738 5161
737 5161
736 5161
735 5161
734 5161
733 5161
732 5161
731 5161
730 5161
729 5161
728 5161
727 5161
726 5161
725 5161
724 5161
723 5161
722 5161
721 5161
720 5161
719 5161
718 5160
717 5160
716 5160
715 5160
714 5159
713 5159
712 5159
711 5159
710 5159
709 5159
708 5159
707 5159
706 5159
705 5159
704 5159
703 5159
702 5158
701 5158
700 5157
699 5157
698 5156
697 5156
696 5155
695 5155
694 5155
693 5155
692 5155
691 5155
690 5155
689 5155
688 5155
687 5155
686 5155
685 5155
