1291 4381
1290 4382
1289 4382
1288 4382
1287 4382
1286 4383
1285 4383
1284 4383
1283 4383
1282 4384
1281 4384
1280 4384
1279 4384
1278 4385
1277 4385
1276 4385
1275 4385
1274 4385
1273 4385
1272 4385
1271 4385
1270 4385
1269 4385
1268 4385
1267 4385
1266 4385
1265 4385
1264 4386
1263 4386
1262 4386
1261 4386
1260 4387
1259 4387
1258 4387
1257 4387
1256 4387
1255 4387
1254 4387
1253 4387
1252 4387
1251 4387
1250 4387
1249 4387
1248 4387
1247 4387
1246 4387
1245 4387
1244 4387
1243 4387
1242 4387
1241 4387
1240 4388
1239 4388
1238 4388
1237 4388
1236 4389
1235 4389
1234 4388
1233 4388
1232 4388
1231 4388
1230 4387
1229 4387
1228 4387
1227 4387
1226 4387
1225 4387
1224 4387
1223 4387
1222 4387
1221 4387
1220 4387
1219 4387
1218 4387
1217 4387
1216 4387
1215 4387
1214 4387
1213 4387
1212 4387
1211 4387
1210 4387
1209 4387
1208 4387
1207 4387
1206 4387
1205 4387
1204 4387
1203 4387
1202 4387
1201 4387
1200 4387
1199 4387
1198 4387
1197 4387
1196 4386
1195 4386
1194 4386
1193 4386
1192 4385
1191 4385
1190 4385
1189 4385
1188 4385
1187 4385
1186 4385
1185 4385
1184 4385
1183 4385
1182 4385
1181 4385
1180 4385
1179 4385
1178 4385
1177 4385
1176 4385
1175 4385
1174 4386
1173 4386
1172 4386
1171 4386
1170 4387
1169 4387
1168 4387
1167 4387
1166 4387
1165 4387
1164 4387
1163 4387
1162 4388
1161 4388
1160 4388
1159 4388
1158 4389
1157 4389
1156 4389
1155 4389
1154 4389
1153 4389
1152 4389
1151 4389
1150 4389
1149 4389
1148 4390
1147 4390
1146 4390
1145 4390
1144 4391
1143 4391
1142 4391
1141 4391
1140 4391
1139 4391
1138 4391
1137 4391
1136 4392
1135 4392
1134 4392
1133 4392
1132 4393
1131 4394
1130 4395
1129 4396
1128 4396
1128 4397
1127 4398
1126 4398
1125 4399
1124 4400
1123 4400
1122 4401
1121 4402
1120 4403
1119 4404
1118 4404
1118 4405
1117 4406
1116 4407
1116 4408
1115 4409
1115 4410
1114 4411
1114 4412
1113 4413
1112 4414
1111 4415
1110 4416
1109 4416
1108 4417
1107 4418
1106 4418
1105 4418
1104 4419
1103 4419
1102 4419
1101 4419
1100 4419
1099 4419
1098 4419
1097 4419
1096 4419
1095 4419
1094 4419
1093 4419
1092 4419
1091 4419
1090 4419
1089 4419
1088 4419
1087 4419
1086 4419
1085 4419
1084 4419
1083 4419
1082 4419
1081 4419
1080 4419
1079 4419
1078 4418
1077 4418
1076 4417
1075 4417
1074 4416
1073 4416
1072 4415
1071 4415
1070 4415
1069 4415
1068 4415
1067 4415
1066 4416
1065 4416
1064 4416
1063 4416
1062 4417
1061 4418
1060 4418
1059 4418
1058 4419
1057 4420
1056 4421
1056 4422
1055 4423
1055 4424
1055 4425
1055 4426
1055 4427
1055 4428
1055 4429
1055 4430
1055 4431
1055 4432
1055 4433
1055 4434
1055 4435
1055 4436
1054 4437
1054 4438
1053 4439
1052 4440
1052 4441
1051 4442
1050 4443
1049 4444
1048 4445
1048 4446
1048 4447
1048 4448
1047 4449
1047 4450
1046 4451
1046 4452
1046 4453
1045 4454
1044 4455
1044 4456
1043 4457
1043 4458
1042 4459
1041 4460
1040 4461
1040 4462
1040 4463
1039 4464
1038 4465
1038 4466
1038 4467
1038 4468
1037 4469
1037 4470
1036 4471
1036 4472
1036 4473
1036 4474
1036 4475
1036 4476
1037 4477
1038 4478
1038 4479
1039 4479
1040 4480
1040 4481
1041 4481
1042 4482
1042 4483
1043 4483
1044 4484
1045 4485
1046 4485
1047 4486
1048 4486
1049 4487
1050 4487
1051 4487
1052 4487
1053 4488
1054 4488
1055 4488
1056 4488
1057 4489
1058 4489
1059 4489
1060 4490
1061 4491
1062 4491
1063 4491
1064 4491
1065 4492
1066 4492
1067 4492
1068 4492
1069 4492
1070 4492
1071 4492
1072 4492
1073 4492
1074 4492
1075 4492
1076 4492
1077 4493
1078 4493
1079 4493
1080 4494
1081 4495
1082 4495
1083 4495
1084 4495
1085 4496
1086 4496
1087 4496
1088 4496
1089 4497
1090 4497
1091 4497
1092 4497
1093 4498
1094 4498
1095 4498
1096 4498
1097 4499
1098 4499
1099 4500
1100 4500
1101 4501
1102 4501
1103 4502
1104 4502
1105 4503
1106 4503
1107 4503
1108 4504
1109 4505
1110 4505
1111 4505
1112 4505
1113 4506
1114 4506
1115 4506
1116 4506
1117 4507
1118 4507
1119 4507
1120 4507
1121 4508
1122 4508
1123 4509
1124 4509
1125 4509
1126 4509
1127 4510
1128 4510
1129 4511
1130 4511
1131 4511
1132 4512
1133 4513
1134 4513
1135 4513
1136 4514
1137 4515
1138 4515
1139 4515
1140 4516
1141 4517
1142 4517
1143 4517
1144 4517
1145 4518
1146 4518
1147 4519
1148 4519
1149 4520
1150 4520
1151 4521
1152 4522
1153 4523
1154 4523
1155 4523
1156 4524
1157 4525
1158 4525
1159 4525
1160 4526
1161 4527
1162 4527
1163 4527
1164 4528
1165 4529
1166 4529
1167 4529
1168 4529
1169 4530
1170 4530
1171 4530
1172 4530
1173 4530
1174 4530
1175 4530
1176 4530
1177 4530
1178 4530
1179 4531
1180 4531
1181 4532
1182 4532
1183 4533
1184 4533
1185 4534
1186 4534
1187 4534
1188 4534
1189 4534
1190 4534
1191 4534
1192 4534
1193 4534
1194 4534
1195 4534
1196 4534
1197 4534
1198 4534
1199 4534
1200 4534
1201 4534
1202 4534
1203 4535
1204 4535
1205 4535
1206 4535
1207 4536
1208 4536
1209 4536
1210 4536
1211 4536
1212 4536
1213 4536
1214 4536
1215 4537
1216 4537
1217 4537
1218 4537
1219 4538
1220 4538
1221 4538
1222 4538
1223 4538
1224 4538
1225 4538
1226 4538
1227 4538
1228 4538
1229 4538
1230 4538
1231 4538
1232 4538
1233 4539
1234 4539
1235 4540
1236 4541
1237 4541
1238 4542
1239 4543
1240 4543
1241 4544
1242 4544
1243 4545
1244 4545
1245 4545
1246 4545
1247 4546
1248 4546
1249 4546
1250 4546
1251 4546
1252 4546
1253 4546
1254 4546
1255 4546
1256 4546
1257 4546
1258 4546
1259 4546
1260 4546
1261 4546
1262 4546
1263 4546
1264 4546
1265 4546
1266 4546
1267 4546
1268 4546
1269 4546
1270 4546
1271 4547
1272 4547
1273 4547
1274 4547
1275 4548
1276 4548
1277 4548
1278 4548
1279 4548
1280 4548
1281 4548
1282 4548
1283 4548
1284 4548
1285 4548
1286 4548
1287 4547
1288 4547
1289 4547
1290 4547
1291 4546
1292 4546
1293 4546
1294 4546
1295 4546
1296 4546
1297 4546
1298 4546
1299 4546
1300 4546
1301 4546
1302 4546
1303 4546
1304 4546
1305 4546
1306 4546
1307 4546
1308 4546
1309 4546
1310 4546
1311 4546
1312 4546
1313 4546
1314 4546
1315 4546
1316 4546
1317 4546
1318 4546
1319 4546
1320 4546
1321 4546
1322 4546
1323 4547
1324 4547
1325 4547
1326 4547
1327 4548
1328 4548
1329 4548
1330 4548
1331 4548
1332 4548
1333 4548
1334 4548
1335 4548
1336 4548
1337 4548
1338 4548
1339 4548
1340 4548
1341 4548
1342 4548
1343 4548
1344 4548
1345 4548
1346 4548
1347 4548
1348 4548
1349 4548
1350 4548
1351 4548
1352 4548
1353 4547
1354 4547
1355 4546
1356 4546
1357 4545
1358 4545
1359 4544
1360 4544
1361 4544
1362 4544
1363 4544
1364 4544
1365 4544
1366 4544
1367 4544
1368 4544
1369 4544
1370 4544
1371 4543
1372 4543
1373 4543
1374 4543
1375 4542
1376 4542
1377 4542
1378 4542
1379 4542
1380 4542
1381 4542
1382 4542
1383 4541
1384 4541
1385 4541
1386 4541
1387 4540
1388 4540
1389 4539
1390 4539
1391 4539
1392 4539
1393 4538
1394 4538
1395 4538
1396 4538
1397 4538
1398 4538
1399 4538
1400 4538
1401 4538
1402 4538
1403 4538
1404 4538
1405 4537
1406 4537
1407 4537
1408 4537
1409 4536
1410 4536
1411 4536
1412 4536
1413 4536
1414 4536
1415 4535
1416 4535
1417 4535
1418 4535
1419 4534
1420 4534
1421 4533
1422 4533
1423 4533
1424 4533
1425 4532
1426 4532
1427 4531
1428 4531
1429 4530
1430 4529
1431 4529
1431 4528
1432 4527
1433 4527
1433 4526
1434 4525
1435 4525
1435 4524
1436 4523
1437 4523
1437 4522
1438 4521
1439 4521
1440 4520
1441 4519
1442 4519
1443 4518
1444 4517
1445 4516
1446 4515
1447 4515
1447 4514
1448 4513
1449 4512
1449 4511
1450 4510
1450 4509
1450 4508
1450 4507
1450 4506
1450 4505
1451 4504
1451 4503
1452 4502
1453 4501
1453 4500
1454 4499
1455 4498
1455 4497
1456 4496
1456 4495
1456 4494
1456 4493
1456 4492
1456 4491
1457 4490
1457 4489
1457 4488
1458 4487
1459 4486
1459 4485
1459 4484
1459 4483
1460 4482
1460 4481
1460 4480
1460 4479
1460 4478
1460 4477
1460 4476
1460 4475
1460 4474
1460 4473
1459 4472
1459 4471
1459 4470
1459 4469
1458 4468
1458 4467
1458 4466
1458 4465
1458 4464
1458 4463
1459 4462
1459 4461
1459 4460
1459 4459
1460 4458
1460 4457
1460 4456
1460 4455
1460 4454
1460 4453
1459 4452
1459 4451
1459 4450
1459 4449
1458 4448
1458 4447
1457 4446
1457 4445
1457 4444
1457 4443
1456 4442
1455 4441
1455 4440
1455 4439
1454 4438
1453 4437
1453 4436
1453 4435
1452 4434
1451 4433
1451 4432
1451 4431
1450 4430
1450 4429
1450 4428
1450 4427
1449 4426
1449 4425
1449 4424
1449 4423
1448 4422
1448 4421
1448 4420
1448 4419
1448 4418
1448 4417
1448 4416
1448 4415
1448 4414
1448 4413
1448 4412
1448 4411
1447 4410
1447 4409
1446 4408
1445 4407
1445 4406
1444 4406
1443 4405
1442 4404
1441 4403
1440 4402
1439 4402
1438 4401
1437 4400
1436 4400
1435 4399
1435 4398
1434 4398
1433 4397
1432 4396
1431 4395
1430 4394
1429 4394
1428 4394
1427 4394
1426 4393
1425 4393
1424 4393
1423 4393
1422 4392
1421 4392
1420 4392
1419 4392
1418 4391
1417 4391
1416 4391
1415 4391
1414 4391
1413 4391
1412 4392
1411 4392
1410 4392
1409 4392
1408 4393
1407 4393
1406 4392
1405 4392
1404 4392
1403 4392
1402 4391
1401 4391
1400 4391
1399 4391
1398 4391
1397 4391
1396 4391
1395 4391
1394 4392
1393 4392
1392 4392
1391 4392
1390 4393
1389 4393
1388 4393
1387 4393
1386 4392
1385 4392
1384 4392
1383 4392
1382 4391
1381 4391
1380 4390
1379 4390
1378 4390
1377 4390
1376 4389
1375 4389
1374 4389
1373 4389
1372 4389
1371 4389
1370 4388
1369 4388
1368 4387
1367 4387
1366 4386
1365 4386
1364 4385
1363 4385
1362 4385
1361 4385
1360 4385
1359 4385
1358 4385
1357 4385
1356 4386
1355 4386
1354 4386
1353 4386
1352 4387
1351 4387
1350 4387
1349 4387
1348 4387
1347 4387
1346 4386
1345 4386
1344 4385
1343 4385
1342 4384
1341 4384
1340 4383
1339 4383
1338 4384
1337 4384
1336 4384
1335 4384
1334 4385
1333 4385
1332 4385
1331 4385
1330 4385
1329 4385
1328 4385
1327 4385
1326 4385
1325 4385
1324 4384
1323 4384
1322 4384
1321 4384
1320 4383
1319 4383
1318 4383
1317 4383
1316 4383
1315 4383
1314 4382
1313 4382
1312 4382
1311 4382
1310 4381
1309 4381
1308 4381
1307 4381
1306 4381
1305 4381
1304 4381
1303 4381
1302 4381
1301 4381
1300 4381
1299 4381
1298 4381
1297 4381
1296 4381
1295 4381
1294 4381
1293 4381
1292 4381
1291 4381
