2481 505
2480 506
2479 506
2478 506
2477 506
2476 507
2475 507
2474 507
2473 507
2472 508
2471 508
2470 509
2469 510
2468 510
2467 511
2466 512
2465 512
2464 513
2463 513
2462 514
2461 514
2460 514
2459 514
2458 515
2457 515
2456 516
2455 516
2454 516
2453 516
2452 517
2451 518
2450 518
2449 518
2448 519
2447 519
2446 520
2445 520
2444 520
2443 520
2442 521
2441 522
2440 523
2439 524
2438 524
2437 525
2436 526
2435 526
2434 527
2433 527
2432 528
2431 528
2430 529
2429 529
2428 530
2427 530
2426 531
2425 531
2424 531
2423 531
2422 530
2421 530
2420 530
2419 530
2418 530
2417 530
2416 531
2415 532
2414 532
2413 533
2412 534
2411 534
2410 535
2409 535
2408 536
2407 536
2406 537
2405 538
2404 538
2403 539
2402 540
2401 540
2400 541
2399 542
2398 543
2397 543
2396 544
2395 544
2394 545
2393 545
2392 546
2391 546
2390 547
2389 548
2388 548
2387 549
2386 550
2385 550
2384 551
2383 552
2382 553
2381 553
2380 554
2379 554
2378 555
2377 556
2376 556
2375 556
2374 557
2373 557
2372 557
2371 557
2370 558
2369 558
2368 559
2367 560
2366 560
2366 561
2365 562
2364 562
2364 563
2363 564
2362 564
2362 565
2361 566
2360 566
2359 567
2358 568
2357 568
2356 569
2355 569
2354 569
2353 569
2352 570
2351 570
2350 571
2349 572
2348 572
2348 573
2347 574
2346 574
2346 575
2345 576
2344 577
2343 578
2342 579
2342 580
2341 581
2340 582
2340 583
2339 584
2338 584
2338 585
2337 586
2336 586
2336 587
2335 588
2334 588
2334 589
2333 590
2332 590
2332 591
2331 592
2330 592
2330 593
2329 594
2328 594
2328 595
2327 596
2326 596
2326 597
2325 598
2324 598
2324 599
2323 600
2322 601
2322 602
2321 603
2321 604
2320 605
2320 606
2320 607
2320 608
2319 609
2319 610
2319 611
2319 612
2319 613
2319 614
2319 615
2319 616
2319 617
2319 618
2319 619
2319 620
2319 621
2319 622
2319 623
2319 624
2319 625
2319 626
2319 627
2319 628
2319 629
2319 630
2319 631
2319 632
2319 633
2319 634
2319 635
2319 636
2319 637
2319 638
2318 639
2318 640
2318 641
2318 642
2317 643
2317 644
2317 645
2317 646
2317 647
2317 648
2317 649
2317 650
2317 651
2317 652
2317 653
2317 654
2317 655
2317 656
2317 657
2317 658
2317 659
2317 660
2317 661
2317 662
2317 663
2317 664
2318 665
2318 666
2319 667
2320 668
2320 669
2321 669
2322 670
2322 671
2323 672
2324 673
2324 674
2325 675
2325 676
2325 677
2325 678
2325 679
2325 680
2325 681
2325 682
2325 683
2325 684
2326 685
2326 686
2327 687
2328 688
2328 689
2329 689
2330 690
2330 691
2331 692
2332 693
2332 694
2333 695
2333 696
2333 697
2333 698
2333 699
2333 700
2333 701
2333 702
2334 703
2334 704
2335 705
2336 706
2336 707
2337 707
2338 708
2339 709
2340 709
2341 710
2342 710
2343 710
2344 710
2345 710
2346 710
2347 710
2348 710
2349 710
2350 710
2351 710
2352 710
2353 710
2354 710
2355 710
2356 710
2357 710
2358 710
2359 710
2360 710
2361 711
2362 711
2363 711
2364 712
2365 713
2366 713
2367 714
2368 715
2368 716
2369 717
2370 718
2371 719
2372 720
2373 721
2374 721
2375 721
2376 722
2377 723
2378 724
2379 725
2379 726
2379 727
2379 728
2379 729
2379 730
2379 731
2379 732
2379 733
2379 734
2379 735
2379 736
2379 737
2379 738
2380 739
2380 740
2380 741
2380 742
2381 743
2382 744
2383 745
2384 746
2384 747
2385 747
2386 748
2386 749
2387 749
2388 750
2388 751
2389 751
2390 752
2390 753
2391 753
2392 754
2393 755
2394 756
2395 757
2396 757
2397 758
2398 759
2399 759
2400 760
2400 761
2401 761
2402 762
2402 763
2403 764
2404 765
2404 766
2405 767
2405 768
2406 769
2406 770
2407 771
2408 772
2408 773
2409 773
2410 774
2410 775
2411 775
2412 776
2413 777
2414 778
2415 779
2416 779
2417 780
2418 781
2419 781
2420 782
2421 783
2422 783
2423 784
2424 784
2425 785
2426 785
2427 785
2428 786
2429 787
2430 787
2431 788
2432 788
2433 789
2434 789
2435 790
2436 790
2437 790
2438 790
2439 790
2440 790
2441 790
2442 790
2443 790
2444 790
2445 790
2446 790
2447 790
2448 790
2449 790
2450 790
2451 790
2452 790
2453 790
2454 790
2455 790
2456 790
2457 790
2458 790
2459 790
2460 790
2461 789
2462 789
2463 789
2464 789
2465 788
2466 787
2467 787
2468 787
2469 786
2470 785
2471 784
2472 783
2473 783
2473 782
2474 781
2475 781
2475 780
2476 779
2477 779
2477 778
2478 777
2479 777
2479 776
2480 775
2481 775
2481 774
2482 773
2483 773
2483 772
2484 771
2485 771
2485 770
2486 769
2487 769
2487 768
2488 767
2489 767
2489 766
2490 765
2491 765
2492 764
2493 763
2494 763
2495 762
2496 761
2497 760
2498 760
2499 759
2500 759
2501 758
2502 758
2503 757
2504 757
2505 757
2506 757
2507 756
2508 756
2509 756
2510 756
2511 756
2512 756
2513 756
2514 756
2515 756
2516 756
2517 756
2518 756
2519 756
2520 756
2521 756
2522 756
2523 756
2524 756
2525 756
2526 756
2527 756
2528 756
2529 756
2530 756
2531 756
2532 756
2533 756
2534 756
2535 757
2536 757
2537 757
2538 757
2539 758
2540 758
2541 758
2542 758
2543 758
2544 758
2545 759
2546 759
2547 759
2548 759
2549 760
2550 760
2551 760
2552 760
2553 761
2554 761
2555 761
2556 761
2557 762
2558 762
2559 762
2560 762
2561 762
2562 762
2563 762
2564 762
2565 762
2566 762
2567 762
2568 762
2569 762
2570 762
2571 761
2572 761
2573 761
2574 761
2575 760
2576 760
2577 760
2578 760
2579 760
2580 760
2581 760
2582 760
2583 760
2584 760
2585 760
2586 760
2587 760
2588 760
2589 760
2590 760
2591 760
2592 760
2593 760
2594 760
2595 760
2596 760
2597 760
2598 760
2599 760
2600 760
2601 760
2602 760
2603 760
2604 760
2605 760
2606 760
2607 760
2608 760
2609 760
2610 760
2611 760
2612 760
2613 759
2614 759
2615 759
2616 759
2617 758
2618 758
2619 758
2620 758
2621 758
2622 758
2623 757
2624 757
2625 757
2626 757
2627 756
2628 755
2629 755
2630 755
2631 754
2632 754
2633 754
2634 754
2635 754
2636 754
2637 753
2638 753
2639 753
2640 753
2641 752
2642 752
2643 752
2644 752
2645 752
2646 752
2647 751
2648 751
2649 751
2650 751
2651 750
2652 750
2653 750
2654 750
2655 750
2656 750
2657 750
2658 750
2659 750
2660 750
2661 750
2662 750
2663 750
2664 750
2665 750
2666 750
2667 750
2668 750
2669 750
2670 750
2671 750
2672 750
2673 750
2674 750
2675 750
2676 750
2677 750
2678 750
2679 750
2680 750
2681 750
2682 750
2683 750
2684 750
2685 750
2686 750
2687 750
2688 750
2689 750
2690 750
2691 750
2692 750
2693 751
2694 751
2695 751
2696 751
2697 752
2698 752
2699 752
2700 752
2701 752
2702 752
2703 752
2704 752
2705 752
2706 752
2707 752
2708 752
2709 753
2710 753
2711 753
2712 753
2713 754
2714 754
2715 754
2716 754
2717 754
2718 754
2719 754
2720 754
2721 754
2722 754
2723 754
2724 754
2725 754
2726 754
2727 754
2728 754
2729 754
2730 754
2731 753
2732 753
2733 753
2734 753
2735 752
2736 751
2737 751
2738 751
2739 750
2740 750
2741 750
2742 750
2743 749
2744 749
2745 749
2746 749
2747 748
2748 747
2749 747
2750 747
2751 746
2752 745
2753 744
2754 744
2755 743
2756 743
2757 742
2758 741
2759 741
2760 741
2761 740
2762 740
2763 740
2764 740
2765 740
2766 740
2767 740
2768 740
2769 740
2770 740
2771 740
2772 740
2773 740
2774 740
2775 740
2776 740
2777 740
2778 740
2779 740
2780 740
2781 739
2782 739
2783 738
2784 737
2785 737
2785 736
2786 735
2787 734
2788 733
2789 732
2789 731
2789 730
2790 729
2791 728
2791 727
2792 726
2793 725
2793 724
2794 723
2795 723
2795 722
2796 721
2797 721
2797 720
2798 719
2799 719
2799 718
2800 717
2801 717
2801 716
2802 715
2803 715
2803 714
2804 713
2805 713
2805 712
2806 711
2807 711
2807 710
2808 709
2809 708
2809 707
2810 706
2810 705
2810 704
2810 703
2811 702
2811 701
2811 700
2811 699
2812 698
2812 697
2812 696
2812 695
2812 694
2812 693
2812 692
2812 691
2812 690
2812 689
2812 688
2812 687
2812 686
2812 685
2812 684
2812 683
2812 682
2812 681
2812 680
2812 679
2812 678
2812 677
2812 676
2812 675
2812 674
2812 673
2812 672
2812 671
2812 670
2812 669
2812 668
2812 667
2813 666
2813 665
2813 664
2813 663
2814 662
2814 661
2815 660
2815 659
2815 658
2815 657
2816 656
2816 655
2816 654
2816 653
2816 652
2816 651
2816 650
2816 649
2816 648
2816 647
2816 646
2816 645
2816 644
2816 643
2816 642
2816 641
2816 640
2816 639
2816 638
2816 637
2816 636
2816 635
2816 634
2816 633
2816 632
2816 631
2816 630
2816 629
2816 628
2816 627
2816 626
2816 625
2816 624
2816 623
2816 622
2816 621
2816 620
2816 619
2816 618
2816 617
2816 616
2816 615
2816 614
2816 613
2815 612
2815 611
2815 610
2815 609
2814 608
2814 607
2814 606
2814 605
2813 604
2813 603
2812 602
2811 601
2811 600
2810 600
2809 599
2808 598
2807 597
2806 596
2805 596
2804 595
2803 594
2802 594
2801 593
2800 592
2799 591
2798 590
2797 590
2796 590
2795 590
2794 589
2793 589
2792 588
2791 588
2790 588
2789 587
2788 586
2787 586
2786 586
2785 585
2784 584
2783 584
2782 584
2781 583
2780 582
2779 582
2778 582
2777 581
2776 580
2775 580
2774 580
2773 579
2772 578
2771 578
2770 578
2769 578
2768 577
2767 577
2766 577
2765 577
2764 576
2763 576
2762 576
2761 576
2760 575
2759 575
2758 575
2757 575
2756 574
2755 574
2754 574
2753 573
2752 572
2751 572
2750 572
2749 572
2748 571
2747 571
2746 570
2745 570
2744 570
2743 570
2742 569
2741 569
2740 568
2739 568
2738 568
2737 568
2736 567
2735 567
2734 567
2733 567
2732 566
2731 566
2730 566
2729 566
2728 565
2727 565
2726 565
2725 565
2724 565
2723 565
2722 565
2721 565
2720 564
2719 564
2718 564
2717 564
2716 563
2715 563
2714 563
2713 563
2712 563
2711 563
2710 563
2709 563
2708 562
2707 562
2706 561
2705 561
2704 560
2703 560
2702 559
2701 559
2700 558
2699 558
2698 558
2697 558
2696 557
2695 557
2694 556
2693 556
2692 556
2691 555
2690 554
2689 554
2688 554
2687 553
2686 552
2685 552
2684 552
2683 551
2682 550
2681 550
2680 550
2679 550
2678 549
2677 549
2676 548
2675 548
2674 548
2673 547
2672 546
2671 546
2670 546
2669 546
2668 545
2667 545
2666 545
2665 545
2664 545
2663 545
2662 545
2661 545
2660 545
2659 545
2658 545
2657 545
2656 545
2655 545
2654 545
2653 545
2652 545
2651 545
2650 545
2649 545
2648 545
2647 545
2646 545
2645 545
2644 545
2643 545
2642 545
2641 545
2640 546
2639 546
2638 546
2637 546
2636 547
2635 548
2634 548
2633 548
2632 549
2631 550
2630 550
2629 550
2628 551
2627 551
2626 552
2625 552
2624 552
2623 552
2622 553
2621 553
2620 554
2619 554
2618 554
2617 554
2616 555
2615 555
2614 555
2613 555
2612 555
2611 555
2610 555
2609 555
2608 555
2607 555
2606 555
2605 555
2604 555
2603 555
2602 555
2601 555
2600 555
2599 555
2598 555
2597 555
2596 555
2595 555
2594 555
2593 555
2592 555
2591 555
2590 554
2589 554
2588 553
2587 553
2586 552
2585 552
2584 551
2583 551
2582 550
2581 550
2580 550
2579 549
2578 548
2577 548
2576 548
2575 548
2574 547
2573 547
2572 546
2571 546
2570 545
2569 544
2568 544
2567 543
2566 542
2565 541
2564 540
2563 540
2562 539
2561 539
2560 538
2559 538
2558 537
2557 537
2556 537
2555 537
2554 537
2553 537
2552 537
2551 537
2550 536
2549 536
2548 535
2547 535
2546 534
2545 533
2544 532
2543 532
2542 531
2541 530
2540 530
2539 529
2539 528
2538 528
2537 527
2537 526
2536 526
2535 525
2535 524
2534 524
2533 523
2532 522
2531 521
2530 520
2529 520
2528 519
2527 519
2526 518
2525 518
2524 517
2523 517
2522 517
2521 517
2520 517
2519 517
2518 517
2517 517
2516 516
2515 516
2514 515
2513 515
2512 514
2511 514
2510 513
2509 513
2508 512
2507 512
2506 512
2505 511
2504 510
2503 510
2502 509
2501 509
2500 508
2499 508
2498 507
2497 507
2496 507
2495 507
2494 507
2493 507
2492 506
2491 506
2490 506
2489 506
2488 505
2487 505
2486 505
2485 505
2484 505
2483 505
2482 505
2481 505
