725 2379
724 2380
723 2380
722 2380
721 2380
720 2381
719 2381
718 2381
717 2381
716 2381
715 2381
714 2381
713 2381
712 2381
711 2381
710 2381
709 2381
708 2381
707 2381
706 2381
705 2381
704 2382
703 2382
702 2382
701 2382
700 2383
699 2383
698 2383
697 2383
696 2383
695 2383
694 2383
693 2383
692 2383
691 2383
690 2384
689 2384
688 2384
687 2384
686 2385
685 2385
684 2385
683 2385
682 2385
681 2385
680 2385
679 2385
678 2386
677 2386
676 2387
675 2387
674 2388
673 2388
672 2389
671 2390
670 2390
669 2390
668 2391
667 2392
666 2392
665 2392
664 2393
663 2393
662 2393
661 2393
660 2393
659 2393
658 2393
657 2393
656 2393
655 2393
654 2393
653 2393
652 2393
651 2393
650 2393
649 2393
648 2393
647 2393
646 2393
645 2393
644 2393
643 2393
642 2393
641 2393
640 2394
639 2394
638 2394
637 2394
636 2395
635 2395
634 2396
633 2396
632 2396
631 2396
630 2397
629 2397
628 2397
627 2397
626 2397
625 2397
624 2397
623 2397
622 2398
621 2398
620 2398
619 2398
618 2399
617 2400
616 2400
615 2400
614 2401
613 2401
612 2401
611 2401
610 2402
609 2402
608 2402
607 2402
606 2403
605 2403
604 2403
603 2403
602 2403
601 2403
600 2403
599 2403
598 2404
597 2404
596 2404
595 2404
594 2405
593 2405
592 2405
591 2405
590 2406
589 2406
588 2406
587 2406
586 2407
585 2408
584 2408
583 2408
582 2409
581 2410
580 2410
579 2410
578 2411
577 2412
576 2413
575 2414
574 2414
574 2415
573 2416
572 2416
572 2417
571 2418
570 2419
569 2420
568 2421
568 2422
567 2423
566 2424
565 2424
564 2425
563 2426
562 2427
561 2428
560 2428
560 2429
559 2430
558 2431
558 2432
557 2433
557 2434
557 2435
557 2436
557 2437
557 2438
557 2439
557 2440
558 2441
558 2442
558 2443
559 2444
560 2445
561 2446
562 2446
563 2446
564 2446
565 2446
566 2446
567 2446
568 2446
569 2447
570 2447
571 2447
572 2447
573 2448
574 2448
575 2448
576 2448
577 2448
578 2448
579 2448
580 2448
581 2448
582 2448
583 2449
584 2449
585 2450
586 2451
587 2451
588 2452
588 2453
589 2454
590 2455
591 2456
592 2457
593 2458
594 2458
595 2459
596 2459
597 2460
598 2461
599 2461
600 2462
600 2463
601 2463
602 2464
602 2465
603 2465
604 2466
604 2467
605 2467
606 2468
607 2469
608 2469
609 2470
610 2470
611 2470
612 2470
613 2471
614 2471
615 2472
616 2473
617 2473
618 2474
618 2475
619 2476
620 2477
620 2478
621 2479
622 2480
623 2481
624 2482
624 2483
625 2483
626 2484
627 2485
628 2485
629 2486
630 2486
631 2486
632 2486
633 2486
634 2486
635 2486
636 2486
637 2486
638 2486
639 2486
640 2486
641 2486
642 2486
643 2486
644 2486
645 2486
646 2486
647 2486
648 2486
649 2487
650 2487
651 2488
652 2489
653 2489
654 2490
655 2491
656 2491
657 2492
658 2492
659 2492
660 2492
661 2492
662 2492
663 2492
664 2492
665 2493
666 2493
667 2493
668 2493
669 2494
670 2494
671 2494
672 2494
673 2495
674 2495
675 2496
676 2496
677 2497
678 2498
679 2499
680 2499
681 2500
682 2500
683 2501
684 2501
685 2502
686 2502
687 2502
688 2502
689 2502
690 2502
691 2502
692 2502
693 2502
694 2502
695 2503
696 2503
697 2503
698 2504
699 2505
700 2505
701 2505
702 2505
703 2506
704 2506
705 2506
706 2506
707 2506
708 2506
709 2506
710 2506
711 2506
712 2506
713 2506
714 2506
715 2506
716 2506
717 2506
718 2506
719 2505
720 2505
721 2505
722 2505
723 2504
724 2504
725 2504
726 2504
727 2504
728 2504
729 2504
730 2504
731 2505
732 2505
733 2505
734 2505
735 2505
736 2505
737 2505
738 2505
739 2504
740 2504
741 2504
742 2504
743 2504
744 2504
745 2503
746 2503
747 2503
748 2503
749 2502
750 2502
751 2502
752 2502
753 2502
754 2502
755 2502
756 2502
757 2502
758 2502
759 2502
760 2502
761 2501
762 2501
763 2501
764 2501
765 2500
766 2500
767 2500
768 2500
769 2500
770 2500
771 2500
772 2500
773 2500
774 2500
775 2500
776 2500
777 2501
778 2501
779 2501
780 2501
781 2502
782 2502
783 2502
784 2502
785 2502
786 2502
787 2502
788 2502
789 2502
790 2502
791 2502
792 2502
793 2502
794 2502
795 2502
796 2502
797 2502
798 2502
799 2502
800 2502
801 2502
802 2502
803 2502
804 2502
805 2502
806 2502
807 2502
808 2502
809 2502
810 2502
811 2502
812 2502
813 2502
814 2502
815 2502
816 2502
817 2502
818 2502
819 2502
820 2502
821 2502
822 2502
823 2502
824 2502
825 2502
826 2502
827 2503
828 2503
829 2503
830 2503
831 2504
832 2504
833 2504
834 2504
835 2505
836 2505
837 2506
838 2506
839 2507
840 2507
841 2508
842 2508
843 2509
844 2509
845 2509
846 2509
847 2510
848 2510
849 2510
850 2510
851 2510
852 2510
853 2510
854 2510
855 2510
856 2510
857 2510
858 2510
859 2510
860 2510
861 2510
862 2510
863 2510
864 2510
865 2510
866 2510
867 2510
868 2510
869 2510
870 2510
871 2510
872 2510
873 2510
874 2510
875 2510
876 2510
877 2510
878 2510
879 2510
880 2510
881 2510
882 2510
883 2510
884 2510
885 2510
886 2510
887 2510
888 2510
889 2510
890 2510
891 2510
892 2510
893 2510
894 2510
895 2510
896 2510
897 2510
898 2510
899 2509
900 2509
901 2509
902 2509
903 2508
904 2508
905 2508
906 2508
907 2507
908 2507
909 2507
910 2507
911 2506
912 2506
913 2506
914 2506
915 2506
916 2506
917 2506
918 2506
919 2505
920 2505
921 2504
922 2503
923 2503
923 2502
924 2501
925 2501
926 2500
927 2499
928 2499
929 2498
930 2498
931 2498
932 2498
933 2498
934 2498
935 2497
936 2497
937 2496
938 2496
939 2495
940 2495
941 2494
942 2494
943 2494
944 2494
945 2493
946 2493
947 2493
948 2493
949 2492
950 2491
951 2490
952 2489
953 2489
953 2488
954 2487
955 2487
955 2486
956 2485
957 2484
958 2483
959 2482
959 2481
960 2480
961 2479
961 2478
962 2477
963 2477
963 2476
964 2475
965 2475
965 2474
966 2473
967 2473
967 2472
968 2471
969 2471
969 2470
970 2469
971 2469
971 2468
972 2467
973 2466
974 2465
975 2464
975 2463
976 2462
977 2461
977 2460
978 2459
979 2459
979 2458
980 2457
981 2457
981 2456
982 2455
983 2454
983 2453
984 2452
984 2451
984 2450
984 2449
984 2448
984 2447
984 2446
984 2445
984 2444
984 2443
984 2442
984 2441
984 2440
984 2439
984 2438
984 2437
984 2436
984 2435
984 2434
984 2433
984 2432
984 2431
984 2430
984 2429
983 2428
983 2427
982 2426
982 2425
981 2424
981 2423
980 2422
979 2421
979 2420
979 2419
978 2418
978 2417
977 2416
977 2415
976 2414
975 2413
974 2412
973 2412
972 2411
971 2411
970 2410
969 2410
968 2409
967 2408
966 2408
965 2407
965 2406
964 2406
963 2405
962 2404
961 2404
960 2403
959 2403
958 2403
957 2403
956 2403
955 2403
954 2403
953 2403
952 2402
951 2401
950 2401
949 2400
948 2399
947 2398
946 2398
945 2398
944 2397
943 2397
942 2396
941 2396
940 2396
939 2396
938 2395
937 2395
936 2395
935 2395
934 2394
933 2394
932 2393
931 2393
930 2392
929 2392
928 2391
927 2391
926 2391
925 2391
924 2391
923 2391
922 2390
921 2390
920 2390
919 2389
918 2388
917 2388
916 2388
915 2388
914 2387
913 2387
912 2387
911 2387
910 2387
909 2387
908 2387
907 2387
906 2387
905 2387
904 2387
903 2387
902 2387
901 2387
900 2387
899 2387
898 2387
897 2387
896 2387
895 2387
894 2387
893 2387
892 2387
891 2387
890 2387
889 2387
888 2387
887 2387
886 2387
885 2387
884 2387
883 2387
882 2387
881 2387
880 2387
879 2387
878 2387
877 2387
876 2387
875 2387
874 2387
873 2387
872 2387
871 2387
870 2387
869 2387
868 2387
867 2387
866 2387
865 2387
864 2387
863 2387
862 2387
861 2387
860 2387
859 2387
858 2387
857 2387
856 2387
855 2387
854 2387
853 2387
852 2387
851 2387
850 2387
849 2387
848 2387
847 2387
846 2387
845 2387
844 2387
843 2387
842 2387
841 2387
840 2387
839 2387
838 2387
837 2387
836 2387
835 2387
834 2387
833 2387
832 2387
831 2387
830 2387
829 2387
828 2387
827 2387
826 2387
825 2387
824 2387
823 2387
822 2387
821 2387
820 2387
819 2387
818 2387
817 2387
816 2387
815 2387
814 2387
813 2387
812 2387
811 2387
810 2387
809 2387
808 2387
807 2387
806 2386
805 2386
804 2386
803 2386
802 2385
801 2385
800 2385
799 2385
798 2385
797 2385
796 2385
795 2385
794 2385
793 2385
792 2385
791 2385
790 2385
789 2385
788 2385
787 2385
786 2385
785 2385
784 2385
783 2385
782 2385
781 2385
780 2385
779 2385
778 2385
777 2385
776 2384
775 2384
774 2384
773 2384
772 2383
771 2383
770 2383
769 2383
768 2383
767 2383
766 2383
765 2383
764 2382
763 2382
762 2381
761 2381
760 2380
759 2380
758 2379
757 2379
756 2379
755 2379
754 2379
753 2379
752 2379
751 2379
750 2379
749 2379
748 2379
747 2379
746 2379
745 2379
744 2380
743 2380
742 2380
741 2380
740 2380
739 2380
738 2380
737 2380
736 2379
735 2379
734 2379
733 2379
732 2379
731 2379
730 2379
729 2379
728 2379
727 2379
726 2379
725 2379
