635 3529
634 3530
633 3530
632 3530
631 3530
630 3531
629 3531
628 3531
627 3531
626 3531
625 3531
624 3531
623 3531
622 3531
621 3531
620 3531
619 3531
618 3531
617 3531
616 3531
615 3531
614 3531
613 3531
612 3531
611 3531
610 3532
609 3532
608 3533
607 3533
606 3534
605 3534
604 3534
603 3534
602 3534
601 3534
600 3533
599 3533
598 3533
597 3533
596 3533
595 3533
594 3533
593 3533
592 3533
591 3533
590 3534
589 3534
588 3534
587 3534
586 3535
585 3535
584 3535
583 3535
582 3535
581 3535
580 3535
579 3535
578 3536
577 3536
576 3537
575 3538
574 3538
574 3539
573 3540
572 3540
571 3541
570 3542
569 3542
568 3543
567 3543
566 3543
565 3543
564 3543
563 3543
562 3544
561 3544
560 3545
559 3546
558 3546
558 3547
557 3548
556 3548
556 3549
555 3550
554 3551
554 3552
553 3553
553 3554
552 3555
552 3556
551 3557
551 3558
550 3559
550 3560
549 3561
549 3562
549 3563
549 3564
549 3565
549 3566
549 3567
549 3568
549 3569
549 3570
549 3571
549 3572
549 3573
549 3574
549 3575
549 3576
549 3577
549 3578
549 3579
549 3580
550 3581
550 3582
550 3583
550 3584
551 3585
551 3586
551 3587
551 3588
551 3589
551 3590
551 3591
551 3592
551 3593
551 3594
551 3595
551 3596
551 3597
551 3598
552 3599
552 3600
552 3601
552 3602
553 3603
553 3604
553 3605
553 3606
553 3607
553 3608
553 3609
553 3610
553 3611
553 3612
553 3613
553 3614
553 3615
553 3616
554 3617
554 3618
554 3619
554 3620
555 3621
555 3622
555 3623
555 3624
555 3625
555 3626
555 3627
555 3628
555 3629
555 3630
555 3631
555 3632
555 3633
555 3634
555 3635
555 3636
555 3637
555 3638
555 3639
555 3640
555 3641
555 3642
556 3643
556 3644
556 3645
556 3646
557 3647
557 3648
558 3649
558 3650
558 3651
558 3652
559 3653
560 3654
560 3655
560 3656
561 3657
561 3658
561 3659
561 3660
561 3661
561 3662
561 3663
561 3664
561 3665
561 3666
562 3667
562 3668
562 3669
562 3670
563 3671
563 3672
563 3673
563 3674
564 3675
564 3676
564 3677
564 3678
565 3679
565 3680
565 3681
565 3682
565 3683
565 3684
565 3685
565 3686
566 3687
566 3688
566 3689
566 3690
567 3691
567 3692
567 3693
567 3694
567 3695
567 3696
568 3697
568 3698
568 3699
568 3700
569 3701
569 3702
569 3703
569 3704
570 3705
570 3706
571 3707
572 3708
572 3709
573 3710
574 3711
574 3712
575 3713
576 3714
576 3715
576 3716
577 3717
577 3718
577 3719
577 3720
578 3721
578 3722
579 3723
580 3724
581 3725
582 3725
583 3725
584 3725
585 3725
586 3725
587 3724
588 3724
589 3725
590 3725
591 3726
592 3727
593 3727
594 3728
595 3729
596 3730
597 3731
598 3731
599 3731
600 3731
601 3732
602 3732
603 3732
604 3732
605 3732
606 3732
607 3732
608 3732
609 3733
610 3733
611 3733
612 3733
613 3734
614 3734
615 3735
616 3735
617 3735
618 3736
619 3737
620 3737
621 3737
622 3737
623 3738
624 3738
625 3738
626 3738
627 3739
628 3739
629 3740
630 3740
631 3741
632 3741
633 3742
634 3742
635 3743
636 3743
637 3743
638 3743
639 3744
640 3744
641 3744
642 3744
643 3745
644 3745
645 3745
646 3746
647 3747
648 3747
649 3747
650 3748
651 3749
652 3749
653 3749
654 3749
655 3750
656 3750
657 3750
658 3750
659 3751
660 3751
661 3751
662 3751
663 3752
664 3752
665 3753
666 3753
667 3754
668 3754
669 3755
670 3755
671 3756
672 3756
673 3756
674 3756
675 3757
676 3757
677 3757
678 3757
679 3758
680 3758
681 3758
682 3758
683 3758
684 3758
685 3758
686 3758
687 3758
688 3758
689 3758
690 3758
691 3758
692 3758
693 3758
694 3758
695 3758
696 3758
697 3758
698 3758
699 3758
700 3758
701 3758
702 3758
703 3758
704 3758
705 3759
706 3759
707 3759
708 3759
709 3760
710 3760
711 3760
712 3760
713 3760
714 3760
715 3760
716 3760
717 3760
718 3760
719 3760
720 3760
721 3760
722 3760
723 3759
724 3759
725 3759
726 3759
727 3758
728 3758
729 3758
730 3758
731 3758
732 3758
733 3758
734 3758
735 3758
736 3758
737 3758
738 3758
739 3757
740 3757
741 3757
742 3757
743 3756
744 3756
745 3756
746 3756
747 3756
748 3756
749 3756
750 3756
751 3756
752 3756
753 3756
754 3756
755 3756
756 3756
757 3756
758 3756
759 3756
760 3756
761 3756
762 3756
763 3756
764 3756
765 3756
766 3756
767 3756
768 3756
769 3756
770 3756
771 3756
772 3756
773 3756
774 3756
775 3755
776 3755
777 3755
778 3755
779 3754
780 3754
781 3754
782 3754
783 3754
784 3754
785 3754
786 3754
787 3754
788 3754
789 3754
790 3754
791 3754
792 3754
793 3754
794 3754
795 3754
796 3754
797 3754
798 3754
799 3754
800 3754
801 3754
802 3754
803 3754
804 3754
805 3754
806 3754
807 3755
808 3755
809 3755
810 3755
811 3756
812 3756
813 3755
814 3755
815 3755
816 3755
817 3754
818 3754
819 3754
820 3754
821 3754
822 3754
823 3754
824 3754
825 3754
826 3754
827 3754
828 3754
829 3754
830 3754
831 3754
832 3754
833 3754
834 3754
835 3754
836 3754
837 3755
838 3755
839 3756
840 3756
841 3757
842 3757
843 3758
844 3758
845 3757
846 3757
847 3756
848 3756
849 3755
850 3755
851 3754
852 3754
853 3755
854 3755
855 3755
856 3755
857 3756
858 3756
859 3755
860 3755
861 3755
862 3755
863 3754
864 3754
865 3754
866 3754
867 3754
868 3754
869 3754
870 3754
871 3755
872 3755
873 3755
874 3755
875 3756
876 3756
877 3756
878 3756
879 3756
880 3756
881 3757
882 3757
883 3757
884 3757
885 3758
886 3758
887 3759
888 3759
889 3759
890 3759
891 3760
892 3760
893 3760
894 3760
895 3760
896 3760
897 3760
898 3760
899 3760
900 3760
901 3760
902 3760
903 3760
904 3760
905 3760
906 3760
907 3760
908 3760
909 3760
910 3760
911 3760
912 3760
913 3759
914 3759
915 3759
916 3759
917 3758
918 3758
919 3758
920 3758
921 3758
922 3758
923 3758
924 3758
925 3758
926 3758
927 3758
928 3758
929 3758
930 3758
931 3758
932 3758
933 3758
934 3758
935 3758
936 3758
937 3757
938 3757
939 3757
940 3757
941 3756
942 3756
943 3756
944 3756
945 3756
946 3756
947 3756
948 3756
949 3756
950 3756
951 3756
952 3756
953 3756
954 3756
955 3756
956 3756
957 3756
958 3756
959 3757
960 3757
961 3757
962 3758
963 3759
964 3759
965 3759
966 3759
967 3760
968 3760
969 3759
970 3759
971 3758
972 3758
973 3757
974 3757
975 3757
976 3757
977 3757
978 3757
979 3758
980 3758
981 3757
982 3757
983 3756
984 3755
985 3755
986 3754
987 3753
988 3753
989 3753
990 3753
991 3754
992 3755
993 3755
994 3756
994 3757
995 3757
996 3758
996 3759
997 3759
998 3760
999 3761
1000 3761
1001 3762
1002 3762
1003 3762
1004 3762
1005 3763
1006 3763
1007 3764
1008 3764
1009 3765
1010 3766
1011 3767
1012 3767
1013 3767
1014 3767
1015 3768
1016 3768
1017 3768
1018 3768
1019 3768
1020 3768
1021 3768
1022 3768
1023 3768
1024 3768
1025 3768
1026 3768
1027 3768
1028 3768
1029 3768
1030 3768
1031 3767
1032 3767
1033 3767
1034 3767
1035 3766
1036 3766
1037 3766
1038 3766
1039 3766
1040 3766
1041 3766
1042 3766
1043 3765
1044 3765
1045 3765
1046 3765
1047 3764
1048 3764
1049 3764
1050 3764
1051 3763
1052 3763
1053 3763
1054 3763
1055 3762
1056 3762
1057 3762
1058 3762
1059 3762
1060 3762
1061 3762
1062 3762
1063 3761
1064 3761
1065 3761
1066 3761
1067 3760
1068 3760
1069 3760
1070 3760
1071 3760
1072 3760
1073 3760
1074 3760
1075 3759
1076 3759
1077 3759
1078 3759
1079 3758
1080 3758
1081 3757
1082 3757
1083 3756
1084 3755
1085 3755
1085 3754
1086 3753
1087 3752
1087 3751
1088 3750
1088 3749
1089 3748
1089 3747
1090 3746
1091 3745
1092 3745
1093 3744
1094 3743
1095 3743
1096 3743
1097 3742
1098 3742
1099 3742
1100 3742
1101 3742
1102 3742
1103 3742
1104 3742
1105 3742
1106 3742
1107 3742
1108 3742
1109 3742
1110 3742
1111 3741
1112 3741
1113 3741
1114 3741
1115 3740
1116 3740
1117 3740
1118 3740
1119 3740
1120 3740
1121 3739
1122 3739
1123 3739
1124 3739
1125 3738
1126 3737
1127 3736
1128 3735
1129 3735
1129 3734
1130 3733
1131 3733
1131 3732
1132 3731
1133 3731
1134 3730
1135 3729
1136 3729
1137 3728
1138 3727
1139 3726
1140 3725
1141 3725
1141 3724
1142 3723
1143 3723
1143 3722
1144 3721
1145 3721
1145 3720
1146 3719
1147 3718
1147 3717
1148 3716
1148 3715
1148 3714
1148 3713
1149 3712
1149 3711
1149 3710
1149 3709
1150 3708
1150 3707
1151 3706
1151 3705
1152 3704
1153 3703
1153 3702
1154 3701
1155 3700
1156 3699
1157 3698
1157 3697
1158 3696
1159 3695
1159 3694
1160 3693
1161 3692
1162 3691
1163 3690
1163 3689
1163 3688
1163 3687
1164 3686
1164 3685
1164 3684
1164 3683
1164 3682
1164 3681
1165 3680
1165 3679
1165 3678
1166 3677
1167 3676
1167 3675
1167 3674
1168 3673
1169 3672
1169 3671
1170 3670
1171 3669
1171 3668
1172 3667
1173 3666
1173 3665
1174 3664
1174 3663
1174 3662
1174 3661
1174 3660
1174 3659
1174 3658
1174 3657
1174 3656
1174 3655
1174 3654
1174 3653
1174 3652
1174 3651
1174 3650
1174 3649
1174 3648
1174 3647
1173 3646
1173 3645
1173 3644
1173 3643
1172 3642
1172 3641
1172 3640
1172 3639
1172 3638
1172 3637
1172 3636
1172 3635
1172 3634
1172 3633
1172 3632
1172 3631
1172 3630
1172 3629
1172 3628
1172 3627
1171 3626
1171 3625
1171 3624
1171 3623
1170 3622
1169 3621
1169 3620
1169 3619
1168 3618
1168 3617
1167 3616
1167 3615
1167 3614
1167 3613
1166 3612
1166 3611
1165 3610
1165 3609
1165 3608
1165 3607
1164 3606
1163 3605
1163 3604
1163 3603
1162 3602
1162 3601
1162 3600
1162 3599
1161 3598
1161 3597
1160 3596
1159 3595
1159 3594
1158 3594
1157 3593
1156 3592
1155 3592
1154 3591
1153 3591
1152 3590
1151 3590
1150 3589
1149 3589
1148 3588
1147 3587
1146 3586
1145 3586
1144 3586
1143 3586
1142 3585
1141 3585
1140 3585
1139 3585
1138 3584
1137 3584
1136 3584
1135 3584
1134 3583
1133 3583
1132 3582
1131 3582
1130 3582
1129 3581
1128 3580
1127 3580
1126 3579
1125 3579
1124 3578
1123 3578
1122 3577
1121 3577
1120 3577
1119 3577
1118 3577
1117 3577
1116 3576
1115 3576
1114 3576
1113 3576
1112 3575
1111 3575
1110 3574
1109 3574
1108 3574
1107 3574
1106 3573
1105 3573
1104 3573
1103 3573
1102 3573
1101 3573
1100 3573
1099 3573
1098 3573
1097 3573
1096 3573
1095 3573
1094 3573
1093 3573
1092 3572
1091 3572
1090 3572
1089 3572
1088 3571
1087 3571
1086 3570
1085 3570
1084 3570
1083 3570
1082 3569
1081 3569
1080 3569
1079 3569
1078 3569
1077 3569
1076 3569
1075 3569
1074 3569
1073 3569
1072 3568
1071 3568
1070 3568
1069 3568
1068 3567
1067 3567
1066 3567
1065 3567
1064 3567
1063 3567
1062 3567
1061 3567
1060 3567
1059 3567
1058 3567
1057 3567
1056 3567
1055 3567
1054 3567
1053 3567
1052 3567
1051 3567
1050 3567
1049 3567
1048 3567
1047 3567
1046 3567
1045 3567
1044 3567
1043 3567
1042 3567
1041 3567
1040 3566
1039 3566
1038 3566
1037 3566
1036 3565
1035 3565
1034 3565
1033 3565
1032 3565
1031 3565
1030 3565
1029 3565
1028 3565
1027 3565
1026 3565
1025 3565
1024 3565
1023 3565
1022 3565
1021 3565
1020 3564
1019 3564
1018 3564
1017 3564
1016 3563
1015 3563
1014 3563
1013 3563
1012 3563
1011 3563
1010 3563
1009 3563
1008 3562
1007 3562
1006 3562
1005 3562
1004 3561
1003 3561
1002 3561
1001 3561
1000 3561
999 3561
998 3561
997 3561
996 3561
995 3561
994 3561
993 3561
992 3561
991 3561
990 3561
989 3561
988 3561
987 3561
986 3561
985 3561
984 3561
983 3561
982 3561
981 3561
980 3561
979 3561
978 3560
977 3560
976 3560
975 3560
974 3559
973 3559
972 3559
971 3559
970 3559
969 3559
968 3559
967 3559
966 3558
965 3558
964 3558
963 3558
962 3557
961 3557
960 3556
959 3556
958 3556
957 3556
956 3555
955 3555
954 3555
953 3555
952 3555
951 3555
950 3555
949 3555
948 3555
947 3555
946 3555
945 3555
944 3555
943 3555
942 3555
941 3555
940 3555
939 3555
938 3555
937 3555
936 3555
935 3555
934 3555
933 3555
932 3554
931 3554
930 3554
929 3554
928 3553
927 3553
926 3553
925 3553
924 3553
923 3553
922 3553
921 3553
920 3552
919 3552
918 3552
917 3552
916 3551
915 3551
914 3551
913 3551
912 3551
911 3551
910 3551
909 3551
908 3551
907 3551
906 3551
905 3551
904 3550
903 3550
902 3550
901 3550
900 3549
899 3549
898 3549
897 3549
896 3549
895 3549
894 3549
893 3549
892 3548
891 3548
890 3548
889 3548
888 3547
887 3547
886 3547
885 3547
884 3547
883 3547
882 3547
881 3547
880 3546
879 3546
878 3546
877 3546
876 3545
875 3545
874 3545
873 3545
872 3545
871 3545
870 3544
869 3544
868 3543
867 3543
866 3542
865 3541
864 3540
863 3540
862 3540
861 3540
860 3539
859 3539
858 3539
857 3539
856 3539
855 3539
854 3539
853 3539
852 3539
851 3539
850 3538
849 3538
848 3538
847 3538
846 3537
845 3537
844 3537
843 3537
842 3537
841 3537
840 3537
839 3537
838 3537
837 3537
836 3537
835 3537
834 3537
833 3537
832 3537
831 3537
830 3537
829 3537
828 3537
827 3537
826 3537
825 3537
824 3537
823 3537
822 3537
821 3537
820 3536
819 3536
818 3535
817 3535
816 3534
815 3534
814 3533
813 3533
812 3534
811 3534
810 3534
809 3534
808 3535
807 3535
806 3535
805 3535
804 3535
803 3535
802 3535
801 3535
800 3535
799 3535
798 3535
797 3535
796 3535
795 3535
794 3535
793 3535
792 3535
791 3535
790 3535
789 3535
788 3535
787 3535
786 3535
785 3535
784 3535
783 3535
782 3535
781 3535
780 3535
779 3535
778 3536
777 3536
776 3536
775 3536
774 3537
773 3537
772 3537
771 3537
770 3537
769 3537
768 3537
767 3537
766 3537
765 3537
764 3537
763 3537
762 3537
761 3537
760 3536
759 3536
758 3536
757 3536
756 3535
755 3535
754 3535
753 3535
752 3535
751 3535
750 3535
749 3535
748 3535
747 3535
746 3535
745 3535
744 3535
743 3535
742 3534
741 3534
740 3534
739 3534
738 3533
737 3533
736 3533
735 3533
734 3533
733 3533
732 3533
731 3533
730 3533
729 3533
728 3533
727 3533
726 3533
725 3533
724 3533
723 3533
722 3532
721 3532
720 3532
719 3532
718 3531
717 3531
716 3531
715 3531
714 3531
713 3531
712 3531
711 3531
710 3531
709 3531
708 3531
707 3531
706 3530
705 3530
704 3530
703 3530
702 3529
701 3529
700 3529
699 3529
698 3529
697 3529
696 3529
695 3529
694 3529
693 3529
692 3529
691 3529
690 3529
689 3529
688 3529
687 3529
686 3529
685 3529
684 3529
683 3529
682 3529
681 3529
680 3529
679 3529
678 3529
677 3529
676 3529
675 3529
674 3529
673 3529
672 3529
671 3529
670 3529
669 3529
668 3529
667 3529
666 3529
665 3529
664 3529
663 3529
662 3529
661 3529
660 3529
659 3529
658 3529
657 3529
656 3529
655 3529
654 3529
653 3529
652 3529
651 3529
650 3529
649 3529
648 3529
647 3529
646 3529
645 3529
644 3529
643 3529
642 3529
641 3529
640 3529
639 3529
638 3529
637 3529
636 3529
635 3529
