2329 1041
2328 1042
2327 1042
2326 1042
2325 1042
2324 1043
2323 1043
2322 1043
2321 1043
2320 1043
2319 1043
2318 1043
2317 1043
2316 1043
2315 1043
2314 1043
2313 1043
2312 1043
2311 1043
2310 1043
2309 1043
2308 1043
2307 1043
2306 1044
2305 1044
2304 1044
2303 1044
2302 1045
2301 1045
2300 1045
2299 1045
2298 1045
2297 1045
2296 1045
2295 1045
2294 1045
2293 1045
2292 1045
2291 1045
2290 1046
2289 1046
2288 1047
2287 1047
2286 1048
2285 1048
2284 1049
2283 1050
2282 1050
2281 1050
2280 1051
2279 1051
2278 1051
2277 1051
2276 1051
2275 1051
2274 1051
2273 1051
2272 1051
2271 1051
2270 1052
2269 1052
2268 1053
2267 1054
2266 1054
2266 1055
2265 1056
2264 1056
2264 1057
2263 1058
2262 1058
2261 1059
2260 1060
2259 1060
2258 1061
2257 1061
2256 1061
2255 1061
2254 1061
2253 1061
2252 1061
2251 1061
2250 1062
2249 1062
2248 1062
2247 1062
2246 1063
2245 1064
2244 1064
2243 1064
2242 1065
2241 1066
2240 1067
2239 1067
2238 1068
2237 1068
2236 1069
2235 1070
2234 1071
2233 1072
2232 1073
2232 1074
2231 1075
2231 1076
2231 1077
2231 1078
2231 1079
2231 1080
2230 1081
2230 1082
2230 1083
2230 1084
2229 1085
2229 1086
2229 1087
2229 1088
2229 1089
2229 1090
2229 1091
2229 1092
2229 1093
2229 1094
2228 1095
2228 1096
2228 1097
2228 1098
2227 1099
2227 1100
2226 1101
2226 1102
2226 1103
2226 1104
2225 1105
2225 1106
2225 1107
2225 1108
2225 1109
2225 1110
2225 1111
2225 1112
2225 1113
2225 1114
2225 1115
2225 1116
2225 1117
2225 1118
2225 1119
2225 1120
2225 1121
2225 1122
2226 1123
2226 1124
2227 1125
2227 1126
2228 1127
2228 1128
2229 1129
2230 1130
2230 1131
2230 1132
2231 1133
2231 1134
2231 1135
2231 1136
2231 1137
2231 1138
2231 1139
2231 1140
2231 1141
2231 1142
2231 1143
2231 1144
2231 1145
2231 1146
2230 1147
2230 1148
2230 1149
2230 1150
2230 1151
2230 1152
2231 1153
2231 1154
2232 1155
2232 1156
2233 1157
2234 1158
2234 1159
2234 1160
2235 1161
2235 1162
2236 1163
2236 1164
2236 1165
2236 1166
2237 1167
2237 1168
2237 1169
2237 1170
2238 1171
2238 1172
2239 1173
2240 1174
2240 1175
2241 1176
2242 1177
2242 1178
2243 1179
2244 1180
2245 1181
2246 1182
2246 1183
2247 1184
2248 1185
2248 1186
2249 1187
2250 1188
2250 1189
2250 1190
2251 1191
2252 1192
2252 1193
2252 1194
2253 1195
2253 1196
2254 1197
2254 1198
2254 1199
2254 1200
2255 1201
2255 1202
2255 1203
2255 1204
2255 1205
2255 1206
2255 1207
2255 1208
2255 1209
2255 1210
2255 1211
2255 1212
2256 1213
2256 1214
2257 1215
2258 1216
2258 1217
2259 1217
2260 1218
2260 1219
2261 1219
2262 1220
2262 1221
2263 1222
2264 1223
2264 1224
2265 1225
2265 1226
2266 1227
2266 1228
2267 1229
2267 1230
2268 1231
2268 1232
2269 1233
2270 1234
2271 1235
2272 1236
2272 1237
2273 1237
2274 1238
2275 1239
2276 1240
2277 1241
2278 1241
2279 1241
2280 1242
2281 1243
2282 1243
2283 1243
2284 1243
2285 1244
2286 1244
2287 1245
2288 1245
2289 1245
2290 1246
2291 1247
2292 1247
2293 1247
2294 1247
2295 1248
2296 1248
2297 1248
2298 1248
2299 1249
2300 1249
2301 1250
2302 1250
2303 1251
2304 1251
2305 1252
2306 1252
2307 1252
2308 1252
2309 1252
2310 1252
2311 1252
2312 1252
2313 1252
2314 1252
2315 1252
2316 1252
2317 1252
2318 1252
2319 1252
2320 1252
2321 1252
2322 1252
2323 1252
2324 1252
2325 1252
2326 1252
2327 1252
2328 1252
2329 1252
2330 1252
2331 1252
2332 1252
2333 1252
2334 1252
2335 1252
2336 1252
2337 1252
2338 1252
2339 1251
2340 1251
2341 1251
2342 1251
2343 1250
2344 1250
2345 1250
2346 1250
2347 1250
2348 1250
2349 1250
2350 1250
2351 1250
2352 1250
2353 1250
2354 1250
2355 1249
2356 1249
2357 1249
2358 1249
2359 1248
2360 1248
2361 1248
2362 1248
2363 1248
2364 1248
2365 1248
2366 1248
2367 1248
2368 1248
2369 1248
2370 1248
2371 1248
2372 1248
2373 1248
2374 1248
2375 1248
2376 1248
2377 1248
2378 1248
2379 1248
2380 1248
2381 1249
2382 1249
2383 1249
2384 1249
2385 1250
2386 1250
2387 1250
2388 1250
2389 1250
2390 1250
2391 1250
2392 1250
2393 1250
2394 1250
2395 1250
2396 1250
2397 1250
2398 1250
2399 1250
2400 1250
2401 1250
2402 1250
2403 1250
2404 1250
2405 1250
2406 1250
2407 1250
2408 1250
2409 1250
2410 1250
2411 1249
2412 1249
2413 1249
2414 1249
2415 1248
2416 1248
2417 1248
2418 1248
2419 1248
2420 1248
2421 1248
2422 1248
2423 1248
2424 1248
2425 1248
2426 1248
2427 1248
2428 1248
2429 1249
2430 1249
2431 1249
2432 1249
2433 1250
2434 1250
2435 1250
2436 1250
2437 1250
2438 1250
2439 1250
2440 1250
2441 1250
2442 1250
2443 1250
2444 1250
2445 1250
2446 1250
2447 1250
2448 1250
2449 1250
2450 1250
2451 1249
2452 1249
2453 1249
2454 1249
2455 1248
2456 1248
2457 1248
2458 1248
2459 1248
2460 1248
2461 1248
2462 1248
2463 1248
2464 1248
2465 1248
2466 1248
2467 1248
2468 1248
2469 1248
2470 1248
2471 1248
2472 1248
2473 1248
2474 1248
2475 1248
2476 1248
2477 1248
2478 1248
2479 1247
2480 1247
2481 1247
2482 1247
2483 1246
2484 1246
2485 1246
2486 1246
2487 1246
2488 1246
2489 1246
2490 1246
2491 1246
2492 1246
2493 1246
2494 1246
2495 1245
2496 1245
2497 1245
2498 1245
2499 1244
2500 1244
2501 1244
2502 1244
2503 1244
2504 1244
2505 1244
2506 1244
2507 1244
2508 1244
2509 1244
2510 1244
2511 1244
2512 1244
2513 1244
2514 1244
2515 1244
2516 1244
2517 1244
2518 1244
2519 1244
2520 1244
2521 1243
2522 1243
2523 1243
2524 1243
2525 1242
2526 1241
2527 1241
2528 1241
2529 1240
2530 1240
2531 1240
2532 1240
2533 1239
2534 1239
2535 1239
2536 1239
2537 1238
2538 1238
2539 1238
2540 1238
2541 1238
2542 1238
2543 1238
2544 1238
2545 1237
2546 1237
2547 1236
2548 1235
2549 1235
2549 1234
2550 1233
2551 1233
2551 1232
2552 1231
2553 1231
2553 1230
2554 1229
2555 1229
2555 1228
2556 1227
2557 1227
2557 1226
2558 1225
2559 1224
2560 1223
2561 1222
2561 1221
2561 1220
2561 1219
2562 1218
2562 1217
2562 1216
2562 1215
2562 1214
2562 1213
2562 1212
2562 1211
2562 1210
2562 1209
2562 1208
2562 1207
2563 1206
2563 1205
2564 1204
2564 1203
2565 1202
2565 1201
2566 1200
2566 1199
2566 1198
2566 1197
2566 1196
2566 1195
2567 1194
2567 1193
2567 1192
2567 1191
2568 1190
2568 1189
2568 1188
2568 1187
2568 1186
2568 1185
2568 1184
2568 1183
2568 1182
2568 1181
2568 1180
2568 1179
2568 1178
2568 1177
2568 1176
2568 1175
2568 1174
2568 1173
2568 1172
2568 1171
2568 1170
2568 1169
2567 1168
2567 1167
2566 1166
2565 1165
2565 1164
2564 1163
2563 1162
2563 1161
2562 1160
2562 1159
2561 1158
2561 1157
2561 1156
2561 1155
2560 1154
2559 1153
2559 1152
2559 1151
2558 1150
2558 1149
2557 1148
2557 1147
2557 1146
2557 1145
2556 1144
2556 1143
2555 1142
2555 1141
2555 1140
2555 1139
2554 1138
2553 1137
2553 1136
2553 1135
2552 1134
2551 1133
2551 1132
2551 1131
2550 1130
2549 1129
2548 1128
2547 1127
2547 1126
2546 1126
2545 1125
2545 1124
2544 1124
2543 1123
2543 1122
2542 1122
2541 1121
2541 1120
2540 1120
2539 1119
2539 1118
2538 1117
2537 1116
2537 1115
2536 1114
2535 1113
2534 1112
2533 1111
2533 1110
2532 1110
2531 1109
2531 1108
2530 1108
2529 1107
2529 1106
2528 1106
2527 1105
2527 1104
2526 1103
2525 1102
2525 1101
2524 1100
2523 1099
2522 1098
2521 1097
2521 1096
2520 1096
2519 1095
2519 1094
2518 1094
2517 1093
2517 1092
2516 1092
2515 1091
2514 1090
2513 1090
2512 1089
2511 1089
2510 1088
2509 1088
2508 1088
2507 1087
2506 1086
2505 1086
2504 1085
2503 1084
2502 1083
2501 1082
2501 1081
2500 1080
2499 1079
2498 1078
2497 1077
2497 1076
2496 1076
2495 1075
2495 1074
2494 1074
2493 1073
2493 1072
2492 1072
2491 1071
2490 1070
2489 1069
2488 1068
2487 1068
2486 1068
2485 1067
2484 1066
2483 1066
2482 1065
2481 1064
2480 1064
2479 1063
2478 1062
2477 1062
2476 1061
2475 1061
2474 1061
2473 1061
2472 1061
2471 1061
2470 1060
2469 1060
2468 1059
2467 1058
2466 1058
2465 1057
2464 1056
2463 1055
2462 1054
2461 1054
2460 1054
2459 1053
2458 1052
2457 1052
2456 1052
2455 1052
2454 1051
2453 1051
2452 1050
2451 1050
2450 1049
2449 1049
2448 1048
2447 1048
2446 1047
2445 1047
2444 1047
2443 1047
2442 1046
2441 1046
2440 1046
2439 1046
2438 1045
2437 1045
2436 1045
2435 1045
2434 1045
2433 1045
2432 1045
2431 1045
2430 1045
2429 1045
2428 1045
2427 1045
2426 1045
2425 1045
2424 1045
2423 1045
2422 1045
2421 1045
2420 1045
2419 1045
2418 1045
2417 1045
2416 1045
2415 1045
2414 1045
2413 1045
2412 1045
2411 1045
2410 1045
2409 1045
2408 1045
2407 1045
2406 1045
2405 1045
2404 1045
2403 1045
2402 1045
2401 1045
2400 1045
2399 1045
2398 1045
2397 1045
2396 1045
2395 1045
2394 1045
2393 1045
2392 1045
2391 1045
2390 1045
2389 1045
2388 1045
2387 1045
2386 1045
2385 1045
2384 1045
2383 1045
2382 1045
2381 1045
2380 1045
2379 1045
2378 1045
2377 1045
2376 1044
2375 1044
2374 1044
2373 1043
2372 1042
2371 1042
2370 1042
2369 1042
2368 1041
2367 1041
2366 1041
2365 1041
2364 1041
2363 1041
2362 1041
2361 1041
2360 1041
2359 1041
2358 1041
2357 1041
2356 1041
2355 1041
2354 1041
2353 1041
2352 1041
2351 1041
2350 1041
2349 1041
2348 1041
2347 1041
2346 1041
2345 1041
2344 1041
2343 1041
2342 1041
2341 1041
2340 1041
2339 1041
2338 1041
2337 1041
2336 1041
2335 1041
2334 1041
2333 1041
2332 1041
2331 1041
2330 1041
2329 1041
