1123 1879
1122 1880
1121 1880
1120 1880
1119 1880
1118 1881
1117 1881
1116 1881
1115 1881
1114 1881
1113 1881
1112 1881
1111 1881
1110 1881
1109 1881
1108 1881
1107 1881
1106 1881
1105 1881
1104 1881
1103 1881
1102 1881
1101 1881
1100 1881
1099 1881
1098 1881
1097 1881
1096 1881
1095 1881
1094 1881
1093 1881
1092 1881
1091 1881
1090 1881
1089 1881
1088 1881
1087 1881
1086 1881
1085 1881
1084 1881
1083 1881
1082 1881
1081 1881
1080 1881
1079 1881
1078 1881
1077 1881
1076 1881
1075 1881
1074 1881
1073 1881
1072 1881
1071 1881
1070 1881
1069 1881
1068 1881
1067 1881
1066 1881
1065 1881
1064 1881
1063 1881
1062 1881
1061 1881
1060 1881
1059 1881
1058 1881
1057 1881
1056 1881
1055 1881
1054 1881
1053 1881
1052 1881
1051 1881
1050 1881
1049 1881
1048 1882
1047 1882
1046 1882
1045 1882
1044 1883
1043 1883
1042 1883
1041 1883
1040 1883
1039 1883
1038 1883
1037 1883
1036 1884
1035 1884
1034 1885
1033 1885
1032 1886
1031 1886
1030 1887
1029 1887
1028 1888
1027 1888
1026 1889
1025 1890
1024 1890
1024 1891
1023 1892
1022 1892
1022 1893
1021 1894
1020 1894
1019 1895
1018 1896
1017 1896
1016 1897
1015 1897
1014 1897
1013 1897
1012 1897
1011 1897
1010 1896
1009 1896
1008 1896
1007 1896
1006 1895
1005 1895
1004 1895
1003 1895
1002 1896
1001 1896
1000 1896
999 1896
998 1897
997 1897
996 1897
995 1897
994 1897
993 1897
992 1897
991 1897
990 1898
989 1898
988 1898
987 1898
986 1899
985 1900
984 1900
983 1900
982 1901
981 1901
980 1902
979 1902
978 1903
977 1904
976 1904
976 1905
975 1906
974 1906
974 1907
973 1908
972 1909
972 1910
971 1911
971 1912
971 1913
971 1914
970 1915
970 1916
969 1917
969 1918
968 1919
968 1920
967 1921
967 1922
967 1923
967 1924
967 1925
967 1926
967 1927
967 1928
967 1929
967 1930
967 1931
967 1932
967 1933
967 1934
967 1935
967 1936
968 1937
968 1938
968 1939
968 1940
969 1941
969 1942
969 1943
969 1944
969 1945
969 1946
969 1947
969 1948
969 1949
969 1950
969 1951
969 1952
969 1953
969 1954
969 1955
969 1956
970 1957
970 1958
971 1959
972 1959
973 1960
974 1960
975 1960
976 1960
977 1960
978 1960
979 1961
980 1961
981 1961
982 1961
983 1962
984 1962
985 1962
986 1962
987 1962
988 1962
989 1962
990 1962
991 1963
992 1963
993 1963
994 1963
995 1964
996 1964
997 1965
998 1965
999 1965
1000 1966
1001 1967
1002 1967
1003 1967
1004 1967
1005 1968
1006 1968
1007 1968
1008 1968
1009 1968
1010 1968
1011 1968
1012 1968
1013 1968
1014 1968
1015 1968
1016 1968
1017 1968
1018 1968
1019 1968
1020 1968
1021 1969
1022 1969
1023 1969
1024 1970
1025 1971
1026 1971
1027 1971
1028 1971
1029 1972
1030 1972
1031 1973
1032 1973
1033 1973
1034 1973
1035 1974
1036 1974
1037 1974
1038 1974
1039 1974
1040 1974
1041 1974
1042 1974
1043 1975
1044 1975
1045 1975
1046 1975
1047 1976
1048 1976
1049 1976
1050 1976
1051 1976
1052 1976
1053 1976
1054 1976
1055 1976
1056 1976
1057 1977
1058 1977
1059 1977
1060 1977
1061 1978
1062 1978
1063 1979
1064 1979
1065 1979
1066 1979
1067 1980
1068 1980
1069 1980
1070 1980
1071 1981
1072 1981
1073 1981
1074 1981
1075 1982
1076 1982
1077 1982
1078 1982
1079 1982
1080 1982
1081 1982
1082 1982
1083 1982
1084 1982
1085 1982
1086 1982
1087 1982
1088 1982
1089 1982
1090 1982
1091 1982
1092 1982
1093 1982
1094 1982
1095 1983
1096 1983
1097 1984
1098 1985
1099 1985
1100 1986
1100 1987
1101 1987
1102 1988
1102 1989
1103 1989
1104 1990
1104 1991
1105 1991
1106 1992
1106 1993
1107 1993
1108 1994
1109 1995
1110 1995
1111 1996
1112 1996
1113 1996
1114 1996
1115 1996
1116 1996
1117 1995
1118 1995
1119 1994
1120 1994
1121 1993
1122 1993
1123 1992
1124 1992
1125 1993
1126 1993
1127 1994
1128 1994
1129 1995
1130 1996
1131 1997
1132 1997
1133 1997
1134 1997
1135 1998
1136 1998
1137 1998
1138 1998
1139 1998
1140 1998
1141 1997
1142 1997
1143 1997
1144 1997
1145 1996
1146 1996
1147 1996
1148 1996
1149 1996
1150 1996
1151 1996
1152 1996
1153 1996
1154 1996
1155 1995
1156 1995
1157 1995
1158 1995
1159 1994
1160 1994
1161 1994
1162 1994
1163 1993
1164 1993
1165 1993
1166 1993
1167 1992
1168 1992
1169 1992
1170 1992
1171 1991
1172 1991
1173 1991
1174 1991
1175 1990
1176 1990
1177 1989
1178 1989
1179 1989
1180 1989
1181 1988
1182 1987
1183 1987
1184 1987
1185 1986
1186 1985
1187 1984
1187 1983
1188 1982
1188 1981
1188 1980
1188 1979
1188 1978
1188 1977
1188 1976
1188 1975
1188 1974
1188 1973
1188 1972
1188 1971
1188 1970
1188 1969
1188 1968
1188 1967
1188 1966
1188 1965
1187 1964
1187 1963
1186 1962
1186 1961
1185 1960
1185 1959
1184 1958
1184 1957
1184 1956
1184 1955
1183 1954
1183 1953
1183 1952
1183 1951
1182 1950
1182 1949
1182 1948
1182 1947
1183 1946
1183 1945
1183 1944
1184 1943
1185 1942
1185 1941
1185 1940
1185 1939
1186 1938
1186 1937
1187 1936
1187 1935
1188 1934
1189 1933
1189 1932
1190 1931
1191 1930
1192 1929
1193 1928
1193 1927
1194 1926
1195 1925
1195 1924
1196 1923
1197 1922
1197 1921
1198 1920
1198 1919
1198 1918
1198 1917
1198 1916
1198 1915
1198 1914
1198 1913
1199 1912
1199 1911
1199 1910
1199 1909
1200 1908
1200 1907
1200 1906
1200 1905
1199 1904
1199 1903
1198 1902
1197 1901
1197 1900
1196 1900
1195 1899
1195 1898
1194 1898
1193 1897
1193 1896
1192 1896
1191 1895
1191 1894
1190 1894
1189 1893
1189 1892
1188 1892
1187 1891
1186 1890
1185 1890
1184 1889
1183 1889
1182 1888
1181 1888
1180 1888
1179 1887
1178 1886
1177 1886
1176 1886
1175 1886
1174 1885
1173 1885
1172 1884
1171 1884
1170 1884
1169 1883
1168 1882
1167 1882
1166 1882
1165 1882
1164 1881
1163 1881
1162 1881
1161 1881
1160 1880
1159 1880
1158 1880
1157 1880
1156 1879
1155 1879
1154 1879
1153 1879
1152 1879
1151 1879
1150 1879
1149 1879
1148 1879
1147 1879
1146 1879
1145 1879
1144 1879
1143 1879
1142 1879
1141 1879
1140 1879
1139 1879
1138 1879
1137 1879
1136 1879
1135 1879
1134 1879
1133 1879
1132 1879
1131 1879
1130 1879
1129 1879
1128 1879
1127 1879
1126 1879
1125 1879
1124 1879
1123 1879
