2705 3745
2704 3746
2703 3746
2702 3746
2701 3746
2700 3747
2699 3747
2698 3747
2697 3747
2696 3747
2695 3747
2694 3747
2693 3747
2692 3747
2691 3747
2690 3748
2689 3748
2688 3748
2687 3748
2686 3749
2685 3749
2684 3750
2683 3750
2682 3750
2681 3750
2680 3751
2679 3751
2678 3752
2677 3752
2676 3753
2675 3753
2674 3754
2673 3754
2672 3755
2671 3756
2670 3756
2669 3756
2668 3757
2667 3757
2666 3758
2665 3758
2664 3758
2663 3758
2662 3759
2661 3760
2660 3760
2659 3760
2658 3761
2657 3761
2656 3762
2655 3762
2654 3762
2653 3762
2652 3763
2651 3764
2650 3765
2649 3766
2648 3767
2648 3768
2647 3769
2646 3770
2645 3770
2644 3771
2643 3771
2642 3771
2641 3771
2640 3772
2639 3772
2638 3773
2637 3774
2636 3775
2635 3776
2634 3777
2634 3778
2634 3779
2633 3780
2632 3781
2632 3782
2631 3783
2630 3784
2629 3784
2628 3785
2627 3786
2626 3786
2625 3786
2624 3787
2623 3787
2622 3787
2621 3787
2620 3787
2619 3787
2618 3788
2617 3788
2616 3788
2615 3788
2614 3789
2613 3790
2612 3790
2611 3790
2610 3791
2609 3791
2608 3791
2607 3791
2606 3790
2605 3790
2604 3790
2603 3789
2602 3788
2601 3788
2600 3788
2599 3788
2598 3787
2597 3787
2596 3788
2595 3788
2594 3789
2593 3790
2592 3790
2592 3791
2591 3792
2590 3792
2590 3793
2589 3794
2588 3794
2588 3795
2587 3796
2586 3796
2586 3797
2585 3798
2584 3798
2584 3799
2583 3800
2582 3801
2582 3802
2582 3803
2582 3804
2583 3805
2584 3806
2584 3807
2585 3808
2586 3809
2586 3810
2587 3811
2588 3812
2588 3813
2588 3814
2589 3815
2590 3816
2591 3817
2592 3818
2592 3819
2593 3819
2594 3820
2595 3821
2596 3822
2597 3823
2598 3823
2599 3823
2600 3824
2601 3825
2602 3825
2603 3826
2604 3827
2605 3827
2606 3828
2606 3829
2607 3829
2608 3830
2609 3831
2610 3832
2611 3833
2612 3833
2613 3833
2614 3833
2615 3834
2616 3834
2617 3834
2618 3834
2619 3834
2620 3834
2621 3834
2622 3834
2623 3834
2624 3834
2625 3834
2626 3834
2627 3835
2628 3835
2629 3836
2630 3836
2631 3837
2632 3838
2633 3839
2634 3839
2635 3839
2636 3839
2637 3840
2638 3840
2639 3841
2640 3841
2641 3841
2642 3841
2643 3842
2644 3842
2645 3842
2646 3842
2647 3843
2648 3843
2649 3843
2650 3843
2651 3844
2652 3844
2653 3844
2654 3844
2655 3844
2656 3844
2657 3844
2658 3844
2659 3844
2660 3844
2661 3845
2662 3845
2663 3846
2664 3846
2665 3847
2666 3848
2667 3849
2668 3849
2669 3849
2670 3849
2671 3850
2672 3850
2673 3850
2674 3850
2675 3850
2676 3850
2677 3850
2678 3850
2679 3850
2680 3850
2681 3850
2682 3850
2683 3850
2684 3850
2685 3851
2686 3851
2687 3852
2688 3852
2689 3853
2690 3853
2691 3854
2692 3854
2693 3854
2694 3854
2695 3854
2696 3854
2697 3855
2698 3855
2699 3855
2700 3855
2701 3856
2702 3856
2703 3857
2704 3857
2705 3857
2706 3858
2707 3859
2708 3859
2709 3859
2710 3860
2711 3861
2712 3861
2713 3862
2714 3862
2715 3863
2716 3863
2717 3864
2718 3864
2719 3864
2720 3864
2721 3864
2722 3864
2723 3864
2724 3864
2725 3864
2726 3864
2727 3864
2728 3864
2729 3864
2730 3864
2731 3864
2732 3864
2733 3864
2734 3864
2735 3865
2736 3865
2737 3865
2738 3865
2739 3866
2740 3866
2741 3866
2742 3866
2743 3866
2744 3866
2745 3866
2746 3866
2747 3865
2748 3865
2749 3865
2750 3865
2751 3864
2752 3863
2753 3862
2754 3862
2755 3861
2756 3861
2757 3860
2758 3860
2759 3859
2760 3859
2761 3859
2762 3859
2763 3858
2764 3857
2765 3857
2766 3857
2767 3856
2768 3855
2769 3854
2770 3853
2771 3853
2771 3852
2772 3851
2773 3851
2773 3850
2774 3849
2775 3849
2776 3848
2777 3847
2778 3847
2779 3846
2780 3845
2781 3844
2782 3844
2783 3843
2784 3843
2785 3842
2786 3841
2787 3840
2788 3839
2789 3839
2789 3838
2790 3837
2791 3837
2791 3836
2792 3835
2793 3835
2793 3834
2794 3833
2795 3833
2795 3832
2796 3831
2797 3831
2797 3830
2798 3829
2799 3829
2799 3828
2800 3827
2801 3826
2802 3825
2803 3824
2803 3823
2804 3822
2805 3821
2805 3820
2806 3819
2807 3818
2808 3817
2809 3816
2809 3815
2809 3814
2809 3813
2810 3812
2810 3811
2810 3810
2810 3809
2810 3808
2810 3807
2810 3806
2810 3805
2810 3804
2810 3803
2810 3802
2810 3801
2810 3800
2810 3799
2810 3798
2810 3797
2810 3796
2810 3795
2810 3794
2810 3793
2810 3792
2810 3791
2810 3790
2810 3789
2810 3788
2810 3787
2810 3786
2810 3785
2810 3784
2810 3783
2810 3782
2810 3781
2810 3780
2810 3779
2809 3778
2809 3777
2809 3776
2809 3775
2808 3774
2807 3773
2806 3772
2806 3771
2805 3770
2805 3769
2804 3768
2803 3767
2802 3766
2801 3765
2801 3764
2800 3764
2799 3763
2799 3762
2798 3762
2797 3761
2796 3760
2795 3760
2794 3759
2793 3759
2792 3759
2791 3759
2790 3759
2789 3759
2788 3758
2787 3758
2786 3758
2785 3757
2784 3756
2783 3756
2782 3756
2781 3756
2780 3755
2779 3755
2778 3754
2777 3754
2776 3754
2775 3754
2774 3753
2773 3753
2772 3753
2771 3753
2770 3753
2769 3753
2768 3752
2767 3752
2766 3751
2765 3750
2764 3750
2763 3749
2762 3748
2761 3748
2760 3747
2759 3747
2758 3747
2757 3747
2756 3747
2755 3747
2754 3747
2753 3747
2752 3747
2751 3747
2750 3747
2749 3747
2748 3747
2747 3747
2746 3747
2745 3747
2744 3747
2743 3747
2742 3747
2741 3747
2740 3747
2739 3747
2738 3747
2737 3747
2736 3747
2735 3747
2734 3747
2733 3747
2732 3747
2731 3747
2730 3747
2729 3747
2728 3747
2727 3747
2726 3747
2725 3747
2724 3747
2723 3747
2722 3746
2721 3746
2720 3746
2719 3746
2718 3745
2717 3745
2716 3745
2715 3745
2714 3745
2713 3745
2712 3745
2711 3745
2710 3745
2709 3745
2708 3745
2707 3745
2706 3745
2705 3745
