2899 1299
2898 1300
2897 1300
2896 1300
2895 1300
2894 1301
2893 1301
2892 1301
2891 1301
2890 1301
2889 1301
2888 1301
2887 1301
2886 1301
2885 1301
2884 1301
2883 1301
2882 1301
2881 1301
2880 1301
2879 1301
2878 1301
2877 1301
2876 1301
2875 1301
2874 1301
2873 1301
2872 1302
2871 1302
2870 1302
2869 1302
2868 1303
2867 1303
2866 1303
2865 1303
2864 1303
2863 1303
2862 1303
2861 1303
2860 1303
2859 1303
2858 1303
2857 1303
2856 1303
2855 1303
2854 1303
2853 1303
2852 1303
2851 1303
2850 1303
2849 1303
2848 1303
2847 1303
2846 1303
2845 1303
2844 1303
2843 1303
2842 1303
2841 1303
2840 1303
2839 1303
2838 1304
2837 1304
2836 1304
2835 1304
2834 1305
2833 1305
2832 1305
2831 1305
2830 1305
2829 1305
2828 1305
2827 1305
2826 1305
2825 1305
2824 1305
2823 1305
2822 1305
2821 1305
2820 1306
2819 1306
2818 1306
2817 1306
2816 1307
2815 1307
2814 1307
2813 1307
2812 1307
2811 1307
2810 1307
2809 1307
2808 1307
2807 1307
2806 1307
2805 1307
2804 1307
2803 1307
2802 1307
2801 1307
2800 1307
2799 1307
2798 1308
2797 1308
2796 1308
2795 1308
2794 1309
2793 1309
2792 1308
2791 1308
2790 1308
2789 1308
2788 1307
2787 1307
2786 1307
2785 1307
2784 1307
2783 1307
2782 1307
2781 1307
2780 1307
2779 1307
2778 1307
2777 1307
2776 1307
2775 1307
2774 1307
2773 1307
2772 1307
2771 1307
2770 1307
2769 1307
2768 1307
2767 1307
2766 1307
2765 1307
2764 1307
2763 1307
2762 1308
2761 1308
2760 1308
2759 1308
2758 1309
2757 1309
2756 1309
2755 1309
2754 1309
2753 1309
2752 1309
2751 1309
2750 1309
2749 1309
2748 1309
2747 1309
2746 1309
2745 1309
2744 1309
2743 1309
2742 1309
2741 1309
2740 1309
2739 1309
2738 1309
2737 1309
2736 1309
2735 1309
2734 1309
2733 1309
2732 1309
2731 1309
2730 1309
2729 1309
2728 1309
2727 1309
2726 1309
2725 1309
2724 1309
2723 1309
2722 1309
2721 1309
2720 1309
2719 1309
2718 1309
2717 1309
2716 1309
2715 1309
2714 1309
2713 1309
2712 1309
2711 1309
2710 1309
2709 1309
2708 1309
2707 1309
2706 1310
2705 1310
2704 1310
2703 1310
2702 1311
2701 1311
2700 1311
2699 1311
2698 1311
2697 1311
2696 1311
2695 1311
2694 1312
2693 1312
2692 1312
2691 1312
2690 1313
2689 1313
2688 1313
2687 1313
2686 1313
2685 1313
2684 1313
2683 1313
2682 1313
2681 1313
2680 1313
2679 1313
2678 1313
2677 1313
2676 1313
2675 1313
2674 1314
2673 1314
2672 1315
2671 1316
2670 1316
2670 1317
2669 1318
2668 1318
2667 1319
2666 1320
2665 1320
2664 1321
2663 1322
2662 1322
2661 1322
2660 1323
2659 1324
2658 1324
2657 1324
2656 1325
2655 1325
2654 1326
2653 1326
2652 1326
2651 1326
2650 1327
2649 1327
2648 1328
2647 1328
2646 1329
2645 1329
2644 1330
2643 1330
2642 1331
2641 1332
2640 1333
2639 1334
2638 1334
2637 1335
2636 1336
2635 1336
2634 1337
2633 1338
2632 1338
2631 1338
2630 1339
2629 1340
2628 1340
2627 1340
2626 1341
2625 1342
2624 1342
2623 1342
2622 1343
2621 1344
2620 1344
2619 1344
2618 1345
2617 1346
2616 1346
2615 1346
2614 1347
2613 1348
2612 1349
2611 1350
2610 1350
2610 1351
2609 1352
2608 1353
2607 1354
2606 1355
2606 1356
2605 1357
2605 1358
2604 1359
2603 1360
2602 1361
2602 1362
2602 1363
2601 1364
2600 1365
2600 1366
2600 1367
2600 1368
2599 1369
2599 1370
2598 1371
2598 1372
2598 1373
2598 1374
2597 1375
2597 1376
2597 1377
2597 1378
2597 1379
2597 1380
2596 1381
2596 1382
2596 1383
2595 1384
2594 1385
2594 1386
2594 1387
2593 1388
2592 1389
2592 1390
2592 1391
2592 1392
2591 1393
2591 1394
2590 1395
2590 1396
2590 1397
2590 1398
2589 1399
2589 1400
2590 1401
2590 1402
2591 1403
2592 1404
2592 1405
2593 1405
2594 1406
2594 1407
2595 1407
2596 1408
2597 1409
2598 1410
2599 1411
2600 1411
2601 1412
2602 1412
2603 1413
2604 1414
2605 1415
2606 1415
2607 1416
2608 1416
2609 1417
2610 1418
2611 1419
2612 1419
2613 1420
2614 1420
2615 1421
2616 1422
2617 1423
2618 1423
2619 1423
2620 1424
2621 1425
2622 1425
2623 1426
2624 1426
2625 1427
2626 1428
2627 1429
2628 1429
2629 1429
2630 1429
2631 1430
2632 1430
2633 1431
2634 1431
2635 1431
2636 1432
2637 1433
2638 1433
2639 1433
2640 1433
2641 1434
2642 1434
2643 1434
2644 1434
2645 1434
2646 1434
2647 1434
2648 1434
2649 1434
2650 1434
2651 1434
2652 1434
2653 1434
2654 1434
2655 1434
2656 1434
2657 1435
2658 1435
2659 1435
2660 1435
2661 1436
2662 1436
2663 1436
2664 1436
2665 1436
2666 1436
2667 1437
2668 1437
2669 1437
2670 1437
2671 1438
2672 1438
2673 1438
2674 1438
2675 1439
2676 1439
2677 1440
2678 1440
2679 1441
2680 1442
2681 1443
2682 1443
2683 1443
2684 1443
2685 1444
2686 1444
2687 1444
2688 1444
2689 1445
2690 1445
2691 1445
2692 1445
2693 1446
2694 1446
2695 1446
2696 1446
2697 1447
2698 1447
2699 1447
2700 1447
2701 1448
2702 1448
2703 1448
2704 1448
2705 1449
2706 1449
2707 1450
2708 1450
2709 1451
2710 1452
2711 1453
2712 1453
2713 1454
2714 1454
2715 1455
2716 1456
2717 1457
2718 1457
2719 1458
2720 1459
2721 1459
2722 1460
2723 1461
2724 1461
2725 1462
2726 1462
2727 1463
2728 1463
2729 1463
2730 1464
2731 1465
2732 1465
2733 1465
2734 1466
2735 1467
2736 1467
2737 1467
2738 1467
2739 1468
2740 1468
2741 1469
2742 1469
2743 1470
2744 1470
2745 1471
2746 1471
2747 1472
2748 1472
2749 1472
2750 1472
2751 1472
2752 1472
2753 1472
2754 1472
2755 1472
2756 1472
2757 1472
2758 1472
2759 1472
2760 1472
2761 1472
2762 1472
2763 1472
2764 1472
2765 1472
2766 1472
2767 1472
2768 1472
2769 1472
2770 1472
2771 1472
2772 1472
2773 1472
2774 1472
2775 1472
2776 1472
2777 1472
2778 1472
2779 1472
2780 1472
2781 1472
2782 1472
2783 1472
2784 1472
2785 1472
2786 1472
2787 1472
2788 1472
2789 1472
2790 1472
2791 1472
2792 1472
2793 1472
2794 1472
2795 1472
2796 1472
2797 1472
2798 1472
2799 1472
2800 1472
2801 1472
2802 1472
2803 1472
2804 1472
2805 1472
2806 1472
2807 1472
2808 1472
2809 1472
2810 1472
2811 1472
2812 1472
2813 1472
2814 1472
2815 1472
2816 1472
2817 1472
2818 1472
2819 1472
2820 1472
2821 1473
2822 1473
2823 1473
2824 1473
2825 1474
2826 1474
2827 1474
2828 1474
2829 1474
2830 1474
2831 1474
2832 1474
2833 1474
2834 1474
2835 1474
2836 1474
2837 1474
2838 1474
2839 1474
2840 1474
2841 1474
2842 1474
2843 1474
2844 1474
2845 1475
2846 1475
2847 1475
2848 1475
2849 1476
2850 1476
2851 1476
2852 1476
2853 1476
2854 1476
2855 1476
2856 1476
2857 1477
2858 1477
2859 1478
2860 1478
2861 1479
2862 1479
2863 1480
2864 1480
2865 1480
2866 1480
2867 1480
2868 1480
2869 1480
2870 1480
2871 1479
2872 1479
2873 1478
2874 1477
2875 1476
2875 1475
2876 1474
2877 1473
2878 1473
2879 1472
2880 1472
2881 1472
2882 1472
2883 1472
2884 1472
2885 1471
2886 1471
2887 1471
2888 1471
2889 1470
2890 1470
2891 1469
2892 1469
2893 1468
2894 1468
2895 1467
2896 1467
2897 1466
2898 1466
2899 1466
2900 1466
2901 1466
2902 1466
2903 1467
2904 1467
2905 1468
2906 1468
2907 1469
2908 1469
2909 1470
2910 1470
2911 1470
2912 1470
2913 1471
2914 1471
2915 1471
2916 1472
2917 1473
2918 1473
2919 1473
2920 1473
2921 1474
2922 1474
2923 1474
2924 1474
2925 1474
2926 1474
2927 1475
2928 1475
2929 1475
2930 1475
2931 1476
2932 1476
2933 1476
2934 1476
2935 1476
2936 1476
2937 1476
2938 1476
2939 1476
2940 1476
2941 1476
2942 1476
2943 1476
2944 1476
2945 1476
2946 1476
2947 1476
2948 1476
2949 1476
2950 1476
2951 1476
2952 1476
2953 1475
2954 1475
2955 1475
2956 1475
2957 1474
2958 1474
2959 1474
2960 1474
2961 1473
2962 1473
2963 1473
2964 1473
2965 1472
2966 1472
2967 1471
2968 1471
2969 1471
2970 1471
2971 1470
2972 1470
2973 1470
2974 1470
2975 1470
2976 1470
2977 1470
2978 1470
2979 1469
2980 1469
2981 1469
2982 1469
2983 1468
2984 1467
2985 1467
2986 1467
2987 1466
2988 1465
2989 1464
2990 1464
2991 1463
2992 1463
2993 1462
2994 1462
2995 1463
2996 1463
2997 1464
2998 1464
2999 1465
3000 1465
3001 1466
3002 1466
3003 1466
3004 1466
3005 1466
3006 1466
3007 1466
3008 1466
3009 1465
3010 1465
3011 1465
3012 1465
3013 1464
3014 1463
3015 1463
3016 1463
3017 1462
3018 1462
3019 1461
3020 1461
3021 1461
3022 1461
3023 1460
3024 1460
3025 1459
3026 1459
3027 1458
3028 1457
3029 1457
3029 1456
3030 1455
3031 1454
3031 1453
3032 1452
3032 1451
3032 1450
3032 1449
3032 1448
3032 1447
3032 1446
3032 1445
3032 1444
3032 1443
3033 1442
3033 1441
3034 1440
3034 1439
3035 1438
3035 1437
3036 1436
3036 1435
3037 1434
3037 1433
3037 1432
3037 1431
3038 1430
3038 1429
3039 1428
3039 1427
3039 1426
3039 1425
3040 1424
3040 1423
3040 1422
3040 1421
3040 1420
3040 1419
3040 1418
3040 1417
3040 1416
3040 1415
3040 1414
3040 1413
3040 1412
3040 1411
3040 1410
3040 1409
3040 1408
3040 1407
3039 1406
3039 1405
3038 1404
3037 1403
3037 1402
3036 1401
3035 1400
3035 1399
3034 1398
3034 1397
3034 1396
3034 1395
3033 1394
3033 1393
3033 1392
3033 1391
3032 1390
3032 1389
3032 1388
3032 1387
3032 1386
3032 1385
3032 1384
3032 1383
3032 1382
3032 1381
3032 1380
3032 1379
3031 1378
3031 1377
3031 1376
3031 1375
3030 1374
3030 1373
3029 1372
3029 1371
3028 1370
3027 1369
3027 1368
3026 1367
3025 1366
3025 1365
3024 1364
3024 1363
3024 1362
3024 1361
3023 1360
3023 1359
3022 1358
3021 1357
3021 1356
3020 1356
3019 1355
3019 1354
3018 1354
3017 1353
3017 1352
3016 1352
3015 1351
3015 1350
3014 1350
3013 1349
3013 1348
3012 1348
3011 1347
3011 1346
3010 1346
3009 1345
3009 1344
3008 1344
3007 1343
3007 1342
3006 1342
3005 1341
3005 1340
3004 1340
3003 1339
3003 1338
3002 1338
3001 1337
3001 1336
3000 1336
2999 1335
2998 1334
2997 1333
2996 1332
2995 1332
2994 1331
2993 1330
2992 1330
2991 1329
2991 1328
2990 1328
2989 1327
2989 1326
2988 1326
2987 1325
2986 1324
2985 1323
2984 1322
2983 1322
2982 1322
2981 1321
2980 1320
2979 1320
2978 1320
2977 1319
2976 1318
2975 1318
2974 1318
2973 1317
2972 1316
2971 1316
2970 1315
2969 1314
2968 1314
2967 1313
2967 1312
2966 1312
2965 1311
2964 1310
2963 1309
2962 1308
2961 1308
2960 1308
2959 1308
2958 1307
2957 1307
2956 1307
2955 1307
2954 1307
2953 1307
2952 1307
2951 1307
2950 1306
2949 1306
2948 1306
2947 1306
2946 1305
2945 1305
2944 1305
2943 1305
2942 1305
2941 1305
2940 1304
2939 1304
2938 1304
2937 1303
2936 1302
2935 1302
2934 1302
2933 1302
2932 1301
2931 1301
2930 1300
2929 1300
2928 1300
2927 1300
2926 1299
2925 1299
2924 1299
2923 1299
2922 1299
2921 1299
2920 1299
2919 1299
2918 1299
2917 1299
2916 1299
2915 1299
2914 1299
2913 1299
2912 1299
2911 1299
2910 1299
2909 1299
2908 1299
2907 1299
2906 1299
2905 1299
2904 1299
2903 1299
2902 1299
2901 1299
2900 1299
2899 1299
