2671 4715
2670 4716
2669 4716
2668 4716
2667 4716
2666 4717
2665 4717
2664 4718
2663 4718
2662 4718
2661 4718
2660 4719
2659 4719
2658 4719
2657 4719
2656 4719
2655 4719
2654 4719
2653 4719
2652 4719
2651 4719
2650 4719
2649 4719
2648 4719
2647 4719
2646 4719
2645 4719
2644 4720
2643 4720
2642 4720
2641 4720
2640 4721
2639 4721
2638 4721
2637 4721
2636 4721
2635 4721
2634 4721
2633 4721
2632 4721
2631 4721
2630 4721
2629 4721
2628 4721
2627 4721
2626 4721
2625 4721
2624 4721
2623 4721
2622 4721
2621 4721
2620 4721
2619 4721
2618 4721
2617 4721
2616 4721
2615 4721
2614 4721
2613 4721
2612 4721
2611 4721
2610 4721
2609 4721
2608 4721
2607 4721
2606 4722
2605 4723
2604 4723
2603 4724
2602 4725
2601 4725
2600 4726
2599 4726
2598 4726
2597 4726
2596 4727
2595 4727
2594 4727
2593 4727
2592 4726
2591 4726
2590 4725
2589 4725
2588 4724
2587 4724
2586 4723
2585 4723
2584 4722
2583 4722
2582 4722
2581 4722
2580 4721
2579 4721
2578 4721
2577 4721
2576 4720
2575 4720
2574 4720
2573 4720
2572 4719
2571 4719
2570 4719
2569 4719
2568 4719
2567 4719
2566 4718
2565 4718
2564 4718
2563 4718
2562 4717
2561 4717
2560 4717
2559 4717
2558 4717
2557 4717
2556 4717
2555 4717
2554 4717
2553 4717
2552 4717
2551 4717
2550 4717
2549 4717
2548 4718
2547 4718
2546 4719
2545 4720
2544 4721
2544 4722
2543 4723
2543 4724
2543 4725
2543 4726
2542 4727
2542 4728
2541 4729
2540 4730
2539 4730
2538 4731
2537 4731
2536 4731
2535 4731
2534 4731
2533 4731
2532 4731
2531 4731
2530 4732
2529 4732
2528 4732
2527 4732
2526 4733
2525 4734
2524 4734
2523 4734
2522 4735
2521 4736
2520 4736
2519 4736
2518 4737
2517 4738
2516 4739
2515 4739
2514 4740
2513 4740
2512 4741
2511 4742
2510 4742
2509 4742
2508 4743
2507 4743
2506 4743
2505 4743
2504 4744
2503 4744
2502 4745
2501 4746
2500 4746
2500 4747
2499 4748
2498 4748
2498 4749
2497 4750
2496 4750
2496 4751
2495 4752
2494 4752
2493 4753
2492 4754
2491 4754
2490 4755
2489 4756
2488 4757
2487 4757
2486 4758
2485 4758
2484 4759
2483 4759
2482 4759
2481 4759
2480 4759
2479 4759
2478 4760
2477 4760
2476 4761
2475 4762
2474 4762
2474 4763
2473 4764
2472 4764
2472 4765
2471 4766
2470 4766
2470 4767
2469 4768
2468 4769
2468 4770
2467 4771
2467 4772
2466 4773
2466 4774
2465 4775
2464 4776
2464 4777
2463 4778
2462 4778
2462 4779
2461 4780
2460 4780
2460 4781
2459 4782
2458 4782
2458 4783
2457 4784
2456 4784
2456 4785
2455 4786
2454 4786
2454 4787
2453 4788
2452 4788
2452 4789
2451 4790
2450 4790
2450 4791
2449 4792
2448 4792
2448 4793
2447 4794
2446 4794
2446 4795
2445 4796
2444 4797
2444 4798
2443 4799
2443 4800
2442 4801
2442 4802
2441 4803
2440 4804
2440 4805
2439 4806
2438 4807
2438 4808
2437 4809
2437 4810
2437 4811
2437 4812
2436 4813
2436 4814
2435 4815
2434 4816
2434 4817
2433 4818
2432 4818
2431 4819
2430 4820
2429 4820
2428 4821
2427 4821
2426 4821
2425 4821
2424 4822
2423 4822
2422 4823
2421 4824
2420 4824
2420 4825
2419 4826
2418 4826
2418 4827
2417 4828
2416 4828
2416 4829
2415 4830
2414 4830
2414 4831
2413 4832
2412 4833
2411 4834
2410 4835
2410 4836
2410 4837
2410 4838
2409 4839
2409 4840
2408 4841
2408 4842
2408 4843
2408 4844
2407 4845
2407 4846
2407 4847
2407 4848
2406 4849
2406 4850
2406 4851
2406 4852
2405 4853
2405 4854
2405 4855
2405 4856
2404 4857
2404 4858
2403 4859
2403 4860
2402 4861
2402 4862
2401 4863
2401 4864
2401 4865
2401 4866
2402 4867
2402 4868
2403 4869
2404 4870
2404 4871
2405 4871
2406 4872
2406 4873
2407 4873
2408 4874
2409 4875
2410 4875
2411 4876
2412 4876
2413 4877
2414 4877
2415 4877
2416 4877
2417 4878
2418 4878
2419 4878
2420 4878
2421 4879
2422 4879
2423 4879
2424 4880
2425 4881
2426 4881
2427 4882
2428 4882
2429 4883
2430 4883
2431 4884
2432 4884
2433 4884
2434 4884
2435 4884
2436 4884
2437 4884
2438 4884
2439 4884
2440 4884
2441 4884
2442 4884
2443 4884
2444 4884
2445 4884
2446 4884
2447 4884
2448 4884
2449 4884
2450 4884
2451 4883
2452 4883
2453 4883
2454 4883
2455 4882
2456 4882
2457 4882
2458 4882
2459 4882
2460 4882
2461 4882
2462 4882
2463 4882
2464 4882
2465 4882
2466 4882
2467 4882
2468 4882
2469 4882
2470 4882
2471 4882
2472 4882
2473 4882
2474 4882
2475 4882
2476 4882
2477 4882
2478 4882
2479 4882
2480 4882
2481 4882
2482 4882
2483 4882
2484 4882
2485 4882
2486 4882
2487 4882
2488 4882
2489 4882
2490 4882
2491 4882
2492 4882
2493 4882
2494 4882
2495 4882
2496 4882
2497 4882
2498 4882
2499 4882
2500 4882
2501 4881
2502 4881
2503 4881
2504 4881
2505 4880
2506 4880
2507 4880
2508 4880
2509 4880
2510 4880
2511 4880
2512 4880
2513 4880
2514 4880
2515 4880
2516 4880
2517 4880
2518 4880
2519 4880
2520 4880
2521 4880
2522 4880
2523 4880
2524 4880
2525 4880
2526 4880
2527 4880
2528 4880
2529 4880
2530 4880
2531 4880
2532 4880
2533 4880
2534 4880
2535 4880
2536 4880
2537 4880
2538 4880
2539 4880
2540 4880
2541 4880
2542 4880
2543 4880
2544 4880
2545 4880
2546 4880
2547 4880
2548 4880
2549 4879
2550 4879
2551 4879
2552 4879
2553 4878
2554 4878
2555 4878
2556 4878
2557 4878
2558 4878
2559 4878
2560 4878
2561 4878
2562 4878
2563 4878
2564 4878
2565 4878
2566 4878
2567 4878
2568 4878
2569 4878
2570 4878
2571 4878
2572 4878
2573 4879
2574 4879
2575 4879
2576 4879
2577 4880
2578 4880
2579 4880
2580 4880
2581 4880
2582 4880
2583 4880
2584 4880
2585 4880
2586 4880
2587 4880
2588 4880
2589 4880
2590 4880
2591 4879
2592 4879
2593 4879
2594 4879
2595 4878
2596 4878
2597 4878
2598 4878
2599 4878
2600 4878
2601 4878
2602 4878
2603 4878
2604 4878
2605 4878
2606 4878
2607 4878
2608 4878
2609 4878
2610 4878
2611 4878
2612 4878
2613 4878
2614 4878
2615 4878
2616 4878
2617 4878
2618 4878
2619 4878
2620 4878
2621 4877
2622 4877
2623 4877
2624 4877
2625 4876
2626 4876
2627 4876
2628 4876
2629 4876
2630 4876
2631 4876
2632 4876
2633 4876
2634 4876
2635 4876
2636 4876
2637 4876
2638 4876
2639 4876
2640 4876
2641 4876
2642 4876
2643 4876
2644 4876
2645 4876
2646 4876
2647 4876
2648 4876
2649 4876
2650 4876
2651 4876
2652 4876
2653 4876
2654 4876
2655 4876
2656 4876
2657 4876
2658 4876
2659 4876
2660 4876
2661 4876
2662 4876
2663 4876
2664 4876
2665 4875
2666 4875
2667 4875
2668 4875
2669 4874
2670 4874
2671 4874
2672 4874
2673 4874
2674 4874
2675 4874
2676 4874
2677 4873
2678 4873
2679 4873
2680 4873
2681 4872
2682 4872
2683 4872
2684 4872
2685 4872
2686 4872
2687 4872
2688 4872
2689 4872
2690 4872
2691 4872
2692 4872
2693 4872
2694 4872
2695 4872
2696 4872
2697 4872
2698 4872
2699 4872
2700 4872
2701 4872
2702 4872
2703 4872
2704 4872
2705 4872
2706 4872
2707 4872
2708 4872
2709 4871
2710 4871
2711 4871
2712 4871
2713 4870
2714 4870
2715 4870
2716 4870
2717 4870
2718 4870
2719 4870
2720 4870
2721 4870
2722 4870
2723 4870
2724 4870
2725 4870
2726 4870
2727 4870
2728 4870
2729 4870
2730 4870
2731 4870
2732 4870
2733 4870
2734 4870
2735 4870
2736 4870
2737 4870
2738 4870
2739 4869
2740 4869
2741 4869
2742 4869
2743 4868
2744 4868
2745 4868
2746 4868
2747 4868
2748 4868
2749 4868
2750 4868
2751 4868
2752 4868
2753 4868
2754 4868
2755 4868
2756 4868
2757 4868
2758 4868
2759 4868
2760 4868
2761 4868
2762 4868
2763 4868
2764 4868
2765 4868
2766 4868
2767 4868
2768 4868
2769 4868
2770 4868
2771 4868
2772 4868
2773 4868
2774 4868
2775 4868
2776 4868
2777 4868
2778 4868
2779 4868
2780 4868
2781 4868
2782 4868
2783 4868
2784 4868
2785 4868
2786 4868
2787 4868
2788 4868
2789 4868
2790 4868
2791 4868
2792 4868
2793 4868
2794 4868
2795 4868
2796 4868
2797 4868
2798 4868
2799 4868
2800 4868
2801 4867
2802 4867
2803 4867
2804 4867
2805 4866
2806 4865
2807 4865
2808 4865
2809 4864
2810 4864
2811 4864
2812 4864
2813 4864
2814 4864
2815 4864
2816 4864
2817 4864
2818 4864
2819 4864
2820 4864
2821 4864
2822 4864
2823 4863
2824 4863
2825 4863
2826 4863
2827 4862
2828 4862
2829 4862
2830 4862
2831 4862
2832 4862
2833 4861
2834 4861
2835 4861
2836 4861
2837 4860
2838 4859
2839 4859
2840 4859
2841 4858
2842 4858
2843 4858
2844 4858
2845 4858
2846 4858
2847 4858
2848 4858
2849 4858
2850 4858
2851 4858
2852 4858
2853 4858
2854 4858
2855 4858
2856 4858
2857 4858
2858 4858
2859 4858
2860 4858
2861 4858
2862 4858
2863 4857
2864 4857
2865 4857
2866 4857
2867 4856
2868 4856
2869 4856
2870 4856
2871 4855
2872 4855
2873 4855
2874 4855
2875 4854
2876 4854
2877 4853
2878 4853
2879 4853
2880 4853
2881 4852
2882 4852
2883 4852
2884 4852
2885 4852
2886 4852
2887 4852
2888 4852
2889 4851
2890 4851
2891 4851
2892 4851
2893 4850
2894 4849
2895 4849
2896 4849
2897 4848
2898 4848
2899 4848
2900 4848
2901 4848
2902 4848
2903 4848
2904 4848
2905 4847
2906 4847
2907 4846
2908 4845
2909 4845
2909 4844
2910 4843
2911 4843
2911 4842
2912 4841
2913 4840
2913 4839
2914 4838
2914 4837
2913 4836
2913 4835
2913 4834
2913 4833
2912 4832
2912 4831
2912 4830
2912 4829
2912 4828
2912 4827
2912 4826
2912 4825
2912 4824
2912 4823
2912 4822
2912 4821
2912 4820
2912 4819
2912 4818
2912 4817
2912 4816
2912 4815
2912 4814
2912 4813
2912 4812
2912 4811
2912 4810
2912 4809
2912 4808
2912 4807
2912 4806
2912 4805
2911 4804
2911 4803
2911 4802
2911 4801
2910 4800
2909 4799
2909 4798
2909 4797
2908 4796
2907 4795
2907 4794
2907 4793
2906 4792
2906 4791
2905 4790
2905 4789
2905 4788
2905 4787
2904 4786
2904 4785
2903 4784
2903 4783
2903 4782
2903 4781
2902 4780
2902 4779
2901 4778
2901 4777
2901 4776
2901 4775
2900 4774
2900 4773
2900 4772
2900 4771
2899 4770
2899 4769
2898 4768
2897 4767
2897 4766
2896 4766
2895 4765
2895 4764
2894 4764
2893 4763
2893 4762
2892 4762
2891 4761
2890 4760
2889 4759
2888 4758
2887 4758
2886 4757
2885 4756
2884 4756
2883 4755
2883 4754
2882 4754
2881 4753
2881 4752
2880 4751
2879 4750
2879 4749
2878 4748
2877 4747
2876 4746
2875 4745
2875 4744
2874 4744
2873 4743
2873 4742
2872 4742
2871 4741
2871 4740
2870 4740
2869 4739
2868 4738
2867 4738
2866 4737
2865 4737
2864 4737
2863 4737
2862 4736
2861 4736
2860 4735
2859 4734
2858 4734
2857 4733
2856 4732
2855 4731
2854 4730
2853 4730
2852 4730
2851 4730
2850 4729
2849 4729
2848 4729
2847 4729
2846 4729
2845 4729
2844 4729
2843 4729
2842 4729
2841 4729
2840 4729
2839 4729
2838 4729
2837 4729
2836 4729
2835 4729
2834 4729
2833 4729
2832 4729
2831 4729
2830 4729
2829 4729
2828 4729
2827 4729
2826 4729
2825 4729
2824 4729
2823 4729
2822 4729
2821 4729
2820 4729
2819 4729
2818 4729
2817 4729
2816 4729
2815 4729
2814 4729
2813 4729
2812 4729
2811 4729
2810 4730
2809 4730
2808 4730
2807 4730
2806 4731
2805 4731
2804 4732
2803 4732
2802 4732
2801 4732
2800 4733
2799 4733
2798 4733
2797 4733
2796 4733
2795 4733
2794 4733
2793 4733
2792 4733
2791 4733
2790 4733
2789 4733
2788 4733
2787 4733
2786 4733
2785 4733
2784 4733
2783 4733
2782 4733
2781 4733
2780 4733
2779 4733
2778 4733
2777 4733
2776 4733
2775 4733
2774 4733
2773 4733
2772 4732
2771 4732
2770 4732
2769 4732
2768 4731
2767 4731
2766 4731
2765 4731
2764 4731
2763 4731
2762 4731
2761 4731
2760 4731
2759 4731
2758 4731
2757 4731
2756 4731
2755 4731
2754 4731
2753 4731
2752 4731
2751 4731
2750 4731
2749 4731
2748 4731
2747 4731
2746 4731
2745 4731
2744 4731
2743 4731
2742 4731
2741 4731
2740 4730
2739 4730
2738 4729
2737 4729
2736 4728
2735 4728
2734 4727
2733 4727
2732 4727
2731 4727
2730 4727
2729 4727
2728 4726
2727 4726
2726 4726
2725 4726
2724 4725
2723 4725
2722 4725
2721 4725
2720 4725
2719 4725
2718 4725
2717 4725
2716 4724
2715 4724
2714 4723
2713 4723
2712 4722
2711 4722
2710 4721
2709 4721
2708 4721
2707 4721
2706 4720
2705 4720
2704 4720
2703 4719
2702 4718
2701 4718
2700 4718
2699 4718
2698 4717
2697 4717
2696 4717
2695 4717
2694 4717
2693 4717
2692 4717
2691 4717
2690 4717
2689 4717
2688 4717
2687 4717
2686 4717
2685 4717
2684 4717
2683 4717
2682 4716
2681 4716
2680 4716
2679 4716
2678 4715
2677 4715
2676 4715
2675 4715
2674 4715
2673 4715
2672 4715
2671 4715
