1065 1737
1064 1738
1063 1738
1062 1738
1061 1738
1060 1739
1059 1739
1058 1739
1057 1739
1056 1739
1055 1739
1054 1740
1053 1740
1052 1740
1051 1740
1050 1741
1049 1741
1048 1741
1047 1741
1046 1741
1045 1741
1044 1742
1043 1742
1042 1742
1041 1742
1040 1743
1039 1743
1038 1744
1037 1744
1036 1744
1035 1744
1034 1745
1033 1746
1032 1746
1031 1746
1030 1747
1029 1747
1028 1748
1027 1748
1026 1748
1025 1748
1024 1749
1023 1749
1022 1750
1021 1750
1020 1750
1019 1750
1018 1751
1017 1751
1016 1752
1015 1752
1014 1752
1013 1752
1012 1753
1011 1753
1010 1753
1009 1753
1008 1753
1007 1753
1006 1753
1005 1753
1004 1754
1003 1754
1002 1754
1001 1754
1000 1755
999 1756
998 1756
997 1756
996 1757
995 1757
994 1757
993 1757
992 1757
991 1757
990 1757
989 1757
988 1757
987 1757
986 1757
985 1757
984 1757
983 1757
982 1757
981 1757
980 1758
979 1758
978 1758
977 1758
976 1759
975 1759
974 1759
973 1759
972 1759
971 1759
970 1759
969 1759
968 1759
967 1759
966 1759
965 1759
964 1759
963 1759
962 1759
961 1759
960 1759
959 1759
958 1759
957 1759
956 1759
955 1759
954 1759
953 1759
952 1759
951 1759
950 1759
949 1759
948 1759
947 1759
946 1759
945 1759
944 1759
943 1759
942 1759
941 1759
940 1759
939 1759
938 1759
937 1759
936 1759
935 1759
934 1759
933 1759
932 1759
931 1759
930 1759
929 1759
928 1759
927 1759
926 1759
925 1759
924 1759
923 1759
922 1759
921 1759
920 1759
919 1759
918 1759
917 1759
916 1759
915 1759
914 1759
913 1759
912 1759
911 1759
910 1759
909 1759
908 1759
907 1759
906 1759
905 1759
904 1759
903 1759
902 1759
901 1759
900 1759
899 1759
898 1759
897 1759
896 1759
895 1759
894 1759
893 1759
892 1759
891 1759
890 1759
889 1759
888 1759
887 1759
886 1760
885 1760
884 1760
883 1760
882 1761
881 1761
880 1761
879 1761
879 1762
879 1763
879 1764
879 1765
879 1766
879 1767
879 1768
879 1769
879 1770
879 1771
879 1772
879 1773
879 1774
880 1775
880 1776
881 1777
882 1777
883 1778
884 1778
885 1779
886 1779
887 1779
888 1779
889 1780
890 1780
891 1780
892 1780
893 1781
894 1781
895 1781
896 1781
897 1782
898 1782
899 1783
900 1783
901 1783
902 1783
903 1784
904 1784
905 1784
906 1784
907 1785
908 1785
909 1785
910 1785
911 1786
912 1786
913 1787
914 1787
915 1787
916 1787
917 1788
918 1788
919 1789
920 1789
921 1789
922 1789
923 1790
924 1790
925 1791
926 1791
927 1791
928 1791
929 1792
930 1792
931 1793
932 1793
933 1793
934 1793
935 1794
936 1794
937 1795
938 1795
939 1795
940 1795
941 1796
942 1796
943 1797
944 1797
945 1797
946 1798
947 1799
948 1799
949 1799
950 1800
951 1801
952 1801
953 1801
954 1802
955 1803
956 1803
957 1803
958 1804
959 1805
960 1805
961 1806
962 1807
963 1807
964 1808
964 1809
965 1809
966 1810
966 1811
967 1811
968 1812
969 1813
970 1813
971 1814
972 1814
973 1814
974 1814
975 1814
976 1814
977 1814
978 1814
979 1814
980 1814
981 1815
982 1815
983 1816
984 1816
985 1817
986 1817
987 1818
988 1818
989 1818
990 1818
991 1818
992 1818
993 1818
994 1818
995 1818
996 1818
997 1818
998 1818
999 1818
1000 1818
1001 1819
1002 1819
1003 1819
1004 1819
1005 1820
1006 1820
1007 1820
1008 1820
1009 1820
1010 1820
1011 1820
1012 1820
1013 1820
1014 1820
1015 1821
1016 1821
1017 1821
1018 1821
1019 1822
1020 1822
1021 1822
1022 1822
1023 1822
1024 1822
1025 1822
1026 1822
1027 1822
1028 1822
1029 1822
1030 1822
1031 1822
1032 1822
1033 1822
1034 1822
1035 1822
1036 1822
1037 1822
1038 1822
1039 1821
1040 1821
1041 1820
1042 1819
1043 1819
1044 1818
1045 1817
1046 1817
1047 1816
1048 1816
1049 1816
1050 1816
1051 1816
1052 1816
1053 1816
1054 1816
1055 1816
1056 1816
1057 1815
1058 1815
1059 1814
1060 1814
1061 1813
1062 1813
1063 1812
1064 1812
1065 1812
1066 1812
1067 1812
1068 1812
1069 1811
1070 1811
1071 1811
1072 1811
1073 1810
1074 1810
1075 1810
1076 1810
1077 1809
1078 1809
1079 1809
1080 1809
1081 1808
1082 1807
1083 1806
1084 1805
1085 1805
1085 1804
1086 1803
1087 1803
1087 1802
1088 1801
1089 1801
1089 1800
1090 1799
1091 1799
1091 1798
1092 1797
1093 1797
1093 1796
1094 1795
1095 1795
1095 1794
1096 1793
1097 1792
1097 1791
1098 1790
1098 1789
1098 1788
1098 1787
1098 1786
1098 1785
1098 1784
1098 1783
1098 1782
1098 1781
1097 1780
1097 1779
1097 1778
1097 1777
1096 1776
1096 1775
1096 1774
1096 1773
1096 1772
1096 1771
1096 1770
1096 1769
1096 1768
1096 1767
1096 1766
1096 1765
1096 1764
1096 1763
1096 1762
1096 1761
1096 1760
1096 1759
1095 1758
1095 1757
1094 1756
1094 1755
1093 1754
1093 1753
1092 1752
1091 1751
1090 1750
1089 1749
1089 1748
1088 1748
1087 1747
1086 1746
1085 1745
1084 1744
1083 1744
1082 1743
1081 1742
1080 1742
1079 1741
1079 1740
1078 1740
1077 1739
1076 1738
1075 1738
1074 1737
1073 1737
1072 1737
1071 1737
1070 1737
1069 1737
1068 1737
1067 1737
1066 1737
1065 1737
