893 1121
892 1122
891 1122
890 1122
889 1122
888 1123
887 1123
886 1123
885 1123
884 1123
883 1123
882 1123
881 1123
880 1123
879 1123
878 1123
877 1123
876 1123
875 1123
874 1123
873 1123
872 1124
871 1124
870 1125
869 1126
868 1127
867 1128
866 1129
866 1130
866 1131
865 1132
864 1133
864 1134
863 1135
863 1136
862 1137
862 1138
861 1139
861 1140
861 1141
861 1142
861 1143
861 1144
861 1145
861 1146
862 1147
862 1148
862 1149
862 1150
863 1151
863 1152
863 1153
863 1154
863 1155
863 1156
863 1157
863 1158
863 1159
863 1160
863 1161
863 1162
863 1163
863 1164
863 1165
863 1166
863 1167
863 1168
863 1169
863 1170
863 1171
863 1172
863 1173
863 1174
863 1175
863 1176
863 1177
863 1178
863 1179
863 1180
863 1181
863 1182
863 1183
863 1184
864 1185
864 1186
864 1187
864 1188
865 1189
865 1190
865 1191
865 1192
865 1193
865 1194
866 1195
866 1196
867 1197
868 1198
869 1199
870 1199
871 1199
872 1200
873 1201
874 1201
875 1201
876 1201
877 1202
878 1202
879 1203
880 1203
881 1203
882 1204
883 1205
884 1205
885 1205
886 1206
887 1207
888 1207
889 1207
890 1208
891 1209
892 1209
893 1210
894 1211
895 1211
896 1212
897 1213
898 1214
899 1215
900 1215
901 1215
902 1216
903 1217
904 1217
905 1217
906 1218
907 1219
908 1219
909 1219
910 1219
911 1220
912 1220
913 1221
914 1221
915 1222
916 1223
917 1223
918 1224
919 1225
920 1226
921 1227
922 1227
923 1228
924 1229
925 1229
926 1230
926 1231
927 1231
928 1232
928 1233
929 1233
930 1234
930 1235
931 1235
932 1236
932 1237
933 1237
934 1238
934 1239
935 1239
936 1240
936 1241
937 1241
938 1242
939 1243
940 1244
941 1245
942 1245
943 1246
944 1246
945 1247
946 1247
947 1248
948 1248
949 1248
950 1248
951 1248
952 1248
953 1249
954 1249
955 1249
956 1249
957 1250
958 1250
959 1250
960 1250
961 1250
962 1250
963 1251
964 1251
965 1251
966 1251
967 1252
968 1252
969 1252
970 1252
971 1251
972 1251
973 1252
974 1252
975 1251
976 1251
977 1252
978 1252
979 1252
980 1252
981 1252
982 1252
983 1253
984 1253
985 1253
986 1253
987 1254
988 1254
989 1255
990 1255
991 1255
992 1256
993 1257
994 1257
995 1257
996 1258
997 1259
998 1259
999 1259
1000 1259
1001 1260
1002 1260
1003 1260
1004 1260
1005 1260
1006 1260
1007 1260
1008 1260
1009 1261
1010 1261
1011 1261
1012 1261
1013 1262
1014 1262
1015 1262
1016 1262
1017 1262
1018 1262
1019 1262
1020 1262
1021 1262
1022 1262
1023 1262
1024 1262
1025 1262
1026 1262
1027 1262
1028 1262
1029 1262
1030 1262
1031 1261
1032 1261
1033 1261
1034 1261
1035 1260
1036 1260
1037 1260
1038 1260
1039 1260
1040 1260
1041 1260
1042 1260
1043 1261
1044 1261
1045 1261
1046 1261
1047 1261
1048 1261
1049 1261
1050 1261
1051 1260
1052 1260
1053 1260
1054 1260
1055 1260
1056 1260
1057 1261
1058 1261
1059 1261
1060 1261
1061 1262
1062 1262
1063 1262
1064 1262
1065 1262
1066 1262
1067 1262
1068 1262
1069 1262
1070 1262
1071 1263
1072 1263
1073 1263
1074 1263
1075 1264
1076 1264
1077 1265
1078 1265
1079 1266
1080 1267
1081 1267
1082 1268
1083 1269
1084 1269
1085 1270
1086 1270
1087 1270
1088 1270
1089 1270
1090 1270
1091 1270
1092 1270
1093 1270
1094 1270
1095 1271
1096 1271
1097 1271
1098 1271
1099 1272
1100 1272
1101 1272
1102 1272
1103 1272
1104 1272
1105 1272
1106 1272
1107 1272
1108 1272
1109 1272
1110 1272
1111 1272
1112 1272
1113 1272
1114 1272
1115 1272
1116 1272
1117 1273
1118 1273
1119 1273
1120 1273
1121 1274
1122 1274
1123 1274
1124 1274
1125 1274
1126 1274
1127 1274
1128 1274
1129 1275
1130 1275
1131 1275
1132 1275
1133 1276
1134 1276
1135 1276
1136 1276
1137 1275
1138 1275
1139 1275
1140 1275
1141 1274
1142 1273
1143 1273
1144 1273
1145 1272
1146 1271
1147 1270
1148 1270
1149 1269
1150 1269
1151 1268
1152 1267
1153 1267
1154 1267
1155 1266
1156 1265
1157 1265
1158 1265
1159 1264
1160 1263
1161 1263
1162 1263
1163 1262
1164 1262
1165 1261
1166 1261
1167 1260
1168 1259
1169 1259
1169 1258
1170 1257
1171 1256
1171 1255
1172 1254
1172 1253
1173 1252
1173 1251
1174 1250
1174 1249
1175 1248
1175 1247
1176 1246
1176 1245
1177 1244
1177 1243
1177 1242
1178 1241
1179 1240
1179 1239
1179 1238
1179 1237
1180 1236
1180 1235
1179 1234
1179 1233
1179 1232
1179 1231
1178 1230
1178 1229
1178 1228
1178 1227
1177 1226
1177 1225
1176 1224
1175 1223
1174 1222
1173 1221
1172 1220
1171 1220
1170 1219
1169 1219
1168 1218
1167 1217
1166 1216
1165 1216
1164 1215
1163 1214
1162 1213
1161 1212
1161 1211
1160 1210
1159 1209
1158 1208
1157 1207
1157 1206
1156 1205
1155 1204
1155 1203
1154 1202
1154 1201
1154 1200
1154 1199
1153 1198
1153 1197
1152 1196
1151 1195
1151 1194
1150 1193
1149 1192
1149 1191
1148 1190
1148 1189
1148 1188
1148 1187
1148 1186
1148 1185
1148 1184
1148 1183
1148 1182
1148 1181
1148 1180
1148 1179
1148 1178
1148 1177
1148 1176
1148 1175
1148 1174
1148 1173
1148 1172
1148 1171
1148 1170
1148 1169
1149 1168
1149 1167
1149 1166
1149 1165
1150 1164
1150 1163
1150 1162
1150 1161
1150 1160
1150 1159
1149 1158
1149 1157
1148 1156
1147 1155
1146 1154
1145 1153
1144 1152
1143 1152
1142 1151
1141 1150
1140 1150
1139 1149
1139 1148
1138 1148
1137 1147
1136 1146
1135 1146
1134 1145
1133 1145
1132 1144
1131 1144
1130 1143
1129 1142
1128 1142
1127 1141
1126 1140
1125 1139
1124 1138
1123 1138
1122 1138
1121 1137
1120 1136
1119 1136
1118 1136
1117 1135
1116 1134
1115 1134
1114 1134
1113 1133
1112 1132
1111 1132
1110 1132
1109 1132
1108 1131
1107 1131
1106 1131
1105 1131
1104 1131
1103 1131
1102 1131
1101 1131
1100 1130
1099 1130
1098 1130
1097 1130
1096 1129
1095 1129
1094 1129
1093 1129
1092 1129
1091 1129
1090 1129
1089 1129
1088 1129
1087 1129
1086 1129
1085 1129
1084 1129
1083 1129
1082 1129
1081 1129
1080 1129
1079 1129
1078 1129
1077 1129
1076 1129
1075 1129
1074 1129
1073 1129
1072 1129
1071 1129
1070 1128
1069 1128
1068 1128
1067 1128
1066 1127
1065 1127
1064 1127
1063 1127
1062 1127
1061 1127
1060 1127
1059 1127
1058 1127
1057 1127
1056 1127
1055 1127
1054 1127
1053 1127
1052 1127
1051 1127
1050 1127
1049 1127
1048 1127
1047 1127
1046 1127
1045 1127
1044 1127
1043 1127
1042 1127
1041 1127
1040 1127
1039 1127
1038 1127
1037 1127
1036 1127
1035 1127
1034 1127
1033 1127
1032 1127
1031 1127
1030 1127
1029 1127
1028 1127
1027 1127
1026 1127
1025 1127
1024 1128
1023 1128
1022 1128
1021 1128
1020 1129
1019 1129
1018 1129
1017 1129
1016 1129
1015 1129
1014 1129
1013 1129
1012 1129
1011 1129
1010 1128
1009 1128
1008 1127
1007 1127
1006 1126
1005 1126
1004 1125
1003 1125
1002 1125
1001 1125
1000 1126
999 1126
998 1126
997 1126
996 1127
995 1127
994 1127
993 1127
992 1126
991 1126
990 1126
989 1126
988 1125
987 1125
986 1125
985 1125
984 1125
983 1125
982 1125
981 1125
980 1125
979 1125
978 1125
977 1125
976 1125
975 1125
974 1125
973 1125
972 1125
971 1125
970 1125
969 1125
968 1125
967 1125
966 1125
965 1125
964 1125
963 1125
962 1126
961 1126
960 1126
959 1126
958 1127
957 1127
956 1127
955 1127
954 1127
953 1127
952 1127
951 1127
950 1127
949 1127
948 1127
947 1127
946 1126
945 1126
944 1126
943 1126
942 1125
941 1125
940 1125
939 1125
938 1125
937 1125
936 1125
935 1125
934 1125
933 1125
932 1125
931 1125
930 1125
929 1125
928 1125
927 1125
926 1125
925 1125
924 1124
923 1124
922 1124
921 1124
920 1123
919 1123
918 1123
917 1123
916 1123
915 1123
914 1122
913 1122
912 1122
911 1122
910 1121
909 1121
908 1121
907 1121
906 1121
905 1121
904 1121
903 1121
902 1121
901 1121
900 1121
899 1121
898 1121
897 1121
896 1121
895 1121
894 1121
893 1121
