2265 563
2264 564
2263 564
2262 564
2261 564
2260 565
2259 566
2258 567
2257 567
2256 568
2255 568
2254 569
2253 570
2252 570
2251 570
2250 571
2249 571
2248 571
2247 571
2246 571
2245 571
2244 571
2243 571
2242 571
2241 571
2240 571
2239 571
2238 572
2237 572
2236 572
2235 572
2234 573
2233 573
2232 573
2231 573
2230 574
2229 574
2228 574
2227 574
2226 575
2225 576
2224 576
2223 576
2222 577
2221 578
2220 578
2219 578
2218 579
2217 579
2216 580
2215 580
2214 581
2213 582
2212 582
2211 583
2210 584
2209 584
2208 585
2207 585
2206 585
2205 585
2204 585
2203 585
2202 585
2201 585
2200 586
2199 586
2198 586
2197 586
2196 587
2195 587
2194 587
2193 587
2192 588
2191 588
2190 588
2189 588
2188 589
2187 589
2186 589
2185 589
2184 589
2183 589
2182 590
2181 590
2180 590
2179 590
2178 591
2177 591
2176 592
2175 592
2174 592
2173 592
2172 593
2171 593
2170 593
2169 593
2168 594
2167 594
2166 595
2165 595
2164 596
2163 596
2162 597
2161 598
2160 598
2159 598
2158 599
2157 599
2156 600
2155 600
2154 600
2153 600
2152 601
2151 601
2150 602
2149 602
2148 602
2147 602
2146 603
2145 603
2144 603
2143 603
2142 603
2141 603
2140 603
2139 603
2138 603
2137 603
2136 603
2135 603
2134 604
2133 604
2132 605
2131 606
2130 606
2129 607
2128 608
2127 608
2126 609
2125 610
2124 610
2123 610
2122 611
2121 611
2120 611
2119 611
2118 612
2117 612
2116 613
2115 613
2114 614
2113 614
2112 615
2111 615
2110 616
2109 616
2108 617
2107 618
2106 618
2106 619
2105 620
2104 620
2104 621
2103 622
2102 622
2102 623
2101 624
2100 624
2100 625
2099 626
2098 626
2098 627
2097 628
2096 628
2096 629
2095 630
2094 631
2094 632
2093 633
2093 634
2093 635
2093 636
2093 637
2093 638
2093 639
2093 640
2093 641
2093 642
2094 643
2094 644
2095 645
2096 646
2096 647
2097 647
2098 648
2099 649
2100 649
2101 650
2102 650
2103 650
2104 650
2105 650
2106 650
2107 650
2108 650
2109 649
2110 649
2111 649
2112 649
2113 648
2114 648
2115 648
2116 648
2117 648
2118 648
2119 648
2120 648
2121 648
2122 648
2123 648
2124 648
2125 648
2126 648
2127 648
2128 648
2129 648
2130 648
2131 648
2132 648
2133 648
2134 648
2135 648
2136 648
2137 648
2138 648
2139 648
2140 648
2141 648
2142 648
2143 648
2144 648
2145 648
2146 648
2147 647
2148 647
2149 647
2150 647
2151 646
2152 646
2153 646
2154 646
2155 646
2156 646
2157 646
2158 646
2159 646
2160 646
2161 646
2162 646
2163 646
2164 646
2165 646
2166 646
2167 646
2168 646
2169 646
2170 646
2171 646
2172 646
2173 646
2174 646
2175 646
2176 646
2177 646
2178 646
2179 647
2180 647
2181 647
2182 647
2183 648
2184 648
2185 648
2186 648
2187 648
2188 648
2189 648
2190 648
2191 648
2192 648
2193 648
2194 648
2195 648
2196 648
2197 648
2198 648
2199 648
2200 648
2201 648
2202 648
2203 648
2204 648
2205 648
2206 648
2207 649
2208 649
2209 649
2210 649
2211 650
2212 650
2213 650
2214 650
2215 650
2216 650
2217 650
2218 650
2219 650
2220 650
2221 650
2222 650
2223 650
2224 650
2225 650
2226 650
2227 650
2228 650
2229 650
2230 650
2231 650
2232 650
2233 650
2234 650
2235 651
2236 651
2237 652
2238 652
2239 653
2240 653
2241 654
2242 654
2243 654
2244 654
2245 654
2246 654
2247 654
2248 654
2249 655
2250 655
2251 655
2252 655
2253 656
2254 656
2255 656
2256 656
2257 656
2258 656
2259 657
2260 657
2261 657
2262 657
2263 658
2264 658
2265 658
2266 658
2267 659
2268 659
2269 659
2270 659
2271 660
2272 660
2273 660
2274 660
2275 660
2276 660
2277 661
2278 661
2279 661
2280 661
2281 662
2282 662
2283 663
2284 663
2285 663
2286 664
2287 665
2288 665
2289 665
2290 665
2291 666
2292 666
2293 666
2294 666
2295 666
2296 666
2297 666
2298 666
2299 667
2300 667
2301 667
2302 667
2303 668
2304 668
2305 668
2306 668
2307 669
2308 669
2309 669
2310 669
2311 670
2312 670
2313 670
2314 670
2315 671
2316 671
2317 671
2318 672
2319 673
2320 673
2321 673
2322 673
2323 674
2324 674
2325 674
2326 674
2327 675
2328 675
2329 676
2330 677
2331 677
2332 678
2333 679
2334 679
2335 680
2336 680
2337 681
2338 681
2339 682
2340 682
2341 683
2342 684
2343 685
2344 685
2345 685
2346 685
2347 686
2348 686
2349 686
2350 686
2351 687
2352 687
2353 688
2354 689
2355 689
2356 690
2356 691
2357 691
2358 692
2359 693
2360 693
2361 694
2362 694
2363 694
2364 694
2365 695
2366 695
2367 695
2368 695
2369 696
2370 696
2371 696
2372 696
2373 696
2374 696
2375 696
2376 696
2377 696
2378 696
2379 696
2380 696
2381 696
2382 696
2383 696
2384 696
2385 696
2386 696
2387 696
2388 696
2389 696
2390 696
2391 696
2392 696
2393 696
2394 696
2395 696
2396 696
2397 696
2398 696
2399 696
2400 696
2401 695
2402 695
2403 694
2404 693
2405 693
2405 692
2406 691
2407 691
2407 690
2408 689
2409 688
2409 687
2410 686
2410 685
2410 684
2410 683
2410 682
2410 681
2410 680
2410 679
2410 678
2410 677
2411 676
2411 675
2412 674
2413 673
2413 672
2414 671
2415 671
2415 670
2416 669
2417 669
2418 668
2419 667
2420 667
2421 666
2422 665
2423 665
2424 665
2425 664
2426 664
2427 664
2428 664
2429 663
2430 663
2431 663
2432 663
2433 662
2434 662
2435 662
2436 662
2437 662
2438 662
2439 662
2440 662
2441 661
2442 661
2443 661
2444 661
2445 660
2446 659
2447 658
2448 657
2449 657
2449 656
2450 655
2451 655
2451 654
2452 653
2453 652
2453 651
2454 650
2454 649
2455 648
2455 647
2455 646
2455 645
2456 644
2456 643
2456 642
2456 641
2456 640
2456 639
2455 638
2455 637
2455 636
2455 635
2454 634
2453 633
2453 632
2453 631
2452 630
2451 629
2450 628
2449 627
2449 626
2448 626
2447 625
2447 624
2446 624
2445 623
2445 622
2444 622
2443 621
2443 620
2442 619
2441 618
2441 617
2440 616
2439 615
2439 614
2439 613
2438 612
2437 611
2436 610
2435 609
2435 608
2434 608
2433 607
2433 606
2432 606
2431 605
2431 604
2430 604
2429 603
2428 602
2427 601
2426 600
2425 600
2424 599
2423 598
2422 598
2421 597
2421 596
2420 596
2419 595
2418 594
2417 593
2416 592
2415 592
2414 592
2413 592
2412 591
2411 591
2410 591
2409 591
2408 591
2407 591
2406 591
2405 591
2404 591
2403 591
2402 591
2401 591
2400 590
2399 590
2398 590
2397 590
2396 589
2395 589
2394 589
2393 589
2392 589
2391 589
2390 589
2389 589
2388 589
2387 589
2386 589
2385 589
2384 589
2383 589
2382 589
2381 589
2380 589
2379 589
2378 589
2377 589
2376 588
2375 588
2374 588
2373 588
2372 587
2371 587
2370 587
2369 587
2368 587
2367 587
2366 587
2365 587
2364 587
2363 587
2362 586
2361 586
2360 586
2359 586
2358 585
2357 585
2356 585
2355 585
2354 585
2353 585
2352 584
2351 584
2350 584
2349 584
2348 583
2347 583
2346 583
2345 583
2344 583
2343 583
2342 582
2341 582
2340 582
2339 582
2338 581
2337 581
2336 580
2335 580
2334 580
2333 580
2332 579
2331 579
2330 579
2329 579
2328 579
2327 579
2326 579
2325 579
2324 578
2323 578
2322 578
2321 578
2320 577
2319 577
2318 577
2317 577
2316 577
2315 577
2314 577
2313 577
2312 577
2311 577
2310 577
2309 577
2308 577
2307 577
2306 577
2305 577
2304 576
2303 576
2302 575
2301 574
2300 574
2299 573
2298 572
2297 572
2296 571
2295 571
2294 571
2293 571
2292 570
2291 570
2290 570
2289 570
2288 569
2287 569
2286 568
2285 568
2284 567
2283 566
2282 566
2281 565
2280 564
2279 564
2278 563
2277 563
2276 563
2275 563
2274 563
2273 563
2272 563
2271 563
2270 563
2269 563
2268 563
2267 563
2266 563
2265 563
