801 917
800 918
799 918
798 918
797 918
796 919
795 919
794 919
793 919
792 919
791 919
790 919
789 919
788 919
787 919
786 919
785 919
784 920
783 920
782 920
781 920
780 921
779 921
778 921
777 921
776 922
775 922
774 923
773 923
772 924
771 924
770 925
769 925
768 926
767 926
766 926
765 926
764 927
763 927
762 927
761 927
760 927
759 927
758 927
757 927
756 927
755 927
754 927
753 927
752 928
751 928
750 928
749 928
748 929
747 930
746 930
745 930
744 931
743 932
742 933
741 933
740 934
739 934
738 935
737 935
736 935
735 935
734 935
733 935
732 935
731 935
730 935
729 935
728 935
727 935
726 935
725 935
724 935
723 935
722 936
721 936
720 936
719 936
718 937
717 937
716 937
715 937
714 937
713 937
712 937
711 937
710 938
709 938
708 938
707 938
706 939
705 939
704 939
703 939
702 939
701 939
700 939
699 939
698 939
697 939
696 939
695 939
694 940
693 940
692 940
691 940
690 941
689 941
688 941
687 941
686 941
685 941
684 941
683 941
682 941
681 941
680 941
679 941
678 942
677 942
676 942
675 942
674 943
673 943
672 943
671 943
670 943
669 943
668 943
667 943
666 943
665 943
664 943
663 943
662 943
661 943
660 943
659 943
658 944
657 944
656 944
655 944
654 945
653 945
652 945
651 945
650 945
649 945
648 945
647 945
646 946
645 946
644 946
643 946
642 947
641 947
640 947
639 947
638 947
637 947
636 947
635 947
634 947
633 947
632 947
631 947
630 947
629 947
628 947
627 947
626 947
625 947
624 948
623 948
622 948
621 948
620 949
619 949
618 949
617 949
616 949
615 949
614 949
613 949
612 950
611 950
610 950
609 950
608 951
607 951
606 951
605 951
604 951
603 951
602 951
601 951
600 952
599 952
598 952
597 952
596 953
595 953
594 953
593 953
592 953
591 953
590 954
589 954
588 954
587 954
586 955
585 955
584 955
583 955
582 956
581 956
580 956
579 956
578 957
577 957
576 957
575 957
574 957
573 957
572 958
571 958
570 958
569 958
568 959
567 959
566 959
565 959
564 959
563 959
562 959
561 959
560 959
559 959
558 960
557 960
556 960
555 960
554 961
553 961
552 962
551 962
550 962
549 962
548 963
547 964
546 965
545 965
544 966
543 966
542 967
541 968
540 968
539 968
538 969
537 970
536 970
535 970
534 971
533 972
532 972
531 972
530 973
529 974
528 975
527 975
526 976
525 976
524 977
523 978
522 978
521 978
520 979
519 980
518 980
517 980
516 981
515 982
514 983
513 983
512 984
511 984
510 985
509 986
508 986
507 986
506 987
505 988
504 988
503 988
502 989
501 990
500 991
499 991
498 992
497 992
496 993
495 994
494 994
493 994
492 995
491 996
490 996
489 996
488 997
487 998
486 998
485 998
484 999
483 1000
482 1001
481 1002
480 1002
480 1003
479 1004
478 1004
477 1005
476 1006
475 1006
474 1007
473 1008
472 1009
471 1010
470 1010
470 1011
469 1012
468 1012
468 1013
467 1014
466 1014
465 1015
464 1016
463 1016
462 1017
461 1018
460 1019
459 1020
458 1020
458 1021
457 1022
456 1022
455 1023
454 1024
453 1024
452 1025
451 1026
450 1027
449 1028
448 1028
448 1029
447 1030
446 1030
446 1031
445 1032
444 1032
444 1033
443 1034
442 1034
442 1035
441 1036
440 1036
440 1037
439 1038
438 1038
438 1039
437 1040
436 1040
436 1041
435 1042
434 1042
434 1043
433 1044
432 1044
432 1045
431 1046
430 1046
430 1047
429 1048
428 1049
427 1050
426 1051
426 1052
425 1053
424 1054
424 1055
423 1056
422 1056
422 1057
421 1058
420 1058
420 1059
419 1060
418 1060
418 1061
417 1062
416 1062
416 1063
415 1064
414 1064
414 1065
413 1066
412 1066
412 1067
411 1068
410 1068
410 1069
409 1070
408 1070
408 1071
407 1072
406 1072
406 1073
405 1074
404 1074
404 1075
403 1076
402 1076
402 1077
401 1078
400 1078
400 1079
399 1080
398 1080
398 1081
397 1082
396 1082
396 1083
395 1084
394 1084
394 1085
393 1086
392 1086
392 1087
391 1088
390 1088
389 1089
388 1090
387 1090
386 1091
385 1092
384 1093
383 1094
382 1094
382 1095
381 1096
380 1096
380 1097
379 1098
378 1098
378 1099
377 1100
376 1100
376 1101
375 1102
374 1103
373 1104
372 1105
372 1106
371 1107
370 1108
370 1109
369 1110
368 1111
368 1112
367 1113
367 1114
366 1115
366 1116
366 1117
365 1118
364 1119
364 1120
364 1121
363 1122
362 1123
362 1124
362 1125
362 1126
361 1127
361 1128
361 1129
361 1130
361 1131
361 1132
361 1133
361 1134
361 1135
361 1136
361 1137
361 1138
362 1139
362 1140
362 1141
362 1142
363 1143
364 1144
364 1145
364 1146
365 1147
366 1148
367 1149
368 1150
369 1151
370 1151
371 1152
372 1152
373 1153
374 1153
375 1154
376 1155
377 1155
378 1156
379 1157
380 1158
381 1159
382 1159
383 1160
384 1161
385 1161
386 1162
386 1163
387 1163
388 1164
388 1165
389 1165
390 1166
390 1167
391 1167
392 1168
393 1169
394 1169
395 1170
396 1170
397 1171
398 1171
399 1171
400 1171
401 1172
402 1172
403 1172
404 1172
405 1172
406 1172
407 1172
408 1172
409 1172
410 1172
411 1172
412 1172
413 1172
414 1172
415 1172
416 1172
417 1172
418 1172
419 1171
420 1171
421 1171
422 1171
423 1170
424 1170
425 1170
426 1170
427 1170
428 1170
429 1170
430 1170
431 1170
432 1170
433 1170
434 1170
435 1170
436 1170
437 1170
438 1170
439 1170
440 1170
441 1169
442 1169
443 1169
444 1169
445 1168
446 1168
447 1168
448 1168
449 1168
450 1168
451 1167
452 1167
453 1166
454 1166
455 1165
456 1165
457 1164
458 1163
459 1163
460 1163
461 1162
462 1162
463 1162
464 1162
465 1162
466 1162
467 1162
468 1162
469 1162
470 1162
471 1162
472 1162
473 1161
474 1161
475 1161
476 1161
477 1160
478 1160
479 1160
480 1160
481 1159
482 1159
483 1159
484 1159
485 1158
486 1158
487 1158
488 1158
489 1158
490 1158
491 1158
492 1158
493 1158
494 1158
495 1158
496 1158
497 1158
498 1158
499 1158
500 1158
501 1159
502 1159
503 1160
504 1160
505 1161
506 1161
507 1162
508 1162
509 1162
510 1162
511 1162
512 1162
513 1162
514 1162
515 1162
516 1162
517 1162
518 1162
519 1162
520 1162
521 1162
522 1162
523 1162
524 1162
525 1162
526 1162
527 1162
528 1162
529 1162
530 1162
531 1162
532 1162
533 1162
534 1162
535 1162
536 1162
537 1162
538 1162
539 1161
540 1161
541 1161
542 1161
543 1160
544 1160
545 1160
546 1160
547 1160
548 1160
549 1160
550 1160
551 1160
552 1160
553 1159
554 1159
555 1159
556 1159
557 1158
558 1158
559 1158
560 1158
561 1158
562 1158
563 1158
564 1158
565 1158
566 1158
567 1158
568 1158
569 1158
570 1158
571 1158
572 1158
573 1158
574 1158
575 1158
576 1158
577 1157
578 1157
579 1156
580 1155
581 1154
581 1153
582 1152
583 1151
584 1151
585 1150
586 1150
587 1150
588 1150
589 1151
590 1151
591 1151
592 1151
593 1152
594 1152
595 1152
596 1152
597 1152
598 1152
599 1153
600 1153
601 1154
602 1154
603 1155
604 1156
605 1157
606 1157
607 1157
608 1158
609 1159
610 1159
611 1159
612 1159
613 1160
614 1160
615 1160
616 1160
617 1160
618 1160
619 1161
620 1161
621 1161
622 1162
623 1163
624 1163
625 1163
626 1163
627 1164
628 1164
629 1165
630 1165
631 1165
632 1165
633 1166
634 1166
635 1167
636 1167
637 1167
638 1167
639 1168
640 1168
641 1168
642 1168
643 1168
644 1168
645 1168
646 1168
647 1168
648 1168
649 1167
650 1167
651 1167
652 1167
653 1166
654 1165
655 1165
656 1165
657 1164
658 1164
659 1165
660 1165
661 1166
662 1166
663 1167
664 1168
665 1169
666 1169
667 1170
668 1170
669 1171
670 1172
671 1173
672 1173
673 1173
674 1173
675 1174
676 1174
677 1174
678 1174
679 1174
680 1174
681 1175
682 1175
683 1175
684 1175
685 1176
686 1176
687 1176
688 1176
689 1177
690 1177
691 1177
692 1178
693 1179
694 1179
695 1179
696 1179
697 1180
698 1180
699 1180
700 1180
701 1180
702 1180
703 1180
704 1180
705 1180
706 1180
707 1180
708 1180
709 1180
710 1180
711 1180
712 1180
713 1180
714 1180
715 1180
716 1180
717 1180
718 1180
719 1180
720 1180
721 1180
722 1180
723 1180
724 1180
725 1180
726 1180
727 1180
728 1180
729 1179
730 1179
731 1179
732 1179
733 1178
734 1178
735 1177
736 1177
737 1177
738 1177
739 1176
740 1176
741 1176
742 1176
743 1177
744 1177
745 1177
746 1177
747 1178
748 1178
749 1178
750 1178
751 1178
752 1178
753 1178
754 1178
755 1178
756 1178
757 1179
758 1179
759 1179
760 1179
761 1180
762 1180
763 1180
764 1180
765 1180
766 1180
767 1180
768 1180
769 1180
770 1180
771 1180
772 1180
773 1181
774 1181
775 1181
776 1181
777 1182
778 1182
779 1183
780 1183
781 1184
782 1184
783 1185
784 1185
785 1186
786 1186
787 1186
788 1186
789 1187
790 1187
791 1188
792 1188
793 1189
794 1189
795 1190
796 1190
797 1190
798 1190
799 1190
800 1190
801 1191
802 1191
803 1191
804 1191
805 1192
806 1192
807 1192
808 1192
809 1192
810 1192
811 1192
812 1192
813 1193
814 1193
815 1193
816 1193
817 1194
818 1194
819 1194
820 1194
821 1194
822 1194
823 1194
824 1194
825 1194
826 1194
827 1194
828 1194
829 1194
830 1194
831 1194
832 1194
833 1194
834 1194
835 1194
836 1194
837 1194
838 1194
839 1194
840 1194
841 1194
842 1194
843 1194
844 1194
845 1194
846 1194
847 1194
848 1194
849 1195
850 1195
851 1195
852 1195
853 1196
854 1196
855 1196
856 1196
857 1196
858 1196
859 1196
860 1196
861 1196
862 1196
863 1196
864 1196
865 1196
866 1196
867 1196
868 1196
869 1195
870 1195
871 1195
872 1195
873 1194
874 1194
875 1194
876 1194
877 1194
878 1194
879 1194
880 1194
881 1194
882 1194
883 1194
884 1194
885 1194
886 1194
887 1194
888 1194
889 1194
890 1194
891 1194
892 1194
893 1194
894 1194
895 1194
896 1194
897 1194
898 1194
899 1194
900 1194
901 1194
902 1194
903 1194
904 1194
905 1193
906 1193
907 1193
908 1193
909 1192
910 1192
911 1192
912 1192
913 1193
914 1193
915 1194
916 1195
917 1195
918 1196
919 1197
920 1198
921 1199
922 1199
923 1199
924 1199
925 1200
926 1200
927 1200
928 1200
929 1200
930 1200
931 1201
932 1201
933 1201
934 1201
935 1202
936 1202
937 1202
938 1202
939 1201
940 1201
941 1201
942 1201
943 1200
944 1199
945 1199
946 1199
947 1198
948 1197
949 1197
950 1197
951 1196
952 1195
953 1194
954 1194
955 1193
956 1193
957 1192
958 1191
959 1191
960 1191
961 1190
962 1189
963 1189
964 1189
965 1188
966 1187
967 1186
968 1186
969 1185
970 1185
971 1184
972 1183
973 1183
974 1183
975 1182
976 1181
977 1180
978 1179
979 1179
980 1178
981 1177
982 1177
983 1176
984 1175
985 1174
986 1174
987 1173
988 1173
989 1172
990 1171
991 1170
992 1169
993 1169
993 1168
994 1167
995 1167
995 1166
996 1165
997 1165
997 1164
998 1163
999 1163
999 1162
1000 1161
1001 1160
1002 1159
1003 1158
1003 1157
1004 1156
1005 1155
1005 1154
1006 1153
1007 1153
1007 1152
1008 1151
1009 1150
1010 1149
1011 1148
1011 1147
1011 1146
1012 1145
1013 1144
1013 1143
1014 1142
1015 1141
1015 1140
1016 1139
1017 1139
1017 1138
1018 1137
1019 1136
1020 1135
1021 1134
1021 1133
1021 1132
1022 1131
1023 1130
1023 1129
1024 1128
1024 1127
1025 1126
1026 1125
1027 1124
1027 1123
1027 1122
1028 1121
1029 1120
1029 1119
1029 1118
1030 1117
1031 1116
1031 1115
1032 1114
1032 1113
1033 1112
1034 1111
1035 1110
1035 1109
1035 1108
1036 1107
1037 1106
1037 1105
1037 1104
1038 1103
1039 1102
1039 1101
1039 1100
1040 1099
1041 1098
1041 1097
1042 1096
1042 1095
1043 1094
1044 1093
1045 1092
1045 1091
1045 1090
1046 1089
1047 1088
1047 1087
1047 1086
1048 1085
1049 1084
1049 1083
1049 1082
1049 1081
1050 1080
1050 1079
1051 1078
1051 1077
1051 1076
1052 1075
1053 1074
1053 1073
1054 1072
1055 1071
1055 1070
1056 1069
1057 1069
1057 1068
1058 1067
1059 1067
1059 1066
1060 1065
1061 1065
1061 1064
1062 1063
1063 1063
1063 1062
1064 1061
1065 1060
1066 1059
1067 1058
1067 1057
1068 1056
1068 1055
1069 1054
1070 1053
1071 1052
1071 1051
1071 1050
1072 1049
1073 1048
1073 1047
1073 1046
1074 1045
1075 1044
1075 1043
1076 1042
1077 1041
1077 1040
1078 1039
1079 1038
1080 1037
1081 1036
1081 1035
1081 1034
1082 1033
1083 1032
1083 1031
1083 1030
1084 1029
1085 1028
1085 1027
1086 1026
1086 1025
1087 1024
1088 1023
1089 1022
1089 1021
1090 1020
1091 1019
1091 1018
1092 1017
1093 1016
1093 1015
1094 1014
1094 1013
1094 1012
1094 1011
1094 1010
1094 1009
1094 1008
1094 1007
1093 1006
1093 1005
1092 1004
1091 1003
1091 1002
1090 1002
1089 1001
1088 1000
1087 1000
1086 999
1085 999
1084 998
1083 998
1082 998
1081 998
1080 997
1079 997
1078 996
1077 996
1076 995
1075 994
1074 994
1073 993
1073 992
1072 992
1071 991
1070 990
1069 990
1068 989
1067 989
1066 989
1065 989
1064 988
1063 988
1062 988
1061 988
1060 987
1059 987
1058 986
1057 986
1056 986
1055 985
1054 984
1053 984
1052 984
1051 983
1050 982
1049 982
1048 982
1047 982
1046 981
1045 981
1044 980
1043 980
1042 980
1041 980
1040 979
1039 979
1038 978
1037 978
1036 978
1035 978
1034 977
1033 977
1032 977
1031 977
1030 976
1029 976
1028 976
1027 975
1026 974
1025 974
1024 974
1023 973
1022 972
1021 972
1020 972
1019 972
1018 971
1017 971
1016 971
1015 971
1014 971
1013 971
1012 970
1011 970
1010 970
1009 970
1008 969
1007 969
1006 968
1005 968
1004 968
1003 968
1002 967
1001 967
1000 967
999 967
998 966
997 966
996 966
995 965
994 964
993 964
992 964
991 964
990 963
989 963
988 962
987 962
986 962
985 962
984 961
983 961
982 960
981 960
980 960
979 959
978 958
977 958
976 958
975 958
974 957
973 957
972 956
971 956
970 956
969 956
968 955
967 955
966 954
965 954
964 954
963 954
962 953
961 953
960 953
959 953
958 952
957 952
956 952
955 951
954 950
953 950
952 950
951 950
950 949
949 949
948 948
947 948
946 948
945 947
944 946
943 946
942 946
941 945
940 944
939 944
938 944
937 943
936 942
935 942
934 942
933 942
932 941
931 941
930 940
929 940
928 940
927 939
926 938
925 938
924 938
923 938
922 937
921 937
920 937
919 937
918 936
917 936
916 936
915 935
914 934
913 934
912 934
911 934
910 933
909 933
908 932
907 932
906 932
905 931
904 930
903 930
902 930
901 930
900 929
899 929
898 928
897 928
896 928
895 927
894 926
893 926
892 925
891 925
890 924
889 924
888 923
887 923
886 923
885 923
884 922
883 922
882 922
881 921
880 920
879 920
878 920
877 920
876 919
875 919
874 919
873 919
872 919
871 919
870 919
869 919
868 920
867 920
866 920
865 920
864 921
863 921
862 921
861 921
860 921
859 921
858 921
857 921
856 921
855 921
854 920
853 920
852 920
851 920
850 919
849 919
848 919
847 919
846 918
845 918
844 918
843 918
842 917
841 917
840 917
839 917
838 917
837 917
836 917
835 917
834 917
833 917
832 917
831 917
830 917
829 917
828 917
827 917
826 917
825 917
824 917
823 917
822 917
821 917
820 917
819 917
818 917
817 917
816 917
815 917
814 917
813 917
812 917
811 917
810 917
809 917
808 917
807 917
806 917
805 917
804 917
803 917
802 917
801 917
