1033 673
1032 674
1031 674
1030 675
1029 675
1028 676
1027 676
1026 677
1025 677
1024 677
1023 677
1022 678
1021 678
1020 679
1019 680
1018 680
1017 681
1016 682
1015 682
1014 683
1013 684
1012 684
1011 684
1010 685
1009 685
1008 685
1007 685
1006 686
1005 686
1004 687
1003 687
1002 688
1001 688
1000 689
999 690
998 691
997 692
996 692
996 693
995 694
994 694
994 695
993 696
992 696
992 697
991 698
990 698
989 699
988 700
987 700
986 701
985 701
984 701
983 701
982 701
981 701
980 701
979 701
978 702
977 702
976 703
975 704
974 704
973 705
972 706
971 706
970 707
969 707
968 708
967 708
966 708
965 708
964 709
963 709
962 710
961 710
960 710
959 710
958 711
957 711
956 711
955 711
954 712
953 712
952 713
951 713
950 714
949 714
948 715
947 716
946 717
945 718
944 718
944 719
943 720
942 720
941 721
940 722
939 722
938 723
937 723
936 724
935 724
934 725
933 726
932 726
932 727
931 728
930 728
930 729
929 730
928 730
928 731
927 732
926 732
926 733
925 734
924 734
924 735
923 736
922 736
922 737
921 738
920 738
920 739
919 740
918 740
918 741
917 742
916 742
916 743
915 744
914 744
914 745
913 746
912 746
912 747
911 748
910 748
910 749
909 750
908 750
908 751
907 752
906 752
906 753
905 754
904 754
904 755
903 756
902 756
902 757
901 758
900 759
900 760
899 761
899 762
899 763
899 764
899 765
899 766
899 767
899 768
899 769
899 770
899 771
899 772
899 773
899 774
898 775
898 776
897 777
896 778
896 779
895 780
894 780
894 781
893 782
892 782
892 783
891 784
890 785
890 786
889 787
889 788
889 789
889 790
889 791
889 792
890 793
890 794
891 795
892 796
892 797
893 797
894 798
894 799
895 799
896 800
896 801
897 802
898 803
898 804
899 805
900 806
901 807
902 807
903 808
904 808
905 809
906 809
907 809
908 810
909 811
910 811
911 811
912 812
913 813
914 813
915 813
916 813
917 814
918 814
919 814
920 814
921 814
922 814
923 813
924 813
925 813
926 813
927 812
928 811
929 810
930 809
931 809
932 808
933 807
934 807
935 806
936 805
937 804
938 803
939 803
939 802
940 801
941 801
942 800
943 799
944 799
945 798
946 798
947 798
948 798
949 798
950 798
951 799
952 799
953 800
954 800
955 801
956 802
957 803
958 803
959 803
960 803
961 804
962 804
963 805
964 805
965 806
966 807
967 807
968 808
969 809
970 809
971 810
972 810
973 810
974 810
975 811
976 811
977 811
978 811
979 812
980 812
981 812
982 812
983 812
984 812
985 812
986 812
987 813
988 813
989 813
990 813
991 814
992 814
993 814
994 814
995 814
996 814
997 814
998 814
999 815
1000 815
1001 815
1002 815
1003 816
1004 816
1005 817
1006 817
1007 817
1008 817
1009 818
1010 818
1011 818
1012 818
1013 818
1014 818
1015 819
1016 819
1017 819
1018 819
1019 820
1020 820
1021 820
1022 820
1023 820
1024 820
1025 820
1026 820
1027 821
1028 821
1029 821
1030 821
1031 822
1032 822
1033 822
1034 822
1035 822
1036 822
1037 823
1038 823
1039 823
1040 823
1041 824
1042 824
1043 825
1044 825
1045 826
1046 826
1047 827
1048 827
1049 828
1050 828
1051 828
1052 828
1053 828
1054 828
1055 828
1056 828
1057 828
1058 828
1059 829
1060 829
1061 830
1062 830
1063 831
1064 831
1065 832
1066 832
1067 832
1068 832
1069 832
1070 832
1071 832
1072 832
1073 832
1074 832
1075 833
1076 833
1077 833
1078 833
1079 834
1080 834
1081 834
1082 834
1083 834
1084 834
1085 834
1086 834
1087 834
1088 834
1089 834
1090 834
1091 834
1092 834
1093 834
1094 834
1095 835
1096 835
1097 835
1098 835
1099 836
1100 836
1101 837
1102 837
1103 837
1104 838
1105 839
1106 839
1107 839
1108 839
1109 840
1110 840
1111 840
1112 840
1113 840
1114 840
1115 840
1116 840
1117 840
1118 840
1119 840
1120 840
1121 840
1122 840
1123 840
1124 840
1125 840
1126 840
1127 840
1128 840
1129 840
1130 840
1131 840
1132 840
1133 839
1134 839
1135 839
1136 839
1137 838
1138 837
1139 837
1140 837
1141 836
1142 835
1143 835
1144 835
1145 835
1146 835
1147 835
1148 835
1149 836
1150 836
1151 836
1152 836
1153 836
1154 836
1155 836
1156 836
1157 836
1158 836
1159 836
1160 836
1161 836
1162 836
1163 836
1164 836
1165 836
1166 836
1167 836
1168 836
1169 836
1170 836
1171 836
1172 836
1173 836
1174 836
1175 836
1176 836
1177 836
1178 836
1179 836
1180 836
1181 835
1182 835
1183 834
1184 833
1185 833
1185 832
1186 831
1187 831
1187 830
1188 829
1189 829
1189 828
1190 827
1191 827
1191 826
1192 825
1193 825
1194 824
1195 823
1196 823
1197 822
1198 821
1199 821
1200 821
1201 820
1202 820
1203 820
1204 820
1205 820
1206 820
1207 819
1208 819
1209 818
1210 818
1211 817
1212 817
1213 816
1214 816
1215 815
1216 815
1217 815
1218 815
1219 814
1220 814
1221 814
1222 814
1223 813
1224 813
1225 813
1226 813
1227 812
1228 812
1229 812
1230 812
1231 811
1232 811
1233 811
1234 811
1235 810
1236 809
1237 808
1238 807
1239 807
1240 806
1241 805
1242 805
1243 804
1244 803
1245 802
1246 801
1247 801
1247 800
1248 799
1249 799
1249 798
1250 797
1251 797
1251 796
1252 795
1253 795
1253 794
1254 793
1255 793
1255 792
1256 791
1257 791
1257 790
1258 789
1259 789
1259 788
1260 787
1261 787
1261 786
1262 785
1263 785
1263 784
1264 783
1265 783
1265 782
1266 781
1267 781
1267 780
1268 779
1269 779
1269 778
1270 777
1271 777
1271 776
1272 775
1273 775
1273 774
1274 773
1275 772
1275 771
1276 770
1276 769
1276 768
1276 767
1276 766
1276 765
1276 764
1276 763
1276 762
1276 761
1276 760
1276 759
1276 758
1276 757
1276 756
1276 755
1276 754
1276 753
1276 752
1276 751
1276 750
1276 749
1275 748
1275 747
1274 746
1273 745
1273 744
1272 743
1271 742
1271 741
1270 740
1270 739
1270 738
1270 737
1269 736
1269 735
1268 734
1267 733
1267 732
1266 732
1265 731
1265 730
1264 730
1263 729
1262 728
1261 728
1260 727
1259 727
1258 726
1257 726
1256 726
1255 726
1254 725
1253 725
1252 725
1251 725
1250 725
1249 725
1248 724
1247 724
1246 724
1245 724
1244 723
1243 723
1242 722
1241 722
1240 722
1239 722
1238 721
1237 721
1236 721
1235 721
1234 721
1233 721
1232 720
1231 720
1230 720
1229 719
1228 718
1227 718
1226 717
1225 716
1224 716
1223 715
1223 714
1222 714
1221 713
1221 712
1220 712
1219 711
1219 710
1218 710
1217 709
1217 708
1216 708
1215 707
1215 706
1214 706
1213 705
1212 704
1211 704
1210 703
1209 703
1208 703
1207 703
1206 703
1205 703
1204 703
1203 703
1202 703
1201 703
1200 703
1199 703
1198 703
1197 703
1196 702
1195 702
1194 702
1193 702
1192 701
1191 701
1190 701
1189 701
1188 701
1187 701
1186 701
1185 701
1184 700
1183 700
1182 700
1181 700
1180 699
1179 699
1178 698
1177 698
1176 698
1175 698
1174 697
1173 697
1172 697
1171 697
1170 697
1169 697
1168 696
1167 696
1166 695
1165 694
1164 694
1163 693
1162 692
1161 692
1160 691
1159 691
1158 690
1157 690
1156 690
1155 690
1154 689
1153 689
1152 689
1151 689
1150 689
1149 689
1148 689
1147 689
1146 689
1145 689
1144 689
1143 689
1142 689
1141 689
1140 689
1139 689
1138 689
1137 689
1136 688
1135 688
1134 687
1133 687
1132 686
1131 686
1130 685
1129 685
1128 684
1127 684
1126 684
1125 684
1124 683
1123 683
1122 682
1121 682
1120 682
1119 682
1118 681
1117 681
1116 681
1115 681
1114 680
1113 680
1112 680
1111 680
1110 679
1109 679
1108 679
1107 679
1106 679
1105 679
1104 678
1103 678
1102 678
1101 678
1100 677
1099 677
1098 677
1097 677
1096 677
1095 677
1094 677
1093 677
1092 677
1091 677
1090 677
1089 677
1088 677
1087 677
1086 677
1085 677
1084 677
1083 677
1082 677
1081 677
1080 677
1079 677
1078 676
1077 676
1076 675
1075 675
1074 674
1073 674
1072 673
1071 673
1070 673
1069 673
1068 673
1067 673
1066 673
1065 673
1064 673
1063 673
1062 673
1061 673
1060 673
1059 673
1058 673
1057 673
1056 673
1055 673
1054 673
1053 673
1052 673
1051 673
1050 673
1049 673
1048 673
1047 673
1046 673
1045 673
1044 673
1043 673
1042 673
1041 673
1040 673
1039 673
1038 673
1037 673
1036 673
1035 673
1034 673
1033 673
