861 1147
860 1148
859 1148
858 1149
857 1150
856 1150
856 1151
855 1152
854 1152
854 1153
853 1154
852 1154
852 1155
851 1156
850 1156
849 1157
848 1158
847 1158
846 1159
845 1160
844 1161
843 1162
842 1162
842 1163
841 1164
840 1164
840 1165
839 1166
838 1166
837 1167
836 1168
835 1168
834 1169
833 1169
832 1170
831 1170
830 1171
829 1172
828 1172
828 1173
827 1174
826 1175
826 1176
825 1177
825 1178
825 1179
825 1180
825 1181
825 1182
825 1183
825 1184
824 1185
824 1186
824 1187
824 1188
823 1189
823 1190
823 1191
823 1192
823 1193
823 1194
823 1195
823 1196
823 1197
823 1198
823 1199
823 1200
823 1201
823 1202
823 1203
823 1204
823 1205
823 1206
822 1207
822 1208
822 1209
821 1210
820 1211
820 1212
819 1213
819 1214
818 1215
818 1216
817 1217
817 1218
817 1219
817 1220
817 1221
817 1222
817 1223
817 1224
817 1225
817 1226
817 1227
817 1228
817 1229
817 1230
817 1231
817 1232
817 1233
817 1234
817 1235
817 1236
817 1237
817 1238
817 1239
817 1240
817 1241
817 1242
818 1243
818 1244
819 1245
820 1246
820 1247
821 1247
822 1248
822 1249
823 1250
824 1251
824 1252
825 1253
825 1254
825 1255
825 1256
825 1257
825 1258
826 1259
826 1260
827 1261
828 1262
828 1263
829 1263
830 1264
830 1265
831 1265
832 1266
832 1267
833 1267
834 1268
835 1269
836 1270
837 1271
838 1271
839 1271
840 1271
841 1272
842 1272
843 1272
844 1272
845 1272
846 1272
847 1272
848 1272
849 1272
850 1272
851 1272
852 1272
853 1272
854 1272
855 1272
856 1272
857 1272
858 1272
859 1272
860 1272
861 1272
862 1272
863 1272
864 1272
865 1272
866 1272
867 1271
868 1271
869 1270
870 1270
871 1269
872 1269
873 1268
874 1268
875 1268
876 1268
877 1268
878 1268
879 1268
880 1268
881 1268
882 1268
883 1268
884 1268
885 1268
886 1268
887 1267
888 1267
889 1267
890 1267
891 1266
892 1266
893 1265
894 1265
895 1265
896 1265
897 1264
898 1264
899 1264
900 1264
901 1264
902 1264
903 1263
904 1263
905 1263
906 1263
907 1262
908 1262
909 1262
910 1262
911 1262
912 1262
913 1262
914 1262
915 1261
916 1261
917 1261
918 1261
919 1260
920 1260
921 1260
922 1260
923 1260
924 1260
925 1260
926 1260
927 1260
928 1260
929 1260
930 1260
931 1259
932 1259
933 1259
934 1259
935 1258
936 1258
937 1258
938 1258
939 1258
940 1258
941 1258
942 1258
943 1258
944 1258
945 1258
946 1258
947 1257
948 1257
949 1257
950 1257
951 1256
952 1256
953 1256
954 1256
955 1256
956 1256
957 1256
958 1256
959 1256
960 1256
961 1256
962 1256
963 1256
964 1256
965 1256
966 1256
967 1256
968 1256
969 1256
970 1256
971 1256
972 1256
973 1256
974 1256
975 1257
976 1257
977 1257
978 1257
979 1258
980 1258
981 1259
982 1259
983 1259
984 1259
985 1260
986 1260
987 1260
988 1260
989 1260
990 1260
991 1261
992 1261
993 1261
994 1262
995 1263
996 1263
997 1263
998 1263
999 1264
1000 1264
1001 1264
1002 1264
1003 1265
1004 1265
1005 1265
1006 1265
1007 1266
1008 1266
1009 1266
1010 1266
1011 1267
1012 1267
1013 1267
1014 1267
1015 1268
1016 1268
1017 1268
1018 1268
1019 1269
1020 1269
1021 1269
1022 1269
1023 1270
1024 1270
1025 1270
1026 1270
1027 1270
1028 1270
1029 1270
1030 1270
1031 1270
1032 1270
1033 1270
1034 1270
1035 1270
1036 1270
1037 1271
1038 1271
1039 1271
1040 1271
1041 1272
1042 1272
1043 1272
1044 1272
1045 1272
1046 1272
1047 1272
1048 1272
1049 1272
1050 1272
1051 1271
1052 1271
1053 1270
1054 1269
1055 1269
1055 1268
1056 1267
1057 1267
1057 1266
1058 1265
1059 1264
1059 1263
1060 1262
1060 1261
1061 1260
1061 1259
1062 1258
1063 1257
1064 1256
1065 1255
1066 1255
1067 1254
1068 1253
1069 1252
1070 1251
1071 1251
1071 1250
1072 1249
1073 1249
1073 1248
1074 1247
1075 1246
1076 1245
1077 1244
1077 1243
1078 1242
1079 1241
1079 1240
1080 1239
1081 1239
1081 1238
1082 1237
1083 1237
1083 1236
1084 1235
1085 1235
1085 1234
1086 1233
1087 1232
1087 1231
1088 1230
1088 1229
1088 1228
1088 1227
1088 1226
1088 1225
1088 1224
1088 1223
1088 1222
1088 1221
1088 1220
1088 1219
1088 1218
1088 1217
1088 1216
1088 1215
1088 1214
1088 1213
1087 1212
1087 1211
1087 1210
1087 1209
1086 1208
1085 1207
1085 1206
1085 1205
1084 1204
1084 1203
1084 1202
1084 1201
1084 1200
1084 1199
1083 1198
1083 1197
1083 1196
1083 1195
1082 1194
1082 1193
1082 1192
1082 1191
1081 1190
1081 1189
1080 1188
1080 1187
1079 1186
1079 1185
1078 1184
1077 1183
1077 1182
1077 1181
1076 1180
1075 1179
1074 1178
1073 1177
1073 1176
1072 1176
1071 1175
1071 1174
1070 1174
1069 1173
1069 1172
1068 1172
1067 1171
1066 1170
1065 1169
1064 1168
1063 1168
1062 1167
1061 1166
1060 1166
1059 1165
1058 1164
1057 1164
1056 1163
1055 1163
1054 1163
1053 1163
1052 1163
1051 1163
1050 1163
1049 1163
1048 1163
1047 1163
1046 1162
1045 1162
1044 1161
1043 1160
1042 1160
1041 1159
1041 1158
1040 1158
1039 1157
1038 1156
1037 1156
1036 1155
1035 1155
1034 1155
1033 1155
1032 1155
1031 1155
1030 1155
1029 1155
1028 1155
1027 1155
1026 1155
1025 1155
1024 1155
1023 1155
1022 1155
1021 1155
1020 1155
1019 1155
1018 1155
1017 1155
1016 1155
1015 1155
1014 1155
1013 1155
1012 1154
1011 1154
1010 1154
1009 1154
1008 1153
1007 1153
1006 1153
1005 1153
1004 1153
1003 1153
1002 1153
1001 1153
1000 1153
999 1153
998 1153
997 1153
996 1154
995 1154
994 1154
993 1154
992 1155
991 1155
990 1155
989 1155
988 1155
987 1155
986 1155
985 1155
984 1155
983 1155
982 1155
981 1155
980 1155
979 1155
978 1155
977 1155
976 1155
975 1155
974 1155
973 1155
972 1155
971 1155
970 1155
969 1155
968 1155
967 1155
966 1155
965 1155
964 1155
963 1155
962 1155
961 1155
960 1155
959 1155
958 1155
957 1155
956 1155
955 1155
954 1155
953 1155
952 1155
951 1155
950 1155
949 1155
948 1155
947 1155
946 1155
945 1155
944 1155
943 1155
942 1155
941 1155
940 1155
939 1155
938 1155
937 1155
936 1155
935 1155
934 1155
933 1155
932 1155
931 1155
930 1155
929 1155
928 1155
927 1155
926 1155
925 1155
924 1155
923 1155
922 1155
921 1155
920 1155
919 1155
918 1155
917 1155
916 1156
915 1156
914 1156
913 1156
912 1157
911 1157
910 1157
909 1157
908 1158
907 1158
906 1158
905 1158
904 1159
903 1159
902 1159
901 1159
900 1159
899 1159
898 1159
897 1159
896 1158
895 1158
894 1157
893 1156
892 1156
891 1155
890 1154
889 1154
888 1153
887 1153
886 1153
885 1153
884 1152
883 1152
882 1152
881 1152
880 1151
879 1151
878 1150
877 1150
876 1149
875 1149
874 1148
873 1148
872 1147
871 1147
870 1147
869 1147
868 1147
867 1147
866 1147
865 1147
864 1147
863 1147
862 1147
861 1147
