2175 2105
2174 2106
2173 2106
2172 2106
2171 2106
2170 2107
2169 2107
2168 2107
2167 2107
2166 2107
2165 2107
2164 2108
2163 2108
2162 2108
2161 2108
2160 2109
2159 2109
2158 2109
2157 2109
2156 2110
2155 2110
2154 2110
2153 2110
2152 2111
2151 2111
2150 2112
2149 2112
2148 2112
2147 2112
2146 2113
2145 2113
2144 2113
2143 2113
2142 2113
2141 2113
2140 2113
2139 2113
2138 2114
2137 2114
2136 2114
2135 2114
2134 2115
2133 2115
2132 2115
2131 2115
2130 2115
2129 2115
2128 2115
2127 2115
2126 2116
2125 2116
2124 2116
2123 2116
2122 2117
2121 2117
2120 2117
2119 2117
2118 2117
2117 2117
2116 2117
2115 2117
2114 2117
2113 2117
2112 2117
2111 2117
2110 2117
2109 2117
2108 2117
2107 2117
2106 2118
2105 2118
2104 2118
2103 2118
2102 2119
2101 2119
2100 2119
2099 2119
2098 2119
2097 2119
2096 2119
2095 2119
2094 2119
2093 2119
2092 2119
2091 2119
2090 2120
2089 2120
2088 2121
2087 2121
2086 2122
2085 2122
2084 2123
2083 2123
2082 2124
2081 2124
2080 2124
2079 2124
2078 2125
2077 2125
2076 2125
2075 2125
2074 2125
2073 2125
2072 2125
2071 2125
2070 2125
2069 2125
2068 2126
2067 2126
2066 2127
2065 2127
2064 2128
2063 2128
2062 2129
2061 2129
2060 2129
2059 2129
2058 2129
2057 2129
2056 2129
2055 2129
2054 2129
2053 2129
2052 2129
2051 2129
2050 2129
2049 2129
2048 2129
2047 2129
2046 2129
2045 2129
2044 2129
2043 2129
2042 2129
2041 2129
2040 2129
2039 2129
2038 2129
2037 2129
2036 2129
2035 2129
2034 2129
2033 2129
2032 2128
2031 2128
2030 2128
2029 2128
2028 2127
2027 2127
2026 2127
2025 2127
2024 2127
2023 2127
2022 2127
2021 2127
2020 2127
2019 2127
2018 2127
2017 2127
2016 2126
2015 2126
2014 2126
2013 2126
2012 2125
2011 2125
2010 2125
2009 2125
2008 2125
2007 2125
2006 2126
2005 2126
2004 2126
2003 2126
2002 2127
2001 2127
2000 2127
1999 2127
1998 2127
1997 2127
1996 2127
1995 2127
1994 2127
1993 2127
1992 2127
1991 2127
1990 2127
1989 2127
1988 2127
1987 2127
1986 2127
1985 2127
1984 2127
1983 2127
1982 2128
1981 2128
1980 2128
1979 2128
1978 2129
1977 2129
1976 2129
1975 2129
1974 2129
1973 2129
1972 2130
1971 2130
1970 2130
1969 2130
1968 2131
1967 2131
1966 2131
1965 2131
1964 2131
1963 2131
1962 2131
1961 2131
1960 2131
1959 2131
1958 2131
1957 2131
1956 2132
1955 2132
1954 2132
1953 2132
1952 2133
1951 2133
1950 2134
1949 2134
1948 2134
1947 2134
1946 2135
1945 2135
1944 2135
1943 2135
1942 2136
1941 2136
1940 2136
1939 2136
1938 2137
1937 2137
1936 2138
1935 2138
1934 2138
1933 2138
1932 2139
1931 2140
1930 2140
1929 2140
1928 2141
1927 2142
1926 2142
1925 2142
1924 2143
1923 2143
1922 2144
1921 2144
1920 2145
1919 2145
1918 2146
1917 2146
1916 2147
1915 2147
1914 2148
1913 2148
1912 2148
1911 2148
1910 2149
1909 2149
1908 2150
1907 2150
1906 2150
1905 2150
1904 2151
1903 2152
1902 2152
1901 2152
1900 2153
1899 2153
1898 2153
1897 2153
1896 2154
1895 2154
1894 2154
1893 2154
1892 2155
1891 2155
1890 2156
1889 2156
1888 2156
1887 2156
1886 2157
1885 2157
1884 2158
1883 2158
1882 2158
1881 2158
1880 2159
1879 2159
1878 2160
1877 2160
1876 2161
1875 2162
1874 2162
1873 2163
1872 2164
1871 2164
1870 2165
1869 2166
1868 2166
1867 2166
1866 2167
1865 2168
1864 2168
1863 2168
1862 2169
1861 2169
1860 2170
1859 2170
1858 2171
1857 2171
1856 2172
1855 2172
1854 2173
1853 2173
1852 2174
1851 2174
1850 2174
1849 2174
1848 2175
1847 2176
1846 2177
1845 2178
1844 2178
1844 2179
1843 2180
1842 2180
1841 2181
1840 2182
1839 2182
1838 2183
1837 2184
1836 2184
1835 2184
1834 2185
1833 2186
1832 2186
1831 2186
1830 2187
1829 2188
1828 2188
1827 2188
1826 2189
1825 2190
1824 2190
1823 2190
1822 2191
1821 2192
1820 2192
1819 2192
1818 2193
1817 2194
1816 2194
1815 2194
1814 2195
1813 2196
1812 2197
1811 2198
1810 2198
1809 2199
1808 2200
1807 2200
1806 2201
1805 2202
1804 2203
1803 2203
1802 2204
1801 2204
1800 2205
1799 2206
1798 2207
1797 2207
1796 2208
1795 2208
1794 2209
1793 2209
1792 2209
1791 2209
1790 2210
1789 2210
1788 2211
1787 2211
1786 2212
1785 2212
1784 2213
1783 2214
1782 2214
1781 2214
1780 2215
1779 2216
1778 2217
1777 2218
1776 2219
1776 2220
1775 2221
1775 2222
1775 2223
1775 2224
1775 2225
1775 2226
1775 2227
1775 2228
1775 2229
1775 2230
1776 2231
1776 2232
1776 2233
1776 2234
1777 2235
1778 2236
1779 2237
1780 2238
1781 2239
1782 2240
1783 2241
1784 2241
1785 2241
1786 2242
1787 2243
1788 2243
1789 2243
1790 2243
1791 2244
1792 2244
1793 2245
1794 2245
1795 2245
1796 2245
1797 2246
1798 2246
1799 2246
1800 2246
1801 2246
1802 2246
1803 2246
1804 2246
1805 2247
1806 2247
1807 2247
1808 2247
1809 2248
1810 2248
1811 2248
1812 2248
1813 2248
1814 2248
1815 2248
1816 2248
1817 2249
1818 2249
1819 2249
1820 2249
1821 2250
1822 2250
1823 2250
1824 2250
1825 2250
1826 2250
1827 2250
1828 2250
1829 2251
1830 2251
1831 2251
1832 2251
1833 2252
1834 2252
1835 2252
1836 2252
1837 2252
1838 2252
1839 2252
1840 2252
1841 2252
1842 2252
1843 2252
1844 2252
1845 2252
1846 2252
1847 2252
1848 2252
1849 2252
1850 2252
1851 2252
1852 2252
1853 2252
1854 2252
1855 2252
1856 2252
1857 2252
1858 2252
1859 2252
1860 2252
1861 2252
1862 2252
1863 2252
1864 2252
1865 2252
1866 2252
1867 2252
1868 2252
1869 2252
1870 2252
1871 2252
1872 2252
1873 2252
1874 2252
1875 2253
1876 2253
1877 2253
1878 2253
1879 2254
1880 2254
1881 2254
1882 2254
1883 2254
1884 2254
1885 2254
1886 2254
1887 2254
1888 2254
1889 2254
1890 2254
1891 2254
1892 2254
1893 2255
1894 2255
1895 2255
1896 2255
1897 2256
1898 2256
1899 2256
1900 2256
1901 2256
1902 2256
1903 2256
1904 2256
1905 2256
1906 2256
1907 2256
1908 2256
1909 2257
1910 2257
1911 2257
1912 2257
1913 2258
1914 2258
1915 2258
1916 2258
1917 2258
1918 2258
1919 2258
1920 2258
1921 2258
1922 2258
1923 2258
1924 2258
1925 2258
1926 2258
1927 2258
1928 2258
1929 2258
1930 2258
1931 2258
1932 2258
1933 2258
1934 2258
1935 2258
1936 2258
1937 2258
1938 2258
1939 2258
1940 2258
1941 2258
1942 2258
1943 2258
1944 2258
1945 2258
1946 2258
1947 2258
1948 2258
1949 2258
1950 2258
1951 2258
1952 2258
1953 2258
1954 2258
1955 2258
1956 2258
1957 2258
1958 2258
1959 2258
1960 2258
1961 2258
1962 2258
1963 2258
1964 2258
1965 2258
1966 2258
1967 2258
1968 2258
1969 2258
1970 2258
1971 2258
1972 2258
1973 2258
1974 2258
1975 2258
1976 2258
1977 2258
1978 2258
1979 2258
1980 2258
1981 2258
1982 2258
1983 2258
1984 2258
1985 2258
1986 2258
1987 2258
1988 2258
1989 2258
1990 2258
1991 2258
1992 2258
1993 2259
1994 2259
1995 2259
1996 2259
1997 2260
1998 2260
1999 2260
2000 2260
2001 2260
2002 2260
2003 2260
2004 2260
2005 2260
2006 2260
2007 2260
2008 2260
2009 2260
2010 2260
2011 2260
2012 2260
2013 2260
2014 2260
2015 2260
2016 2260
2017 2260
2018 2260
2019 2260
2020 2260
2021 2260
2022 2260
2023 2260
2024 2260
2025 2260
2026 2260
2027 2260
2028 2260
2029 2260
2030 2260
2031 2260
2032 2260
2033 2261
2034 2261
2035 2261
2036 2261
2037 2262
2038 2262
2039 2262
2040 2262
2041 2262
2042 2262
2043 2262
2044 2262
2045 2262
2046 2262
2047 2262
2048 2262
2049 2262
2050 2262
2051 2262
2052 2262
2053 2262
2054 2262
2055 2263
2056 2263
2057 2263
2058 2263
2059 2264
2060 2264
2061 2264
2062 2264
2063 2264
2064 2264
2065 2264
2066 2264
2067 2265
2068 2265
2069 2265
2070 2265
2071 2266
2072 2266
2073 2266
2074 2266
2075 2266
2076 2266
2077 2267
2078 2267
2079 2267
2080 2267
2081 2268
2082 2268
2083 2268
2084 2268
2085 2268
2086 2268
2087 2268
2088 2268
2089 2269
2090 2269
2091 2269
2092 2269
2093 2270
2094 2270
2095 2270
2096 2270
2097 2270
2098 2270
2099 2270
2100 2270
2101 2270
2102 2270
2103 2270
2104 2270
2105 2271
2106 2271
2107 2271
2108 2271
2109 2272
2110 2272
2111 2272
2112 2272
2113 2272
2114 2272
2115 2272
2116 2272
2117 2272
2118 2272
2119 2273
2120 2273
2121 2273
2122 2273
2123 2274
2124 2274
2125 2274
2126 2274
2127 2274
2128 2274
2129 2274
2130 2274
2131 2274
2132 2274
2133 2274
2134 2274
2135 2274
2136 2274
2137 2274
2138 2274
2139 2275
2140 2275
2141 2275
2142 2275
2143 2276
2144 2276
2145 2276
2146 2276
2147 2276
2148 2276
2149 2276
2150 2276
2151 2277
2152 2277
2153 2277
2154 2277
2155 2278
2156 2278
2157 2279
2158 2279
2159 2279
2160 2279
2161 2280
2162 2280
2163 2280
2164 2280
2165 2280
2166 2280
2167 2281
2168 2281
2169 2281
2170 2282
2171 2283
2172 2283
2173 2283
2174 2283
2175 2284
2176 2284
2177 2284
2178 2284
2179 2285
2180 2285
2181 2285
2182 2285
2183 2286
2184 2286
2185 2286
2186 2286
2187 2286
2188 2286
2189 2286
2190 2286
2191 2286
2192 2286
2193 2286
2194 2286
2195 2285
2196 2285
2197 2284
2198 2283
2199 2283
2199 2282
2200 2281
2201 2281
2202 2280
2203 2279
2204 2279
2205 2278
2206 2278
2207 2277
2208 2277
2209 2277
2210 2277
2211 2276
2212 2276
2213 2276
2214 2276
2215 2277
2216 2277
2217 2277
2218 2278
2219 2279
2220 2279
2221 2279
2222 2279
2223 2280
2224 2280
2225 2281
2226 2281
2227 2281
2228 2281
2229 2282
2230 2282
2231 2283
2232 2283
2233 2283
2234 2284
2235 2285
2236 2285
2237 2285
2238 2285
2239 2286
2240 2286
2241 2287
2242 2287
2243 2287
2244 2287
2245 2288
2246 2288
2247 2289
2248 2289
2249 2289
2250 2289
2251 2290
2252 2290
2253 2290
2254 2290
2255 2290
2256 2290
2257 2290
2258 2290
2259 2290
2260 2290
2261 2290
2262 2290
2263 2290
2264 2290
2265 2290
2266 2290
2267 2290
2268 2290
2269 2290
2270 2290
2271 2290
2272 2290
2273 2289
2274 2289
2275 2289
2276 2289
2277 2288
2278 2287
2279 2287
2280 2287
2281 2286
2282 2285
2283 2285
2284 2285
2285 2284
2286 2284
2287 2283
2288 2283
2289 2283
2290 2283
2291 2282
2292 2281
2293 2281
2294 2281
2295 2280
2296 2279
2297 2278
2298 2278
2299 2277
2300 2277
2301 2276
2302 2276
2303 2275
2304 2275
2305 2274
2306 2273
2307 2273
2308 2272
2309 2271
2310 2271
2311 2270
2312 2269
2313 2268
2314 2267
2315 2267
2315 2266
2316 2265
2317 2265
2317 2264
2318 2263
2319 2263
2320 2262
2321 2261
2322 2261
2323 2260
2324 2259
2325 2258
2326 2257
2327 2257
2327 2256
2328 2255
2329 2255
2329 2254
2330 2253
2331 2252
2332 2251
2333 2250
2333 2249
2333 2248
2333 2247
2334 2246
2334 2245
2335 2244
2335 2243
2335 2242
2335 2241
2336 2240
2336 2239
2336 2238
2336 2237
2337 2236
2337 2235
2337 2234
2338 2233
2339 2232
2339 2231
2339 2230
2340 2229
2341 2228
2341 2227
2341 2226
2342 2225
2343 2224
2343 2223
2343 2222
2344 2221
2345 2220
2345 2219
2345 2218
2346 2217
2347 2216
2347 2215
2347 2214
2347 2213
2348 2212
2348 2211
2348 2210
2348 2209
2349 2208
2349 2207
2349 2206
2350 2205
2351 2204
2351 2203
2351 2202
2352 2201
2353 2200
2353 2199
2353 2198
2353 2197
2354 2196
2354 2195
2353 2194
2352 2193
2351 2192
2350 2191
2349 2191
2348 2190
2347 2189
2346 2188
2345 2188
2344 2188
2343 2188
2342 2187
2341 2187
2340 2187
2339 2187
2338 2187
2337 2187
2336 2187
2335 2187
2334 2186
2333 2186
2332 2185
2331 2184
2330 2184
2329 2183
2328 2182
2327 2182
2326 2181
2325 2181
2324 2181
2323 2181
2322 2180
2321 2180
2320 2180
2319 2179
2318 2178
2317 2178
2316 2177
2315 2177
2314 2176
2313 2176
2312 2175
2311 2175
2310 2174
2309 2174
2308 2174
2307 2173
2306 2172
2305 2172
2304 2171
2303 2171
2302 2170
2301 2169
2300 2168
2299 2168
2298 2167
2297 2166
2296 2166
2295 2165
2295 2164
2294 2164
2293 2163
2293 2162
2292 2162
2291 2161
2291 2160
2290 2160
2289 2159
2288 2158
2287 2158
2286 2157
2285 2157
2284 2156
2283 2156
2282 2156
2281 2155
2280 2154
2279 2154
2278 2153
2277 2152
2276 2152
2275 2151
2275 2150
2274 2150
2273 2149
2273 2148
2272 2148
2271 2147
2271 2146
2270 2146
2269 2145
2269 2144
2268 2144
2267 2143
2267 2142
2266 2142
2265 2141
2265 2140
2264 2140
2263 2139
2262 2138
2261 2138
2260 2137
2259 2137
2258 2136
2257 2136
2256 2135
2255 2135
2254 2134
2253 2133
2252 2132
2251 2132
2250 2131
2249 2130
2248 2130
2247 2129
2247 2128
2246 2128
2245 2127
2245 2126
2244 2126
2243 2125
2243 2124
2242 2123
2241 2122
2241 2121
2240 2120
2239 2119
2238 2118
2237 2117
2236 2116
2235 2116
2234 2115
2233 2115
2232 2115
2231 2115
2230 2115
2229 2115
2228 2114
2227 2114
2226 2113
2225 2113
2224 2112
2223 2111
2222 2110
2221 2110
2220 2110
2219 2109
2218 2108
2217 2108
2216 2108
2215 2108
2214 2107
2213 2107
2212 2107
2211 2107
2210 2107
2209 2107
2208 2107
2207 2107
2206 2107
2205 2107
2204 2106
2203 2106
2202 2106
2201 2106
2200 2105
2199 2105
2198 2105
2197 2105
2196 2105
2195 2105
2194 2105
2193 2105
2192 2105
2191 2105
2190 2105
2189 2105
2188 2105
2187 2105
2186 2105
2185 2105
2184 2105
2183 2105
2182 2105
2181 2105
2180 2105
2179 2105
2178 2105
2177 2105
2176 2105
2175 2105
