1771 3449
1770 3450
1769 3450
1768 3451
1767 3452
1766 3453
1765 3454
1764 3455
1764 3456
1764 3457
1764 3458
1763 3459
1763 3460
1762 3461
1762 3462
1762 3463
1762 3464
1761 3465
1761 3466
1761 3467
1761 3468
1761 3469
1761 3470
1761 3471
1761 3472
1760 3473
1760 3474
1760 3475
1760 3476
1759 3477
1759 3478
1759 3479
1759 3480
1759 3481
1759 3482
1759 3483
1759 3484
1759 3485
1759 3486
1758 3487
1758 3488
1758 3489
1758 3490
1757 3491
1757 3492
1757 3493
1757 3494
1757 3495
1757 3496
1757 3497
1757 3498
1757 3499
1757 3500
1757 3501
1757 3502
1756 3503
1756 3504
1756 3505
1755 3506
1754 3507
1754 3508
1754 3509
1754 3510
1753 3511
1753 3512
1752 3513
1752 3514
1752 3515
1752 3516
1751 3517
1751 3518
1751 3519
1751 3520
1751 3521
1751 3522
1751 3523
1751 3524
1751 3525
1751 3526
1751 3527
1751 3528
1751 3529
1751 3530
1750 3531
1750 3532
1750 3533
1750 3534
1749 3535
1749 3536
1749 3537
1749 3538
1749 3539
1749 3540
1749 3541
1749 3542
1749 3543
1749 3544
1749 3545
1749 3546
1749 3547
1749 3548
1749 3549
1749 3550
1749 3551
1749 3552
1749 3553
1749 3554
1749 3555
1749 3556
1749 3557
1749 3558
1750 3559
1750 3560
1750 3561
1750 3562
1751 3563
1752 3564
1753 3565
1754 3566
1754 3567
1755 3568
1756 3569
1756 3570
1757 3571
1758 3572
1759 3573
1760 3574
1760 3575
1761 3575
1762 3576
1763 3577
1764 3577
1765 3578
1766 3578
1767 3578
1768 3578
1769 3579
1770 3579
1771 3579
1772 3579
1773 3580
1774 3580
1775 3581
1776 3581
1777 3581
1778 3581
1779 3582
1780 3582
1781 3582
1782 3582
1783 3581
1784 3581
1785 3581
1786 3581
1787 3580
1788 3580
1789 3580
1790 3580
1791 3580
1792 3580
1793 3580
1794 3580
1795 3581
1796 3581
1797 3582
1798 3582
1799 3583
1800 3583
1801 3584
1802 3584
1803 3584
1804 3584
1805 3584
1806 3584
1807 3584
1808 3584
1809 3584
1810 3584
1811 3584
1812 3584
1813 3584
1814 3584
1815 3584
1816 3584
1817 3584
1818 3584
1819 3584
1820 3584
1821 3584
1822 3584
1823 3584
1824 3584
1825 3584
1826 3584
1827 3585
1828 3585
1829 3585
1830 3586
1831 3587
1832 3587
1833 3587
1834 3587
1835 3588
1836 3588
1837 3589
1838 3589
1839 3589
1840 3590
1841 3591
1842 3591
1843 3591
1844 3591
1845 3592
1846 3592
1847 3593
1848 3593
1849 3593
1850 3593
1851 3594
1852 3594
1853 3595
1854 3595
1855 3595
1856 3595
1857 3596
1858 3596
1859 3596
1860 3596
1861 3597
1862 3597
1863 3597
1864 3597
1865 3598
1866 3598
1867 3599
1868 3599
1869 3599
1870 3599
1871 3600
1872 3600
1873 3600
1874 3600
1875 3600
1876 3600
1877 3601
1878 3601
1879 3601
1880 3601
1881 3602
1882 3602
1883 3603
1884 3603
1885 3603
1886 3603
1887 3604
1888 3604
1889 3605
1890 3605
1891 3605
1892 3606
1893 3607
1894 3607
1895 3607
1896 3608
1897 3609
1898 3609
1899 3609
1900 3609
1901 3610
1902 3610
1903 3611
1904 3611
1905 3611
1906 3611
1907 3612
1908 3612
1909 3612
1910 3612
1911 3612
1912 3612
1913 3613
1914 3613
1915 3613
1916 3613
1917 3614
1918 3614
1919 3614
1920 3614
1921 3614
1922 3614
1923 3614
1924 3614
1925 3614
1926 3614
1927 3614
1928 3614
1929 3614
1930 3614
1931 3614
1932 3614
1933 3614
1934 3614
1935 3614
1936 3614
1937 3615
1938 3615
1939 3615
1940 3615
1941 3616
1942 3616
1943 3616
1944 3616
1945 3617
1946 3617
1947 3617
1948 3617
1949 3618
1950 3618
1951 3618
1952 3618
1953 3618
1954 3618
1955 3618
1956 3618
1957 3618
1958 3618
1959 3618
1960 3618
1961 3618
1962 3618
1963 3618
1964 3618
1965 3618
1966 3618
1967 3618
1968 3618
1969 3618
1970 3618
1971 3618
1972 3618
1973 3618
1974 3618
1975 3618
1976 3618
1977 3618
1978 3618
1979 3618
1980 3618
1981 3618
1982 3618
1983 3618
1984 3618
1985 3618
1986 3618
1987 3618
1988 3618
1989 3617
1990 3617
1991 3617
1992 3617
1993 3616
1994 3615
1995 3615
1996 3615
1997 3614
1998 3613
1999 3613
2000 3613
2001 3612
2002 3611
2003 3611
2004 3611
2005 3610
2006 3609
2007 3609
2008 3609
2009 3608
2010 3607
2011 3606
2012 3605
2013 3605
2014 3604
2015 3603
2016 3603
2017 3602
2018 3602
2019 3602
2020 3602
2021 3601
2022 3601
2023 3601
2024 3601
2025 3600
2026 3599
2027 3598
2028 3597
2029 3597
2029 3596
2030 3595
2031 3595
2032 3594
2033 3593
2034 3593
2035 3592
2036 3591
2037 3591
2038 3591
2039 3590
2040 3590
2041 3590
2042 3590
2043 3589
2044 3589
2045 3589
2046 3589
2047 3588
2048 3587
2049 3587
2050 3587
2051 3586
2052 3585
2053 3585
2054 3585
2055 3584
2056 3584
2057 3584
2058 3584
2059 3583
2060 3583
2061 3583
2062 3583
2063 3582
2064 3582
2065 3581
2066 3581
2067 3581
2068 3581
2069 3580
2070 3580
2071 3580
2072 3580
2073 3579
2074 3579
2075 3579
2076 3579
2077 3578
2078 3578
2079 3578
2080 3578
2081 3577
2082 3577
2083 3577
2084 3577
2085 3576
2086 3576
2087 3576
2088 3576
2089 3576
2090 3576
2091 3575
2092 3575
2093 3575
2094 3575
2095 3574
2096 3573
2097 3572
2098 3572
2099 3571
2100 3571
2101 3570
2102 3570
2103 3570
2104 3570
2105 3569
2106 3569
2107 3569
2108 3569
2109 3568
2110 3567
2111 3566
2112 3565
2113 3564
2114 3563
2115 3562
2115 3561
2115 3560
2115 3559
2116 3558
2116 3557
2116 3556
2116 3555
2117 3554
2117 3553
2117 3552
2117 3551
2118 3550
2118 3549
2118 3548
2118 3547
2119 3546
2120 3546
2121 3546
2122 3546
2123 3545
2124 3545
2125 3544
2125 3543
2126 3542
2126 3541
2127 3540
2127 3539
2128 3538
2129 3537
2129 3536
2130 3535
2131 3534
2131 3533
2132 3532
2132 3531
2132 3530
2132 3529
2132 3528
2132 3527
2132 3526
2132 3525
2132 3524
2132 3523
2132 3522
2132 3521
2132 3520
2132 3519
2132 3518
2132 3517
2133 3516
2133 3515
2134 3514
2135 3513
2135 3512
2136 3511
2137 3511
2137 3510
2138 3509
2139 3509
2139 3508
2140 3507
2141 3507
2141 3506
2142 3505
2143 3505
2143 3504
2144 3503
2145 3503
2145 3502
2146 3501
2147 3501
2147 3500
2148 3499
2149 3499
2149 3498
2150 3497
2151 3496
2152 3495
2153 3494
2153 3493
2153 3492
2153 3491
2153 3490
2153 3489
2152 3488
2152 3487
2151 3486
2151 3485
2150 3484
2149 3483
2148 3482
2147 3481
2146 3480
2145 3480
2144 3479
2143 3479
2142 3479
2141 3479
2140 3478
2139 3478
2138 3478
2137 3477
2136 3476
2135 3476
2134 3476
2133 3475
2132 3474
2131 3474
2130 3474
2129 3474
2128 3473
2127 3473
2126 3473
2125 3473
2124 3473
2123 3473
2122 3473
2121 3473
2120 3473
2119 3473
2118 3473
2117 3473
2116 3473
2115 3473
2114 3473
2113 3473
2112 3474
2111 3474
2110 3474
2109 3474
2108 3475
2107 3475
2106 3476
2105 3476
2104 3476
2103 3476
2102 3477
2101 3477
2100 3477
2099 3477
2098 3477
2097 3477
2096 3477
2095 3477
2094 3477
2093 3477
2092 3476
2091 3476
2090 3476
2089 3476
2088 3475
2087 3475
2086 3475
2085 3475
2084 3475
2083 3475
2082 3474
2081 3474
2080 3473
2079 3473
2078 3472
2077 3472
2076 3471
2075 3471
2074 3471
2073 3471
2072 3471
2071 3471
2070 3471
2069 3471
2068 3471
2067 3471
2066 3471
2065 3471
2064 3471
2063 3471
2062 3471
2061 3471
2060 3471
2059 3471
2058 3471
2057 3471
2056 3470
2055 3470
2054 3469
2053 3469
2052 3468
2051 3468
2050 3467
2049 3467
2048 3467
2047 3467
2046 3467
2045 3467
2044 3467
2043 3467
2042 3467
2041 3467
2040 3467
2039 3467
2038 3467
2037 3467
2036 3467
2035 3467
2034 3467
2033 3467
2032 3466
2031 3466
2030 3466
2029 3466
2028 3465
2027 3465
2026 3465
2025 3465
2024 3464
2023 3464
2022 3464
2021 3464
2020 3463
2019 3463
2018 3463
2017 3463
2016 3463
2015 3463
2014 3463
2013 3463
2012 3463
2011 3463
2010 3463
2009 3463
2008 3463
2007 3463
2006 3463
2005 3463
2004 3462
2003 3462
2002 3462
2001 3462
2000 3461
1999 3461
1998 3461
1997 3461
1996 3461
1995 3461
1994 3461
1993 3461
1992 3461
1991 3461
1990 3460
1989 3460
1988 3460
1987 3460
1986 3459
1985 3459
1984 3459
1983 3459
1982 3459
1981 3459
1980 3459
1979 3459
1978 3459
1977 3459
1976 3459
1975 3459
1974 3459
1973 3459
1972 3459
1971 3459
1970 3459
1969 3459
1968 3459
1967 3459
1966 3459
1965 3459
1964 3459
1963 3459
1962 3459
1961 3459
1960 3459
1959 3459
1958 3459
1957 3459
1956 3459
1955 3459
1954 3459
1953 3459
1952 3459
1951 3459
1950 3459
1949 3459
1948 3459
1947 3459
1946 3459
1945 3459
1944 3460
1943 3460
1942 3460
1941 3460
1940 3461
1939 3462
1938 3462
1937 3462
1936 3463
1935 3463
1934 3464
1933 3464
1932 3464
1931 3464
1930 3465
1929 3465
1928 3465
1927 3465
1926 3465
1925 3465
1924 3465
1923 3465
1922 3465
1921 3465
1920 3465
1919 3465
1918 3465
1917 3465
1916 3465
1915 3465
1914 3465
1913 3465
1912 3465
1911 3465
1910 3466
1909 3466
1908 3466
1907 3466
1906 3467
1905 3467
1904 3468
1903 3468
1902 3468
1901 3468
1900 3469
1899 3469
1898 3469
1897 3469
1896 3469
1895 3469
1894 3470
1893 3470
1892 3470
1891 3470
1890 3471
1889 3471
1888 3471
1887 3471
1886 3471
1885 3471
1884 3470
1883 3470
1882 3470
1881 3470
1880 3469
1879 3469
1878 3469
1877 3469
1876 3469
1875 3469
1874 3469
1873 3469
1872 3469
1871 3469
1870 3469
1869 3469
1868 3469
1867 3469
1866 3469
1865 3469
1864 3468
1863 3468
1862 3468
1861 3468
1860 3467
1859 3467
1858 3467
1857 3467
1856 3467
1855 3467
1854 3467
1853 3467
1852 3466
1851 3466
1850 3466
1849 3466
1848 3465
1847 3465
1846 3465
1845 3465
1844 3465
1843 3465
1842 3465
1841 3465
1840 3465
1839 3465
1838 3465
1837 3465
1836 3465
1835 3465
1834 3465
1833 3465
1832 3465
1831 3465
1830 3465
1829 3465
1828 3465
1827 3465
1826 3465
1825 3465
1824 3465
1823 3465
1822 3465
1821 3465
1820 3465
1819 3465
1818 3464
1817 3464
1816 3464
1815 3463
1814 3462
1813 3462
1812 3462
1811 3462
1810 3461
1809 3461
1808 3461
1807 3461
1806 3460
1805 3460
1804 3459
1803 3459
1802 3458
1801 3457
1800 3456
1799 3456
1798 3456
1797 3455
1796 3454
1795 3454
1794 3454
1793 3453
1792 3452
1791 3452
1790 3451
1789 3451
1788 3450
1787 3450
1786 3449
1785 3449
1784 3449
1783 3449
1782 3449
1781 3449
1780 3449
1779 3449
1778 3449
1777 3449
1776 3449
1775 3449
1774 3449
1773 3449
1772 3449
1771 3449
