1253 3629
1252 3630
1251 3630
1250 3630
1249 3630
1248 3631
1247 3631
1246 3631
1245 3631
1244 3631
1243 3631
1242 3632
1241 3632
1240 3632
1239 3632
1238 3633
1237 3633
1236 3634
1235 3634
1234 3634
1233 3634
1232 3635
1231 3635
1230 3635
1229 3635
1228 3635
1227 3635
1226 3635
1225 3635
1224 3635
1223 3635
1222 3635
1221 3635
1220 3635
1219 3635
1218 3635
1217 3635
1216 3636
1215 3636
1214 3636
1213 3636
1212 3637
1211 3637
1210 3637
1209 3637
1208 3638
1207 3638
1206 3638
1205 3638
1204 3639
1203 3639
1202 3639
1201 3639
1200 3640
1199 3640
1198 3640
1197 3640
1196 3641
1195 3641
1194 3641
1193 3641
1192 3642
1191 3642
1190 3642
1189 3642
1188 3643
1187 3643
1186 3643
1185 3643
1184 3644
1183 3644
1182 3644
1181 3644
1180 3645
1179 3645
1178 3646
1177 3646
1176 3646
1175 3646
1174 3647
1173 3647
1172 3647
1171 3647
1170 3647
1169 3647
1168 3647
1167 3647
1166 3647
1165 3647
1164 3647
1163 3647
1162 3647
1161 3647
1160 3647
1159 3647
1158 3647
1157 3647
1156 3647
1155 3647
1154 3647
1153 3647
1152 3647
1151 3647
1150 3647
1149 3647
1148 3647
1147 3647
1146 3647
1145 3647
1144 3647
1143 3647
1142 3647
1141 3647
1140 3648
1139 3648
1138 3648
1137 3648
1136 3649
1135 3650
1134 3650
1133 3650
1132 3651
1131 3652
1130 3652
1129 3652
1128 3653
1127 3653
1126 3654
1125 3654
1124 3654
1123 3654
1122 3655
1121 3655
1120 3656
1119 3656
1118 3656
1117 3656
1116 3657
1115 3657
1114 3658
1113 3658
1112 3658
1111 3658
1110 3659
1109 3659
1108 3660
1107 3660
1106 3660
1105 3660
1104 3661
1103 3662
1102 3662
1101 3662
1100 3663
1099 3663
1098 3663
1097 3663
1096 3664
1095 3664
1094 3664
1093 3664
1092 3665
1091 3666
1090 3666
1089 3666
1088 3667
1087 3667
1086 3667
1085 3667
1084 3667
1083 3667
1082 3667
1081 3667
1080 3667
1079 3667
1078 3667
1077 3667
1076 3667
1075 3667
1074 3667
1073 3667
1072 3667
1071 3667
1070 3667
1069 3667
1068 3667
1067 3667
1066 3667
1065 3667
1064 3667
1063 3667
1062 3667
1061 3667
1060 3666
1059 3666
1058 3666
1057 3666
1056 3665
1055 3665
1054 3665
1053 3665
1052 3665
1051 3665
1050 3665
1049 3665
1048 3665
1047 3665
1046 3665
1045 3665
1044 3666
1043 3666
1042 3666
1041 3666
1040 3667
1039 3668
1038 3669
1037 3670
1036 3670
1035 3671
1034 3672
1033 3672
1032 3673
1031 3673
1030 3674
1029 3674
1028 3675
1027 3675
1026 3676
1025 3676
1024 3677
1023 3678
1022 3679
1021 3680
1020 3680
1020 3681
1019 3682
1018 3682
1018 3683
1017 3684
1016 3684
1016 3685
1015 3686
1014 3686
1013 3687
1012 3688
1011 3688
1010 3689
1009 3690
1008 3691
1007 3692
1006 3692
1006 3693
1005 3694
1004 3694
1004 3695
1003 3696
1002 3696
1002 3697
1001 3698
1000 3699
1000 3700
999 3701
999 3702
999 3703
999 3704
999 3705
999 3706
999 3707
999 3708
1000 3709
1000 3710
1001 3711
1002 3712
1003 3713
1004 3713
1005 3714
1006 3714
1007 3715
1008 3715
1009 3715
1010 3715
1011 3716
1012 3716
1013 3716
1014 3716
1015 3717
1016 3717
1017 3718
1018 3718
1019 3719
1020 3719
1021 3720
1022 3720
1023 3721
1024 3721
1025 3721
1026 3721
1027 3722
1028 3722
1029 3722
1030 3722
1031 3723
1032 3723
1033 3723
1034 3723
1035 3724
1036 3724
1037 3725
1038 3725
1039 3725
1040 3726
1041 3727
1042 3727
1043 3727
1044 3727
1045 3728
1046 3728
1047 3729
1048 3729
1049 3729
1050 3730
1051 3731
1052 3731
1053 3732
1054 3732
1055 3733
1056 3733
1057 3734
1058 3734
1059 3735
1060 3735
1061 3735
1062 3736
1063 3737
1064 3737
1065 3737
1066 3738
1067 3739
1068 3739
1069 3739
1070 3740
1071 3741
1072 3741
1073 3741
1074 3742
1075 3743
1076 3743
1077 3744
1078 3744
1079 3745
1080 3746
1081 3747
1082 3747
1083 3747
1084 3747
1085 3748
1086 3748
1087 3749
1088 3749
1089 3750
1090 3751
1091 3751
1092 3752
1092 3753
1093 3753
1094 3754
1094 3755
1095 3756
1096 3757
1096 3758
1097 3759
1098 3760
1099 3761
1100 3762
1101 3763
1102 3764
1103 3765
1104 3765
1105 3766
1106 3767
1107 3767
1108 3768
1108 3769
1109 3769
1110 3770
1110 3771
1111 3771
1112 3772
1112 3773
1113 3773
1114 3774
1114 3775
1115 3776
1116 3777
1116 3778
1117 3779
1118 3780
1119 3781
1120 3782
1120 3783
1121 3783
1122 3784
1122 3785
1123 3786
1124 3787
1124 3788
1125 3789
1126 3790
1127 3791
1128 3792
1128 3793
1129 3793
1130 3794
1130 3795
1131 3795
1132 3796
1132 3797
1133 3797
1134 3798
1134 3799
1135 3799
1136 3800
1136 3801
1137 3801
1138 3802
1139 3803
1140 3803
1141 3804
1142 3804
1143 3805
1144 3805
1145 3805
1146 3806
1147 3807
1148 3807
1149 3807
1150 3807
1151 3808
1152 3808
1153 3809
1154 3809
1155 3809
1156 3809
1157 3810
1158 3810
1159 3810
1160 3810
1161 3811
1162 3811
1163 3811
1164 3812
1165 3813
1166 3813
1167 3813
1168 3814
1169 3815
1170 3815
1171 3815
1172 3815
1173 3816
1174 3816
1175 3816
1176 3816
1177 3817
1178 3817
1179 3817
1180 3817
1181 3818
1182 3818
1183 3818
1184 3818
1185 3819
1186 3819
1187 3819
1188 3819
1189 3820
1190 3820
1191 3820
1192 3820
1193 3820
1194 3820
1195 3820
1196 3820
1197 3820
1198 3820
1199 3820
1200 3820
1201 3821
1202 3821
1203 3821
1204 3821
1205 3822
1206 3822
1207 3822
1208 3822
1209 3822
1210 3822
1211 3822
1212 3822
1213 3823
1214 3823
1215 3823
1216 3823
1217 3824
1218 3824
1219 3823
1220 3823
1221 3822
1222 3822
1223 3821
1224 3821
1225 3820
1226 3820
1227 3820
1228 3820
1229 3820
1230 3820
1231 3820
1232 3820
1233 3820
1234 3820
1235 3820
1236 3820
1237 3819
1238 3819
1239 3818
1240 3817
1241 3817
1242 3816
1243 3815
1244 3815
1245 3814
1246 3814
1247 3814
1248 3814
1249 3814
1250 3814
1251 3813
1252 3813
1253 3813
1254 3813
1255 3812
1256 3812
1257 3812
1258 3812
1259 3812
1260 3812
1261 3812
1262 3812
1263 3811
1264 3811
1265 3810
1266 3809
1267 3809
1267 3808
1268 3807
1269 3807
1269 3806
1270 3805
1271 3805
1272 3804
1273 3803
1274 3803
1275 3802
1276 3802
1277 3802
1278 3802
1279 3802
1280 3802
1281 3802
1282 3802
1283 3802
1284 3802
1285 3801
1286 3801
1287 3801
1288 3801
1289 3800
1290 3800
1291 3799
1292 3799
1293 3799
1294 3799
1295 3798
1296 3798
1297 3797
1298 3797
1299 3797
1300 3797
1301 3796
1302 3796
1303 3796
1304 3796
1305 3795
1306 3795
1307 3795
1308 3795
1309 3794
1310 3794
1311 3793
1312 3793
1313 3792
1314 3792
1315 3791
1316 3791
1317 3790
1318 3790
1319 3789
1320 3789
1321 3788
1322 3787
1323 3787
1324 3786
1325 3785
1326 3785
1327 3784
1328 3783
1329 3782
1330 3781
1331 3781
1331 3780
1332 3779
1333 3779
1334 3778
1335 3777
1336 3777
1337 3776
1338 3775
1339 3774
1340 3773
1341 3773
1341 3772
1342 3771
1343 3771
1343 3770
1344 3769
1345 3769
1345 3768
1346 3767
1347 3767
1347 3766
1348 3765
1349 3765
1349 3764
1350 3763
1351 3763
1351 3762
1352 3761
1353 3760
1354 3759
1355 3758
1355 3757
1355 3756
1356 3755
1357 3754
1357 3753
1357 3752
1358 3751
1359 3750
1359 3749
1359 3748
1360 3747
1361 3746
1361 3745
1361 3744
1361 3743
1362 3742
1362 3741
1362 3740
1362 3739
1362 3738
1362 3737
1363 3736
1363 3735
1363 3734
1363 3733
1364 3732
1364 3731
1364 3730
1364 3729
1364 3728
1364 3727
1365 3726
1365 3725
1365 3724
1365 3723
1366 3722
1366 3721
1367 3720
1367 3719
1367 3718
1367 3717
1368 3716
1368 3715
1369 3714
1369 3713
1370 3712
1370 3711
1371 3710
1371 3709
1372 3708
1372 3707
1372 3706
1372 3705
1372 3704
1372 3703
1371 3702
1371 3701
1370 3700
1369 3699
1369 3698
1368 3698
1367 3697
1367 3696
1366 3696
1365 3695
1365 3694
1364 3694
1363 3693
1363 3692
1362 3692
1361 3691
1361 3690
1360 3690
1359 3689
1359 3688
1358 3688
1357 3687
1357 3686
1356 3686
1355 3685
1355 3684
1354 3684
1353 3683
1353 3682
1352 3682
1351 3681
1351 3680
1350 3680
1349 3679
1349 3678
1348 3678
1347 3677
1347 3676
1346 3676
1345 3675
1345 3674
1344 3674
1343 3673
1343 3672
1342 3672
1341 3671
1341 3670
1340 3670
1339 3669
1339 3668
1338 3668
1337 3667
1337 3666
1336 3666
1335 3665
1335 3664
1334 3664
1333 3663
1333 3662
1332 3662
1331 3661
1331 3660
1330 3660
1329 3659
1329 3658
1328 3658
1327 3657
1327 3656
1326 3656
1325 3655
1325 3654
1324 3654
1323 3653
1323 3652
1322 3652
1321 3651
1320 3650
1319 3650
1318 3649
1317 3649
1316 3649
1315 3649
1314 3649
1313 3649
1312 3648
1311 3648
1310 3648
1309 3648
1308 3647
1307 3647
1306 3646
1305 3646
1304 3645
1303 3644
1302 3644
1301 3643
1300 3642
1299 3641
1298 3640
1297 3640
1296 3639
1295 3639
1294 3638
1293 3637
1292 3636
1291 3636
1290 3636
1289 3635
1288 3634
1287 3634
1286 3634
1285 3634
1284 3633
1283 3633
1282 3632
1281 3632
1280 3631
1279 3631
1278 3630
1277 3630
1276 3629
1275 3629
1274 3629
1273 3629
1272 3629
1271 3629
1270 3629
1269 3629
1268 3629
1267 3629
1266 3629
1265 3629
1264 3629
1263 3629
1262 3629
1261 3629
1260 3629
1259 3629
1258 3629
1257 3629
1256 3629
1255 3629
1254 3629
1253 3629
