509 2787
508 2788
507 2788
506 2788
505 2788
504 2789
503 2789
502 2789
501 2789
500 2789
499 2789
498 2789
497 2789
496 2790
495 2790
494 2790
493 2790
492 2791
491 2791
490 2791
489 2791
488 2791
487 2791
486 2791
485 2791
484 2791
483 2791
482 2791
481 2791
480 2791
479 2791
478 2791
477 2791
476 2791
475 2791
474 2791
473 2791
472 2791
471 2791
470 2791
469 2791
468 2791
467 2791
466 2791
465 2791
464 2791
463 2791
462 2791
461 2791
460 2791
459 2791
458 2791
457 2791
456 2791
455 2791
454 2792
453 2792
452 2792
451 2792
450 2793
449 2793
448 2793
447 2793
446 2793
445 2793
444 2793
443 2793
442 2793
441 2793
440 2793
439 2793
438 2793
437 2793
436 2793
435 2793
434 2793
433 2793
432 2793
431 2793
430 2793
429 2793
428 2793
427 2793
426 2794
425 2794
424 2794
423 2794
422 2795
421 2795
420 2796
419 2796
418 2796
417 2796
416 2797
415 2797
414 2798
413 2798
412 2798
411 2798
410 2799
409 2799
408 2799
407 2799
406 2799
405 2799
404 2800
403 2800
402 2800
401 2800
400 2801
399 2801
398 2801
397 2801
396 2802
395 2802
394 2802
393 2802
392 2803
391 2803
390 2804
389 2804
388 2804
387 2804
386 2805
385 2806
384 2806
383 2806
382 2807
381 2807
380 2808
379 2808
378 2809
377 2809
376 2810
375 2810
374 2811
373 2812
372 2812
371 2812
370 2813
369 2814
368 2814
367 2814
366 2815
365 2816
364 2816
363 2816
362 2817
361 2818
360 2818
359 2818
358 2819
357 2819
356 2820
355 2820
354 2820
353 2820
352 2821
351 2822
350 2822
349 2822
348 2823
347 2823
346 2823
345 2823
344 2824
343 2824
342 2824
341 2824
340 2825
339 2825
338 2826
337 2826
336 2827
335 2827
334 2828
333 2828
332 2829
331 2830
330 2830
329 2830
328 2831
327 2831
326 2832
325 2832
324 2833
323 2834
322 2834
321 2835
320 2836
319 2836
318 2837
317 2838
316 2839
315 2839
314 2840
313 2840
312 2841
311 2842
310 2842
309 2842
308 2843
307 2844
306 2844
305 2844
304 2845
303 2846
302 2847
301 2847
300 2848
299 2848
298 2849
297 2849
296 2850
295 2850
294 2850
293 2850
292 2851
291 2852
290 2853
289 2854
288 2855
288 2856
287 2857
286 2858
285 2859
284 2860
283 2860
282 2861
281 2862
280 2863
280 2864
279 2865
279 2866
279 2867
279 2868
279 2869
279 2870
279 2871
279 2872
279 2873
279 2874
279 2875
279 2876
280 2877
280 2878
280 2879
280 2880
281 2881
281 2882
282 2883
282 2884
282 2885
282 2886
283 2887
284 2888
285 2889
285 2890
286 2891
286 2892
287 2893
287 2894
288 2895
288 2896
288 2897
288 2898
289 2899
289 2900
290 2901
290 2902
291 2903
292 2904
293 2905
294 2905
295 2906
296 2906
297 2906
298 2906
299 2907
300 2907
301 2908
302 2909
303 2909
304 2910
304 2911
305 2911
306 2912
307 2913
308 2913
309 2914
310 2914
311 2915
312 2915
313 2915
314 2916
315 2917
316 2917
317 2917
318 2918
319 2919
320 2919
321 2919
322 2920
323 2921
324 2921
325 2922
326 2923
326 2924
327 2925
328 2926
329 2927
330 2927
331 2928
332 2928
333 2929
334 2929
335 2929
336 2930
337 2931
338 2931
339 2931
340 2931
341 2932
342 2932
343 2933
344 2933
345 2933
346 2933
347 2934
348 2934
349 2934
350 2934
351 2935
352 2935
353 2935
354 2935
355 2936
356 2936
357 2936
358 2936
359 2936
360 2936
361 2936
362 2936
363 2936
364 2936
365 2936
366 2936
367 2937
368 2937
369 2937
370 2937
371 2938
372 2938
373 2938
374 2938
375 2939
376 2939
377 2940
378 2941
379 2942
380 2943
380 2944
381 2945
382 2946
383 2947
384 2947
385 2948
386 2948
387 2948
388 2948
389 2948
390 2948
391 2948
392 2948
393 2948
394 2948
395 2948
396 2948
397 2948
398 2948
399 2948
400 2948
401 2949
402 2949
403 2950
404 2950
405 2951
406 2952
407 2953
408 2953
409 2954
410 2954
411 2955
412 2955
413 2956
414 2956
415 2957
416 2957
417 2958
418 2959
419 2959
420 2960
420 2961
421 2961
422 2962
422 2963
423 2963
424 2964
424 2965
425 2965
426 2966
426 2967
427 2967
428 2968
429 2969
430 2969
431 2970
432 2970
433 2970
434 2970
435 2971
436 2971
437 2971
438 2971
439 2972
440 2972
441 2973
442 2973
443 2974
444 2974
445 2975
446 2976
447 2977
448 2977
449 2977
450 2977
451 2978
452 2978
453 2979
454 2979
455 2979
456 2979
457 2980
458 2980
459 2980
460 2980
461 2980
462 2980
463 2980
464 2980
465 2980
466 2980
467 2980
468 2980
469 2980
470 2980
471 2980
472 2980
473 2980
474 2980
475 2980
476 2980
477 2980
478 2980
479 2981
480 2981
481 2982
482 2982
483 2983
484 2984
485 2985
486 2985
487 2985
488 2986
489 2987
490 2987
491 2987
492 2987
493 2988
494 2988
495 2988
496 2988
497 2989
498 2989
499 2989
500 2989
501 2990
502 2990
503 2991
504 2991
505 2991
506 2991
507 2992
508 2992
509 2992
510 2992
511 2992
512 2992
513 2992
514 2992
515 2992
516 2992
517 2992
518 2992
519 2991
520 2991
521 2990
522 2989
523 2989
523 2988
524 2987
525 2987
526 2986
527 2985
528 2985
529 2984
530 2983
531 2982
532 2981
533 2981
534 2980
535 2979
536 2979
537 2978
538 2977
539 2977
540 2977
541 2976
542 2975
543 2974
544 2974
545 2973
546 2973
547 2972
548 2971
549 2971
550 2971
551 2970
552 2969
553 2968
554 2967
555 2967
555 2966
556 2965
557 2965
558 2964
559 2963
560 2963
561 2962
562 2961
563 2960
564 2959
565 2959
565 2958
566 2957
567 2957
568 2956
569 2955
570 2955
571 2954
572 2953
573 2952
574 2951
575 2951
575 2950
576 2949
577 2949
577 2948
578 2947
579 2947
580 2946
581 2945
582 2945
583 2944
584 2944
585 2943
586 2943
587 2943
588 2943
589 2942
590 2941
591 2940
592 2939
593 2939
593 2938
594 2937
595 2936
595 2935
596 2934
596 2933
596 2932
596 2931
596 2930
596 2929
597 2928
597 2927
598 2926
599 2925
599 2924
600 2923
601 2923
602 2922
603 2921
604 2921
605 2920
606 2919
607 2918
608 2917
609 2917
609 2916
610 2915
611 2915
611 2914
612 2913
613 2913
613 2912
614 2911
615 2910
615 2909
616 2908
616 2907
616 2906
616 2905
616 2904
616 2903
617 2902
617 2901
618 2900
619 2899
619 2898
620 2897
621 2896
621 2895
622 2894
622 2893
622 2892
622 2891
623 2890
623 2889
623 2888
623 2887
624 2886
624 2885
625 2884
625 2883
625 2882
625 2881
626 2880
626 2879
627 2878
627 2877
627 2876
627 2875
628 2874
628 2873
628 2872
628 2871
628 2870
628 2869
629 2868
629 2867
630 2866
631 2865
631 2864
632 2863
633 2863
633 2862
634 2861
635 2860
635 2859
636 2858
636 2857
636 2856
636 2855
636 2854
636 2853
636 2852
636 2851
636 2850
636 2849
636 2848
636 2847
635 2846
635 2845
635 2844
635 2843
634 2842
633 2841
632 2840
632 2839
631 2838
631 2837
630 2836
630 2835
630 2834
630 2833
630 2832
630 2831
629 2830
629 2829
628 2828
627 2827
626 2826
625 2826
624 2826
623 2826
622 2825
621 2825
620 2824
619 2824
618 2824
617 2824
616 2823
615 2823
614 2823
613 2823
612 2822
611 2822
610 2822
609 2822
608 2821
607 2821
606 2820
605 2820
604 2819
603 2818
602 2818
601 2817
601 2816
600 2815
599 2814
599 2813
598 2812
597 2811
597 2810
597 2809
596 2808
595 2807
594 2806
593 2805
592 2804
591 2804
590 2803
589 2803
588 2802
587 2802
586 2802
585 2802
584 2801
583 2801
582 2801
581 2801
580 2800
579 2800
578 2799
577 2799
576 2798
575 2797
574 2796
573 2796
572 2796
571 2795
570 2794
569 2794
568 2794
567 2794
566 2793
565 2793
564 2793
563 2793
562 2792
561 2792
560 2792
559 2792
558 2791
557 2791
556 2791
555 2791
554 2790
553 2790
552 2790
551 2790
550 2789
549 2789
548 2789
547 2789
546 2788
545 2788
544 2788
543 2788
542 2787
541 2787
540 2787
539 2787
538 2787
537 2787
536 2787
535 2787
534 2787
533 2787
532 2787
531 2787
530 2787
529 2787
528 2787
527 2787
526 2787
525 2787
524 2787
523 2787
522 2787
521 2787
520 2787
519 2787
518 2787
517 2787
516 2787
515 2787
514 2787
513 2787
512 2787
511 2787
510 2787
509 2787
