1017 2923
1016 2924
1015 2924
1014 2924
1013 2924
1012 2925
1011 2925
1010 2925
1009 2925
1008 2925
1007 2925
1006 2926
1005 2926
1004 2926
1003 2926
1002 2927
1001 2927
1000 2927
999 2927
998 2927
997 2927
996 2927
995 2927
994 2927
993 2927
992 2927
991 2927
990 2927
989 2927
988 2927
987 2927
986 2927
985 2927
984 2927
983 2927
982 2927
981 2927
980 2927
979 2927
978 2927
977 2927
976 2928
975 2928
974 2929
973 2930
972 2930
972 2931
971 2932
970 2932
970 2933
969 2934
968 2934
968 2935
967 2936
966 2936
966 2937
965 2938
964 2938
964 2939
963 2940
962 2940
961 2941
960 2942
959 2942
958 2943
957 2944
956 2944
955 2944
954 2945
953 2946
952 2947
951 2948
950 2948
950 2949
949 2950
948 2950
948 2951
947 2952
946 2952
946 2953
945 2954
944 2954
944 2955
943 2956
942 2956
942 2957
941 2958
940 2958
940 2959
939 2960
938 2960
938 2961
937 2962
936 2963
935 2964
934 2965
934 2966
933 2967
932 2968
932 2969
931 2970
930 2971
929 2972
928 2973
928 2974
928 2975
928 2976
927 2977
927 2978
927 2979
927 2980
927 2981
927 2982
928 2983
928 2984
929 2985
930 2986
930 2987
931 2987
932 2988
932 2989
933 2989
934 2990
935 2991
936 2991
937 2992
938 2992
939 2993
940 2993
941 2994
942 2994
943 2995
944 2995
945 2996
946 2996
947 2996
948 2996
949 2996
950 2996
951 2996
952 2996
953 2997
954 2997
955 2997
956 2998
957 2999
958 2999
959 2999
960 3000
961 3001
962 3001
963 3001
964 3001
965 3002
966 3002
967 3003
968 3003
969 3004
970 3004
971 3005
972 3005
973 3006
974 3006
975 3007
976 3007
977 3007
978 3008
979 3009
980 3009
981 3010
982 3010
983 3011
984 3012
985 3013
986 3013
987 3013
988 3014
989 3015
990 3015
991 3016
992 3016
993 3017
994 3017
995 3018
996 3018
997 3018
998 3018
999 3019
1000 3019
1001 3019
1002 3019
1003 3020
1004 3020
1005 3020
1006 3020
1007 3021
1008 3021
1009 3021
1010 3021
1011 3022
1012 3022
1013 3022
1014 3022
1015 3022
1016 3022
1017 3022
1018 3022
1019 3023
1020 3023
1021 3024
1022 3025
1023 3025
1024 3026
1025 3027
1026 3027
1027 3028
1028 3028
1029 3029
1030 3029
1031 3029
1032 3029
1033 3030
1034 3030
1035 3030
1036 3030
1037 3030
1038 3030
1039 3030
1040 3030
1041 3031
1042 3031
1043 3031
1044 3031
1045 3032
1046 3032
1047 3032
1048 3032
1049 3032
1050 3032
1051 3032
1052 3032
1053 3032
1054 3032
1055 3032
1056 3032
1057 3032
1058 3032
1059 3032
1060 3032
1061 3032
1062 3032
1063 3031
1064 3031
1065 3030
1066 3030
1067 3029
1068 3029
1069 3028
1070 3027
1071 3027
1072 3027
1073 3026
1074 3025
1075 3024
1076 3023
1077 3023
1077 3022
1078 3021
1079 3021
1080 3020
1081 3019
1082 3019
1083 3018
1084 3018
1085 3018
1086 3018
1087 3018
1088 3018
1089 3018
1090 3018
1091 3017
1092 3017
1093 3017
1094 3017
1095 3016
1096 3016
1097 3016
1098 3016
1099 3015
1100 3015
1101 3015
1102 3015
1103 3014
1104 3013
1105 3012
1106 3011
1107 3010
1107 3009
1108 3008
1108 3007
1107 3006
1107 3005
1107 3004
1107 3003
1106 3002
1106 3001
1105 3000
1105 2999
1105 2998
1105 2997
1104 2996
1104 2995
1104 2994
1104 2993
1104 2992
1104 2991
1104 2990
1104 2989
1104 2988
1104 2987
1104 2986
1104 2985
1104 2984
1104 2983
1104 2982
1104 2981
1104 2980
1104 2979
1104 2978
1104 2977
1104 2976
1104 2975
1104 2974
1104 2973
1104 2972
1104 2971
1104 2970
1104 2969
1104 2968
1104 2967
1103 2966
1103 2965
1103 2964
1103 2963
1102 2962
1101 2961
1100 2960
1099 2959
1099 2958
1098 2958
1097 2957
1097 2956
1096 2956
1095 2955
1095 2954
1094 2953
1093 2952
1093 2951
1092 2950
1091 2949
1090 2948
1089 2947
1089 2946
1088 2945
1087 2944
1087 2943
1086 2942
1085 2941
1085 2940
1085 2939
1084 2938
1083 2937
1082 2936
1081 2935
1080 2934
1079 2933
1078 2932
1077 2932
1076 2932
1075 2932
1074 2931
1073 2931
1072 2931
1071 2931
1070 2931
1069 2931
1068 2931
1067 2931
1066 2931
1065 2931
1064 2931
1063 2931
1062 2931
1061 2931
1060 2930
1059 2930
1058 2930
1057 2930
1056 2929
1055 2929
1054 2929
1053 2929
1052 2929
1051 2929
1050 2929
1049 2929
1048 2929
1047 2929
1046 2929
1045 2929
1044 2929
1043 2929
1042 2929
1041 2929
1040 2928
1039 2928
1038 2928
1037 2928
1036 2927
1035 2927
1034 2927
1033 2927
1032 2927
1031 2927
1030 2927
1029 2927
1028 2927
1027 2927
1026 2926
1025 2926
1024 2925
1023 2925
1022 2924
1021 2924
1020 2923
1019 2923
1018 2923
1017 2923
