919 2131
918 2132
917 2132
916 2133
915 2134
914 2134
914 2135
913 2136
912 2136
912 2137
911 2138
910 2138
910 2139
909 2140
908 2141
908 2142
907 2143
907 2144
907 2145
907 2146
907 2147
907 2148
908 2149
908 2150
908 2151
908 2152
909 2153
909 2154
909 2155
909 2156
909 2157
909 2158
909 2159
909 2160
908 2161
907 2161
906 2161
905 2161
904 2161
903 2161
903 2162
903 2163
903 2164
903 2165
903 2166
903 2167
903 2168
903 2169
903 2170
903 2171
903 2172
903 2173
903 2174
904 2175
904 2176
904 2177
904 2178
905 2179
906 2180
907 2181
908 2182
908 2183
909 2184
910 2185
910 2186
911 2187
912 2188
913 2189
914 2190
914 2191
915 2191
916 2192
916 2193
917 2193
918 2194
918 2195
919 2195
920 2196
920 2197
921 2197
922 2198
922 2199
923 2199
924 2200
924 2201
925 2201
926 2202
927 2203
928 2203
929 2204
930 2204
931 2205
932 2205
933 2206
934 2207
935 2207
936 2208
936 2209
937 2209
938 2210
938 2211
939 2211
940 2212
941 2213
942 2213
943 2214
944 2214
945 2215
946 2215
947 2215
948 2216
949 2217
950 2217
951 2217
952 2218
953 2219
954 2219
955 2220
956 2220
957 2221
958 2222
959 2223
960 2223
961 2224
962 2224
963 2225
964 2226
965 2227
966 2227
967 2228
968 2228
969 2229
970 2229
971 2230
972 2230
973 2231
974 2231
975 2232
976 2233
977 2233
978 2234
979 2235
980 2236
981 2237
982 2237
983 2237
984 2237
985 2238
986 2238
987 2238
988 2238
989 2238
990 2238
991 2237
992 2237
993 2237
994 2237
995 2236
996 2236
997 2235
998 2235
999 2235
1000 2235
1001 2234
1002 2234
1003 2234
1004 2234
1005 2234
1006 2234
1007 2234
1008 2234
1009 2234
1010 2234
1011 2233
1012 2233
1013 2233
1014 2233
1015 2232
1016 2232
1017 2232
1018 2232
1019 2232
1020 2232
1021 2233
1022 2233
1023 2233
1024 2233
1025 2234
1026 2234
1027 2234
1028 2234
1029 2234
1030 2234
1031 2235
1032 2235
1033 2235
1034 2235
1035 2236
1036 2236
1037 2236
1038 2236
1039 2237
1040 2237
1041 2237
1042 2238
1043 2239
1044 2239
1045 2239
1046 2239
1047 2240
1048 2240
1049 2240
1050 2240
1051 2240
1052 2240
1053 2240
1054 2240
1055 2240
1056 2240
1057 2240
1058 2240
1059 2240
1060 2240
1061 2240
1062 2240
1063 2240
1064 2240
1065 2240
1066 2240
1067 2240
1068 2240
1069 2240
1070 2240
1071 2240
1072 2240
1073 2240
1074 2240
1075 2240
1076 2240
1077 2240
1078 2240
1079 2240
1080 2240
1081 2240
1082 2240
1083 2240
1084 2240
1085 2240
1086 2240
1087 2240
1088 2240
1089 2240
1090 2240
1091 2240
1092 2240
1093 2240
1094 2240
1095 2240
1096 2240
1097 2240
1098 2240
1099 2240
1100 2240
1101 2239
1102 2239
1103 2238
1104 2237
1105 2237
1105 2236
1106 2235
1107 2235
1107 2234
1108 2233
1109 2233
1109 2232
1110 2231
1111 2231
1111 2230
1112 2229
1113 2229
1113 2228
1114 2227
1115 2227
1115 2226
1116 2225
1117 2225
1118 2224
1119 2223
1120 2223
1121 2222
1122 2221
1123 2220
1124 2219
1125 2219
1126 2218
1127 2217
1128 2217
1129 2216
1130 2215
1131 2214
1132 2214
1133 2213
1134 2213
1135 2212
1136 2211
1137 2210
1138 2210
1139 2209
1140 2209
1141 2208
1142 2207
1143 2206
1144 2206
1145 2205
1146 2205
1147 2204
1148 2203
1149 2202
1150 2201
1151 2201
1152 2200
1153 2199
1154 2199
1155 2198
1156 2197
1157 2197
1158 2197
1159 2196
1160 2195
1161 2195
1162 2195
1163 2194
1164 2193
1165 2193
1166 2193
1167 2192
1168 2191
1169 2190
1170 2189
1171 2189
1171 2188
1172 2187
1173 2187
1173 2186
1174 2185
1175 2184
1176 2183
1177 2182
1177 2181
1178 2180
1179 2179
1179 2178
1180 2177
1181 2176
1182 2175
1183 2174
1183 2173
1184 2172
1184 2171
1185 2170
1185 2169
1186 2168
1186 2167
1186 2166
1186 2165
1185 2164
1185 2163
1184 2162
1183 2161
1183 2160
1182 2159
1181 2158
1181 2157
1180 2156
1179 2155
1179 2154
1179 2153
1178 2152
1178 2151
1178 2150
1178 2149
1177 2148
1177 2147
1176 2146
1175 2145
1175 2144
1174 2144
1173 2143
1173 2142
1172 2142
1171 2141
1170 2140
1169 2140
1168 2139
1167 2139
1166 2139
1165 2139
1164 2139
1163 2139
1162 2139
1161 2139
1160 2139
1159 2139
1158 2138
1157 2138
1156 2138
1155 2138
1154 2137
1153 2137
1152 2136
1151 2136
1150 2136
1149 2136
1148 2135
1147 2135
1146 2135
1145 2135
1144 2135
1143 2135
1142 2135
1141 2135
1140 2135
1139 2135
1138 2135
1137 2135
1136 2135
1135 2135
1134 2135
1133 2135
1132 2135
1131 2135
1130 2135
1129 2135
1128 2135
1127 2135
1126 2135
1125 2135
1124 2135
1123 2135
1122 2135
1121 2135
1120 2135
1119 2135
1118 2135
1117 2135
1116 2135
1115 2135
1114 2135
1113 2135
1112 2134
1111 2134
1110 2134
1109 2134
1108 2133
1107 2133
1106 2133
1105 2133
1104 2133
1103 2133
1102 2133
1101 2133
1100 2133
1099 2133
1098 2133
1097 2133
1096 2133
1095 2133
1094 2133
1093 2133
1092 2133
1091 2133
1090 2134
1089 2134
1088 2134
1087 2134
1086 2135
1085 2135
1084 2135
1083 2135
1082 2136
1081 2136
1080 2136
1079 2136
1078 2137
1077 2137
1076 2137
1075 2137
1074 2137
1073 2137
1072 2137
1071 2137
1070 2137
1069 2137
1068 2137
1067 2137
1066 2138
1065 2138
1064 2138
1063 2138
1062 2139
1061 2139
1060 2139
1059 2139
1058 2139
1057 2139
1056 2139
1055 2139
1054 2139
1053 2139
1052 2139
1051 2139
1050 2139
1049 2139
1048 2139
1047 2139
1046 2139
1045 2139
1044 2139
1043 2139
1042 2139
1041 2139
1040 2139
1039 2139
1038 2139
1037 2139
1036 2139
1035 2139
1034 2139
1033 2139
1032 2139
1031 2139
1030 2139
1029 2139
1028 2139
1027 2139
1026 2139
1025 2139
1024 2139
1023 2139
1022 2139
1021 2139
1020 2139
1019 2139
1018 2139
1017 2139
1016 2139
1015 2139
1014 2139
1013 2139
1012 2139
1011 2139
1010 2139
1009 2139
1008 2139
1007 2139
1006 2139
1005 2139
1004 2139
1003 2139
1002 2139
1001 2139
1000 2139
999 2139
998 2139
997 2139
996 2139
995 2139
994 2139
993 2139
992 2139
991 2139
990 2139
989 2139
988 2139
987 2139
986 2140
985 2140
984 2140
983 2140
982 2141
981 2141
980 2141
979 2141
978 2141
977 2141
976 2141
975 2141
974 2141
973 2141
972 2141
971 2141
970 2140
969 2140
968 2140
967 2140
966 2139
965 2139
964 2139
963 2139
962 2139
961 2139
960 2138
959 2138
958 2138
957 2138
956 2137
955 2137
954 2137
953 2137
952 2137
951 2137
950 2136
949 2136
948 2136
947 2136
946 2135
945 2135
944 2134
943 2134
942 2134
941 2134
940 2133
939 2133
938 2132
937 2132
936 2132
935 2132
934 2131
933 2131
932 2131
931 2131
930 2131
929 2131
928 2131
927 2131
926 2131
925 2131
924 2131
923 2131
922 2131
921 2131
920 2131
919 2131
