1423 1881
1422 1882
1421 1882
1420 1882
1419 1882
1418 1883
1417 1884
1416 1884
1415 1884
1414 1885
1413 1886
1412 1886
1411 1886
1410 1887
1409 1888
1408 1888
1407 1888
1406 1889
1405 1890
1404 1890
1403 1890
1402 1891
1401 1891
1400 1892
1399 1892
1398 1892
1397 1892
1396 1893
1395 1893
1394 1894
1393 1894
1392 1894
1391 1894
1390 1895
1389 1896
1388 1896
1387 1896
1386 1897
1385 1898
1384 1899
1383 1900
1382 1900
1381 1901
1380 1902
1379 1902
1378 1903
1377 1904
1376 1905
1375 1906
1374 1906
1374 1907
1373 1908
1372 1908
1371 1909
1370 1910
1369 1910
1368 1911
1367 1912
1366 1913
1365 1914
1364 1914
1363 1915
1362 1916
1361 1916
1360 1917
1359 1918
1358 1919
1357 1920
1356 1920
1356 1921
1355 1922
1354 1922
1354 1923
1353 1924
1352 1924
1352 1925
1351 1926
1350 1926
1350 1927
1349 1928
1348 1928
1348 1929
1347 1930
1346 1930
1346 1931
1345 1932
1344 1932
1343 1933
1342 1934
1341 1934
1340 1935
1339 1936
1338 1937
1337 1938
1336 1938
1336 1939
1335 1940
1334 1940
1334 1941
1333 1942
1332 1942
1332 1943
1331 1944
1330 1944
1330 1945
1329 1946
1328 1946
1328 1947
1327 1948
1326 1948
1326 1949
1325 1950
1324 1950
1324 1951
1323 1952
1322 1953
1321 1954
1320 1955
1320 1956
1319 1957
1318 1958
1318 1959
1317 1960
1316 1960
1316 1961
1315 1962
1314 1962
1314 1963
1313 1964
1312 1965
1311 1966
1310 1967
1310 1968
1309 1969
1308 1970
1308 1971
1307 1972
1306 1973
1305 1974
1304 1975
1304 1976
1303 1977
1302 1978
1302 1979
1301 1980
1300 1980
1300 1981
1299 1982
1298 1982
1298 1983
1297 1984
1296 1984
1296 1985
1295 1986
1294 1987
1293 1988
1292 1989
1292 1990
1292 1991
1291 1992
1290 1993
1290 1994
1289 1995
1288 1996
1288 1997
1287 1998
1286 1998
1286 1999
1285 2000
1284 2001
1283 2002
1282 2003
1282 2004
1281 2005
1281 2006
1280 2007
1279 2008
1278 2009
1278 2010
1278 2011
1278 2012
1277 2013
1277 2014
1277 2015
1277 2016
1277 2017
1277 2018
1277 2019
1277 2020
1277 2021
1277 2022
1277 2023
1277 2024
1277 2025
1277 2026
1277 2027
1277 2028
1277 2029
1277 2030
1277 2031
1277 2032
1277 2033
1277 2034
1277 2035
1277 2036
1277 2037
1277 2038
1277 2039
1277 2040
1277 2041
1277 2042
1278 2043
1278 2044
1278 2045
1278 2046
1279 2047
1279 2048
1279 2049
1279 2050
1279 2051
1279 2052
1279 2053
1279 2054
1279 2055
1279 2056
1279 2057
1279 2058
1279 2059
1279 2060
1280 2061
1280 2062
1280 2063
1280 2064
1281 2065
1282 2066
1282 2067
1282 2068
1283 2069
1283 2070
1284 2071
1284 2072
1284 2073
1284 2074
1285 2075
1285 2076
1285 2077
1285 2078
1286 2079
1286 2080
1286 2081
1286 2082
1287 2083
1288 2084
1288 2085
1288 2086
1289 2087
1289 2088
1290 2089
1290 2090
1290 2091
1290 2092
1291 2093
1291 2094
1291 2095
1291 2096
1292 2097
1292 2098
1292 2099
1292 2100
1293 2101
1294 2102
1294 2103
1294 2104
1295 2105
1295 2106
1296 2107
1296 2108
1296 2109
1296 2110
1297 2111
1298 2112
1298 2113
1298 2114
1299 2115
1300 2116
1301 2117
1302 2118
1302 2119
1303 2119
1304 2120
1305 2121
1306 2121
1307 2122
1308 2122
1309 2122
1310 2122
1311 2122
1312 2122
1313 2121
1314 2121
1315 2121
1316 2121
1317 2121
1318 2121
1319 2122
1320 2122
1321 2123
1322 2123
1323 2124
1324 2124
1325 2124
1326 2124
1327 2124
1328 2124
1329 2124
1330 2124
1331 2123
1332 2123
1333 2122
1334 2121
1335 2121
1335 2120
1336 2119
1337 2118
1338 2117
1339 2116
1339 2115
1340 2114
1341 2113
1341 2112
1342 2111
1343 2111
1343 2110
1344 2109
1345 2109
1345 2108
1346 2107
1347 2107
1348 2106
1349 2105
1350 2105
1351 2104
1352 2104
1353 2104
1354 2104
1355 2105
1356 2105
1357 2106
1358 2107
1359 2108
1360 2109
1360 2110
1361 2111
1361 2112
1361 2113
1361 2114
1361 2115
1361 2116
1362 2117
1362 2118
1362 2119
1362 2120
1363 2121
1364 2122
1364 2123
1364 2124
1365 2125
1365 2126
1365 2127
1365 2128
1365 2129
1365 2130
1366 2131
1366 2132
1367 2133
1368 2134
1369 2135
1370 2135
1371 2136
1372 2136
1373 2135
1374 2135
1375 2135
1376 2135
1377 2134
1378 2134
1379 2135
1380 2135
1381 2136
1382 2136
1383 2137
1384 2137
1385 2138
1386 2138
1387 2138
1388 2138
1389 2137
1390 2137
1391 2137
1392 2137
1393 2136
1394 2136
1395 2136
1396 2136
1397 2136
1398 2136
1399 2136
1400 2136
1401 2136
1402 2136
1403 2136
1404 2136
1405 2136
1406 2136
1407 2136
1408 2136
1409 2136
1410 2136
1411 2136
1412 2136
1413 2136
1414 2136
1415 2135
1416 2135
1417 2135
1418 2135
1419 2134
1420 2133
1421 2133
1422 2133
1423 2132
1424 2132
1425 2131
1426 2131
1427 2131
1428 2131
1429 2130
1430 2130
1431 2130
1432 2130
1433 2130
1434 2130
1435 2130
1436 2130
1437 2130
1438 2130
1439 2130
1440 2130
1441 2130
1442 2130
1443 2130
1444 2130
1445 2130
1446 2130
1447 2130
1448 2130
1449 2130
1450 2130
1451 2130
1452 2130
1453 2130
1454 2130
1455 2130
1456 2130
1457 2130
1458 2130
1459 2130
1460 2130
1461 2129
1462 2129
1463 2128
1464 2127
1465 2127
1466 2126
1467 2125
1468 2125
1469 2124
1470 2123
1471 2122
1472 2121
1473 2121
1473 2120
1474 2119
1475 2119
1476 2118
1477 2117
1478 2117
1479 2116
1480 2115
1481 2115
1482 2115
1483 2114
1484 2113
1485 2113
1486 2113
1487 2112
1488 2112
1489 2111
1490 2111
1491 2110
1492 2110
1493 2109
1494 2109
1495 2108
1496 2107
1497 2107
1498 2107
1499 2106
1500 2106
1501 2105
1502 2105
1503 2105
1504 2105
1505 2104
1506 2104
1507 2105
1508 2105
1509 2106
1510 2106
1511 2107
1512 2108
1513 2109
1514 2109
1515 2109
1516 2109
1517 2110
1518 2110
1519 2110
1520 2110
1521 2110
1522 2110
1523 2110
1524 2110
1525 2110
1526 2110
1527 2110
1528 2110
1529 2110
1530 2110
1531 2110
1532 2110
1533 2110
1534 2110
1535 2109
1536 2109
1537 2109
1538 2109
1539 2108
1540 2108
1541 2108
1542 2108
1543 2108
1544 2108
1545 2107
1546 2107
1547 2106
1548 2106
1549 2105
1550 2105
1551 2104
1552 2104
1553 2104
1554 2104
1555 2104
1556 2104
1557 2104
1558 2104
1559 2104
1560 2104
1561 2104
1562 2104
1563 2104
1564 2104
1565 2104
1566 2104
1567 2105
1567 2106
1567 2107
1567 2108
1568 2109
1568 2110
1569 2111
1569 2112
1570 2113
1570 2114
1571 2115
1571 2116
1571 2117
1571 2118
1572 2119
1572 2120
1573 2121
1574 2122
1575 2123
1576 2124
1577 2125
1578 2125
1579 2125
1580 2126
1581 2127
1582 2127
1583 2127
1584 2127
1585 2128
1586 2128
1587 2128
1588 2128
1589 2128
1590 2128
1591 2128
1592 2128
1593 2129
1594 2129
1595 2129
1596 2129
1597 2130
1598 2130
1599 2130
1600 2130
1601 2130
1602 2130
1603 2131
1604 2131
1605 2131
1606 2131
1607 2132
1608 2132
1609 2132
1610 2132
1611 2132
1612 2132
1613 2132
1614 2132
1615 2132
1616 2132
1617 2132
1618 2132
1619 2132
1620 2132
1621 2133
1622 2133
1623 2133
1624 2133
1625 2134
1626 2134
1627 2134
1628 2134
1629 2134
1630 2134
1631 2134
1632 2134
1633 2134
1634 2134
1635 2134
1636 2134
1637 2134
1638 2134
1639 2133
1640 2133
1641 2133
1642 2133
1643 2132
1644 2132
1645 2132
1646 2132
1647 2132
1648 2132
1649 2132
1650 2132
1651 2132
1652 2132
1653 2132
1654 2132
1655 2132
1656 2132
1657 2132
1658 2132
1659 2132
1660 2132
1661 2132
1662 2132
1663 2132
1664 2132
1665 2132
1666 2132
1667 2132
1668 2132
1669 2131
1670 2131
1671 2131
1672 2131
1673 2130
1674 2129
1675 2129
1676 2129
1677 2128
1678 2128
1679 2128
1680 2128
1681 2128
1682 2128
1683 2128
1684 2128
1685 2128
1686 2128
1687 2128
1688 2128
1689 2128
1690 2128
1691 2128
1692 2128
1693 2128
1694 2128
1695 2128
1696 2128
1697 2128
1698 2128
1699 2127
1700 2127
1701 2126
1702 2126
1703 2125
1704 2125
1705 2124
1706 2124
1707 2124
1708 2124
1709 2124
1710 2124
1711 2124
1712 2124
1713 2124
1714 2124
1715 2124
1716 2124
1717 2124
1718 2124
1719 2124
1720 2124
1721 2124
1722 2124
1723 2124
1724 2124
1725 2124
1726 2124
1727 2125
1728 2125
1729 2125
1730 2125
1731 2126
1732 2126
1733 2126
1734 2126
1735 2126
1736 2126
1737 2126
1738 2126
1739 2126
1740 2126
1741 2126
1742 2126
1743 2126
1744 2126
1745 2126
1746 2126
1747 2126
1748 2126
1749 2126
1750 2126
1751 2126
1752 2126
1753 2126
1754 2126
1755 2126
1756 2126
1757 2125
1758 2125
1759 2124
1760 2123
1761 2122
1761 2121
1762 2120
1762 2119
1762 2118
1762 2117
1763 2116
1763 2115
1764 2114
1765 2113
1765 2112
1766 2111
1767 2111
1767 2110
1768 2109
1769 2109
1769 2108
1770 2107
1771 2107
1771 2106
1772 2105
1773 2105
1774 2104
1775 2103
1776 2103
1777 2102
1778 2102
1779 2101
1780 2101
1781 2101
1782 2101
1783 2100
1784 2099
1785 2099
1786 2099
1787 2098
1788 2098
1789 2097
1790 2097
1791 2096
1792 2095
1793 2095
1793 2094
1794 2093
1795 2093
1795 2092
1796 2091
1797 2091
1797 2090
1798 2089
1799 2089
1799 2088
1800 2087
1801 2087
1801 2086
1802 2085
1803 2085
1803 2084
1804 2083
1805 2083
1805 2082
1806 2081
1807 2081
1807 2080
1808 2079
1809 2079
1809 2078
1810 2077
1811 2076
1812 2075
1813 2074
1813 2073
1814 2072
1815 2071
1815 2070
1816 2069
1817 2069
1817 2068
1818 2067
1819 2066
1820 2065
1821 2064
1821 2063
1821 2062
1821 2061
1822 2060
1822 2059
1823 2058
1823 2057
1824 2056
1825 2055
1825 2054
1826 2053
1827 2053
1827 2052
1828 2051
1829 2051
1829 2050
1830 2049
1831 2049
1831 2048
1832 2047
1833 2046
1834 2045
1835 2044
1835 2043
1836 2042
1837 2041
1837 2040
1838 2039
1839 2039
1839 2038
1840 2037
1841 2037
1841 2036
1842 2035
1843 2035
1843 2034
1844 2033
1845 2033
1845 2032
1846 2031
1847 2031
1847 2030
1848 2029
1849 2029
1849 2028
1850 2027
1851 2027
1851 2026
1852 2025
1853 2025
1853 2024
1854 2023
1855 2023
1855 2022
1856 2021
1857 2021
1857 2020
1858 2019
1859 2019
1859 2018
1860 2017
1861 2016
1862 2015
1863 2014
1863 2013
1863 2012
1864 2011
1865 2010
1865 2009
1865 2008
1865 2007
1866 2006
1866 2005
1866 2004
1866 2003
1867 2002
1867 2001
1868 2000
1868 1999
1869 1998
1870 1997
1871 1996
1871 1995
1871 1994
1872 1993
1873 1992
1873 1991
1874 1990
1874 1989
1875 1988
1875 1987
1876 1986
1876 1985
1876 1984
1876 1983
1877 1982
1877 1981
1877 1980
1878 1979
1879 1978
1879 1977
1880 1976
1881 1975
1881 1974
1882 1973
1883 1973
1883 1972
1884 1971
1885 1970
1885 1969
1886 1968
1886 1967
1887 1966
1887 1965
1887 1964
1887 1963
1888 1962
1888 1961
1888 1960
1888 1959
1888 1958
1888 1957
1888 1956
1888 1955
1888 1954
1888 1953
1889 1952
1889 1951
1890 1950
1890 1949
1891 1948
1891 1947
1892 1946
1892 1945
1892 1944
1892 1943
1892 1942
1892 1941
1892 1940
1892 1939
1892 1938
1892 1937
1892 1936
1892 1935
1891 1934
1891 1933
1890 1932
1890 1931
1889 1930
1889 1929
1888 1928
1887 1927
1886 1926
1885 1925
1884 1924
1883 1924
1882 1923
1881 1923
1880 1922
1879 1922
1878 1922
1877 1922
1876 1921
1875 1921
1874 1920
1873 1920
1872 1920
1871 1920
1870 1919
1869 1919
1868 1918
1867 1918
1866 1917
1865 1917
1864 1916
1863 1916
1862 1915
1861 1915
1860 1915
1859 1915
1858 1914
1857 1914
1856 1914
1855 1913
1854 1912
1853 1912
1852 1912
1851 1911
1850 1910
1849 1910
1848 1910
1847 1910
1846 1909
1845 1909
1844 1909
1843 1909
1842 1910
1841 1910
1840 1910
1839 1910
1838 1911
1837 1911
1836 1911
1835 1911
1834 1910
1833 1910
1832 1910
1831 1910
1830 1909
1829 1909
1828 1908
1827 1908
1826 1908
1825 1908
1824 1907
1823 1907
1822 1906
1821 1906
1820 1906
1819 1906
1818 1905
1817 1905
1816 1904
1815 1904
1814 1903
1813 1903
1812 1902
1811 1902
1810 1901
1809 1901
1808 1900
1807 1900
1806 1900
1805 1900
1804 1899
1803 1899
1802 1898
1801 1898
1800 1898
1799 1898
1798 1897
1797 1897
1796 1897
1795 1897
1794 1897
1793 1897
1792 1897
1791 1897
1790 1898
1789 1898
1788 1898
1787 1898
1786 1899
1785 1899
1784 1899
1783 1899
1782 1899
1781 1899
1780 1900
1779 1900
1778 1900
1777 1900
1776 1901
1775 1901
1774 1901
1773 1901
1772 1901
1771 1901
1770 1901
1769 1901
1768 1901
1767 1901
1766 1901
1765 1901
1764 1901
1763 1901
1762 1901
1761 1901
1760 1902
1759 1902
1758 1902
1757 1902
1756 1903
1755 1903
1754 1903
1753 1903
1752 1903
1751 1903
1750 1903
1749 1903
1748 1903
1747 1903
1746 1903
1745 1903
1744 1903
1743 1903
1742 1903
1741 1903
1740 1903
1739 1903
1738 1903
1737 1903
1736 1902
1735 1902
1734 1902
1733 1902
1732 1901
1731 1901
1730 1901
1729 1901
1728 1901
1727 1901
1726 1901
1725 1901
1724 1901
1723 1901
1722 1900
1721 1900
1720 1900
1719 1900
1718 1899
1717 1899
1716 1899
1715 1899
1714 1899
1713 1899
1712 1898
1711 1898
1710 1898
1709 1898
1708 1897
1707 1897
1706 1897
1705 1897
1704 1897
1703 1897
1702 1896
1701 1896
1700 1896
1699 1896
1698 1895
1697 1895
1696 1895
1695 1895
1694 1895
1693 1895
1692 1894
1691 1894
1690 1894
1689 1894
1688 1893
1687 1893
1686 1893
1685 1893
1684 1893
1683 1893
1682 1893
1681 1893
1680 1893
1679 1893
1678 1893
1677 1893
1676 1893
1675 1893
1674 1892
1673 1892
1672 1892
1671 1892
1670 1891
1669 1891
1668 1891
1667 1891
1666 1891
1665 1891
1664 1891
1663 1891
1662 1891
1661 1891
1660 1891
1659 1891
1658 1891
1657 1891
1656 1891
1655 1891
1654 1891
1653 1891
1652 1891
1651 1891
1650 1890
1649 1890
1648 1890
1647 1890
1646 1889
1645 1889
1644 1889
1643 1889
1642 1889
1641 1889
1640 1889
1639 1889
1638 1889
1637 1889
1636 1889
1635 1889
1634 1889
1633 1889
1632 1888
1631 1888
1630 1888
1629 1888
1628 1887
1627 1887
1626 1887
1625 1887
1624 1887
1623 1887
1622 1887
1621 1887
1620 1887
1619 1887
1618 1886
1617 1886
1616 1886
1615 1886
1614 1885
1613 1885
1612 1885
1611 1885
1610 1885
1609 1885
1608 1885
1607 1885
1606 1885
1605 1885
1604 1886
1603 1886
1602 1886
1601 1886
1600 1887
1599 1888
1598 1888
1597 1888
1596 1889
1595 1889
1594 1889
1593 1889
1592 1889
1591 1889
1590 1889
1589 1889
1588 1889
1587 1889
1586 1889
1585 1889
1584 1889
1583 1889
1582 1888
1581 1888
1580 1888
1579 1888
1578 1887
1577 1887
1576 1887
1575 1887
1574 1887
1573 1887
1572 1887
1571 1887
1570 1887
1569 1887
1568 1887
1567 1887
1566 1887
1565 1887
1564 1887
1563 1887
1562 1887
1561 1887
1560 1887
1559 1887
1558 1887
1557 1887
1556 1886
1555 1886
1554 1886
1553 1886
1552 1885
1551 1885
1550 1885
1549 1885
1548 1885
1547 1885
1546 1884
1545 1884
1544 1884
1543 1884
1542 1883
1541 1883
1540 1883
1539 1883
1538 1883
1537 1883
1536 1883
1535 1883
1534 1884
1533 1884
1532 1884
1531 1884
1530 1885
1529 1885
1528 1885
1527 1885
1526 1885
1525 1885
1524 1885
1523 1885
1522 1885
1521 1885
1520 1886
1519 1886
1518 1886
1517 1886
1516 1887
1515 1887
1514 1887
1513 1887
1512 1887
1511 1887
1510 1887
1509 1887
1508 1887
1507 1887
1506 1887
1505 1887
1504 1887
1503 1887
1502 1887
1501 1887
1500 1887
1499 1887
1498 1887
1497 1887
1496 1887
1495 1887
1494 1887
1493 1887
1492 1887
1491 1887
1490 1887
1489 1887
1488 1887
1487 1887
1486 1887
1485 1887
1484 1887
1483 1887
1482 1887
1481 1887
1480 1887
1479 1887
1478 1887
1477 1887
1476 1887
1475 1887
1474 1887
1473 1887
1472 1887
1471 1887
1470 1887
1469 1887
1468 1887
1467 1887
1466 1887
1465 1887
1464 1887
1463 1887
1462 1887
1461 1887
1460 1887
1459 1887
1458 1887
1457 1887
1456 1887
1455 1887
1454 1887
1453 1887
1452 1887
1451 1887
1450 1887
1449 1887
1448 1887
1447 1887
1446 1887
1445 1887
1444 1887
1443 1887
1442 1886
1441 1886
1440 1885
1439 1884
1438 1884
1437 1883
1436 1882
1435 1882
1434 1881
1433 1881
1432 1881
1431 1881
1430 1881
1429 1881
1428 1881
1427 1881
1426 1881
1425 1881
1424 1881
1423 1881
