486 310
485 311
484 311
483 311
482 311
481 311
480 311
479 311
478 311
477 311
476 311
475 311
474 311
473 311
472 311
471 312
470 312
469 312
468 312
467 312
466 312
465 313
464 313
463 313
462 313
461 313
460 313
459 314
458 314
457 314
456 314
455 314
454 314
453 314
452 314
451 315
450 315
449 316
448 316
447 316
446 316
445 316
444 316
443 317
442 317
441 317
440 317
439 318
438 318
437 319
436 319
435 319
434 319
433 319
432 319
431 320
430 320
429 320
428 320
427 320
426 320
425 320
424 320
423 320
422 320
421 321
420 322
419 323
418 323
417 324
416 325
415 325
414 326
413 326
412 327
411 327
410 328
409 329
408 329
407 330
406 331
405 331
404 332
403 332
402 332
401 332
400 332
399 332
398 332
397 332
396 333
395 333
394 334
393 335
392 335
392 336
391 337
390 338
390 339
389 340
389 341
388 342
388 343
388 344
388 345
387 346
387 347
387 348
387 349
387 350
386 351
386 352
386 353
386 354
386 355
385 356
385 357
385 358
385 359
385 360
385 361
386 362
386 363
387 364
387 365
387 366
387 367
388 368
388 369
388 370
388 371
389 372
390 373
391 374
392 375
392 376
393 376
394 377
394 378
395 378
396 379
396 380
397 380
398 381
398 382
399 382
400 383
400 384
401 384
402 385
402 386
403 386
404 387
404 388
405 388
406 389
406 390
407 390
408 390
409 390
410 391
411 391
412 392
413 392
414 393
415 394
416 395
417 396
418 396
419 397
420 397
421 398
422 398
423 399
424 399
425 400
426 400
427 401
428 401
429 402
430 402
431 403
432 404
433 404
434 404
435 404
436 404
437 404
438 405
439 405
440 406
441 406
442 406
443 407
444 407
445 408
446 408
447 409
448 410
449 411
450 411
451 412
452 412
453 412
454 412
455 412
456 412
457 413
458 413
459 414
460 414
461 415
462 416
463 416
464 416
465 417
466 417
467 417
468 417
469 417
470 417
471 418
472 418
473 419
474 419
475 419
476 419
477 420
478 420
479 420
480 420
481 420
482 420
483 420
484 420
485 420
486 420
487 420
488 420
489 420
490 420
491 420
492 420
493 420
494 420
495 420
496 420
497 420
498 420
499 420
500 421
501 421
502 421
503 421
504 421
505 421
506 422
507 422
508 422
509 422
510 422
511 422
512 422
513 422
514 422
515 422
516 421
517 421
518 421
519 421
520 421
521 421
522 421
523 421
524 421
525 421
526 421
527 421
528 421
529 421
530 422
531 422
532 422
533 421
534 420
535 420
536 420
537 419
538 419
539 419
540 419
541 418
542 418
543 418
544 418
545 417
546 417
547 416
548 416
549 416
550 416
551 415
552 415
553 415
554 415
555 414
556 414
557 414
558 414
559 413
560 413
561 413
562 413
563 412
564 412
565 412
566 412
567 411
568 411
569 411
570 411
571 411
572 411
573 410
574 410
575 410
576 410
577 409
578 408
579 408
580 408
581 407
582 407
583 406
584 406
585 406
586 406
587 405
588 405
589 404
590 404
591 404
592 404
593 403
594 403
595 403
596 403
597 402
598 402
599 402
600 402
601 401
602 401
603 401
604 401
605 401
606 401
607 400
608 400
609 399
610 399
611 398
612 398
613 397
614 396
615 395
616 395
617 394
618 394
619 393
620 392
621 392
622 392
623 391
624 390
625 389
626 388
627 387
627 386
628 385
628 384
629 383
629 382
630 381
631 380
631 379
632 378
633 377
633 376
634 375
634 374
634 373
634 372
634 371
634 370
634 369
634 368
634 367
634 366
634 365
634 364
634 363
634 362
634 361
634 360
634 359
634 358
634 357
634 356
633 355
633 354
633 353
633 352
632 351
632 350
632 349
632 348
632 347
632 346
632 345
632 344
632 343
632 342
632 341
632 340
632 339
632 338
631 337
631 336
630 335
629 334
629 333
628 333
627 332
627 331
626 331
625 330
625 329
624 329
623 328
623 327
622 327
621 326
620 325
619 324
618 323
617 323
616 322
615 321
614 321
613 320
613 319
612 319
611 318
610 317
609 317
608 316
607 316
606 316
605 316
604 316
603 316
602 316
601 316
600 316
599 316
598 316
597 316
596 315
595 315
594 315
593 315
592 315
591 315
590 315
589 315
588 315
587 315
586 315
585 315
584 314
583 314
582 314
581 314
580 314
579 314
578 313
577 313
576 313
575 313
574 313
573 313
572 313
571 313
570 313
569 313
568 313
567 313
566 313
565 313
564 313
563 313
562 313
561 313
560 313
559 313
558 313
557 314
556 314
555 314
554 314
553 314
552 314
551 315
550 315
549 315
548 315
547 315
546 316
545 316
544 317
543 317
542 317
541 317
540 317
539 317
538 317
537 317
536 316
535 316
534 315
533 315
532 314
531 314
530 313
529 313
528 313
527 313
526 313
525 313
524 312
523 312
522 312
521 312
520 312
519 312
518 312
517 312
516 312
515 312
514 312
513 312
512 312
511 312
510 312
509 312
508 312
507 312
506 311
505 311
504 311
503 311
502 311
501 311
500 311
499 311
498 311
497 311
496 311
495 311
494 310
493 310
492 310
491 310
490 310
489 310
488 310
487 310
486 310
