941 5451
940 5452
939 5452
938 5453
937 5454
936 5454
936 5455
935 5456
934 5456
933 5457
932 5458
931 5458
930 5459
929 5459
928 5459
927 5459
926 5460
925 5460
924 5461
923 5462
922 5462
921 5463
920 5464
919 5464
918 5465
917 5466
916 5466
915 5466
914 5467
913 5467
912 5468
911 5468
910 5468
909 5468
908 5468
907 5468
906 5468
905 5468
904 5467
903 5467
902 5468
901 5468
900 5469
899 5470
898 5471
897 5472
896 5473
896 5474
895 5475
894 5476
893 5476
892 5477
891 5477
890 5477
889 5477
888 5477
887 5477
886 5478
885 5478
884 5478
883 5478
882 5479
881 5479
880 5479
879 5479
878 5480
877 5480
876 5480
875 5480
874 5481
873 5481
872 5481
871 5481
870 5481
869 5481
868 5480
867 5480
866 5480
865 5480
864 5479
863 5479
862 5478
861 5478
860 5478
859 5478
858 5477
857 5477
856 5477
855 5477
854 5476
853 5476
852 5476
851 5476
850 5475
849 5475
848 5475
847 5475
846 5474
845 5474
844 5474
843 5474
842 5473
841 5473
840 5473
839 5473
838 5472
837 5472
836 5472
835 5472
834 5471
833 5471
832 5471
831 5471
830 5471
829 5471
828 5471
827 5471
826 5471
825 5471
824 5471
823 5471
822 5471
821 5471
820 5472
819 5472
818 5473
817 5474
816 5474
815 5475
814 5476
813 5476
812 5477
811 5477
810 5477
809 5477
808 5477
807 5477
806 5477
805 5477
804 5477
803 5477
802 5477
801 5477
800 5477
799 5477
798 5477
797 5477
796 5477
795 5477
794 5477
793 5477
792 5477
791 5477
790 5477
789 5477
788 5477
787 5477
786 5477
785 5477
784 5477
783 5477
782 5477
781 5477
780 5477
779 5477
778 5477
777 5477
776 5477
775 5477
774 5477
773 5477
772 5478
771 5478
770 5478
769 5478
768 5479
767 5479
766 5480
765 5480
764 5481
763 5481
762 5482
761 5482
760 5483
759 5484
758 5485
757 5486
756 5486
756 5487
755 5488
754 5488
754 5489
753 5490
752 5491
751 5492
750 5493
750 5494
749 5495
748 5496
747 5496
746 5497
745 5497
744 5498
743 5498
742 5498
741 5498
740 5499
739 5499
738 5499
737 5499
736 5499
735 5499
734 5499
733 5499
732 5499
731 5499
730 5499
729 5499
728 5499
727 5499
726 5499
725 5499
724 5499
723 5499
722 5499
721 5499
720 5499
719 5499
718 5499
717 5499
716 5499
715 5499
714 5499
713 5499
712 5499
711 5499
710 5499
709 5499
708 5499
707 5499
706 5499
705 5499
704 5499
703 5499
702 5499
701 5499
700 5498
699 5498
698 5498
697 5498
696 5497
695 5497
694 5497
693 5497
692 5497
691 5497
690 5497
689 5497
688 5497
687 5497
686 5497
685 5497
684 5497
683 5497
682 5497
681 5497
680 5498
679 5498
678 5499
677 5500
676 5501
676 5502
675 5503
675 5504
674 5505
673 5506
672 5507
672 5508
671 5509
671 5510
670 5511
670 5512
669 5513
669 5514
669 5515
669 5516
669 5517
669 5518
670 5519
670 5520
670 5521
670 5522
671 5523
672 5524
672 5525
672 5526
673 5527
673 5528
673 5529
673 5530
673 5531
673 5532
673 5533
673 5534
673 5535
673 5536
673 5537
673 5538
672 5539
672 5540
672 5541
672 5542
671 5543
671 5544
670 5545
670 5546
669 5547
669 5548
668 5549
668 5550
667 5551
667 5552
668 5553
668 5554
668 5555
668 5556
669 5557
669 5558
669 5559
669 5560
670 5561
670 5562
670 5563
670 5564
671 5565
671 5566
671 5567
671 5568
671 5569
671 5570
671 5571
671 5572
672 5573
672 5574
673 5575
674 5576
674 5577
675 5577
676 5578
676 5579
677 5579
678 5580
678 5581
679 5581
680 5582
680 5583
681 5583
682 5584
682 5585
683 5586
684 5587
684 5588
685 5589
686 5590
687 5591
688 5592
688 5593
689 5593
690 5594
690 5595
691 5595
692 5596
693 5597
694 5598
695 5599
696 5599
697 5599
698 5599
699 5600
700 5600
701 5601
702 5601
703 5602
704 5602
705 5603
706 5604
707 5605
708 5605
709 5606
710 5606
711 5607
712 5608
713 5609
714 5609
715 5609
716 5610
717 5611
718 5611
719 5611
720 5611
721 5612
722 5612
723 5613
724 5613
725 5614
726 5614
727 5615
728 5616
729 5617
730 5617
731 5618
732 5618
733 5619
734 5619
735 5620
736 5620
737 5621
738 5621
739 5622
740 5623
741 5623
742 5624
743 5625
744 5626
745 5627
746 5627
747 5627
748 5627
749 5628
750 5628
751 5629
752 5629
753 5629
754 5629
755 5630
756 5630
757 5630
758 5630
759 5631
760 5631
761 5631
762 5631
763 5632
764 5632
765 5633
766 5633
767 5634
768 5634
769 5635
770 5635
771 5636
772 5636
773 5636
774 5636
775 5636
776 5636
777 5636
778 5636
779 5637
780 5637
781 5637
782 5638
783 5639
784 5639
785 5639
786 5640
787 5641
788 5641
789 5641
790 5641
791 5642
792 5642
793 5642
794 5642
795 5642
796 5642
797 5642
798 5642
799 5642
800 5642
801 5643
801 5644
801 5645
801 5646
801 5647
801 5648
802 5649
802 5650
803 5651
804 5652
804 5653
805 5653
806 5654
806 5655
807 5655
808 5656
809 5657
810 5658
811 5659
812 5659
813 5659
814 5659
815 5660
816 5660
817 5661
818 5661
819 5661
820 5662
821 5663
822 5663
823 5663
824 5663
825 5664
826 5664
827 5665
828 5665
829 5666
830 5666
831 5667
832 5667
833 5668
834 5668
835 5669
836 5669
837 5669
838 5669
839 5670
840 5670
841 5670
842 5670
843 5670
844 5670
845 5670
846 5670
847 5670
848 5670
849 5670
850 5670
851 5669
852 5669
853 5669
854 5669
855 5668
856 5668
857 5668
858 5668
859 5668
860 5668
861 5668
862 5668
863 5668
864 5668
865 5669
866 5669
867 5669
868 5670
869 5671
870 5671
871 5671
872 5671
873 5672
874 5672
875 5672
876 5672
877 5673
878 5673
879 5673
880 5673
881 5674
882 5674
883 5674
884 5674
885 5674
886 5674
887 5674
888 5674
889 5675
890 5675
891 5675
892 5675
893 5676
894 5676
895 5676
896 5676
897 5677
898 5677
899 5677
900 5677
901 5678
902 5678
903 5678
904 5678
905 5679
906 5679
907 5679
908 5679
909 5680
910 5680
911 5680
912 5680
913 5680
914 5680
915 5681
916 5681
917 5681
918 5682
919 5683
920 5683
921 5683
922 5683
923 5684
924 5684
925 5685
926 5685
927 5685
928 5686
929 5687
930 5687
931 5688
932 5688
933 5689
934 5689
935 5690
936 5690
937 5690
938 5690
939 5689
940 5689
941 5689
942 5689
943 5688
944 5687
945 5686
946 5686
947 5685
948 5685
949 5684
950 5684
951 5683
952 5683
953 5683
954 5683
955 5682
956 5682
957 5682
958 5682
959 5681
960 5681
961 5681
962 5681
963 5680
964 5680
965 5680
966 5680
967 5680
968 5680
969 5680
970 5680
971 5680
972 5680
973 5680
974 5680
975 5680
976 5680
977 5679
978 5679
979 5679
980 5679
981 5678
982 5677
983 5676
984 5675
985 5674
986 5673
987 5672
988 5672
989 5672
990 5672
991 5672
992 5672
993 5672
994 5672
995 5672
996 5672
997 5672
998 5672
999 5672
1000 5672
1001 5672
1002 5672
1003 5671
1004 5671
1005 5671
1006 5671
1007 5670
1008 5670
1009 5669
1010 5669
1011 5668
1012 5668
1013 5667
1014 5667
1015 5666
1016 5666
1017 5666
1018 5666
1019 5666
1020 5666
1021 5666
1022 5666
1023 5666
1024 5666
1025 5665
1026 5665
1027 5665
1028 5665
1029 5664
1030 5664
1031 5664
1032 5664
1033 5663
1034 5663
1035 5663
1036 5663
1037 5662
1038 5662
1039 5662
1040 5662
1041 5661
1042 5661
1043 5661
1044 5661
1045 5660
1046 5659
1047 5658
1048 5657
1049 5656
1049 5655
1050 5654
1050 5653
1051 5652
1052 5651
1053 5650
1053 5649
1054 5648
1055 5647
1056 5646
1057 5645
1058 5645
1059 5644
1060 5643
1061 5643
1062 5643
1063 5642
1064 5641
1065 5641
1066 5641
1067 5640
1068 5639
1069 5638
1070 5637
1071 5636
1071 5635
1072 5634
1072 5633
1072 5632
1072 5631
1072 5630
1072 5629
1073 5628
1074 5627
1075 5626
1076 5625
1077 5624
1078 5623
1079 5623
1079 5622
1080 5621
1081 5621
1081 5620
1082 5619
1083 5619
1083 5618
1084 5617
1085 5616
1085 5615
1086 5614
1086 5613
1086 5612
1086 5611
1087 5610
1087 5609
1087 5608
1088 5607
1089 5606
1089 5605
1090 5604
1091 5603
1091 5602
1092 5601
1093 5600
1094 5599
1095 5598
1095 5597
1096 5596
1097 5595
1098 5594
1099 5593
1100 5593
1101 5592
1102 5591
1103 5590
1104 5589
1105 5589
1105 5588
1106 5587
1107 5586
1107 5585
1108 5584
1108 5583
1109 5582
1109 5581
1109 5580
1110 5579
1111 5578
1111 5577
1112 5576
1113 5575
1113 5574
1114 5573
1115 5572
1115 5571
1116 5570
1116 5569
1116 5568
1116 5567
1116 5566
1116 5565
1116 5564
1116 5563
1116 5562
1116 5561
1116 5560
1116 5559
1115 5558
1115 5557
1115 5556
1115 5555
1114 5554
1113 5553
1112 5552
1111 5551
1111 5550
1110 5549
1109 5548
1109 5547
1108 5546
1108 5545
1107 5544
1107 5543
1107 5542
1107 5541
1106 5540
1105 5539
1105 5538
1105 5537
1104 5536
1103 5535
1102 5534
1101 5533
1101 5532
1100 5531
1099 5530
1099 5529
1098 5528
1098 5527
1097 5526
1097 5525
1096 5524
1096 5523
1095 5522
1095 5521
1094 5520
1093 5519
1092 5518
1092 5517
1091 5516
1091 5515
1090 5514
1089 5513
1089 5512
1089 5511
1088 5510
1087 5509
1087 5508
1087 5507
1086 5506
1085 5505
1085 5504
1085 5503
1084 5502
1083 5501
1082 5500
1081 5499
1081 5498
1080 5497
1079 5496
1079 5495
1078 5494
1078 5493
1077 5492
1077 5491
1077 5490
1077 5489
1076 5488
1075 5487
1074 5486
1073 5485
1073 5484
1072 5484
1071 5483
1071 5482
1070 5482
1069 5481
1068 5480
1067 5479
1066 5478
1065 5478
1064 5477
1063 5476
1062 5476
1061 5475
1060 5474
1059 5473
1058 5472
1057 5472
1056 5471
1055 5470
1054 5469
1053 5468
1053 5467
1052 5466
1052 5465
1051 5464
1051 5463
1050 5462
1050 5461
1049 5460
1049 5459
1048 5458
1047 5457
1046 5456
1045 5456
1044 5455
1043 5455
1042 5455
1041 5455
1040 5455
1039 5455
1038 5456
1037 5456
1036 5456
1035 5456
1034 5457
1033 5457
1032 5457
1031 5457
1030 5458
1029 5458
1028 5458
1027 5458
1026 5459
1025 5459
1024 5459
1023 5459
1022 5459
1021 5459
1020 5459
1019 5459
1018 5459
1017 5459
1016 5459
1015 5459
1014 5460
1013 5460
1012 5460
1011 5460
1010 5461
1009 5461
1008 5461
1007 5461
1006 5461
1005 5461
1004 5461
1003 5461
1002 5461
1001 5461
1000 5461
999 5461
998 5461
997 5461
996 5461
995 5461
994 5461
993 5461
992 5460
991 5460
990 5460
989 5459
988 5458
987 5458
986 5458
985 5458
984 5457
983 5457
982 5457
981 5457
980 5457
979 5457
978 5456
977 5456
976 5456
975 5456
974 5455
973 5455
972 5455
971 5455
970 5455
969 5455
968 5455
967 5455
966 5455
965 5455
964 5455
963 5455
962 5454
961 5454
960 5454
959 5454
958 5453
957 5453
956 5453
955 5453
954 5452
953 5452
952 5452
951 5452
950 5451
949 5451
948 5451
947 5451
946 5451
945 5451
944 5451
943 5451
942 5451
941 5451
