2287 1049
2286 1050
2285 1050
2284 1050
2283 1050
2282 1051
2281 1051
2280 1052
2279 1052
2278 1052
2277 1052
2276 1053
2275 1053
2274 1053
2273 1053
2272 1053
2271 1053
2270 1053
2269 1053
2268 1054
2267 1054
2266 1054
2265 1054
2264 1055
2263 1056
2262 1056
2261 1056
2260 1057
2259 1058
2258 1058
2257 1058
2256 1059
2255 1059
2254 1059
2253 1059
2252 1059
2251 1059
2250 1059
2249 1059
2248 1059
2247 1059
2246 1060
2245 1060
2244 1060
2243 1060
2242 1061
2241 1062
2240 1062
2239 1062
2238 1063
2237 1063
2236 1063
2235 1063
2234 1063
2233 1063
2232 1064
2231 1064
2230 1064
2229 1064
2228 1065
2227 1065
2226 1066
2225 1066
2224 1066
2223 1066
2222 1067
2221 1068
2220 1069
2219 1069
2218 1070
2217 1070
2216 1071
2215 1071
2214 1071
2213 1071
2212 1072
2211 1072
2210 1072
2209 1072
2208 1073
2207 1073
2206 1073
2205 1073
2204 1073
2203 1073
2202 1073
2201 1073
2200 1074
2199 1074
2198 1074
2197 1074
2196 1075
2195 1075
2194 1076
2193 1076
2192 1076
2191 1076
2190 1077
2189 1078
2188 1079
2187 1079
2186 1080
2185 1080
2184 1081
2183 1081
2182 1081
2181 1081
2180 1081
2179 1081
2178 1081
2177 1081
2176 1081
2175 1081
2174 1081
2173 1081
2172 1082
2171 1082
2170 1083
2169 1083
2168 1084
2167 1084
2166 1085
2165 1086
2164 1086
2163 1086
2162 1087
2161 1088
2160 1088
2159 1088
2158 1089
2157 1090
2156 1090
2155 1090
2154 1091
2153 1091
2152 1091
2151 1091
2150 1092
2149 1092
2148 1093
2147 1093
2146 1094
2145 1094
2144 1095
2143 1095
2142 1095
2141 1095
2140 1095
2139 1095
2138 1095
2137 1095
2136 1096
2135 1096
2134 1096
2133 1096
2132 1097
2131 1097
2130 1097
2129 1097
2128 1098
2127 1098
2126 1098
2125 1098
2124 1099
2123 1099
2122 1099
2121 1099
2120 1100
2119 1100
2118 1100
2117 1100
2116 1101
2115 1102
2114 1103
2113 1103
2112 1104
2111 1104
2110 1105
2109 1105
2108 1106
2107 1106
2106 1106
2105 1106
2104 1107
2103 1107
2102 1108
2101 1108
2100 1108
2099 1108
2098 1109
2097 1109
2096 1109
2095 1109
2094 1108
2093 1108
2092 1108
2091 1108
2090 1107
2089 1107
2088 1107
2087 1107
2086 1107
2085 1107
2084 1107
2083 1107
2082 1107
2081 1107
2080 1107
2079 1107
2078 1107
2077 1107
2076 1107
2075 1107
2074 1107
2073 1107
2072 1107
2071 1107
2070 1107
2069 1107
2068 1107
2067 1107
2066 1107
2065 1107
2064 1108
2063 1109
2062 1109
2061 1110
2060 1111
2059 1111
2058 1111
2057 1111
2056 1111
2055 1111
2054 1111
2053 1111
2052 1111
2051 1111
2050 1111
2049 1111
2048 1111
2047 1111
2046 1111
2045 1111
2044 1111
2043 1111
2042 1111
2041 1111
2040 1111
2039 1111
2038 1111
2037 1111
2036 1111
2035 1111
2034 1111
2033 1111
2032 1111
2031 1111
2030 1111
2029 1111
2028 1111
2027 1111
2026 1111
2025 1111
2024 1111
2023 1111
2022 1111
2021 1111
2020 1112
2019 1112
2018 1112
2017 1112
2016 1113
2015 1113
2014 1113
2013 1113
2012 1113
2011 1113
2010 1113
2009 1113
2008 1113
2007 1113
2006 1113
2005 1113
2004 1113
2003 1113
2002 1113
2001 1113
2000 1113
1999 1113
1998 1113
1997 1113
1996 1113
1995 1113
1994 1113
1993 1113
1992 1113
1991 1113
1990 1113
1989 1113
1988 1114
1987 1114
1986 1114
1985 1114
1984 1115
1983 1115
1982 1115
1981 1115
1980 1115
1979 1115
1978 1115
1977 1115
1976 1115
1975 1115
1974 1115
1973 1115
1972 1115
1971 1115
1970 1115
1969 1115
1968 1115
1967 1115
1966 1115
1965 1115
1964 1115
1963 1115
1962 1115
1961 1115
1960 1116
1959 1116
1958 1116
1957 1116
1956 1117
1955 1117
1954 1117
1953 1117
1952 1118
1951 1118
1950 1118
1949 1118
1948 1119
1947 1119
1946 1119
1945 1119
1944 1119
1943 1119
1942 1119
1941 1119
1940 1119
1939 1119
1938 1119
1937 1119
1936 1118
1935 1118
1934 1118
1933 1118
1932 1117
1931 1117
1930 1117
1929 1117
1928 1117
1927 1117
1926 1117
1925 1117
1924 1117
1923 1117
1922 1116
1921 1116
1920 1116
1919 1116
1918 1115
1917 1115
1916 1115
1915 1115
1914 1115
1913 1115
1912 1114
1911 1114
1910 1114
1909 1114
1908 1113
1907 1113
1906 1113
1905 1113
1904 1113
1903 1113
1902 1113
1901 1113
1900 1113
1899 1113
1898 1113
1897 1113
1896 1113
1895 1113
1894 1113
1893 1113
1892 1113
1891 1113
1890 1113
1889 1113
1888 1113
1887 1113
1886 1113
1885 1113
1884 1113
1883 1113
1882 1113
1881 1113
1880 1113
1879 1113
1878 1113
1877 1113
1876 1113
1875 1113
1874 1113
1873 1113
1872 1113
1871 1113
1870 1114
1869 1114
1868 1114
1867 1114
1866 1115
1865 1115
1864 1115
1863 1115
1862 1115
1861 1115
1860 1115
1859 1115
1858 1115
1857 1115
1856 1115
1855 1115
1854 1115
1853 1115
1852 1115
1851 1115
1850 1115
1849 1115
1848 1115
1847 1115
1846 1115
1845 1115
1844 1116
1843 1116
1842 1116
1841 1116
1840 1117
1839 1117
1838 1117
1837 1117
1836 1117
1835 1117
1834 1117
1833 1117
1832 1117
1831 1117
1830 1117
1829 1117
1828 1117
1827 1117
1826 1117
1825 1117
1824 1117
1823 1117
1822 1117
1821 1117
1820 1118
1819 1118
1818 1118
1817 1118
1816 1119
1815 1119
1814 1119
1813 1119
1812 1119
1811 1119
1810 1119
1809 1119
1808 1119
1807 1119
1806 1119
1805 1119
1804 1119
1803 1119
1802 1119
1801 1119
1800 1119
1799 1119
1798 1119
1797 1119
1796 1119
1795 1119
1794 1119
1793 1119
1792 1119
1791 1119
1790 1119
1789 1119
1788 1119
1787 1119
1786 1119
1785 1119
1784 1119
1783 1119
1782 1119
1781 1119
1780 1119
1779 1119
1778 1119
1777 1119
1776 1119
1775 1119
1774 1119
1773 1119
1772 1119
1771 1119
1770 1119
1769 1119
1768 1119
1767 1119
1766 1119
1765 1119
1764 1119
1763 1119
1762 1120
1761 1120
1760 1120
1759 1120
1758 1121
1757 1121
1756 1121
1755 1121
1754 1121
1753 1121
1752 1121
1751 1121
1750 1121
1749 1121
1748 1121
1747 1121
1746 1122
1745 1122
1744 1122
1743 1122
1742 1123
1741 1123
1740 1123
1739 1123
1738 1123
1737 1123
1736 1123
1735 1123
1734 1123
1733 1123
1732 1123
1731 1123
1730 1124
1729 1124
1728 1124
1727 1124
1726 1125
1725 1125
1724 1125
1723 1125
1722 1125
1721 1125
1720 1126
1719 1126
1718 1126
1717 1126
1716 1127
1715 1128
1714 1129
1713 1129
1712 1130
1711 1130
1710 1131
1709 1132
1708 1133
1707 1134
1706 1135
1706 1136
1705 1137
1705 1138
1705 1139
1705 1140
1705 1141
1705 1142
1705 1143
1705 1144
1705 1145
1705 1146
1705 1147
1705 1148
1705 1149
1705 1150
1705 1151
1705 1152
1705 1153
1705 1154
1705 1155
1705 1156
1705 1157
1705 1158
1705 1159
1705 1160
1705 1161
1705 1162
1705 1163
1705 1164
1705 1165
1705 1166
1705 1167
1705 1168
1705 1169
1705 1170
1705 1171
1705 1172
1706 1173
1706 1174
1706 1175
1706 1176
1707 1177
1708 1178
1709 1179
1709 1180
1710 1181
1710 1182
1711 1183
1712 1184
1712 1185
1712 1186
1713 1187
1714 1188
1714 1189
1714 1190
1715 1191
1716 1192
1717 1193
1718 1194
1718 1195
1719 1196
1720 1197
1720 1198
1721 1199
1722 1200
1722 1201
1722 1202
1723 1203
1724 1204
1724 1205
1724 1206
1725 1207
1726 1208
1727 1209
1727 1210
1728 1211
1728 1212
1729 1213
1730 1214
1731 1215
1731 1216
1732 1217
1732 1218
1733 1219
1733 1220
1734 1221
1734 1222
1735 1223
1736 1224
1736 1225
1737 1225
1738 1226
1738 1227
1739 1227
1740 1228
1740 1229
1741 1230
1742 1231
1742 1232
1743 1233
1744 1234
1745 1235
1745 1236
1746 1237
1746 1238
1747 1239
1748 1240
1749 1241
1750 1242
1750 1243
1751 1243
1752 1244
1752 1245
1753 1245
1754 1246
1755 1247
1756 1247
1757 1248
1758 1248
1759 1248
1760 1248
1761 1248
1762 1248
1763 1248
1764 1248
1765 1249
1766 1249
1767 1249
1768 1249
1769 1250
1770 1250
1771 1250
1772 1250
1773 1250
1774 1250
1775 1250
1776 1250
1777 1251
1778 1251
1779 1252
1780 1253
1781 1253
1782 1254
1782 1255
1783 1255
1784 1256
1784 1257
1785 1257
1786 1258
1786 1259
1787 1260
1788 1261
1788 1262
1789 1263
1790 1264
1791 1265
1792 1266
1793 1267
1794 1268
1795 1269
1796 1269
1797 1269
1798 1269
1799 1270
1800 1270
1801 1270
1802 1270
1803 1271
1804 1271
1805 1271
1806 1271
1807 1272
1808 1272
1809 1272
1810 1272
1811 1273
1812 1273
1813 1274
1814 1275
1815 1275
1816 1276
1816 1277
1817 1277
1818 1278
1819 1279
1820 1279
1821 1280
1822 1280
1823 1280
1824 1280
1825 1280
1826 1280
1827 1280
1828 1280
1829 1280
1830 1280
1831 1281
1832 1281
1833 1282
1834 1283
1835 1283
1836 1284
1837 1285
1838 1285
1839 1286
1840 1286
1841 1286
1842 1286
1843 1286
1844 1286
1845 1286
1846 1286
1847 1286
1848 1286
1849 1286
1850 1286
1851 1286
1852 1286
1853 1286
1854 1286
1855 1286
1856 1286
1857 1286
1858 1286
1859 1286
1860 1286
1861 1286
1862 1286
1863 1286
1864 1286
1865 1286
1866 1286
1867 1286
1868 1286
1869 1286
1870 1286
1871 1286
1872 1286
1873 1286
1874 1286
1875 1286
1876 1286
1877 1285
1878 1285
1879 1285
1880 1285
1881 1284
1882 1284
1883 1284
1884 1284
1885 1284
1886 1284
1887 1284
1888 1284
1889 1284
1890 1284
1891 1284
1892 1284
1893 1284
1894 1284
1895 1284
1896 1284
1897 1284
1898 1284
1899 1283
1900 1283
1901 1283
1902 1283
1903 1282
1904 1282
1905 1281
1906 1281
1907 1281
1908 1281
1909 1280
1910 1280
1911 1280
1912 1280
1913 1280
1914 1280
1915 1280
1916 1280
1917 1280
1918 1280
1919 1280
1920 1280
1921 1280
1922 1280
1923 1280
1924 1280
1925 1280
1926 1280
1927 1280
1928 1280
1929 1280
1930 1280
1931 1280
1932 1280
1933 1280
1934 1280
1935 1280
1936 1280
1937 1280
1938 1280
1939 1280
1940 1280
1941 1280
1942 1280
1943 1280
1944 1280
1945 1280
1946 1280
1947 1280
1948 1280
1949 1281
1950 1281
1951 1281
1952 1281
1953 1282
1954 1282
1955 1282
1956 1282
1957 1283
1958 1283
1959 1283
1960 1283
1961 1284
1962 1284
1963 1284
1964 1284
1965 1284
1966 1284
1967 1285
1968 1285
1969 1285
1970 1285
1971 1286
1972 1286
1973 1286
1974 1286
1975 1287
1976 1287
1977 1287
1978 1288
1979 1289
1980 1289
1981 1289
1982 1289
1983 1290
1984 1290
1985 1291
1986 1291
1987 1291
1988 1292
1989 1293
1990 1293
1991 1293
1992 1293
1993 1294
1994 1294
1995 1294
1996 1294
1997 1295
1998 1295
1999 1295
2000 1296
2001 1297
2002 1297
2003 1297
2004 1297
2005 1298
2006 1298
2007 1298
2008 1298
2009 1299
2010 1299
2011 1299
2012 1300
2013 1301
2014 1301
2015 1302
2016 1302
2017 1303
2018 1304
2019 1305
2020 1305
2021 1305
2022 1305
2023 1306
2024 1306
2025 1307
2026 1307
2027 1307
2028 1307
2029 1308
2030 1308
2031 1309
2032 1309
2033 1309
2034 1309
2035 1310
2036 1310
2037 1311
2038 1311
2039 1312
2040 1312
2041 1313
2042 1313
2043 1314
2044 1314
2045 1314
2046 1314
2047 1314
2048 1314
2049 1314
2050 1314
2051 1315
2052 1315
2053 1315
2054 1315
2055 1316
2056 1316
2057 1317
2058 1317
2059 1317
2060 1317
2061 1318
2062 1318
2063 1318
2064 1318
2065 1318
2066 1318
2067 1318
2068 1318
2069 1318
2070 1318
2071 1318
2072 1318
2073 1318
2074 1318
2075 1318
2076 1318
2077 1318
2078 1318
2079 1318
2080 1318
2081 1318
2082 1318
2083 1319
2084 1319
2085 1319
2086 1320
2087 1321
2088 1321
2089 1321
2090 1321
2091 1322
2092 1322
2093 1323
2094 1323
2095 1323
2096 1323
2097 1324
2098 1324
2099 1324
2100 1324
2101 1325
2102 1325
2103 1325
2104 1326
2105 1327
2106 1327
2107 1328
2108 1328
2109 1329
2110 1329
2111 1330
2112 1330
2113 1330
2114 1330
2115 1330
2116 1330
2117 1330
2118 1330
2119 1330
2120 1330
2121 1331
2122 1331
2123 1331
2124 1332
2125 1333
2126 1333
2127 1333
2128 1334
2129 1335
2130 1335
2131 1335
2132 1335
2133 1336
2134 1336
2135 1337
2136 1337
2137 1337
2138 1337
2139 1338
2140 1338
2141 1338
2142 1338
2143 1338
2144 1338
2145 1338
2146 1338
2147 1339
2148 1339
2149 1340
2150 1340
2151 1341
2152 1342
2153 1343
2154 1343
2155 1344
2156 1344
2157 1345
2158 1346
2159 1347
2160 1347
2161 1347
2162 1348
2163 1349
2164 1349
2165 1349
2166 1349
2167 1350
2168 1350
2169 1350
2170 1350
2171 1350
2172 1350
2173 1350
2174 1350
2175 1350
2176 1350
2177 1350
2178 1350
2179 1350
2180 1350
2181 1350
2182 1350
2183 1350
2184 1350
2185 1350
2186 1350
2187 1350
2188 1350
2189 1351
2190 1351
2191 1351
2192 1351
2193 1352
2194 1352
2195 1352
2196 1352
2197 1352
2198 1352
2199 1352
2200 1352
2201 1352
2202 1352
2203 1352
2204 1352
2205 1352
2206 1352
2207 1352
2208 1352
2209 1352
2210 1352
2211 1352
2212 1352
2213 1352
2214 1352
2215 1351
2216 1351
2217 1351
2218 1351
2219 1350
2220 1349
2221 1349
2222 1349
2223 1348
2224 1348
2225 1347
2226 1347
2227 1347
2228 1347
2229 1346
2230 1346
2231 1346
2232 1346
2233 1346
2234 1346
2235 1345
2236 1345
2237 1344
2238 1344
2239 1343
2240 1343
2241 1342
2242 1341
2243 1341
2244 1341
2245 1340
2246 1340
2247 1339
2248 1339
2249 1339
2250 1339
2251 1338
2252 1338
2253 1339
2254 1339
2255 1339
2256 1340
2257 1341
2258 1341
2259 1341
2260 1341
2261 1342
2262 1342
2263 1342
2264 1342
2265 1342
2266 1342
2267 1342
2268 1342
2269 1342
2270 1342
2271 1342
2272 1342
2273 1342
2274 1342
2275 1342
2276 1342
2277 1342
2278 1342
2279 1342
2280 1342
2281 1341
2282 1341
2283 1341
2284 1341
2285 1340
2286 1340
2287 1340
2288 1340
2289 1340
2290 1340
2291 1340
2292 1340
2293 1340
2294 1340
2295 1340
2296 1340
2297 1340
2298 1340
2299 1340
2300 1340
2301 1340
2302 1340
2303 1339
2304 1339
2305 1339
2306 1339
2307 1338
2308 1338
2309 1338
2310 1338
2311 1338
2312 1338
2313 1338
2314 1338
2315 1338
2316 1338
2317 1338
2318 1338
2319 1338
2320 1338
2321 1339
2322 1339
2323 1339
2324 1339
2325 1340
2326 1340
2327 1340
2328 1340
2329 1340
2330 1340
2331 1340
2332 1340
2333 1340
2334 1340
2335 1340
2336 1340
2337 1339
2338 1339
2339 1339
2340 1339
2341 1338
2342 1338
2343 1338
2344 1338
2345 1338
2346 1338
2347 1338
2348 1338
2349 1338
2350 1338
2351 1338
2352 1338
2353 1338
2354 1338
2355 1338
2356 1338
2357 1338
2358 1338
2359 1338
2360 1338
2361 1338
2362 1338
2363 1337
2364 1337
2365 1337
2366 1337
2367 1336
2368 1336
2369 1336
2370 1336
2371 1336
2372 1336
2373 1336
2374 1336
2375 1336
2376 1336
2377 1336
2378 1336
2379 1336
2380 1336
2381 1336
2382 1336
2383 1336
2384 1336
2385 1336
2386 1336
2387 1336
2388 1336
2389 1336
2390 1336
2391 1336
2392 1336
2393 1336
2394 1336
2395 1336
2396 1336
2397 1336
2398 1336
2399 1337
2400 1337
2401 1337
2402 1337
2403 1338
2404 1338
2405 1338
2406 1338
2407 1338
2408 1338
2409 1338
2410 1338
2411 1338
2412 1338
2413 1337
2414 1337
2415 1337
2416 1337
2417 1336
2418 1336
2419 1336
2420 1336
2421 1335
2422 1335
2423 1335
2424 1335
2425 1334
2426 1334
2427 1333
2428 1333
2429 1332
2430 1331
2431 1331
2431 1330
2432 1329
2433 1329
2433 1328
2434 1327
2435 1327
2435 1326
2436 1325
2437 1325
2437 1324
2438 1323
2439 1323
2439 1322
2440 1321
2441 1321
2441 1320
2442 1319
2443 1319
2443 1318
2444 1317
2445 1317
2445 1316
2446 1315
2447 1315
2447 1314
2448 1313
2449 1313
2449 1312
2450 1311
2451 1311
2451 1310
2452 1309
2453 1309
2453 1308
2454 1307
2455 1307
2455 1306
2456 1305
2457 1305
2457 1304
2458 1303
2459 1303
2459 1302
2460 1301
2461 1301
2461 1300
2462 1299
2463 1299
2463 1298
2464 1297
2465 1297
2465 1296
2466 1295
2467 1294
2467 1293
2468 1292
2468 1291
2469 1290
2469 1289
2469 1288
2470 1287
2471 1286
2471 1285
2472 1284
2473 1283
2473 1282
2474 1281
2475 1280
2476 1279
2477 1278
2477 1277
2477 1276
2478 1275
2479 1274
2479 1273
2479 1272
2480 1271
2481 1270
2481 1269
2481 1268
2482 1267
2483 1266
2483 1265
2483 1264
2483 1263
2484 1262
2484 1261
2484 1260
2484 1259
2485 1258
2485 1257
2485 1256
2486 1255
2487 1254
2487 1253
2487 1252
2488 1251
2489 1250
2489 1249
2489 1248
2489 1247
2490 1246
2490 1245
2490 1244
2490 1243
2491 1242
2491 1241
2492 1240
2492 1239
2493 1238
2493 1237
2494 1236
2494 1235
2495 1234
2495 1233
2496 1232
2497 1231
2497 1230
2498 1229
2499 1228
2499 1227
2500 1226
2500 1225
2500 1224
2500 1223
2500 1222
2500 1221
2500 1220
2500 1219
2500 1218
2500 1217
2500 1216
2500 1215
2500 1214
2500 1213
2499 1212
2499 1211
2498 1210
2498 1209
2497 1208
2497 1207
2496 1206
2495 1205
2494 1204
2493 1203
2493 1202
2492 1202
2491 1201
2491 1200
2490 1200
2489 1199
2489 1198
2488 1197
2487 1196
2487 1195
2486 1194
2486 1193
2486 1192
2486 1191
2485 1190
2485 1189
2484 1188
2483 1187
2483 1186
2482 1186
2481 1185
2481 1184
2480 1184
2479 1183
2479 1182
2478 1182
2477 1181
2477 1180
2476 1180
2475 1179
2475 1178
2474 1177
2473 1176
2473 1175
2472 1174
2472 1173
2472 1172
2472 1171
2471 1170
2471 1169
2471 1168
2471 1167
2470 1166
2470 1165
2470 1164
2470 1163
2470 1162
2470 1161
2470 1160
2470 1159
2470 1158
2470 1157
2470 1156
2470 1155
2469 1154
2469 1153
2469 1152
2469 1151
2468 1150
2467 1149
2467 1148
2467 1147
2466 1146
2465 1145
2464 1144
2464 1143
2463 1142
2463 1141
2462 1140
2461 1139
2460 1138
2459 1137
2459 1136
2458 1136
2457 1135
2457 1134
2456 1133
2455 1132
2455 1131
2454 1130
2453 1129
2453 1128
2453 1127
2452 1126
2451 1125
2450 1124
2449 1123
2448 1122
2447 1121
2446 1120
2445 1120
2444 1119
2443 1119
2442 1118
2441 1117
2440 1116
2439 1116
2438 1116
2437 1115
2436 1114
2435 1114
2434 1113
2433 1113
2432 1112
2431 1111
2430 1110
2429 1110
2428 1110
2427 1109
2426 1108
2425 1108
2424 1108
2423 1107
2422 1106
2421 1106
2420 1106
2419 1105
2418 1104
2417 1104
2416 1104
2415 1104
2414 1103
2413 1103
2412 1103
2411 1103
2410 1103
2409 1103
2408 1103
2407 1103
2406 1102
2405 1102
2404 1102
2403 1101
2402 1100
2401 1100
2400 1100
2399 1100
2398 1099
2397 1099
2396 1098
2395 1098
2394 1098
2393 1097
2392 1096
2391 1096
2390 1096
2389 1095
2388 1094
2387 1094
2386 1093
2385 1093
2384 1092
2383 1091
2382 1090
2381 1090
2380 1089
2379 1088
2379 1087
2378 1086
2377 1085
2376 1084
2375 1083
2374 1082
2373 1081
2372 1080
2371 1080
2370 1079
2369 1078
2368 1078
2367 1077
2367 1076
2366 1076
2365 1075
2364 1074
2363 1074
2362 1073
2361 1073
2360 1072
2359 1072
2358 1072
2357 1071
2356 1070
2355 1070
2354 1069
2353 1069
2352 1068
2351 1067
2350 1066
2349 1066
2348 1066
2347 1066
2346 1065
2345 1065
2344 1064
2343 1064
2342 1064
2341 1064
2340 1063
2339 1063
2338 1062
2337 1062
2336 1062
2335 1062
2334 1061
2333 1061
2332 1060
2331 1060
2330 1060
2329 1060
2328 1059
2327 1059
2326 1058
2325 1058
2324 1058
2323 1057
2322 1056
2321 1056
2320 1056
2319 1055
2318 1054
2317 1054
2316 1054
2315 1053
2314 1052
2313 1052
2312 1052
2311 1052
2310 1051
2309 1051
2308 1050
2307 1050
2306 1050
2305 1050
2304 1049
2303 1049
2302 1049
2301 1049
2300 1049
2299 1049
2298 1049
2297 1049
2296 1049
2295 1049
2294 1049
2293 1049
2292 1049
2291 1049
2290 1049
2289 1049
2288 1049
2287 1049
