865 3123
864 3124
863 3124
862 3124
861 3124
860 3125
859 3125
858 3126
857 3126
856 3126
855 3126
854 3127
853 3127
852 3128
851 3128
850 3128
849 3128
848 3129
847 3129
846 3130
845 3130
844 3130
843 3130
842 3131
841 3132
840 3132
839 3132
838 3133
837 3133
836 3133
835 3133
834 3134
833 3134
832 3134
831 3134
830 3135
829 3135
828 3136
827 3136
826 3136
825 3136
824 3137
823 3138
822 3138
821 3138
820 3139
819 3140
818 3140
817 3140
816 3141
815 3141
814 3142
813 3142
812 3142
811 3142
810 3143
809 3144
808 3144
807 3144
806 3145
805 3145
804 3146
803 3146
802 3146
801 3146
800 3147
799 3147
798 3148
797 3148
796 3148
795 3148
794 3149
793 3150
792 3150
791 3150
790 3151
789 3152
788 3152
787 3152
786 3153
785 3153
784 3154
783 3154
782 3154
781 3154
780 3155
779 3155
778 3156
777 3156
776 3157
776 3158
775 3159
775 3160
774 3161
774 3162
774 3163
774 3164
773 3165
773 3166
773 3167
773 3168
774 3169
774 3170
774 3171
774 3172
775 3173
775 3174
775 3175
775 3176
776 3177
776 3178
777 3179
777 3180
778 3181
778 3182
779 3183
780 3184
780 3185
780 3186
781 3187
782 3188
783 3189
783 3190
784 3191
784 3192
785 3193
785 3194
785 3195
785 3196
786 3197
786 3198
787 3199
787 3200
788 3201
788 3202
789 3203
790 3204
790 3205
790 3206
791 3207
792 3208
792 3209
792 3210
793 3211
794 3212
795 3213
796 3214
796 3215
797 3215
798 3216
798 3217
799 3217
800 3218
800 3219
801 3219
802 3220
802 3221
803 3221
804 3222
805 3223
806 3224
807 3225
808 3225
809 3226
810 3227
811 3227
812 3228
812 3229
813 3229
814 3230
814 3231
815 3231
816 3232
817 3233
818 3234
819 3235
820 3235
821 3236
822 3236
823 3237
824 3238
825 3239
826 3239
827 3240
828 3240
829 3241
830 3242
831 3243
832 3243
833 3244
834 3244
835 3245
836 3245
837 3246
838 3246
839 3247
840 3247
841 3247
842 3247
843 3248
844 3248
845 3248
846 3248
847 3248
848 3248
849 3248
850 3248
851 3248
852 3248
853 3248
854 3248
855 3248
856 3248
857 3248
858 3248
859 3249
860 3249
861 3249
862 3249
863 3250
864 3250
865 3250
866 3250
867 3250
868 3250
869 3250
870 3250
871 3250
872 3250
873 3250
874 3250
875 3250
876 3250
877 3249
878 3249
879 3249
880 3249
881 3248
882 3248
883 3248
884 3248
885 3248
886 3248
887 3248
888 3248
889 3248
890 3248
891 3248
892 3248
893 3248
894 3248
895 3248
896 3248
897 3247
898 3247
899 3247
900 3247
901 3246
902 3246
903 3246
904 3246
905 3246
906 3246
907 3245
908 3245
909 3245
910 3245
911 3244
912 3244
913 3244
914 3244
915 3243
916 3243
917 3243
918 3243
919 3242
920 3242
921 3241
922 3241
923 3241
924 3241
925 3240
926 3240
927 3240
928 3240
929 3239
930 3239
931 3239
932 3239
933 3238
934 3237
935 3237
936 3237
937 3236
938 3236
939 3236
940 3236
941 3236
942 3236
943 3235
944 3235
945 3235
946 3235
947 3234
948 3233
949 3233
950 3233
951 3232
952 3231
953 3231
954 3231
955 3230
956 3229
957 3229
958 3229
959 3228
960 3228
961 3228
962 3228
963 3228
964 3228
965 3228
966 3228
967 3228
968 3228
969 3228
970 3228
971 3228
972 3228
973 3228
974 3228
975 3228
976 3228
977 3228
978 3228
979 3228
980 3228
981 3228
982 3228
983 3228
984 3228
985 3228
986 3228
987 3228
988 3228
989 3228
990 3228
991 3228
992 3228
993 3228
994 3228
995 3228
996 3228
997 3228
998 3228
999 3228
1000 3228
1001 3228
1002 3228
1003 3228
1004 3228
1005 3228
1006 3228
1007 3228
1008 3228
1009 3228
1010 3228
1011 3228
1012 3228
1013 3228
1014 3228
1015 3228
1016 3228
1017 3228
1018 3228
1019 3228
1020 3228
1021 3228
1022 3228
1023 3228
1024 3228
1025 3228
1026 3228
1027 3228
1028 3228
1029 3228
1030 3228
1031 3228
1032 3228
1033 3228
1034 3228
1035 3228
1036 3228
1037 3228
1038 3228
1039 3228
1040 3228
1041 3228
1042 3228
1043 3228
1044 3228
1045 3228
1046 3228
1047 3228
1048 3228
1049 3228
1050 3228
1051 3228
1052 3228
1053 3228
1054 3228
1055 3228
1056 3228
1057 3228
1058 3228
1059 3228
1060 3228
1061 3228
1062 3228
1063 3228
1064 3228
1065 3228
1066 3228
1067 3228
1068 3228
1069 3228
1070 3228
1071 3228
1072 3228
1073 3228
1074 3228
1075 3228
1076 3228
1077 3228
1078 3228
1079 3228
1080 3228
1081 3228
1082 3228
1083 3229
1084 3229
1085 3229
1086 3230
1087 3231
1088 3231
1089 3231
1090 3231
1091 3232
1092 3232
1093 3232
1094 3232
1095 3232
1096 3232
1097 3232
1098 3232
1099 3233
1100 3233
1101 3233
1102 3233
1103 3234
1104 3234
1105 3234
1106 3234
1107 3234
1108 3234
1109 3234
1110 3234
1111 3234
1112 3234
1113 3234
1114 3234
1115 3235
1116 3235
1117 3235
1118 3235
1119 3236
1120 3236
1121 3236
1122 3236
1123 3236
1124 3236
1125 3236
1126 3236
1127 3236
1128 3236
1129 3236
1130 3236
1131 3237
1132 3237
1133 3237
1134 3237
1135 3238
1136 3238
1137 3238
1138 3238
1139 3238
1140 3238
1141 3238
1142 3238
1143 3238
1144 3238
1145 3239
1146 3239
1147 3239
1148 3239
1149 3240
1150 3240
1151 3240
1152 3240
1153 3240
1154 3240
1155 3240
1156 3240
1157 3240
1158 3240
1159 3240
1160 3240
1161 3240
1162 3240
1163 3240
1164 3240
1165 3240
1166 3240
1167 3240
1168 3240
1169 3240
1170 3240
1171 3240
1172 3240
1173 3240
1174 3240
1175 3240
1176 3240
1177 3239
1178 3239
1179 3239
1180 3239
1181 3238
1182 3238
1183 3238
1184 3238
1185 3238
1186 3238
1187 3238
1188 3238
1189 3238
1190 3238
1191 3238
1192 3238
1193 3238
1194 3238
1195 3238
1196 3238
1197 3238
1198 3238
1199 3238
1200 3238
1201 3238
1202 3238
1203 3238
1204 3238
1205 3237
1206 3237
1207 3237
1208 3237
1209 3236
1210 3235
1211 3235
1212 3235
1213 3234
1214 3233
1215 3232
1216 3231
1217 3231
1218 3230
1219 3229
1220 3229
1221 3228
1222 3228
1223 3227
1224 3227
1225 3227
1226 3227
1227 3226
1228 3225
1229 3225
1230 3225
1231 3224
1232 3224
1233 3224
1234 3224
1235 3223
1236 3223
1237 3222
1238 3222
1239 3221
1240 3221
1241 3220
1242 3220
1243 3219
1244 3219
1245 3218
1246 3217
1247 3216
1248 3215
1249 3214
1249 3213
1249 3212
1250 3211
1251 3210
1251 3209
1251 3208
1251 3207
1252 3206
1252 3205
1252 3204
1252 3203
1252 3202
1252 3201
1252 3200
1252 3199
1252 3198
1252 3197
1252 3196
1252 3195
1252 3194
1252 3193
1252 3192
1252 3191
1252 3190
1252 3189
1252 3188
1252 3187
1252 3186
1252 3185
1252 3184
1252 3183
1252 3182
1252 3181
1252 3180
1252 3179
1252 3178
1252 3177
1251 3176
1251 3175
1250 3174
1249 3173
1249 3172
1248 3172
1247 3171
1247 3170
1246 3170
1245 3169
1245 3168
1244 3168
1243 3167
1243 3166
1242 3166
1241 3165
1241 3164
1240 3164
1239 3163
1238 3162
1237 3161
1236 3160
1235 3160
1234 3159
1233 3159
1232 3158
1231 3157
1230 3156
1229 3156
1228 3156
1227 3155
1226 3154
1225 3154
1224 3154
1223 3153
1222 3152
1221 3152
1220 3151
1219 3150
1218 3150
1217 3149
1216 3148
1215 3147
1214 3146
1213 3146
1212 3146
1211 3145
1210 3144
1209 3144
1208 3143
1207 3142
1206 3142
1205 3141
1204 3140
1203 3139
1202 3138
1201 3138
1200 3138
1199 3138
1198 3137
1197 3137
1196 3137
1195 3137
1194 3138
1193 3138
1192 3138
1191 3138
1190 3139
1189 3139
1188 3139
1187 3139
1186 3139
1185 3139
1184 3139
1183 3139
1182 3139
1181 3139
1180 3139
1179 3139
1178 3138
1177 3138
1176 3138
1175 3138
1174 3137
1173 3137
1172 3137
1171 3137
1170 3136
1169 3136
1168 3136
1167 3136
1166 3135
1165 3135
1164 3135
1163 3135
1162 3135
1161 3135
1160 3135
1159 3135
1158 3134
1157 3134
1156 3134
1155 3134
1154 3133
1153 3133
1152 3133
1151 3133
1150 3133
1149 3133
1148 3132
1147 3132
1146 3132
1145 3132
1144 3131
1143 3131
1142 3131
1141 3131
1140 3131
1139 3131
1138 3131
1137 3131
1136 3131
1135 3131
1134 3130
1133 3130
1132 3130
1131 3130
1130 3129
1129 3129
1128 3129
1127 3129
1126 3129
1125 3129
1124 3129
1123 3129
1122 3129
1121 3129
1120 3129
1119 3129
1118 3129
1117 3129
1116 3129
1115 3129
1114 3129
1113 3129
1112 3128
1111 3128
1110 3128
1109 3128
1108 3127
1107 3127
1106 3127
1105 3127
1104 3127
1103 3127
1102 3127
1101 3127
1100 3127
1099 3127
1098 3127
1097 3127
1096 3127
1095 3127
1094 3127
1093 3127
1092 3127
1091 3127
1090 3127
1089 3127
1088 3126
1087 3126
1086 3126
1085 3126
1084 3125
1083 3125
1082 3125
1081 3125
1080 3125
1079 3125
1078 3125
1077 3125
1076 3125
1075 3125
1074 3125
1073 3125
1072 3125
1071 3125
1070 3125
1069 3125
1068 3125
1067 3125
1066 3125
1065 3125
1064 3125
1063 3125
1062 3125
1061 3125
1060 3125
1059 3125
1058 3125
1057 3125
1056 3125
1055 3125
1054 3125
1053 3125
1052 3125
1051 3125
1050 3125
1049 3125
1048 3125
1047 3125
1046 3125
1045 3125
1044 3125
1043 3125
1042 3125
1041 3125
1040 3125
1039 3125
1038 3125
1037 3125
1036 3125
1035 3125
1034 3125
1033 3125
1032 3125
1031 3125
1030 3125
1029 3125
1028 3125
1027 3125
1026 3125
1025 3125
1024 3125
1023 3125
1022 3125
1021 3125
1020 3125
1019 3125
1018 3125
1017 3125
1016 3125
1015 3125
1014 3125
1013 3125
1012 3125
1011 3125
1010 3125
1009 3125
1008 3125
1007 3125
1006 3125
1005 3125
1004 3125
1003 3125
1002 3125
1001 3125
1000 3126
999 3126
998 3126
997 3126
996 3127
995 3127
994 3127
993 3127
992 3127
991 3127
990 3127
989 3127
988 3127
987 3127
986 3127
985 3127
984 3127
983 3127
982 3127
981 3127
980 3128
979 3128
978 3128
977 3128
976 3129
975 3129
974 3129
973 3129
972 3129
971 3129
970 3129
969 3129
968 3130
967 3130
966 3130
965 3130
964 3131
963 3131
962 3131
961 3131
960 3131
959 3131
958 3131
957 3131
956 3131
955 3131
954 3131
953 3131
952 3131
951 3131
950 3131
949 3131
948 3131
947 3131
946 3131
945 3131
944 3131
943 3131
942 3131
941 3131
940 3130
939 3130
938 3129
937 3129
936 3128
935 3128
934 3127
933 3127
932 3127
931 3127
930 3127
929 3127
928 3127
927 3127
926 3127
925 3127
924 3127
923 3127
922 3127
921 3127
920 3127
919 3127
918 3127
917 3127
916 3127
915 3127
914 3127
913 3127
912 3127
911 3127
910 3127
909 3127
908 3127
907 3127
906 3127
905 3127
904 3127
903 3127
902 3127
901 3127
900 3127
899 3127
898 3127
897 3127
896 3127
895 3127
894 3127
893 3127
892 3127
891 3127
890 3127
889 3127
888 3127
887 3127
886 3126
885 3126
884 3125
883 3125
882 3124
881 3124
880 3123
879 3123
878 3123
877 3123
876 3123
875 3123
874 3123
873 3123
872 3123
871 3123
870 3123
869 3123
868 3123
867 3123
866 3123
865 3123
