2285 4291
2284 4292
2283 4292
2282 4292
2281 4292
2280 4293
2279 4294
2278 4294
2277 4294
2276 4295
2275 4295
2274 4295
2273 4295
2272 4295
2271 4295
2270 4295
2269 4295
2268 4294
2267 4294
2266 4294
2265 4294
2264 4293
2263 4293
2262 4293
2261 4293
2260 4293
2259 4293
2258 4293
2257 4293
2256 4293
2255 4293
2254 4293
2253 4293
2252 4293
2251 4293
2250 4293
2249 4293
2248 4294
2247 4294
2246 4294
2245 4294
2244 4295
2243 4295
2242 4295
2241 4295
2240 4295
2239 4295
2238 4295
2237 4295
2236 4295
2235 4295
2234 4295
2233 4295
2232 4295
2231 4295
2230 4295
2229 4295
2228 4295
2227 4295
2226 4295
2225 4295
2224 4295
2223 4295
2222 4295
2221 4295
2220 4296
2219 4296
2218 4296
2217 4296
2216 4297
2215 4297
2214 4297
2213 4297
2212 4298
2211 4298
2210 4298
2209 4298
2208 4299
2207 4300
2206 4301
2205 4301
2204 4302
2203 4302
2202 4303
2201 4303
2200 4303
2199 4303
2198 4304
2197 4304
2196 4305
2195 4305
2194 4306
2193 4306
2192 4307
2191 4307
2190 4307
2189 4307
2188 4307
2187 4307
2186 4307
2185 4307
2184 4307
2183 4307
2182 4307
2181 4307
2180 4307
2179 4307
2178 4308
2177 4308
2176 4308
2175 4308
2174 4309
2173 4309
2172 4309
2171 4309
2170 4310
2169 4310
2168 4310
2167 4310
2166 4311
2165 4312
2164 4312
2163 4312
2162 4313
2161 4313
2160 4313
2159 4313
2158 4312
2157 4312
2156 4312
2155 4312
2154 4311
2153 4311
2152 4311
2151 4311
2150 4311
2149 4311
2148 4311
2147 4311
2146 4311
2145 4311
2144 4310
2143 4310
2142 4310
2141 4310
2140 4309
2139 4309
2138 4309
2137 4309
2136 4309
2135 4309
2134 4310
2133 4310
2132 4311
2132 4312
2131 4313
2131 4314
2131 4315
2131 4316
2131 4317
2131 4318
2131 4319
2131 4320
2131 4321
2131 4322
2131 4323
2131 4324
2131 4325
2131 4326
2131 4327
2131 4328
2131 4329
2131 4330
2132 4331
2132 4332
2133 4333
2133 4334
2134 4335
2134 4336
2135 4337
2135 4338
2136 4339
2136 4340
2137 4341
2137 4342
2138 4343
2138 4344
2139 4345
2140 4346
2140 4347
2140 4348
2141 4349
2141 4350
2141 4351
2141 4352
2141 4353
2141 4354
2141 4355
2141 4356
2141 4357
2141 4358
2141 4359
2141 4360
2140 4361
2140 4362
2140 4363
2140 4364
2139 4365
2139 4366
2138 4367
2138 4368
2138 4369
2138 4370
2137 4371
2137 4372
2137 4373
2137 4374
2137 4375
2137 4376
2137 4377
2137 4378
2137 4379
2137 4380
2138 4381
2138 4382
2139 4383
2139 4384
2140 4385
2140 4386
2141 4387
2142 4388
2142 4389
2142 4390
2143 4391
2143 4392
2144 4393
2144 4394
2145 4395
2145 4396
2146 4397
2146 4398
2147 4399
2148 4400
2149 4401
2150 4402
2151 4403
2152 4403
2153 4403
2154 4404
2155 4405
2156 4405
2157 4406
2158 4406
2159 4407
2160 4407
2161 4408
2162 4408
2163 4409
2164 4409
2165 4410
2166 4410
2167 4411
2168 4411
2169 4412
2170 4412
2171 4412
2172 4412
2173 4413
2174 4413
2175 4414
2176 4414
2177 4415
2178 4415
2179 4416
2180 4416
2181 4417
2182 4417
2183 4417
2184 4417
2185 4418
2186 4418
2187 4419
2188 4419
2189 4419
2190 4419
2191 4420
2192 4420
2193 4420
2194 4420
2195 4420
2196 4420
2197 4420
2198 4420
2199 4420
2200 4420
2201 4420
2202 4420
2203 4420
2204 4420
2205 4420
2206 4420
2207 4420
2208 4420
2209 4420
2210 4420
2211 4420
2212 4420
2213 4420
2214 4420
2215 4420
2216 4420
2217 4420
2218 4420
2219 4420
2220 4420
2221 4420
2222 4420
2223 4421
2224 4421
2225 4422
2226 4422
2227 4423
2228 4423
2229 4424
2230 4424
2231 4424
2232 4424
2233 4424
2234 4424
2235 4424
2236 4424
2237 4425
2238 4425
2239 4426
2240 4426
2241 4427
2242 4427
2243 4428
2244 4428
2245 4428
2246 4428
2247 4428
2248 4428
2249 4428
2250 4428
2251 4428
2252 4428
2253 4428
2254 4428
2255 4428
2256 4428
2257 4428
2258 4428
2259 4428
2260 4428
2261 4428
2262 4428
2263 4428
2264 4428
2265 4427
2266 4427
2267 4427
2268 4427
2269 4426
2270 4426
2271 4426
2272 4426
2273 4426
2274 4426
2275 4426
2276 4426
2277 4426
2278 4426
2279 4426
2280 4426
2281 4426
2282 4426
2283 4426
2284 4426
2285 4427
2286 4427
2287 4427
2288 4427
2289 4428
2290 4428
2291 4428
2292 4428
2293 4428
2294 4428
2295 4429
2296 4429
2297 4429
2298 4429
2299 4430
2300 4430
2301 4430
2302 4430
2303 4430
2304 4430
2305 4430
2306 4430
2307 4430
2308 4430
2309 4430
2310 4430
2311 4430
2312 4430
2313 4429
2314 4429
2315 4428
2316 4427
2317 4427
2318 4426
2319 4425
2320 4425
2321 4424
2322 4423
2323 4423
2324 4423
2325 4422
2326 4422
2327 4422
2328 4422
2329 4422
2330 4422
2331 4422
2332 4422
2333 4422
2334 4422
2335 4421
2336 4421
2337 4420
2338 4420
2339 4419
2340 4419
2341 4418
2342 4417
2343 4417
2344 4417
2345 4416
2346 4416
2347 4416
2348 4416
2349 4416
2350 4416
2351 4416
2352 4416
2353 4417
2354 4417
2355 4417
2356 4417
2357 4418
2358 4418
2359 4417
2360 4417
2361 4416
2362 4415
2363 4414
2363 4413
2364 4412
2364 4411
2364 4410
2364 4409
2365 4408
2365 4407
2366 4406
2367 4405
2367 4404
2368 4403
2369 4403
2369 4402
2370 4401
2371 4400
2371 4399
2372 4398
2372 4397
2372 4396
2372 4395
2372 4394
2372 4393
2372 4392
2372 4391
2372 4390
2372 4389
2373 4388
2373 4387
2374 4386
2375 4385
2375 4384
2376 4383
2377 4383
2377 4382
2378 4381
2379 4381
2379 4380
2380 4379
2381 4379
2381 4378
2382 4377
2383 4377
2383 4376
2384 4375
2385 4375
2385 4374
2386 4373
2387 4373
2387 4372
2388 4371
2389 4371
2389 4370
2390 4369
2391 4368
2391 4367
2392 4366
2392 4365
2392 4364
2392 4363
2392 4362
2392 4361
2392 4360
2392 4359
2392 4358
2392 4357
2393 4356
2393 4355
2393 4354
2393 4353
2394 4352
2394 4351
2394 4350
2394 4349
2394 4348
2394 4347
2394 4346
2394 4345
2394 4344
2394 4343
2394 4342
2394 4341
2393 4340
2393 4339
2392 4338
2392 4337
2391 4336
2391 4335
2390 4334
2389 4333
2389 4332
2389 4331
2388 4330
2387 4329
2387 4328
2387 4327
2386 4326
2385 4325
2385 4324
2385 4323
2384 4322
2383 4321
2382 4320
2381 4319
2381 4318
2380 4318
2379 4317
2378 4316
2377 4316
2376 4315
2375 4315
2374 4315
2373 4315
2372 4314
2371 4314
2370 4314
2369 4313
2368 4312
2367 4312
2366 4312
2365 4312
2364 4311
2363 4311
2362 4310
2361 4310
2360 4310
2359 4309
2358 4308
2357 4308
2356 4308
2355 4308
2354 4307
2353 4307
2352 4306
2351 4306
2350 4306
2349 4306
2348 4305
2347 4305
2346 4305
2345 4305
2344 4304
2343 4304
2342 4304
2341 4304
2340 4303
2339 4303
2338 4303
2337 4303
2336 4303
2335 4303
2334 4303
2333 4303
2332 4303
2331 4303
2330 4303
2329 4303
2328 4303
2327 4303
2326 4304
2325 4304
2324 4304
2323 4304
2322 4305
2321 4305
2320 4305
2319 4305
2318 4306
2317 4306
2316 4306
2315 4306
2314 4307
2313 4307
2312 4306
2311 4306
2310 4305
2309 4304
2308 4304
2307 4303
2307 4302
2306 4302
2305 4301
2305 4300
2304 4300
2303 4299
2303 4298
2302 4298
2301 4297
2301 4296
2300 4296
2299 4295
2298 4294
2297 4293
2296 4292
2295 4292
2294 4292
2293 4292
2292 4291
2291 4291
2290 4291
2289 4291
2288 4291
2287 4291
2286 4291
2285 4291
