929 3637
928 3638
927 3638
926 3639
925 3639
924 3640
923 3640
922 3641
921 3641
920 3641
919 3641
918 3641
917 3641
916 3641
915 3641
914 3641
913 3641
912 3642
911 3642
910 3642
909 3642
908 3643
907 3643
906 3644
905 3644
904 3645
903 3646
902 3646
901 3647
900 3648
899 3648
898 3649
897 3649
896 3650
895 3650
894 3651
893 3652
892 3652
892 3653
891 3654
890 3654
889 3655
888 3656
887 3656
886 3657
885 3657
884 3657
883 3657
882 3657
881 3657
880 3658
879 3658
878 3659
877 3660
876 3660
875 3661
874 3662
873 3662
872 3663
871 3664
870 3665
869 3666
868 3666
867 3667
866 3668
865 3668
864 3669
863 3670
862 3671
861 3672
860 3673
859 3674
858 3675
858 3676
858 3677
858 3678
857 3679
857 3680
856 3681
856 3682
855 3683
854 3684
853 3685
852 3686
851 3686
850 3687
849 3687
848 3687
847 3687
846 3688
845 3688
844 3689
843 3690
842 3690
842 3691
841 3692
840 3693
839 3694
838 3695
838 3696
837 3697
837 3698
836 3699
835 3700
834 3701
834 3702
834 3703
833 3704
832 3705
832 3706
831 3707
831 3708
830 3709
829 3710
828 3711
828 3712
828 3713
827 3714
826 3715
826 3716
826 3717
825 3718
824 3719
824 3720
823 3721
823 3722
822 3723
821 3724
820 3725
820 3726
819 3727
819 3728
818 3729
818 3730
817 3731
817 3732
818 3733
818 3734
819 3735
819 3736
820 3737
820 3738
821 3739
822 3740
822 3741
822 3742
823 3743
823 3744
823 3745
823 3746
824 3747
824 3748
825 3749
826 3750
826 3751
827 3751
828 3752
829 3753
830 3753
831 3754
832 3754
833 3754
834 3754
835 3753
836 3753
837 3753
838 3753
839 3752
840 3751
841 3751
842 3751
843 3750
844 3750
845 3750
846 3750
847 3750
848 3750
849 3750
850 3750
851 3749
852 3749
853 3749
854 3749
855 3748
856 3748
857 3748
858 3748
859 3748
860 3748
861 3748
862 3748
863 3748
864 3748
865 3748
866 3748
867 3748
868 3748
869 3749
870 3749
871 3749
872 3749
873 3750
874 3750
875 3750
876 3750
877 3750
878 3750
879 3750
880 3750
881 3750
882 3750
883 3750
884 3750
885 3750
886 3750
887 3750
888 3750
889 3750
890 3750
891 3750
892 3750
893 3750
894 3750
895 3749
896 3749
897 3749
898 3749
899 3748
900 3748
901 3748
902 3748
903 3748
904 3748
905 3748
906 3748
907 3748
908 3748
909 3747
910 3747
911 3747
912 3747
913 3746
914 3746
915 3745
916 3745
917 3745
918 3745
919 3744
920 3744
921 3744
922 3744
923 3744
924 3744
925 3743
926 3743
927 3743
928 3743
929 3742
930 3742
931 3742
932 3742
933 3742
934 3742
935 3741
936 3741
937 3741
938 3741
939 3740
940 3740
941 3740
942 3740
943 3739
944 3739
945 3739
946 3739
947 3738
948 3738
949 3738
950 3738
951 3738
952 3738
953 3738
954 3738
955 3737
956 3737
957 3737
958 3737
959 3736
960 3736
961 3736
962 3736
963 3736
964 3736
965 3736
966 3736
967 3736
968 3736
969 3735
970 3735
971 3735
972 3735
973 3734
974 3734
975 3734
976 3734
977 3734
978 3734
979 3734
980 3734
981 3734
982 3734
983 3734
984 3734
985 3734
986 3734
987 3734
988 3734
989 3734
990 3734
991 3734
992 3734
993 3734
994 3734
995 3734
996 3734
997 3734
998 3734
999 3734
1000 3734
1001 3734
1002 3734
1003 3734
1004 3734
1005 3734
1006 3734
1007 3733
1008 3733
1009 3733
1010 3733
1011 3732
1012 3732
1013 3732
1014 3732
1015 3732
1016 3732
1017 3732
1018 3732
1019 3732
1020 3732
1021 3731
1022 3731
1023 3731
1024 3731
1025 3730
1026 3730
1027 3730
1028 3730
1029 3730
1030 3730
1031 3729
1032 3729
1033 3729
1034 3729
1035 3728
1036 3728
1037 3727
1038 3727
1039 3727
1040 3727
1041 3726
1042 3726
1043 3726
1044 3726
1045 3726
1046 3726
1047 3726
1048 3726
1049 3726
1050 3726
1051 3726
1052 3726
1053 3726
1054 3726
1055 3726
1056 3726
1057 3726
1058 3726
1059 3726
1060 3726
1061 3726
1062 3726
1063 3726
1064 3726
1065 3726
1066 3726
1067 3726
1068 3726
1069 3726
1070 3726
1071 3725
1072 3725
1073 3725
1074 3725
1075 3724
1076 3723
1077 3722
1078 3721
1079 3721
1079 3720
1080 3719
1081 3718
1081 3717
1082 3716
1082 3715
1082 3714
1082 3713
1082 3712
1082 3711
1083 3710
1083 3709
1084 3708
1084 3707
1085 3706
1085 3705
1086 3704
1086 3703
1087 3702
1087 3701
1087 3700
1087 3699
1088 3698
1088 3697
1087 3696
1087 3695
1086 3694
1085 3693
1085 3692
1084 3692
1083 3691
1083 3690
1082 3690
1081 3689
1080 3688
1079 3687
1078 3686
1077 3686
1076 3685
1075 3684
1074 3684
1073 3683
1073 3682
1072 3682
1071 3681
1071 3680
1070 3679
1069 3678
1069 3677
1068 3676
1067 3675
1066 3674
1065 3673
1065 3672
1064 3672
1063 3671
1062 3670
1061 3669
1060 3668
1059 3668
1058 3668
1057 3668
1056 3667
1055 3667
1054 3667
1053 3667
1052 3667
1051 3667
1050 3666
1049 3666
1048 3666
1047 3665
1046 3664
1045 3664
1044 3664
1043 3664
1042 3663
1041 3663
1040 3663
1039 3663
1038 3662
1037 3662
1036 3661
1035 3661
1034 3660
1033 3660
1032 3659
1031 3659
1030 3659
1029 3659
1028 3659
1027 3659
1026 3659
1025 3659
1024 3659
1023 3659
1022 3659
1021 3659
1020 3659
1019 3659
1018 3659
1017 3659
1016 3659
1015 3659
1014 3659
1013 3659
1012 3658
1011 3658
1010 3657
1009 3657
1008 3656
1007 3655
1006 3654
1005 3654
1004 3653
1003 3653
1002 3652
1001 3651
1000 3650
999 3650
998 3650
997 3650
996 3649
995 3649
994 3649
993 3649
992 3648
991 3648
990 3648
989 3648
988 3647
987 3647
986 3647
985 3647
984 3646
983 3646
982 3645
981 3645
980 3644
979 3644
978 3643
977 3643
976 3643
975 3643
974 3642
973 3642
972 3642
971 3642
970 3641
969 3641
968 3641
967 3641
966 3641
965 3641
964 3641
963 3641
962 3641
961 3641
960 3641
959 3641
958 3641
957 3641
956 3640
955 3640
954 3640
953 3640
952 3639
951 3639
950 3639
949 3639
948 3639
947 3639
946 3639
945 3639
944 3639
943 3639
942 3639
941 3639
940 3638
939 3638
938 3638
937 3638
936 3637
935 3637
934 3637
933 3637
932 3637
931 3637
930 3637
929 3637
