599 4083
598 4084
597 4084
596 4085
596 4086
595 4087
595 4088
595 4089
595 4090
595 4091
595 4092
595 4093
595 4094
595 4095
595 4096
595 4097
595 4098
595 4099
595 4100
595 4101
595 4102
595 4103
595 4104
595 4105
595 4106
595 4107
595 4108
595 4109
595 4110
595 4111
595 4112
595 4113
595 4114
595 4115
595 4116
594 4117
594 4118
594 4119
594 4120
593 4121
593 4122
593 4123
593 4124
593 4125
593 4126
593 4127
593 4128
593 4129
593 4130
593 4131
593 4132
593 4133
593 4134
593 4135
593 4136
593 4137
593 4138
593 4139
593 4140
593 4141
593 4142
593 4143
593 4144
593 4145
593 4146
593 4147
593 4148
593 4149
593 4150
594 4151
595 4152
596 4153
597 4153
598 4154
599 4155
600 4155
601 4156
602 4157
602 4158
603 4159
604 4160
605 4161
606 4162
606 4163
607 4163
608 4164
609 4165
610 4165
611 4166
612 4166
613 4167
614 4167
615 4168
616 4168
617 4169
618 4169
619 4170
620 4170
621 4170
622 4170
623 4171
624 4171
625 4171
626 4171
627 4172
628 4172
629 4172
630 4172
631 4173
632 4173
633 4173
634 4174
635 4175
636 4175
637 4175
638 4175
639 4176
640 4176
641 4176
642 4176
643 4176
644 4176
645 4177
646 4177
647 4177
648 4177
649 4178
650 4178
651 4179
652 4179
653 4179
654 4179
655 4180
656 4180
657 4180
658 4180
659 4181
660 4181
661 4181
662 4181
663 4182
664 4182
665 4182
666 4182
667 4182
668 4182
669 4183
670 4183
671 4183
672 4183
673 4184
674 4184
675 4185
676 4185
677 4186
678 4186
679 4187
680 4188
681 4189
682 4189
683 4189
684 4190
685 4191
686 4191
687 4191
688 4192
689 4193
690 4193
691 4194
692 4195
693 4195
694 4196
694 4197
695 4197
696 4198
696 4199
697 4199
698 4200
698 4201
699 4201
700 4202
701 4203
702 4203
703 4204
704 4204
705 4204
706 4204
707 4204
708 4204
709 4204
710 4204
711 4204
712 4204
713 4204
714 4204
715 4204
716 4204
717 4204
718 4204
719 4204
720 4204
721 4204
722 4204
723 4204
724 4204
725 4204
726 4204
727 4204
728 4204
729 4204
730 4204
731 4204
732 4204
733 4204
734 4204
735 4203
736 4203
737 4203
738 4203
739 4202
740 4202
741 4203
742 4203
743 4204
744 4204
745 4205
746 4205
747 4206
748 4206
749 4206
750 4206
751 4206
752 4206
753 4206
754 4206
755 4206
756 4206
757 4206
758 4206
759 4206
760 4206
761 4206
762 4206
763 4206
764 4206
765 4206
766 4206
767 4206
768 4206
769 4206
770 4206
771 4206
772 4206
773 4206
774 4206
775 4207
776 4207
777 4207
778 4207
779 4208
780 4208
781 4208
782 4208
783 4208
784 4208
785 4208
786 4208
787 4208
788 4208
789 4208
790 4208
791 4208
792 4208
793 4208
794 4208
795 4208
796 4208
797 4208
798 4208
799 4208
800 4208
801 4208
802 4208
803 4208
804 4208
805 4208
806 4208
807 4208
808 4208
809 4208
810 4208
811 4208
812 4208
813 4208
814 4208
815 4208
816 4208
817 4207
818 4207
819 4207
820 4207
821 4206
822 4206
823 4206
824 4206
825 4206
826 4206
827 4206
828 4206
829 4206
830 4206
831 4206
832 4206
833 4206
834 4206
835 4206
836 4206
837 4205
838 4205
839 4205
840 4205
841 4204
842 4204
843 4204
844 4204
845 4204
846 4204
847 4203
848 4203
849 4203
850 4203
851 4202
852 4202
853 4202
854 4202
855 4201
856 4201
857 4201
858 4201
859 4200
860 4200
861 4200
862 4200
863 4200
864 4200
865 4200
866 4200
867 4200
868 4200
869 4199
870 4199
871 4199
872 4199
873 4198
874 4198
875 4198
876 4198
877 4198
878 4198
879 4197
880 4197
881 4197
882 4197
883 4196
884 4196
885 4195
886 4195
887 4194
888 4193
889 4193
889 4192
890 4191
891 4190
892 4189
893 4188
893 4187
893 4186
893 4185
894 4184
894 4183
895 4182
895 4181
896 4180
897 4179
897 4178
898 4177
899 4177
899 4176
900 4175
901 4175
901 4174
902 4173
903 4173
904 4172
905 4171
906 4171
907 4170
908 4170
909 4169
910 4169
911 4169
912 4169
913 4168
914 4168
915 4168
916 4168
917 4168
918 4168
919 4167
920 4167
921 4167
922 4167
923 4166
924 4165
925 4164
926 4164
927 4163
928 4163
929 4162
930 4161
931 4160
931 4159
932 4158
932 4157
932 4156
932 4155
932 4154
932 4153
931 4152
931 4151
931 4150
931 4149
930 4148
930 4147
930 4146
930 4145
930 4144
930 4143
929 4142
929 4141
929 4140
929 4139
928 4138
928 4137
928 4136
928 4135
928 4134
928 4133
927 4132
927 4131
926 4130
925 4129
924 4128
923 4128
922 4127
921 4127
920 4126
919 4125
918 4124
917 4124
916 4124
915 4124
914 4123
913 4123
912 4122
911 4122
910 4122
909 4121
908 4120
907 4120
906 4120
905 4119
904 4118
903 4118
902 4118
901 4118
900 4117
899 4117
898 4116
897 4116
896 4116
895 4116
894 4115
893 4115
892 4114
891 4114
890 4113
889 4113
888 4112
887 4112
886 4111
885 4111
884 4110
883 4110
882 4110
881 4109
880 4108
879 4108
878 4108
877 4108
876 4107
875 4107
874 4107
873 4107
872 4106
871 4106
870 4106
869 4106
868 4105
867 4105
866 4105
865 4105
864 4105
863 4105
862 4105
861 4105
860 4105
859 4105
858 4104
857 4104
856 4103
855 4103
854 4102
853 4102
852 4101
851 4101
850 4101
849 4101
848 4100
847 4100
846 4100
845 4100
844 4099
843 4099
842 4099
841 4099
840 4099
839 4099
838 4099
837 4099
836 4098
835 4098
834 4098
833 4098
832 4097
831 4097
830 4097
829 4097
828 4097
827 4097
826 4097
825 4097
824 4097
823 4097
822 4096
821 4096
820 4096
819 4096
818 4095
817 4095
816 4095
815 4095
814 4094
813 4094
812 4094
811 4094
810 4093
809 4093
808 4093
807 4093
806 4093
805 4093
804 4093
803 4093
802 4092
801 4092
800 4092
799 4092
798 4091
797 4091
796 4091
795 4091
794 4091
793 4091
792 4091
791 4091
790 4091
789 4091
788 4091
787 4091
786 4091
785 4091
784 4091
783 4091
782 4091
781 4091
780 4090
779 4090
778 4090
777 4090
776 4089
775 4089
774 4089
773 4089
772 4089
771 4089
770 4089
769 4089
768 4089
767 4089
766 4089
765 4089
764 4089
763 4089
762 4089
761 4089
760 4089
759 4089
758 4088
757 4088
756 4088
755 4088
754 4087
753 4087
752 4087
751 4087
750 4087
749 4087
748 4086
747 4086
746 4086
745 4086
744 4085
743 4085
742 4085
741 4085
740 4085
739 4085
738 4085
737 4085
736 4085
735 4085
734 4085
733 4085
732 4085
731 4085
730 4085
729 4085
728 4085
727 4085
726 4085
725 4085
724 4085
723 4085
722 4085
721 4085
720 4085
719 4085
718 4085
717 4085
716 4085
715 4085
714 4085
713 4085
712 4085
711 4085
710 4085
709 4085
708 4085
707 4085
706 4085
705 4085
704 4085
703 4085
702 4085
701 4085
700 4086
699 4086
698 4086
697 4086
696 4087
695 4087
694 4086
693 4086
692 4086
691 4085
690 4084
689 4084
688 4084
687 4084
686 4083
685 4083
684 4083
683 4083
682 4083
681 4083
680 4083
679 4083
678 4083
677 4083
676 4083
675 4083
674 4083
673 4083
672 4083
671 4083
670 4083
669 4083
668 4083
667 4083
666 4083
665 4083
664 4083
663 4083
662 4083
661 4083
660 4083
659 4083
658 4083
657 4083
656 4083
655 4083
654 4083
653 4083
652 4083
651 4083
650 4083
649 4083
648 4083
647 4083
646 4083
645 4083
644 4083
643 4083
642 4083
641 4083
640 4083
639 4083
638 4083
637 4083
636 4083
635 4083
634 4083
633 4083
632 4083
631 4083
630 4083
629 4083
628 4083
627 4083
626 4083
625 4083
624 4083
623 4083
622 4083
621 4083
620 4083
619 4083
618 4083
617 4083
616 4083
615 4083
614 4083
613 4083
612 4083
611 4083
610 4083
609 4083
608 4083
607 4083
606 4083
605 4083
604 4083
603 4083
602 4083
601 4083
600 4083
599 4083
