855 1111
854 1112
853 1112
852 1113
851 1113
850 1114
849 1114
848 1115
847 1115
846 1116
845 1116
844 1117
843 1118
842 1118
842 1119
841 1120
840 1120
840 1121
839 1122
838 1122
837 1123
836 1124
835 1124
834 1125
833 1126
832 1127
831 1128
830 1128
830 1129
829 1130
828 1130
828 1131
827 1132
826 1132
826 1133
825 1134
824 1134
824 1135
823 1136
822 1136
822 1137
821 1138
820 1138
820 1139
819 1140
818 1140
818 1141
817 1142
816 1142
815 1143
814 1144
813 1144
812 1145
811 1146
810 1146
809 1146
808 1147
807 1148
806 1149
805 1150
804 1150
804 1151
803 1152
802 1152
802 1153
801 1154
800 1154
799 1155
798 1156
797 1156
796 1157
795 1158
794 1159
793 1160
792 1160
792 1161
791 1162
790 1162
790 1163
789 1164
788 1164
788 1165
787 1166
786 1166
786 1167
785 1168
784 1168
783 1169
782 1170
781 1170
780 1171
779 1172
778 1173
777 1174
776 1174
776 1175
775 1176
774 1176
774 1177
773 1178
772 1178
772 1179
771 1180
770 1180
769 1181
768 1182
767 1182
766 1183
765 1184
764 1184
763 1184
762 1185
761 1185
760 1186
759 1186
758 1187
757 1187
756 1188
755 1188
754 1189
753 1190
752 1191
751 1192
750 1192
750 1193
749 1194
748 1194
748 1195
747 1196
746 1196
746 1197
745 1198
744 1198
743 1199
742 1200
741 1200
740 1201
739 1201
738 1202
737 1202
736 1202
735 1202
734 1203
733 1203
732 1203
731 1203
730 1203
729 1203
728 1204
727 1204
726 1204
725 1204
724 1205
723 1205
722 1205
721 1205
720 1206
719 1206
718 1207
717 1208
716 1208
716 1209
715 1210
714 1210
713 1211
712 1212
711 1212
710 1213
709 1213
708 1213
707 1213
706 1214
705 1214
704 1215
703 1215
702 1216
701 1216
700 1217
699 1217
698 1217
697 1217
696 1218
695 1218
694 1218
693 1218
692 1219
691 1220
690 1221
689 1222
688 1222
688 1223
687 1224
686 1224
686 1225
685 1226
684 1226
684 1227
683 1228
682 1228
682 1229
681 1230
680 1230
679 1231
678 1232
677 1233
676 1233
675 1233
674 1234
673 1235
673 1236
673 1237
673 1238
673 1239
673 1240
673 1241
673 1242
673 1243
673 1244
673 1245
673 1246
673 1247
673 1248
672 1249
672 1250
672 1251
672 1252
673 1253
674 1254
675 1255
676 1255
677 1256
678 1256
679 1257
680 1257
681 1257
682 1257
683 1258
684 1258
685 1258
686 1258
687 1258
688 1258
689 1258
690 1258
691 1258
692 1258
693 1259
694 1259
695 1259
696 1259
697 1260
698 1260
699 1260
700 1260
701 1260
702 1260
703 1260
704 1260
705 1260
706 1260
707 1260
708 1260
709 1261
710 1261
711 1261
712 1261
713 1262
714 1262
715 1262
716 1262
717 1262
718 1262
719 1262
720 1262
721 1262
722 1262
723 1262
724 1262
725 1262
726 1262
727 1262
728 1262
729 1262
730 1262
731 1262
732 1262
733 1262
734 1262
735 1262
736 1262
737 1262
738 1262
739 1262
740 1262
741 1261
742 1261
743 1261
744 1261
745 1260
746 1260
747 1261
748 1261
749 1261
750 1261
751 1262
752 1262
753 1262
754 1262
755 1262
756 1262
757 1262
758 1262
759 1262
760 1262
761 1262
762 1262
763 1262
764 1262
765 1262
766 1262
767 1262
768 1262
769 1262
770 1262
771 1262
772 1262
773 1262
774 1262
775 1262
776 1262
777 1262
778 1262
779 1262
780 1262
781 1262
782 1262
783 1262
784 1262
785 1262
786 1262
787 1262
788 1262
789 1262
790 1262
791 1262
792 1262
793 1262
794 1262
795 1261
796 1261
797 1261
798 1261
799 1260
800 1260
801 1260
802 1260
803 1260
804 1260
805 1260
806 1260
807 1260
808 1260
809 1260
810 1260
811 1260
812 1260
813 1260
814 1260
815 1260
816 1260
817 1260
818 1260
819 1260
820 1260
821 1260
822 1260
823 1259
824 1259
825 1259
826 1259
827 1258
828 1258
829 1258
830 1258
831 1258
832 1258
833 1258
834 1258
835 1258
836 1258
837 1258
838 1258
839 1258
840 1258
841 1258
842 1258
843 1258
844 1258
845 1258
846 1258
847 1258
848 1258
849 1258
850 1258
851 1258
852 1258
853 1258
854 1258
855 1258
856 1258
857 1258
858 1258
859 1258
860 1258
861 1258
862 1258
863 1258
864 1258
865 1258
866 1258
867 1258
868 1258
869 1258
870 1258
871 1258
872 1258
873 1258
874 1258
875 1258
876 1258
877 1258
878 1258
879 1258
880 1258
881 1258
882 1258
883 1258
884 1258
885 1258
886 1258
887 1258
888 1258
889 1258
890 1258
891 1258
892 1258
893 1258
894 1258
895 1258
896 1258
897 1258
898 1258
899 1258
900 1258
901 1258
902 1258
903 1258
904 1258
905 1258
906 1258
907 1258
908 1258
909 1258
910 1258
911 1258
912 1258
913 1259
914 1259
915 1259
916 1259
917 1260
918 1260
919 1260
920 1260
921 1260
922 1260
923 1260
924 1260
925 1261
926 1261
927 1261
928 1261
929 1262
930 1262
931 1262
932 1262
933 1262
934 1262
935 1262
936 1262
937 1262
938 1262
939 1262
940 1262
941 1262
942 1262
943 1262
944 1262
945 1262
946 1262
947 1261
948 1261
949 1261
950 1261
951 1260
952 1260
953 1259
954 1259
955 1258
956 1257
957 1257
958 1256
959 1255
960 1255
961 1254
962 1254
963 1254
964 1254
965 1255
966 1255
967 1256
968 1256
969 1257
970 1257
971 1258
972 1258
973 1258
974 1258
975 1259
976 1259
977 1259
978 1259
979 1260
980 1260
981 1260
982 1260
983 1260
984 1260
985 1260
986 1260
987 1260
988 1260
989 1259
990 1259
991 1259
992 1259
993 1258
994 1257
995 1257
996 1257
997 1256
998 1255
999 1254
1000 1254
1001 1253
1002 1253
1003 1252
1004 1252
1005 1252
1006 1252
1007 1252
1008 1252
1009 1252
1010 1252
1011 1252
1012 1252
1013 1252
1014 1252
1015 1252
1016 1252
1017 1252
1018 1252
1019 1252
1020 1252
1021 1252
1022 1252
1023 1252
1024 1252
1025 1252
1026 1252
1027 1251
1028 1251
1029 1251
1030 1251
1031 1250
1032 1250
1033 1250
1034 1250
1035 1250
1036 1250
1037 1250
1038 1250
1039 1250
1040 1250
1041 1249
1042 1249
1043 1249
1044 1249
1045 1248
1046 1248
1047 1248
1048 1248
1049 1248
1050 1248
1051 1248
1052 1248
1053 1247
1054 1247
1055 1246
1056 1245
1057 1244
1057 1243
1058 1242
1058 1241
1059 1240
1059 1239
1059 1238
1060 1237
1061 1236
1061 1235
1062 1234
1063 1233
1064 1232
1065 1231
1066 1231
1067 1230
1068 1229
1069 1228
1070 1228
1071 1227
1072 1227
1073 1226
1074 1225
1075 1224
1076 1223
1077 1223
1077 1222
1078 1221
1079 1221
1079 1220
1080 1219
1081 1219
1081 1218
1082 1217
1083 1216
1083 1215
1084 1214
1084 1213
1084 1212
1084 1211
1083 1210
1083 1209
1083 1208
1083 1207
1082 1206
1081 1205
1080 1204
1080 1203
1079 1202
1079 1201
1078 1200
1077 1199
1077 1198
1077 1197
1076 1196
1075 1195
1075 1194
1075 1193
1074 1192
1074 1191
1073 1190
1073 1189
1072 1188
1072 1187
1071 1186
1071 1185
1070 1184
1070 1183
1069 1182
1069 1181
1068 1180
1068 1179
1067 1178
1067 1177
1066 1176
1066 1175
1065 1174
1065 1173
1065 1172
1065 1171
1064 1170
1064 1169
1063 1168
1063 1167
1062 1166
1061 1166
1060 1165
1059 1165
1058 1165
1057 1165
1056 1165
1055 1165
1054 1165
1053 1165
1052 1165
1051 1165
1050 1165
1049 1165
1048 1165
1047 1165
1046 1165
1045 1165
1044 1165
1043 1165
1042 1165
1041 1165
1040 1165
1039 1165
1038 1165
1037 1165
1036 1165
1035 1165
1034 1165
1033 1165
1032 1165
1031 1165
1030 1165
1029 1165
1028 1165
1027 1165
1026 1165
1025 1165
1024 1165
1023 1165
1022 1165
1021 1165
1020 1165
1019 1165
1018 1165
1017 1165
1016 1165
1015 1165
1014 1165
1013 1165
1012 1165
1011 1165
1010 1165
1009 1165
1008 1165
1007 1165
1006 1165
1005 1165
1004 1165
1003 1165
1002 1165
1001 1165
1000 1165
999 1165
998 1165
997 1165
996 1165
995 1165
994 1164
993 1164
992 1163
991 1162
990 1162
989 1161
988 1160
987 1160
986 1159
985 1159
984 1159
983 1159
982 1159
981 1159
980 1159
979 1159
978 1159
977 1159
976 1159
975 1159
974 1159
973 1159
972 1159
971 1159
970 1159
969 1159
968 1159
967 1159
966 1159
965 1159
964 1159
963 1159
962 1159
961 1159
960 1158
959 1158
958 1158
957 1158
956 1157
955 1157
954 1157
953 1157
952 1156
951 1156
950 1156
949 1156
948 1155
947 1155
946 1155
945 1155
944 1155
943 1155
942 1155
941 1155
940 1155
939 1155
938 1155
937 1155
936 1155
935 1155
934 1155
933 1155
932 1155
931 1155
930 1154
929 1154
928 1153
927 1152
926 1152
925 1151
924 1150
923 1149
922 1148
921 1148
920 1147
919 1147
918 1146
917 1145
916 1144
915 1144
914 1144
913 1143
912 1142
911 1142
910 1141
909 1141
908 1140
907 1139
906 1138
905 1138
904 1138
903 1137
902 1136
901 1136
900 1136
899 1135
898 1134
897 1134
896 1133
895 1132
894 1132
893 1131
893 1130
892 1130
891 1129
891 1128
890 1128
889 1127
889 1126
888 1126
887 1125
887 1124
886 1124
885 1123
885 1122
884 1122
883 1121
883 1120
882 1120
881 1119
881 1118
880 1118
879 1117
879 1116
878 1116
877 1115
877 1114
876 1114
875 1113
874 1112
873 1112
872 1111
871 1111
870 1111
869 1111
868 1111
867 1111
866 1111
865 1111
864 1111
863 1111
862 1111
861 1111
860 1111
859 1111
858 1111
857 1111
856 1111
855 1111
