2083 2667
2082 2668
2081 2668
2080 2668
2079 2668
2078 2669
2077 2669
2076 2669
2075 2669
2074 2669
2073 2669
2072 2669
2071 2669
2070 2669
2069 2669
2068 2669
2067 2669
2066 2669
2065 2669
2064 2669
2063 2669
2062 2669
2061 2669
2060 2669
2059 2669
2058 2669
2057 2669
2056 2669
2055 2669
2054 2669
2053 2669
2052 2669
2051 2669
2050 2669
2049 2669
2048 2669
2047 2669
2046 2669
2045 2669
2044 2669
2043 2669
2042 2669
2041 2669
2040 2669
2039 2669
2038 2670
2037 2670
2036 2670
2035 2670
2034 2671
2033 2671
2032 2671
2031 2671
2030 2671
2029 2671
2028 2671
2027 2671
2026 2671
2025 2671
2024 2671
2023 2671
2022 2671
2021 2671
2020 2671
2019 2671
2018 2672
2017 2672
2016 2672
2015 2672
2014 2673
2013 2673
2012 2673
2011 2673
2010 2673
2009 2673
2008 2673
2007 2673
2006 2673
2005 2673
2004 2673
2003 2673
2002 2673
2001 2673
2000 2673
1999 2673
1998 2674
1997 2674
1996 2674
1995 2674
1994 2675
1993 2675
1992 2675
1991 2675
1990 2675
1989 2675
1988 2675
1987 2675
1986 2675
1985 2675
1984 2675
1983 2675
1982 2676
1981 2676
1980 2676
1979 2676
1978 2677
1977 2677
1976 2677
1975 2677
1974 2677
1973 2677
1972 2677
1971 2677
1970 2677
1969 2677
1968 2677
1967 2677
1966 2677
1965 2677
1964 2677
1963 2677
1962 2677
1961 2677
1960 2678
1959 2678
1958 2678
1957 2678
1956 2679
1955 2679
1954 2679
1953 2679
1952 2679
1951 2679
1950 2679
1949 2679
1948 2679
1947 2679
1946 2679
1945 2679
1944 2679
1943 2679
1942 2679
1941 2679
1940 2679
1939 2679
1938 2679
1937 2679
1936 2680
1935 2680
1934 2680
1933 2680
1932 2681
1931 2681
1930 2681
1929 2681
1928 2682
1927 2682
1926 2682
1925 2682
1924 2683
1923 2683
1922 2684
1921 2684
1920 2684
1919 2684
1918 2685
1917 2686
1916 2686
1915 2686
1914 2687
1913 2688
1912 2688
1911 2688
1910 2689
1909 2690
1908 2690
1907 2690
1906 2691
1905 2691
1904 2691
1903 2691
1902 2692
1901 2692
1900 2692
1899 2692
1898 2693
1897 2693
1896 2694
1895 2694
1894 2694
1893 2694
1892 2695
1891 2695
1890 2696
1889 2696
1888 2696
1887 2696
1886 2697
1885 2697
1884 2697
1883 2697
1882 2698
1881 2698
1880 2698
1879 2698
1878 2699
1877 2699
1876 2699
1875 2699
1874 2699
1873 2699
1872 2699
1871 2699
1870 2699
1869 2699
1868 2699
1867 2699
1866 2699
1865 2699
1864 2699
1863 2699
1862 2699
1861 2699
1860 2699
1859 2699
1858 2699
1857 2699
1856 2699
1855 2699
1854 2699
1853 2699
1852 2699
1851 2699
1850 2699
1849 2699
1848 2699
1847 2699
1846 2699
1845 2699
1844 2698
1843 2698
1842 2698
1841 2698
1840 2697
1839 2697
1838 2697
1837 2697
1836 2696
1835 2696
1834 2695
1833 2695
1832 2694
1831 2694
1830 2693
1829 2693
1828 2693
1827 2693
1826 2693
1825 2693
1824 2694
1823 2694
1822 2694
1821 2694
1820 2695
1819 2695
1818 2695
1817 2695
1816 2695
1815 2695
1814 2696
1813 2696
1812 2696
1811 2696
1810 2697
1809 2697
1808 2697
1807 2697
1806 2697
1805 2697
1804 2698
1803 2698
1802 2699
1801 2699
1800 2700
1799 2700
1798 2701
1797 2702
1796 2702
1795 2702
1794 2703
1793 2704
1792 2704
1791 2704
1790 2705
1789 2706
1788 2706
1787 2706
1786 2707
1785 2708
1784 2709
1783 2710
1782 2710
1782 2711
1781 2712
1780 2712
1780 2713
1779 2714
1778 2715
1777 2716
1776 2717
1776 2718
1776 2719
1775 2720
1774 2721
1774 2722
1773 2723
1773 2724
1772 2725
1772 2726
1771 2727
1771 2728
1771 2729
1771 2730
1771 2731
1771 2732
1771 2733
1771 2734
1771 2735
1771 2736
1771 2737
1771 2738
1771 2739
1771 2740
1772 2741
1772 2742
1773 2743
1774 2744
1774 2745
1775 2745
1776 2746
1777 2747
1778 2747
1779 2748
1780 2748
1781 2747
1782 2747
1783 2747
1784 2747
1785 2746
1786 2746
1787 2747
1788 2747
1789 2748
1790 2749
1791 2749
1792 2750
1792 2751
1793 2751
1794 2752
1794 2753
1795 2753
1796 2754
1797 2755
1798 2755
1799 2756
1800 2756
1801 2757
1802 2757
1803 2757
1804 2758
1805 2759
1806 2759
1807 2759
1808 2759
1809 2760
1810 2760
1811 2760
1812 2760
1813 2760
1814 2760
1815 2760
1816 2760
1817 2761
1818 2761
1819 2761
1820 2761
1821 2762
1822 2762
1823 2762
1824 2762
1825 2762
1826 2762
1827 2762
1828 2762
1829 2763
1830 2763
1831 2763
1832 2763
1833 2764
1834 2764
1835 2765
1836 2765
1837 2765
1838 2765
1839 2766
1840 2766
1841 2766
1842 2766
1843 2766
1844 2766
1845 2766
1846 2766
1847 2767
1848 2767
1849 2767
1850 2767
1851 2768
1852 2768
1853 2768
1854 2768
1855 2768
1856 2768
1857 2769
1858 2769
1859 2769
1860 2770
1861 2771
1862 2771
1863 2771
1864 2771
1865 2772
1866 2772
1867 2772
1868 2772
1869 2773
1870 2773
1871 2773
1872 2773
1873 2774
1874 2774
1875 2774
1876 2774
1877 2774
1878 2774
1879 2774
1880 2774
1881 2774
1882 2774
1883 2774
1884 2774
1885 2775
1886 2775
1887 2775
1888 2776
1889 2777
1890 2777
1891 2777
1892 2777
1893 2778
1894 2778
1895 2778
1896 2778
1897 2778
1898 2778
1899 2779
1900 2779
1901 2780
1902 2780
1903 2781
1904 2781
1905 2782
1906 2782
1907 2782
1908 2782
1909 2782
1910 2782
1911 2783
1912 2783
1913 2783
1914 2783
1915 2784
1916 2784
1917 2784
1918 2784
1919 2784
1920 2784
1921 2784
1922 2784
1923 2784
1924 2784
1925 2784
1926 2784
1927 2784
1928 2784
1929 2784
1930 2784
1931 2784
1932 2784
1933 2784
1934 2784
1935 2784
1936 2784
1937 2784
1938 2784
1939 2784
1940 2784
1941 2783
1942 2783
1943 2782
1944 2781
1945 2781
1945 2780
1946 2779
1947 2779
1947 2778
1948 2777
1949 2777
1949 2776
1950 2775
1951 2775
1952 2774
1953 2773
1954 2773
1955 2772
1956 2772
1957 2771
1958 2771
1959 2771
1960 2771
1961 2770
1962 2769
1963 2769
1964 2769
1965 2768
1966 2768
1967 2768
1968 2768
1969 2768
1970 2768
1971 2768
1972 2768
1973 2768
1974 2768
1975 2768
1976 2768
1977 2769
1978 2769
1979 2770
1980 2771
1981 2771
1982 2772
1982 2773
1983 2774
1984 2775
1984 2776
1985 2777
1986 2778
1987 2779
1988 2780
1988 2781
1989 2781
1990 2782
1990 2783
1991 2783
1992 2784
1993 2785
1994 2785
1995 2786
1996 2786
1997 2786
1998 2786
1999 2786
2000 2786
2001 2787
2002 2787
2003 2787
2004 2788
2005 2789
2006 2789
2007 2789
2008 2789
2009 2790
2010 2790
2011 2791
2012 2791
2013 2791
2014 2791
2015 2792
2016 2792
2017 2792
2018 2792
2019 2792
2020 2792
2021 2792
2022 2792
2023 2792
2024 2792
2025 2792
2026 2792
2027 2792
2028 2792
2029 2792
2030 2792
2031 2792
2032 2792
2033 2792
2034 2792
2035 2792
2036 2792
2037 2792
2038 2792
2039 2792
2040 2792
2041 2792
2042 2792
2043 2792
2044 2792
2045 2793
2046 2793
2047 2793
2048 2793
2049 2794
2050 2794
2051 2794
2052 2794
2053 2794
2054 2794
2055 2794
2056 2794
2057 2794
2058 2794
2059 2794
2060 2794
2061 2795
2062 2795
2063 2795
2064 2795
2065 2796
2066 2796
2067 2796
2068 2796
2069 2796
2070 2796
2071 2796
2072 2796
2073 2796
2074 2796
2075 2796
2076 2796
2077 2796
2078 2796
2079 2796
2080 2796
2081 2796
2082 2796
2083 2796
2084 2796
2085 2796
2086 2796
2087 2796
2088 2796
2089 2796
2090 2796
2091 2796
2092 2796
2093 2796
2094 2796
2095 2796
2096 2796
2097 2796
2098 2796
2099 2796
2100 2796
2101 2796
2102 2796
2103 2796
2104 2796
2105 2796
2106 2796
2107 2795
2108 2795
2109 2795
2110 2795
2111 2794
2112 2794
2113 2794
2114 2794
2115 2793
2116 2793
2117 2793
2118 2793
2119 2792
2120 2791
2121 2791
2122 2791
2123 2790
2124 2790
2125 2789
2126 2789
2127 2788
2128 2787
2129 2786
2129 2785
2129 2784
2129 2783
2130 2782
2130 2781
2131 2780
2131 2779
2132 2778
2133 2777
2133 2776
2134 2775
2135 2775
2135 2774
2136 2773
2137 2773
2137 2772
2138 2771
2139 2771
2139 2770
2140 2769
2141 2769
2141 2768
2142 2767
2143 2766
2143 2765
2144 2764
2144 2763
2144 2762
2144 2761
2144 2760
2144 2759
2143 2758
2143 2757
2143 2756
2143 2755
2142 2754
2142 2753
2142 2752
2142 2751
2142 2750
2142 2749
2142 2748
2142 2747
2142 2746
2142 2745
2142 2744
2142 2743
2142 2742
2142 2741
2141 2740
2141 2739
2141 2738
2141 2737
2140 2736
2139 2735
2139 2734
2139 2733
2138 2732
2137 2731
2137 2730
2137 2729
2136 2728
2135 2727
2134 2726
2133 2725
2133 2724
2132 2724
2131 2723
2131 2722
2130 2722
2129 2721
2129 2720
2128 2719
2127 2718
2127 2717
2126 2716
2126 2715
2125 2714
2125 2713
2125 2712
2125 2711
2124 2710
2124 2709
2123 2708
2123 2707
2123 2706
2123 2705
2122 2704
2122 2703
2122 2702
2122 2701
2122 2700
2122 2699
2122 2698
2122 2697
2122 2696
2122 2695
2122 2694
2122 2693
2122 2692
2122 2691
2122 2690
2122 2689
2121 2688
2121 2687
2121 2686
2121 2685
2120 2684
2120 2683
2120 2682
2120 2681
2120 2680
2120 2679
2119 2678
2119 2677
2118 2676
2117 2676
2116 2675
2115 2675
2114 2675
2113 2675
2112 2674
2111 2674
2110 2674
2109 2674
2108 2673
2107 2673
2106 2673
2105 2673
2104 2673
2103 2673
2102 2673
2101 2673
2100 2672
2099 2672
2098 2672
2097 2671
2096 2670
2095 2670
2094 2670
2093 2670
2092 2669
2091 2669
2090 2668
2089 2668
2088 2668
2087 2668
2086 2667
2085 2667
2084 2667
2083 2667
