1765 2753
1764 2754
1763 2754
1762 2754
1761 2754
1760 2755
1759 2755
1758 2755
1757 2755
1756 2755
1755 2755
1754 2756
1753 2756
1752 2757
1751 2757
1750 2758
1749 2758
1748 2759
1747 2760
1746 2760
1745 2760
1744 2760
1743 2760
1742 2759
1741 2758
1740 2758
1739 2757
1738 2756
1737 2756
1736 2755
1735 2755
1734 2755
1733 2755
1732 2755
1731 2755
1730 2755
1729 2755
1728 2755
1727 2755
1726 2755
1725 2755
1724 2755
1723 2755
1722 2755
1721 2755
1720 2755
1719 2755
1718 2755
1717 2755
1716 2755
1715 2755
1714 2755
1713 2755
1712 2755
1711 2755
1710 2755
1709 2755
1708 2755
1707 2755
1706 2755
1705 2755
1704 2755
1703 2755
1702 2755
1701 2755
1700 2755
1699 2755
1698 2756
1697 2756
1696 2756
1695 2756
1694 2757
1693 2757
1692 2757
1691 2757
1690 2757
1689 2757
1688 2757
1687 2757
1686 2757
1685 2757
1684 2757
1683 2757
1682 2757
1681 2757
1680 2757
1679 2757
1678 2757
1677 2757
1676 2758
1675 2758
1674 2758
1673 2758
1672 2759
1671 2759
1670 2759
1669 2759
1668 2759
1667 2759
1666 2759
1665 2759
1664 2759
1663 2759
1662 2759
1661 2759
1660 2759
1659 2759
1658 2760
1657 2760
1656 2760
1655 2760
1654 2761
1653 2761
1652 2761
1651 2761
1650 2761
1649 2761
1648 2761
1647 2761
1646 2762
1645 2762
1644 2762
1643 2762
1642 2763
1641 2763
1640 2764
1639 2764
1638 2764
1637 2764
1636 2765
1635 2765
1634 2765
1633 2765
1632 2765
1631 2765
1630 2765
1629 2765
1628 2765
1627 2765
1626 2766
1625 2766
1624 2766
1623 2766
1622 2767
1621 2767
1620 2767
1619 2767
1618 2768
1617 2768
1616 2768
1615 2768
1614 2769
1613 2770
1612 2770
1611 2770
1610 2771
1609 2771
1608 2771
1607 2771
1606 2771
1605 2771
1604 2772
1603 2772
1602 2772
1601 2772
1600 2773
1599 2773
1598 2774
1597 2774
1596 2774
1595 2774
1594 2775
1593 2775
1592 2776
1591 2776
1590 2776
1589 2776
1588 2777
1587 2778
1586 2778
1585 2778
1584 2779
1583 2779
1582 2780
1581 2780
1580 2780
1579 2780
1578 2781
1577 2781
1576 2781
1575 2781
1574 2781
1573 2781
1572 2782
1571 2782
1570 2782
1569 2782
1568 2783
1567 2783
1566 2784
1565 2784
1564 2784
1563 2784
1562 2785
1561 2785
1560 2786
1559 2786
1558 2786
1557 2786
1556 2787
1555 2788
1554 2788
1553 2788
1552 2789
1551 2789
1550 2789
1549 2789
1548 2790
1547 2790
1546 2790
1545 2790
1544 2791
1543 2791
1542 2791
1541 2791
1540 2791
1539 2791
1538 2791
1537 2791
1536 2791
1535 2791
1534 2791
1533 2791
1532 2792
1531 2792
1530 2792
1529 2792
1528 2793
1527 2793
1526 2793
1525 2793
1524 2793
1523 2793
1522 2793
1521 2793
1520 2793
1519 2793
1518 2793
1517 2793
1516 2794
1515 2794
1514 2794
1513 2794
1512 2795
1511 2795
1510 2795
1509 2795
1508 2795
1507 2795
1506 2795
1505 2795
1504 2796
1503 2796
1502 2796
1501 2796
1500 2797
1499 2798
1498 2799
1497 2800
1496 2801
1496 2802
1495 2803
1495 2804
1495 2805
1495 2806
1495 2807
1495 2808
1495 2809
1495 2810
1495 2811
1495 2812
1495 2813
1495 2814
1495 2815
1495 2816
1495 2817
1495 2818
1495 2819
1495 2820
1495 2821
1495 2822
1495 2823
1495 2824
1495 2825
1495 2826
1495 2827
1495 2828
1495 2829
1495 2830
1494 2831
1494 2832
1494 2833
1494 2834
1493 2835
1493 2836
1493 2837
1493 2838
1493 2839
1493 2840
1492 2841
1492 2842
1492 2843
1492 2844
1491 2845
1491 2846
1491 2847
1491 2848
1491 2849
1491 2850
1490 2851
1490 2852
1490 2853
1490 2854
1489 2855
1489 2856
1489 2857
1489 2858
1488 2859
1488 2860
1488 2861
1488 2862
1487 2863
1487 2864
1487 2865
1487 2866
1488 2867
1488 2868
1489 2869
1490 2870
1491 2871
1492 2871
1493 2871
1494 2872
1495 2873
1496 2873
1497 2873
1498 2874
1499 2875
1500 2875
1501 2876
1502 2877
1502 2878
1503 2879
1503 2880
1504 2881
1504 2882
1504 2883
1504 2884
1505 2885
1506 2886
1507 2887
1508 2888
1508 2889
1509 2889
1510 2890
1510 2891
1511 2891
1512 2892
1512 2893
1513 2893
1514 2894
1514 2895
1515 2895
1516 2896
1517 2897
1518 2897
1519 2898
1520 2898
1521 2899
1522 2899
1523 2900
1524 2901
1525 2902
1526 2903
1526 2904
1527 2905
1527 2906
1528 2907
1528 2908
1529 2909
1530 2909
1531 2910
1532 2910
1533 2911
1534 2911
1535 2912
1536 2913
1537 2914
1538 2915
1539 2916
1540 2916
1541 2916
1542 2916
1543 2916
1544 2916
1545 2917
1546 2917
1547 2918
1548 2919
1549 2919
1550 2920
1550 2921
1551 2921
1552 2922
1552 2923
1553 2923
1554 2924
1555 2925
1556 2926
1557 2927
1558 2927
1559 2927
1560 2927
1561 2928
1562 2928
1563 2928
1564 2928
1565 2928
1566 2928
1567 2928
1568 2928
1569 2928
1570 2928
1571 2928
1572 2928
1573 2928
1574 2928
1575 2929
1576 2929
1577 2930
1578 2931
1579 2932
1580 2933
1580 2934
1581 2935
1582 2936
1583 2937
1584 2937
1585 2938
1586 2938
1587 2938
1588 2938
1589 2938
1590 2938
1591 2939
1592 2939
1593 2940
1594 2940
1595 2941
1596 2942
1597 2943
1598 2943
1599 2944
1600 2944
1601 2945
1602 2945
1603 2946
1604 2946
1605 2946
1606 2946
1607 2946
1608 2946
1609 2947
1610 2947
1611 2947
1612 2947
1613 2948
1614 2948
1615 2948
1616 2948
1617 2949
1618 2949
1619 2949
1620 2949
1621 2950
1622 2950
1623 2950
1624 2950
1625 2951
1626 2951
1627 2952
1628 2953
1629 2953
1630 2954
1631 2955
1632 2956
1633 2957
1634 2957
1635 2957
1636 2958
1637 2959
1638 2959
1639 2959
1640 2959
1641 2960
1642 2960
1643 2960
1644 2960
1645 2960
1646 2960
1647 2961
1648 2961
1649 2961
1650 2961
1651 2962
1652 2962
1653 2962
1654 2962
1655 2963
1656 2963
1657 2963
1658 2963
1659 2964
1660 2964
1661 2965
1662 2965
1663 2965
1664 2965
1665 2966
1666 2966
1667 2966
1668 2966
1669 2966
1670 2966
1671 2965
1672 2965
1673 2965
1674 2965
1675 2964
1676 2964
1677 2963
1678 2963
1679 2962
1680 2961
1681 2961
1681 2960
1682 2959
1683 2959
1683 2958
1684 2957
1685 2957
1686 2956
1687 2955
1688 2955
1689 2954
1690 2953
1691 2952
1692 2952
1693 2951
1694 2951
1695 2950
1696 2950
1697 2950
1698 2950
1699 2950
1700 2950
1701 2950
1702 2950
1703 2951
1704 2951
1705 2951
1706 2951
1707 2952
1708 2952
1709 2952
1710 2952
1711 2952
1712 2952
1713 2953
1714 2953
1715 2954
1716 2955
1717 2955
1718 2956
1718 2957
1719 2957
1720 2958
1720 2959
1721 2960
1722 2961
1722 2962
1723 2963
1724 2964
1725 2965
1726 2966
1726 2967
1727 2968
1728 2969
1728 2970
1729 2971
1729 2972
1730 2973
1730 2974
1731 2975
1732 2976
1732 2977
1733 2977
1734 2978
1735 2979
1736 2979
1737 2980
1738 2980
1739 2980
1740 2980
1741 2980
1742 2980
1743 2980
1744 2980
1745 2980
1746 2980
1747 2980
1748 2980
1749 2980
1750 2980
1751 2980
1752 2980
1753 2980
1754 2980
1755 2980
1756 2980
1757 2980
1758 2980
1759 2980
1760 2980
1761 2980
1762 2980
1763 2980
1764 2980
1765 2980
1766 2980
1767 2980
1768 2980
1769 2980
1770 2980
1771 2980
1772 2980
1773 2980
1774 2980
1775 2980
1776 2980
1777 2979
1778 2979
1779 2979
1780 2979
1781 2978
1782 2978
1783 2978
1784 2978
1785 2978
1786 2978
1787 2978
1788 2978
1789 2977
1790 2977
1791 2977
1792 2977
1793 2976
1794 2976
1795 2976
1796 2976
1797 2976
1798 2976
1799 2976
1800 2976
1801 2976
1802 2976
1803 2976
1804 2976
1805 2976
1806 2976
1807 2976
1808 2976
1809 2975
1810 2975
1811 2975
1812 2975
1813 2974
1814 2974
1815 2974
1816 2974
1817 2974
1818 2974
1819 2974
1820 2974
1821 2974
1822 2974
1823 2974
1824 2974
1825 2973
1826 2973
1827 2972
1828 2971
1829 2970
1829 2969
1830 2968
1831 2967
1832 2966
1833 2965
1834 2965
1835 2964
1836 2964
1837 2964
1838 2964
1839 2964
1840 2964
1841 2964
1842 2964
1843 2964
1844 2964
1845 2964
1846 2964
1847 2964
1848 2964
1849 2964
1850 2964
1851 2964
1852 2964
1853 2964
1854 2964
1855 2963
1856 2963
1857 2963
1858 2963
1859 2962
1860 2961
1861 2961
1862 2961
1863 2960
1864 2960
1865 2960
1866 2960
1867 2959
1868 2959
1869 2959
1870 2959
1871 2958
1872 2958
1873 2958
1874 2958
1875 2957
1876 2957
1877 2957
1878 2957
1879 2956
1880 2956
1881 2956
1882 2956
1883 2956
1884 2956
1885 2956
1886 2956
1887 2956
1888 2956
1889 2956
1890 2956
1891 2956
1892 2956
1893 2956
1894 2956
1895 2956
1896 2956
1897 2955
1898 2955
1899 2955
1900 2955
1901 2954
1902 2954
1903 2954
1904 2954
1905 2954
1906 2954
1907 2953
1908 2953
1909 2953
1910 2953
1911 2952
1912 2952
1913 2952
1914 2952
1915 2952
1916 2952
1917 2951
1918 2951
1919 2951
1920 2951
1921 2950
1922 2950
1923 2950
1924 2950
1925 2949
1926 2949
1927 2949
1928 2949
1929 2948
1930 2948
1931 2947
1932 2947
1933 2947
1934 2947
1935 2946
1936 2945
1937 2945
1938 2945
1939 2944
1940 2943
1941 2943
1942 2943
1943 2942
1944 2941
1945 2941
1946 2941
1947 2940
1948 2939
1949 2939
1950 2939
1951 2938
1952 2937
1953 2936
1954 2936
1955 2935
1956 2935
1957 2934
1958 2933
1959 2932
1960 2932
1961 2931
1962 2931
1963 2930
1964 2930
1965 2929
1966 2929
1967 2928
1968 2927
1969 2927
1970 2926
1971 2925
1972 2925
1973 2924
1974 2924
1975 2924
1976 2924
1977 2923
1978 2923
1979 2922
1980 2921
1981 2920
1981 2919
1982 2918
1983 2917
1983 2916
1984 2915
1985 2915
1985 2914
1986 2913
1987 2913
1987 2912
1988 2911
1989 2911
1989 2910
1990 2909
1991 2909
1991 2908
1992 2907
1993 2906
1994 2905
1995 2904
1995 2903
1996 2902
1997 2901
1997 2900
1998 2899
1999 2899
1999 2898
2000 2897
2001 2896
2002 2895
2003 2894
2003 2893
2004 2892
2005 2891
2005 2890
2006 2889
2007 2889
2007 2888
2008 2887
2009 2886
2010 2885
2011 2884
2011 2883
2011 2882
2012 2881
2013 2880
2013 2879
2013 2878
2014 2877
2015 2876
2015 2875
2016 2874
2017 2873
2017 2872
2018 2871
2019 2870
2019 2869
2020 2868
2020 2867
2020 2866
2020 2865
2020 2864
2020 2863
2020 2862
2020 2861
2020 2860
2020 2859
2020 2858
2020 2857
2020 2856
2020 2855
2020 2854
2020 2853
2020 2852
2020 2851
2019 2850
2019 2849
2019 2848
2019 2847
2018 2846
2018 2845
2017 2844
2017 2843
2017 2842
2017 2841
2016 2840
2015 2839
2015 2838
2015 2837
2014 2836
2014 2835
2014 2834
2014 2833
2014 2832
2014 2831
2014 2830
2014 2829
2014 2828
2014 2827
2013 2826
2013 2825
2013 2824
2013 2823
2012 2822
2011 2821
2011 2820
2011 2819
2010 2818
2009 2817
2009 2816
2009 2815
2008 2814
2007 2813
2007 2812
2007 2811
2006 2810
2005 2809
2005 2808
2005 2807
2004 2806
2004 2805
2004 2804
2004 2803
2003 2802
2003 2801
2003 2800
2003 2799
2002 2798
2001 2797
2001 2796
2001 2795
2000 2794
1999 2793
1998 2792
1997 2791
1997 2790
1996 2790
1995 2789
1995 2788
1994 2788
1993 2787
1993 2786
1992 2786
1991 2785
1990 2784
1989 2783
1988 2782
1987 2782
1986 2782
1985 2781
1984 2780
1983 2780
1982 2780
1981 2779
1980 2778
1979 2778
1978 2778
1977 2778
1976 2777
1975 2777
1974 2776
1973 2776
1972 2775
1971 2775
1970 2774
1969 2773
1968 2772
1967 2772
1966 2772
1965 2772
1964 2771
1963 2771
1962 2770
1961 2770
1960 2770
1959 2769
1958 2768
1957 2768
1956 2767
1955 2767
1954 2766
1953 2766
1952 2765
1951 2765
1950 2765
1949 2765
1948 2764
1947 2764
1946 2764
1945 2764
1944 2763
1943 2763
1942 2763
1941 2763
1940 2763
1939 2763
1938 2763
1937 2763
1936 2763
1935 2763
1934 2763
1933 2763
1932 2762
1931 2762
1930 2762
1929 2762
1928 2761
1927 2761
1926 2761
1925 2761
1924 2761
1923 2761
1922 2761
1921 2761
1920 2761
1919 2761
1918 2761
1917 2761
1916 2761
1915 2761
1914 2761
1913 2761
1912 2761
1911 2761
1910 2760
1909 2760
1908 2760
1907 2760
1906 2759
1905 2759
1904 2759
1903 2759
1902 2759
1901 2759
1900 2759
1899 2759
1898 2759
1897 2759
1896 2759
1895 2759
1894 2759
1893 2759
1892 2759
1891 2759
1890 2759
1889 2759
1888 2758
1887 2758
1886 2758
1885 2758
1884 2757
1883 2757
1882 2757
1881 2757
1880 2757
1879 2757
1878 2757
1877 2757
1876 2757
1875 2757
1874 2757
1873 2757
1872 2757
1871 2757
1870 2757
1869 2757
1868 2756
1867 2756
1866 2756
1865 2756
1864 2755
1863 2755
1862 2755
1861 2755
1860 2755
1859 2755
1858 2755
1857 2755
1856 2755
1855 2755
1854 2755
1853 2755
1852 2755
1851 2755
1850 2755
1849 2755
1848 2755
1847 2755
1846 2756
1845 2756
1844 2756
1843 2756
1842 2757
1841 2757
1840 2757
1839 2757
1838 2757
1837 2757
1836 2757
1835 2757
1834 2757
1833 2757
1832 2757
1831 2757
1830 2757
1829 2757
1828 2756
1827 2756
1826 2756
1825 2756
1824 2755
1823 2755
1822 2755
1821 2755
1820 2755
1819 2755
1818 2755
1817 2755
1816 2755
1815 2755
1814 2755
1813 2755
1812 2755
1811 2755
1810 2755
1809 2755
1808 2755
1807 2755
1806 2755
1805 2755
1804 2755
1803 2755
1802 2755
1801 2755
1800 2755
1799 2755
1798 2755
1797 2755
1796 2754
1795 2754
1794 2754
1793 2754
1792 2753
1791 2753
1790 2753
1789 2753
1788 2753
1787 2753
1786 2753
1785 2753
1784 2753
1783 2753
1782 2753
1781 2753
1780 2753
1779 2753
1778 2753
1777 2753
1776 2753
1775 2753
1774 2753
1773 2753
1772 2753
1771 2753
1770 2753
1769 2753
1768 2753
1767 2753
1766 2753
1765 2753
