1217 1505
1216 1506
1215 1506
1214 1506
1213 1506
1212 1507
1211 1508
1210 1508
1209 1508
1208 1509
1207 1510
1206 1511
1205 1511
1204 1512
1203 1512
1202 1513
1201 1514
1200 1514
1199 1514
1198 1515
1197 1515
1196 1515
1195 1515
1194 1515
1193 1515
1192 1515
1191 1515
1190 1515
1189 1515
1188 1515
1187 1515
1186 1515
1185 1515
1184 1515
1183 1515
1182 1516
1181 1516
1180 1516
1179 1516
1178 1517
1177 1518
1176 1518
1175 1518
1174 1519
1173 1520
1172 1520
1171 1520
1170 1521
1169 1522
1168 1522
1167 1522
1166 1523
1165 1523
1164 1524
1163 1524
1162 1524
1161 1524
1160 1525
1159 1526
1158 1526
1157 1526
1156 1527
1155 1527
1154 1527
1153 1527
1152 1528
1151 1528
1150 1528
1149 1528
1148 1529
1147 1529
1146 1529
1145 1529
1144 1530
1143 1530
1142 1530
1141 1530
1140 1531
1139 1532
1138 1532
1137 1532
1136 1533
1135 1533
1134 1534
1133 1534
1132 1535
1131 1535
1130 1536
1129 1537
1128 1538
1127 1539
1127 1540
1128 1541
1128 1542
1129 1543
1129 1544
1130 1545
1130 1546
1131 1547
1132 1548
1133 1549
1134 1549
1135 1550
1136 1550
1137 1551
1138 1551
1139 1551
1140 1552
1141 1553
1142 1553
1143 1554
1144 1555
1145 1555
1146 1556
1146 1557
1147 1558
1148 1559
1148 1560
1149 1561
1150 1562
1151 1563
1151 1564
1152 1565
1152 1566
1153 1567
1154 1568
1155 1569
1156 1570
1156 1571
1157 1571
1158 1572
1158 1573
1159 1573
1160 1574
1161 1575
1162 1575
1163 1576
1164 1576
1165 1577
1166 1577
1167 1577
1168 1578
1169 1579
1170 1579
1171 1579
1172 1579
1173 1580
1174 1580
1175 1580
1176 1580
1177 1581
1178 1581
1179 1581
1180 1582
1181 1583
1182 1583
1183 1583
1184 1584
1185 1585
1186 1585
1187 1586
1188 1587
1189 1587
1190 1588
1190 1589
1191 1589
1192 1590
1193 1591
1194 1592
1195 1593
1196 1593
1197 1593
1198 1593
1199 1594
1200 1594
1201 1595
1202 1595
1203 1596
1204 1597
1205 1597
1206 1598
1206 1599
1207 1599
1208 1600
1209 1601
1210 1601
1211 1602
1212 1602
1213 1602
1214 1602
1215 1601
1216 1601
1217 1601
1218 1601
1219 1600
1220 1600
1221 1599
1222 1599
1223 1598
1224 1597
1225 1597
1226 1596
1227 1595
1228 1595
1229 1594
1230 1594
1231 1594
1232 1594
1233 1595
1234 1595
1235 1596
1236 1597
1237 1597
1238 1598
1239 1599
1240 1600
1241 1601
1242 1601
1243 1601
1244 1601
1245 1602
1246 1602
1247 1603
1248 1603
1249 1603
1250 1603
1251 1604
1252 1604
1253 1604
1254 1604
1255 1603
1256 1603
1257 1603
1258 1603
1259 1602
1260 1602
1261 1601
1262 1601
1263 1600
1264 1599
1265 1599
1266 1598
1267 1597
1268 1597
1269 1596
1270 1595
1271 1595
1272 1595
1273 1594
1274 1593
1275 1593
1276 1593
1277 1592
1278 1591
1279 1590
1280 1589
1281 1589
1282 1588
1283 1587
1284 1587
1285 1586
1286 1585
1287 1584
1288 1584
1289 1583
1290 1583
1291 1582
1292 1581
1293 1580
1294 1579
1295 1579
1296 1578
1297 1577
1298 1577
1299 1576
1300 1576
1301 1575
1302 1575
1303 1574
1304 1573
1305 1573
1305 1572
1306 1571
1307 1571
1307 1570
1308 1569
1309 1569
1309 1568
1310 1567
1311 1567
1312 1566
1313 1565
1314 1565
1315 1564
1316 1564
1317 1563
1318 1563
1319 1562
1319 1561
1320 1560
1320 1559
1319 1558
1319 1557
1319 1556
1319 1555
1318 1554
1318 1553
1318 1552
1318 1551
1317 1550
1317 1549
1316 1548
1316 1547
1315 1546
1315 1545
1314 1544
1314 1543
1314 1542
1314 1541
1314 1540
1314 1539
1313 1538
1313 1537
1312 1536
1311 1535
1311 1534
1310 1534
1309 1533
1309 1532
1308 1532
1307 1531
1306 1530
1305 1529
1304 1528
1303 1528
1302 1528
1301 1528
1300 1527
1299 1527
1298 1527
1297 1527
1296 1526
1295 1526
1294 1525
1293 1524
1292 1524
1291 1523
1291 1522
1290 1522
1289 1521
1288 1520
1287 1519
1286 1518
1285 1518
1284 1518
1283 1517
1282 1516
1281 1516
1280 1515
1279 1515
1278 1514
1277 1514
1276 1513
1275 1513
1274 1512
1273 1512
1272 1512
1271 1511
1270 1510
1269 1510
1268 1509
1267 1509
1266 1508
1265 1508
1264 1507
1263 1507
1262 1507
1261 1507
1260 1506
1259 1506
1258 1506
1257 1506
1256 1505
1255 1505
1254 1505
1253 1505
1252 1505
1251 1505
1250 1505
1249 1505
1248 1505
1247 1505
1246 1505
1245 1505
1244 1505
1243 1505
1242 1505
1241 1505
1240 1505
1239 1505
1238 1505
1237 1505
1236 1505
1235 1505
1234 1505
1233 1505
1232 1505
1231 1505
1230 1505
1229 1505
1228 1505
1227 1505
1226 1505
1225 1505
1224 1505
1223 1505
1222 1505
1221 1505
1220 1505
1219 1505
1218 1505
1217 1505
