907 2949
906 2950
905 2950
904 2951
903 2952
902 2952
902 2953
901 2954
900 2955
899 2956
898 2957
898 2958
897 2959
896 2960
896 2961
895 2962
894 2962
894 2963
893 2964
892 2965
891 2966
890 2967
890 2968
889 2969
889 2970
888 2971
888 2972
887 2973
887 2974
886 2975
886 2976
886 2977
885 2978
884 2979
884 2980
883 2981
883 2982
882 2983
881 2984
880 2985
880 2986
879 2987
878 2988
878 2989
877 2990
876 2991
875 2992
874 2993
874 2994
873 2995
872 2996
872 2997
871 2998
870 2999
869 3000
868 3001
868 3002
867 3003
867 3004
866 3005
865 3006
864 3007
864 3008
864 3009
863 3010
862 3011
862 3012
861 3013
861 3014
860 3015
859 3016
858 3017
858 3018
857 3019
856 3020
856 3021
855 3022
854 3022
854 3023
853 3024
852 3024
852 3025
851 3026
850 3026
850 3027
849 3028
848 3029
847 3030
846 3031
846 3032
845 3033
844 3034
844 3035
843 3036
842 3037
841 3038
840 3039
840 3040
839 3041
838 3042
838 3043
837 3044
836 3044
835 3045
834 3046
833 3046
832 3047
831 3047
830 3048
829 3048
828 3049
827 3050
826 3050
826 3051
825 3052
824 3053
823 3054
822 3055
822 3056
821 3057
821 3058
820 3059
820 3060
819 3061
819 3062
819 3063
819 3064
819 3065
819 3066
819 3067
819 3068
819 3069
819 3070
819 3071
819 3072
819 3073
819 3074
819 3075
819 3076
819 3077
819 3078
819 3079
819 3080
820 3081
820 3082
821 3083
822 3084
822 3085
823 3085
824 3086
824 3087
825 3087
826 3088
826 3089
827 3090
828 3091
828 3092
829 3093
830 3094
831 3095
832 3096
832 3097
833 3097
834 3098
834 3099
835 3099
836 3100
836 3101
837 3101
838 3102
838 3103
839 3103
840 3104
841 3105
842 3106
843 3107
844 3107
845 3107
846 3108
847 3109
848 3109
849 3109
850 3109
851 3110
852 3110
853 3110
854 3110
855 3110
856 3110
857 3110
858 3110
859 3111
860 3111
861 3111
862 3111
863 3112
864 3112
865 3112
866 3112
867 3112
868 3112
869 3112
870 3112
871 3112
872 3112
873 3112
874 3112
875 3112
876 3112
877 3113
878 3113
879 3113
880 3113
881 3114
882 3114
883 3114
884 3114
885 3114
886 3114
887 3114
888 3114
889 3115
890 3115
891 3115
892 3115
893 3116
894 3116
895 3116
896 3116
897 3116
898 3116
899 3116
900 3116
901 3116
902 3116
903 3116
904 3116
905 3116
906 3116
907 3116
908 3116
909 3116
910 3116
911 3116
912 3116
913 3116
914 3116
915 3116
916 3116
917 3116
918 3116
919 3116
920 3116
921 3115
922 3115
923 3114
924 3113
925 3113
925 3112
926 3111
927 3111
928 3110
929 3109
930 3109
931 3108
932 3107
933 3107
934 3107
935 3106
936 3105
937 3105
938 3105
939 3104
940 3104
941 3104
942 3104
943 3104
944 3104
945 3104
946 3104
947 3104
948 3104
949 3104
950 3104
951 3103
952 3103
953 3103
954 3103
955 3102
956 3102
957 3102
958 3102
959 3102
960 3102
961 3102
962 3102
963 3101
964 3101
965 3101
966 3101
967 3100
968 3100
969 3100
970 3100
971 3100
972 3100
973 3100
974 3100
975 3099
976 3099
977 3099
978 3099
979 3098
980 3098
981 3098
982 3098
983 3098
984 3098
985 3097
986 3097
987 3097
988 3097
989 3096
990 3096
991 3096
992 3096
993 3096
994 3096
995 3096
996 3096
997 3096
998 3096
999 3096
1000 3096
1001 3095
1002 3095
1003 3095
1004 3095
1005 3094
1006 3094
1007 3094
1008 3094
1009 3094
1010 3094
1011 3094
1012 3094
1013 3094
1014 3094
1015 3094
1016 3094
1017 3094
1018 3094
1019 3094
1020 3094
1021 3094
1022 3094
1023 3094
1024 3094
1025 3094
1026 3094
1027 3094
1028 3094
1029 3094
1030 3094
1031 3094
1032 3094
1033 3094
1034 3094
1035 3094
1036 3094
1037 3094
1038 3094
1039 3094
1040 3094
1041 3094
1042 3094
1043 3094
1044 3094
1045 3094
1046 3094
1047 3094
1048 3094
1049 3095
1050 3095
1051 3095
1052 3095
1053 3096
1054 3096
1055 3096
1056 3096
1057 3096
1058 3096
1059 3096
1060 3096
1061 3096
1062 3096
1063 3096
1064 3096
1065 3096
1066 3096
1067 3096
1068 3096
1069 3095
1070 3095
1071 3095
1072 3095
1073 3094
1074 3094
1075 3094
1076 3094
1077 3094
1078 3094
1079 3094
1080 3094
1081 3094
1082 3094
1083 3094
1084 3094
1085 3094
1086 3094
1087 3094
1088 3094
1089 3094
1090 3094
1091 3094
1092 3094
1093 3093
1094 3093
1095 3093
1096 3093
1097 3092
1098 3092
1099 3092
1100 3092
1101 3091
1102 3091
1103 3091
1104 3091
1105 3090
1106 3090
1107 3090
1108 3090
1109 3090
1110 3090
1111 3090
1112 3090
1113 3089
1114 3089
1115 3089
1116 3089
1117 3088
1118 3088
1119 3088
1120 3088
1121 3088
1122 3088
1123 3088
1124 3088
1125 3088
1126 3088
1127 3088
1128 3088
1129 3088
1130 3088
1131 3088
1132 3088
1133 3087
1134 3087
1135 3087
1136 3087
1137 3086
1138 3085
1139 3085
1140 3085
1141 3084
1142 3084
1143 3083
1144 3083
1145 3082
1146 3082
1147 3081
1148 3081
1149 3080
1150 3080
1151 3079
1152 3079
1153 3079
1154 3079
1155 3078
1156 3077
1157 3077
1158 3077
1159 3076
1160 3076
1161 3075
1162 3075
1163 3074
1164 3074
1165 3073
1166 3073
1167 3072
1168 3071
1169 3071
1170 3071
1171 3070
1172 3069
1173 3068
1174 3068
1175 3067
1176 3067
1177 3066
1178 3066
1179 3065
1180 3065
1181 3064
1182 3063
1183 3063
1183 3062
1184 3061
1185 3061
1185 3060
1186 3059
1187 3059
1187 3058
1188 3057
1189 3057
1189 3056
1190 3055
1191 3055
1191 3054
1192 3053
1193 3053
1193 3052
1194 3051
1195 3050
1196 3049
1197 3048
1197 3047
1198 3046
1199 3045
1199 3044
1200 3043
1201 3043
1202 3042
1203 3041
1204 3041
1205 3040
1206 3039
1207 3039
1208 3039
1209 3038
1210 3037
1211 3036
1212 3035
1213 3035
1214 3034
1215 3033
1216 3033
1217 3032
1218 3031
1219 3030
1220 3029
1221 3029
1221 3028
1222 3027
1223 3027
1224 3026
1225 3025
1226 3025
1227 3024
1228 3023
1229 3022
1230 3022
1231 3021
1232 3021
1233 3020
1234 3019
1235 3018
1236 3018
1237 3017
1238 3017
1239 3016
1240 3015
1241 3015
1242 3015
1243 3014
1244 3014
1245 3013
1246 3013
1247 3012
1248 3011
1249 3010
1250 3009
1251 3008
1251 3007
1252 3006
1252 3005
1253 3004
1254 3003
1255 3002
1255 3001
1255 3000
1255 2999
1256 2998
1256 2997
1256 2996
1256 2995
1256 2994
1256 2993
1256 2992
1256 2991
1255 2990
1255 2989
1254 2988
1253 2987
1253 2986
1252 2986
1251 2985
1250 2984
1249 2984
1248 2983
1247 2983
1246 2983
1245 2983
1244 2983
1243 2983
1242 2983
1241 2983
1240 2983
1239 2983
1238 2983
1237 2983
1236 2983
1235 2983
1234 2983
1233 2983
1232 2983
1231 2983
1230 2983
1229 2983
1228 2983
1227 2983
1226 2983
1225 2983
1224 2983
1223 2983
1222 2983
1221 2983
1220 2983
1219 2983
1218 2982
1217 2982
1216 2982
1215 2982
1214 2981
1213 2981
1212 2981
1211 2981
1210 2981
1209 2981
1208 2981
1207 2981
1206 2981
1205 2981
1204 2980
1203 2980
1202 2980
1201 2980
1200 2979
1199 2979
1198 2978
1197 2978
1196 2978
1195 2978
1194 2977
1193 2977
1192 2977
1191 2977
1190 2977
1189 2977
1188 2977
1187 2977
1186 2977
1185 2977
1184 2977
1183 2977
1182 2977
1181 2977
1180 2977
1179 2977
1178 2977
1177 2977
1176 2977
1175 2977
1174 2977
1173 2977
1172 2977
1171 2977
1170 2977
1169 2977
1168 2976
1167 2976
1166 2976
1165 2976
1164 2975
1163 2975
1162 2974
1161 2974
1160 2974
1159 2974
1158 2973
1157 2973
1156 2973
1155 2973
1154 2973
1153 2973
1152 2973
1151 2973
1150 2973
1149 2973
1148 2972
1147 2972
1146 2972
1145 2972
1144 2971
1143 2971
1142 2971
1141 2971
1140 2971
1139 2971
1138 2971
1137 2971
1136 2971
1135 2971
1134 2971
1133 2971
1132 2971
1131 2971
1130 2971
1129 2971
1128 2971
1127 2971
1126 2972
1125 2972
1124 2972
1123 2972
1122 2973
1121 2973
1120 2973
1119 2973
1118 2974
1117 2974
1116 2974
1115 2974
1114 2975
1113 2975
1112 2976
1111 2976
1110 2977
1109 2977
1108 2978
1107 2978
1106 2979
1105 2979
1104 2979
1103 2979
1102 2979
1101 2979
1100 2979
1099 2979
1098 2979
1097 2979
1096 2979
1095 2979
1094 2980
1093 2980
1092 2980
1091 2980
1090 2981
1089 2981
1088 2981
1087 2981
1086 2982
1085 2982
1084 2982
1083 2982
1082 2983
1081 2984
1080 2984
1079 2984
1078 2985
1077 2985
1076 2985
1075 2985
1074 2986
1073 2986
1072 2987
1071 2987
1070 2988
1069 2988
1068 2989
1067 2989
1066 2989
1065 2989
1064 2989
1063 2989
1062 2989
1061 2989
1060 2988
1059 2988
1058 2987
1057 2986
1056 2986
1055 2985
1055 2984
1054 2984
1053 2983
1053 2982
1052 2981
1051 2980
1050 2979
1049 2978
1048 2977
1047 2976
1046 2976
1045 2976
1044 2975
1043 2975
1042 2975
1041 2975
1040 2975
1039 2975
1038 2975
1037 2975
1036 2975
1035 2975
1034 2975
1033 2975
1032 2975
1031 2975
1030 2975
1029 2975
1028 2975
1027 2975
1026 2975
1025 2975
1024 2975
1023 2975
1022 2975
1021 2975
1020 2975
1019 2975
1018 2975
1017 2975
1016 2974
1015 2974
1014 2974
1013 2974
1012 2973
1011 2973
1010 2973
1009 2973
1008 2973
1007 2973
1006 2973
1005 2973
1004 2972
1003 2972
1002 2972
1001 2972
1000 2971
999 2971
998 2971
997 2971
996 2971
995 2971
994 2971
993 2971
992 2971
991 2971
990 2970
989 2970
988 2969
987 2969
986 2968
985 2968
984 2967
983 2967
982 2967
981 2967
980 2967
979 2967
978 2966
977 2966
976 2966
975 2966
974 2965
973 2965
972 2964
971 2964
970 2964
969 2963
968 2962
967 2962
966 2961
965 2961
964 2960
963 2959
962 2958
961 2958
960 2957
959 2957
958 2956
957 2955
956 2954
955 2954
954 2954
953 2953
952 2952
951 2952
950 2951
949 2951
948 2950
947 2950
946 2949
945 2949
944 2949
943 2949
942 2949
941 2949
940 2949
939 2949
938 2949
937 2949
936 2949
935 2949
934 2949
933 2949
932 2949
931 2949
930 2949
929 2949
928 2949
927 2949
926 2949
925 2949
924 2949
923 2949
922 2949
921 2949
920 2949
919 2949
918 2949
917 2949
916 2949
915 2949
914 2949
913 2949
912 2949
911 2949
910 2949
909 2949
908 2949
907 2949
