759 2763
758 2764
757 2764
756 2764
755 2764
754 2765
753 2766
752 2766
751 2766
750 2767
749 2768
748 2768
747 2768
746 2769
745 2769
744 2769
743 2769
742 2769
741 2769
740 2769
739 2769
738 2769
737 2769
736 2769
735 2769
734 2769
733 2769
732 2769
731 2769
730 2769
729 2769
728 2769
727 2769
726 2769
725 2769
724 2769
723 2769
722 2769
721 2769
720 2769
719 2769
718 2769
717 2769
716 2769
715 2769
714 2769
713 2769
712 2769
711 2769
710 2769
709 2769
708 2770
707 2770
706 2771
705 2771
704 2772
703 2772
702 2773
701 2773
700 2773
699 2773
698 2773
697 2773
696 2774
695 2774
694 2774
693 2774
692 2775
691 2775
690 2775
689 2775
688 2775
687 2775
686 2775
685 2775
684 2775
683 2775
682 2776
681 2776
680 2777
680 2778
679 2779
679 2780
679 2781
679 2782
679 2783
679 2784
679 2785
679 2786
679 2787
679 2788
679 2789
679 2790
679 2791
679 2792
678 2793
678 2794
678 2795
677 2796
676 2797
676 2798
676 2799
675 2800
674 2801
674 2802
674 2803
673 2804
672 2805
672 2806
671 2807
670 2808
670 2809
669 2810
668 2810
668 2811
667 2812
666 2812
666 2813
665 2814
664 2814
664 2815
663 2816
662 2816
662 2817
661 2818
660 2818
660 2819
659 2820
658 2820
658 2821
657 2822
656 2822
656 2823
655 2824
654 2824
654 2825
653 2826
652 2827
652 2828
651 2829
651 2830
651 2831
651 2832
651 2833
651 2834
652 2835
652 2836
652 2837
652 2838
653 2839
653 2840
653 2841
653 2842
653 2843
653 2844
653 2845
653 2846
653 2847
653 2848
653 2849
653 2850
653 2851
653 2852
653 2853
653 2854
653 2855
653 2856
653 2857
653 2858
653 2859
653 2860
653 2861
653 2862
653 2863
653 2864
653 2865
653 2866
653 2867
653 2868
653 2869
653 2870
653 2871
653 2872
653 2873
653 2874
653 2875
653 2876
653 2877
653 2878
654 2879
654 2880
655 2881
656 2882
656 2883
657 2883
658 2884
658 2885
659 2885
660 2886
660 2887
661 2888
662 2889
662 2890
663 2891
663 2892
663 2893
663 2894
664 2895
664 2896
665 2897
666 2898
667 2899
668 2899
669 2900
670 2900
671 2901
672 2901
673 2901
674 2902
675 2903
676 2903
677 2903
678 2904
679 2905
680 2905
681 2905
682 2906
683 2907
684 2907
685 2907
686 2908
687 2909
688 2909
689 2909
690 2909
691 2910
692 2910
693 2910
694 2910
695 2910
696 2910
697 2910
698 2910
699 2910
700 2910
701 2911
702 2911
703 2911
704 2911
705 2912
706 2912
707 2913
708 2913
709 2913
710 2913
711 2914
712 2914
713 2914
714 2914
715 2914
716 2914
717 2914
718 2914
719 2914
720 2914
721 2915
722 2915
723 2915
724 2915
725 2916
726 2916
727 2916
728 2916
729 2917
730 2917
731 2917
732 2917
733 2918
734 2918
735 2918
736 2918
737 2918
738 2918
739 2919
740 2919
741 2919
742 2919
743 2920
744 2920
745 2921
746 2921
747 2921
748 2921
749 2922
750 2922
751 2922
752 2922
753 2922
754 2922
755 2922
756 2922
757 2922
758 2922
759 2923
760 2923
761 2923
762 2923
763 2924
764 2924
765 2924
766 2924
767 2924
768 2924
769 2924
770 2924
771 2924
772 2924
773 2924
774 2924
775 2924
776 2924
777 2925
778 2925
779 2925
780 2925
781 2926
782 2926
783 2926
784 2926
785 2926
786 2926
787 2926
788 2926
789 2926
790 2926
791 2926
792 2926
793 2926
794 2926
795 2926
796 2926
797 2926
798 2926
799 2926
800 2926
801 2926
802 2926
803 2926
804 2926
805 2926
806 2926
807 2926
808 2926
809 2926
810 2926
811 2926
812 2926
813 2926
814 2926
815 2925
816 2925
817 2925
818 2925
819 2924
820 2924
821 2923
822 2923
823 2922
823 2921
824 2920
824 2919
824 2918
824 2917
825 2916
825 2915
826 2914
827 2913
828 2913
829 2912
830 2912
831 2912
832 2912
833 2912
834 2912
835 2912
836 2912
837 2912
838 2912
839 2912
840 2912
841 2912
842 2912
843 2912
844 2912
845 2912
846 2912
847 2913
848 2913
849 2913
850 2913
851 2914
852 2914
853 2914
854 2914
855 2914
856 2914
857 2914
858 2914
859 2914
860 2914
861 2914
862 2914
863 2914
864 2914
865 2913
866 2913
867 2913
868 2913
869 2912
870 2912
871 2911
872 2911
873 2911
874 2911
875 2910
876 2910
877 2910
878 2910
879 2910
880 2910
881 2910
882 2910
883 2910
884 2910
885 2909
886 2909
887 2909
888 2909
889 2908
890 2907
891 2907
892 2907
893 2906
894 2905
895 2904
896 2903
897 2903
897 2902
898 2901
899 2901
899 2900
900 2899
901 2899
901 2898
902 2897
903 2896
903 2895
904 2894
904 2893
904 2892
904 2891
905 2890
905 2889
906 2888
907 2887
907 2886
908 2885
909 2885
910 2884
911 2883
912 2883
913 2882
914 2881
915 2880
916 2879
917 2879
918 2878
919 2877
920 2877
921 2876
922 2875
923 2874
924 2873
925 2872
925 2871
926 2870
926 2869
926 2868
926 2867
926 2866
926 2865
927 2864
927 2863
927 2862
927 2861
928 2860
928 2859
929 2858
929 2857
929 2856
929 2855
930 2854
930 2853
930 2852
930 2851
930 2850
930 2849
930 2848
930 2847
930 2846
930 2845
930 2844
930 2843
930 2842
930 2841
929 2840
929 2839
928 2838
928 2837
927 2836
927 2835
926 2834
926 2833
925 2832
925 2831
924 2830
923 2829
923 2828
922 2827
921 2826
921 2825
920 2824
920 2823
919 2822
919 2821
918 2820
917 2819
917 2818
916 2817
915 2816
915 2815
914 2814
913 2813
912 2812
912 2811
911 2810
911 2809
910 2808
909 2807
908 2806
907 2805
907 2804
906 2804
905 2803
905 2802
904 2802
903 2801
903 2800
902 2800
901 2799
901 2798
900 2797
899 2796
899 2795
898 2794
897 2793
896 2792
895 2791
894 2790
893 2789
892 2788
891 2788
890 2787
889 2787
888 2786
887 2786
886 2785
885 2785
884 2784
883 2784
882 2784
881 2784
880 2783
879 2783
878 2783
877 2783
876 2783
875 2783
874 2783
873 2783
872 2782
871 2782
870 2782
869 2782
868 2781
867 2781
866 2781
865 2781
864 2781
863 2781
862 2780
861 2780
860 2780
859 2780
858 2779
857 2779
856 2779
855 2779
854 2779
853 2779
852 2779
851 2779
850 2779
849 2779
848 2779
847 2779
846 2779
845 2779
844 2779
843 2779
842 2779
841 2779
840 2779
839 2779
838 2779
837 2779
836 2779
835 2779
834 2779
833 2779
832 2778
831 2778
830 2778
829 2778
828 2777
827 2777
826 2777
825 2777
824 2776
823 2776
822 2776
821 2776
820 2775
819 2775
818 2775
817 2775
816 2775
815 2775
814 2775
813 2775
812 2775
811 2775
810 2775
809 2775
808 2775
807 2775
806 2775
805 2775
804 2774
803 2774
802 2774
801 2773
800 2772
799 2772
798 2771
797 2770
796 2770
795 2769
794 2768
793 2768
792 2767
791 2767
790 2767
789 2767
788 2767
787 2767
786 2766
785 2766
784 2766
783 2766
782 2765
781 2765
780 2764
779 2764
778 2764
777 2764
776 2763
775 2763
774 2763
773 2763
772 2763
771 2763
770 2763
769 2763
768 2763
767 2763
766 2763
765 2763
764 2763
763 2763
762 2763
761 2763
760 2763
759 2763
