1009 3203
1008 3204
1007 3204
1006 3205
1005 3206
1004 3206
1003 3207
1002 3208
1001 3208
1000 3209
999 3210
998 3210
997 3210
996 3211
995 3211
994 3211
993 3211
992 3212
991 3212
990 3212
989 3212
988 3213
987 3214
986 3215
985 3216
984 3216
984 3217
983 3218
982 3218
982 3219
981 3220
980 3220
980 3221
979 3222
978 3222
978 3223
977 3224
976 3224
976 3225
975 3226
974 3226
974 3227
973 3228
972 3228
972 3229
971 3230
970 3230
970 3231
969 3232
968 3232
968 3233
967 3234
966 3234
966 3235
965 3236
964 3237
964 3238
963 3239
963 3240
963 3241
963 3242
963 3243
963 3244
963 3245
963 3246
963 3247
963 3248
963 3249
963 3250
963 3251
963 3252
962 3253
962 3254
962 3255
962 3256
961 3257
961 3258
961 3259
961 3260
961 3261
961 3262
960 3263
960 3264
959 3265
958 3266
958 3267
957 3268
956 3268
955 3269
954 3270
953 3270
952 3271
951 3271
950 3271
949 3271
948 3271
947 3271
946 3271
945 3271
944 3271
943 3271
942 3271
941 3271
940 3271
939 3271
938 3272
937 3272
936 3273
936 3274
935 3275
935 3276
935 3277
935 3278
935 3279
935 3280
935 3281
935 3282
935 3283
935 3284
935 3285
935 3286
935 3287
935 3288
936 3289
936 3290
937 3291
938 3291
939 3292
940 3292
941 3292
942 3292
943 3292
944 3292
945 3293
946 3293
947 3294
948 3295
949 3295
950 3296
950 3297
951 3297
952 3298
952 3299
953 3299
954 3300
954 3301
955 3301
956 3302
956 3303
957 3303
958 3304
959 3305
960 3306
961 3307
962 3307
963 3307
964 3307
965 3308
966 3308
967 3308
968 3308
969 3308
970 3308
971 3309
972 3309
973 3309
974 3309
975 3310
976 3310
977 3310
978 3310
979 3310
980 3310
981 3310
982 3310
983 3310
984 3310
985 3310
986 3310
987 3310
988 3310
989 3310
990 3310
991 3310
992 3310
993 3310
994 3310
995 3310
996 3310
997 3310
998 3310
999 3310
1000 3310
1001 3310
1002 3310
1003 3310
1004 3310
1005 3310
1006 3310
1007 3310
1008 3310
1009 3310
1010 3310
1011 3310
1012 3310
1013 3311
1014 3311
1015 3311
1016 3311
1017 3312
1018 3312
1019 3312
1020 3312
1021 3312
1022 3312
1023 3312
1024 3312
1025 3312
1026 3312
1027 3312
1028 3312
1029 3312
1030 3312
1031 3312
1032 3312
1033 3312
1034 3312
1035 3312
1036 3312
1037 3312
1038 3312
1039 3312
1040 3312
1041 3312
1042 3312
1043 3312
1044 3312
1045 3312
1046 3312
1047 3312
1048 3312
1049 3311
1050 3311
1051 3310
1052 3309
1053 3309
1054 3308
1055 3307
1056 3307
1057 3306
1058 3305
1059 3304
1060 3304
1061 3303
1062 3303
1063 3302
1064 3301
1065 3300
1066 3300
1067 3299
1068 3299
1069 3298
1070 3298
1071 3298
1072 3298
1073 3298
1074 3298
1075 3298
1076 3298
1077 3299
1078 3299
1079 3299
1080 3299
1081 3300
1082 3300
1083 3300
1084 3300
1085 3300
1086 3300
1087 3300
1088 3300
1089 3300
1090 3300
1091 3300
1092 3300
1093 3299
1094 3299
1095 3299
1096 3299
1097 3298
1098 3298
1099 3298
1100 3298
1101 3298
1102 3298
1103 3298
1104 3298
1105 3298
1106 3298
1107 3298
1108 3298
1109 3299
1110 3299
1111 3299
1112 3299
1113 3300
1114 3300
1115 3300
1116 3300
1117 3300
1118 3300
1119 3300
1120 3300
1121 3300
1122 3300
1123 3300
1124 3300
1125 3300
1126 3300
1127 3300
1128 3300
1129 3300
1130 3300
1131 3299
1132 3299
1133 3299
1134 3299
1135 3298
1136 3297
1137 3296
1138 3296
1139 3295
1140 3295
1141 3294
1142 3294
1143 3294
1144 3294
1145 3293
1146 3293
1147 3293
1148 3293
1149 3292
1150 3291
1151 3290
1152 3289
1153 3289
1153 3288
1154 3287
1155 3286
1156 3285
1157 3284
1157 3283
1157 3282
1157 3281
1158 3280
1158 3279
1158 3278
1158 3277
1158 3276
1158 3275
1159 3274
1159 3273
1159 3272
1159 3271
1160 3270
1160 3269
1160 3268
1160 3267
1161 3266
1161 3265
1161 3264
1161 3263
1162 3262
1162 3261
1162 3260
1162 3259
1162 3258
1162 3257
1162 3256
1162 3255
1162 3254
1162 3253
1161 3252
1161 3251
1160 3250
1159 3249
1158 3248
1157 3248
1156 3247
1155 3247
1154 3247
1153 3247
1152 3247
1151 3247
1150 3247
1149 3247
1148 3246
1147 3246
1146 3245
1145 3244
1145 3243
1144 3242
1143 3241
1142 3240
1141 3239
1140 3238
1139 3238
1138 3237
1137 3236
1136 3236
1135 3235
1135 3234
1134 3234
1133 3233
1132 3232
1131 3232
1130 3231
1129 3231
1128 3230
1127 3230
1126 3230
1125 3229
1124 3228
1123 3228
1122 3228
1121 3228
1120 3227
1119 3227
1118 3226
1117 3226
1116 3226
1115 3226
1114 3225
1113 3225
1112 3224
1111 3224
1110 3224
1109 3223
1108 3222
1107 3222
1106 3222
1105 3222
1104 3221
1103 3221
1102 3220
1101 3220
1100 3220
1099 3219
1098 3218
1097 3218
1096 3218
1095 3217
1094 3216
1093 3216
1092 3216
1091 3215
1090 3214
1089 3214
1088 3214
1087 3213
1086 3212
1085 3212
1084 3212
1083 3212
1082 3211
1081 3211
1080 3211
1079 3211
1078 3211
1077 3211
1076 3211
1075 3211
1074 3211
1073 3211
1072 3210
1071 3210
1070 3210
1069 3210
1068 3209
1067 3209
1066 3209
1065 3209
1064 3209
1063 3209
1062 3209
1061 3209
1060 3209
1059 3209
1058 3209
1057 3209
1056 3208
1055 3208
1054 3208
1053 3208
1052 3207
1051 3207
1050 3207
1049 3207
1048 3207
1047 3207
1046 3207
1045 3207
1044 3207
1043 3207
1042 3207
1041 3207
1040 3207
1039 3207
1038 3207
1037 3207
1036 3206
1035 3206
1034 3206
1033 3206
1032 3205
1031 3205
1030 3205
1029 3205
1028 3205
1027 3205
1026 3204
1025 3204
1024 3204
1023 3204
1022 3203
1021 3203
1020 3203
1019 3203
1018 3204
1017 3204
1016 3204
1015 3204
1014 3204
1013 3204
1012 3204
1011 3204
1010 3203
1009 3203
