1105 417
1104 418
1103 418
1102 418
1101 418
1100 419
1099 419
1098 420
1097 420
1096 420
1095 420
1094 421
1093 421
1092 421
1091 421
1090 421
1089 421
1088 421
1087 421
1086 421
1085 421
1084 421
1083 421
1082 420
1081 420
1080 420
1079 420
1078 419
1077 419
1076 419
1075 419
1074 419
1073 419
1072 419
1071 419
1070 419
1069 419
1068 419
1067 419
1066 419
1065 419
1064 419
1063 419
1062 420
1061 420
1060 420
1059 420
1058 421
1057 421
1056 421
1055 421
1054 421
1053 421
1052 421
1051 421
1050 421
1049 421
1048 421
1047 421
1046 422
1045 422
1044 422
1043 422
1042 423
1041 423
1040 423
1039 423
1038 423
1037 423
1036 424
1035 424
1034 424
1033 424
1032 425
1031 425
1030 425
1029 425
1028 425
1027 425
1026 425
1025 425
1024 425
1023 425
1022 425
1021 425
1020 425
1019 425
1018 425
1017 425
1016 425
1015 425
1014 425
1013 425
1012 425
1011 425
1010 425
1009 425
1008 425
1007 425
1006 425
1005 425
1004 425
1003 425
1002 425
1001 425
1000 425
999 425
998 425
997 425
996 426
995 426
994 426
993 426
992 427
991 427
990 427
989 427
988 427
987 427
986 427
985 427
984 427
983 427
982 427
981 427
980 427
979 427
978 427
977 427
976 427
975 427
974 427
973 427
972 427
971 427
970 427
969 427
968 427
967 427
966 427
965 427
964 427
963 427
962 427
961 427
960 427
959 427
958 427
957 427
956 427
955 427
954 427
953 427
952 428
951 428
950 428
949 428
948 429
947 429
946 429
945 429
944 429
943 429
942 429
941 429
940 429
939 429
938 429
937 429
936 429
935 429
934 429
933 429
932 429
931 429
930 429
929 429
928 429
927 429
926 429
925 429
924 429
923 429
922 429
921 429
920 429
919 429
918 429
917 429
916 429
915 429
914 429
913 429
912 429
911 429
910 429
909 429
908 429
907 429
906 429
905 429
904 429
903 429
902 429
901 429
900 429
899 429
898 429
897 429
896 429
895 429
894 429
893 429
892 429
891 429
890 429
889 429
888 429
887 429
886 428
885 428
884 428
883 428
882 427
881 427
880 427
879 427
878 427
877 427
876 427
875 427
874 427
873 427
872 427
871 427
870 427
869 427
868 428
867 428
866 429
865 430
864 430
864 431
863 432
862 432
862 433
861 434
860 434
860 435
859 436
858 437
857 438
856 439
856 440
856 441
855 442
854 443
854 444
854 445
854 446
853 447
853 448
853 449
853 450
853 451
853 452
854 453
854 454
855 455
856 456
857 457
858 457
859 458
860 459
861 459
862 460
863 461
864 461
865 462
866 462
867 462
868 462
869 463
870 463
871 463
872 464
873 465
874 465
875 465
876 466
877 467
878 467
879 467
880 467
881 468
882 468
883 468
884 468
885 469
886 469
887 469
888 469
889 470
890 470
891 471
892 471
893 471
894 471
895 472
896 472
897 473
898 473
899 474
900 474
901 475
902 475
903 476
904 476
905 477
906 477
907 477
908 478
909 479
910 479
911 479
912 479
913 480
914 480
915 481
916 481
917 481
918 482
919 483
920 483
921 483
922 483
923 484
924 484
925 484
926 484
927 485
928 485
929 485
930 485
931 486
932 486
933 486
934 486
935 487
936 487
937 487
938 487
939 488
940 488
941 488
942 488
943 488
944 488
945 489
946 489
947 489
948 489
949 490
950 490
951 490
952 490
953 490
954 490
955 490
956 490
957 490
958 490
959 490
960 490
961 490
962 490
963 490
964 490
965 490
966 490
967 490
968 490
969 490
970 490
971 490
972 490
973 490
974 490
975 491
976 491
977 491
978 491
979 492
980 492
981 492
982 492
983 492
984 492
985 492
986 492
987 492
988 492
989 492
990 492
991 492
992 492
993 492
994 492
995 492
996 492
997 492
998 492
999 492
1000 492
1001 492
1002 492
1003 492
1004 492
1005 492
1006 492
1007 492
1008 492
1009 492
1010 492
1011 493
1012 493
1013 493
1014 493
1015 494
1016 494
1017 494
1018 494
1019 494
1020 494
1021 494
1022 494
1023 494
1024 494
1025 494
1026 494
1027 494
1028 494
1029 494
1030 494
1031 494
1032 494
1033 494
1034 494
1035 494
1036 494
1037 494
1038 494
1039 494
1040 494
1041 494
1042 494
1043 494
1044 494
1045 494
1046 494
1047 495
1048 495
1049 495
1050 495
1051 496
1052 496
1053 496
1054 496
1055 496
1056 496
1057 496
1058 496
1059 496
1060 496
1061 496
1062 496
1063 496
1064 496
1065 496
1066 496
1067 496
1068 496
1069 496
1070 496
1071 496
1072 496
1073 497
1074 497
1075 497
1076 497
1077 498
1078 498
1079 498
1080 498
1081 498
1082 498
1083 498
1084 498
1085 498
1086 498
1087 498
1088 498
1089 499
1090 499
1091 499
1092 499
1093 500
1094 500
1095 500
1096 500
1097 500
1098 500
1099 501
1100 501
1101 501
1102 502
1103 503
1104 503
1105 503
1106 503
1107 504
1108 504
1109 504
1110 504
1111 504
1112 504
1113 505
1114 505
1115 505
1116 505
1117 506
1118 506
1119 506
1120 506
1121 506
1122 506
1123 506
1124 506
1125 507
1126 507
1127 507
1128 507
1129 508
1130 508
1131 508
1132 508
1133 508
1134 508
1135 508
1136 508
1137 508
1138 508
1139 508
1140 508
1141 508
1142 508
1143 508
1144 508
1145 508
1146 508
1147 508
1148 508
1149 508
1150 508
1151 508
1152 508
1153 508
1154 508
1155 507
1156 507
1157 506
1158 506
1159 505
1160 505
1161 504
1162 504
1163 504
1164 504
1165 504
1166 504
1167 504
1168 504
1169 504
1170 504
1171 504
1172 504
1173 504
1174 504
1175 504
1176 504
1177 504
1178 504
1179 504
1180 504
1181 503
1182 503
1183 503
1184 503
1185 502
1186 502
1187 502
1188 502
1189 502
1190 502
1191 502
1192 502
1193 502
1194 502
1195 502
1196 502
1197 502
1198 502
1199 502
1200 502
1201 501
1202 501
1203 501
1204 501
1205 500
1206 500
1207 500
1208 500
1209 500
1210 500
1211 500
1212 500
1213 500
1214 500
1215 500
1216 500
1217 499
1218 499
1219 499
1220 499
1221 498
1222 498
1223 498
1224 498
1225 498
1226 498
1227 498
1228 498
1229 497
1230 497
1231 497
1232 497
1233 496
1234 496
1235 495
1236 495
1237 494
1238 493
1239 492
1239 491
1240 490
1240 489
1240 488
1240 487
1240 486
1240 485
1240 484
1240 483
1240 482
1240 481
1240 480
1240 479
1240 478
1240 477
1240 476
1240 475
1241 474
1241 473
1241 472
1241 471
1242 470
1242 469
1242 468
1242 467
1242 466
1242 465
1242 464
1242 463
1243 462
1243 461
1243 460
1243 459
1244 458
1244 457
1244 456
1244 455
1244 454
1244 453
1244 452
1244 451
1243 450
1243 449
1243 448
1243 447
1242 446
1242 445
1242 444
1242 443
1241 442
1241 441
1240 440
1239 439
1239 438
1238 438
1237 437
1237 436
1236 436
1235 435
1234 434
1233 433
1232 432
1231 432
1230 431
1229 430
1228 429
1227 428
1227 427
1226 426
1225 425
1224 424
1223 423
1223 422
1222 422
1221 421
1220 420
1219 420
1218 419
1217 419
1216 419
1215 419
1214 419
1213 419
1212 419
1211 419
1210 418
1209 418
1208 418
1207 418
1206 417
1205 417
1204 417
1203 417
1202 417
1201 417
1200 417
1199 417
1198 417
1197 417
1196 417
1195 417
1194 417
1193 417
1192 417
1191 417
1190 417
1189 417
1188 417
1187 417
1186 417
1185 417
1184 417
1183 417
1182 417
1181 417
1180 417
1179 417
1178 417
1177 417
1176 417
1175 417
1174 417
1173 417
1172 417
1171 417
1170 417
1169 417
1168 417
1167 417
1166 417
1165 417
1164 417
1163 417
1162 417
1161 417
1160 417
1159 417
1158 417
1157 417
1156 417
1155 417
1154 417
1153 417
1152 417
1151 417
1150 417
1149 417
1148 417
1147 417
1146 417
1145 417
1144 417
1143 417
1142 417
1141 417
1140 417
1139 417
1138 417
1137 417
1136 417
1135 417
1134 417
1133 417
1132 417
1131 417
1130 417
1129 417
1128 417
1127 417
1126 417
1125 417
1124 417
1123 417
1122 417
1121 417
1120 417
1119 417
1118 417
1117 417
1116 417
1115 417
1114 417
1113 417
1112 417
1111 417
1110 417
1109 417
1108 417
1107 417
1106 417
1105 417
