1171 2047
1170 2048
1169 2048
1168 2048
1167 2049
1166 2050
1165 2051
1165 2052
1165 2053
1165 2054
1165 2055
1165 2056
1165 2057
1165 2058
1165 2059
1165 2060
1164 2061
1164 2062
1164 2063
1164 2064
1163 2065
1163 2066
1163 2067
1163 2068
1163 2069
1163 2070
1163 2071
1163 2072
1163 2073
1163 2074
1163 2075
1163 2076
1163 2077
1163 2078
1163 2079
1163 2080
1163 2081
1163 2082
1163 2083
1163 2084
1163 2085
1163 2086
1163 2087
1163 2088
1163 2089
1163 2090
1163 2091
1163 2092
1163 2093
1163 2094
1162 2095
1162 2096
1162 2097
1162 2098
1161 2099
1161 2100
1161 2101
1161 2102
1161 2103
1161 2104
1161 2105
1161 2106
1161 2107
1161 2108
1161 2109
1161 2110
1161 2111
1161 2112
1161 2113
1161 2114
1161 2115
1161 2116
1161 2117
1161 2118
1160 2119
1160 2120
1160 2121
1160 2122
1159 2123
1159 2124
1159 2125
1159 2126
1159 2127
1159 2128
1158 2129
1158 2130
1158 2131
1158 2132
1157 2133
1157 2134
1157 2135
1157 2136
1157 2137
1157 2138
1156 2139
1156 2140
1156 2141
1156 2142
1155 2143
1155 2144
1155 2145
1155 2146
1154 2147
1154 2148
1154 2149
1154 2150
1153 2151
1153 2152
1152 2153
1152 2154
1152 2155
1152 2156
1151 2157
1151 2158
1150 2159
1150 2160
1150 2161
1150 2162
1149 2163
1149 2164
1148 2165
1148 2166
1148 2167
1148 2168
1147 2169
1147 2170
1146 2171
1146 2172
1146 2173
1145 2174
1144 2175
1144 2176
1144 2177
1143 2178
1142 2179
1142 2180
1142 2181
1142 2182
1141 2183
1141 2184
1142 2185
1142 2186
1143 2187
1143 2188
1144 2189
1144 2190
1145 2191
1145 2192
1145 2193
1145 2194
1145 2195
1145 2196
1145 2197
1145 2198
1145 2199
1145 2200
1145 2201
1145 2202
1145 2203
1145 2204
1145 2205
1145 2206
1146 2207
1146 2208
1147 2209
1147 2210
1148 2211
1148 2212
1149 2213
1149 2214
1150 2215
1150 2216
1150 2217
1150 2218
1151 2219
1152 2220
1152 2221
1152 2222
1153 2223
1154 2224
1154 2225
1154 2226
1155 2227
1155 2228
1156 2229
1156 2230
1156 2231
1156 2232
1157 2233
1158 2234
1159 2235
1160 2236
1161 2237
1162 2237
1163 2238
1164 2238
1165 2239
1166 2239
1167 2240
1168 2241
1168 2242
1169 2243
1169 2244
1169 2245
1169 2246
1170 2247
1170 2248
1171 2249
1172 2250
1173 2251
1174 2251
1175 2252
1176 2252
1177 2253
1178 2253
1179 2254
1180 2255
1181 2255
1182 2256
1183 2257
1184 2258
1185 2259
1186 2259
1187 2259
1188 2259
1189 2260
1190 2260
1191 2261
1192 2261
1193 2262
1194 2262
1195 2263
1196 2263
1197 2264
1198 2264
1199 2264
1200 2264
1201 2264
1202 2264
1203 2265
1204 2265
1205 2265
1206 2265
1207 2265
1208 2265
1209 2264
1210 2263
1211 2263
1212 2262
1213 2261
1214 2261
1215 2260
1216 2260
1217 2259
1218 2259
1219 2259
1220 2259
1221 2258
1222 2258
1223 2258
1224 2258
1225 2258
1226 2258
1227 2258
1228 2258
1229 2258
1230 2258
1231 2258
1232 2258
1233 2258
1234 2258
1235 2258
1236 2258
1237 2257
1238 2257
1239 2257
1240 2257
1241 2256
1242 2256
1243 2255
1244 2255
1245 2255
1246 2255
1247 2254
1248 2253
1249 2253
1250 2253
1251 2252
1252 2252
1253 2251
1254 2251
1255 2251
1256 2251
1257 2250
1258 2249
1259 2249
1260 2249
1261 2248
1262 2247
1263 2246
1264 2246
1265 2245
1266 2245
1267 2244
1268 2243
1269 2242
1270 2242
1271 2241
1272 2241
1273 2240
1274 2239
1275 2238
1276 2237
1277 2237
1277 2236
1278 2235
1279 2234
1280 2233
1281 2232
1281 2231
1281 2230
1281 2229
1282 2228
1282 2227
1283 2226
1283 2225
1284 2224
1285 2223
1285 2222
1286 2221
1287 2221
1287 2220
1288 2219
1289 2219
1289 2218
1290 2217
1291 2216
1291 2215
1292 2214
1292 2213
1293 2212
1293 2211
1293 2210
1293 2209
1294 2208
1294 2207
1295 2206
1295 2205
1296 2204
1297 2203
1297 2202
1298 2201
1299 2201
1299 2200
1300 2199
1301 2199
1301 2198
1302 2197
1303 2196
1303 2195
1304 2194
1304 2193
1304 2192
1304 2191
1305 2190
1305 2189
1305 2188
1305 2187
1306 2186
1306 2185
1306 2184
1306 2183
1306 2182
1306 2181
1306 2180
1306 2179
1306 2178
1306 2177
1306 2176
1306 2175
1306 2174
1306 2173
1306 2172
1306 2171
1306 2170
1306 2169
1306 2168
1306 2167
1305 2166
1305 2165
1305 2164
1305 2163
1304 2162
1304 2161
1304 2160
1304 2159
1304 2158
1304 2157
1304 2156
1304 2155
1304 2154
1304 2153
1304 2152
1304 2151
1304 2150
1304 2149
1304 2148
1304 2147
1304 2146
1304 2145
1304 2144
1304 2143
1304 2142
1304 2141
1304 2140
1304 2139
1304 2138
1304 2137
1304 2136
1304 2135
1304 2134
1304 2133
1303 2132
1303 2131
1303 2130
1303 2129
1302 2128
1301 2127
1300 2126
1299 2125
1299 2124
1298 2124
1297 2123
1297 2122
1296 2121
1295 2120
1295 2119
1294 2118
1294 2117
1293 2116
1293 2115
1292 2114
1291 2113
1291 2112
1290 2112
1289 2111
1289 2110
1288 2110
1287 2109
1287 2108
1286 2108
1285 2107
1285 2106
1284 2105
1283 2104
1283 2103
1282 2102
1282 2101
1282 2100
1282 2099
1282 2098
1282 2097
1282 2096
1282 2095
1281 2094
1281 2093
1280 2092
1279 2091
1279 2090
1278 2089
1277 2088
1277 2087
1276 2086
1275 2085
1274 2084
1273 2083
1273 2082
1272 2082
1271 2081
1271 2080
1270 2080
1269 2079
1269 2078
1268 2078
1267 2077
1267 2076
1266 2076
1265 2075
1265 2074
1264 2074
1263 2073
1263 2072
1262 2072
1261 2071
1261 2070
1260 2070
1259 2069
1258 2068
1257 2067
1256 2066
1255 2066
1254 2066
1253 2065
1252 2064
1251 2064
1250 2064
1249 2063
1248 2062
1247 2062
1246 2062
1245 2061
1244 2060
1243 2060
1242 2060
1241 2060
1240 2059
1239 2059
1238 2059
1237 2059
1236 2059
1235 2059
1234 2059
1233 2059
1232 2058
1231 2058
1230 2058
1229 2058
1228 2057
1227 2057
1226 2057
1225 2057
1224 2057
1223 2057
1222 2057
1221 2057
1220 2057
1219 2057
1218 2057
1217 2057
1216 2057
1215 2057
1214 2057
1213 2057
1212 2058
1211 2058
1210 2059
1209 2059
1208 2060
1207 2060
1206 2060
1205 2060
1204 2060
1203 2059
1202 2058
1201 2058
1200 2057
1199 2057
1198 2056
1197 2055
1196 2054
1195 2054
1194 2053
1193 2053
1192 2052
1191 2052
1190 2051
1189 2051
1188 2050
1187 2050
1186 2050
1185 2050
1184 2049
1183 2049
1182 2049
1181 2049
1180 2049
1179 2049
1178 2049
1177 2049
1176 2048
1175 2048
1174 2048
1173 2048
1172 2047
1171 2047
