2333 1575
2332 1576
2331 1576
2330 1576
2329 1576
2328 1577
2327 1577
2326 1578
2325 1578
2324 1578
2323 1578
2322 1579
2321 1580
2320 1580
2319 1580
2318 1581
2317 1582
2316 1582
2315 1582
2314 1583
2313 1584
2312 1585
2311 1585
2310 1586
2309 1586
2308 1587
2307 1588
2306 1588
2305 1588
2304 1589
2303 1589
2302 1589
2301 1589
2300 1589
2299 1589
2298 1589
2297 1589
2296 1589
2295 1589
2294 1589
2293 1589
2292 1589
2291 1589
2290 1589
2289 1589
2288 1589
2287 1589
2286 1589
2285 1589
2284 1590
2283 1590
2282 1590
2281 1590
2280 1591
2279 1592
2278 1593
2277 1593
2276 1594
2275 1594
2274 1595
2273 1595
2272 1595
2271 1595
2270 1595
2269 1595
2268 1595
2267 1595
2266 1595
2265 1595
2264 1595
2263 1595
2262 1595
2261 1595
2260 1595
2259 1595
2258 1595
2257 1595
2256 1595
2255 1595
2254 1595
2253 1595
2252 1595
2251 1595
2250 1595
2249 1595
2248 1595
2247 1595
2246 1595
2245 1595
2244 1595
2243 1595
2242 1595
2241 1595
2240 1595
2239 1595
2238 1595
2237 1595
2236 1595
2235 1595
2234 1595
2233 1595
2232 1596
2231 1596
2230 1597
2229 1597
2228 1598
2227 1598
2226 1599
2225 1599
2224 1599
2223 1599
2222 1599
2221 1599
2220 1600
2219 1600
2218 1601
2217 1602
2216 1602
2216 1603
2215 1604
2214 1604
2214 1605
2213 1606
2212 1606
2212 1607
2211 1608
2210 1608
2210 1609
2209 1610
2208 1611
2208 1612
2207 1613
2207 1614
2207 1615
2207 1616
2207 1617
2207 1618
2207 1619
2207 1620
2207 1621
2207 1622
2208 1623
2208 1624
2208 1625
2208 1626
2209 1627
2209 1628
2209 1629
2209 1630
2210 1631
2210 1632
2210 1633
2210 1634
2211 1635
2212 1636
2212 1637
2212 1638
2213 1639
2213 1640
2213 1641
2213 1642
2213 1643
2213 1644
2213 1645
2213 1646
2213 1647
2213 1648
2213 1649
2213 1650
2213 1651
2213 1652
2213 1653
2213 1654
2213 1655
2213 1656
2213 1657
2213 1658
2213 1659
2213 1660
2213 1661
2213 1662
2213 1663
2213 1664
2212 1665
2212 1666
2212 1667
2211 1668
2210 1669
2210 1670
2210 1671
2209 1672
2208 1673
2208 1674
2208 1675
2208 1676
2207 1677
2207 1678
2207 1679
2207 1680
2207 1681
2207 1682
2207 1683
2207 1684
2207 1685
2207 1686
2207 1687
2207 1688
2207 1689
2207 1690
2207 1691
2207 1692
2207 1693
2207 1694
2207 1695
2207 1696
2207 1697
2207 1698
2207 1699
2207 1700
2207 1701
2207 1702
2207 1703
2207 1704
2207 1705
2207 1706
2207 1707
2207 1708
2207 1709
2207 1710
2206 1711
2206 1712
2206 1713
2206 1714
2205 1715
2205 1716
2204 1717
2204 1718
2204 1719
2204 1720
2203 1721
2203 1722
2202 1723
2202 1724
2202 1725
2201 1726
2200 1727
2200 1728
2200 1729
2200 1730
2199 1731
2199 1732
2199 1733
2199 1734
2200 1735
2200 1736
2201 1737
2202 1738
2202 1739
2203 1739
2204 1740
2204 1741
2205 1741
2206 1742
2206 1743
2207 1743
2208 1744
2208 1745
2209 1746
2210 1747
2210 1748
2211 1749
2211 1750
2212 1751
2212 1752
2213 1753
2213 1754
2214 1755
2214 1756
2215 1757
2215 1758
2216 1759
2216 1760
2217 1761
2217 1762
2218 1763
2218 1764
2219 1765
2220 1766
2220 1767
2220 1768
2221 1769
2222 1770
2223 1771
2224 1772
2224 1773
2225 1773
2226 1774
2226 1775
2227 1775
2228 1776
2228 1777
2229 1777
2230 1778
2230 1779
2231 1779
2232 1780
2232 1781
2233 1781
2234 1782
2234 1783
2235 1783
2236 1784
2237 1785
2238 1785
2239 1786
2240 1786
2241 1786
2242 1786
2243 1787
2244 1787
2245 1787
2246 1787
2247 1788
2248 1788
2249 1789
2250 1789
2251 1789
2252 1789
2253 1790
2254 1790
2255 1790
2256 1790
2257 1791
2258 1791
2259 1791
2260 1792
2261 1793
2262 1793
2263 1793
2264 1793
2265 1794
2266 1794
2267 1794
2268 1794
2269 1794
2270 1794
2271 1795
2272 1795
2273 1796
2274 1797
2275 1797
2276 1798
2277 1799
2278 1799
2279 1800
2280 1800
2281 1801
2282 1801
2283 1801
2284 1801
2285 1802
2286 1802
2287 1802
2288 1802
2289 1803
2290 1803
2291 1803
2292 1803
2293 1804
2294 1804
2295 1804
2296 1804
2297 1805
2298 1805
2299 1805
2300 1805
2301 1806
2302 1806
2303 1807
2304 1807
2305 1807
2306 1807
2307 1808
2308 1808
2309 1809
2310 1809
2311 1809
2312 1809
2313 1810
2314 1810
2315 1810
2316 1810
2317 1810
2318 1810
2319 1810
2320 1810
2321 1810
2322 1810
2323 1810
2324 1810
2325 1810
2326 1810
2327 1811
2328 1811
2329 1812
2330 1813
2331 1813
2332 1814
2333 1815
2334 1815
2335 1816
2336 1816
2337 1816
2338 1816
2339 1817
2340 1817
2341 1817
2342 1817
2343 1818
2344 1818
2345 1818
2346 1818
2347 1819
2348 1819
2349 1819
2350 1819
2351 1820
2352 1820
2353 1820
2354 1820
2355 1820
2356 1820
2357 1820
2358 1820
2359 1819
2360 1819
2361 1819
2362 1819
2363 1818
2364 1817
2365 1817
2366 1817
2367 1816
2368 1816
2369 1816
2370 1816
2371 1816
2372 1816
2373 1816
2374 1816
2375 1816
2376 1816
2377 1816
2378 1816
2379 1816
2380 1816
2381 1817
2382 1817
2383 1817
2384 1817
2385 1818
2386 1818
2387 1817
2388 1817
2389 1816
2390 1816
2391 1815
2392 1815
2393 1814
2394 1813
2395 1812
2396 1811
2397 1811
2397 1810
2398 1809
2399 1809
2399 1808
2400 1807
2401 1807
2401 1806
2402 1805
2403 1805
2404 1804
2405 1803
2406 1803
2407 1802
2408 1801
2409 1800
2410 1800
2411 1799
2412 1799
2413 1798
2414 1798
2415 1797
2416 1797
2417 1796
2418 1795
2419 1795
2419 1794
2420 1793
2421 1793
2422 1792
2423 1791
2424 1791
2425 1790
2426 1790
2427 1789
2428 1789
2429 1788
2430 1788
2431 1787
2432 1787
2433 1786
2434 1786
2435 1785
2436 1785
2437 1785
2438 1785
2439 1784
2440 1783
2441 1783
2442 1783
2443 1782
2444 1782
2445 1781
2446 1781
2447 1781
2448 1781
2449 1780
2450 1779
2451 1778
2452 1777
2453 1777
2453 1776
2454 1775
2455 1775
2455 1774
2456 1773
2457 1773
2457 1772
2458 1771
2459 1771
2459 1770
2460 1769
2461 1769
2461 1768
2462 1767
2463 1767
2463 1766
2464 1765
2465 1765
2466 1764
2467 1763
2468 1763
2469 1762
2470 1761
2471 1760
2472 1759
2473 1759
2473 1758
2474 1757
2475 1757
2475 1756
2476 1755
2477 1755
2477 1754
2478 1753
2479 1753
2479 1752
2480 1751
2481 1751
2481 1750
2482 1749
2483 1749
2483 1748
2484 1747
2485 1746
2486 1745
2487 1744
2487 1743
2488 1742
2488 1741
2489 1740
2490 1739
2491 1738
2491 1737
2491 1736
2492 1735
2493 1734
2493 1733
2494 1732
2495 1731
2495 1730
2496 1729
2497 1729
2497 1728
2498 1727
2499 1726
2499 1725
2500 1724
2500 1723
2500 1722
2500 1721
2501 1720
2501 1719
2501 1718
2501 1717
2502 1716
2502 1715
2502 1714
2502 1713
2502 1712
2502 1711
2502 1710
2502 1709
2502 1708
2502 1707
2502 1706
2502 1705
2502 1704
2502 1703
2502 1702
2502 1701
2502 1700
2502 1699
2502 1698
2502 1697
2502 1696
2502 1695
2502 1694
2502 1693
2502 1692
2502 1691
2501 1690
2501 1689
2501 1688
2501 1687
2500 1686
2500 1685
2500 1684
2500 1683
2500 1682
2500 1681
2500 1680
2500 1679
2500 1678
2500 1677
2500 1676
2500 1675
2500 1674
2500 1673
2500 1672
2500 1671
2500 1670
2500 1669
2499 1668
2499 1667
2499 1666
2499 1665
2498 1664
2498 1663
2498 1662
2498 1661
2498 1660
2498 1659
2498 1658
2498 1657
2498 1656
2498 1655
2498 1654
2498 1653
2498 1652
2498 1651
2498 1650
2498 1649
2497 1648
2497 1647
2497 1646
2497 1645
2496 1644
2495 1643
2495 1642
2495 1641
2494 1640
2493 1639
2492 1638
2491 1637
2491 1636
2490 1636
2489 1635
2489 1634
2488 1634
2487 1633
2487 1632
2486 1632
2485 1631
2485 1630
2484 1630
2483 1629
2483 1628
2482 1628
2481 1627
2481 1626
2480 1625
2479 1624
2479 1623
2478 1622
2477 1621
2476 1620
2475 1619
2475 1618
2474 1618
2473 1617
2472 1616
2471 1616
2470 1615
2469 1615
2468 1615
2467 1615
2466 1615
2465 1615
2464 1614
2463 1614
2462 1613
2461 1613
2460 1612
2459 1612
2458 1611
2457 1611
2456 1611
2455 1611
2454 1610
2453 1610
2452 1610
2451 1610
2450 1609
2449 1609
2448 1609
2447 1609
2446 1609
2445 1609
2444 1609
2443 1609
2442 1608
2441 1608
2440 1607
2439 1607
2438 1606
2437 1606
2436 1605
2435 1605
2434 1605
2433 1605
2432 1605
2431 1605
2430 1604
2429 1604
2428 1604
2427 1604
2426 1603
2425 1603
2424 1602
2423 1602
2422 1602
2421 1601
2420 1600
2419 1600
2418 1599
2417 1599
2416 1598
2415 1598
2414 1597
2413 1597
2412 1596
2411 1596
2410 1596
2409 1596
2408 1595
2407 1595
2406 1594
2405 1594
2404 1593
2403 1592
2402 1592
2401 1591
2401 1590
2400 1590
2399 1589
2399 1588
2398 1588
2397 1587
2397 1586
2396 1586
2395 1585
2394 1584
2393 1584
2392 1583
2391 1583
2390 1583
2389 1583
2388 1582
2387 1582
2386 1582
2385 1582
2384 1581
2383 1581
2382 1581
2381 1581
2380 1581
2379 1581
2378 1581
2377 1581
2376 1581
2375 1581
2374 1581
2373 1581
2372 1581
2371 1581
2370 1580
2369 1580
2368 1580
2367 1580
2366 1579
2365 1579
2364 1579
2363 1579
2362 1579
2361 1579
2360 1579
2359 1579
2358 1579
2357 1579
2356 1578
2355 1578
2354 1578
2353 1578
2352 1577
2351 1577
2350 1577
2349 1577
2348 1577
2347 1577
2346 1577
2345 1577
2344 1576
2343 1576
2342 1576
2341 1576
2340 1575
2339 1575
2338 1575
2337 1575
2336 1575
2335 1575
2334 1575
2333 1575
