949 499
948 500
947 500
946 500
945 500
944 501
943 501
942 501
941 501
940 501
939 501
938 501
937 501
936 501
935 501
934 501
933 501
932 501
931 501
930 501
929 501
928 501
927 501
926 501
925 501
924 501
923 501
922 502
921 502
920 502
919 502
918 503
917 503
916 503
915 503
914 503
913 503
912 503
911 503
910 503
909 503
908 503
907 503
906 503
905 503
904 503
903 503
902 503
901 503
900 503
899 503
898 503
897 503
896 503
895 503
894 503
893 503
892 503
891 503
890 502
889 502
888 502
887 502
886 501
885 501
884 501
883 501
882 501
881 501
880 501
879 501
878 501
877 501
876 501
875 501
874 501
873 501
872 501
871 501
870 501
869 501
868 501
867 501
866 501
865 501
864 501
863 501
862 501
861 501
860 501
859 501
858 501
857 501
856 501
855 501
854 501
853 501
852 501
851 501
850 501
849 501
848 501
847 501
846 501
845 501
844 501
843 501
842 501
841 501
840 502
839 502
838 502
837 502
836 503
835 504
834 504
833 504
832 505
831 505
830 505
829 505
828 506
827 506
826 507
825 508
824 509
824 510
823 511
822 512
822 513
821 514
820 514
819 515
818 516
817 516
816 517
815 517
814 517
813 517
812 517
811 517
810 517
809 517
808 517
807 517
806 518
805 518
804 519
803 519
802 520
801 520
800 521
799 522
798 523
797 524
796 524
796 525
795 526
794 527
794 528
793 529
793 530
794 531
794 532
794 533
794 534
795 535
796 536
797 537
798 538
798 539
799 539
800 540
800 541
801 541
802 542
802 543
803 543
804 544
804 545
805 545
806 546
806 547
807 547
808 548
809 549
810 550
811 551
812 551
813 552
814 553
815 553
816 554
816 555
817 555
818 556
818 557
819 557
820 558
821 559
822 559
823 560
824 560
825 561
826 561
827 562
828 563
829 563
830 564
830 565
831 565
832 566
832 567
833 567
834 568
834 569
835 569
836 570
836 571
837 571
838 572
838 573
839 573
840 574
840 575
841 575
842 576
842 577
843 577
844 578
844 579
845 579
846 580
846 581
847 581
848 582
848 583
849 583
850 584
850 585
851 585
852 586
853 587
854 588
855 589
856 589
857 590
858 591
859 591
860 592
860 593
861 594
862 595
862 596
863 597
864 598
865 599
866 600
866 601
867 601
868 602
868 603
869 603
870 604
870 605
871 605
872 606
872 607
873 607
874 608
874 609
875 609
876 610
876 611
877 611
878 612
878 613
879 613
880 614
880 615
881 615
882 616
882 617
883 617
884 618
885 619
886 620
887 621
888 621
889 622
890 623
891 623
892 624
892 625
893 625
894 626
894 627
895 627
896 628
896 629
897 629
898 630
898 631
899 631
900 632
901 633
902 633
903 634
904 634
905 634
906 634
907 634
908 634
909 634
910 634
911 634
912 634
913 634
914 634
915 634
916 634
917 634
918 634
919 633
920 633
921 632
922 632
923 631
924 631
925 630
926 630
927 630
928 630
929 629
930 629
931 629
932 629
933 628
934 627
935 627
936 627
937 626
938 626
939 625
940 625
941 625
942 625
943 624
944 623
945 623
946 623
947 622
948 622
949 622
950 622
951 622
952 622
953 621
954 621
955 621
956 621
957 620
958 620
959 620
960 620
961 620
962 620
963 620
964 620
965 620
966 620
967 620
968 620
969 620
970 620
971 620
972 620
973 620
974 620
975 620
976 620
977 620
978 620
979 620
980 620
981 620
982 620
983 620
984 620
985 620
986 620
987 620
988 620
989 620
990 620
991 620
992 620
993 620
994 620
995 620
996 620
997 620
998 620
999 620
1000 620
1001 619
1002 619
1003 619
1004 619
1005 618
1006 618
1007 618
1008 618
1009 618
1010 618
1011 618
1012 618
1013 618
1014 618
1015 618
1016 618
1017 618
1018 618
1019 618
1020 618
1021 618
1022 618
1023 618
1024 618
1025 618
1026 618
1027 618
1028 618
1029 618
1030 618
1031 618
1032 618
1033 618
1034 618
1035 618
1036 618
1037 619
1038 619
1039 619
1040 619
1041 620
1042 620
1043 620
1044 620
1045 620
1046 620
1047 620
1048 620
1049 619
1050 619
1051 619
1052 619
1053 618
1054 618
1055 618
1056 618
1057 618
1058 618
1059 618
1060 618
1061 618
1062 618
1063 618
1064 618
1065 618
1066 618
1067 618
1068 618
1069 618
1070 618
1071 618
1072 618
1073 618
1074 618
1075 618
1076 618
1077 618
1078 618
1079 618
1080 618
1081 618
1082 618
1083 618
1084 618
1085 618
1086 618
1087 618
1088 618
1089 618
1090 618
1091 618
1092 618
1093 618
1094 618
1095 617
1096 617
1097 617
1098 617
1099 616
1100 616
1101 616
1102 616
1103 616
1104 616
1105 616
1106 616
1107 616
1108 616
1109 616
1110 616
1111 616
1112 616
1113 615
1114 615
1115 615
1116 615
1117 614
1118 614
1119 614
1120 614
1121 614
1122 614
1123 614
1124 614
1125 613
1126 613
1127 612
1128 611
1129 611
1129 610
1130 609
1131 609
1131 608
1132 607
1133 607
1134 606
1135 605
1136 605
1137 604
1138 604
1139 604
1140 604
1141 604
1142 604
1143 604
1144 604
1145 603
1146 603
1147 603
1148 603
1149 602
1150 601
1151 601
1152 601
1153 600
1154 599
1155 599
1156 599
1157 598
1158 598
1159 598
1160 598
1161 598
1162 598
1163 597
1164 597
1165 597
1166 597
1167 596
1168 596
1169 595
1170 595
1171 594
1172 593
1173 592
1173 591
1173 590
1173 589
1174 588
1174 587
1175 586
1175 585
1175 584
1175 583
1176 582
1176 581
1177 580
1177 579
1178 578
1179 577
1179 576
1180 575
1181 574
1181 573
1182 572
1182 571
1182 570
1182 569
1182 568
1182 567
1182 566
1182 565
1182 564
1182 563
1182 562
1182 561
1182 560
1182 559
1182 558
1182 557
1181 556
1181 555
1180 554
1179 553
1178 552
1177 552
1176 551
1175 551
1174 551
1173 551
1172 550
1171 550
1170 549
1169 548
1168 548
1167 547
1167 546
1166 546
1165 545
1165 544
1164 544
1163 543
1163 542
1162 542
1161 541
1161 540
1160 539
1159 538
1159 537
1158 536
1157 535
1156 534
1155 533
1155 532
1154 532
1153 531
1153 530
1152 530
1151 529
1150 528
1149 528
1148 527
1147 527
1146 527
1145 527
1144 527
1143 527
1142 527
1141 527
1140 527
1139 527
1138 527
1137 527
1136 527
1135 527
1134 527
1133 527
1132 526
1131 526
1130 525
1129 524
1128 524
1127 523
1127 522
1126 522
1125 521
1125 520
1124 520
1123 519
1122 518
1121 517
1120 516
1119 516
1118 515
1117 515
1116 514
1115 513
1114 512
1113 512
1112 512
1111 511
1110 510
1109 510
1108 510
1107 510
1106 509
1105 509
1104 509
1103 509
1102 508
1101 508
1100 507
1099 507
1098 506
1097 506
1096 505
1095 505
1094 505
1093 505
1092 505
1091 505
1090 505
1089 505
1088 505
1087 505
1086 504
1085 504
1084 503
1083 503
1082 502
1081 502
1080 501
1079 501
1078 501
1077 501
1076 501
1075 501
1074 501
1073 501
1072 501
1071 501
1070 501
1069 501
1068 501
1067 501
1066 501
1065 501
1064 501
1063 501
1062 501
1061 501
1060 501
1059 501
1058 501
1057 501
1056 501
1055 501
1054 501
1053 501
1052 501
1051 501
1050 501
1049 501
1048 501
1047 501
1046 501
1045 501
1044 501
1043 501
1042 501
1041 501
1040 501
1039 501
1038 501
1037 501
1036 501
1035 501
1034 502
1033 502
1032 503
1031 504
1030 504
1029 505
1028 506
1027 506
1026 507
1025 507
1024 507
1023 507
1022 508
1021 508
1020 509
1019 509
1018 510
1017 510
1016 511
1015 511
1014 511
1013 511
1012 511
1011 511
1010 511
1009 511
1008 511
1007 511
1006 511
1005 511
1004 511
1003 511
1002 511
1001 511
1000 511
999 511
998 511
997 511
996 511
995 511
994 511
993 511
992 511
991 511
990 511
989 511
988 510
987 510
986 509
985 509
984 508
983 507
982 506
981 506
980 506
979 506
978 505
977 505
976 505
975 505
974 505
973 505
972 504
971 504
970 504
969 503
968 502
967 502
966 502
965 501
964 500
963 500
962 500
961 500
960 499
959 499
958 499
957 499
956 499
955 499
954 499
953 499
952 499
951 499
950 499
949 499
