781 1751
780 1752
779 1752
778 1753
777 1753
776 1754
775 1754
774 1755
773 1755
772 1755
771 1755
770 1755
769 1755
768 1755
767 1755
766 1755
765 1755
764 1755
763 1755
762 1755
761 1755
760 1755
759 1755
758 1755
757 1755
756 1755
755 1755
754 1755
753 1755
752 1756
751 1756
750 1757
749 1757
748 1758
747 1758
746 1759
745 1759
744 1759
743 1759
742 1759
741 1759
740 1759
739 1759
738 1759
737 1759
736 1759
735 1759
734 1759
733 1759
732 1759
731 1759
730 1759
729 1759
728 1759
727 1759
726 1759
725 1759
724 1759
723 1759
722 1759
721 1759
720 1759
719 1759
718 1759
717 1759
716 1759
715 1759
714 1759
713 1759
712 1759
711 1759
710 1759
709 1759
708 1759
707 1759
706 1760
705 1760
704 1760
703 1760
702 1761
701 1761
700 1761
699 1761
698 1761
697 1761
696 1761
695 1761
694 1762
693 1762
692 1762
691 1762
690 1763
689 1763
688 1763
687 1763
686 1763
685 1763
684 1763
683 1763
682 1763
681 1763
680 1763
679 1763
678 1763
677 1763
676 1764
675 1764
674 1764
673 1764
672 1765
671 1765
670 1765
669 1765
668 1765
667 1765
666 1765
665 1765
664 1766
663 1766
662 1766
661 1766
660 1767
659 1768
658 1768
657 1768
656 1769
655 1770
654 1770
653 1770
652 1771
651 1771
650 1771
649 1771
648 1771
647 1771
646 1771
645 1771
644 1771
643 1771
642 1771
641 1771
640 1771
639 1771
638 1771
637 1771
636 1771
635 1771
634 1771
633 1771
632 1772
631 1772
630 1773
629 1774
628 1775
628 1776
627 1777
627 1778
627 1779
627 1780
627 1781
627 1782
627 1783
627 1784
627 1785
627 1786
627 1787
627 1788
627 1789
627 1790
627 1791
627 1792
628 1793
628 1794
628 1795
628 1796
629 1797
629 1798
630 1799
630 1800
630 1801
630 1802
631 1803
632 1804
633 1805
633 1806
634 1807
634 1808
635 1809
635 1810
635 1811
635 1812
635 1813
635 1814
635 1815
635 1816
636 1817
636 1818
637 1819
638 1820
638 1821
639 1821
640 1822
640 1823
641 1823
642 1824
642 1825
643 1826
644 1827
644 1828
645 1829
646 1830
646 1831
646 1832
647 1833
647 1834
648 1835
648 1836
648 1837
648 1838
649 1839
650 1840
650 1841
650 1842
651 1843
652 1844
653 1845
653 1846
654 1847
654 1848
655 1849
655 1850
656 1851
656 1852
656 1853
656 1854
657 1855
657 1856
657 1857
657 1858
657 1859
657 1860
657 1861
657 1862
657 1863
657 1864
657 1865
657 1866
657 1867
657 1868
657 1869
657 1870
657 1871
657 1872
657 1873
657 1874
658 1875
658 1876
659 1877
660 1878
660 1879
661 1879
662 1880
662 1881
663 1881
664 1882
664 1883
665 1884
666 1885
666 1886
667 1887
667 1888
667 1889
667 1890
667 1891
667 1892
667 1893
667 1894
667 1895
667 1896
667 1897
667 1898
667 1899
667 1900
667 1901
667 1902
667 1903
667 1904
667 1905
667 1906
667 1907
667 1908
667 1909
667 1910
667 1911
667 1912
667 1913
667 1914
667 1915
667 1916
668 1917
668 1918
669 1919
670 1920
670 1921
671 1921
672 1922
672 1923
673 1924
674 1925
674 1926
675 1927
676 1928
677 1929
677 1930
678 1931
678 1932
679 1933
680 1934
681 1935
682 1936
682 1937
683 1938
684 1939
684 1940
685 1941
686 1942
687 1943
687 1944
688 1945
688 1946
689 1947
690 1948
691 1949
692 1950
692 1951
693 1951
694 1952
695 1953
696 1954
697 1955
698 1955
699 1955
700 1955
701 1956
702 1956
703 1956
704 1956
705 1956
706 1956
707 1956
708 1956
709 1956
710 1956
711 1956
712 1956
713 1956
714 1956
715 1956
716 1956
717 1955
718 1955
719 1955
720 1955
721 1954
722 1954
723 1953
724 1953
725 1952
726 1952
727 1951
728 1951
729 1950
730 1950
731 1949
732 1949
733 1948
734 1948
735 1947
736 1947
737 1946
738 1945
739 1945
740 1945
741 1944
742 1943
743 1943
744 1943
745 1942
746 1942
747 1942
748 1942
749 1942
750 1942
751 1942
752 1942
753 1943
754 1943
755 1943
756 1943
757 1944
758 1944
759 1945
760 1945
761 1946
762 1946
763 1947
764 1948
765 1949
766 1949
767 1949
768 1950
769 1951
770 1951
771 1951
772 1951
773 1952
774 1952
775 1953
776 1953
777 1954
778 1954
779 1955
780 1955
781 1956
782 1956
783 1956
784 1956
785 1956
786 1956
787 1956
788 1956
789 1956
790 1956
791 1957
792 1957
793 1957
794 1957
795 1958
796 1958
797 1958
798 1958
799 1958
800 1958
801 1958
802 1958
803 1958
804 1958
805 1958
806 1958
807 1957
808 1957
809 1957
810 1957
811 1956
812 1956
813 1956
814 1956
815 1957
816 1957
817 1957
818 1957
819 1958
820 1958
821 1958
822 1958
823 1958
824 1958
825 1958
826 1958
827 1958
828 1958
829 1958
830 1958
831 1959
832 1959
833 1959
834 1959
835 1960
836 1960
837 1960
838 1960
839 1960
840 1960
841 1960
842 1960
843 1960
844 1960
845 1960
846 1960
847 1959
848 1959
849 1959
850 1959
851 1958
852 1958
853 1958
854 1958
855 1958
856 1958
857 1958
858 1958
859 1958
860 1958
861 1957
862 1957
863 1957
864 1957
865 1956
866 1956
867 1956
868 1956
869 1956
870 1956
871 1956
872 1956
873 1955
874 1955
875 1955
876 1955
877 1954
878 1954
879 1954
880 1954
881 1954
882 1954
883 1953
884 1953
885 1952
886 1952
887 1951
888 1951
889 1950
890 1949
891 1949
892 1949
893 1948
894 1948
895 1947
896 1947
897 1946
898 1945
899 1945
900 1944
901 1943
902 1943
903 1942
904 1942
905 1942
906 1942
907 1941
908 1941
909 1941
910 1941
911 1940
912 1940
913 1940
914 1940
915 1939
916 1939
917 1939
918 1939
919 1938
920 1938
921 1938
922 1938
923 1938
924 1938
925 1938
926 1938
927 1938
928 1938
929 1938
930 1938
931 1938
932 1938
933 1938
934 1938
935 1938
936 1938
937 1938
938 1938
939 1938
940 1938
941 1938
942 1938
943 1938
944 1938
945 1938
946 1938
947 1938
948 1938
949 1938
950 1938
951 1938
952 1938
953 1938
954 1938
955 1937
956 1937
957 1937
958 1937
959 1936
960 1936
961 1937
962 1937
963 1937
964 1938
965 1939
966 1939
967 1939
968 1939
969 1940
970 1940
971 1940
972 1940
973 1940
974 1940
975 1939
976 1939
977 1938
978 1938
979 1937
980 1937
981 1936
982 1936
983 1935
984 1935
985 1935
986 1935
987 1934
988 1934
989 1934
990 1934
991 1934
992 1934
993 1934
994 1934
995 1934
996 1934
997 1934
998 1934
999 1934
1000 1934
1001 1934
1002 1934
1003 1934
1004 1934
1005 1935
1006 1935
1007 1935
1008 1935
1009 1936
1010 1936
1011 1936
1012 1936
1013 1937
1014 1937
1015 1937
1016 1937
1017 1938
1018 1938
1019 1938
1020 1938
1021 1938
1022 1938
1023 1938
1024 1938
1025 1938
1026 1938
1027 1938
1028 1938
1029 1938
1030 1938
1031 1938
1032 1938
1033 1938
1034 1938
1035 1938
1036 1938
1037 1938
1038 1938
1039 1938
1040 1938
1041 1938
1042 1938
1043 1938
1044 1938
1045 1938
1046 1938
1047 1937
1048 1937
1049 1937
1050 1937
1051 1936
1052 1935
1053 1934
1054 1933
1055 1933
1055 1932
1056 1931
1057 1930
1058 1929
1059 1928
1059 1927
1060 1926
1061 1925
1061 1924
1062 1923
1063 1923
1063 1922
1064 1921
1065 1921
1065 1920
1066 1919
1067 1919
1067 1918
1068 1917
1069 1916
1070 1915
1071 1914
1071 1913
1072 1912
1073 1911
1074 1911
1075 1910
1076 1909
1077 1908
1078 1907
1079 1907
1079 1906
1080 1905
1081 1905
1081 1904
1082 1903
1083 1903
1083 1902
1084 1901
1085 1901
1085 1900
1086 1899
1087 1899
1087 1898
1088 1897
1089 1897
1090 1896
1091 1895
1092 1895
1093 1894
1094 1894
1095 1893
1096 1893
1097 1892
1098 1891
1099 1891
1099 1890
1100 1889
1101 1889
1101 1888
1102 1887
1103 1887
1104 1886
1105 1885
1106 1885
1107 1884
1108 1884
1109 1884
1110 1884
1111 1883
1112 1883
1113 1882
1114 1881
1115 1880
1115 1879
1116 1878
1116 1877
1116 1876
1116 1875
1116 1874
1116 1873
1116 1872
1116 1871
1116 1870
1116 1869
1116 1868
1116 1867
1116 1866
1116 1865
1116 1864
1116 1863
1116 1862
1116 1861
1116 1860
1116 1859
1115 1858
1115 1857
1115 1856
1115 1855
1114 1854
1113 1853
1113 1852
1113 1851
1112 1850
1112 1849
1112 1848
1112 1847
1112 1846
1112 1845
1111 1844
1111 1843
1111 1842
1111 1841
1110 1840
1110 1839
1110 1838
1110 1837
1110 1836
1110 1835
1110 1834
1110 1833
1110 1832
1110 1831
1109 1830
1109 1829
1109 1828
1109 1827
1108 1826
1108 1825
1108 1824
1108 1823
1108 1822
1108 1821
1108 1820
1108 1819
1108 1818
1108 1817
1107 1816
1107 1815
1107 1814
1107 1813
1106 1812
1106 1811
1106 1810
1106 1809
1105 1808
1105 1807
1104 1806
1103 1805
1102 1804
1101 1804
1100 1803
1099 1803
1098 1803
1097 1803
1096 1803
1095 1803
1094 1803
1093 1803
1092 1802
1091 1802
1090 1802
1089 1802
1088 1801
1087 1801
1086 1800
1085 1800
1084 1800
1083 1800
1082 1799
1081 1799
1080 1799
1079 1799
1078 1798
1077 1798
1076 1797
1075 1796
1074 1796
1073 1795
1073 1794
1072 1794
1071 1793
1071 1792
1070 1792
1069 1791
1069 1790
1068 1790
1067 1789
1066 1788
1065 1788
1064 1787
1063 1787
1062 1787
1061 1787
1060 1787
1059 1787
1058 1787
1057 1787
1056 1786
1055 1786
1054 1786
1053 1786
1052 1785
1051 1785
1050 1784
1049 1784
1048 1784
1047 1784
1046 1783
1045 1783
1044 1782
1043 1782
1042 1782
1041 1782
1040 1781
1039 1781
1038 1781
1037 1781
1036 1781
1035 1781
1034 1781
1033 1781
1032 1781
1031 1781
1030 1781
1029 1781
1028 1780
1027 1780
1026 1780
1025 1779
1024 1778
1023 1778
1022 1778
1021 1778
1020 1777
1019 1777
1018 1777
1017 1777
1016 1777
1015 1777
1014 1777
1013 1777
1012 1776
1011 1776
1010 1776
1009 1776
1008 1775
1007 1775
1006 1775
1005 1775
1004 1775
1003 1775
1002 1775
1001 1775
1000 1775
999 1775
998 1775
997 1775
996 1775
995 1775
994 1775
993 1775
992 1775
991 1775
990 1775
989 1775
988 1775
987 1775
986 1774
985 1774
984 1774
983 1774
982 1773
981 1773
980 1772
979 1772
978 1772
977 1772
976 1771
975 1771
974 1771
973 1771
972 1771
971 1771
970 1771
969 1771
968 1771
967 1771
966 1770
965 1770
964 1770
963 1770
962 1769
961 1769
960 1769
959 1769
958 1769
957 1769
956 1768
955 1768
954 1768
953 1768
952 1767
951 1767
950 1767
949 1767
948 1767
947 1767
946 1767
945 1767
944 1767
943 1767
942 1767
941 1767
940 1768
939 1768
938 1768
937 1768
936 1769
935 1769
934 1769
933 1769
932 1769
931 1769
930 1769
929 1769
928 1770
927 1770
926 1771
925 1771
924 1772
923 1772
922 1773
921 1773
920 1773
919 1773
918 1773
917 1773
916 1772
915 1772
914 1772
913 1772
912 1771
911 1771
910 1770
909 1770
908 1770
907 1770
906 1769
905 1769
904 1769
903 1769
902 1769
901 1769
900 1769
899 1769
898 1769
897 1769
896 1769
895 1769
894 1769
893 1769
892 1769
891 1769
890 1768
889 1768
888 1768
887 1768
886 1767
885 1767
884 1767
883 1767
882 1766
881 1766
880 1766
879 1765
878 1764
877 1764
876 1764
875 1764
874 1763
873 1763
872 1763
871 1763
870 1763
869 1763
868 1762
867 1762
866 1762
865 1762
864 1761
863 1761
862 1761
861 1761
860 1761
859 1761
858 1760
857 1760
856 1760
855 1760
854 1759
853 1759
852 1759
851 1759
850 1759
849 1759
848 1759
847 1759
846 1759
845 1759
844 1758
843 1758
842 1758
841 1757
840 1756
839 1756
838 1756
837 1755
836 1754
835 1754
834 1754
833 1754
832 1753
831 1753
830 1752
829 1752
828 1752
827 1752
826 1751
825 1751
824 1751
823 1751
822 1751
821 1751
820 1751
819 1751
818 1751
817 1751
816 1751
815 1751
814 1751
813 1751
812 1751
811 1751
810 1751
809 1751
808 1751
807 1751
806 1751
805 1751
804 1751
803 1751
802 1751
801 1751
800 1751
799 1751
798 1751
797 1751
796 1751
795 1751
794 1751
793 1751
792 1751
791 1751
790 1751
789 1751
788 1751
787 1751
786 1751
785 1751
784 1751
783 1751
782 1751
781 1751
