795 3405
794 3406
793 3406
792 3407
791 3407
790 3408
789 3408
788 3409
787 3410
786 3410
785 3410
784 3411
783 3412
782 3412
781 3412
780 3413
779 3414
778 3414
777 3414
776 3415
775 3415
774 3415
773 3415
772 3416
771 3416
770 3416
769 3416
768 3417
767 3418
766 3418
765 3418
764 3419
763 3419
762 3419
761 3419
760 3419
759 3419
758 3419
757 3419
756 3419
755 3419
754 3419
753 3419
752 3419
751 3419
750 3419
749 3419
748 3419
747 3419
746 3419
745 3419
744 3419
743 3419
742 3419
741 3419
740 3419
739 3419
738 3420
737 3420
736 3420
735 3420
734 3421
733 3421
732 3421
731 3421
730 3421
729 3421
728 3420
727 3420
726 3419
725 3419
724 3418
723 3418
722 3417
721 3417
720 3417
719 3417
718 3417
717 3417
716 3417
715 3417
714 3417
713 3417
712 3417
711 3417
710 3417
709 3417
708 3417
707 3417
706 3417
705 3417
704 3417
703 3417
702 3417
701 3417
700 3418
699 3418
698 3418
697 3418
696 3419
695 3419
694 3420
693 3420
692 3421
691 3421
690 3422
689 3422
688 3423
687 3424
686 3424
685 3424
684 3425
683 3425
682 3425
681 3425
680 3425
679 3425
678 3426
677 3426
676 3426
675 3426
674 3427
673 3428
672 3429
671 3430
670 3430
670 3431
669 3432
668 3432
668 3433
667 3434
666 3434
666 3435
665 3436
664 3436
664 3437
663 3438
662 3438
662 3439
661 3440
660 3440
660 3441
659 3442
658 3442
658 3443
657 3444
656 3444
656 3445
655 3446
654 3446
654 3447
653 3448
652 3448
652 3449
651 3450
650 3450
650 3451
649 3452
648 3453
647 3454
646 3455
646 3456
646 3457
646 3458
645 3459
645 3460
645 3461
645 3462
646 3463
646 3464
647 3465
648 3466
649 3467
650 3467
651 3467
652 3468
653 3469
654 3469
655 3470
656 3471
657 3471
658 3472
658 3473
659 3473
660 3474
660 3475
661 3475
662 3476
662 3477
663 3477
664 3478
664 3479
665 3479
666 3480
666 3481
667 3481
668 3482
668 3483
669 3483
670 3484
670 3485
671 3485
672 3486
672 3487
673 3488
674 3489
674 3490
675 3491
676 3492
677 3493
678 3494
678 3495
679 3496
680 3497
680 3498
681 3499
682 3500
683 3501
683 3502
684 3503
684 3504
685 3505
686 3506
687 3507
688 3508
688 3509
689 3509
690 3510
691 3511
692 3512
693 3513
694 3513
695 3514
696 3514
697 3515
698 3516
699 3517
700 3517
701 3517
702 3517
703 3518
704 3518
705 3519
706 3519
707 3519
708 3519
709 3520
710 3520
711 3520
712 3520
713 3521
714 3521
715 3521
716 3522
717 3523
718 3523
719 3523
720 3523
721 3524
722 3524
723 3525
724 3525
725 3525
726 3525
727 3526
728 3526
729 3526
730 3526
731 3526
732 3526
733 3526
734 3526
735 3526
736 3526
737 3526
738 3526
739 3526
740 3526
741 3526
742 3526
743 3526
744 3526
745 3526
746 3526
747 3527
748 3527
749 3527
750 3527
751 3528
752 3528
753 3528
754 3528
755 3528
756 3528
757 3529
758 3529
759 3529
760 3529
761 3530
762 3530
763 3530
764 3530
765 3530
766 3530
767 3530
768 3530
769 3530
770 3530
771 3530
772 3530
773 3530
774 3530
775 3531
776 3531
777 3532
778 3532
779 3533
780 3534
781 3535
782 3535
783 3535
784 3536
785 3537
786 3537
787 3537
788 3537
789 3538
790 3538
791 3538
792 3538
793 3538
794 3538
795 3538
796 3538
797 3538
798 3538
799 3538
800 3538
801 3538
802 3538
803 3538
804 3538
805 3538
806 3538
807 3538
808 3538
809 3538
810 3538
811 3537
812 3537
813 3537
814 3537
815 3536
816 3536
817 3536
818 3536
819 3536
820 3536
821 3536
822 3536
823 3536
824 3536
825 3536
826 3536
827 3536
828 3536
829 3536
830 3536
831 3536
832 3536
833 3536
834 3536
835 3536
836 3536
837 3536
838 3536
839 3535
840 3535
841 3535
842 3535
843 3534
844 3534
845 3534
846 3534
847 3533
848 3533
849 3532
850 3532
851 3531
852 3531
853 3530
854 3530
855 3530
856 3530
857 3530
858 3530
859 3530
860 3530
861 3530
862 3530
863 3530
864 3530
865 3530
866 3530
867 3530
868 3530
869 3529
870 3529
871 3528
872 3527
873 3527
873 3526
874 3525
875 3525
875 3524
876 3523
877 3522
878 3521
879 3520
879 3519
879 3518
880 3517
881 3516
882 3515
883 3514
884 3513
885 3513
886 3513
887 3512
888 3511
889 3511
890 3511
891 3510
892 3509
893 3508
894 3508
895 3507
896 3507
897 3506
898 3506
899 3506
900 3506
901 3505
902 3505
903 3504
904 3503
905 3503
906 3502
907 3501
908 3501
909 3500
910 3499
911 3499
912 3499
913 3498
914 3498
915 3498
916 3498
917 3498
918 3498
919 3498
920 3498
921 3497
922 3497
923 3497
924 3497
925 3496
926 3495
927 3494
928 3493
929 3493
929 3492
930 3491
931 3491
931 3490
932 3489
933 3489
933 3488
934 3487
935 3486
935 3485
936 3484
936 3483
936 3482
936 3481
936 3480
936 3479
937 3478
937 3477
937 3476
937 3475
938 3474
938 3473
938 3472
938 3471
938 3470
938 3469
937 3468
937 3467
937 3466
937 3465
936 3464
936 3463
936 3462
936 3461
936 3460
936 3459
936 3458
936 3457
936 3456
936 3455
936 3454
936 3453
936 3452
936 3451
935 3450
935 3449
934 3448
933 3447
932 3446
931 3446
930 3446
929 3445
928 3444
927 3444
926 3444
925 3443
924 3442
923 3442
922 3441
921 3440
920 3440
919 3439
919 3438
918 3438
917 3437
916 3436
915 3435
914 3434
913 3434
912 3433
911 3432
910 3432
909 3431
909 3430
908 3430
907 3429
907 3428
906 3428
905 3427
905 3426
904 3426
903 3425
903 3424
902 3424
901 3423
900 3422
899 3421
898 3420
897 3420
896 3419
895 3419
894 3418
893 3418
892 3417
891 3417
890 3417
889 3417
888 3417
887 3417
886 3416
885 3416
884 3415
883 3415
882 3414
881 3413
880 3412
879 3412
878 3412
877 3411
876 3410
875 3410
874 3410
873 3410
872 3409
871 3409
870 3409
869 3409
868 3409
867 3409
866 3409
865 3409
864 3409
863 3409
862 3410
861 3410
860 3410
859 3410
858 3411
857 3411
856 3411
855 3411
854 3411
853 3411
852 3411
851 3411
850 3411
849 3411
848 3410
847 3410
846 3410
845 3409
844 3408
843 3408
842 3408
841 3408
840 3407
839 3407
838 3407
837 3407
836 3407
835 3407
834 3407
833 3407
832 3407
831 3407
830 3407
829 3407
828 3407
827 3407
826 3407
825 3407
824 3407
823 3407
822 3407
821 3407
820 3407
819 3407
818 3407
817 3407
816 3408
815 3408
814 3408
813 3408
812 3409
811 3409
810 3409
809 3409
808 3408
807 3408
806 3408
805 3407
804 3406
803 3406
802 3406
801 3406
800 3405
799 3405
798 3405
797 3405
796 3405
795 3405
