927 4175
926 4176
925 4176
924 4176
923 4176
922 4177
921 4177
920 4177
919 4177
918 4177
917 4177
916 4178
915 4178
914 4179
913 4179
912 4180
911 4180
910 4181
909 4181
908 4181
907 4181
906 4181
905 4181
904 4181
903 4181
902 4181
901 4181
900 4182
899 4182
898 4182
897 4182
896 4183
895 4183
894 4183
893 4183
892 4183
891 4183
890 4184
889 4184
888 4184
887 4184
886 4185
885 4186
884 4186
883 4186
882 4187
881 4188
880 4188
879 4188
878 4189
877 4190
876 4191
875 4191
874 4192
873 4192
872 4193
871 4193
870 4194
869 4194
868 4194
867 4194
866 4195
865 4195
864 4195
863 4195
862 4195
861 4195
860 4195
859 4195
858 4195
857 4195
856 4195
855 4195
854 4195
853 4195
852 4196
851 4196
850 4196
849 4196
848 4197
847 4197
846 4198
845 4198
844 4198
843 4198
842 4199
841 4199
840 4199
839 4199
838 4199
837 4199
836 4200
835 4200
834 4200
833 4200
832 4201
831 4201
830 4201
829 4201
828 4201
827 4201
826 4201
825 4201
824 4201
823 4201
822 4202
821 4202
820 4202
819 4202
818 4203
817 4203
816 4203
815 4203
814 4203
813 4203
812 4204
811 4204
810 4204
809 4204
808 4205
807 4205
806 4206
805 4206
804 4206
803 4206
802 4207
801 4207
800 4207
799 4207
798 4207
797 4207
796 4207
795 4207
794 4207
793 4207
792 4207
791 4207
790 4207
789 4207
788 4207
787 4207
786 4207
785 4207
784 4207
783 4207
782 4207
781 4207
780 4207
779 4207
778 4207
777 4207
776 4207
775 4207
774 4207
773 4207
772 4207
771 4207
770 4207
769 4207
768 4207
767 4207
766 4207
765 4207
764 4207
763 4207
762 4208
761 4208
760 4208
759 4208
758 4209
757 4209
756 4209
755 4209
754 4209
753 4209
752 4209
751 4209
750 4209
749 4209
748 4209
747 4209
746 4209
745 4209
744 4209
743 4209
742 4209
741 4209
740 4209
739 4209
738 4209
737 4209
736 4209
735 4209
734 4209
733 4209
732 4208
731 4208
730 4208
729 4208
728 4207
727 4207
726 4207
725 4207
724 4207
723 4207
722 4207
721 4207
720 4207
719 4207
718 4206
717 4206
716 4206
715 4206
714 4205
713 4205
712 4205
711 4205
710 4204
709 4204
708 4204
707 4204
706 4203
705 4203
704 4203
703 4203
702 4203
701 4203
700 4202
699 4202
698 4202
697 4202
696 4201
695 4201
694 4200
693 4200
692 4200
691 4200
690 4199
689 4199
688 4199
687 4199
686 4199
685 4199
684 4199
683 4199
682 4199
681 4199
680 4199
679 4199
678 4199
677 4199
676 4198
675 4198
674 4198
673 4198
672 4197
671 4197
670 4197
669 4197
668 4197
667 4197
666 4198
665 4198
664 4198
663 4198
662 4199
661 4199
660 4199
659 4199
658 4199
657 4199
656 4200
655 4200
654 4200
653 4200
652 4201
651 4201
650 4201
649 4201
648 4202
647 4202
646 4202
645 4202
644 4203
643 4204
642 4204
641 4204
640 4205
639 4206
638 4207
637 4208
636 4209
636 4210
635 4211
635 4212
634 4213
634 4214
634 4215
633 4216
632 4217
632 4218
632 4219
631 4220
630 4221
630 4222
629 4223
628 4224
628 4225
627 4226
626 4226
626 4227
625 4228
624 4229
623 4230
622 4231
622 4232
621 4233
620 4234
619 4235
618 4236
617 4236
616 4237
615 4238
614 4239
613 4240
612 4241
612 4242
611 4243
610 4244
609 4245
608 4246
607 4246
606 4247
605 4248
604 4249
603 4250
602 4250
601 4251
600 4252
599 4252
598 4253
597 4254
596 4254
595 4254
594 4255
593 4256
592 4256
591 4256
590 4257
589 4257
588 4257
587 4257
586 4258
585 4258
584 4258
583 4258
582 4259
581 4260
580 4261
579 4262
578 4263
578 4264
577 4265
577 4266
577 4267
577 4268
577 4269
577 4270
577 4271
577 4272
577 4273
577 4274
577 4275
577 4276
577 4277
577 4278
577 4279
577 4280
577 4281
577 4282
576 4283
576 4284
576 4285
576 4286
575 4287
575 4288
575 4289
575 4290
575 4291
575 4292
575 4293
575 4294
576 4295
576 4296
576 4297
576 4298
577 4299
577 4300
577 4301
577 4302
577 4303
577 4304
577 4305
577 4306
577 4307
577 4308
577 4309
577 4310
577 4311
577 4312
577 4313
577 4314
577 4315
577 4316
578 4317
578 4318
578 4319
578 4320
579 4321
579 4322
579 4323
579 4324
579 4325
579 4326
579 4327
579 4328
579 4329
579 4330
579 4331
579 4332
579 4333
579 4334
579 4335
579 4336
579 4337
579 4338
579 4339
579 4340
579 4341
579 4342
579 4343
579 4344
579 4345
579 4346
579 4347
579 4348
579 4349
579 4350
579 4351
579 4352
579 4353
579 4354
579 4355
579 4356
579 4357
579 4358
579 4359
579 4360
580 4361
580 4362
580 4363
580 4364
581 4365
581 4366
581 4367
581 4368
581 4369
581 4370
581 4371
581 4372
581 4373
581 4374
581 4375
581 4376
581 4377
581 4378
581 4379
581 4380
580 4381
580 4382
580 4383
580 4384
579 4385
579 4386
579 4387
579 4388
579 4389
579 4390
579 4391
579 4392
579 4393
579 4394
579 4395
579 4396
580 4397
580 4398
581 4399
582 4400
583 4401
584 4401
585 4402
586 4402
587 4403
588 4403
589 4404
590 4404
591 4404
592 4404
593 4404
594 4404
595 4404
596 4404
597 4405
598 4405
599 4405
600 4406
601 4407
602 4407
603 4407
604 4407
605 4408
606 4408
607 4409
608 4409
609 4410
610 4410
611 4411
612 4411
613 4412
614 4412
615 4412
616 4412
617 4412
618 4412
619 4412
620 4412
621 4413
622 4413
623 4413
624 4413
625 4414
626 4414
627 4415
628 4415
629 4415
630 4415
631 4416
632 4416
633 4416
634 4416
635 4416
636 4416
637 4416
638 4416
639 4417
640 4417
641 4418
642 4418
643 4419
644 4419
645 4420
646 4420
647 4420
648 4420
649 4420
650 4420
651 4421
652 4421
653 4422
654 4422
655 4423
656 4423
657 4424
658 4424
659 4425
660 4425
661 4426
662 4426
663 4427
664 4427
665 4428
666 4428
667 4429
668 4429
669 4430
670 4430
671 4431
672 4431
673 4432
674 4432
675 4433
676 4433
677 4434
678 4434
679 4435
680 4435
681 4436
682 4436
683 4436
684 4436
685 4437
686 4437
687 4437
688 4438
689 4439
690 4439
691 4439
692 4439
693 4440
694 4440
695 4440
696 4440
697 4441
698 4441
699 4441
700 4441
701 4442
702 4442
703 4442
704 4442
705 4442
706 4442
707 4443
708 4443
709 4443
710 4443
711 4444
712 4444
713 4444
714 4444
715 4444
716 4444
717 4444
718 4444
719 4445
720 4445
721 4446
722 4447
723 4447
724 4448
725 4449
726 4450
727 4451
728 4451
729 4451
730 4451
731 4452
732 4452
733 4452
734 4452
735 4453
736 4453
737 4453
738 4453
739 4454
740 4454
741 4454
742 4454
743 4454
744 4454
745 4454
746 4454
747 4454
748 4454
749 4454
750 4454
751 4454
752 4454
753 4454
754 4454
755 4454
756 4454
757 4454
758 4454
759 4455
760 4455
761 4455
762 4456
763 4457
764 4457
765 4457
766 4457
767 4458
768 4458
769 4458
770 4458
771 4458
772 4458
773 4458
774 4458
775 4459
776 4459
777 4459
778 4459
779 4460
780 4460
781 4460
782 4460
783 4461
784 4461
785 4461
786 4462
787 4463
788 4463
789 4463
790 4463
791 4464
792 4464
793 4464
794 4464
795 4463
796 4463
797 4463
798 4463
799 4462
800 4462
801 4462
802 4462
803 4462
804 4462
805 4463
806 4463
807 4463
808 4464
809 4465
810 4465
811 4466
812 4466
813 4467
814 4467
815 4468
816 4468
817 4468
818 4468
819 4468
820 4468
821 4468
822 4468
823 4468
824 4468
825 4468
826 4468
827 4468
828 4468
829 4468
830 4468
831 4468
832 4468
833 4468
834 4468
835 4468
836 4468
837 4468
838 4468
839 4468
840 4468
841 4468
842 4468
843 4468
844 4468
845 4468
846 4468
847 4468
848 4468
849 4468
850 4468
851 4468
852 4468
853 4468
854 4468
855 4468
856 4468
857 4468
858 4468
859 4468
860 4468
861 4468
862 4468
863 4468
864 4468
865 4468
866 4468
867 4468
868 4468
869 4468
870 4468
871 4468
872 4468
873 4468
874 4468
875 4468
876 4468
877 4468
878 4468
879 4468
880 4468
881 4468
882 4468
883 4468
884 4468
885 4468
886 4468
887 4468
888 4468
889 4468
890 4468
891 4468
892 4468
893 4468
894 4468
895 4469
896 4469
897 4470
898 4470
899 4471
900 4471
901 4472
902 4472
903 4473
904 4473
905 4473
906 4473
907 4474
908 4474
909 4474
910 4474
911 4475
912 4475
913 4475
914 4476
915 4477
916 4477
917 4477
918 4477
919 4478
920 4478
921 4478
922 4478
923 4478
924 4478
925 4478
926 4478
927 4478
928 4478
929 4478
930 4478
931 4478
932 4478
933 4478
934 4478
935 4478
936 4478
937 4477
938 4477
939 4477
940 4477
941 4476
942 4476
943 4476
944 4476
945 4476
946 4476
947 4476
948 4476
949 4476
950 4476
951 4476
952 4476
953 4476
954 4476
955 4476
956 4476
957 4475
958 4475
959 4475
960 4475
961 4474
962 4473
963 4473
964 4473
965 4472
966 4471
967 4471
968 4471
969 4470
970 4470
971 4470
972 4470
973 4470
974 4470
975 4470
976 4470
977 4470
978 4470
979 4470
980 4470
981 4470
982 4470
983 4470
984 4470
985 4469
986 4469
987 4469
988 4469
989 4468
990 4467
991 4466
992 4465
993 4465
993 4464
994 4463
995 4463
996 4462
997 4461
998 4461
999 4460
1000 4459
1001 4458
1002 4458
1003 4457
1004 4457
1005 4456
1006 4456
1007 4455
1008 4455
1009 4454
1010 4453
1011 4453
1011 4452
1012 4451
1013 4451
1013 4450
1014 4449
1015 4449
1015 4448
1016 4447
1017 4447
1017 4446
1018 4445
1019 4445
1019 4444
1020 4443
1021 4443
1021 4442
1022 4441
1023 4441
1023 4440
1024 4439
1025 4439
1026 4438
1027 4437
1028 4437
1029 4436
1030 4436
1031 4436
1032 4436
1033 4436
1034 4436
1035 4436
1036 4436
1037 4435
1038 4435
1039 4434
1040 4433
1041 4433
1041 4432
1042 4431
1043 4431
1044 4430
1045 4429
1046 4429
1047 4428
1048 4427
1049 4426
1050 4426
1051 4425
1052 4425
1053 4424
1054 4424
1055 4424
1056 4424
1057 4424
1058 4424
1059 4424
1060 4424
1061 4424
1062 4424
1063 4424
1064 4424
1065 4424
1066 4424
1067 4424
1068 4424
1069 4424
1070 4424
1071 4424
1072 4424
1073 4424
1074 4424
1075 4424
1076 4424
1077 4425
1078 4425
1079 4425
1080 4425
1081 4426
1082 4426
1083 4426
1084 4426
1085 4426
1086 4426
1087 4426
1088 4426
1089 4426
1090 4426
1091 4426
1092 4426
1093 4427
1094 4427
1095 4427
1096 4427
1097 4428
1098 4428
1099 4428
1100 4428
1101 4428
1102 4428
1103 4429
1104 4429
1105 4429
1106 4429
1107 4430
1108 4430
1109 4431
1110 4431
1111 4431
1112 4431
1113 4432
1114 4432
1115 4432
1116 4432
1117 4432
1118 4432
1119 4433
1120 4433
1121 4433
1122 4433
1123 4434
1124 4434
1125 4434
1126 4434
1127 4434
1128 4434
1129 4434
1130 4434
1131 4435
1132 4435
1133 4435
1134 4435
1135 4435
1136 4435
1137 4434
1138 4433
1139 4433
1140 4432
1141 4431
1142 4431
1143 4431
1144 4431
1145 4431
1146 4431
1147 4432
1148 4432
1149 4431
1150 4431
1151 4430
1152 4429
1153 4429
1153 4428
1154 4427
1155 4427
1155 4426
1156 4425
1157 4424
1158 4423
1159 4422
1159 4421
1159 4420
1159 4419
1160 4418
1160 4417
1161 4416
1161 4415
1161 4414
1162 4413
1163 4412
1163 4411
1164 4410
1164 4409
1165 4408
1165 4407
1166 4406
1166 4405
1166 4404
1166 4403
1166 4402
1166 4401
1167 4400
1167 4399
1167 4398
1167 4397
1168 4396
1168 4395
1168 4394
1168 4393
1168 4392
1168 4391
1168 4390
1168 4389
1168 4388
1168 4387
1167 4386
1167 4385
1167 4384
1167 4383
1166 4382
1166 4381
1165 4380
1165 4379
1165 4378
1165 4377
1164 4376
1164 4375
1164 4374
1164 4373
1163 4372
1163 4371
1163 4370
1163 4369
1162 4368
1161 4367
1161 4366
1161 4365
1160 4364
1160 4363
1159 4362
1159 4361
1159 4360
1159 4359
1158 4358
1157 4357
1157 4356
1157 4355
1156 4354
1156 4353
1155 4352
1155 4351
1155 4350
1155 4349
1154 4348
1153 4347
1153 4346
1153 4345
1152 4344
1152 4343
1151 4342
1151 4341
1151 4340
1151 4339
1150 4338
1150 4337
1149 4336
1149 4335
1149 4334
1149 4333
1148 4332
1147 4331
1147 4330
1147 4329
1146 4328
1145 4327
1145 4326
1145 4325
1144 4324
1144 4323
1143 4322
1143 4321
1143 4320
1143 4319
1142 4318
1142 4317
1141 4316
1141 4315
1141 4314
1141 4313
1140 4312
1139 4311
1139 4310
1139 4309
1138 4308
1137 4307
1137 4306
1137 4305
1136 4304
1135 4303
1135 4302
1135 4301
1134 4300
1133 4299
1133 4298
1133 4297
1132 4296
1131 4295
1131 4294
1131 4293
1130 4292
1129 4291
1128 4290
1127 4289
1127 4288
1126 4288
1125 4287
1125 4286
1124 4286
1123 4285
1123 4284
1122 4283
1121 4282
1121 4281
1120 4280
1119 4279
1119 4278
1119 4277
1118 4276
1118 4275
1117 4274
1117 4273
1116 4272
1115 4271
1115 4270
1114 4270
1113 4269
1113 4268
1112 4268
1111 4267
1111 4266
1110 4266
1109 4265
1109 4264
1108 4264
1107 4263
1107 4262
1106 4262
1105 4261
1104 4260
1103 4259
1102 4258
1101 4258
1100 4257
1099 4257
1098 4256
1097 4256
1096 4255
1095 4255
1094 4255
1093 4255
1092 4255
1091 4255
1090 4255
1089 4255
1088 4254
1087 4254
1086 4253
1085 4252
1084 4252
1083 4251
1083 4250
1082 4250
1081 4249
1081 4248
1080 4248
1079 4247
1079 4246
1078 4246
1077 4245
1077 4244
1076 4244
1075 4243
1075 4242
1074 4242
1073 4241
1073 4240
1072 4240
1071 4239
1071 4238
1070 4238
1069 4237
1069 4236
1068 4236
1067 4235
1067 4234
1066 4234
1065 4233
1065 4232
1064 4232
1063 4231
1063 4230
1062 4230
1061 4229
1061 4228
1060 4228
1059 4227
1059 4226
1058 4226
1057 4225
1057 4224
1056 4224
1055 4223
1054 4222
1053 4222
1052 4221
1051 4221
1050 4220
1049 4220
1048 4220
1047 4219
1046 4218
1045 4218
1044 4217
1043 4217
1042 4216
1041 4215
1040 4214
1039 4214
1038 4213
1037 4212
1036 4212
1035 4211
1034 4210
1033 4209
1032 4208
1031 4208
1030 4208
1029 4207
1028 4206
1027 4206
1026 4206
1025 4205
1024 4204
1023 4204
1022 4203
1021 4203
1020 4202
1019 4201
1018 4200
1017 4200
1016 4199
1015 4198
1014 4198
1013 4197
1013 4196
1012 4196
1011 4195
1011 4194
1010 4194
1009 4193
1009 4192
1008 4192
1007 4191
1006 4190
1005 4189
1004 4188
1003 4188
1002 4188
1001 4188
1000 4187
999 4187
998 4187
997 4187
996 4187
995 4187
994 4186
993 4186
992 4186
991 4186
990 4185
989 4185
988 4185
987 4185
986 4185
985 4185
984 4185
983 4185
982 4185
981 4185
980 4185
979 4185
978 4184
977 4184
976 4183
975 4183
974 4182
973 4182
972 4181
971 4181
970 4181
969 4181
968 4181
967 4181
966 4181
965 4181
964 4180
963 4180
962 4180
961 4180
960 4179
959 4179
958 4178
957 4178
956 4178
955 4178
954 4177
953 4177
952 4176
951 4176
950 4176
949 4176
948 4175
947 4175
946 4175
945 4175
944 4175
943 4175
942 4175
941 4175
940 4175
939 4175
938 4175
937 4175
936 4175
935 4175
934 4175
933 4175
932 4175
931 4175
930 4175
929 4175
928 4175
927 4175
