2651 1201
2650 1202
2649 1202
2648 1203
2647 1204
2646 1204
2646 1205
2645 1206
2644 1206
2643 1207
2642 1208
2641 1208
2640 1209
2639 1210
2638 1210
2637 1210
2636 1211
2635 1212
2634 1212
2633 1212
2632 1213
2631 1213
2630 1213
2629 1213
2628 1213
2627 1213
2626 1213
2625 1213
2624 1213
2623 1213
2622 1213
2621 1213
2620 1213
2619 1213
2618 1214
2617 1214
2616 1214
2615 1214
2614 1215
2613 1216
2612 1217
2611 1218
2610 1218
2610 1219
2609 1220
2608 1220
2608 1221
2607 1222
2606 1222
2606 1223
2605 1224
2604 1224
2603 1225
2602 1226
2601 1226
2600 1227
2599 1227
2598 1227
2597 1227
2596 1227
2595 1227
2594 1227
2593 1227
2592 1227
2591 1227
2590 1227
2589 1227
2588 1227
2587 1227
2586 1227
2585 1227
2584 1227
2583 1227
2582 1227
2581 1227
2580 1227
2579 1227
2578 1228
2577 1228
2576 1228
2575 1228
2574 1229
2573 1229
2572 1229
2571 1229
2570 1230
2569 1230
2568 1230
2567 1230
2566 1231
2565 1231
2564 1231
2563 1231
2562 1231
2561 1231
2560 1232
2559 1232
2558 1232
2557 1232
2556 1233
2555 1233
2554 1233
2553 1233
2552 1233
2551 1233
2550 1234
2549 1234
2548 1235
2547 1235
2546 1236
2545 1236
2544 1237
2543 1237
2542 1237
2541 1237
2540 1237
2539 1237
2538 1237
2537 1237
2536 1237
2535 1237
2534 1237
2533 1237
2532 1238
2531 1238
2530 1238
2529 1238
2528 1239
2527 1239
2526 1239
2525 1239
2524 1239
2523 1239
2522 1239
2521 1239
2520 1239
2519 1239
2518 1240
2517 1240
2516 1241
2515 1241
2514 1242
2513 1242
2512 1243
2511 1243
2510 1243
2509 1243
2508 1243
2507 1243
2506 1243
2505 1243
2504 1243
2503 1243
2502 1243
2501 1243
2500 1243
2499 1243
2498 1243
2497 1243
2496 1243
2495 1243
2494 1243
2493 1243
2492 1243
2491 1243
2490 1243
2489 1243
2488 1243
2487 1243
2486 1243
2485 1243
2484 1243
2483 1243
2482 1243
2481 1243
2480 1244
2479 1244
2478 1244
2477 1244
2476 1245
2475 1245
2474 1246
2473 1246
2472 1246
2471 1246
2470 1247
2469 1247
2468 1247
2467 1247
2466 1247
2465 1247
2464 1247
2463 1247
2462 1247
2461 1247
2460 1248
2459 1248
2458 1248
2457 1248
2456 1249
2455 1249
2454 1249
2453 1249
2452 1249
2451 1249
2450 1249
2449 1249
2448 1249
2447 1249
2446 1249
2445 1249
2444 1250
2443 1250
2442 1250
2441 1250
2440 1251
2439 1251
2438 1251
2437 1251
2436 1251
2435 1251
2434 1251
2433 1251
2432 1251
2431 1251
2430 1251
2429 1251
2428 1251
2427 1251
2426 1251
2425 1251
2424 1251
2423 1251
2422 1251
2421 1251
2420 1251
2419 1251
2418 1251
2417 1251
2416 1251
2415 1251
2414 1251
2413 1251
2412 1251
2411 1251
2410 1251
2409 1251
2408 1251
2407 1251
2406 1251
2405 1251
2404 1251
2403 1251
2402 1251
2401 1251
2400 1251
2399 1251
2398 1251
2397 1251
2396 1251
2395 1251
2394 1251
2393 1251
2392 1251
2391 1251
2390 1251
2389 1251
2388 1251
2387 1251
2386 1251
2385 1251
2384 1251
2383 1251
2382 1251
2381 1251
2380 1251
2379 1251
2378 1251
2377 1251
2376 1251
2375 1251
2374 1251
2373 1251
2372 1251
2371 1251
2370 1251
2369 1251
2368 1251
2367 1251
2366 1251
2365 1251
2364 1251
2363 1251
2362 1251
2361 1251
2360 1251
2359 1251
2358 1251
2357 1251
2356 1251
2355 1251
2354 1251
2353 1251
2352 1252
2351 1252
2350 1253
2349 1253
2348 1254
2347 1254
2346 1255
2345 1255
2344 1255
2343 1255
2342 1255
2341 1255
2340 1255
2339 1255
2338 1255
2337 1255
2336 1255
2335 1255
2334 1255
2333 1255
2332 1255
2331 1255
2330 1255
2329 1255
2328 1256
2327 1256
2326 1256
2325 1256
2324 1257
2323 1257
2322 1257
2321 1257
2320 1257
2319 1257
2318 1257
2317 1257
2316 1257
2315 1257
2314 1257
2313 1257
2312 1257
2311 1257
2310 1258
2309 1258
2308 1258
2307 1258
2306 1259
2305 1259
2304 1260
2303 1260
2302 1260
2301 1260
2300 1261
2299 1262
2298 1262
2297 1262
2296 1263
2295 1263
2294 1263
2293 1263
2292 1264
2291 1264
2290 1264
2289 1264
2288 1265
2287 1265
2286 1265
2285 1265
2284 1265
2283 1265
2282 1265
2281 1265
2280 1265
2279 1265
2278 1266
2277 1266
2276 1266
2275 1266
2274 1267
2273 1268
2272 1268
2271 1268
2270 1269
2269 1269
2268 1269
2267 1269
2266 1269
2265 1269
2264 1270
2263 1270
2262 1270
2261 1270
2260 1271
2259 1271
2258 1271
2257 1271
2256 1272
2255 1272
2254 1272
2253 1272
2252 1273
2251 1273
2250 1273
2249 1273
2248 1274
2247 1274
2246 1275
2245 1276
2244 1277
2244 1278
2243 1279
2243 1280
2242 1281
2242 1282
2241 1283
2240 1284
2240 1285
2239 1286
2238 1286
2238 1287
2237 1288
2236 1288
2236 1289
2235 1290
2234 1290
2233 1291
2232 1292
2231 1292
2230 1293
2229 1293
2228 1294
2227 1294
2226 1295
2225 1295
2224 1296
2223 1296
2222 1297
2221 1298
2220 1299
2219 1299
2218 1300
2217 1300
2216 1301
2215 1302
2214 1303
2213 1304
2212 1304
2212 1305
2211 1306
2210 1306
2210 1307
2209 1308
2208 1308
2208 1309
2207 1310
2206 1310
2206 1311
2205 1312
2204 1312
2204 1313
2203 1314
2202 1314
2202 1315
2201 1316
2200 1316
2199 1317
2198 1318
2197 1318
2196 1319
2195 1320
2194 1321
2193 1321
2192 1322
2191 1322
2190 1323
2189 1324
2188 1325
2187 1326
2186 1327
2186 1328
2186 1329
2186 1330
2187 1331
2188 1332
2188 1333
2189 1333
2190 1334
2190 1335
2191 1335
2192 1336
2193 1337
2194 1338
2195 1339
2196 1339
2197 1340
2198 1341
2199 1342
2200 1343
2200 1344
2201 1345
2202 1346
2203 1347
2204 1347
2205 1348
2206 1348
2207 1348
2208 1348
2209 1348
2210 1348
2211 1348
2212 1348
2213 1348
2214 1348
2215 1348
2216 1348
2217 1348
2218 1348
2219 1348
2220 1348
2221 1348
2222 1348
2223 1348
2224 1348
2225 1349
2226 1349
2227 1349
2228 1349
2229 1350
2230 1350
2231 1350
2232 1350
2233 1351
2234 1351
2235 1351
2236 1352
2237 1353
2238 1353
2239 1353
2240 1354
2241 1355
2242 1355
2243 1355
2244 1356
2245 1357
2246 1357
2247 1357
2248 1357
2249 1358
2250 1358
2251 1359
2252 1359
2253 1359
2254 1359
2255 1360
2256 1360
2257 1361
2258 1361
2259 1361
2260 1362
2261 1363
2262 1363
2263 1363
2264 1364
2265 1365
2266 1365
2267 1366
2268 1366
2269 1367
2270 1368
2271 1369
2272 1369
2273 1370
2274 1370
2275 1371
2276 1371
2277 1372
2278 1372
2279 1373
2280 1373
2281 1374
2282 1375
2283 1375
2284 1376
2284 1377
2285 1377
2286 1378
2286 1379
2287 1379
2288 1380
2289 1381
2290 1381
2291 1382
2292 1382
2293 1383
2294 1383
2295 1384
2296 1384
2297 1385
2298 1386
2299 1387
2300 1387
2301 1387
2302 1388
2303 1389
2304 1389
2305 1390
2306 1391
2307 1391
2308 1392
2308 1393
2309 1393
2310 1394
2311 1395
2312 1396
2313 1397
2314 1397
2315 1397
2316 1398
2317 1399
2318 1399
2319 1399
2320 1400
2321 1401
2322 1401
2323 1401
2324 1402
2325 1403
2326 1403
2327 1403
2328 1404
2329 1405
2330 1405
2331 1405
2332 1406
2333 1407
2334 1407
2335 1407
2336 1407
2337 1408
2338 1408
2339 1409
2340 1409
2341 1409
2342 1409
2343 1410
2344 1410
2345 1410
2346 1410
2347 1411
2348 1411
2349 1411
2350 1412
2351 1413
2352 1413
2353 1413
2354 1413
2355 1414
2356 1414
2357 1415
2358 1415
2359 1415
2360 1415
2361 1416
2362 1416
2363 1417
2364 1417
2365 1417
2366 1417
2367 1418
2368 1418
2369 1419
2370 1419
2371 1420
2372 1420
2373 1421
2374 1422
2375 1423
2376 1423
2377 1423
2378 1423
2379 1424
2380 1424
2381 1424
2382 1424
2383 1425
2384 1425
2385 1426
2386 1426
2387 1427
2388 1427
2389 1428
2390 1428
2391 1429
2392 1429
2393 1430
2394 1431
2395 1431
2396 1432
2397 1433
2398 1433
2399 1434
2400 1434
2401 1435
2402 1435
2403 1435
2404 1436
2405 1437
2406 1437
2407 1437
2408 1438
2409 1439
2410 1439
2411 1439
2412 1440
2413 1441
2414 1441
2415 1441
2416 1441
2417 1442
2418 1442
2419 1443
2420 1443
2421 1443
2422 1443
2423 1444
2424 1444
2425 1445
2426 1445
2427 1445
2428 1445
2429 1446
2430 1446
2431 1447
2432 1447
2433 1447
2434 1447
2435 1448
2436 1448
2437 1449
2438 1449
2439 1449
2440 1449
2441 1450
2442 1450
2443 1451
2444 1451
2445 1451
2446 1451
2447 1452
2448 1452
2449 1452
2450 1452
2451 1452
2452 1452
2453 1452
2454 1452
2455 1452
2456 1452
2457 1452
2458 1452
2459 1452
2460 1452
2461 1453
2462 1453
2463 1454
2464 1454
2465 1455
2466 1455
2467 1456
2468 1456
2469 1456
2470 1456
2471 1456
2472 1456
2473 1456
2474 1456
2475 1456
2476 1456
2477 1456
2478 1456
2479 1456
2480 1456
2481 1456
2482 1456
2483 1456
2484 1456
2485 1456
2486 1456
2487 1456
2488 1456
2489 1456
2490 1456
2491 1457
2492 1457
2493 1458
2494 1458
2495 1459
2496 1460
2497 1461
2498 1461
2499 1461
2500 1461
2501 1462
2502 1462
2503 1462
2504 1462
2505 1462
2506 1462
2507 1462
2508 1462
2509 1462
2510 1462
2511 1462
2512 1462
2513 1462
2514 1462
2515 1462
2516 1462
2517 1462
2518 1462
2519 1461
2520 1461
2521 1461
2522 1461
2523 1460
2524 1460
2525 1460
2526 1460
2527 1460
2528 1460
2529 1459
2530 1459
2531 1459
2532 1459
2533 1458
2534 1458
2535 1458
2536 1458
2537 1458
2538 1458
2539 1458
2540 1458
2541 1459
2542 1459
2543 1460
2544 1461
2545 1461
2546 1462
2547 1463
2548 1464
2549 1465
2550 1465
2551 1466
2552 1466
2553 1467
2554 1467
2555 1468
2556 1468
2557 1469
2558 1469
2559 1470
2560 1471
2561 1471
2562 1472
2563 1473
2564 1473
2565 1474
2566 1474
2567 1475
2568 1475
2569 1475
2570 1475
2571 1476
2572 1476
2573 1476
2574 1476
2575 1476
2576 1476
2577 1477
2578 1477
2579 1478
2580 1478
2581 1479
2582 1480
2583 1481
2584 1481
2585 1481
2586 1481
2587 1482
2588 1482
2589 1482
2590 1482
2591 1482
2592 1482
2593 1482
2594 1482
2595 1482
2596 1482
2597 1482
2598 1482
2599 1482
2600 1482
2601 1482
2602 1482
2603 1482
2604 1482
2605 1482
2606 1482
2607 1482
2608 1482
2609 1481
2610 1481
2611 1481
2612 1481
2613 1480
2614 1480
2615 1479
2616 1479
2617 1478
2618 1478
2619 1477
2620 1477
2621 1476
2622 1476
2623 1476
2624 1476
2625 1476
2626 1476
2627 1475
2628 1475
2629 1475
2630 1475
2631 1474
2632 1474
2633 1473
2634 1473
2635 1473
2636 1473
2637 1472
2638 1472
2639 1472
2640 1472
2641 1471
2642 1471
2643 1471
2644 1471
2645 1470
2646 1470
2647 1470
2648 1470
2649 1470
2650 1470
2651 1470
2652 1470
2653 1470
2654 1470
2655 1469
2656 1469
2657 1469
2658 1469
2659 1468
2660 1468
2661 1468
2662 1468
2663 1468
2664 1468
2665 1468
2666 1468
2667 1468
2668 1468
2669 1468
2670 1468
2671 1468
2672 1468
2673 1468
2674 1468
2675 1468
2676 1468
2677 1468
2678 1468
2679 1468
2680 1468
2681 1468
2682 1468
2683 1468
2684 1468
2685 1468
2686 1468
2687 1468
2688 1468
2689 1468
2690 1468
2691 1468
2692 1468
2693 1468
2694 1468
2695 1468
2696 1468
2697 1468
2698 1468
2699 1468
2700 1468
2701 1468
2702 1468
2703 1468
2704 1468
2705 1468
2706 1468
2707 1468
2708 1468
2709 1468
2710 1468
2711 1468
2712 1468
2713 1468
2714 1468
2715 1468
2716 1468
2717 1468
2718 1468
2719 1468
2720 1468
2721 1468
2722 1468
2723 1468
2724 1468
2725 1468
2726 1468
2727 1468
2728 1468
2729 1468
2730 1468
2731 1468
2732 1468
2733 1468
2734 1468
2735 1468
2736 1468
2737 1468
2738 1468
2739 1468
2740 1468
2741 1468
2742 1468
2743 1468
2744 1468
2745 1468
2746 1468
2747 1468
2748 1468
2749 1468
2750 1468
2751 1468
2752 1468
2753 1467
2754 1467
2755 1467
2756 1467
2757 1466
2758 1466
2759 1465
2760 1465
2761 1465
2762 1465
2763 1464
2764 1464
2765 1463
2766 1463
2767 1463
2768 1463
2769 1462
2770 1462
2771 1462
2772 1462
2773 1462
2774 1462
2775 1461
2776 1461
2777 1461
2778 1461
2779 1460
2780 1459
2781 1459
2782 1459
2783 1458
2784 1458
2785 1458
2786 1458
2787 1458
2788 1458
2789 1457
2790 1457
2791 1457
2792 1457
2793 1456
2794 1456
2795 1456
2796 1456
2797 1456
2798 1456
2799 1455
2800 1455
2801 1455
2802 1455
2803 1454
2804 1454
2805 1454
2806 1454
2807 1453
2808 1453
2809 1453
2810 1453
2811 1452
2812 1452
2813 1451
2814 1451
2815 1451
2816 1451
2817 1450
2818 1449
2819 1449
2820 1449
2821 1448
2822 1448
2823 1448
2824 1448
2825 1448
2826 1448
2827 1448
2828 1448
2829 1448
2830 1448
2831 1447
2832 1447
2833 1447
2834 1447
2835 1446
2836 1446
2837 1446
2838 1446
2839 1445
2840 1445
2841 1445
2842 1445
2843 1444
2844 1444
2845 1444
2846 1444
2847 1443
2848 1443
2849 1443
2850 1443
2851 1442
2852 1442
2853 1442
2854 1442
2855 1441
2856 1441
2857 1441
2858 1441
2859 1440
2860 1440
2861 1439
2862 1439
2863 1439
2864 1439
2865 1438
2866 1438
2867 1438
2868 1438
2869 1437
2870 1437
2871 1437
2872 1437
2873 1436
2874 1436
2875 1435
2876 1435
2877 1435
2878 1435
2879 1434
2880 1434
2881 1434
2882 1434
2883 1433
2884 1433
2885 1433
2886 1433
2887 1432
2888 1432
2889 1432
2890 1432
2891 1431
2892 1431
2893 1431
2894 1431
2895 1430
2896 1430
2897 1430
2898 1430
2899 1429
2900 1429
2901 1429
2902 1429
2903 1428
2904 1428
2905 1427
2906 1427
2907 1427
2908 1427
2909 1426
2910 1426
2911 1426
2912 1426
2913 1426
2914 1426
2915 1425
2916 1425
2917 1425
2918 1425
2919 1424
2920 1424
2921 1423
2922 1423
2923 1423
2924 1423
2925 1422
2926 1422
2927 1421
2928 1421
2929 1421
2930 1421
2931 1420
2932 1420
2933 1420
2934 1420
2935 1420
2936 1420
2937 1420
2938 1420
2939 1420
2940 1420
2941 1420
2942 1420
2943 1419
2944 1419
2945 1419
2946 1419
2947 1418
2948 1418
2949 1418
2950 1418
2951 1418
2952 1418
2953 1418
2954 1418
2955 1417
2956 1417
2957 1417
2958 1417
2959 1416
2960 1415
2961 1415
2962 1415
2963 1414
2964 1414
2965 1414
2966 1414
2967 1413
2968 1413
2969 1413
2970 1413
2971 1412
2972 1412
2973 1411
2974 1411
2975 1411
2976 1411
2977 1410
2978 1410
2979 1409
2980 1409
2981 1409
2982 1409
2983 1408
2984 1408
2985 1407
2986 1407
2987 1407
2988 1407
2989 1406
2990 1406
2991 1405
2992 1405
2993 1404
2994 1403
2995 1402
2995 1401
2996 1400
2996 1399
2996 1398
2996 1397
2996 1396
2996 1395
2996 1394
2996 1393
2997 1392
2997 1391
2997 1390
2997 1389
2998 1388
2998 1387
2998 1386
2998 1385
2997 1384
2997 1383
2996 1382
2995 1381
2995 1380
2994 1379
2993 1378
2993 1377
2992 1376
2992 1375
2991 1374
2991 1373
2990 1372
2989 1371
2989 1370
2988 1369
2987 1368
2987 1367
2986 1366
2986 1365
2985 1364
2985 1363
2984 1362
2984 1361
2983 1360
2983 1359
2982 1358
2981 1357
2981 1356
2981 1355
2980 1354
2980 1353
2980 1352
2980 1351
2980 1350
2980 1349
2980 1348
2980 1347
2979 1346
2979 1345
2979 1344
2979 1343
2978 1342
2978 1341
2978 1340
2978 1339
2977 1338
2977 1337
2976 1336
2975 1335
2975 1334
2974 1334
2973 1333
2973 1332
2972 1332
2971 1331
2971 1330
2970 1330
2969 1329
2969 1328
2968 1328
2967 1327
2967 1326
2966 1326
2965 1325
2965 1324
2964 1324
2963 1323
2963 1322
2962 1322
2961 1321
2961 1320
2960 1320
2959 1319
2959 1318
2958 1318
2957 1317
2957 1316
2956 1316
2955 1315
2955 1314
2954 1314
2953 1313
2952 1312
2951 1311
2950 1310
2949 1310
2948 1309
2947 1308
2946 1308
2945 1307
2945 1306
2944 1306
2943 1305
2943 1304
2942 1304
2941 1303
2941 1302
2940 1302
2939 1301
2938 1300
2937 1299
2936 1298
2935 1298
2934 1298
2933 1297
2932 1296
2931 1296
2930 1295
2929 1295
2928 1294
2927 1294
2926 1293
2925 1293
2924 1292
2923 1292
2922 1291
2921 1290
2920 1290
2919 1289
2919 1288
2918 1288
2917 1287
2916 1286
2915 1285
2914 1284
2913 1284
2912 1283
2911 1283
2910 1282
2909 1281
2908 1280
2907 1280
2906 1280
2905 1279
2904 1278
2903 1278
2902 1278
2901 1278
2900 1277
2899 1277
2898 1277
2897 1277
2896 1276
2895 1276
2894 1275
2893 1274
2892 1274
2891 1273
2891 1272
2890 1272
2889 1271
2888 1270
2887 1269
2886 1268
2885 1268
2884 1268
2883 1267
2882 1266
2881 1266
2880 1266
2879 1265
2878 1264
2877 1264
2876 1264
2875 1263
2874 1262
2873 1262
2872 1262
2871 1261
2870 1260
2869 1260
2868 1259
2867 1259
2866 1258
2865 1257
2864 1256
2863 1256
2862 1256
2861 1255
2860 1254
2859 1254
2858 1254
2857 1253
2856 1252
2855 1252
2854 1252
2853 1252
2852 1251
2851 1251
2850 1250
2849 1250
2848 1249
2847 1249
2846 1248
2845 1248
2844 1247
2843 1247
2842 1246
2841 1246
2840 1246
2839 1245
2838 1244
2837 1244
2836 1244
2835 1244
2834 1243
2833 1243
2832 1242
2831 1242
2830 1242
2829 1242
2828 1241
2827 1241
2826 1241
2825 1241
2824 1240
2823 1240
2822 1240
2821 1240
2820 1239
2819 1239
2818 1238
2817 1238
2816 1237
2815 1237
2814 1236
2813 1235
2812 1234
2811 1234
2810 1233
2809 1233
2808 1232
2807 1231
2806 1230
2805 1230
2804 1230
2803 1230
2802 1229
2801 1229
2800 1228
2799 1228
2798 1228
2797 1228
2796 1227
2795 1227
2794 1226
2793 1226
2792 1226
2791 1226
2790 1225
2789 1225
2788 1224
2787 1224
2786 1224
2785 1223
2784 1222
2783 1222
2782 1222
2781 1222
2780 1221
2779 1221
2778 1220
2777 1220
2776 1220
2775 1220
2774 1219
2773 1219
2772 1218
2771 1218
2770 1218
2769 1217
2768 1216
2767 1216
2766 1216
2765 1215
2764 1214
2763 1214
2762 1214
2761 1214
2760 1213
2759 1213
2758 1213
2757 1213
2756 1213
2755 1213
2754 1213
2753 1213
2752 1213
2751 1213
2750 1213
2749 1213
2748 1213
2747 1213
2746 1213
2745 1213
2744 1213
2743 1213
2742 1213
2741 1213
2740 1213
2739 1213
2738 1213
2737 1213
2736 1213
2735 1213
2734 1212
2733 1212
2732 1212
2731 1212
2730 1211
2729 1211
2728 1211
2727 1211
2726 1211
2725 1211
2724 1211
2723 1211
2722 1211
2721 1211
2720 1211
2719 1211
2718 1211
2717 1211
2716 1210
2715 1210
2714 1210
2713 1209
2712 1208
2711 1208
2710 1208
2709 1208
2708 1207
2707 1207
2706 1207
2705 1207
2704 1207
2703 1207
2702 1207
2701 1207
2700 1206
2699 1206
2698 1206
2697 1206
2696 1205
2695 1205
2694 1205
2693 1205
2692 1205
2691 1205
2690 1205
2689 1205
2688 1205
2687 1205
2686 1205
2685 1205
2684 1205
2683 1205
2682 1204
2681 1204
2680 1204
2679 1204
2678 1203
2677 1203
2676 1202
2675 1202
2674 1202
2673 1202
2672 1201
2671 1201
2670 1201
2669 1201
2668 1201
2667 1201
2666 1201
2665 1201
2664 1201
2663 1201
2662 1201
2661 1201
2660 1201
2659 1201
2658 1201
2657 1201
2656 1201
2655 1201
2654 1201
2653 1201
2652 1201
2651 1201
