2211 1117
2210 1118
2209 1118
2208 1118
2207 1118
2206 1119
2205 1120
2204 1120
2203 1120
2202 1121
2201 1121
2200 1122
2199 1122
2198 1122
2197 1122
2196 1123
2195 1123
2194 1123
2193 1123
2192 1123
2191 1123
2190 1123
2189 1123
2188 1123
2187 1123
2186 1124
2185 1124
2184 1124
2183 1124
2182 1125
2181 1125
2180 1126
2179 1126
2178 1126
2177 1126
2176 1127
2175 1127
2174 1127
2173 1127
2172 1128
2171 1128
2170 1129
2169 1129
2168 1130
2167 1130
2166 1131
2165 1132
2164 1132
2163 1132
2162 1133
2161 1133
2160 1134
2159 1134
2158 1135
2157 1135
2156 1136
2155 1136
2154 1137
2153 1137
2152 1138
2151 1138
2150 1138
2149 1138
2148 1139
2147 1139
2146 1140
2145 1140
2144 1140
2143 1140
2142 1141
2141 1141
2140 1141
2139 1141
2138 1141
2137 1141
2136 1141
2135 1141
2134 1142
2133 1142
2132 1142
2131 1142
2130 1143
2129 1143
2128 1144
2127 1144
2126 1145
2125 1146
2124 1146
2123 1147
2122 1148
2121 1148
2120 1149
2119 1149
2118 1150
2117 1150
2116 1151
2115 1152
2114 1152
2114 1153
2113 1154
2112 1154
2112 1155
2111 1156
2110 1156
2110 1157
2109 1158
2108 1158
2108 1159
2107 1160
2106 1161
2106 1162
2105 1163
2105 1164
2104 1165
2104 1166
2103 1167
2102 1168
2101 1169
2100 1170
2099 1170
2098 1171
2097 1171
2096 1172
2095 1172
2094 1173
2093 1174
2092 1174
2092 1175
2091 1176
2090 1176
2090 1177
2089 1178
2088 1178
2088 1179
2087 1180
2086 1180
2086 1181
2085 1182
2084 1182
2084 1183
2083 1184
2082 1184
2082 1185
2081 1186
2080 1186
2080 1187
2079 1188
2078 1188
2078 1189
2077 1190
2076 1190
2076 1191
2075 1192
2074 1193
2074 1194
2073 1195
2073 1196
2073 1197
2073 1198
2073 1199
2073 1200
2072 1201
2072 1202
2072 1203
2072 1204
2071 1205
2071 1206
2070 1207
2070 1208
2070 1209
2070 1210
2069 1211
2069 1212
2068 1213
2068 1214
2068 1215
2067 1216
2066 1217
2066 1218
2066 1219
2066 1220
2065 1221
2065 1222
2065 1223
2065 1224
2065 1225
2065 1226
2064 1227
2064 1228
2063 1229
2062 1230
2062 1231
2061 1232
2060 1232
2060 1233
2059 1234
2058 1234
2058 1235
2057 1236
2056 1237
2056 1238
2055 1239
2055 1240
2054 1241
2054 1242
2054 1243
2053 1244
2052 1245
2052 1246
2052 1247
2051 1248
2050 1249
2050 1250
2050 1251
2050 1252
2049 1253
2049 1254
2049 1255
2049 1256
2049 1257
2049 1258
2049 1259
2049 1260
2049 1261
2049 1262
2048 1263
2048 1264
2048 1265
2048 1266
2047 1267
2047 1268
2046 1269
2046 1270
2046 1271
2045 1272
2044 1273
2044 1274
2043 1275
2042 1276
2042 1277
2041 1278
2040 1279
2040 1280
2039 1281
2039 1282
2039 1283
2039 1284
2038 1285
2038 1286
2038 1287
2038 1288
2037 1289
2037 1290
2036 1291
2036 1292
2035 1293
2034 1294
2034 1295
2033 1296
2032 1296
2032 1297
2031 1298
2030 1299
2030 1300
2029 1301
2029 1302
2029 1303
2029 1304
2029 1305
2029 1306
2029 1307
2029 1308
2029 1309
2029 1310
2030 1311
2030 1312
2030 1313
2030 1314
2031 1315
2031 1316
2031 1317
2031 1318
2031 1319
2031 1320
2031 1321
2031 1322
2031 1323
2031 1324
2031 1325
2031 1326
2031 1327
2031 1328
2031 1329
2031 1330
2031 1331
2031 1332
2031 1333
2031 1334
2031 1335
2031 1336
2031 1337
2031 1338
2031 1339
2031 1340
2031 1341
2031 1342
2031 1343
2031 1344
2031 1345
2031 1346
2031 1347
2031 1348
2031 1349
2031 1350
2031 1351
2031 1352
2031 1353
2031 1354
2031 1355
2031 1356
2031 1357
2031 1358
2031 1359
2031 1360
2031 1361
2031 1362
2031 1363
2031 1364
2032 1365
2032 1366
2033 1367
2033 1368
2034 1369
2034 1370
2035 1371
2036 1372
2037 1373
2037 1374
2038 1375
2038 1376
2039 1377
2039 1378
2039 1379
2039 1380
2040 1381
2040 1382
2040 1383
2040 1384
2041 1385
2042 1386
2043 1387
2044 1388
2044 1389
2045 1389
2046 1390
2046 1391
2047 1391
2048 1392
2048 1393
2049 1393
2050 1394
2050 1395
2051 1395
2052 1396
2052 1397
2053 1397
2054 1398
2054 1399
2055 1399
2056 1400
2056 1401
2057 1401
2058 1402
2058 1403
2059 1403
2060 1404
2060 1405
2061 1405
2062 1406
2062 1407
2063 1407
2064 1408
2064 1409
2065 1409
2066 1410
2066 1411
2067 1411
2068 1412
2069 1413
2070 1413
2071 1414
2072 1414
2073 1414
2074 1414
2075 1414
2076 1414
2077 1414
2078 1414
2079 1414
2080 1414
2081 1414
2082 1414
2083 1414
2084 1414
2085 1415
2086 1415
2087 1416
2088 1417
2089 1417
2090 1418
2091 1419
2092 1419
2093 1420
2094 1420
2095 1420
2096 1420
2097 1420
2098 1420
2099 1421
2100 1421
2101 1422
2102 1422
2103 1423
2104 1424
2105 1425
2106 1425
2107 1425
2108 1425
2109 1426
2110 1426
2111 1426
2112 1426
2113 1427
2114 1427
2115 1427
2116 1427
2117 1428
2118 1428
2119 1428
2120 1428
2121 1428
2122 1428
2123 1428
2124 1428
2125 1428
2126 1428
2127 1428
2128 1428
2129 1428
2130 1428
2131 1428
2132 1428
2133 1429
2134 1429
2135 1430
2136 1431
2137 1431
2138 1432
2139 1433
2140 1433
2141 1434
2142 1434
2143 1434
2144 1434
2145 1434
2146 1434
2147 1435
2148 1435
2149 1435
2150 1435
2151 1436
2152 1436
2153 1436
2154 1436
2155 1436
2156 1436
2157 1436
2158 1436
2159 1436
2160 1436
2161 1436
2162 1436
2163 1435
2164 1435
2165 1435
2166 1435
2167 1434
2168 1434
2169 1434
2170 1434
2171 1434
2172 1434
2173 1434
2174 1434
2175 1434
2176 1434
2177 1434
2178 1434
2179 1434
2180 1434
2181 1434
2182 1434
2183 1434
2184 1434
2185 1434
2186 1434
2187 1434
2188 1434
2189 1434
2190 1434
2191 1434
2192 1434
2193 1434
2194 1434
2195 1434
2196 1434
2197 1434
2198 1434
2199 1434
2200 1434
2201 1434
2202 1434
2203 1434
2204 1434
2205 1434
2206 1434
2207 1433
2208 1433
2209 1433
2210 1433
2211 1432
2212 1432
2213 1432
2214 1432
2215 1432
2216 1432
2217 1432
2218 1432
2219 1432
2220 1432
2221 1432
2222 1432
2223 1432
2224 1432
2225 1431
2226 1431
2227 1431
2228 1431
2229 1430
2230 1430
2231 1430
2232 1430
2233 1430
2234 1430
2235 1430
2236 1430
2237 1429
2238 1429
2239 1429
2240 1429
2241 1428
2242 1428
2243 1428
2244 1428
2245 1428
2246 1428
2247 1428
2248 1428
2249 1428
2250 1428
2251 1428
2252 1428
2253 1428
2254 1428
2255 1428
2256 1428
2257 1428
2258 1428
2259 1429
2260 1429
2261 1429
2262 1429
2263 1430
2264 1430
2265 1430
2266 1430
2267 1430
2268 1430
2269 1430
2270 1430
2271 1430
2272 1430
2273 1430
2274 1430
2275 1430
2276 1430
2277 1430
2278 1430
2279 1429
2280 1429
2281 1429
2282 1429
2283 1428
2284 1428
2285 1428
2286 1428
2287 1428
2288 1428
2289 1428
2290 1428
2291 1428
2292 1428
2293 1428
2294 1428
2295 1428
2296 1428
2297 1428
2298 1428
2299 1428
2300 1428
2301 1428
2302 1428
2303 1428
2304 1428
2305 1428
2306 1428
2307 1428
2308 1428
2309 1428
2310 1428
2311 1428
2312 1428
2313 1428
2314 1428
2315 1428
2316 1428
2317 1428
2318 1428
2319 1428
2320 1428
2321 1428
2322 1428
2323 1428
2324 1428
2325 1429
2326 1429
2327 1429
2328 1429
2329 1430
2330 1430
2331 1430
2332 1430
2333 1430
2334 1430
2335 1430
2336 1430
2337 1430
2338 1430
2339 1430
2340 1430
2341 1430
2342 1430
2343 1430
2344 1430
2345 1430
2346 1430
2347 1429
2348 1429
2349 1429
2350 1429
2351 1428
2352 1428
2353 1428
2354 1428
2355 1428
2356 1428
2357 1428
2358 1428
2359 1428
2360 1428
2361 1428
2362 1428
2363 1428
2364 1428
2365 1428
2366 1428
2367 1428
2368 1428
2369 1428
2370 1428
2371 1428
2372 1428
2373 1428
2374 1428
2375 1429
2376 1429
2377 1429
2378 1429
2379 1430
2380 1430
2381 1430
2382 1430
2383 1430
2384 1430
2385 1430
2386 1430
2387 1430
2388 1430
2389 1430
2390 1430
2391 1430
2392 1430
2393 1430
2394 1430
2395 1430
2396 1430
2397 1430
2398 1430
2399 1430
2400 1430
2401 1430
2402 1430
2403 1430
2404 1430
2405 1430
2406 1430
2407 1430
2408 1430
2409 1430
2410 1430
2411 1430
2412 1430
2413 1430
2414 1430
2415 1430
2416 1430
2417 1430
2418 1430
2419 1430
2420 1430
2421 1430
2422 1430
2423 1430
2424 1430
2425 1429
2426 1429
2427 1429
2428 1429
2429 1428
2430 1428
2431 1428
2432 1428
2433 1428
2434 1428
2435 1428
2436 1428
2437 1428
2438 1428
2439 1428
2440 1428
2441 1428
2442 1428
2443 1428
2444 1428
2445 1427
2446 1427
2447 1427
2448 1427
2449 1426
2450 1425
2451 1425
2452 1425
2453 1424
2454 1423
2455 1423
2456 1423
2457 1422
2458 1422
2459 1422
2460 1422
2461 1422
2462 1422
2463 1423
2464 1423
2465 1424
2466 1425
2467 1425
2468 1426
2469 1427
2470 1428
2471 1429
2472 1429
2473 1429
2474 1429
2475 1430
2476 1430
2477 1430
2478 1430
2479 1430
2480 1430
2481 1430
2482 1430
2483 1430
2484 1430
2485 1430
2486 1430
2487 1430
2488 1430
2489 1431
2490 1431
2491 1431
2492 1431
2493 1432
2494 1432
2495 1432
2496 1432
2497 1432
2498 1432
2499 1432
2500 1432
2501 1432
2502 1432
2503 1432
2504 1432
2505 1432
2506 1432
2507 1431
2508 1431
2509 1431
2510 1431
2511 1430
2512 1430
2513 1430
2514 1430
2515 1430
2516 1430
2517 1430
2518 1430
2519 1430
2520 1430
2521 1430
2522 1430
2523 1430
2524 1430
2525 1430
2526 1430
2527 1430
2528 1430
2529 1430
2530 1430
2531 1430
2532 1430
2533 1430
2534 1430
2535 1429
2536 1429
2537 1428
2538 1428
2539 1427
2540 1427
2541 1426
2542 1426
2543 1426
2544 1426
2545 1426
2546 1426
2547 1426
2548 1426
2549 1425
2550 1425
2551 1424
2552 1423
2553 1423
2554 1422
2555 1421
2556 1421
2557 1420
2558 1420
2559 1420
2560 1420
2561 1419
2562 1419
2563 1419
2564 1419
2565 1418
2566 1417
2567 1417
2568 1417
2569 1416
2570 1415
2571 1415
2572 1415
2573 1414
2574 1413
2575 1412
2576 1411
2577 1410
2578 1409
2579 1408
2579 1407
2580 1406
2581 1405
2581 1404
2582 1403
2583 1403
2584 1402
2585 1401
2586 1401
2587 1400
2588 1399
2589 1399
2590 1399
2591 1398
2592 1397
2593 1396
2594 1395
2595 1395
2595 1394
2596 1393
2597 1393
2597 1392
2598 1391
2599 1391
2599 1390
2600 1389
2601 1389
2601 1388
2602 1387
2603 1387
2604 1386
2605 1385
2606 1385
2607 1384
2608 1383
2609 1382
2610 1381
2611 1381
2611 1380
2612 1379
2613 1379
2613 1378
2614 1377
2615 1377
2616 1376
2617 1375
2618 1375
2619 1374
2620 1373
2621 1372
2622 1371
2623 1371
2623 1370
2624 1369
2625 1369
2625 1368
2626 1367
2627 1367
2627 1366
2628 1365
2629 1365
2629 1364
2630 1363
2631 1363
2631 1362
2632 1361
2633 1361
2633 1360
2634 1359
2635 1359
2635 1358
2636 1357
2637 1357
2637 1356
2638 1355
2639 1355
2639 1354
2640 1353
2641 1352
2641 1351
2642 1350
2642 1349
2642 1348
2642 1347
2642 1346
2642 1345
2643 1344
2643 1343
2644 1342
2644 1341
2645 1340
2646 1339
2647 1338
2647 1337
2647 1336
2647 1335
2648 1334
2648 1333
2649 1332
2649 1331
2649 1330
2649 1329
2650 1328
2650 1327
2650 1326
2650 1325
2651 1324
2651 1323
2652 1322
2653 1321
2653 1320
2654 1319
2655 1318
2656 1317
2657 1316
2657 1315
2658 1314
2658 1313
2659 1312
2659 1311
2660 1310
2660 1309
2660 1308
2660 1307
2660 1306
2660 1305
2660 1304
2660 1303
2660 1302
2660 1301
2660 1300
2660 1299
2660 1298
2660 1297
2660 1296
2660 1295
2660 1294
2660 1293
2660 1292
2660 1291
2660 1290
2660 1289
2660 1288
2660 1287
2660 1286
2660 1285
2660 1284
2660 1283
2660 1282
2660 1281
2660 1280
2660 1279
2660 1278
2660 1277
2660 1276
2660 1275
2660 1274
2660 1273
2660 1272
2660 1271
2659 1270
2659 1269
2659 1268
2659 1267
2658 1266
2658 1265
2658 1264
2658 1263
2658 1262
2658 1261
2658 1260
2658 1259
2658 1258
2658 1257
2658 1256
2658 1255
2658 1254
2658 1253
2658 1252
2658 1251
2658 1250
2658 1249
2657 1248
2657 1247
2656 1246
2655 1245
2655 1244
2654 1244
2653 1243
2653 1242
2652 1241
2651 1240
2651 1239
2650 1238
2649 1237
2649 1236
2649 1235
2648 1234
2648 1233
2647 1232
2647 1231
2646 1230
2645 1229
2645 1228
2644 1228
2643 1227
2643 1226
2642 1226
2641 1225
2641 1224
2640 1224
2639 1223
2638 1222
2637 1222
2636 1221
2635 1221
2634 1220
2633 1220
2632 1219
2631 1219
2630 1218
2629 1217
2628 1216
2627 1216
2626 1215
2625 1214
2624 1214
2623 1213
2622 1212
2621 1212
2620 1211
2619 1211
2618 1210
2617 1210
2616 1209
2615 1209
2614 1208
2613 1207
2612 1206
2611 1206
2610 1206
2609 1205
2608 1204
2607 1204
2606 1203
2605 1202
2604 1202
2603 1201
2603 1200
2602 1200
2601 1199
2600 1198
2599 1197
2598 1196
2597 1196
2596 1196
2595 1195
2594 1194
2593 1194
2592 1193
2591 1192
2590 1192
2589 1191
2588 1190
2587 1189
2586 1188
2585 1188
2584 1187
2583 1186
2582 1186
2581 1185
2581 1184
2580 1184
2579 1183
2579 1182
2578 1182
2577 1181
2577 1180
2576 1180
2575 1179
2575 1178
2574 1178
2573 1177
2573 1176
2572 1176
2571 1175
2571 1174
2570 1174
2569 1173
2569 1172
2568 1172
2567 1171
2567 1170
2566 1170
2565 1169
2565 1168
2564 1168
2563 1167
2563 1166
2562 1166
2561 1165
2561 1164
2560 1164
2559 1163
2558 1162
2557 1161
2556 1160
2555 1160
2554 1159
2553 1158
2552 1158
2551 1157
2551 1156
2550 1156
2549 1155
2549 1154
2548 1154
2547 1153
2546 1152
2545 1151
2544 1150
2543 1150
2542 1149
2541 1148
2540 1148
2539 1147
2539 1146
2538 1146
2537 1145
2536 1144
2535 1143
2534 1142
2533 1142
2532 1141
2531 1141
2530 1140
2529 1140
2528 1139
2527 1139
2526 1138
2525 1138
2524 1137
2523 1136
2522 1136
2521 1135
2521 1134
2520 1134
2519 1133
2518 1132
2517 1132
2516 1131
2515 1131
2514 1130
2513 1130
2512 1129
2511 1129
2510 1128
2509 1128
2508 1127
2507 1127
2506 1127
2505 1127
2504 1127
2503 1127
2502 1127
2501 1127
2500 1126
2499 1126
2498 1126
2497 1126
2496 1125
2495 1125
2494 1125
2493 1125
2492 1125
2491 1125
2490 1125
2489 1125
2488 1125
2487 1125
2486 1125
2485 1125
2484 1125
2483 1125
2482 1124
2481 1124
2480 1124
2479 1124
2478 1123
2477 1123
2476 1123
2475 1123
2474 1123
2473 1123
2472 1123
2471 1123
2470 1123
2469 1123
2468 1123
2467 1123
2466 1123
2465 1123
2464 1123
2463 1123
2462 1123
2461 1123
2460 1123
2459 1123
2458 1123
2457 1123
2456 1123
2455 1123
2454 1123
2453 1123
2452 1123
2451 1123
2450 1123
2449 1123
2448 1123
2447 1123
2446 1123
2445 1123
2444 1122
2443 1122
2442 1122
2441 1122
2440 1121
2439 1121
2438 1121
2437 1121
2436 1121
2435 1121
2434 1121
2433 1121
2432 1121
2431 1121
2430 1121
2429 1121
2428 1121
2427 1121
2426 1121
2425 1121
2424 1121
2423 1121
2422 1121
2421 1121
2420 1121
2419 1121
2418 1122
2417 1122
2416 1122
2415 1122
2414 1123
2413 1123
2412 1123
2411 1123
2410 1123
2409 1123
2408 1122
2407 1122
2406 1122
2405 1122
2404 1121
2403 1121
2402 1121
2401 1121
2400 1120
2399 1120
2398 1120
2397 1120
2396 1119
2395 1119
2394 1119
2393 1119
2392 1119
2391 1119
2390 1119
2389 1119
2388 1119
2387 1119
2386 1119
2385 1119
2384 1119
2383 1119
2382 1119
2381 1119
2380 1119
2379 1119
2378 1120
2377 1120
2376 1120
2375 1120
2374 1121
2373 1121
2372 1121
2371 1121
2370 1121
2369 1121
2368 1121
2367 1121
2366 1120
2365 1120
2364 1120
2363 1120
2362 1119
2361 1119
2360 1118
2359 1118
2358 1118
2357 1118
2356 1117
2355 1117
2354 1117
2353 1117
2352 1117
2351 1117
2350 1117
2349 1117
2348 1117
2347 1117
2346 1117
2345 1117
2344 1117
2343 1117
2342 1117
2341 1117
2340 1117
2339 1117
2338 1117
2337 1117
2336 1117
2335 1117
2334 1117
2333 1117
2332 1117
2331 1117
2330 1117
2329 1117
2328 1117
2327 1117
2326 1117
2325 1117
2324 1117
2323 1117
2322 1117
2321 1117
2320 1117
2319 1117
2318 1117
2317 1117
2316 1117
2315 1117
2314 1117
2313 1117
2312 1117
2311 1117
2310 1117
2309 1117
2308 1117
2307 1117
2306 1117
2305 1117
2304 1118
2303 1118
2302 1118
2301 1118
2300 1119
2299 1119
2298 1119
2297 1119
2296 1119
2295 1119
2294 1119
2293 1119
2292 1119
2291 1119
2290 1119
2289 1119
2288 1119
2287 1119
2286 1119
2285 1119
2284 1119
2283 1119
2282 1119
2281 1119
2280 1119
2279 1119
2278 1119
2277 1119
2276 1119
2275 1119
2274 1119
2273 1119
2272 1119
2271 1119
2270 1119
2269 1119
2268 1119
2267 1119
2266 1118
2265 1118
2264 1118
2263 1118
2262 1117
2261 1117
2260 1117
2259 1117
2258 1117
2257 1117
2256 1117
2255 1117
2254 1117
2253 1117
2252 1117
2251 1117
2250 1117
2249 1117
2248 1117
2247 1117
2246 1117
2245 1117
2244 1117
2243 1117
2242 1117
2241 1117
2240 1117
2239 1117
2238 1117
2237 1117
2236 1117
2235 1117
2234 1117
2233 1117
2232 1117
2231 1117
2230 1117
2229 1117
2228 1117
2227 1117
2226 1117
2225 1117
2224 1117
2223 1117
2222 1117
2221 1117
2220 1117
2219 1117
2218 1117
2217 1117
2216 1117
2215 1117
2214 1117
2213 1117
2212 1117
2211 1117
