601 391
600 392
599 392
598 392
597 392
596 393
595 394
594 394
593 394
592 395
591 395
590 395
589 395
588 395
587 395
586 395
585 395
584 396
583 396
582 396
581 396
580 397
579 398
578 399
577 400
576 400
576 401
575 402
574 402
574 403
573 404
572 404
572 405
571 406
570 406
570 407
569 408
568 408
567 409
566 410
565 410
564 411
563 412
562 413
561 413
560 414
559 414
558 415
557 415
556 415
555 415
554 415
553 415
552 415
551 415
550 414
549 414
548 414
547 413
546 412
545 412
544 411
543 411
542 410
541 410
540 409
539 409
538 409
537 409
536 409
535 409
534 409
533 409
532 409
531 409
530 409
529 409
528 409
527 409
526 409
525 409
524 409
523 409
522 409
521 409
520 409
519 409
518 410
517 410
516 411
515 411
514 412
513 412
512 413
511 414
510 415
509 415
508 416
507 416
506 417
505 417
504 417
503 417
502 417
501 417
500 417
499 417
498 418
497 418
496 418
495 418
494 419
493 419
492 420
491 420
490 420
489 420
488 421
487 422
486 423
485 423
484 424
483 424
482 425
481 425
480 425
479 425
478 425
477 425
476 425
475 425
474 425
473 425
472 426
471 426
470 427
469 427
468 428
467 428
466 429
465 429
464 429
463 429
462 430
461 430
460 431
459 431
458 432
457 432
456 433
455 433
454 432
453 432
452 432
451 432
450 431
449 431
448 432
447 432
446 433
445 434
444 434
444 435
443 436
442 436
441 437
440 438
439 438
438 439
437 439
436 440
435 440
434 441
433 442
432 442
432 443
431 444
430 444
430 445
429 446
428 446
428 447
427 448
426 449
426 450
425 451
425 452
424 453
424 454
423 455
423 456
422 457
422 458
421 459
421 460
420 461
420 462
419 463
418 464
418 465
417 466
416 466
416 467
415 468
414 468
414 469
413 470
412 471
412 472
411 473
411 474
410 475
410 476
410 477
410 478
409 479
409 480
409 481
409 482
409 483
409 484
409 485
409 486
409 487
409 488
409 489
409 490
409 491
409 492
409 493
409 494
409 495
409 496
409 497
409 498
409 499
409 500
409 501
409 502
409 503
409 504
409 505
409 506
409 507
409 508
409 509
409 510
409 511
409 512
409 513
409 514
409 515
409 516
409 517
409 518
409 519
409 520
410 521
410 522
410 523
410 524
411 525
411 526
411 527
411 528
412 529
412 530
413 531
413 532
414 533
414 534
415 535
415 536
415 537
415 538
415 539
415 540
415 541
415 542
415 543
415 544
416 545
416 546
416 547
416 548
417 549
417 550
417 551
417 552
417 553
417 554
418 555
418 556
419 557
420 558
420 559
421 559
422 560
423 561
424 561
425 562
426 562
427 563
428 563
429 564
430 565
431 565
432 566
432 567
433 567
434 568
434 569
435 569
436 570
436 571
437 571
438 572
439 573
440 573
441 574
442 574
443 575
444 575
445 576
446 576
447 577
448 577
449 578
450 578
451 579
452 579
453 579
454 580
455 581
456 581
457 582
458 583
459 584
460 585
460 586
461 587
462 588
463 589
464 590
464 591
465 591
466 592
466 593
467 593
468 594
468 595
469 595
470 596
470 597
471 598
472 599
472 600
473 601
473 602
473 603
473 604
473 605
473 606
474 607
474 608
474 609
474 610
475 611
475 612
476 613
476 614
477 615
477 616
478 617
478 618
479 619
479 620
480 621
480 622
480 623
480 624
481 625
482 626
482 627
482 628
483 629
484 630
484 631
484 632
485 633
486 634
487 635
487 636
488 637
488 638
489 639
489 640
489 641
489 642
489 643
489 644
489 645
489 646
489 647
489 648
489 649
489 650
490 651
490 652
490 653
490 654
491 655
492 656
493 657
494 658
494 659
495 659
496 660
496 661
497 662
498 663
498 664
499 665
500 666
501 667
502 668
503 669
504 669
505 670
506 670
507 671
508 671
509 671
510 671
511 672
512 672
513 672
514 672
515 672
516 672
517 672
518 672
519 671
520 671
521 670
522 670
523 669
524 669
525 668
526 667
527 666
528 666
529 665
530 665
531 664
532 663
533 663
534 663
535 662
536 662
537 661
538 661
539 660
540 660
541 659
542 659
543 658
544 658
545 658
546 658
547 657
548 657
549 657
550 657
551 656
552 656
553 655
554 655
555 654
556 653
557 653
558 652
559 651
560 651
561 650
562 649
563 649
564 649
565 648
566 648
567 648
568 648
569 648
570 648
571 648
572 648
573 648
574 648
575 647
576 647
577 646
578 646
579 645
580 645
581 644
582 644
583 644
584 644
585 643
586 643
587 642
588 641
589 641
590 640
591 639
592 639
593 638
594 638
595 637
596 637
597 636
598 635
599 635
600 634
601 633
602 633
603 632
604 632
605 632
606 632
607 633
608 633
609 634
610 635
611 635
612 636
612 637
613 638
614 639
614 640
615 641
615 642
615 643
615 644
615 645
615 646
615 647
615 648
615 649
615 650
615 651
615 652
615 653
615 654
615 655
615 656
616 657
616 658
617 659
618 659
619 660
620 660
621 661
622 661
623 661
624 661
625 662
626 662
627 662
628 662
629 661
630 661
631 661
632 661
633 660
634 660
635 659
636 659
637 658
638 657
639 657
640 656
641 655
642 655
643 654
644 654
645 654
646 654
647 653
648 653
649 652
650 652
651 651
652 651
653 651
654 651
655 651
656 651
657 652
658 652
659 652
660 652
661 652
662 652
663 652
664 652
665 652
666 652
667 653
668 653
669 654
670 655
671 655
672 656
672 657
673 657
674 658
675 659
676 659
677 660
678 660
679 660
680 660
681 660
682 660
683 660
684 660
685 660
686 660
687 660
688 660
689 660
690 660
691 659
692 659
693 659
694 659
695 658
696 658
697 658
698 658
699 658
700 658
701 658
702 658
703 657
704 657
705 656
706 656
707 655
708 655
709 654
710 654
711 654
712 654
713 655
714 655
715 656
716 656
717 657
718 657
719 658
720 658
721 659
722 659
723 660
724 661
725 661
726 662
727 663
728 664
729 665
730 665
731 666
732 666
733 667
734 668
735 669
736 669
737 669
738 669
739 670
740 670
741 671
742 671
743 672
744 673
745 673
746 674
746 675
747 676
748 677
748 678
749 679
750 680
751 681
751 682
752 683
752 684
753 685
753 686
754 687
754 688
755 689
756 690
756 691
757 691
758 692
758 693
759 693
760 694
760 695
761 695
762 696
762 697
763 697
764 698
764 699
765 700
766 701
766 702
767 703
768 704
769 705
769 706
770 707
770 708
771 709
771 710
771 711
771 712
770 713
770 714
770 715
770 716
769 717
769 718
769 719
769 720
769 721
769 722
770 723
770 724
771 725
772 726
773 727
774 728
775 729
776 729
777 729
778 729
779 730
780 730
781 730
782 730
783 730
784 730
785 731
786 731
787 731
788 731
789 732
790 732
791 733
792 733
793 733
794 733
795 734
796 734
797 734
798 734
799 734
800 734
801 734
802 734
803 733
804 733
805 733
806 733
807 732
808 732
809 731
810 731
811 730
812 730
813 729
814 729
815 728
816 727
817 726
818 726
819 725
820 725
821 724
822 724
823 724
824 724
825 724
826 724
827 724
828 724
829 723
830 723
831 722
832 721
833 721
833 720
834 719
835 719
835 718
836 717
837 717
837 716
838 715
839 715
839 714
840 713
841 712
841 711
842 710
842 709
842 708
842 707
843 706
843 705
844 704
845 703
845 702
846 701
847 701
847 700
848 699
849 698
850 697
851 696
851 695
852 694
853 693
854 693
855 692
856 692
857 691
858 691
859 690
859 689
860 688
860 687
860 686
860 685
860 684
860 683
861 682
861 681
862 680
863 679
864 679
865 678
866 678
867 678
868 678
869 677
870 677
871 676
872 675
873 675
874 674
875 673
876 673
877 672
878 671
879 670
880 669
881 669
881 668
882 667
883 667
883 666
884 665
885 664
885 663
886 662
886 661
887 660
887 659
887 658
888 657
889 656
889 655
890 654
891 653
892 652
893 651
894 651
895 650
896 649
897 649
898 649
899 648
900 647
901 647
902 647
903 646
904 646
905 646
906 646
907 645
908 645
909 645
910 645
911 644
912 644
913 643
914 643
915 643
916 643
917 642
918 642
919 642
920 642
921 642
922 642
923 642
924 642
925 642
926 642
927 642
928 642
929 642
930 642
931 642
932 642
933 642
934 642
935 642
936 642
937 642
938 642
939 642
940 642
941 642
942 642
943 642
944 642
945 642
946 642
947 642
948 642
949 642
950 642
951 642
952 642
953 642
954 642
955 642
956 642
957 641
958 641
959 640
960 640
961 639
962 639
963 638
964 638
965 639
966 639
967 639
968 639
969 640
970 640
971 639
972 639
973 639
974 639
975 638
976 637
977 636
978 635
979 635
979 634
980 633
981 633
981 632
982 631
983 631
983 630
984 629
985 629
985 628
986 627
987 627
987 626
988 625
989 625
989 624
990 623
991 623
991 622
992 621
993 620
994 619
995 618
995 617
995 616
996 615
997 614
997 613
997 612
998 611
999 610
999 609
1000 608
1001 607
1001 606
1002 605
1003 604
1003 603
1004 602
1004 601
1005 600
1005 599
1005 598
1005 597
1006 596
1006 595
1007 594
1007 593
1007 592
1007 591
1008 590
1008 589
1008 588
1008 587
1008 586
1008 585
1008 584
1008 583
1008 582
1008 581
1009 580
1009 579
1009 578
1010 577
1011 576
1011 575
1011 574
1011 573
1012 572
1012 571
1013 570
1013 569
1013 568
1013 567
1014 566
1014 565
1014 564
1014 563
1014 562
1014 561
1014 560
1014 559
1014 558
1014 557
1013 556
1013 555
1012 554
1011 553
1011 552
1010 551
1009 550
1009 549
1008 548
1007 547
1007 546
1007 545
1006 544
1005 543
1005 542
1005 541
1004 540
1003 539
1003 538
1003 537
1002 536
1002 535
1002 534
1002 533
1001 532
1001 531
1000 530
999 529
999 528
998 527
997 526
997 525
996 524
995 523
994 522
994 521
993 520
993 519
992 518
992 517
991 516
991 515
990 514
989 513
989 512
988 511
987 510
987 509
986 508
985 507
984 506
983 505
983 504
982 504
981 503
981 502
980 501
979 500
979 499
978 498
977 497
976 496
975 495
974 494
973 494
972 493
971 493
970 492
969 492
968 491
967 490
966 490
965 489
965 488
964 488
963 487
963 486
962 486
961 485
961 484
960 484
959 483
959 482
958 482
957 481
957 480
956 480
955 479
955 478
954 478
953 477
953 476
952 476
951 475
951 474
950 474
949 473
949 472
948 472
947 471
946 470
945 470
944 469
943 469
942 469
941 469
940 468
939 468
938 467
937 466
936 466
935 465
935 464
934 464
933 463
932 462
931 462
930 461
929 461
928 460
927 460
926 460
925 460
924 459
923 459
922 459
921 459
920 459
919 459
918 459
917 459
916 459
915 459
914 459
913 459
912 459
911 459
910 459
909 459
908 459
907 459
906 459
905 459
904 458
903 458
902 458
901 457
900 456
899 456
898 456
897 456
896 455
895 455
894 455
893 455
892 454
891 454
890 453
889 452
888 452
887 451
886 450
885 449
884 448
883 448
882 448
881 448
880 447
879 447
878 446
877 446
876 445
875 444
874 444
873 443
872 442
871 441
870 440
869 440
868 440
867 439
866 438
865 438
864 438
863 438
862 437
861 437
860 436
859 436
858 436
857 435
856 434
855 434
854 434
853 433
852 432
851 432
850 432
849 432
848 431
847 431
846 431
845 431
844 430
843 430
842 430
841 430
840 429
839 429
838 428
837 428
836 428
835 428
834 427
833 427
832 427
831 427
830 427
829 427
828 427
827 427
826 426
825 426
824 426
823 426
822 425
821 425
820 424
819 424
818 424
817 423
816 422
815 422
814 422
813 422
812 421
811 421
810 421
809 421
808 420
807 420
806 420
805 419
804 418
803 418
802 418
801 417
800 416
799 416
798 416
797 416
796 415
795 415
794 415
793 415
792 415
791 415
790 414
789 414
788 414
787 414
786 413
785 413
784 413
783 413
782 413
781 413
780 413
779 413
778 412
777 412
776 412
775 412
774 411
773 411
772 410
771 410
770 410
769 410
768 409
767 409
766 408
765 408
764 408
763 408
762 407
761 407
760 407
759 407
758 407
757 407
756 407
755 407
754 407
753 407
752 407
751 407
750 407
749 407
748 406
747 406
746 406
745 406
744 405
743 405
742 405
741 405
740 405
739 405
738 405
737 405
736 404
735 404
734 404
733 404
732 403
731 403
730 403
729 403
728 403
727 403
726 403
725 403
724 403
723 403
722 403
721 403
720 402
719 402
718 402
717 402
716 401
715 401
714 401
713 401
712 401
711 401
710 400
709 400
708 399
707 399
706 398
705 398
704 397
703 397
702 397
701 397
700 397
699 397
698 397
697 397
696 397
695 397
694 396
693 396
692 396
691 396
690 395
689 395
688 395
687 395
686 395
685 395
684 395
683 395
682 395
681 395
680 395
679 395
678 394
677 394
676 394
675 394
674 393
673 393
672 392
671 392
670 392
669 392
668 391
667 391
666 391
665 391
664 391
663 391
662 391
661 391
660 391
659 391
658 391
657 391
656 391
655 391
654 391
653 391
652 391
651 391
650 391
649 391
648 391
647 391
646 392
645 392
644 392
643 392
642 393
641 394
640 394
639 394
638 395
637 395
636 395
635 395
634 394
633 394
632 394
631 394
630 393
629 393
628 393
627 393
626 393
625 393
624 393
623 393
622 392
621 392
620 392
619 392
618 391
617 391
616 391
615 391
614 391
613 391
612 391
611 391
610 391
609 391
608 391
607 391
606 391
605 391
604 391
603 391
602 391
601 391
