467 2168
466 2169
465 2169
464 2170
463 2170
462 2171
461 2171
460 2171
459 2171
458 2171
457 2171
456 2171
455 2171
454 2171
453 2171
452 2172
451 2172
450 2173
449 2174
448 2174
448 2175
447 2176
446 2176
446 2177
445 2178
444 2179
443 2180
442 2181
442 2182
442 2183
442 2184
441 2185
441 2186
441 2187
441 2188
440 2189
440 2190
440 2191
440 2192
439 2193
439 2194
439 2195
439 2196
439 2197
439 2198
438 2199
438 2200
438 2201
438 2202
437 2203
437 2204
437 2205
437 2206
436 2207
436 2208
435 2209
434 2210
434 2211
433 2212
432 2212
432 2213
431 2214
430 2214
430 2215
429 2216
428 2216
428 2217
427 2218
426 2218
426 2219
425 2220
424 2220
423 2221
422 2222
421 2222
420 2223
419 2224
418 2225
418 2226
417 2227
417 2228
417 2229
417 2230
416 2231
416 2232
416 2233
416 2234
415 2235
415 2236
415 2237
415 2238
415 2239
415 2240
414 2241
414 2242
414 2243
414 2244
413 2245
413 2246
413 2247
413 2248
413 2249
413 2250
413 2251
413 2252
412 2253
412 2254
412 2255
411 2256
410 2257
410 2258
410 2259
409 2260
408 2261
408 2262
407 2263
407 2264
406 2265
406 2266
405 2267
405 2268
405 2269
405 2270
405 2271
405 2272
405 2273
405 2274
404 2275
404 2276
404 2277
404 2278
403 2279
403 2280
403 2281
403 2282
403 2283
403 2284
402 2285
402 2286
401 2287
400 2288
400 2289
399 2290
398 2290
398 2291
397 2292
396 2293
395 2294
394 2295
394 2296
394 2297
394 2298
393 2299
393 2300
393 2301
393 2302
392 2303
392 2304
392 2305
391 2306
390 2307
390 2308
390 2309
390 2310
389 2311
389 2312
389 2313
389 2314
389 2315
389 2316
389 2317
389 2318
389 2319
389 2320
389 2321
389 2322
388 2323
388 2324
388 2325
388 2326
387 2327
387 2328
387 2329
387 2330
386 2331
386 2332
386 2333
386 2334
385 2335
385 2336
385 2337
385 2338
385 2339
385 2340
385 2341
385 2342
384 2343
384 2344
384 2345
384 2346
383 2347
383 2348
383 2349
383 2350
383 2351
383 2352
383 2353
383 2354
383 2355
383 2356
383 2357
383 2358
383 2359
383 2360
382 2361
382 2362
382 2363
382 2364
381 2365
381 2366
381 2367
381 2368
381 2369
381 2370
381 2371
381 2372
381 2373
381 2374
380 2375
379 2376
378 2377
377 2378
376 2379
375 2380
374 2381
373 2382
372 2383
372 2384
372 2385
372 2386
371 2387
371 2388
370 2389
370 2390
370 2391
370 2392
369 2393
369 2394
369 2395
369 2396
368 2397
368 2398
368 2399
368 2400
367 2401
367 2402
367 2403
367 2404
366 2405
366 2406
366 2407
366 2408
365 2409
365 2410
365 2411
365 2412
365 2413
365 2414
365 2415
365 2416
365 2417
365 2418
365 2419
365 2420
365 2421
365 2422
365 2423
365 2424
366 2425
366 2426
366 2427
366 2428
367 2429
367 2430
367 2431
367 2432
368 2433
368 2434
368 2435
368 2436
369 2437
369 2438
370 2439
370 2440
371 2441
372 2442
372 2443
373 2444
374 2445
374 2446
375 2447
376 2448
377 2449
378 2450
378 2451
379 2451
380 2452
380 2453
381 2453
382 2454
383 2455
384 2455
385 2456
386 2456
387 2456
388 2456
389 2456
390 2456
391 2456
392 2456
393 2456
394 2456
395 2456
396 2456
397 2456
398 2456
399 2456
400 2456
401 2456
402 2456
403 2456
404 2456
405 2456
406 2456
407 2456
408 2456
409 2456
410 2456
411 2456
412 2456
413 2457
414 2457
415 2457
416 2457
417 2458
418 2458
419 2458
420 2458
421 2458
422 2458
423 2458
424 2458
425 2458
426 2458
427 2458
428 2458
429 2458
430 2458
431 2458
432 2458
433 2458
434 2458
435 2458
436 2458
437 2459
438 2459
439 2459
440 2460
441 2461
442 2461
443 2462
444 2462
445 2463
446 2463
447 2464
448 2464
449 2464
450 2464
451 2464
452 2464
453 2464
454 2464
455 2464
456 2464
457 2465
458 2465
459 2465
460 2465
461 2466
462 2466
463 2466
464 2466
465 2466
466 2466
467 2466
468 2466
469 2466
470 2466
471 2465
472 2465
473 2465
474 2465
475 2464
476 2464
477 2463
478 2463
479 2463
480 2463
481 2462
482 2461
483 2461
484 2461
485 2460
486 2459
487 2459
488 2459
489 2458
490 2457
491 2457
492 2457
493 2456
494 2455
495 2455
496 2455
497 2454
498 2454
499 2454
500 2454
501 2453
502 2453
503 2453
504 2453
505 2452
506 2452
507 2451
508 2451
509 2451
510 2451
511 2450
512 2450
513 2449
514 2449
515 2449
516 2449
517 2448
518 2447
519 2447
520 2447
521 2446
522 2446
523 2446
524 2446
525 2446
526 2446
527 2445
528 2445
529 2445
530 2445
531 2444
532 2444
533 2443
534 2443
535 2443
536 2443
537 2442
538 2442
539 2442
540 2442
541 2442
542 2442
543 2442
544 2442
545 2442
546 2442
547 2442
548 2442
549 2442
550 2442
551 2441
552 2441
553 2441
554 2441
555 2440
556 2440
557 2440
558 2440
559 2440
560 2440
561 2440
562 2440
563 2440
564 2440
565 2440
566 2440
567 2440
568 2440
569 2440
570 2440
571 2440
572 2440
573 2440
574 2440
575 2440
576 2440
577 2440
578 2440
579 2440
580 2440
581 2440
582 2440
583 2440
584 2440
585 2439
586 2439
587 2439
588 2439
589 2438
590 2437
591 2437
592 2437
593 2436
594 2436
595 2436
596 2436
597 2436
598 2436
599 2436
600 2436
601 2435
602 2435
603 2435
604 2435
605 2434
606 2433
607 2433
608 2433
609 2432
610 2432
611 2432
612 2432
613 2432
614 2432
615 2431
616 2431
617 2431
618 2431
619 2430
620 2430
621 2430
622 2430
623 2430
624 2430
625 2429
626 2429
627 2428
628 2428
629 2427
630 2427
631 2426
632 2425
633 2424
634 2424
635 2423
636 2423
637 2422
638 2421
639 2420
640 2419
641 2419
642 2418
643 2417
644 2417
645 2416
646 2415
647 2414
648 2413
649 2413
649 2412
650 2411
651 2411
651 2410
652 2409
653 2409
653 2408
654 2407
655 2407
655 2406
656 2405
657 2405
658 2404
659 2403
660 2403
661 2402
662 2401
663 2400
664 2399
665 2399
666 2398
667 2397
668 2397
669 2396
670 2395
671 2394
672 2393
673 2393
673 2392
674 2391
675 2391
676 2390
677 2389
678 2389
679 2388
680 2387
681 2386
682 2385
683 2385
683 2384
684 2383
685 2383
685 2382
686 2381
687 2381
687 2380
688 2379
689 2379
689 2378
690 2377
691 2377
691 2376
692 2375
693 2375
693 2374
694 2373
695 2373
695 2372
696 2371
697 2371
698 2370
699 2369
700 2369
701 2368
702 2367
703 2367
704 2367
705 2366
706 2365
707 2365
708 2365
709 2364
710 2363
711 2362
712 2362
713 2361
714 2361
715 2360
716 2359
717 2358
718 2357
719 2357
719 2356
720 2355
721 2355
722 2354
723 2353
724 2353
725 2352
726 2351
727 2350
728 2349
729 2349
729 2348
730 2347
731 2347
732 2346
733 2345
734 2345
735 2344
736 2344
737 2343
738 2343
739 2342
740 2341
741 2341
741 2340
742 2339
743 2339
743 2338
744 2337
745 2337
745 2336
746 2335
747 2335
747 2334
748 2333
749 2333
749 2332
750 2331
751 2331
751 2330
752 2329
753 2329
753 2328
754 2327
755 2326
755 2325
756 2324
756 2323
756 2322
756 2321
756 2320
756 2319
756 2318
756 2317
756 2316
756 2315
757 2314
757 2313
757 2312
757 2311
757 2310
757 2309
756 2308
755 2307
755 2306
754 2306
753 2305
753 2304
752 2304
751 2303
751 2302
750 2302
749 2301
749 2300
748 2300
747 2299
747 2298
746 2298
745 2297
745 2296
744 2295
743 2294
743 2293
742 2292
742 2291
743 2290
743 2289
743 2288
743 2287
744 2286
744 2285
744 2284
744 2283
744 2282
744 2281
745 2280
745 2279
746 2278
747 2277
747 2276
748 2275
749 2275
749 2274
750 2273
751 2273
751 2272
752 2271
753 2270
753 2269
754 2268
754 2267
754 2266
754 2265
754 2264
754 2263
754 2262
754 2261
754 2260
754 2259
754 2258
754 2257
753 2256
753 2255
752 2254
751 2253
750 2252
749 2252
748 2251
747 2251
746 2250
745 2250
744 2250
743 2249
742 2248
741 2248
740 2248
739 2248
738 2247
737 2247
736 2246
735 2246
734 2245
733 2245
732 2244
731 2244
730 2243
729 2243
728 2243
727 2243
726 2242
725 2242
724 2242
723 2242
722 2241
721 2241
720 2241
719 2241
718 2241
717 2241
716 2241
715 2241
714 2240
713 2240
712 2240
711 2239
710 2238
709 2238
708 2238
707 2237
706 2236
705 2236
704 2236
703 2236
702 2235
701 2235
700 2235
699 2235
698 2235
697 2235
696 2235
695 2235
694 2235
693 2235
692 2235
691 2235
690 2235
689 2235
688 2234
687 2234
686 2233
685 2232
684 2231
684 2230
684 2229
683 2229
682 2228
682 2227
681 2227
680 2227
679 2227
678 2227
677 2227
676 2227
675 2227
674 2226
673 2226
672 2226
671 2226
670 2225
669 2225
668 2224
667 2224
666 2224
665 2223
664 2222
663 2222
662 2222
661 2221
660 2220
659 2220
658 2220
657 2220
656 2219
655 2219
654 2218
653 2218
652 2218
651 2217
650 2216
649 2216
648 2216
647 2215
646 2214
645 2214
644 2214
643 2213
642 2212
641 2212
640 2211
639 2211
638 2210
637 2209
636 2208
635 2208
634 2208
633 2208
632 2207
631 2207
630 2207
629 2207
628 2207
627 2207
626 2207
625 2207
624 2206
623 2206
622 2206
621 2206
620 2205
619 2205
618 2205
617 2205
616 2205
615 2205
614 2205
613 2205
612 2205
611 2205
610 2204
609 2204
608 2204
607 2204
606 2203
605 2203
604 2202
603 2202
602 2202
601 2202
600 2201
599 2201
598 2201
597 2201
596 2200
595 2200
594 2200
593 2200
592 2199
591 2199
590 2199
589 2199
588 2199
587 2199
586 2198
585 2198
584 2198
583 2198
582 2197
581 2197
580 2197
579 2197
578 2197
577 2197
576 2197
575 2197
574 2197
573 2197
572 2197
571 2197
570 2197
569 2197
568 2196
567 2196
566 2196
565 2195
564 2194
563 2194
562 2194
561 2193
560 2192
559 2192
558 2192
557 2192
556 2191
555 2191
554 2190
553 2190
552 2189
551 2189
550 2188
549 2187
548 2186
547 2186
546 2185
545 2184
544 2184
543 2183
542 2182
541 2181
540 2180
539 2180
538 2180
537 2180
536 2179
535 2179
534 2179
533 2179
532 2179
531 2179
530 2179
529 2179
528 2179
527 2179
526 2179
525 2179
524 2179
523 2179
522 2179
521 2179
520 2179
519 2179
518 2180
517 2180
516 2181
515 2181
514 2182
513 2182
512 2183
511 2183
510 2183
509 2183
508 2182
507 2182
506 2182
505 2182
504 2181
503 2181
502 2181
501 2181
500 2181
499 2181
498 2181
497 2181
496 2180
495 2180
494 2180
493 2179
492 2178
491 2178
490 2177
489 2176
488 2176
487 2175
487 2174
486 2174
485 2173
484 2172
483 2172
482 2171
481 2171
480 2170
479 2170
478 2170
477 2170
476 2169
475 2169
474 2169
473 2169
472 2168
471 2168
470 2168
469 2168
468 2168
467 2168
