1887 1305
1886 1306
1885 1306
1884 1306
1883 1306
1882 1307
1881 1307
1880 1307
1879 1307
1878 1307
1877 1307
1876 1307
1875 1307
1874 1308
1873 1308
1872 1308
1871 1308
1870 1309
1869 1309
1868 1310
1867 1310
1866 1310
1865 1310
1864 1311
1863 1311
1862 1311
1861 1311
1860 1312
1859 1312
1858 1312
1857 1312
1856 1313
1855 1314
1854 1314
1853 1314
1852 1315
1851 1315
1850 1316
1849 1316
1848 1316
1847 1316
1846 1317
1845 1318
1844 1318
1843 1318
1842 1319
1841 1319
1840 1320
1839 1320
1838 1320
1837 1320
1836 1321
1835 1321
1834 1321
1833 1321
1832 1321
1831 1321
1830 1322
1829 1322
1828 1322
1827 1322
1826 1323
1825 1323
1824 1324
1823 1324
1822 1324
1821 1324
1820 1325
1819 1325
1818 1325
1817 1325
1816 1326
1815 1326
1814 1326
1813 1326
1812 1327
1811 1327
1810 1328
1809 1328
1808 1329
1807 1330
1806 1330
1805 1331
1804 1332
1803 1332
1802 1333
1801 1333
1800 1333
1799 1333
1798 1333
1797 1333
1796 1333
1795 1333
1794 1333
1793 1333
1792 1333
1791 1333
1790 1333
1789 1333
1788 1332
1787 1332
1786 1332
1785 1332
1784 1331
1783 1331
1782 1331
1781 1331
1780 1331
1779 1331
1778 1331
1777 1331
1776 1331
1775 1331
1774 1331
1773 1331
1772 1331
1771 1331
1770 1331
1769 1331
1768 1331
1767 1331
1766 1331
1765 1331
1764 1331
1763 1331
1762 1331
1761 1331
1760 1331
1759 1331
1758 1331
1757 1331
1756 1331
1755 1331
1754 1332
1753 1332
1752 1333
1751 1333
1750 1334
1749 1334
1748 1335
1747 1336
1746 1336
1745 1336
1744 1337
1743 1337
1742 1338
1741 1338
1740 1338
1739 1338
1738 1339
1737 1340
1736 1340
1735 1340
1734 1341
1733 1341
1732 1341
1731 1341
1730 1342
1729 1342
1728 1342
1727 1342
1726 1343
1725 1344
1724 1344
1723 1344
1722 1345
1721 1345
1720 1346
1719 1346
1718 1347
1717 1348
1716 1348
1715 1349
1714 1350
1713 1350
1712 1351
1711 1351
1710 1351
1709 1351
1708 1351
1707 1351
1706 1351
1705 1351
1704 1351
1703 1351
1702 1351
1701 1351
1700 1351
1699 1351
1698 1351
1697 1351
1696 1351
1695 1351
1694 1351
1693 1351
1692 1351
1691 1351
1690 1351
1689 1351
1688 1351
1687 1351
1686 1351
1685 1351
1684 1351
1683 1351
1682 1351
1681 1351
1680 1351
1679 1351
1678 1351
1677 1351
1676 1352
1675 1352
1674 1352
1673 1352
1672 1353
1671 1354
1670 1355
1669 1356
1668 1356
1667 1357
1666 1358
1665 1358
1664 1359
1663 1360
1662 1361
1661 1361
1660 1362
1659 1362
1658 1363
1657 1363
1656 1364
1655 1364
1654 1365
1653 1366
1652 1366
1651 1367
1650 1368
1649 1368
1648 1369
1647 1370
1646 1370
1645 1370
1644 1371
1643 1372
1642 1373
1641 1373
1640 1374
1639 1374
1638 1375
1637 1375
1636 1376
1635 1376
1634 1376
1633 1376
1632 1377
1631 1378
1630 1378
1629 1378
1628 1379
1627 1380
1626 1380
1625 1380
1624 1381
1623 1382
1622 1383
1621 1383
1620 1384
1619 1384
1618 1385
1617 1386
1616 1387
1615 1387
1614 1388
1613 1388
1612 1389
1611 1389
1610 1389
1609 1389
1608 1390
1607 1390
1606 1391
1605 1392
1604 1392
1604 1393
1603 1394
1602 1394
1602 1395
1601 1396
1600 1396
1600 1397
1599 1398
1598 1398
1598 1399
1597 1400
1596 1400
1596 1401
1595 1402
1594 1403
1594 1404
1593 1405
1593 1406
1592 1407
1592 1408
1592 1409
1592 1410
1591 1411
1591 1412
1592 1413
1592 1414
1593 1415
1594 1416
1595 1417
1596 1418
1597 1419
1598 1419
1599 1420
1600 1420
1601 1421
1602 1421
1603 1422
1604 1422
1605 1423
1606 1423
1607 1424
1608 1425
1609 1425
1610 1426
1610 1427
1611 1427
1612 1428
1612 1429
1613 1429
1614 1430
1615 1431
1616 1431
1617 1432
1618 1432
1619 1433
1620 1433
1621 1434
1622 1435
1623 1435
1624 1436
1624 1437
1625 1437
1626 1438
1626 1439
1627 1439
1628 1440
1629 1441
1630 1441
1631 1442
1632 1442
1633 1442
1634 1442
1635 1442
1636 1442
1637 1442
1638 1442
1639 1442
1640 1442
1641 1443
1642 1443
1643 1443
1644 1443
1645 1444
1646 1444
1647 1445
1648 1445
1649 1446
1650 1446
1651 1447
1652 1447
1653 1448
1654 1448
1655 1448
1656 1448
1657 1449
1658 1449
1659 1449
1660 1449
1661 1450
1662 1450
1663 1450
1664 1450
1665 1450
1666 1450
1667 1450
1668 1450
1669 1450
1670 1450
1671 1450
1672 1450
1673 1450
1674 1450
1675 1450
1676 1450
1677 1450
1678 1450
1679 1450
1680 1450
1681 1450
1682 1450
1683 1450
1684 1450
1685 1450
1686 1450
1687 1450
1688 1450
1689 1451
1690 1451
1691 1452
1692 1453
1693 1453
1694 1454
1694 1455
1695 1455
1696 1456
1696 1457
1697 1457
1698 1458
1699 1459
1700 1459
1701 1460
1702 1460
1703 1461
1704 1461
1705 1461
1706 1462
1707 1463
1708 1463
1709 1463
1710 1463
1711 1464
1712 1464
1713 1464
1714 1464
1715 1464
1716 1464
1717 1464
1718 1464
1719 1464
1720 1464
1721 1464
1722 1464
1723 1463
1724 1463
1725 1463
1726 1463
1727 1462
1728 1462
1729 1462
1730 1462
1731 1461
1732 1461
1733 1460
1734 1460
1735 1459
1736 1459
1737 1458
1738 1458
1739 1458
1740 1458
1741 1458
1742 1458
1743 1458
1744 1458
1745 1458
1746 1458
1747 1458
1748 1458
1749 1458
1750 1458
1751 1459
1752 1459
1753 1460
1754 1461
1755 1461
1756 1462
1756 1463
1757 1463
1758 1464
1759 1465
1760 1466
1761 1467
1762 1467
1763 1468
1764 1469
1764 1470
1765 1471
1765 1472
1765 1473
1765 1474
1765 1475
1765 1476
1766 1477
1766 1478
1767 1479
1768 1480
1768 1481
1769 1482
1770 1483
1771 1484
1772 1485
1773 1486
1774 1487
1775 1488
1776 1489
1776 1490
1776 1491
1776 1492
1776 1493
1777 1493
1778 1493
1779 1493
1780 1493
1781 1493
1782 1493
1783 1493
1784 1493
1785 1493
1786 1493
1787 1493
1788 1493
1789 1493
1790 1493
1791 1493
1792 1493
1793 1493
1794 1493
1795 1494
1796 1494
1797 1495
1798 1495
1799 1495
1800 1494
1801 1493
1802 1493
1803 1492
1804 1492
1805 1492
1806 1492
1807 1492
1808 1492
1809 1492
1810 1492
1811 1492
1812 1492
1813 1493
1814 1493
1815 1493
1816 1493
1817 1494
1818 1494
1819 1494
1820 1494
1821 1494
1822 1494
1823 1495
1824 1495
1825 1495
1826 1495
1827 1496
1828 1496
1829 1496
1830 1496
1831 1496
1832 1496
1833 1496
1834 1496
1835 1496
1836 1496
1837 1497
1838 1497
1839 1498
1840 1499
1841 1499
1842 1500
1842 1501
1843 1501
1844 1502
1844 1503
1845 1503
1846 1504
1846 1505
1847 1505
1848 1506
1848 1507
1849 1507
1850 1508
1850 1509
1851 1509
1852 1510
1853 1511
1854 1512
1855 1513
1856 1513
1857 1513
1858 1514
1859 1515
1860 1515
1861 1516
1862 1516
1863 1517
1864 1517
1865 1518
1866 1518
1867 1518
1868 1518
1869 1518
1870 1518
1871 1518
1872 1518
1873 1519
1874 1519
1875 1519
1876 1519
1877 1520
1878 1520
1879 1520
1880 1520
1881 1520
1882 1520
1883 1520
1884 1520
1885 1520
1886 1520
1887 1520
1888 1520
1889 1520
1890 1520
1891 1520
1892 1520
1893 1519
1894 1519
1895 1519
1896 1519
1897 1518
1898 1518
1899 1518
1900 1518
1901 1518
1902 1518
1903 1517
1904 1517
1905 1517
1906 1517
1907 1516
1908 1515
1909 1514
1910 1514
1911 1513
1912 1513
1913 1512
1914 1512
1915 1511
1916 1511
1917 1511
1918 1511
1919 1510
1920 1509
1921 1509
1922 1509
1923 1508
1924 1508
1925 1508
1926 1508
1927 1508
1928 1508
1929 1508
1930 1508
1931 1507
1932 1507
1933 1507
1934 1507
1935 1506
1936 1506
1937 1506
1938 1506
1939 1505
1940 1505
1941 1505
1942 1505
1943 1504
1944 1504
1945 1504
1946 1504
1947 1504
1948 1504
1949 1503
1950 1503
1951 1503
1952 1503
1953 1502
1954 1502
1955 1502
1956 1502
1957 1502
1958 1502
1959 1502
1960 1502
1961 1502
1962 1502
1963 1502
1964 1502
1965 1501
1966 1501
1967 1501
1968 1501
1969 1500
1970 1500
1971 1500
1972 1500
1973 1500
1974 1500
1975 1500
1976 1500
1977 1500
1978 1500
1979 1500
1980 1500
1981 1500
1982 1500
1983 1500
1984 1500
1985 1500
1986 1500
1987 1500
1988 1500
1989 1500
1990 1500
1991 1500
1992 1500
1993 1500
1994 1500
1995 1500
1996 1500
1997 1500
1998 1500
1999 1500
2000 1500
2001 1500
2002 1500
2003 1500
2004 1500
2005 1500
2006 1500
2007 1500
2008 1500
2009 1499
2010 1499
2011 1499
2012 1499
2013 1498
2014 1498
2015 1498
2016 1498
2017 1498
2018 1498
2019 1498
2020 1498
2021 1498
2022 1498
2023 1498
2024 1498
2025 1497
2026 1497
2027 1497
2028 1497
2029 1496
2030 1495
2031 1495
2032 1495
2033 1494
2034 1494
2035 1494
2036 1494
2037 1493
2038 1493
2039 1493
2040 1493
2041 1492
2042 1492
2043 1491
2044 1491
2045 1490
2045 1489
2046 1488
2046 1487
2046 1486
2046 1485
2046 1484
2046 1483
2047 1482
2047 1481
2048 1480
2049 1479
2049 1478
2050 1477
2051 1476
2051 1475
2052 1474
2052 1473
2053 1472
2053 1471
2053 1470
2054 1469
2055 1468
2055 1467
2055 1466
2055 1465
2056 1464
2056 1463
2056 1462
2056 1461
2057 1460
2057 1459
2058 1458
2059 1457
2059 1456
2060 1455
2061 1455
2061 1454
2062 1453
2063 1453
2063 1452
2064 1451
2065 1451
2065 1450
2066 1449
2067 1449
2067 1448
2068 1447
2069 1447
2069 1446
2070 1445
2071 1445
2071 1444
2072 1443
2073 1443
2073 1442
2074 1441
2075 1441
2075 1440
2076 1439
2077 1439
2077 1438
2078 1437
2079 1437
2079 1436
2080 1435
2081 1434
2081 1433
2082 1432
2082 1431
2082 1430
2082 1429
2082 1428
2082 1427
2082 1426
2082 1425
2082 1424
2082 1423
2082 1422
2082 1421
2082 1420
2082 1419
2082 1418
2082 1417
2082 1416
2082 1415
2082 1414
2082 1413
2082 1412
2082 1411
2082 1410
2082 1409
2082 1408
2082 1407
2082 1406
2082 1405
2082 1404
2082 1403
2082 1402
2082 1401
2082 1400
2082 1399
2082 1398
2082 1397
2081 1396
2081 1395
2081 1394
2081 1393
2080 1392
2079 1391
2078 1390
2077 1389
2077 1388
2076 1388
2075 1387
2075 1386
2074 1386
2073 1385
2072 1384
2071 1383
2070 1382
2069 1382
2068 1381
2067 1380
2066 1380
2065 1379
2065 1378
2064 1378
2063 1377
2063 1376
2062 1376
2061 1375
2061 1374
2060 1374
2059 1373
2059 1372
2058 1371
2057 1370
2057 1369
2056 1368
2055 1367
2054 1366
2053 1365
2053 1364
2052 1364
2051 1363
2051 1362
2050 1362
2049 1361
2049 1360
2048 1360
2047 1359
2047 1358
2046 1358
2045 1357
2045 1356
2044 1356
2043 1355
2043 1354
2042 1354
2041 1353
2041 1352
2040 1352
2039 1351
2039 1350
2038 1350
2037 1349
2037 1348
2036 1348
2035 1347
2035 1346
2034 1346
2033 1345
2033 1344
2032 1344
2031 1343
2031 1342
2030 1342
2029 1341
2029 1340
2028 1340
2027 1339
2026 1338
2025 1337
2024 1336
2023 1336
2022 1336
2021 1336
2020 1335
2019 1335
2018 1334
2017 1334
2016 1334
2015 1334
2014 1333
2013 1333
2012 1333
2011 1333
2010 1332
2009 1332
2008 1332
2007 1332
2006 1331
2005 1331
2004 1331
2003 1331
2002 1331
2001 1331
2000 1331
1999 1331
1998 1331
1997 1331
1996 1331
1995 1331
1994 1331
1993 1331
1992 1331
1991 1331
1990 1331
1989 1331
1988 1331
1987 1331
1986 1331
1985 1331
1984 1331
1983 1331
1982 1331
1981 1331
1980 1330
1979 1330
1978 1330
1977 1330
1976 1329
1975 1329
1974 1329
1973 1329
1972 1329
1971 1329
1970 1329
1969 1329
1968 1329
1967 1329
1966 1329
1965 1329
1964 1329
1963 1329
1962 1328
1961 1328
1960 1328
1959 1328
1958 1327
1957 1327
1956 1327
1955 1327
1954 1327
1953 1327
1952 1327
1951 1327
1950 1327
1949 1327
1948 1327
1947 1327
1946 1327
1945 1327
1944 1327
1943 1327
1942 1327
1941 1327
1940 1327
1939 1327
1938 1326
1937 1326
1936 1326
1935 1325
1934 1324
1933 1324
1932 1323
1931 1323
1930 1322
1929 1322
1928 1321
1927 1321
1926 1320
1925 1320
1924 1320
1923 1320
1922 1319
1921 1319
1920 1318
1919 1318
1918 1317
1917 1316
1916 1316
1915 1315
1914 1314
1913 1313
1912 1312
1911 1312
1910 1311
1909 1311
1908 1310
1907 1309
1906 1308
1905 1308
1904 1307
1903 1307
1902 1306
1901 1306
1900 1305
1899 1305
1898 1305
1897 1305
1896 1305
1895 1305
1894 1305
1893 1305
1892 1305
1891 1305
1890 1305
1889 1305
1888 1305
1887 1305
