2171 3253
2170 3254
2169 3254
2168 3254
2167 3254
2166 3255
2165 3255
2164 3256
2163 3256
2162 3257
2161 3257
2160 3258
2159 3258
2158 3259
2157 3259
2156 3260
2155 3260
2154 3261
2153 3262
2152 3263
2152 3264
2152 3265
2151 3266
2150 3267
2150 3268
2149 3269
2149 3270
2148 3271
2148 3272
2147 3273
2147 3274
2147 3275
2147 3276
2147 3277
2147 3278
2146 3279
2146 3280
2146 3281
2146 3282
2145 3283
2145 3284
2145 3285
2145 3286
2145 3287
2145 3288
2145 3289
2145 3290
2145 3291
2145 3292
2145 3293
2145 3294
2146 3295
2146 3296
2146 3297
2146 3298
2147 3299
2147 3300
2147 3301
2147 3302
2147 3303
2147 3304
2147 3305
2147 3306
2147 3307
2147 3308
2147 3309
2147 3310
2147 3311
2147 3312
2147 3313
2147 3314
2147 3315
2147 3316
2147 3317
2147 3318
2147 3319
2147 3320
2147 3321
2147 3322
2146 3323
2146 3324
2146 3325
2145 3326
2144 3327
2144 3328
2144 3329
2143 3330
2142 3331
2142 3332
2142 3333
2142 3334
2141 3335
2141 3336
2141 3337
2141 3338
2140 3339
2140 3340
2140 3341
2140 3342
2139 3343
2139 3344
2139 3345
2139 3346
2139 3347
2139 3348
2138 3349
2138 3350
2137 3351
2136 3352
2136 3353
2135 3354
2134 3355
2134 3356
2133 3357
2133 3358
2133 3359
2133 3360
2133 3361
2133 3362
2133 3363
2133 3364
2132 3365
2132 3366
2132 3367
2132 3368
2131 3369
2131 3370
2131 3371
2131 3372
2131 3373
2131 3374
2130 3375
2130 3376
2130 3377
2130 3378
2129 3379
2129 3380
2129 3381
2129 3382
2129 3383
2129 3384
2129 3385
2129 3386
2129 3387
2129 3388
2129 3389
2129 3390
2128 3391
2128 3392
2128 3393
2128 3394
2127 3395
2127 3396
2127 3397
2127 3398
2127 3399
2127 3400
2127 3401
2127 3402
2127 3403
2127 3404
2127 3405
2127 3406
2127 3407
2127 3408
2127 3409
2127 3410
2127 3411
2127 3412
2128 3413
2128 3414
2128 3415
2128 3416
2129 3417
2129 3418
2130 3419
2130 3420
2130 3421
2130 3422
2131 3423
2131 3424
2132 3425
2132 3426
2132 3427
2132 3428
2133 3429
2133 3430
2133 3431
2133 3432
2133 3433
2133 3434
2133 3435
2133 3436
2133 3437
2133 3438
2133 3439
2133 3440
2133 3441
2133 3442
2133 3443
2133 3444
2133 3445
2133 3446
2133 3447
2133 3448
2133 3449
2133 3450
2133 3451
2133 3452
2133 3453
2133 3454
2134 3455
2134 3456
2134 3457
2134 3458
2135 3459
2135 3460
2136 3461
2136 3462
2136 3463
2136 3464
2137 3465
2137 3466
2138 3467
2138 3468
2138 3469
2138 3470
2139 3471
2139 3472
2139 3473
2139 3474
2139 3475
2139 3476
2139 3477
2139 3478
2139 3479
2139 3480
2139 3481
2139 3482
2139 3483
2139 3484
2139 3485
2139 3486
2139 3487
2139 3488
2139 3489
2139 3490
2139 3491
2139 3492
2139 3493
2139 3494
2139 3495
2139 3496
2140 3497
2140 3498
2140 3499
2140 3500
2141 3501
2141 3502
2141 3503
2141 3504
2141 3505
2141 3506
2141 3507
2141 3508
2141 3509
2141 3510
2141 3511
2141 3512
2141 3513
2141 3514
2141 3515
2141 3516
2141 3517
2141 3518
2141 3519
2141 3520
2141 3521
2141 3522
2141 3523
2141 3524
2142 3525
2142 3526
2142 3527
2142 3528
2143 3529
2143 3530
2143 3531
2143 3532
2143 3533
2143 3534
2143 3535
2143 3536
2143 3537
2143 3538
2143 3539
2143 3540
2143 3541
2143 3542
2143 3543
2143 3544
2143 3545
2143 3546
2143 3547
2143 3548
2143 3549
2143 3550
2143 3551
2143 3552
2143 3553
2143 3554
2143 3555
2143 3556
2144 3557
2144 3558
2144 3559
2144 3560
2145 3561
2145 3562
2146 3563
2146 3564
2146 3565
2146 3566
2147 3567
2147 3568
2148 3569
2148 3570
2148 3571
2148 3572
2149 3573
2149 3574
2150 3575
2150 3576
2150 3577
2150 3578
2151 3579
2151 3580
2151 3581
2151 3582
2151 3583
2151 3584
2151 3585
2151 3586
2152 3587
2152 3588
2152 3589
2152 3590
2153 3591
2153 3592
2153 3593
2153 3594
2154 3595
2154 3596
2154 3597
2154 3598
2155 3599
2155 3600
2155 3601
2155 3602
2156 3603
2156 3604
2156 3605
2156 3606
2157 3607
2157 3608
2157 3609
2157 3610
2158 3611
2158 3612
2158 3613
2158 3614
2159 3615
2159 3616
2159 3617
2159 3618
2159 3619
2159 3620
2160 3621
2160 3622
2160 3623
2160 3624
2161 3625
2161 3626
2162 3627
2162 3628
2162 3629
2162 3630
2163 3631
2164 3632
2165 3633
2166 3634
2167 3635
2168 3636
2169 3637
2170 3637
2171 3638
2172 3638
2173 3639
2174 3639
2175 3640
2176 3640
2177 3640
2178 3640
2179 3641
2180 3641
2181 3641
2182 3642
2183 3643
2184 3643
2185 3643
2186 3643
2187 3644
2188 3644
2189 3644
2190 3644
2191 3644
2192 3644
2193 3645
2194 3645
2195 3645
2196 3645
2197 3646
2198 3646
2199 3647
2200 3647
2201 3647
2202 3647
2203 3648
2204 3648
2205 3649
2206 3649
2207 3649
2208 3650
2209 3651
2210 3651
2211 3651
2212 3651
2213 3652
2214 3652
2215 3653
2216 3653
2217 3654
2218 3654
2219 3655
2220 3655
2221 3656
2222 3656
2223 3656
2224 3656
2225 3656
2226 3656
2227 3656
2228 3656
2229 3656
2230 3656
2231 3657
2232 3657
2233 3657
2234 3657
2235 3658
2236 3658
2237 3658
2238 3658
2239 3658
2240 3658
2241 3658
2242 3658
2243 3658
2244 3658
2245 3658
2246 3658
2247 3658
2248 3658
2249 3658
2250 3658
2251 3657
2252 3657
2253 3657
2254 3657
2255 3656
2256 3656
2257 3656
2258 3656
2259 3656
2260 3656
2261 3656
2262 3656
2263 3656
2264 3656
2265 3656
2266 3656
2267 3656
2268 3656
2269 3656
2270 3656
2271 3655
2272 3655
2273 3655
2274 3655
2275 3654
2276 3654
2277 3654
2278 3654
2279 3654
2280 3654
2281 3654
2282 3654
2283 3653
2284 3653
2285 3653
2286 3653
2287 3652
2288 3652
2289 3652
2290 3652
2291 3652
2292 3652
2293 3652
2294 3652
2295 3652
2296 3652
2297 3652
2298 3652
2299 3652
2300 3652
2301 3652
2302 3652
2303 3651
2304 3651
2305 3651
2306 3651
2307 3650
2308 3650
2309 3650
2310 3650
2311 3650
2312 3650
2313 3650
2314 3650
2315 3650
2316 3650
2317 3650
2318 3650
2319 3650
2320 3650
2321 3649
2322 3649
2323 3649
2324 3649
2325 3648
2326 3648
2327 3648
2328 3648
2329 3647
2330 3647
2331 3646
2332 3646
2333 3645
2334 3645
2335 3644
2336 3644
2337 3643
2338 3643
2339 3642
2340 3642
2341 3641
2342 3641
2343 3640
2344 3639
2345 3639
2346 3639
2347 3638
2348 3638
2349 3637
2350 3637
2351 3637
2352 3637
2353 3636
2354 3635
2355 3635
2356 3635
2357 3634
2358 3634
2359 3634
2360 3634
2361 3634
2362 3634
2363 3633
2364 3633
2365 3633
2366 3633
2367 3632
2368 3632
2369 3632
2370 3632
2371 3632
2372 3632
2373 3631
2374 3631
2375 3631
2376 3631
2377 3630
2378 3629
2379 3629
2380 3629
2381 3628
2382 3627
2383 3627
2384 3627
2385 3626
2386 3625
2387 3624
2388 3623
2389 3623
2389 3622
2390 3621
2391 3621
2392 3620
2393 3619
2394 3619
2395 3618
2396 3617
2397 3616
2398 3615
2399 3615
2400 3614
2401 3613
2402 3613
2403 3612
2404 3611
2405 3611
2406 3611
2407 3610
2408 3610
2409 3609
2410 3609
2411 3609
2412 3609
2413 3608
2414 3607
2415 3606
2416 3605
2417 3605
2417 3604
2418 3603
2419 3603
2419 3602
2420 3601
2421 3600
2422 3599
2423 3598
2423 3597
2424 3596
2425 3595
2425 3594
2426 3593
2427 3593
2427 3592
2428 3591
2429 3591
2429 3590
2430 3589
2431 3589
2431 3588
2432 3587
2433 3587
2433 3586
2434 3585
2435 3584
2436 3583
2437 3582
2437 3581
2438 3580
2439 3579
2439 3578
2440 3577
2441 3577
2441 3576
2442 3575
2443 3575
2443 3574
2444 3573
2445 3572
2446 3571
2447 3570
2447 3569
2447 3568
2448 3567
2449 3566
2449 3565
2450 3564
2451 3563
2451 3562
2452 3561
2453 3561
2453 3560
2454 3559
2455 3559
2455 3558
2456 3557
2457 3557
2457 3556
2458 3555
2459 3554
2459 3553
2460 3552
2460 3551
2460 3550
2460 3549
2460 3548
2460 3547
2461 3546
2461 3545
2461 3544
2461 3543
2462 3542
2462 3541
2463 3540
2463 3539
2463 3538
2463 3537
2464 3536
2464 3535
2464 3534
2464 3533
2464 3532
2464 3531
2465 3530
2465 3529
2466 3528
2467 3527
2467 3526
2468 3525
2469 3525
2469 3524
2470 3523
2471 3523
2471 3522
2472 3521
2473 3520
2474 3519
2475 3518
2475 3517
2476 3516
2477 3515
2477 3514
2478 3513
2479 3512
2479 3511
2480 3510
2480 3509
2480 3508
2480 3507
2480 3506
2480 3505
2480 3504
2480 3503
2480 3502
2480 3501
2480 3500
2480 3499
2480 3498
2480 3497
2480 3496
2480 3495
2480 3494
2480 3493
2480 3492
2480 3491
2480 3490
2480 3489
2480 3488
2480 3487
2480 3486
2480 3485
2480 3484
2480 3483
2480 3482
2480 3481
2480 3480
2480 3479
2480 3478
2480 3477
2480 3476
2480 3475
2480 3474
2480 3473
2480 3472
2480 3471
2480 3470
2480 3469
2480 3468
2480 3467
2481 3466
2481 3465
2481 3464
2481 3463
2482 3462
2482 3461
2482 3460
2482 3459
2482 3458
2482 3457
2482 3456
2482 3455
2482 3454
2482 3453
2482 3452
2482 3451
2482 3450
2482 3449
2481 3448
2481 3447
2481 3446
2481 3445
2480 3444
2480 3443
2480 3442
2480 3441
2480 3440
2480 3439
2480 3438
2480 3437
2481 3436
2481 3435
2481 3434
2481 3433
2482 3432
2482 3431
2482 3430
2482 3429
2482 3428
2482 3427
2482 3426
2482 3425
2482 3424
2482 3423
2482 3422
2482 3421
2482 3420
2482 3419
2481 3418
2481 3417
2480 3416
2480 3415
2479 3414
2479 3413
2478 3412
2478 3411
2478 3410
2478 3409
2478 3408
2478 3407
2477 3406
2477 3405
2477 3404
2477 3403
2476 3402
2475 3401
2474 3400
2473 3399
2473 3398
2472 3397
2471 3396
2471 3395
2470 3394
2469 3393
2469 3392
2469 3391
2468 3390
2467 3389
2467 3388
2467 3387
2466 3386
2466 3385
2466 3384
2466 3383
2465 3382
2465 3381
2465 3380
2465 3379
2464 3378
2464 3377
2464 3376
2464 3375
2463 3374
2463 3373
2463 3372
2463 3371
2462 3370
2462 3369
2462 3368
2462 3367
2461 3366
2461 3365
2460 3364
2459 3363
2459 3362
2458 3362
2457 3361
2457 3360
2456 3360
2455 3359
2455 3358
2454 3358
2453 3357
2452 3356
2451 3356
2450 3355
2449 3355
2448 3354
2447 3354
2446 3353
2445 3353
2444 3352
2443 3351
2442 3350
2441 3350
2440 3350
2439 3350
2438 3349
2437 3349
2436 3349
2435 3349
2434 3348
2433 3348
2432 3348
2431 3348
2430 3347
2429 3347
2428 3346
2427 3346
2426 3345
2425 3344
2424 3344
2423 3343
2422 3342
2421 3341
2420 3340
2419 3340
2418 3340
2417 3340
2416 3339
2415 3339
2414 3339
2413 3339
2412 3339
2411 3339
2410 3339
2409 3339
2408 3338
2407 3338
2406 3338
2405 3338
2404 3337
2403 3337
2402 3337
2401 3337
2400 3336
2399 3336
2398 3335
2397 3334
2396 3334
2395 3333
2395 3332
2394 3332
2393 3331
2393 3330
2392 3330
2391 3329
2390 3328
2389 3328
2388 3327
2387 3327
2386 3326
2385 3326
2384 3325
2383 3325
2382 3324
2381 3324
2380 3323
2379 3323
2378 3322
2377 3322
2376 3322
2375 3321
2374 3320
2373 3320
2372 3320
2371 3319
2370 3318
2369 3318
2368 3318
2367 3317
2366 3316
2365 3316
2364 3315
2363 3315
2362 3314
2361 3313
2360 3312
2359 3312
2358 3311
2357 3311
2356 3310
2355 3309
2354 3308
2353 3308
2352 3307
2351 3306
2350 3306
2349 3305
2348 3304
2347 3303
2346 3302
2345 3302
2344 3301
2343 3301
2342 3300
2341 3299
2340 3298
2339 3298
2338 3297
2337 3297
2336 3296
2335 3295
2334 3294
2333 3294
2332 3294
2331 3294
2330 3293
2329 3293
2328 3292
2327 3292
2326 3292
2325 3291
2324 3290
2323 3290
2322 3290
2321 3290
2320 3289
2319 3289
2318 3288
2317 3288
2316 3287
2315 3287
2314 3286
2313 3285
2312 3284
2311 3284
2310 3284
2309 3284
2308 3283
2307 3283
2306 3283
2305 3283
2304 3282
2303 3282
2302 3281
2301 3281
2300 3280
2299 3280
2298 3279
2297 3279
2296 3279
2295 3279
2294 3279
2293 3279
2292 3278
2291 3278
2290 3278
2289 3278
2288 3277
2287 3277
2286 3276
2285 3276
2284 3276
2283 3275
2282 3274
2281 3274
2280 3274
2279 3274
2278 3273
2277 3273
2276 3273
2275 3273
2274 3273
2273 3273
2272 3273
2271 3273
2270 3273
2269 3273
2268 3273
2267 3273
2266 3273
2265 3273
2264 3273
2263 3273
2262 3272
2261 3272
2260 3272
2259 3272
2258 3271
2257 3271
2256 3271
2255 3271
2254 3270
2253 3270
2252 3270
2251 3270
2250 3269
2249 3269
2248 3269
2247 3269
2246 3269
2245 3269
2244 3268
2243 3268
2242 3268
2241 3268
2240 3267
2239 3267
2238 3267
2237 3267
2236 3267
2235 3267
2234 3267
2233 3267
2232 3267
2231 3267
2230 3267
2229 3267
2228 3266
2227 3266
2226 3265
2225 3265
2224 3264
2223 3263
2222 3262
2221 3262
2220 3261
2219 3261
2218 3260
2217 3259
2216 3258
2215 3258
2214 3257
2213 3257
2212 3256
2211 3256
2210 3255
2209 3255
2208 3255
2207 3255
2206 3255
2205 3255
2204 3255
2203 3255
2202 3255
2201 3255
2200 3255
2199 3255
2198 3255
2197 3255
2196 3254
2195 3254
2194 3254
2193 3254
2192 3253
2191 3253
2190 3253
2189 3253
2188 3253
2187 3253
2186 3253
2185 3253
2184 3253
2183 3253
2182 3253
2181 3253
2180 3253
2179 3253
2178 3253
2177 3253
2176 3253
2175 3253
2174 3253
2173 3253
2172 3253
2171 3253
