1241 599
1240 600
1239 600
1238 600
1237 600
1236 601
1235 601
1234 601
1233 601
1232 601
1231 601
1230 601
1229 601
1228 601
1227 601
1226 601
1225 601
1224 601
1223 601
1222 601
1221 601
1220 601
1219 601
1218 601
1217 601
1216 601
1215 601
1214 601
1213 601
1212 602
1211 602
1210 602
1209 602
1208 603
1207 604
1206 604
1205 604
1204 605
1203 605
1202 605
1201 605
1200 606
1199 606
1198 606
1197 606
1196 607
1195 607
1194 607
1193 607
1192 607
1191 607
1190 607
1189 607
1188 607
1187 607
1186 607
1185 607
1184 607
1183 607
1182 608
1181 608
1180 608
1179 608
1178 609
1177 610
1176 611
1175 611
1174 612
1173 612
1172 613
1171 614
1170 614
1169 614
1168 615
1167 615
1166 615
1165 615
1164 616
1163 616
1162 617
1161 617
1160 618
1159 618
1158 619
1157 619
1156 620
1155 620
1154 620
1153 620
1152 621
1151 622
1150 623
1149 623
1148 624
1147 624
1146 625
1145 626
1144 626
1143 626
1142 627
1141 627
1140 628
1139 628
1138 628
1137 628
1136 629
1135 630
1134 630
1133 630
1132 631
1131 631
1130 631
1129 631
1128 632
1127 632
1126 633
1125 634
1124 634
1124 635
1123 636
1122 636
1122 637
1121 638
1120 638
1120 639
1119 640
1118 640
1118 641
1117 642
1116 642
1116 643
1115 644
1114 645
1113 646
1112 647
1112 648
1111 649
1110 650
1110 651
1109 652
1108 653
1107 654
1106 655
1106 656
1105 657
1104 658
1104 659
1103 660
1102 660
1102 661
1101 662
1100 662
1100 663
1099 664
1098 664
1098 665
1097 666
1096 667
1095 668
1094 669
1094 670
1093 671
1092 672
1092 673
1091 674
1090 674
1090 675
1089 676
1088 676
1088 677
1087 678
1086 678
1086 679
1085 680
1084 680
1084 681
1083 682
1082 682
1082 683
1081 684
1080 684
1080 685
1079 686
1078 686
1078 687
1077 688
1076 689
1075 690
1074 691
1074 692
1073 693
1072 694
1072 695
1071 696
1070 696
1070 697
1069 698
1068 698
1068 699
1067 700
1066 700
1066 701
1065 702
1064 702
1064 703
1063 704
1062 704
1062 705
1061 706
1060 706
1060 707
1059 708
1058 708
1058 709
1057 710
1056 710
1056 711
1055 712
1054 712
1054 713
1053 714
1052 714
1052 715
1051 716
1050 716
1050 717
1049 718
1048 719
1047 720
1046 721
1046 722
1046 723
1046 724
1045 725
1045 726
1045 727
1045 728
1044 729
1044 730
1043 731
1042 732
1042 733
1041 734
1040 735
1039 736
1038 737
1038 738
1037 739
1036 740
1036 741
1035 742
1034 742
1034 743
1033 744
1032 745
1031 746
1030 747
1030 748
1030 749
1029 750
1028 751
1028 752
1028 753
1028 754
1027 755
1027 756
1027 757
1027 758
1027 759
1027 760
1026 761
1026 762
1026 763
1025 764
1024 765
1024 766
1023 767
1022 768
1022 769
1021 770
1020 770
1020 771
1019 772
1018 772
1018 773
1017 774
1016 775
1016 776
1015 777
1015 778
1014 779
1014 780
1014 781
1013 782
1012 783
1012 784
1011 785
1011 786
1010 787
1010 788
1009 789
1009 790
1008 791
1008 792
1008 793
1008 794
1007 795
1007 796
1007 797
1007 798
1007 799
1007 800
1007 801
1007 802
1006 803
1006 804
1006 805
1005 806
1004 807
1004 808
1004 809
1004 810
1003 811
1003 812
1002 813
1002 814
1001 815
1001 816
1000 817
999 818
998 819
998 820
998 821
997 822
996 823
996 824
995 825
994 826
994 827
993 828
992 828
992 829
991 830
990 830
990 831
989 832
988 832
988 833
987 834
986 834
986 835
985 836
984 837
984 838
983 839
983 840
983 841
983 842
982 843
982 844
982 845
982 846
981 847
981 848
981 849
981 850
981 851
981 852
981 853
981 854
981 855
981 856
982 857
982 858
982 859
982 860
983 861
984 862
984 863
984 864
985 865
985 866
985 867
985 868
985 869
985 870
985 871
985 872
985 873
985 874
985 875
985 876
985 877
985 878
985 879
985 880
985 881
985 882
985 883
985 884
985 885
985 886
985 887
985 888
985 889
985 890
985 891
985 892
985 893
985 894
986 895
986 896
986 897
986 898
987 899
987 900
987 901
987 902
987 903
987 904
987 905
987 906
987 907
987 908
987 909
987 910
987 911
987 912
987 913
987 914
987 915
987 916
987 917
987 918
987 919
987 920
987 921
987 922
987 923
987 924
988 925
988 926
989 927
989 928
990 929
990 930
991 931
992 932
993 933
994 933
995 934
996 934
997 934
998 934
999 934
1000 934
1001 935
1002 935
1003 936
1004 937
1005 937
1006 938
1007 939
1008 939
1009 940
1010 940
1011 939
1012 939
1013 939
1014 939
1015 938
1016 938
1017 938
1018 938
1019 938
1020 938
1021 938
1022 938
1023 937
1024 937
1025 936
1026 936
1027 935
1028 935
1029 934
1030 934
1031 934
1032 934
1033 934
1034 934
1035 934
1036 934
1037 933
1038 933
1039 932
1040 931
1041 931
1041 930
1042 929
1043 929
1043 928
1044 927
1045 927
1045 926
1046 925
1047 925
1047 924
1048 923
1049 922
1050 921
1051 920
1051 919
1051 918
1052 917
1053 916
1053 915
1053 914
1053 913
1054 912
1054 911
1055 910
1055 909
1055 908
1056 907
1057 906
1057 905
1058 904
1058 903
1059 902
1059 901
1060 900
1060 899
1061 898
1061 897
1062 896
1063 895
1063 894
1064 893
1065 893
1065 892
1066 891
1067 891
1067 890
1068 889
1069 889
1069 888
1070 887
1071 887
1071 886
1072 885
1073 885
1073 884
1074 883
1075 883
1075 882
1076 881
1077 881
1077 880
1078 879
1079 879
1079 878
1080 877
1081 877
1082 876
1083 875
1084 875
1085 874
1086 874
1087 874
1088 874
1089 874
1090 874
1091 874
1092 874
1093 874
1094 874
1095 873
1096 873
1097 873
1098 873
1099 872
1100 872
1101 871
1102 871
1103 871
1104 871
1105 870
1106 870
1107 869
1108 869
1109 869
1110 869
1111 868
1112 867
1113 867
1114 867
1115 866
1116 865
1117 865
1118 865
1119 864
1120 864
1121 864
1122 864
1123 863
1124 863
1125 863
1126 863
1127 862
1128 862
1129 861
1130 861
1131 860
1132 859
1133 859
1133 858
1134 857
1135 857
1136 856
1137 855
1138 855
1139 854
1140 853
1141 853
1142 853
1143 852
1144 852
1145 852
1146 852
1147 851
1148 851
1149 851
1150 851
1151 850
1152 850
1153 850
1154 850
1155 849
1156 849
1157 849
1158 849
1159 848
1160 848
1161 848
1162 848
1163 848
1164 848
1165 848
1166 848
1167 848
1168 848
1169 848
1170 848
1171 847
1172 847
1173 846
1174 846
1175 845
1176 845
1177 844
1178 844
1179 844
1180 844
1181 844
1182 844
1183 843
1184 843
1185 843
1186 843
1187 842
1188 842
1189 842
1190 842
1191 842
1192 842
1193 842
1194 842
1195 842
1196 842
1197 842
1198 842
1199 842
1200 842
1201 842
1202 842
1203 842
1204 842
1205 842
1206 842
1207 842
1208 842
1209 843
1210 843
1211 843
1212 843
1213 844
1214 844
1215 844
1216 844
1217 844
1218 844
1219 844
1220 844
1221 844
1222 844
1223 844
1224 844
1225 844
1226 844
1227 844
1228 844
1229 845
1230 845
1231 845
1232 845
1233 846
1234 846
1235 846
1236 846
1237 846
1238 846
1239 846
1240 846
1241 846
1242 846
1243 846
1244 846
1245 846
1246 846
1247 846
1248 846
1249 846
1250 846
1251 845
1252 845
1253 845
1254 845
1255 844
1256 844
1257 844
1258 844
1259 844
1260 844
1261 844
1262 844
1263 844
1264 844
1265 844
1266 844
1267 844
1268 844
1269 843
1270 843
1271 843
1272 843
1273 842
1274 842
1275 842
1276 842
1277 841
1278 841
1279 841
1280 841
1281 840
1282 840
1283 840
1284 840
1285 840
1286 840
1287 840
1288 840
1289 840
1290 840
1291 840
1292 840
1293 840
1294 840
1295 841
1296 841
1297 841
1298 842
1299 843
1300 843
1301 843
1302 844
1303 845
1304 845
1305 845
1306 845
1307 846
1308 846
1309 846
1310 846
1311 846
1312 846
1313 847
1314 847
1315 847
1316 847
1317 848
1318 848
1319 848
1320 848
1321 848
1322 848
1323 848
1324 848
1325 848
1326 848
1327 848
1328 848
1329 848
1330 848
1331 848
1332 848
1333 848
1334 848
1335 848
1336 848
1337 848
1338 848
1339 848
1340 848
1341 848
1342 848
1343 848
1344 848
1345 848
1346 848
1347 848
1348 848
1349 848
1350 848
1351 848
1352 848
1353 848
1354 848
1355 848
1356 848
1357 848
1358 848
1359 848
1360 848
1361 847
1362 847
1363 847
1364 847
1365 846
1366 846
1367 846
1368 846
1369 846
1370 846
1371 846
1372 846
1373 846
1374 846
1375 846
1376 846
1377 846
1378 846
1379 846
1380 846
1381 846
1382 846
1383 846
1384 846
1385 846
1386 846
1387 846
1388 846
1389 846
1390 846
1391 846
1392 846
1393 847
1394 847
1395 847
1396 847
1397 848
1398 848
1399 848
1400 848
1401 848
1402 848
1403 848
1404 848
1405 848
1406 848
1407 847
1408 847
1409 847
1410 847
1411 846
1412 846
1413 846
1414 846
1415 846
1416 846
1417 845
1418 845
1419 844
1420 843
1421 843
1421 842
1422 841
1423 841
1423 840
1424 839
1425 839
1426 838
1427 837
1428 837
1429 836
1430 835
1431 835
1432 835
1433 834
1434 833
1435 833
1436 833
1437 832
1438 831
1439 830
1440 830
1441 829
1442 829
1443 828
1444 827
1445 827
1446 827
1447 826
1448 825
1449 824
1450 824
1451 823
1452 823
1453 822
1454 822
1455 821
1456 821
1457 821
1458 821
1459 820
1460 820
1461 819
1462 819
1463 818
1464 818
1465 817
1466 817
1467 816
1468 815
1469 815
1470 815
1471 814
1472 814
1473 813
1474 813
1475 813
1476 813
1477 812
1478 811
1479 811
1480 811
1481 810
1482 810
1483 809
1484 809
1485 809
1486 809
1487 808
1488 808
1489 807
1490 807
1491 807
1492 807
1493 806
1494 806
1495 805
1496 805
1497 805
1498 805
1499 804
1500 803
1501 802
1502 801
1503 801
1503 800
1504 799
1505 799
1505 798
1506 797
1507 797
1507 796
1508 795
1509 795
1509 794
1510 793
1511 792
1512 791
1513 790
1513 789
1513 788
1514 787
1515 786
1515 785
1515 784
1516 783
1517 782
1517 781
1517 780
1518 779
1519 778
1519 777
1520 776
1520 775
1521 774
1522 773
1523 772
1523 771
1523 770
1524 769
1525 768
1525 767
1526 766
1527 765
1527 764
1528 763
1529 762
1530 761
1531 760
1531 759
1531 758
1531 757
1532 756
1532 755
1533 754
1533 753
1533 752
1533 751
1534 750
1534 749
1535 748
1535 747
1535 746
1536 745
1537 744
1537 743
1537 742
1537 741
1538 740
1538 739
1538 738
1538 737
1538 736
1538 735
1538 734
1538 733
1537 732
1537 731
1537 730
1537 729
1536 728
1536 727
1535 726
1535 725
1535 724
1535 723
1534 722
1533 721
1533 720
1533 719
1532 718
1531 717
1531 716
1531 715
1530 714
1530 713
1530 712
1530 711
1529 710
1529 709
1528 708
1527 707
1527 706
1526 706
1525 705
1525 704
1524 703
1523 702
1523 701
1522 700
1521 699
1520 698
1519 697
1519 696
1518 696
1517 695
1517 694
1516 694
1515 693
1515 692
1514 691
1513 690
1513 689
1512 688
1512 687
1511 686
1511 685
1510 684
1509 683
1509 682
1508 682
1507 681
1507 680
1506 679
1505 678
1505 677
1504 676
1503 675
1503 674
1503 673
1502 672
1502 671
1502 670
1502 669
1502 668
1502 667
1502 666
1502 665
1502 664
1502 663
1502 662
1502 661
1502 660
1502 659
1501 658
1501 657
1500 656
1499 655
1499 654
1498 654
1497 653
1497 652
1496 652
1495 651
1495 650
1494 650
1493 649
1493 648
1492 648
1491 647
1491 646
1490 646
1489 645
1489 644
1488 644
1487 643
1487 642
1486 642
1485 641
1484 640
1483 640
1482 639
1481 639
1480 639
1479 639
1478 638
1477 638
1476 638
1475 637
1474 636
1473 636
1472 636
1471 636
1470 635
1469 635
1468 635
1467 635
1466 635
1465 635
1464 635
1463 635
1462 635
1461 635
1460 635
1459 635
1458 635
1457 635
1456 635
1455 635
1454 634
1453 634
1452 633
1451 632
1450 632
1449 631
1449 630
1448 630
1447 629
1447 628
1446 628
1445 627
1444 626
1443 626
1442 625
1441 625
1440 625
1439 625
1438 624
1437 624
1436 623
1435 623
1434 622
1433 622
1432 621
1431 621
1430 621
1429 621
1428 621
1427 621
1426 621
1425 621
1424 621
1423 621
1422 620
1421 620
1420 620
1419 620
1418 619
1417 619
1416 619
1415 619
1414 619
1413 619
1412 619
1411 619
1410 619
1409 619
1408 619
1407 619
1406 619
1405 619
1404 619
1403 619
1402 619
1401 619
1400 619
1399 619
1398 619
1397 619
1396 619
1395 619
1394 619
1393 619
1392 619
1391 619
1390 619
1389 619
1388 619
1387 619
1386 619
1385 619
1384 619
1383 619
1382 618
1381 618
1380 618
1379 618
1378 617
1377 617
1376 617
1375 617
1374 617
1373 617
1372 616
1371 616
1370 616
1369 616
1368 615
1367 615
1366 614
1365 614
1364 614
1363 614
1362 613
1361 613
1360 613
1359 613
1358 613
1357 613
1356 613
1355 613
1354 612
1353 612
1352 611
1351 611
1350 610
1349 610
1348 609
1347 609
1346 609
1345 609
1344 609
1343 609
1342 608
1341 608
1340 608
1339 608
1338 607
1337 607
1336 607
1335 607
1334 606
1333 606
1332 606
1331 605
1330 604
1329 604
1328 603
1327 603
1326 602
1325 602
1324 601
1323 601
1322 601
1321 601
1320 601
1319 601
1318 601
1317 601
1316 601
1315 601
1314 601
1313 601
1312 600
1311 600
1310 600
1309 600
1308 599
1307 599
1306 599
1305 599
1304 599
1303 599
1302 599
1301 599
1300 599
1299 599
1298 599
1297 599
1296 599
1295 599
1294 599
1293 599
1292 599
1291 599
1290 599
1289 599
1288 599
1287 599
1286 599
1285 599
1284 600
1283 600
1282 600
1281 600
1280 601
1279 601
1278 601
1277 601
1276 601
1275 601
1274 601
1273 601
1272 601
1271 601
1270 601
1269 601
1268 601
1267 601
1266 601
1265 601
1264 601
1263 601
1262 601
1261 601
1260 601
1259 601
1258 601
1257 601
1256 601
1255 601
1254 600
1253 600
1252 600
1251 600
1250 599
1249 599
1248 599
1247 599
1246 599
1245 599
1244 599
1243 599
1242 599
1241 599
