973 1683
972 1684
971 1684
970 1684
969 1684
968 1685
967 1685
966 1685
965 1685
964 1685
963 1685
962 1685
961 1685
960 1685
959 1685
958 1685
957 1685
956 1685
955 1685
954 1685
953 1685
952 1685
951 1685
950 1685
949 1685
948 1685
947 1685
946 1685
945 1685
944 1685
943 1685
942 1685
941 1685
940 1685
939 1685
938 1685
937 1685
936 1685
935 1685
934 1685
933 1685
932 1686
931 1686
930 1686
929 1686
928 1687
927 1687
926 1688
925 1688
924 1688
923 1688
922 1689
921 1689
920 1690
919 1690
918 1690
917 1690
916 1691
915 1692
914 1692
913 1692
912 1693
911 1693
910 1693
909 1693
908 1693
907 1693
906 1694
905 1694
904 1695
903 1695
902 1696
901 1696
900 1697
899 1697
898 1697
897 1697
896 1697
895 1697
894 1697
893 1697
892 1698
891 1698
890 1698
889 1698
888 1699
887 1699
886 1699
885 1699
884 1699
883 1699
882 1699
881 1699
880 1699
879 1699
878 1700
877 1700
876 1700
875 1700
874 1701
873 1701
872 1701
871 1701
870 1701
869 1701
868 1701
867 1701
866 1701
865 1701
864 1701
863 1701
862 1701
861 1701
860 1701
859 1701
858 1701
857 1701
856 1700
855 1700
854 1700
853 1700
852 1699
851 1699
850 1699
849 1699
848 1699
847 1699
846 1699
845 1699
844 1699
843 1699
842 1699
841 1699
840 1699
839 1699
838 1699
837 1699
836 1699
835 1699
834 1699
833 1699
832 1699
831 1699
830 1699
829 1699
828 1699
827 1699
826 1699
825 1699
824 1699
823 1699
822 1699
821 1699
820 1700
819 1700
818 1701
817 1702
816 1702
816 1703
815 1704
814 1704
814 1705
813 1706
812 1706
812 1707
811 1708
810 1708
809 1709
808 1710
807 1710
806 1711
805 1712
804 1713
803 1714
802 1714
801 1715
800 1716
799 1716
798 1717
797 1717
796 1717
795 1717
794 1718
793 1718
792 1718
791 1718
790 1719
789 1719
788 1719
787 1719
786 1719
785 1719
784 1719
783 1719
782 1719
781 1719
780 1719
779 1719
778 1719
777 1719
776 1719
775 1719
774 1719
773 1719
772 1720
771 1720
770 1721
770 1722
769 1723
769 1724
768 1725
768 1726
767 1727
767 1728
766 1729
765 1730
764 1731
764 1732
763 1733
762 1734
762 1735
761 1736
760 1736
760 1737
759 1738
758 1739
758 1740
757 1741
757 1742
757 1743
757 1744
757 1745
757 1746
758 1747
758 1748
759 1749
760 1750
760 1751
761 1751
762 1752
762 1753
763 1753
764 1754
764 1755
765 1755
766 1756
766 1757
767 1757
768 1758
769 1759
770 1760
771 1761
772 1761
773 1761
774 1762
775 1763
776 1763
777 1763
778 1763
779 1764
780 1764
781 1764
782 1764
783 1764
784 1764
785 1765
786 1765
787 1765
788 1765
789 1766
790 1766
791 1767
792 1767
793 1767
794 1767
795 1768
796 1768
797 1768
798 1768
799 1768
800 1768
801 1768
802 1768
803 1769
804 1769
805 1770
806 1771
806 1772
807 1773
808 1774
808 1775
808 1776
809 1777
810 1778
811 1779
812 1780
813 1781
814 1781
815 1782
816 1782
817 1782
818 1782
819 1782
820 1782
821 1783
822 1783
823 1783
824 1783
825 1784
826 1784
827 1784
828 1784
829 1784
830 1784
831 1785
832 1785
833 1785
834 1785
835 1786
836 1786
837 1786
838 1786
839 1786
840 1786
841 1786
842 1786
843 1786
844 1786
845 1786
846 1786
847 1786
848 1786
849 1786
850 1786
851 1786
852 1786
853 1786
854 1786
855 1786
856 1786
857 1785
858 1785
859 1785
860 1785
861 1784
862 1783
863 1783
864 1783
865 1782
866 1781
867 1780
868 1780
869 1779
870 1779
871 1778
872 1777
873 1777
874 1777
875 1776
876 1776
877 1776
878 1776
879 1775
880 1775
881 1775
882 1775
883 1774
884 1774
885 1774
886 1774
887 1774
888 1774
889 1774
890 1774
891 1774
892 1774
893 1774
894 1774
895 1774
896 1774
897 1774
898 1774
899 1774
900 1774
901 1774
902 1774
903 1774
904 1774
905 1774
906 1774
907 1774
908 1774
909 1774
910 1774
911 1774
912 1774
913 1775
914 1775
915 1776
916 1777
917 1777
918 1778
918 1779
919 1779
920 1780
921 1781
922 1781
923 1782
924 1782
925 1782
926 1782
927 1783
928 1783
929 1783
930 1783
931 1784
932 1784
933 1784
934 1784
935 1784
936 1784
937 1784
938 1784
939 1785
940 1785
941 1785
942 1785
943 1786
944 1786
945 1786
946 1786
947 1786
948 1786
949 1786
950 1786
951 1786
952 1786
953 1786
954 1786
955 1785
956 1785
957 1785
958 1785
959 1784
960 1784
961 1784
962 1784
963 1784
964 1784
965 1784
966 1784
967 1784
968 1784
969 1784
970 1784
971 1784
972 1784
973 1784
974 1784
975 1783
976 1783
977 1783
978 1783
979 1782
980 1782
981 1782
982 1782
983 1782
984 1782
985 1783
986 1783
987 1783
988 1783
989 1784
990 1784
991 1784
992 1784
993 1784
994 1784
995 1784
996 1784
997 1785
998 1785
999 1785
1000 1785
1001 1786
1002 1786
1003 1786
1004 1786
1005 1786
1006 1786
1007 1786
1008 1786
1009 1787
1010 1787
1011 1787
1012 1787
1013 1788
1014 1788
1015 1788
1016 1788
1017 1789
1018 1789
1019 1789
1020 1790
1021 1791
1022 1791
1023 1791
1024 1791
1025 1792
1026 1792
1027 1792
1028 1792
1029 1792
1030 1792
1031 1792
1032 1792
1033 1792
1034 1792
1035 1791
1036 1791
1037 1790
1038 1789
1039 1789
1040 1788
1041 1787
1042 1787
1043 1786
1044 1786
1045 1786
1046 1786
1047 1785
1048 1785
1049 1784
1050 1783
1051 1782
1051 1781
1052 1780
1052 1779
1053 1778
1053 1777
1054 1776
1055 1775
1055 1774
1056 1773
1057 1773
1058 1772
1059 1771
1060 1771
1061 1770
1062 1769
1063 1768
1064 1767
1065 1767
1065 1766
1066 1765
1067 1764
1067 1763
1068 1762
1068 1761
1069 1760
1069 1759
1070 1758
1071 1757
1071 1756
1072 1755
1073 1755
1073 1754
1074 1753
1075 1753
1075 1752
1076 1751
1077 1751
1077 1750
1078 1749
1079 1748
1079 1747
1080 1746
1080 1745
1080 1744
1080 1743
1080 1742
1080 1741
1080 1740
1080 1739
1080 1738
1080 1737
1080 1736
1080 1735
1080 1734
1080 1733
1080 1732
1080 1731
1080 1730
1080 1729
1081 1728
1081 1727
1081 1726
1081 1725
1082 1724
1082 1723
1082 1722
1082 1721
1082 1720
1082 1719
1082 1718
1082 1717
1083 1716
1083 1715
1083 1714
1083 1713
1084 1712
1084 1711
1083 1710
1083 1709
1082 1708
1081 1707
1080 1706
1079 1706
1078 1705
1077 1705
1076 1705
1075 1705
1074 1704
1073 1704
1072 1704
1071 1703
1070 1702
1069 1702
1068 1702
1067 1702
1066 1701
1065 1701
1064 1701
1063 1701
1062 1700
1061 1700
1060 1700
1059 1700
1058 1699
1057 1699
1056 1699
1055 1699
1054 1698
1053 1698
1052 1698
1051 1698
1050 1697
1049 1697
1048 1697
1047 1697
1046 1696
1045 1696
1044 1696
1043 1695
1042 1694
1041 1694
1040 1694
1039 1693
1038 1692
1037 1692
1036 1692
1035 1692
1034 1691
1033 1691
1032 1690
1031 1690
1030 1690
1029 1689
1028 1688
1027 1688
1026 1688
1025 1688
1024 1687
1023 1687
1022 1686
1021 1686
1020 1686
1019 1686
1018 1685
1017 1685
1016 1685
1015 1685
1014 1684
1013 1684
1012 1684
1011 1684
1010 1683
1009 1683
1008 1683
1007 1683
1006 1683
1005 1683
1004 1683
1003 1683
1002 1683
1001 1683
1000 1683
999 1683
998 1683
997 1683
996 1683
995 1683
994 1683
993 1683
992 1683
991 1683
990 1683
989 1683
988 1683
987 1683
986 1683
985 1683
984 1683
983 1683
982 1683
981 1683
980 1683
979 1683
978 1683
977 1683
976 1683
975 1683
974 1683
973 1683
