1013 4817
1012 4818
1011 4818
1010 4818
1009 4818
1008 4819
1007 4819
1006 4820
1005 4820
1004 4821
1003 4822
1002 4822
1002 4823
1001 4824
1000 4824
1000 4825
999 4826
998 4826
998 4827
997 4828
996 4829
996 4830
995 4831
995 4832
995 4833
995 4834
994 4835
994 4836
994 4837
994 4838
993 4839
993 4840
993 4841
993 4842
993 4843
993 4844
992 4845
992 4846
991 4847
991 4848
990 4849
990 4850
989 4851
989 4852
989 4853
989 4854
989 4855
989 4856
989 4857
989 4858
988 4859
988 4860
987 4861
987 4862
986 4863
985 4864
984 4865
984 4866
983 4867
982 4868
982 4869
981 4870
980 4870
980 4871
979 4872
978 4872
978 4873
977 4874
976 4874
975 4875
974 4876
973 4876
972 4877
971 4877
970 4877
969 4877
968 4877
967 4877
966 4878
965 4878
964 4879
963 4880
962 4880
962 4881
961 4882
960 4883
959 4884
958 4885
958 4886
957 4887
956 4888
955 4888
954 4889
953 4889
952 4890
951 4890
950 4891
949 4892
948 4893
948 4894
947 4895
947 4896
947 4897
947 4898
947 4899
947 4900
947 4901
947 4902
946 4903
946 4904
945 4905
945 4906
944 4907
944 4908
943 4909
943 4910
943 4911
943 4912
942 4913
942 4914
942 4915
942 4916
941 4917
941 4918
941 4919
941 4920
941 4921
941 4922
941 4923
941 4924
941 4925
941 4926
940 4927
940 4928
940 4929
940 4930
939 4931
939 4932
939 4933
939 4934
939 4935
939 4936
939 4937
939 4938
939 4939
939 4940
939 4941
939 4942
939 4943
939 4944
939 4945
939 4946
938 4947
938 4948
938 4949
937 4950
936 4951
936 4952
936 4953
936 4954
935 4955
935 4956
935 4957
935 4958
935 4959
935 4960
935 4961
935 4962
935 4963
935 4964
935 4965
935 4966
935 4967
935 4968
934 4969
934 4970
934 4971
934 4972
933 4973
933 4974
933 4975
933 4976
933 4977
933 4978
933 4979
933 4980
933 4981
933 4982
933 4983
933 4984
933 4985
933 4986
933 4987
933 4988
933 4989
933 4990
933 4991
933 4992
934 4993
934 4994
935 4995
936 4996
936 4997
937 4998
938 4999
938 5000
938 5001
938 5002
938 5003
938 5004
937 5005
937 5006
938 5007
938 5008
939 5009
940 5009
941 5010
942 5010
943 5010
944 5010
945 5009
946 5009
947 5008
948 5008
949 5007
950 5007
951 5006
952 5006
953 5006
954 5006
955 5006
956 5006
957 5006
958 5006
959 5006
960 5006
961 5006
962 5006
963 5006
964 5006
965 5006
966 5006
967 5006
968 5006
969 5006
970 5006
971 5005
972 5005
973 5004
974 5004
975 5003
976 5003
977 5002
978 5002
979 5003
980 5003
981 5004
982 5004
983 5005
984 5006
985 5007
986 5007
987 5008
988 5009
989 5009
990 5010
991 5011
992 5012
993 5013
994 5013
995 5014
996 5015
997 5015
998 5016
998 5017
999 5017
1000 5018
1000 5019
1001 5019
1002 5020
1002 5021
1003 5021
1004 5022
1004 5023
1005 5023
1006 5024
1006 5025
1007 5026
1008 5027
1008 5028
1009 5029
1010 5030
1010 5031
1010 5032
1011 5033
1012 5034
1012 5035
1012 5036
1013 5037
1014 5038
1015 5039
1016 5040
1017 5041
1018 5041
1019 5042
1020 5042
1021 5042
1022 5042
1023 5042
1024 5042
1025 5042
1026 5042
1027 5042
1028 5042
1029 5042
1030 5042
1031 5041
1032 5041
1033 5041
1034 5041
1035 5040
1036 5039
1037 5038
1038 5038
1039 5037
1040 5037
1041 5036
1042 5035
1043 5034
1044 5033
1045 5033
1045 5032
1046 5031
1047 5031
1047 5030
1048 5029
1049 5029
1049 5028
1050 5027
1051 5027
1052 5026
1053 5025
1054 5025
1055 5024
1056 5024
1057 5024
1058 5024
1059 5024
1060 5024
1061 5024
1062 5024
1063 5024
1064 5024
1065 5024
1066 5024
1067 5024
1068 5024
1069 5024
1070 5024
1071 5024
1072 5024
1073 5023
1074 5023
1075 5023
1076 5023
1077 5022
1078 5021
1079 5021
1080 5021
1081 5020
1082 5020
1083 5020
1084 5020
1085 5020
1086 5020
1087 5020
1088 5020
1089 5019
1090 5019
1091 5018
1092 5018
1093 5017
1094 5017
1095 5016
1096 5016
1097 5016
1098 5016
1099 5015
1100 5015
1101 5014
1102 5013
1103 5013
1103 5012
1104 5011
1105 5011
1106 5010
1107 5009
1108 5009
1109 5008
1110 5007
1111 5006
1112 5005
1113 5004
1114 5003
1115 5002
1115 5001
1115 5000
1116 4999
1117 4998
1117 4997
1118 4996
1118 4995
1119 4994
1120 4993
1121 4992
1121 4991
1122 4990
1123 4989
1123 4988
1124 4987
1125 4987
1125 4986
1126 4985
1127 4985
1127 4984
1128 4983
1129 4983
1129 4982
1130 4981
1131 4981
1131 4980
1132 4979
1133 4979
1133 4978
1134 4977
1135 4977
1135 4976
1136 4975
1137 4975
1137 4974
1138 4973
1139 4972
1140 4971
1141 4970
1141 4969
1142 4968
1143 4967
1144 4967
1145 4966
1146 4965
1147 4964
1148 4963
1149 4963
1149 4962
1150 4961
1151 4961
1151 4960
1152 4959
1153 4959
1153 4958
1154 4957
1155 4957
1155 4956
1156 4955
1157 4955
1157 4954
1158 4953
1159 4953
1159 4952
1160 4951
1161 4951
1161 4950
1162 4949
1163 4948
1163 4947
1164 4946
1164 4945
1164 4944
1164 4943
1164 4942
1164 4941
1164 4940
1164 4939
1163 4938
1163 4937
1163 4936
1163 4935
1162 4934
1162 4933
1162 4932
1162 4931
1162 4930
1162 4929
1163 4928
1163 4927
1163 4926
1163 4925
1164 4924
1164 4923
1164 4922
1164 4921
1163 4920
1163 4919
1162 4918
1161 4917
1161 4916
1160 4916
1159 4915
1159 4914
1158 4914
1157 4913
1157 4912
1156 4912
1155 4911
1154 4910
1153 4909
1152 4908
1151 4908
1150 4908
1149 4907
1148 4906
1147 4906
1146 4905
1145 4905
1144 4904
1143 4903
1142 4902
1141 4902
1140 4902
1139 4901
1138 4900
1137 4900
1136 4900
1135 4899
1134 4898
1133 4898
1132 4898
1131 4898
1130 4897
1129 4897
1128 4896
1127 4896
1126 4895
1125 4895
1124 4894
1123 4893
1122 4892
1121 4892
1120 4892
1119 4891
1118 4890
1117 4890
1116 4889
1115 4889
1114 4888
1113 4887
1112 4886
1111 4886
1110 4886
1109 4885
1108 4884
1107 4884
1106 4884
1105 4883
1104 4882
1103 4882
1102 4882
1101 4881
1100 4880
1099 4880
1098 4879
1097 4878
1096 4878
1095 4877
1094 4876
1093 4875
1092 4874
1091 4874
1090 4874
1089 4873
1088 4872
1087 4872
1086 4871
1085 4871
1084 4870
1083 4870
1082 4869
1081 4869
1080 4868
1079 4868
1078 4867
1077 4866
1076 4866
1075 4865
1074 4864
1073 4864
1072 4863
1071 4863
1070 4862
1069 4862
1068 4862
1067 4861
1066 4860
1065 4860
1064 4859
1063 4859
1062 4858
1061 4857
1060 4856
1059 4856
1058 4855
1057 4855
1056 4854
1055 4853
1054 4852
1053 4852
1052 4851
1051 4851
1050 4850
1049 4850
1048 4849
1047 4849
1046 4848
1045 4848
1044 4847
1043 4846
1042 4846
1041 4845
1040 4844
1039 4843
1038 4842
1037 4842
1036 4842
1035 4841
1034 4840
1033 4840
1032 4839
1031 4838
1030 4838
1029 4837
1029 4836
1028 4836
1027 4835
1027 4834
1026 4833
1025 4832
1025 4831
1024 4830
1023 4829
1023 4828
1023 4827
1022 4826
1021 4825
1021 4824
1021 4823
1020 4822
1019 4821
1018 4820
1017 4819
1016 4818
1015 4818
1014 4817
1013 4817
