877 1149
876 1150
875 1150
874 1150
873 1150
872 1151
871 1152
870 1153
869 1153
868 1154
867 1154
866 1155
865 1155
864 1156
863 1156
862 1156
861 1156
860 1157
859 1157
858 1158
857 1158
856 1158
855 1158
854 1159
853 1159
852 1160
851 1160
850 1160
849 1160
848 1161
847 1162
846 1162
845 1162
844 1163
843 1164
842 1164
841 1164
840 1165
839 1166
838 1166
837 1166
836 1167
835 1167
834 1168
833 1168
832 1168
831 1168
830 1169
829 1170
828 1170
827 1170
826 1171
825 1172
824 1172
823 1172
822 1173
821 1173
820 1174
819 1174
818 1174
817 1174
816 1175
815 1176
814 1176
813 1176
812 1177
811 1178
810 1178
809 1178
808 1179
807 1179
806 1180
805 1180
804 1180
803 1180
802 1181
801 1181
800 1182
799 1182
798 1182
797 1182
796 1183
795 1184
794 1184
793 1184
792 1185
791 1185
790 1185
789 1185
788 1185
787 1185
786 1186
785 1186
784 1186
783 1186
782 1187
781 1188
780 1188
779 1188
778 1189
777 1189
776 1189
775 1189
774 1189
773 1189
772 1189
771 1189
770 1190
769 1190
768 1190
767 1190
766 1191
765 1191
764 1191
763 1191
762 1191
761 1191
760 1191
759 1191
758 1191
757 1191
756 1192
755 1192
754 1192
753 1192
752 1193
751 1193
750 1193
749 1193
748 1193
747 1193
746 1193
745 1193
744 1193
743 1193
742 1193
741 1193
740 1193
739 1193
738 1193
737 1193
736 1193
735 1193
734 1193
733 1193
732 1194
731 1194
730 1194
729 1194
728 1195
727 1195
726 1195
725 1195
724 1195
723 1195
722 1195
721 1195
720 1195
719 1195
718 1195
717 1195
716 1195
715 1195
714 1195
713 1195
712 1194
711 1194
710 1194
709 1194
708 1193
707 1193
706 1193
705 1193
704 1193
703 1193
702 1193
701 1193
700 1193
699 1193
698 1193
697 1193
696 1192
695 1192
694 1192
693 1192
692 1191
691 1191
690 1191
689 1191
688 1191
687 1191
686 1191
685 1191
684 1190
683 1190
682 1190
681 1189
680 1188
679 1188
678 1188
677 1188
676 1187
675 1187
674 1187
673 1187
672 1187
671 1187
670 1188
669 1188
668 1189
668 1190
667 1191
667 1192
667 1193
667 1194
666 1195
666 1196
666 1197
665 1198
664 1199
664 1200
663 1201
662 1202
662 1203
662 1204
661 1205
661 1206
661 1207
661 1208
661 1209
661 1210
661 1211
661 1212
662 1213
662 1214
662 1215
662 1216
663 1217
664 1218
664 1219
664 1220
665 1221
666 1222
666 1223
666 1224
667 1225
668 1226
669 1227
670 1228
670 1229
671 1229
672 1230
672 1231
673 1232
674 1233
674 1234
675 1235
676 1236
677 1237
678 1238
678 1239
679 1239
680 1240
681 1241
682 1241
683 1242
684 1242
685 1242
686 1242
687 1242
688 1242
689 1243
690 1243
691 1243
692 1243
693 1244
694 1244
695 1244
696 1244
697 1245
698 1245
699 1245
700 1245
701 1246
702 1246
703 1246
704 1246
705 1246
706 1246
707 1247
708 1247
709 1248
710 1249
711 1249
712 1250
713 1251
714 1251
715 1252
716 1252
717 1252
718 1252
719 1252
720 1252
721 1252
722 1252
723 1253
724 1253
725 1254
726 1254
727 1255
728 1255
729 1256
730 1256
731 1257
732 1257
733 1257
734 1257
735 1258
736 1258
737 1258
738 1258
739 1258
740 1258
741 1258
742 1258
743 1258
744 1258
745 1258
746 1258
747 1258
748 1258
749 1258
750 1258
751 1257
752 1257
753 1257
754 1257
755 1256
756 1256
757 1256
758 1256
759 1256
760 1256
761 1255
762 1255
763 1255
764 1255
765 1254
766 1254
767 1254
768 1254
769 1254
770 1254
771 1254
772 1254
773 1254
774 1254
775 1254
776 1254
777 1254
778 1254
779 1254
780 1254
781 1254
782 1254
783 1255
784 1255
785 1256
786 1256
787 1257
788 1257
789 1258
790 1258
791 1258
792 1258
793 1259
794 1259
795 1259
796 1259
797 1260
798 1260
799 1260
800 1260
801 1260
802 1260
803 1260
804 1260
805 1260
806 1260
807 1260
808 1260
809 1260
810 1260
811 1261
812 1261
813 1261
814 1261
815 1262
816 1262
817 1262
818 1262
819 1261
820 1261
821 1260
822 1259
823 1259
824 1258
825 1257
826 1257
827 1256
828 1255
829 1255
830 1255
831 1254
832 1254
833 1254
834 1254
835 1254
836 1254
837 1254
838 1254
839 1254
840 1254
841 1255
842 1255
843 1256
844 1256
845 1257
846 1257
847 1258
848 1258
849 1259
850 1259
851 1259
852 1259
853 1260
854 1260
855 1260
856 1260
857 1260
858 1260
859 1260
860 1260
861 1260
862 1260
863 1260
864 1260
865 1260
866 1260
867 1260
868 1260
869 1260
870 1260
871 1260
872 1260
873 1260
874 1260
875 1260
876 1260
877 1260
878 1260
879 1260
880 1260
881 1260
882 1260
883 1260
884 1260
885 1260
886 1260
887 1259
888 1259
889 1259
890 1259
891 1258
892 1257
893 1257
894 1257
895 1256
896 1256
897 1256
898 1256
899 1255
900 1255
901 1255
902 1255
903 1254
904 1254
905 1253
906 1253
907 1252
908 1252
909 1251
910 1251
911 1250
912 1250
913 1250
914 1250
915 1249
916 1249
917 1249
918 1249
919 1248
920 1247
921 1247
922 1247
923 1246
924 1246
925 1245
926 1245
927 1244
928 1244
929 1243
930 1243
931 1242
932 1241
933 1241
934 1241
935 1240
936 1239
937 1239
938 1239
939 1238
940 1237
941 1236
942 1236
943 1235
944 1235
945 1234
946 1233
947 1232
948 1232
949 1231
950 1231
951 1230
952 1229
953 1228
954 1227
955 1227
955 1226
956 1225
957 1225
957 1224
958 1223
959 1222
959 1221
960 1220
960 1219
960 1218
960 1217
960 1216
960 1215
960 1214
960 1213
960 1212
960 1211
960 1210
960 1209
960 1208
960 1207
960 1206
960 1205
960 1204
960 1203
959 1202
959 1201
959 1200
959 1199
958 1198
958 1197
958 1196
958 1195
958 1194
958 1193
957 1192
957 1191
957 1190
957 1189
956 1188
955 1187
954 1186
953 1185
953 1184
952 1183
951 1182
951 1181
950 1180
950 1179
949 1178
949 1177
948 1176
947 1175
947 1174
946 1174
945 1173
944 1172
943 1171
942 1170
941 1170
940 1170
939 1170
938 1169
937 1169
936 1168
935 1168
934 1168
933 1168
932 1167
931 1167
930 1167
929 1167
928 1167
927 1167
926 1166
925 1166
924 1166
923 1166
922 1165
921 1165
920 1164
919 1164
918 1164
917 1164
916 1163
915 1163
914 1162
913 1162
912 1162
911 1161
910 1160
909 1160
908 1160
907 1160
906 1159
905 1159
904 1158
903 1158
902 1158
901 1157
900 1156
899 1156
898 1156
897 1155
896 1154
895 1154
894 1154
893 1153
892 1152
891 1152
890 1152
889 1152
888 1151
887 1151
886 1150
885 1150
884 1150
883 1150
882 1149
881 1149
880 1149
879 1149
878 1149
877 1149
