2465 1071
2464 1072
2463 1072
2462 1072
2461 1072
2460 1073
2459 1073
2458 1073
2457 1073
2456 1073
2455 1073
2454 1073
2453 1073
2452 1073
2451 1073
2450 1073
2449 1073
2448 1074
2447 1074
2446 1074
2445 1074
2444 1075
2443 1076
2442 1076
2441 1076
2440 1077
2439 1078
2438 1079
2437 1080
2436 1080
2435 1081
2434 1082
2433 1082
2432 1083
2431 1083
2430 1083
2429 1083
2428 1082
2427 1082
2426 1082
2425 1082
2424 1081
2423 1081
2422 1081
2421 1081
2420 1081
2419 1081
2418 1081
2417 1081
2416 1082
2415 1082
2414 1082
2413 1082
2412 1083
2411 1083
2410 1084
2409 1084
2408 1085
2407 1086
2406 1086
2406 1087
2405 1088
2404 1088
2404 1089
2403 1090
2402 1090
2401 1091
2400 1092
2399 1092
2398 1093
2397 1094
2396 1095
2395 1096
2394 1096
2394 1097
2393 1098
2392 1098
2392 1099
2391 1100
2390 1100
2389 1101
2388 1102
2387 1102
2386 1103
2385 1103
2384 1103
2383 1103
2382 1103
2381 1103
2380 1103
2379 1103
2378 1104
2377 1104
2376 1104
2375 1104
2374 1105
2373 1106
2372 1106
2371 1106
2370 1107
2369 1107
2368 1107
2367 1107
2366 1107
2365 1107
2364 1108
2363 1108
2362 1109
2361 1110
2360 1110
2359 1111
2358 1112
2357 1112
2356 1113
2355 1113
2354 1113
2353 1113
2352 1114
2351 1114
2350 1114
2349 1114
2348 1115
2347 1115
2346 1116
2345 1116
2344 1116
2343 1116
2342 1117
2341 1118
2340 1118
2339 1118
2338 1119
2337 1119
2336 1120
2335 1120
2334 1120
2333 1120
2332 1121
2331 1121
2330 1121
2329 1121
2328 1121
2327 1121
2326 1122
2325 1122
2324 1122
2323 1122
2322 1123
2321 1123
2320 1123
2319 1123
2318 1123
2317 1123
2316 1123
2315 1123
2314 1123
2313 1123
2312 1123
2311 1123
2310 1123
2309 1123
2308 1123
2307 1123
2306 1123
2305 1123
2304 1123
2303 1123
2302 1123
2301 1123
2300 1123
2299 1123
2298 1123
2297 1123
2296 1124
2295 1124
2294 1125
2293 1126
2292 1127
2292 1128
2291 1129
2291 1130
2290 1131
2290 1132
2289 1133
2289 1134
2288 1135
2288 1136
2288 1137
2288 1138
2287 1139
2287 1140
2286 1141
2286 1142
2286 1143
2285 1144
2284 1145
2284 1146
2284 1147
2284 1148
2283 1149
2283 1150
2282 1151
2282 1152
2282 1153
2282 1154
2281 1155
2281 1156
2281 1157
2281 1158
2281 1159
2281 1160
2281 1161
2281 1162
2281 1163
2281 1164
2281 1165
2281 1166
2281 1167
2281 1168
2281 1169
2281 1170
2281 1171
2281 1172
2281 1173
2281 1174
2281 1175
2281 1176
2282 1177
2282 1178
2283 1179
2284 1180
2284 1181
2285 1182
2286 1183
2286 1184
2287 1185
2288 1186
2289 1187
2290 1188
2291 1189
2292 1190
2293 1191
2294 1191
2295 1192
2296 1193
2297 1193
2298 1194
2298 1195
2299 1195
2300 1196
2301 1197
2302 1197
2303 1198
2304 1198
2305 1199
2306 1199
2307 1199
2308 1199
2309 1200
2310 1200
2311 1200
2312 1200
2313 1200
2314 1200
2315 1200
2316 1200
2317 1199
2318 1199
2319 1198
2320 1197
2321 1197
2321 1196
2322 1195
2323 1194
2323 1193
2324 1192
2324 1191
2324 1190
2324 1189
2325 1188
2326 1188
2327 1188
2328 1188
2329 1189
2330 1189
2331 1190
2332 1191
2333 1191
2334 1192
2335 1193
2336 1193
2337 1194
2338 1194
2339 1194
2340 1194
2341 1195
2342 1195
2343 1195
2344 1195
2345 1196
2346 1196
2347 1196
2348 1196
2349 1196
2350 1196
2351 1196
2352 1196
2353 1197
2354 1197
2355 1198
2356 1199
2357 1199
2358 1200
2359 1201
2360 1202
2361 1203
2362 1203
2363 1204
2364 1204
2365 1205
2366 1205
2367 1206
2368 1206
2369 1206
2370 1206
2371 1206
2372 1206
2373 1206
2374 1206
2375 1206
2376 1206
2377 1206
2378 1206
2379 1206
2380 1206
2381 1206
2382 1206
2383 1206
2384 1206
2385 1206
2386 1206
2387 1206
2388 1206
2389 1207
2390 1207
2391 1208
2392 1209
2393 1210
2394 1211
2394 1212
2395 1213
2396 1214
2397 1215
2398 1216
2398 1217
2399 1217
2400 1218
2400 1219
2401 1219
2402 1220
2402 1221
2403 1221
2404 1222
2404 1223
2405 1223
2406 1224
2406 1225
2407 1225
2408 1226
2409 1227
2410 1228
2411 1229
2412 1229
2413 1229
2414 1229
2415 1230
2416 1230
2417 1231
2418 1231
2419 1231
2420 1231
2421 1232
2422 1232
2423 1232
2424 1232
2425 1232
2426 1232
2427 1232
2428 1232
2429 1232
2430 1232
2431 1232
2432 1232
2433 1232
2434 1232
2435 1232
2436 1232
2437 1232
2438 1232
2439 1232
2440 1232
2441 1232
2442 1232
2443 1232
2444 1232
2445 1231
2446 1231
2447 1231
2448 1231
2449 1230
2450 1230
2451 1230
2452 1230
2453 1229
2454 1229
2455 1229
2456 1229
2457 1229
2458 1230
2459 1230
2460 1231
2461 1232
2462 1233
2463 1234
2464 1235
2465 1235
2466 1236
2466 1237
2467 1237
2468 1238
2468 1239
2469 1239
2470 1240
2471 1241
2472 1242
2473 1243
2474 1243
2475 1243
2476 1243
2477 1244
2478 1244
2479 1244
2480 1244
2481 1245
2482 1245
2483 1245
2484 1246
2485 1247
2486 1247
2487 1247
2488 1247
2489 1248
2490 1248
2491 1248
2492 1248
2493 1249
2494 1249
2495 1249
2496 1250
2497 1251
2498 1251
2499 1251
2500 1251
2501 1252
2502 1252
2503 1252
2504 1252
2505 1252
2506 1252
2507 1252
2508 1252
2509 1252
2510 1252
2511 1252
2512 1252
2513 1252
2514 1252
2515 1252
2516 1252
2517 1252
2518 1252
2519 1252
2520 1252
2521 1252
2522 1252
2523 1251
2524 1251
2525 1251
2526 1251
2527 1250
2528 1249
2529 1249
2530 1249
2531 1248
2532 1248
2533 1248
2534 1248
2535 1248
2536 1248
2537 1247
2538 1247
2539 1247
2540 1247
2541 1246
2542 1245
2543 1244
2544 1243
2545 1243
2545 1242
2546 1241
2547 1241
2548 1240
2549 1239
2550 1239
2551 1238
2552 1238
2553 1237
2554 1237
2555 1237
2556 1237
2557 1236
2558 1236
2559 1235
2560 1235
2561 1234
2562 1233
2563 1232
2563 1231
2564 1230
2564 1229
2564 1228
2564 1227
2564 1226
2564 1225
2564 1224
2564 1223
2565 1222
2565 1221
2566 1220
2567 1219
2567 1218
2568 1217
2569 1216
2569 1215
2570 1214
2570 1213
2570 1212
2570 1211
2570 1210
2570 1209
2570 1208
2570 1207
2570 1206
2570 1205
2570 1204
2570 1203
2571 1202
2571 1201
2572 1200
2572 1199
2573 1198
2573 1197
2574 1196
2574 1195
2574 1194
2574 1193
2574 1192
2574 1191
2574 1190
2574 1189
2574 1188
2574 1187
2574 1186
2574 1185
2574 1184
2574 1183
2574 1182
2574 1181
2574 1180
2574 1179
2574 1178
2574 1177
2574 1176
2574 1175
2575 1174
2575 1173
2575 1172
2575 1171
2576 1170
2576 1169
2576 1168
2576 1167
2576 1166
2576 1165
2576 1164
2576 1163
2576 1162
2576 1161
2576 1160
2576 1159
2576 1158
2576 1157
2576 1156
2576 1155
2576 1154
2576 1153
2576 1152
2576 1151
2576 1150
2576 1149
2576 1148
2576 1147
2576 1146
2576 1145
2576 1144
2576 1143
2576 1142
2576 1141
2576 1140
2576 1139
2575 1138
2575 1137
2574 1136
2574 1135
2573 1134
2573 1133
2572 1132
2572 1131
2572 1130
2572 1129
2572 1128
2572 1127
2572 1126
2572 1125
2572 1124
2572 1123
2572 1122
2572 1121
2572 1120
2572 1119
2572 1118
2572 1117
2571 1116
2571 1115
2571 1114
2571 1113
2570 1112
2570 1111
2569 1110
2569 1109
2568 1108
2568 1107
2567 1106
2567 1105
2566 1104
2566 1103
2566 1102
2566 1101
2566 1100
2566 1099
2565 1098
2565 1097
2564 1096
2563 1095
2562 1094
2561 1093
2560 1092
2559 1092
2558 1092
2557 1091
2556 1090
2555 1090
2554 1090
2553 1090
2552 1089
2551 1089
2550 1088
2549 1088
2548 1088
2547 1087
2546 1086
2545 1086
2544 1086
2543 1086
2542 1085
2541 1085
2540 1084
2539 1084
2538 1083
2537 1082
2536 1082
2535 1081
2535 1080
2534 1080
2533 1079
2532 1078
2531 1078
2530 1077
2529 1077
2528 1077
2527 1077
2526 1077
2525 1077
2524 1077
2523 1077
2522 1077
2521 1077
2520 1077
2519 1077
2518 1077
2517 1077
2516 1077
2515 1077
2514 1077
2513 1077
2512 1077
2511 1077
2510 1077
2509 1077
2508 1077
2507 1077
2506 1077
2505 1077
2504 1077
2503 1077
2502 1076
2501 1076
2500 1076
2499 1075
2498 1074
2497 1074
2496 1074
2495 1074
2494 1073
2493 1073
2492 1072
2491 1072
2490 1072
2489 1072
2488 1071
2487 1071
2486 1071
2485 1071
2484 1071
2483 1071
2482 1071
2481 1071
2480 1071
2479 1071
2478 1071
2477 1071
2476 1071
2475 1071
2474 1071
2473 1071
2472 1071
2471 1071
2470 1071
2469 1071
2468 1071
2467 1071
2466 1071
2465 1071
