1461 2829
1460 2830
1459 2830
1458 2830
1457 2830
1456 2831
1455 2831
1454 2831
1453 2831
1452 2831
1451 2831
1450 2831
1449 2831
1448 2831
1447 2831
1446 2831
1445 2831
1444 2831
1443 2831
1442 2832
1441 2832
1440 2832
1439 2832
1438 2833
1437 2833
1436 2833
1435 2833
1434 2833
1433 2833
1432 2833
1431 2833
1430 2833
1429 2833
1428 2833
1427 2833
1426 2833
1425 2833
1424 2833
1423 2833
1422 2833
1421 2833
1420 2833
1419 2833
1418 2833
1417 2833
1416 2832
1415 2832
1414 2832
1413 2832
1412 2832
1411 2832
1410 2832
1409 2832
1408 2833
1407 2834
1406 2834
1405 2834
1404 2835
1403 2835
1402 2835
1401 2835
1400 2835
1399 2835
1398 2835
1397 2835
1396 2835
1395 2835
1394 2835
1393 2835
1392 2835
1391 2835
1390 2836
1389 2836
1388 2836
1387 2836
1386 2837
1385 2837
1384 2837
1383 2837
1382 2837
1381 2837
1380 2837
1379 2837
1378 2838
1377 2838
1376 2838
1375 2838
1374 2839
1373 2839
1372 2839
1371 2839
1370 2839
1369 2839
1368 2839
1367 2839
1366 2839
1365 2839
1364 2839
1363 2839
1362 2839
1361 2839
1360 2840
1359 2840
1358 2840
1357 2840
1356 2841
1355 2841
1354 2841
1353 2841
1352 2841
1351 2841
1350 2841
1349 2841
1348 2841
1347 2841
1346 2841
1345 2841
1344 2841
1343 2841
1342 2841
1341 2841
1340 2841
1339 2841
1338 2841
1337 2841
1336 2842
1335 2842
1334 2842
1333 2842
1332 2843
1331 2843
1330 2843
1329 2843
1328 2843
1327 2843
1326 2843
1325 2843
1324 2843
1323 2843
1322 2844
1321 2844
1320 2844
1319 2844
1318 2845
1317 2845
1316 2845
1315 2845
1314 2845
1313 2845
1312 2845
1311 2845
1310 2845
1309 2845
1308 2845
1307 2845
1306 2845
1305 2845
1304 2845
1303 2845
1302 2845
1301 2845
1300 2845
1299 2845
1298 2845
1297 2845
1296 2846
1295 2846
1294 2846
1293 2846
1292 2847
1291 2847
1290 2847
1289 2847
1288 2847
1287 2847
1286 2847
1285 2847
1284 2847
1283 2847
1282 2847
1281 2847
1280 2847
1279 2847
1278 2847
1277 2847
1276 2848
1275 2848
1274 2848
1273 2848
1272 2849
1271 2849
1270 2849
1269 2849
1268 2849
1267 2849
1266 2849
1265 2849
1264 2849
1263 2849
1262 2849
1261 2849
1260 2849
1259 2849
1258 2849
1257 2849
1256 2849
1255 2849
1254 2849
1253 2849
1252 2849
1251 2849
1250 2849
1249 2849
1248 2849
1247 2849
1246 2849
1245 2849
1244 2849
1243 2849
1242 2849
1241 2849
1240 2849
1239 2849
1238 2849
1237 2849
1236 2849
1235 2849
1234 2849
1233 2849
1232 2849
1231 2849
1230 2849
1229 2849
1228 2849
1227 2849
1226 2849
1225 2849
1224 2849
1223 2849
1222 2849
1221 2849
1220 2849
1219 2849
1218 2849
1217 2849
1216 2849
1215 2849
1214 2849
1213 2849
1212 2849
1211 2849
1210 2849
1209 2849
1208 2849
1207 2849
1206 2849
1205 2849
1204 2849
1203 2849
1202 2849
1201 2849
1200 2849
1199 2849
1198 2849
1197 2849
1196 2849
1195 2849
1194 2849
1193 2849
1192 2849
1191 2849
1190 2849
1189 2849
1188 2849
1187 2849
1186 2849
1185 2849
1184 2849
1183 2849
1182 2849
1181 2849
1180 2849
1179 2849
1178 2849
1177 2849
1176 2849
1175 2849
1174 2849
1173 2849
1172 2850
1171 2850
1170 2851
1169 2852
1168 2852
1167 2853
1166 2854
1165 2854
1164 2855
1163 2855
1162 2855
1161 2855
1160 2855
1159 2855
1158 2856
1157 2856
1156 2856
1155 2856
1154 2857
1153 2857
1152 2857
1151 2857
1150 2857
1149 2857
1148 2857
1147 2857
1146 2857
1145 2857
1144 2857
1143 2857
1142 2857
1141 2857
1140 2858
1139 2858
1138 2858
1137 2858
1136 2859
1135 2859
1134 2860
1133 2860
1132 2861
1131 2862
1130 2863
1130 2864
1129 2865
1128 2866
1128 2867
1127 2868
1126 2868
1126 2869
1125 2870
1124 2870
1124 2871
1123 2872
1122 2872
1122 2873
1121 2874
1120 2875
1119 2876
1118 2877
1118 2878
1118 2879
1118 2880
1117 2881
1117 2882
1117 2883
1117 2884
1117 2885
1117 2886
1116 2887
1116 2888
1115 2889
1114 2890
1113 2891
1112 2892
1111 2892
1110 2893
1109 2893
1108 2894
1107 2894
1106 2895
1105 2896
1104 2897
1104 2898
1103 2899
1103 2900
1102 2901
1102 2902
1102 2903
1101 2904
1100 2905
1100 2906
1100 2907
1099 2908
1098 2909
1098 2910
1098 2911
1097 2912
1096 2913
1096 2914
1096 2915
1095 2916
1094 2917
1094 2918
1094 2919
1093 2920
1092 2921
1092 2922
1091 2923
1090 2924
1090 2925
1089 2926
1088 2927
1087 2928
1086 2929
1086 2930
1085 2931
1085 2932
1084 2933
1083 2934
1082 2935
1082 2936
1081 2937
1081 2938
1080 2939
1079 2940
1078 2941
1078 2942
1078 2943
1077 2944
1076 2945
1076 2946
1076 2947
1075 2948
1074 2949
1074 2950
1073 2951
1072 2952
1072 2953
1071 2954
1070 2955
1069 2956
1068 2957
1068 2958
1067 2959
1067 2960
1066 2961
1065 2962
1064 2963
1064 2964
1064 2965
1063 2966
1062 2967
1062 2968
1061 2969
1061 2970
1060 2971
1059 2972
1058 2973
1058 2974
1057 2975
1057 2976
1056 2977
1055 2978
1054 2979
1054 2980
1054 2981
1053 2982
1052 2983
1052 2984
1052 2985
1051 2986
1050 2987
1050 2988
1050 2989
1049 2990
1048 2991
1048 2992
1047 2993
1047 2994
1046 2995
1046 2996
1045 2997
1045 2998
1045 2999
1045 3000
1045 3001
1045 3002
1045 3003
1045 3004
1045 3005
1045 3006
1045 3007
1045 3008
1045 3009
1045 3010
1044 3011
1044 3012
1044 3013
1043 3014
1042 3015
1042 3016
1042 3017
1041 3018
1040 3019
1040 3020
1040 3021
1040 3022
1039 3023
1039 3024
1038 3025
1038 3026
1037 3027
1036 3028
1035 3028
1034 3029
1033 3030
1032 3031
1031 3031
1030 3032
1029 3032
1028 3033
1027 3034
1026 3034
1025 3034
1024 3035
1023 3036
1022 3036
1021 3036
1020 3037
1019 3038
1018 3039
1017 3040
1016 3041
1015 3042
1014 3043
1014 3044
1013 3045
1012 3046
1012 3047
1011 3048
1010 3048
1010 3049
1009 3050
1008 3051
1008 3052
1007 3053
1007 3054
1007 3055
1007 3056
1006 3057
1006 3058
1005 3059
1004 3060
1004 3061
1003 3062
1002 3062
1002 3063
1001 3064
1000 3065
1000 3066
999 3067
999 3068
999 3069
999 3070
998 3071
998 3072
998 3073
997 3074
996 3075
996 3076
996 3077
996 3078
995 3079
995 3080
995 3081
995 3082
995 3083
995 3084
995 3085
995 3086
994 3087
994 3088
994 3089
994 3090
993 3091
993 3092
993 3093
993 3094
992 3095
992 3096
991 3097
991 3098
990 3099
989 3100
988 3101
988 3102
988 3103
988 3104
987 3105
987 3106
987 3107
987 3108
987 3109
987 3110
988 3111
988 3112
988 3113
988 3114
989 3115
989 3116
989 3117
989 3118
989 3119
989 3120
989 3121
989 3122
990 3123
990 3124
991 3125
992 3126
992 3127
993 3127
994 3128
994 3129
995 3129
996 3130
997 3131
998 3131
999 3132
1000 3132
1001 3133
1002 3133
1003 3133
1004 3133
1005 3134
1006 3134
1007 3135
1008 3135
1009 3135
1010 3136
1011 3137
1012 3137
1013 3138
1014 3138
1015 3139
1016 3139
1017 3140
1018 3140
1019 3140
1020 3140
1021 3140
1022 3140
1023 3140
1024 3140
1025 3140
1026 3140
1027 3140
1028 3140
1029 3140
1030 3140
1031 3139
1032 3139
1033 3139
1034 3139
1035 3138
1036 3138
1037 3138
1038 3138
1039 3137
1040 3137
1041 3137
1042 3137
1043 3136
1044 3135
1045 3135
1046 3135
1047 3135
1048 3135
1049 3136
1050 3137
1051 3137
1052 3138
1053 3139
1054 3140
1055 3141
1056 3141
1057 3141
1058 3142
1059 3143
1060 3143
1061 3143
1062 3143
1063 3144
1064 3144
1065 3144
1066 3144
1067 3144
1068 3144
1069 3144
1070 3144
1071 3144
1072 3144
1073 3144
1074 3144
1075 3144
1076 3144
1077 3144
1078 3144
1079 3144
1080 3144
1081 3144
1082 3144
1083 3144
1084 3144
1085 3143
1086 3143
1087 3143
1088 3143
1089 3142
1090 3141
1091 3141
1092 3141
1093 3140
1094 3140
1095 3139
1096 3139
1097 3138
1098 3138
1099 3137
1100 3137
1101 3136
1102 3136
1103 3136
1104 3136
1105 3135
1106 3135
1107 3135
1108 3135
1109 3134
1110 3134
1111 3134
1112 3134
1113 3134
1114 3134
1115 3134
1116 3134
1117 3134
1118 3134
1119 3134
1120 3134
1121 3134
1122 3134
1123 3134
1124 3134
1125 3133
1126 3133
1127 3133
1128 3133
1129 3132
1130 3131
1131 3131
1132 3131
1133 3130
1134 3130
1135 3130
1136 3130
1137 3131
1138 3131
1139 3131
1140 3131
1141 3132
1142 3132
1143 3132
1144 3132
1145 3132
1146 3132
1147 3132
1148 3132
1149 3132
1150 3132
1151 3132
1152 3132
1153 3132
1154 3132
1155 3132
1156 3132
1157 3132
1158 3132
1159 3132
1160 3132
1161 3132
1162 3132
1163 3132
1164 3132
1165 3132
1166 3132
1167 3132
1168 3132
1169 3132
1170 3132
1171 3132
1172 3132
1173 3132
1174 3132
1175 3132
1176 3132
1177 3132
1178 3132
1179 3132
1180 3132
1181 3132
1182 3132
1183 3132
1184 3132
1185 3132
1186 3132
1187 3132
1188 3132
1189 3132
1190 3132
1191 3132
1192 3132
1193 3132
1194 3132
1195 3132
1196 3132
1197 3132
1198 3132
1199 3132
1200 3132
1201 3132
1202 3132
1203 3132
1204 3132
1205 3132
1206 3132
1207 3133
1208 3133
1209 3134
1210 3135
1210 3136
1211 3137
1212 3138
1213 3139
1214 3139
1215 3140
1216 3140
1217 3140
1218 3140
1219 3140
1220 3140
1221 3140
1222 3140
1223 3140
1224 3140
1225 3140
1226 3140
1227 3140
1228 3140
1229 3140
1230 3140
1231 3140
1232 3140
1233 3140
1234 3140
1235 3140
1236 3140
1237 3141
1238 3141
1239 3141
1240 3142
1241 3143
1242 3143
1243 3143
1244 3143
1245 3144
1246 3144
1247 3144
1248 3144
1249 3144
1250 3144
1251 3144
1252 3144
1253 3143
1254 3143
1255 3143
1256 3143
1257 3142
1258 3142
1259 3142
1260 3142
1261 3142
1262 3142
1263 3143
1264 3143
1265 3143
1266 3143
1267 3144
1268 3144
1269 3144
1270 3144
1271 3143
1272 3143
1273 3142
1274 3141
1275 3141
1275 3140
1276 3139
1277 3139
1278 3138
1279 3137
1280 3137
1281 3136
1282 3135
1283 3135
1284 3135
1285 3134
1286 3134
1287 3134
1288 3134
1289 3134
1290 3134
1291 3134
1292 3134
1293 3133
1294 3133
1295 3132
1296 3132
1297 3131
1298 3131
1299 3130
1300 3129
1301 3129
1302 3129
1303 3128
1304 3128
1305 3127
1306 3127
1307 3127
1308 3127
1309 3126
1310 3126
1311 3126
1312 3126
1313 3126
1314 3126
1315 3125
1316 3125
1317 3125
1318 3125
1319 3124
1320 3124
1321 3124
1322 3124
1323 3124
1324 3124
1325 3124
1326 3124
1327 3124
1328 3124
1329 3124
1330 3124
1331 3124
1332 3124
1333 3124
1334 3124
1335 3124
1336 3124
1337 3124
1338 3124
1339 3124
1340 3124
1341 3125
1342 3125
1343 3125
1344 3126
1345 3127
1346 3127
1347 3127
1348 3127
1349 3128
1350 3128
1351 3129
1352 3129
1353 3129
1354 3130
1355 3131
1356 3131
1357 3131
1358 3131
1359 3132
1360 3132
1361 3133
1362 3133
1363 3133
1364 3134
1365 3135
1366 3135
1367 3136
1368 3136
1369 3137
1370 3137
1371 3138
1372 3138
1373 3139
1374 3139
1375 3140
1376 3141
1377 3141
1378 3142
1378 3143
1379 3143
1380 3144
1381 3145
1382 3146
1383 3147
1384 3147
1385 3148
1386 3149
1387 3149
1388 3150
1388 3151
1389 3151
1390 3152
1391 3153
1392 3154
1393 3155
1394 3155
1395 3156
1396 3157
1397 3157
1398 3158
1398 3159
1399 3159
1400 3160
1400 3161
1401 3161
1402 3162
1402 3163
1403 3163
1404 3164
1405 3165
1406 3166
1407 3167
1408 3167
1409 3168
1410 3169
1411 3169
1412 3170
1412 3171
1413 3171
1414 3172
1414 3173
1415 3174
1416 3175
1416 3176
1417 3177
1418 3178
1419 3179
1420 3180
1420 3181
1421 3181
1422 3182
1422 3183
1423 3183
1424 3184
1424 3185
1425 3185
1426 3186
1426 3187
1427 3187
1428 3188
1429 3189
1430 3189
1431 3190
1432 3190
1433 3190
1434 3190
1435 3190
1436 3190
1437 3190
1438 3190
1439 3190
1440 3190
1441 3189
1442 3189
1443 3189
1444 3189
1445 3188
1446 3188
1447 3188
1448 3188
1449 3188
1450 3188
1451 3188
1452 3188
1453 3188
1454 3188
1455 3188
1456 3188
1457 3188
1458 3188
1459 3188
1460 3188
1461 3188
1462 3188
1463 3187
1464 3187
1465 3187
1466 3187
1467 3186
1468 3186
1469 3186
1470 3186
1471 3186
1472 3186
1473 3186
1474 3186
1475 3186
1476 3186
1477 3186
1478 3186
1479 3186
1480 3186
1481 3186
1482 3186
1483 3186
1484 3186
1485 3186
1486 3186
1487 3186
1488 3186
1489 3186
1490 3186
1491 3186
1492 3186
1493 3186
1494 3186
1495 3185
1496 3185
1497 3185
1498 3185
1499 3184
1500 3184
1501 3183
1502 3183
1503 3183
1504 3183
1505 3182
1506 3182
1507 3182
1508 3182
1509 3182
1510 3182
1511 3182
1512 3182
1513 3182
1514 3182
1515 3181
1516 3181
1517 3180
1518 3179
1519 3179
1520 3178
1521 3177
1522 3177
1523 3176
1524 3175
1525 3175
1526 3175
1527 3174
1528 3174
1529 3174
1530 3174
1531 3174
1532 3174
1533 3173
1534 3173
1535 3173
1536 3173
1537 3172
1538 3172
1539 3172
1540 3172
1541 3172
1542 3172
1543 3171
1544 3171
1545 3171
1546 3171
1547 3170
1548 3169
1549 3168
1550 3167
1551 3167
1552 3166
1553 3165
1554 3165
1555 3164
1556 3164
1557 3163
1558 3163
1559 3162
1560 3161
1561 3161
1562 3160
1563 3159
1564 3159
1565 3158
1566 3158
1567 3158
1568 3158
1569 3158
1570 3158
1571 3158
1572 3158
1573 3157
1574 3157
1575 3157
1576 3157
1577 3156
1578 3155
1579 3155
1580 3155
1581 3154
1582 3154
1583 3153
1584 3153
1585 3153
1586 3153
1587 3152
1588 3151
1589 3151
1590 3151
1591 3150
1592 3150
1593 3149
1594 3149
1595 3148
1596 3148
1597 3147
1598 3147
1599 3146
1600 3145
1601 3144
1602 3143
1603 3143
1604 3142
1605 3141
1606 3141
1607 3140
1608 3140
1609 3140
1610 3140
1611 3139
1612 3139
1613 3139
1614 3139
1615 3138
1616 3137
1617 3137
1618 3137
1619 3136
1620 3136
1621 3136
1622 3136
1623 3136
1624 3136
1625 3136
1626 3136
1627 3136
1628 3136
1629 3136
1630 3136
1631 3136
1632 3136
1633 3136
1634 3136
1635 3136
1636 3136
1637 3136
1638 3136
1639 3136
1640 3136
1641 3136
1642 3136
1643 3136
1644 3136
1645 3136
1646 3136
1647 3136
1648 3136
1649 3135
1650 3135
1651 3134
1652 3134
1653 3133
1654 3133
1655 3132
1656 3132
1657 3132
1658 3132
1659 3133
1660 3133
1661 3133
1662 3133
1663 3133
1664 3133
1665 3133
1666 3133
1667 3132
1668 3132
1669 3132
1670 3132
1671 3132
1672 3132
1673 3132
1674 3132
1675 3132
1676 3132
1677 3132
1678 3132
1679 3132
1680 3132
1681 3132
1682 3132
1683 3132
1684 3132
1685 3132
1686 3132
1687 3132
1688 3132
1689 3132
1690 3132
1691 3132
1692 3132
1693 3132
1694 3132
1695 3132
1696 3132
1697 3132
1698 3132
1699 3132
1700 3132
1701 3132
1702 3132
1703 3132
1704 3132
1705 3132
1706 3132
1707 3132
1708 3132
1709 3132
1710 3132
1711 3132
1712 3132
1713 3132
1714 3132
1715 3132
1716 3132
1717 3132
1718 3132
1719 3132
1720 3132
1721 3132
1722 3132
1723 3133
1724 3133
1725 3133
1726 3133
1727 3134
1728 3134
1729 3133
1730 3133
1731 3133
1732 3133
1733 3133
1734 3133
1735 3133
1736 3133
1737 3133
1738 3133
1739 3133
1740 3133
1741 3132
1742 3131
1743 3131
1744 3131
1745 3130
1746 3130
1747 3129
1748 3129
1749 3129
1750 3129
1751 3128
1752 3128
1753 3128
1754 3128
1755 3128
1756 3128
1757 3128
1758 3128
1759 3128
1760 3128
1761 3128
1762 3128
1763 3128
1764 3128
1765 3128
1766 3128
1767 3127
1768 3127
1769 3126
1769 3125
1770 3124
1770 3123
1771 3122
1771 3121
1772 3120
1773 3119
1773 3118
1774 3117
1775 3117
1775 3116
1776 3115
1777 3114
1777 3113
1778 3112
1778 3111
1778 3110
1778 3109
1778 3108
1778 3107
1779 3106
1779 3105
1779 3104
1780 3103
1781 3102
1781 3101
1781 3100
1782 3099
1783 3098
1783 3097
1784 3096
1784 3095
1785 3094
1786 3093
1787 3092
1787 3091
1787 3090
1788 3089
1789 3088
1789 3087
1789 3086
1790 3085
1791 3084
1791 3083
1792 3082
1793 3081
1793 3080
1794 3079
1795 3078
1796 3077
1797 3076
1797 3075
1797 3074
1797 3073
1798 3072
1798 3071
1799 3070
1799 3069
1799 3068
1800 3067
1801 3066
1801 3065
1801 3064
1802 3063
1803 3062
1803 3061
1804 3060
1804 3059
1805 3058
1806 3057
1807 3056
1807 3055
1808 3054
1809 3053
1809 3052
1810 3051
1811 3051
1811 3050
1812 3049
1813 3049
1814 3048
1815 3047
1816 3047
1817 3046
1818 3045
1819 3044
1820 3043
1821 3042
1822 3041
1823 3040
1823 3039
1823 3038
1824 3037
1825 3036
1825 3035
1826 3034
1826 3033
1827 3032
1828 3031
1829 3030
1829 3029
1830 3028
1830 3027
1831 3026
1831 3025
1832 3024
1832 3023
1832 3022
1832 3021
1833 3020
1833 3019
1834 3018
1834 3017
1835 3016
1835 3015
1836 3014
1836 3013
1836 3012
1836 3011
1836 3010
1836 3009
1836 3008
1836 3007
1836 3006
1836 3005
1836 3004
1836 3003
1836 3002
1836 3001
1836 3000
1836 2999
1836 2998
1836 2997
1837 2996
1837 2995
1837 2994
1837 2993
1838 2992
1838 2991
1839 2990
1839 2989
1839 2988
1840 2987
1841 2986
1841 2985
1841 2984
1842 2983
1843 2982
1843 2981
1844 2980
1844 2979
1845 2978
1846 2977
1847 2976
1847 2975
1848 2974
1848 2973
1849 2972
1849 2971
1850 2970
1850 2969
1850 2968
1850 2967
1850 2966
1850 2965
1850 2964
1850 2963
1850 2962
1850 2961
1850 2960
1850 2959
1849 2958
1849 2957
1849 2956
1849 2955
1848 2954
1848 2953
1848 2952
1848 2951
1847 2950
1847 2949
1847 2948
1847 2947
1846 2946
1846 2945
1846 2944
1846 2943
1845 2942
1845 2941
1844 2940
1843 2939
1842 2938
1841 2937
1840 2936
1839 2936
1838 2935
1837 2934
1836 2934
1835 2933
1835 2932
1834 2932
1833 2931
1832 2930
1831 2929
1830 2928
1829 2928
1828 2928
1827 2927
1826 2926
1825 2926
1824 2926
1823 2926
1822 2925
1821 2925
1820 2924
1819 2924
1818 2924
1817 2924
1816 2923
1815 2923
1814 2922
1813 2922
1812 2921
1811 2921
1810 2920
1809 2920
1808 2919
1807 2919
1806 2918
1805 2918
1804 2918
1803 2917
1802 2916
1801 2916
1800 2916
1799 2915
1798 2914
1797 2914
1796 2914
1795 2914
1794 2913
1793 2913
1792 2912
1791 2912
1790 2912
1789 2911
1788 2910
1787 2910
1786 2910
1785 2910
1784 2909
1783 2909
1782 2909
1781 2909
1780 2909
1779 2909
1778 2908
1777 2908
1776 2907
1775 2907
1774 2906
1773 2906
1772 2905
1771 2905
1770 2905
1769 2905
1768 2905
1767 2905
1766 2905
1765 2905
1764 2904
1763 2904
1762 2904
1761 2903
1760 2902
1759 2902
1758 2902
1757 2902
1756 2901
1755 2901
1754 2901
1753 2901
1752 2900
1751 2900
1750 2900
1749 2899
1748 2898
1747 2898
1746 2898
1745 2898
1744 2897
1743 2897
1742 2897
1741 2897
1740 2897
1739 2897
1738 2897
1737 2897
1736 2897
1735 2897
1734 2897
1733 2897
1732 2897
1731 2897
1730 2896
1729 2896
1728 2895
1727 2894
1726 2894
1725 2893
1724 2892
1723 2891
1722 2890
1721 2890
1720 2889
1719 2889
1718 2888
1717 2888
1716 2887
1715 2887
1714 2886
1713 2886
1712 2886
1711 2886
1710 2885
1709 2885
1708 2885
1707 2885
1706 2885
1705 2885
1704 2885
1703 2885
1702 2885
1701 2885
1700 2885
1699 2885
1698 2885
1697 2885
1696 2884
1695 2884
1694 2884
1693 2883
1692 2882
1691 2882
1690 2881
1689 2881
1688 2880
1687 2880
1686 2879
1685 2879
1684 2878
1683 2878
1682 2878
1681 2878
1680 2877
1679 2877
1678 2877
1677 2877
1676 2877
1675 2877
1674 2877
1673 2877
1672 2877
1671 2877
1670 2876
1669 2876
1668 2876
1667 2876
1666 2875
1665 2875
1664 2875
1663 2875
1662 2874
1661 2874
1660 2873
1659 2873
1658 2872
1657 2871
1656 2870
1655 2870
1654 2870
1653 2870
1652 2869
1651 2869
1650 2869
1649 2869
1648 2869
1647 2869
1646 2869
1645 2869
1644 2869
1643 2869
1642 2868
1641 2868
1640 2868
1639 2868
1638 2867
1637 2867
1636 2866
1635 2866
1634 2866
1633 2866
1632 2865
1631 2865
1630 2865
1629 2865
1628 2865
1627 2865
1626 2865
1625 2865
1624 2864
1623 2864
1622 2864
1621 2864
1620 2863
1619 2863
1618 2863
1617 2863
1616 2862
1615 2862
1614 2862
1613 2862
1612 2861
1611 2861
1610 2861
1609 2861
1608 2861
1607 2861
1606 2861
1605 2861
1604 2861
1603 2861
1602 2860
1601 2860
1600 2860
1599 2860
1598 2859
1597 2859
1596 2858
1595 2858
1594 2858
1593 2858
1592 2857
1591 2857
1590 2856
1589 2856
1588 2856
1587 2856
1586 2855
1585 2855
1584 2855
1583 2855
1582 2855
1581 2855
1580 2855
1579 2855
1578 2855
1577 2855
1576 2855
1575 2855
1574 2854
1573 2854
1572 2854
1571 2854
1570 2853
1569 2853
1568 2852
1567 2852
1566 2852
1565 2852
1564 2851
1563 2851
1562 2850
1561 2850
1560 2850
1559 2850
1558 2849
1557 2849
1556 2849
1555 2849
1554 2848
1553 2848
1552 2848
1551 2847
1550 2846
1549 2846
1548 2846
1547 2846
1546 2845
1545 2845
1544 2845
1543 2845
1542 2844
1541 2844
1540 2844
1539 2844
1538 2843
1537 2843
1536 2842
1535 2842
1534 2842
1533 2842
1532 2841
1531 2841
1530 2840
1529 2840
1528 2840
1527 2840
1526 2839
1525 2839
1524 2839
1523 2839
1522 2838
1521 2838
1520 2838
1519 2838
1518 2837
1517 2837
1516 2836
1515 2836
1514 2835
1513 2835
1512 2834
1511 2834
1510 2833
1509 2833
1508 2833
1507 2833
1506 2832
1505 2832
1504 2832
1503 2832
1502 2831
1501 2831
1500 2831
1499 2831
1498 2831
1497 2831
1496 2831
1495 2831
1494 2831
1493 2831
1492 2830
1491 2830
1490 2830
1489 2830
1488 2829
1487 2829
1486 2829
1485 2829
1484 2829
1483 2829
1482 2829
1481 2829
1480 2829
1479 2829
1478 2829
1477 2829
1476 2829
1475 2829
1474 2829
1473 2829
1472 2829
1471 2829
1470 2829
1469 2829
1468 2829
1467 2829
1466 2829
1465 2829
1464 2829
1463 2829
1462 2829
1461 2829
