1123 1147
1122 1148
1121 1148
1120 1148
1119 1148
1118 1149
1117 1149
1116 1149
1115 1149
1114 1149
1113 1149
1112 1149
1111 1149
1110 1149
1109 1149
1108 1149
1107 1149
1106 1149
1105 1149
1104 1149
1103 1149
1102 1149
1101 1149
1100 1149
1099 1149
1098 1149
1097 1149
1096 1149
1095 1149
1094 1149
1093 1149
1092 1149
1091 1149
1090 1149
1089 1149
1088 1150
1087 1150
1086 1150
1085 1150
1084 1151
1083 1151
1082 1151
1081 1151
1080 1151
1079 1151
1078 1151
1077 1151
1076 1151
1075 1151
1074 1151
1073 1151
1072 1151
1071 1151
1070 1151
1069 1151
1068 1151
1067 1151
1066 1151
1065 1151
1064 1151
1063 1151
1062 1151
1061 1151
1060 1151
1059 1151
1058 1151
1057 1151
1056 1151
1055 1151
1054 1151
1053 1151
1052 1151
1051 1151
1050 1151
1049 1151
1048 1151
1047 1151
1046 1152
1045 1152
1044 1152
1043 1152
1042 1153
1041 1154
1040 1154
1039 1154
1038 1155
1037 1155
1036 1155
1035 1155
1034 1156
1033 1156
1032 1156
1031 1156
1030 1157
1029 1157
1028 1157
1027 1157
1026 1157
1025 1157
1024 1157
1023 1157
1022 1157
1021 1157
1020 1157
1019 1157
1018 1157
1017 1157
1016 1157
1015 1157
1014 1158
1013 1158
1012 1158
1011 1158
1010 1159
1009 1159
1008 1159
1007 1159
1006 1159
1005 1159
1004 1159
1003 1159
1002 1160
1001 1160
1000 1160
999 1160
998 1161
997 1161
996 1161
995 1161
994 1161
993 1161
992 1161
991 1161
990 1161
989 1161
988 1161
987 1161
986 1162
985 1162
984 1163
983 1164
982 1164
981 1165
980 1166
979 1166
978 1167
977 1167
976 1167
975 1167
974 1167
973 1167
972 1167
971 1167
970 1167
969 1167
968 1167
967 1167
966 1167
965 1167
964 1168
963 1168
962 1168
961 1168
960 1169
959 1169
958 1170
957 1170
956 1170
955 1170
954 1171
953 1172
952 1172
951 1172
950 1173
949 1173
948 1173
947 1173
946 1173
945 1173
944 1174
943 1174
942 1174
941 1174
940 1175
939 1176
938 1176
937 1176
936 1177
935 1178
934 1178
933 1178
932 1179
931 1179
930 1179
929 1179
928 1179
927 1179
926 1179
925 1179
924 1179
923 1179
922 1179
921 1179
920 1180
919 1180
918 1181
917 1182
916 1182
916 1183
915 1184
914 1184
914 1185
913 1186
912 1186
912 1187
911 1188
910 1188
910 1189
909 1190
908 1190
908 1191
907 1192
906 1193
906 1194
905 1195
905 1196
905 1197
905 1198
905 1199
905 1200
905 1201
905 1202
905 1203
905 1204
905 1205
905 1206
905 1207
905 1208
905 1209
905 1210
905 1211
905 1212
905 1213
905 1214
905 1215
905 1216
905 1217
905 1218
905 1219
905 1220
906 1221
906 1222
906 1223
906 1224
907 1225
907 1226
907 1227
907 1228
908 1229
908 1230
908 1231
908 1232
909 1233
910 1234
910 1235
910 1236
911 1237
912 1238
912 1239
912 1240
913 1241
913 1242
914 1243
914 1244
914 1245
914 1246
915 1247
915 1248
916 1249
916 1250
916 1251
916 1252
917 1253
917 1254
917 1255
917 1256
917 1257
917 1258
917 1259
917 1260
917 1261
917 1262
918 1263
918 1264
919 1265
920 1266
920 1267
921 1268
922 1269
922 1270
923 1271
923 1272
923 1273
923 1274
923 1275
923 1276
924 1277
924 1278
924 1279
924 1280
925 1281
925 1282
926 1283
926 1284
926 1285
926 1286
927 1287
928 1288
929 1289
929 1290
930 1291
930 1292
931 1293
931 1294
932 1295
932 1296
933 1297
934 1298
934 1299
935 1300
936 1301
936 1302
937 1303
937 1304
937 1305
937 1306
937 1307
937 1308
938 1309
938 1310
938 1311
938 1312
939 1313
939 1314
940 1315
940 1316
941 1317
941 1318
942 1319
942 1320
943 1321
944 1322
944 1323
944 1324
945 1325
946 1326
946 1327
946 1328
947 1329
947 1330
948 1331
948 1332
949 1333
949 1334
950 1335
950 1336
951 1337
952 1338
952 1339
952 1340
953 1341
953 1342
953 1343
953 1344
954 1345
954 1346
955 1347
956 1348
957 1349
958 1349
959 1350
960 1350
961 1350
962 1350
963 1351
964 1351
965 1351
966 1351
967 1352
968 1352
969 1353
970 1353
971 1353
972 1354
973 1355
974 1355
975 1356
976 1356
977 1357
978 1358
979 1359
980 1359
981 1359
982 1360
983 1361
984 1361
985 1362
986 1362
987 1363
988 1363
989 1364
990 1364
991 1364
992 1364
993 1364
994 1364
995 1364
996 1364
997 1364
998 1364
999 1364
1000 1364
1001 1364
1002 1364
1003 1364
1004 1364
1005 1364
1006 1364
1007 1364
1008 1364
1009 1365
1010 1365
1011 1365
1012 1366
1013 1367
1014 1367
1015 1368
1016 1368
1017 1369
1018 1369
1019 1370
1020 1370
1021 1370
1022 1370
1023 1370
1024 1370
1025 1370
1026 1370
1027 1370
1028 1370
1029 1370
1030 1370
1031 1370
1032 1370
1033 1370
1034 1370
1035 1370
1036 1370
1037 1370
1038 1370
1039 1370
1040 1370
1041 1371
1042 1371
1043 1372
1044 1373
1045 1373
1046 1374
1046 1375
1047 1375
1048 1376
1048 1377
1049 1377
1050 1378
1050 1379
1051 1379
1052 1380
1052 1381
1053 1381
1054 1382
1055 1383
1056 1384
1057 1385
1058 1385
1059 1385
1060 1385
1061 1386
1062 1386
1063 1387
1064 1387
1065 1387
1066 1387
1067 1388
1068 1388
1069 1388
1070 1388
1071 1388
1072 1388
1073 1389
1074 1389
1075 1389
1076 1390
1077 1391
1078 1391
1079 1391
1080 1391
1081 1392
1082 1392
1083 1392
1084 1392
1085 1392
1086 1392
1087 1392
1088 1392
1089 1392
1090 1392
1091 1392
1092 1392
1093 1392
1094 1392
1095 1392
1096 1392
1097 1391
1098 1391
1099 1390
1100 1390
1101 1389
1102 1389
1103 1388
1104 1387
1105 1386
1106 1385
1107 1385
1107 1384
1108 1383
1109 1383
1110 1382
1111 1381
1112 1381
1113 1380
1114 1380
1115 1380
1116 1380
1117 1380
1118 1380
1119 1380
1120 1380
1121 1380
1122 1380
1123 1380
1124 1380
1125 1380
1126 1380
1127 1380
1128 1380
1129 1380
1130 1380
1131 1380
1132 1380
1133 1381
1134 1381
1135 1382
1136 1382
1137 1383
1138 1384
1139 1385
1140 1385
1141 1385
1142 1385
1143 1386
1144 1386
1145 1387
1146 1387
1147 1387
1148 1387
1149 1388
1150 1388
1151 1388
1152 1388
1153 1388
1154 1388
1155 1389
1156 1389
1157 1389
1158 1389
1159 1390
1160 1390
1161 1390
1162 1390
1163 1390
1164 1390
1165 1391
1166 1391
1167 1391
1168 1391
1169 1392
1170 1392
1171 1392
1172 1392
1173 1392
1174 1392
1175 1393
1176 1393
1177 1393
1178 1393
1179 1394
1180 1394
1181 1394
1182 1394
1183 1394
1184 1394
1185 1394
1186 1394
1187 1394
1188 1394
1189 1394
1190 1394
1191 1393
1192 1393
1193 1393
1194 1393
1195 1392
1196 1391
1197 1390
1198 1390
1199 1389
1200 1389
1201 1388
1202 1387
1203 1387
1204 1387
1205 1386
1206 1385
1207 1385
1208 1385
1209 1384
1210 1383
1211 1382
1212 1381
1213 1381
1213 1380
1214 1379
1215 1378
1216 1377
1217 1376
1217 1375
1218 1374
1218 1373
1219 1372
1219 1371
1220 1370
1220 1369
1220 1368
1220 1367
1221 1366
1221 1365
1221 1364
1222 1363
1223 1362
1223 1361
1223 1360
1223 1359
1224 1358
1224 1357
1224 1356
1224 1355
1224 1354
1224 1353
1225 1352
1225 1351
1225 1350
1225 1349
1226 1348
1226 1347
1227 1346
1227 1345
1228 1344
1229 1343
1229 1342
1230 1341
1231 1341
1231 1340
1232 1339
1233 1339
1233 1338
1234 1337
1235 1337
1235 1336
1236 1335
1237 1335
1237 1334
1238 1333
1239 1333
1239 1332
1240 1331
1241 1331
1241 1330
1242 1329
1243 1329
1244 1328
1245 1327
1246 1327
1247 1326
1248 1326
1249 1325
1250 1325
1251 1324
1252 1323
1253 1323
1253 1322
1254 1321
1255 1321
1256 1320
1257 1319
1258 1319
1259 1318
1260 1317
1261 1316
1262 1315
1263 1315
1263 1314
1264 1313
1265 1312
1265 1311
1266 1310
1266 1309
1266 1308
1266 1307
1267 1306
1267 1305
1267 1304
1268 1303
1269 1302
1269 1301
1270 1300
1270 1299
1271 1298
1271 1297
1272 1296
1272 1295
1272 1294
1272 1293
1272 1292
1272 1291
1272 1290
1272 1289
1272 1288
1272 1287
1272 1286
1272 1285
1272 1284
1272 1283
1272 1282
1272 1281
1271 1280
1271 1279
1270 1278
1270 1277
1269 1276
1269 1275
1268 1274
1268 1273
1268 1272
1268 1271
1268 1270
1268 1269
1268 1268
1268 1267
1268 1266
1268 1265
1268 1264
1268 1263
1268 1262
1268 1261
1268 1260
1268 1259
1267 1258
1267 1257
1266 1256
1266 1255
1265 1254
1265 1253
1264 1252
1264 1251
1264 1250
1264 1249
1264 1248
1264 1247
1264 1246
1264 1245
1264 1244
1264 1243
1263 1242
1263 1241
1263 1240
1263 1239
1262 1238
1262 1237
1262 1236
1262 1235
1262 1234
1262 1233
1262 1232
1262 1231
1262 1230
1262 1229
1262 1228
1262 1227
1262 1226
1262 1225
1261 1224
1261 1223
1260 1222
1259 1221
1259 1220
1258 1219
1257 1218
1257 1217
1256 1216
1256 1215
1256 1214
1256 1213
1256 1212
1256 1211
1255 1210
1255 1209
1255 1208
1255 1207
1254 1206
1254 1205
1254 1204
1254 1203
1254 1202
1254 1201
1254 1200
1254 1199
1254 1198
1254 1197
1254 1196
1254 1195
1254 1194
1254 1193
1254 1192
1254 1191
1254 1190
1254 1189
1253 1188
1253 1187
1253 1186
1253 1185
1252 1184
1251 1183
1250 1182
1249 1181
1248 1180
1247 1179
1246 1178
1245 1178
1244 1177
1243 1176
1242 1176
1241 1175
1241 1174
1240 1174
1239 1173
1239 1172
1238 1172
1237 1171
1237 1170
1236 1170
1235 1169
1235 1168
1234 1168
1233 1167
1233 1166
1232 1166
1231 1165
1231 1164
1230 1164
1229 1163
1229 1162
1228 1162
1227 1161
1227 1160
1226 1160
1225 1159
1224 1158
1223 1158
1222 1157
1221 1157
1220 1157
1219 1157
1218 1157
1217 1157
1216 1157
1215 1157
1214 1157
1213 1157
1212 1157
1211 1157
1210 1157
1209 1157
1208 1157
1207 1157
1206 1157
1205 1157
1204 1157
1203 1157
1202 1157
1201 1157
1200 1156
1199 1156
1198 1156
1197 1156
1196 1155
1195 1155
1194 1155
1193 1155
1192 1155
1191 1155
1190 1155
1189 1155
1188 1155
1187 1155
1186 1155
1185 1155
1184 1155
1183 1155
1182 1154
1181 1154
1180 1154
1179 1153
1178 1152
1177 1152
1176 1152
1175 1152
1174 1151
1173 1151
1172 1151
1171 1151
1170 1151
1169 1151
1168 1150
1167 1150
1166 1150
1165 1150
1164 1149
1163 1149
1162 1149
1161 1149
1160 1149
1159 1149
1158 1149
1157 1149
1156 1148
1155 1148
1154 1148
1153 1148
1152 1147
1151 1147
1150 1147
1149 1147
1148 1147
1147 1147
1146 1147
1145 1147
1144 1147
1143 1147
1142 1147
1141 1147
1140 1147
1139 1147
1138 1147
1137 1147
1136 1147
1135 1147
1134 1147
1133 1147
1132 1147
1131 1147
1130 1147
1129 1147
1128 1147
1127 1147
1126 1147
1125 1147
1124 1147
1123 1147
