1947 625
1946 626
1945 626
1944 626
1943 626
1942 627
1941 627
1940 627
1939 627
1938 628
1937 628
1936 628
1935 628
1934 629
1933 629
1932 629
1931 629
1930 629
1929 629
1928 629
1927 629
1926 629
1925 629
1924 629
1923 629
1922 629
1921 629
1920 629
1919 629
1918 630
1917 630
1916 630
1915 630
1914 631
1913 632
1912 633
1911 633
1910 634
1909 634
1908 635
1907 635
1906 635
1905 635
1904 635
1903 635
1902 635
1901 635
1900 635
1899 635
1898 635
1897 635
1896 635
1895 635
1894 635
1893 635
1892 635
1891 635
1890 635
1889 635
1888 635
1887 635
1886 635
1885 635
1884 635
1883 635
1882 636
1881 636
1880 636
1879 636
1878 637
1877 638
1876 638
1875 638
1874 639
1873 639
1872 640
1871 640
1870 640
1869 640
1868 641
1867 641
1866 641
1865 641
1864 642
1863 642
1862 642
1861 642
1860 643
1859 643
1858 643
1857 643
1856 643
1855 643
1854 643
1853 643
1852 643
1851 643
1850 643
1849 643
1848 643
1847 643
1846 643
1845 643
1844 643
1843 643
1842 644
1841 644
1840 645
1839 645
1838 646
1837 646
1836 647
1835 647
1834 647
1833 647
1832 647
1831 647
1830 647
1829 647
1828 647
1827 647
1826 648
1825 648
1824 648
1823 648
1822 649
1821 650
1820 651
1819 651
1818 652
1817 652
1816 653
1815 653
1814 654
1813 654
1812 655
1811 655
1810 656
1809 656
1808 657
1807 657
1806 657
1805 657
1804 657
1803 657
1802 657
1801 657
1800 658
1799 658
1798 659
1797 659
1796 660
1795 660
1794 661
1793 662
1792 662
1791 662
1790 663
1789 663
1788 663
1787 663
1786 663
1785 663
1784 663
1783 663
1782 664
1781 664
1780 664
1779 664
1778 665
1777 665
1776 666
1775 666
1774 667
1773 667
1772 668
1771 668
1770 669
1769 669
1768 669
1767 669
1766 669
1765 669
1764 669
1763 669
1762 669
1761 669
1760 669
1759 669
1758 670
1757 670
1756 670
1755 670
1754 671
1753 671
1752 671
1751 671
1750 671
1749 671
1748 671
1747 671
1746 671
1745 671
1744 672
1743 672
1742 672
1741 672
1740 673
1739 674
1738 674
1737 674
1736 675
1735 676
1734 677
1733 678
1732 678
1732 679
1731 680
1730 680
1730 681
1729 682
1728 682
1727 683
1726 684
1725 684
1724 685
1723 686
1722 687
1721 687
1720 688
1719 688
1718 689
1717 690
1716 690
1715 690
1714 691
1713 691
1712 691
1711 691
1710 691
1709 691
1708 691
1707 691
1706 692
1705 692
1704 693
1703 694
1702 694
1702 695
1701 696
1700 696
1700 697
1699 698
1698 698
1698 699
1697 700
1696 701
1696 702
1695 703
1695 704
1696 705
1696 706
1697 707
1698 708
1699 709
1700 709
1701 710
1702 710
1703 711
1704 711
1705 712
1706 712
1707 713
1708 714
1709 715
1710 715
1711 715
1712 715
1713 716
1714 716
1715 717
1716 717
1717 718
1718 718
1719 719
1720 719
1721 720
1722 720
1723 720
1724 720
1725 720
1726 720
1727 721
1728 721
1729 721
1730 721
1731 722
1732 722
1733 722
1734 722
1735 723
1736 723
1737 723
1738 723
1739 724
1740 724
1741 725
1742 725
1743 726
1744 726
1745 727
1746 728
1747 729
1748 729
1749 729
1750 729
1751 730
1752 730
1753 730
1754 730
1755 731
1756 731
1757 731
1758 731
1759 732
1760 732
1761 732
1762 732
1763 732
1764 732
1765 732
1766 732
1767 733
1768 733
1769 733
1770 733
1771 734
1772 734
1773 734
1774 734
1775 734
1776 734
1777 734
1778 734
1779 734
1780 734
1781 734
1782 734
1783 734
1784 734
1785 735
1786 735
1787 735
1788 735
1789 736
1790 736
1791 736
1792 736
1793 736
1794 736
1795 737
1796 737
1797 737
1798 738
1799 739
1800 739
1801 739
1802 739
1803 740
1804 740
1805 740
1806 740
1807 740
1808 740
1809 740
1810 740
1811 740
1812 740
1813 739
1814 739
1815 739
1816 739
1817 738
1818 737
1819 737
1820 737
1821 736
1822 736
1823 736
1824 736
1825 736
1826 736
1827 736
1828 736
1829 736
1830 736
1831 737
1832 737
1833 738
1834 738
1835 739
1836 740
1837 741
1838 741
1839 742
1840 743
1841 743
1842 744
1842 745
1843 745
1844 746
1844 747
1845 747
1846 748
1846 749
1847 749
1848 750
1848 751
1849 752
1850 753
1850 754
1851 755
1852 756
1853 757
1853 758
1854 759
1854 760
1855 761
1856 762
1857 763
1858 764
1859 765
1860 766
1861 767
1862 767
1863 768
1864 768
1865 769
1866 770
1867 771
1868 771
1869 772
1870 773
1871 773
1872 774
1873 775
1874 776
1875 777
1876 777
1877 778
1878 778
1879 779
1880 780
1881 781
1882 781
1883 781
1884 782
1885 783
1886 783
1887 783
1888 783
1889 784
1890 784
1891 785
1892 785
1893 785
1894 785
1895 786
1896 786
1897 786
1898 786
1899 787
1900 787
1901 787
1902 788
1903 789
1904 789
1905 789
1906 789
1907 790
1908 790
1909 791
1910 791
1911 791
1912 791
1913 792
1914 792
1915 792
1916 792
1917 792
1918 792
1919 792
1920 792
1921 792
1922 792
1923 792
1924 792
1925 792
1926 792
1927 792
1928 792
1929 792
1930 792
1931 793
1932 793
1933 793
1934 793
1935 794
1936 794
1937 794
1938 794
1939 794
1940 794
1941 794
1942 794
1943 794
1944 794
1945 794
1946 794
1947 794
1948 794
1949 794
1950 794
1951 794
1952 794
1953 794
1954 794
1955 794
1956 794
1957 794
1958 794
1959 794
1960 794
1961 794
1962 794
1963 794
1964 794
1965 794
1966 794
1967 794
1968 794
1969 794
1970 794
1971 794
1972 794
1973 794
1974 794
1975 794
1976 794
1977 794
1978 794
1979 794
1980 794
1981 794
1982 794
1983 794
1984 794
1985 794
1986 794
1987 794
1988 794
1989 794
1990 794
1991 794
1992 794
1993 794
1994 794
1995 794
1996 794
1997 794
1998 794
1999 794
2000 794
2001 794
2002 794
2003 794
2004 794
2005 794
2006 794
2007 794
2008 794
2009 794
2010 794
2011 794
2012 794
2013 794
2014 794
2015 794
2016 794
2017 794
2018 794
2019 794
2020 794
2021 794
2022 794
2023 793
2024 793
2025 792
2026 791
2027 791
2027 790
2028 789
2029 788
2030 787
2031 786
2032 785
2033 784
2034 784
2035 785
2036 785
2037 785
2038 785
2039 786
2040 786
2041 786
2042 786
2043 785
2044 785
2045 785
2046 785
2047 784
2048 783
2049 782
2050 781
2051 781
2051 780
2052 779
2053 778
2054 777
2055 776
2055 775
2055 774
2056 773
2057 772
2057 771
2057 770
2057 769
2058 768
2058 767
2059 766
2059 765
2059 764
2059 763
2060 762
2060 761
2060 760
2060 759
2060 758
2060 757
2061 756
2061 755
2062 754
2062 753
2063 752
2063 751
2064 750
2064 749
2064 748
2064 747
2064 746
2064 745
2064 744
2064 743
2064 742
2064 741
2064 740
2064 739
2064 738
2064 737
2064 736
2064 735
2065 734
2065 733
2065 732
2065 731
2066 730
2066 729
2066 728
2066 727
2066 726
2066 725
2066 724
2066 723
2066 722
2066 721
2065 720
2065 719
2064 718
2064 717
2063 716
2063 715
2062 714
2062 713
2061 712
2061 711
2061 710
2061 709
2060 708
2059 707
2059 706
2059 705
2058 704
2057 703
2056 702
2055 701
2055 700
2054 700
2053 699
2053 698
2052 697
2051 696
2051 695
2050 694
2049 693
2049 692
2049 691
2048 690
2047 689
2047 688
2047 687
2046 686
2046 685
2045 684
2045 683
2045 682
2045 681
2044 680
2044 679
2043 678
2043 677
2042 676
2041 675
2041 674
2040 674
2039 673
2039 672
2038 672
2037 671
2037 670
2036 670
2035 669
2034 668
2033 667
2032 666
2031 666
2030 665
2029 664
2028 664
2027 663
2027 662
2026 662
2025 661
2025 660
2024 660
2023 659
2023 658
2022 658
2021 657
2021 656
2020 656
2019 655
2019 654
2018 654
2017 653
2017 652
2016 652
2015 651
2015 650
2014 650
2013 649
2013 648
2012 648
2011 647
2011 646
2010 646
2009 645
2009 644
2008 644
2007 643
2006 642
2005 641
2004 640
2003 640
2002 639
2001 639
2000 638
1999 637
1998 636
1997 636
1996 636
1995 635
1994 634
1993 634
1992 634
1991 634
1990 633
1989 633
1988 632
1987 632
1986 632
1985 632
1984 631
1983 631
1982 630
1981 630
1980 630
1979 630
1978 629
1977 629
1976 629
1975 629
1974 629
1973 629
1972 629
1971 629
1970 629
1969 629
1968 628
1967 628
1966 628
1965 627
1964 626
1963 626
1962 626
1961 626
1960 625
1959 625
1958 625
1957 625
1956 625
1955 625
1954 625
1953 625
1952 625
1951 625
1950 625
1949 625
1948 625
1947 625
