821 3447
820 3448
819 3448
818 3448
817 3448
816 3449
815 3450
814 3450
813 3450
812 3451
811 3451
810 3452
809 3453
808 3453
807 3454
806 3455
805 3455
804 3455
803 3455
802 3455
801 3455
800 3455
799 3455
798 3454
797 3454
796 3454
795 3454
794 3454
793 3454
792 3454
791 3455
790 3455
789 3455
788 3455
787 3455
786 3455
785 3455
784 3455
783 3455
782 3455
781 3455
780 3455
779 3455
778 3455
777 3455
776 3456
775 3456
774 3456
773 3456
772 3457
771 3457
770 3457
769 3457
768 3457
767 3457
766 3457
765 3457
764 3457
763 3457
762 3457
761 3457
760 3456
759 3456
758 3456
757 3456
756 3455
755 3455
754 3455
753 3455
752 3455
751 3455
750 3455
749 3455
748 3455
747 3455
746 3456
745 3456
744 3457
743 3457
742 3458
741 3458
740 3459
739 3459
738 3460
737 3460
736 3460
735 3460
734 3461
733 3462
732 3462
731 3462
730 3463
729 3464
728 3464
727 3464
726 3465
725 3465
724 3464
723 3464
722 3464
721 3464
720 3463
719 3463
718 3463
717 3463
716 3463
715 3463
714 3462
713 3462
712 3462
711 3462
710 3461
709 3461
708 3461
707 3461
706 3461
705 3461
704 3461
703 3461
702 3461
701 3461
700 3461
699 3461
698 3461
697 3461
696 3461
695 3461
694 3461
693 3461
692 3461
691 3461
690 3461
689 3461
688 3461
687 3461
686 3460
685 3460
684 3460
683 3460
682 3459
681 3459
680 3459
679 3459
678 3459
677 3459
676 3459
675 3459
674 3459
673 3459
672 3459
671 3459
670 3459
669 3459
668 3459
667 3459
666 3459
665 3459
664 3459
663 3459
662 3459
661 3459
660 3460
659 3460
658 3460
657 3460
656 3461
655 3461
654 3461
653 3461
652 3461
651 3461
650 3462
649 3462
648 3462
647 3462
646 3463
645 3464
644 3464
643 3464
642 3465
641 3466
640 3466
639 3466
638 3467
637 3468
636 3468
635 3468
634 3469
633 3469
632 3470
631 3470
630 3470
629 3470
628 3471
627 3471
626 3471
625 3471
624 3472
623 3472
622 3472
621 3472
620 3473
619 3474
618 3474
617 3474
616 3475
615 3475
614 3476
613 3476
612 3476
611 3476
610 3477
609 3477
608 3477
607 3477
606 3478
605 3478
604 3478
603 3478
602 3479
601 3479
600 3480
599 3480
598 3480
597 3480
596 3481
595 3481
594 3482
593 3482
592 3482
591 3482
590 3483
589 3483
588 3484
587 3484
586 3484
585 3484
584 3485
583 3486
582 3486
581 3486
580 3487
579 3488
578 3488
577 3488
576 3489
575 3490
574 3491
573 3492
572 3492
572 3493
571 3494
570 3494
570 3495
569 3496
568 3497
568 3498
568 3499
568 3500
568 3501
568 3502
569 3503
569 3504
569 3505
569 3506
569 3507
569 3508
570 3509
570 3510
570 3511
570 3512
571 3513
571 3514
571 3515
571 3516
571 3517
571 3518
571 3519
571 3520
571 3521
571 3522
571 3523
571 3524
571 3525
571 3526
571 3527
571 3528
571 3529
571 3530
571 3531
571 3532
571 3533
571 3534
571 3535
571 3536
572 3537
572 3538
573 3539
574 3540
574 3541
575 3541
576 3542
577 3543
578 3543
579 3544
580 3544
581 3544
582 3544
583 3544
584 3544
585 3544
586 3544
587 3544
588 3544
589 3545
590 3545
591 3546
592 3546
593 3547
594 3547
595 3548
596 3548
597 3548
598 3548
599 3548
600 3548
601 3548
602 3548
603 3548
604 3548
605 3547
606 3547
607 3547
608 3547
609 3546
610 3546
611 3546
612 3546
613 3546
614 3546
615 3546
616 3546
617 3546
618 3546
619 3546
620 3546
621 3546
622 3546
623 3546
624 3546
625 3545
626 3545
627 3545
628 3545
629 3544
630 3544
631 3544
632 3544
633 3544
634 3544
635 3544
636 3544
637 3544
638 3544
639 3543
640 3543
641 3543
642 3543
643 3542
644 3542
645 3542
646 3542
647 3542
648 3542
649 3542
650 3542
651 3542
652 3542
653 3542
654 3542
655 3541
656 3541
657 3541
658 3541
659 3540
660 3540
661 3540
662 3540
663 3540
664 3540
665 3540
666 3540
667 3540
668 3540
669 3540
670 3540
671 3540
672 3540
673 3540
674 3540
675 3540
676 3540
677 3540
678 3540
679 3540
680 3540
681 3540
682 3540
683 3540
684 3540
685 3540
686 3540
687 3540
688 3540
689 3540
690 3540
691 3540
692 3540
693 3540
694 3540
695 3541
696 3541
697 3541
698 3541
699 3542
700 3542
701 3542
702 3542
703 3542
704 3542
705 3542
706 3542
707 3542
708 3542
709 3542
710 3542
711 3542
712 3542
713 3543
714 3543
715 3543
716 3543
717 3544
718 3544
719 3544
720 3544
721 3544
722 3544
723 3544
724 3544
725 3543
726 3543
727 3543
728 3543
729 3542
730 3542
731 3542
732 3542
733 3542
734 3542
735 3542
736 3542
737 3542
738 3542
739 3541
740 3541
741 3541
742 3541
743 3540
744 3540
745 3540
746 3540
747 3540
748 3540
749 3540
750 3540
751 3540
752 3540
753 3540
754 3540
755 3540
756 3540
757 3540
758 3540
759 3540
760 3540
761 3540
762 3540
763 3540
764 3540
765 3540
766 3540
767 3539
768 3539
769 3539
770 3539
771 3538
772 3538
773 3538
774 3538
775 3538
776 3538
777 3538
778 3538
779 3538
780 3538
781 3538
782 3538
783 3538
784 3538
785 3537
786 3537
787 3537
788 3537
789 3536
790 3536
791 3536
792 3536
793 3536
794 3536
795 3536
796 3536
797 3536
798 3536
799 3536
800 3536
801 3536
802 3536
803 3536
804 3536
805 3536
806 3536
807 3536
808 3536
809 3536
810 3536
811 3536
812 3536
813 3536
814 3536
815 3536
816 3536
817 3536
818 3536
819 3536
820 3536
821 3536
822 3536
823 3536
824 3536
825 3536
826 3536
827 3536
828 3536
829 3536
830 3536
831 3535
832 3535
833 3535
834 3535
835 3534
836 3534
837 3534
838 3534
839 3534
840 3534
841 3534
842 3534
843 3533
844 3533
845 3533
846 3533
847 3532
848 3532
849 3532
850 3532
851 3532
852 3532
853 3531
854 3531
855 3531
856 3531
857 3530
858 3530
859 3530
860 3530
861 3530
862 3530
863 3529
864 3529
865 3529
866 3529
867 3528
868 3528
869 3528
870 3528
871 3527
872 3527
873 3527
874 3527
875 3526
876 3526
877 3526
878 3526
879 3526
880 3526
881 3526
882 3526
883 3526
884 3526
885 3526
886 3526
887 3525
888 3525
889 3525
890 3525
891 3524
892 3524
893 3524
894 3524
895 3524
896 3524
897 3524
898 3524
899 3524
900 3524
901 3524
902 3524
903 3524
904 3524
905 3524
906 3524
907 3523
908 3523
909 3523
910 3523
911 3522
912 3522
913 3522
914 3522
915 3521
916 3521
917 3521
918 3521
919 3520
920 3519
921 3519
922 3519
923 3518
924 3518
925 3517
926 3517
927 3517
928 3517
929 3516
930 3516
931 3516
932 3516
933 3515
934 3515
935 3515
936 3515
937 3514
938 3513
939 3513
940 3513
941 3512
942 3511
943 3510
944 3509
945 3509
945 3508
946 3507
947 3506
947 3505
948 3504
948 3503
948 3502
948 3501
948 3500
948 3499
948 3498
948 3497
948 3496
948 3495
948 3494
948 3493
947 3492
947 3491
947 3490
947 3489
946 3488
946 3487
945 3486
945 3485
945 3484
945 3483
944 3482
943 3481
942 3480
941 3479
940 3478
939 3478
938 3477
937 3477
936 3476
935 3476
934 3475
933 3475
932 3475
931 3475
930 3474
929 3474
928 3473
927 3472
926 3472
925 3471
925 3470
924 3470
923 3469
922 3468
921 3468
920 3467
919 3467
918 3467
917 3467
916 3467
915 3467
914 3467
913 3467
912 3467
911 3467
910 3467
909 3467
908 3467
907 3467
906 3467
905 3467
904 3466
903 3466
902 3466
901 3466
900 3465
899 3465
898 3465
897 3465
896 3465
895 3465
894 3464
893 3464
892 3464
891 3464
890 3463
889 3463
888 3463
887 3463
886 3463
885 3463
884 3462
883 3462
882 3462
881 3461
880 3460
879 3460
878 3459
877 3459
876 3458
875 3457
874 3456
873 3456
872 3456
871 3456
870 3455
869 3455
868 3455
867 3455
866 3455
865 3455
864 3454
863 3454
862 3454
861 3453
860 3452
859 3452
858 3452
857 3452
856 3451
855 3451
854 3450
853 3450
852 3450
851 3450
850 3449
849 3449
848 3448
847 3448
846 3448
845 3448
844 3447
843 3447
842 3447
841 3447
840 3447
839 3447
838 3447
837 3447
836 3447
835 3447
834 3447
833 3447
832 3447
831 3447
830 3447
829 3447
828 3447
827 3447
826 3447
825 3447
824 3447
823 3447
822 3447
821 3447
