2263 4429
2262 4430
2261 4430
2260 4431
2260 4432
2259 4433
2259 4434
2259 4435
2259 4436
2259 4437
2259 4438
2259 4439
2259 4440
2258 4441
2258 4442
2258 4443
2257 4444
2256 4445
2256 4446
2256 4447
2256 4448
2255 4449
2255 4450
2255 4451
2255 4452
2255 4453
2255 4454
2255 4455
2255 4456
2255 4457
2255 4458
2255 4459
2255 4460
2255 4461
2255 4462
2255 4463
2255 4464
2255 4465
2255 4466
2255 4467
2255 4468
2255 4469
2255 4470
2255 4471
2255 4472
2255 4473
2255 4474
2255 4475
2255 4476
2255 4477
2255 4478
2256 4479
2256 4480
2256 4481
2256 4482
2257 4483
2258 4484
2258 4485
2258 4486
2259 4487
2259 4488
2259 4489
2259 4490
2260 4491
2260 4492
2260 4493
2260 4494
2261 4495
2261 4496
2262 4497
2262 4498
2263 4499
2264 4500
2264 4501
2265 4501
2266 4502
2266 4503
2267 4503
2268 4504
2268 4505
2269 4505
2270 4506
2270 4507
2271 4507
2272 4508
2272 4509
2273 4509
2274 4510
2274 4511
2275 4511
2276 4512
2277 4513
2278 4514
2279 4515
2280 4515
2281 4516
2282 4516
2283 4517
2284 4518
2285 4519
2286 4519
2287 4520
2288 4521
2289 4521
2290 4522
2291 4523
2292 4523
2293 4524
2294 4524
2295 4524
2296 4524
2297 4524
2298 4524
2299 4524
2300 4524
2301 4524
2302 4524
2303 4524
2304 4524
2305 4525
2306 4525
2307 4525
2308 4525
2309 4526
2310 4526
2311 4527
2312 4527
2313 4528
2314 4529
2315 4529
2316 4530
2317 4531
2318 4532
2319 4533
2320 4533
2321 4534
2322 4534
2323 4535
2324 4535
2325 4536
2326 4536
2327 4537
2328 4537
2329 4538
2330 4539
2331 4539
2332 4540
2332 4541
2333 4541
2334 4542
2334 4543
2335 4543
2336 4544
2336 4545
2337 4545
2338 4546
2338 4547
2339 4547
2340 4548
2340 4549
2341 4549
2342 4550
2342 4551
2343 4551
2344 4552
2344 4553
2345 4553
2346 4554
2346 4555
2347 4555
2348 4556
2348 4557
2349 4557
2350 4558
2350 4559
2351 4559
2352 4560
2352 4561
2353 4561
2354 4562
2355 4563
2356 4564
2357 4565
2358 4565
2359 4566
2360 4567
2361 4567
2362 4568
2362 4569
2363 4569
2364 4570
2364 4571
2365 4571
2366 4572
2366 4573
2367 4573
2368 4574
2369 4575
2370 4576
2371 4577
2372 4577
2373 4577
2374 4577
2375 4578
2376 4578
2377 4579
2378 4579
2379 4579
2380 4580
2381 4581
2382 4581
2383 4582
2384 4582
2385 4583
2386 4583
2387 4584
2388 4584
2389 4584
2390 4584
2391 4584
2392 4584
2393 4584
2394 4584
2395 4584
2396 4584
2397 4584
2398 4584
2399 4584
2400 4584
2401 4584
2402 4584
2403 4584
2404 4584
2405 4584
2406 4584
2407 4584
2408 4584
2409 4584
2410 4584
2411 4584
2412 4584
2413 4584
2414 4584
2415 4584
2416 4584
2417 4584
2418 4584
2419 4584
2420 4584
2421 4585
2422 4585
2423 4585
2424 4585
2425 4586
2426 4586
2427 4586
2428 4586
2429 4586
2430 4586
2431 4586
2432 4586
2433 4586
2434 4586
2435 4586
2436 4586
2437 4586
2438 4586
2439 4586
2440 4586
2441 4586
2442 4586
2443 4586
2444 4586
2445 4586
2446 4586
2447 4586
2448 4586
2449 4586
2450 4586
2451 4586
2452 4586
2453 4586
2454 4586
2455 4586
2456 4586
2457 4586
2458 4586
2459 4586
2460 4586
2461 4586
2462 4586
2463 4586
2464 4586
2465 4586
2466 4586
2467 4586
2468 4586
2469 4587
2470 4587
2471 4587
2472 4587
2473 4588
2474 4588
2475 4588
2476 4588
2477 4588
2478 4588
2479 4588
2480 4588
2481 4588
2482 4588
2483 4588
2484 4588
2485 4588
2486 4588
2487 4588
2488 4588
2489 4588
2490 4588
2491 4589
2492 4589
2493 4589
2494 4589
2495 4590
2496 4590
2497 4590
2498 4590
2499 4590
2500 4590
2501 4590
2502 4590
2503 4590
2504 4590
2505 4590
2506 4590
2507 4590
2508 4590
2509 4591
2510 4591
2511 4591
2512 4591
2513 4592
2514 4592
2515 4592
2516 4592
2517 4592
2518 4592
2519 4592
2520 4592
2521 4592
2522 4592
2523 4592
2524 4592
2525 4592
2526 4592
2527 4592
2528 4592
2529 4592
2530 4592
2531 4591
2532 4591
2533 4590
2534 4590
2535 4589
2536 4589
2537 4588
2538 4587
2539 4587
2540 4587
2541 4586
2542 4586
2543 4586
2544 4586
2545 4586
2546 4586
2547 4586
2548 4586
2549 4586
2550 4586
2551 4586
2552 4586
2553 4586
2554 4586
2555 4586
2556 4586
2557 4587
2558 4587
2559 4587
2560 4587
2561 4588
2562 4588
2563 4588
2564 4588
2565 4588
2566 4588
2567 4588
2568 4588
2569 4588
2570 4588
2571 4588
2572 4588
2573 4588
2574 4588
2575 4588
2576 4588
2577 4588
2578 4588
2579 4588
2580 4588
2581 4588
2582 4588
2583 4588
2584 4588
2585 4587
2586 4587
2587 4587
2588 4587
2589 4586
2590 4585
2591 4584
2592 4583
2593 4583
2594 4582
2595 4581
2596 4581
2597 4580
2598 4579
2599 4578
2600 4577
2601 4577
2602 4576
2603 4575
2604 4575
2605 4574
2606 4574
2607 4574
2608 4574
2609 4574
2610 4574
2611 4574
2612 4574
2613 4574
2614 4574
2615 4573
2616 4573
2617 4572
2618 4571
2619 4571
2619 4570
2620 4569
2621 4569
2621 4568
2622 4567
2623 4567
2623 4566
2624 4565
2625 4565
2625 4564
2626 4563
2627 4563
2627 4562
2628 4561
2629 4561
2629 4560
2630 4559
2631 4559
2631 4558
2632 4557
2633 4557
2633 4556
2634 4555
2635 4555
2635 4554
2636 4553
2637 4552
2638 4551
2639 4550
2639 4549
2640 4548
2641 4547
2641 4546
2642 4545
2643 4545
2643 4544
2644 4543
2645 4543
2645 4542
2646 4541
2647 4541
2647 4540
2648 4539
2649 4539
2649 4538
2650 4537
2651 4537
2651 4536
2652 4535
2653 4535
2653 4534
2654 4533
2655 4533
2655 4532
2656 4531
2657 4531
2657 4530
2658 4529
2659 4529
2659 4528
2660 4527
2661 4527
2661 4526
2662 4525
2663 4524
2663 4523
2664 4522
2664 4521
2664 4520
2664 4519
2664 4518
2664 4517
2664 4516
2664 4515
2664 4514
2664 4513
2664 4512
2664 4511
2664 4510
2664 4509
2664 4508
2664 4507
2664 4506
2664 4505
2664 4504
2664 4503
2664 4502
2664 4501
2664 4500
2664 4499
2664 4498
2664 4497
2664 4496
2664 4495
2664 4494
2664 4493
2664 4492
2664 4491
2663 4490
2663 4489
2662 4488
2662 4487
2661 4486
2661 4485
2660 4484
2659 4483
2658 4482
2657 4481
2656 4480
2655 4480
2654 4479
2653 4479
2652 4479
2651 4479
2650 4479
2649 4479
2648 4478
2647 4478
2646 4477
2645 4476
2644 4476
2643 4475
2642 4474
2641 4473
2640 4472
2639 4472
2638 4471
2637 4471
2636 4470
2635 4469
2634 4468
2633 4468
2632 4468
2631 4468
2630 4467
2629 4467
2628 4467
2627 4467
2626 4467
2625 4467
2624 4467
2623 4467
2622 4467
2621 4467
2620 4467
2619 4467
2618 4467
2617 4467
2616 4467
2615 4467
2614 4466
2613 4466
2612 4466
2611 4466
2610 4465
2609 4465
2608 4465
2607 4465
2606 4465
2605 4465
2604 4465
2603 4465
2602 4465
2601 4465
2600 4465
2599 4465
2598 4465
2597 4465
2596 4465
2595 4465
2594 4464
2593 4464
2592 4464
2591 4464
2590 4463
2589 4463
2588 4463
2587 4463
2586 4462
2585 4462
2584 4462
2583 4462
2582 4461
2581 4461
2580 4460
2579 4460
2578 4460
2577 4460
2576 4459
2575 4459
2574 4458
2573 4458
2572 4458
2571 4458
2570 4457
2569 4457
2568 4457
2567 4457
2566 4457
2565 4457
2564 4457
2563 4457
2562 4457
2561 4457
2560 4457
2559 4457
2558 4457
2557 4457
2556 4456
2555 4456
2554 4456
2553 4456
2552 4455
2551 4455
2550 4455
2549 4455
2548 4455
2547 4455
2546 4455
2545 4455
2544 4455
2543 4455
2542 4455
2541 4455
2540 4455
2539 4455
2538 4454
2537 4454
2536 4454
2535 4454
2534 4453
2533 4453
2532 4453
2531 4453
2530 4453
2529 4453
2528 4452
2527 4452
2526 4452
2525 4452
2524 4451
2523 4451
2522 4450
2521 4450
2520 4450
2519 4450
2518 4449
2517 4449
2516 4449
2515 4449
2514 4449
2513 4449
2512 4449
2511 4449
2510 4449
2509 4449
2508 4449
2507 4449
2506 4449
2505 4449
2504 4449
2503 4449
2502 4449
2501 4449
2500 4449
2499 4449
2498 4449
2497 4449
2496 4449
2495 4449
2494 4449
2493 4449
2492 4448
2491 4448
2490 4448
2489 4448
2488 4447
2487 4447
2486 4447
2485 4447
2484 4447
2483 4447
2482 4447
2481 4447
2480 4447
2479 4447
2478 4446
2477 4446
2476 4446
2475 4446
2474 4445
2473 4445
2472 4445
2471 4445
2470 4445
2469 4445
2468 4445
2467 4445
2466 4445
2465 4445
2464 4445
2463 4445
2462 4445
2461 4445
2460 4445
2459 4445
2458 4445
2457 4445
2456 4444
2455 4444
2454 4444
2453 4444
2452 4443
2451 4443
2450 4443
2449 4443
2448 4443
2447 4443
2446 4443
2445 4443
2444 4443
2443 4443
2442 4443
2441 4443
2440 4443
2439 4443
2438 4443
2437 4443
2436 4443
2435 4443
2434 4443
2433 4443
2432 4444
2431 4444
2430 4444
2429 4444
2428 4445
2427 4446
2426 4446
2425 4446
2424 4447
2423 4447
2422 4446
2421 4446
2420 4446
2419 4446
2418 4445
2417 4445
2416 4445
2415 4445
2414 4445
2413 4445
2412 4445
2411 4445
2410 4445
2409 4445
2408 4445
2407 4445
2406 4445
2405 4445
2404 4445
2403 4445
2402 4445
2401 4445
2400 4446
2399 4446
2398 4446
2397 4446
2396 4447
2395 4448
2394 4448
2393 4448
2392 4449
2391 4449
2390 4449
2389 4449
2388 4449
2387 4449
2386 4449
2385 4449
2384 4449
2383 4449
2382 4449
2381 4449
2380 4449
2379 4449
2378 4449
2377 4449
2376 4449
2375 4449
2374 4449
2373 4449
2372 4449
2371 4449
2370 4449
2369 4449
2368 4450
2367 4450
2366 4450
2365 4450
2364 4451
2363 4451
2362 4451
2361 4451
2360 4451
2359 4451
2358 4451
2357 4451
2356 4451
2355 4451
2354 4451
2353 4451
2352 4451
2351 4451
2350 4451
2349 4451
2348 4451
2347 4451
2346 4451
2345 4451
2344 4451
2343 4451
2342 4450
2341 4450
2340 4450
2339 4450
2338 4449
2337 4449
2336 4448
2335 4448
2334 4448
2333 4448
2332 4447
2331 4447
2330 4447
2329 4447
2328 4446
2327 4446
2326 4445
2325 4444
2324 4444
2323 4443
2322 4442
2321 4442
2320 4441
2319 4441
2318 4440
2317 4440
2316 4439
2315 4438
2314 4438
2313 4437
2312 4436
2311 4436
2310 4435
2309 4435
2308 4434
2307 4434
2306 4434
2305 4433
2304 4432
2303 4432
2302 4432
2301 4432
2300 4431
2299 4431
2298 4431
2297 4431
2296 4430
2295 4430
2294 4430
2293 4430
2292 4429
2291 4429
2290 4429
2289 4429
2288 4429
2287 4429
2286 4429
2285 4429
2284 4429
2283 4429
2282 4429
2281 4429
2280 4429
2279 4429
2278 4429
2277 4429
2276 4429
2275 4429
2274 4429
2273 4429
2272 4429
2271 4429
2270 4429
2269 4429
2268 4429
2267 4429
2266 4429
2265 4429
2264 4429
2263 4429
