963 3257
962 3258
961 3258
960 3258
959 3258
958 3259
957 3259
956 3259
955 3259
954 3259
953 3259
952 3259
951 3259
950 3259
949 3259
948 3259
947 3259
946 3259
945 3259
944 3259
943 3259
942 3259
941 3259
940 3259
939 3259
938 3259
937 3259
936 3259
935 3259
934 3259
933 3259
932 3259
931 3259
930 3259
929 3259
928 3259
927 3259
926 3259
925 3259
924 3259
923 3259
922 3259
921 3259
920 3259
919 3259
918 3259
917 3259
916 3259
915 3259
914 3260
913 3260
912 3260
911 3260
910 3261
909 3262
908 3262
907 3262
906 3263
905 3263
904 3264
903 3264
902 3264
901 3264
900 3265
899 3266
898 3266
897 3266
896 3267
895 3267
894 3267
893 3267
892 3267
891 3267
890 3268
889 3268
888 3269
887 3270
886 3270
885 3271
884 3272
883 3272
882 3273
881 3273
880 3273
879 3273
878 3274
877 3274
876 3275
875 3275
874 3276
873 3276
872 3277
871 3278
870 3278
869 3278
868 3279
867 3280
866 3280
865 3280
864 3281
863 3281
862 3281
861 3281
860 3281
859 3281
858 3281
857 3281
856 3282
855 3282
854 3282
853 3282
852 3283
851 3283
850 3283
849 3283
848 3283
847 3283
846 3283
845 3283
844 3283
843 3283
842 3283
841 3283
840 3283
839 3283
838 3283
837 3283
836 3284
835 3284
834 3285
833 3285
832 3286
831 3286
830 3287
829 3287
828 3288
827 3288
826 3289
825 3290
824 3290
824 3291
823 3292
822 3292
822 3293
821 3294
820 3294
820 3295
819 3296
818 3296
818 3297
817 3298
816 3299
816 3300
815 3301
815 3302
814 3303
814 3304
813 3305
812 3306
812 3307
811 3308
810 3309
810 3310
809 3311
809 3312
808 3313
808 3314
807 3315
806 3316
806 3317
805 3318
804 3318
804 3319
803 3320
802 3320
802 3321
801 3322
800 3323
800 3324
799 3325
799 3326
799 3327
799 3328
799 3329
799 3330
799 3331
799 3332
799 3333
799 3334
799 3335
799 3336
799 3337
799 3338
799 3339
799 3340
799 3341
799 3342
799 3343
799 3344
800 3345
800 3346
800 3347
800 3348
801 3349
801 3350
801 3351
801 3352
801 3353
801 3354
801 3355
801 3356
801 3357
801 3358
801 3359
801 3360
801 3361
801 3362
801 3363
801 3364
801 3365
801 3366
801 3367
801 3368
801 3369
801 3370
801 3371
801 3372
801 3373
801 3374
802 3375
802 3376
802 3377
802 3378
803 3379
803 3380
803 3381
803 3382
804 3383
804 3384
804 3385
804 3386
805 3387
805 3388
805 3389
805 3390
805 3391
805 3392
806 3393
806 3394
807 3395
807 3396
808 3397
808 3398
809 3399
809 3400
809 3401
809 3402
809 3403
809 3404
809 3405
809 3406
809 3407
809 3408
809 3409
809 3410
809 3411
809 3412
809 3413
809 3414
809 3415
809 3416
809 3417
809 3418
809 3419
809 3420
810 3421
810 3422
811 3423
812 3424
812 3425
813 3425
814 3426
814 3427
815 3427
816 3428
816 3429
817 3430
818 3431
818 3432
819 3433
819 3434
819 3435
819 3436
819 3437
819 3438
819 3439
819 3440
820 3441
820 3442
820 3443
820 3444
821 3445
821 3446
821 3447
821 3448
821 3449
821 3450
821 3451
821 3452
821 3453
821 3454
821 3455
821 3456
821 3457
821 3458
821 3459
821 3460
821 3461
821 3462
821 3463
821 3464
820 3465
820 3466
820 3467
820 3468
819 3469
819 3470
819 3471
819 3472
818 3473
818 3474
818 3475
818 3476
817 3477
817 3478
817 3479
817 3480
817 3481
817 3482
817 3483
817 3484
816 3485
816 3486
816 3487
815 3488
814 3489
814 3490
814 3491
814 3492
813 3493
813 3494
813 3495
813 3496
813 3497
813 3498
814 3499
814 3500
814 3501
814 3502
815 3503
816 3504
816 3505
816 3506
817 3507
818 3508
818 3509
818 3510
819 3511
819 3512
819 3513
819 3514
820 3515
820 3516
821 3517
822 3518
823 3519
824 3519
825 3520
826 3520
827 3520
828 3520
829 3520
830 3520
831 3520
832 3520
833 3520
834 3520
835 3520
836 3520
837 3520
838 3520
839 3520
840 3520
841 3520
842 3520
843 3520
844 3520
845 3521
846 3521
847 3522
848 3523
849 3523
850 3524
850 3525
851 3525
852 3526
852 3527
853 3527
854 3528
855 3529
856 3529
857 3530
858 3530
859 3530
860 3530
861 3530
862 3530
863 3530
864 3530
865 3530
866 3530
867 3530
868 3530
869 3530
870 3530
871 3530
872 3530
873 3530
874 3530
875 3531
876 3531
877 3531
878 3531
879 3532
880 3532
881 3533
882 3533
883 3533
884 3534
885 3535
886 3535
887 3536
888 3536
889 3537
890 3537
891 3538
892 3538
893 3538
894 3538
895 3539
896 3539
897 3540
898 3540
899 3541
900 3541
901 3542
902 3542
903 3542
904 3542
905 3542
906 3542
907 3542
908 3542
909 3542
910 3542
911 3542
912 3542
913 3543
914 3543
915 3543
916 3543
917 3544
918 3544
919 3544
920 3544
921 3545
922 3545
923 3546
924 3546
925 3547
926 3547
927 3548
928 3548
929 3548
930 3548
931 3549
932 3549
933 3550
934 3551
935 3551
936 3552
936 3553
937 3553
938 3554
938 3555
939 3555
940 3556
941 3557
942 3557
943 3558
944 3558
945 3558
946 3558
947 3558
948 3558
949 3558
950 3558
951 3558
952 3558
953 3558
954 3558
955 3558
956 3558
957 3558
958 3558
959 3558
960 3558
961 3558
962 3558
963 3558
964 3558
965 3557
966 3557
967 3556
968 3555
969 3555
969 3554
970 3553
971 3553
972 3552
973 3551
974 3551
975 3550
976 3550
977 3550
978 3550
979 3550
980 3550
981 3550
982 3550
983 3550
984 3550
985 3550
986 3550
987 3550
988 3550
989 3551
990 3551
991 3551
992 3551
993 3552
994 3552
995 3552
996 3552
997 3553
998 3553
999 3553
1000 3553
1001 3554
1002 3554
1003 3554
1004 3554
1005 3555
1006 3555
1007 3555
1008 3555
1009 3556
1010 3556
1011 3556
1012 3556
1013 3557
1014 3557
1015 3557
1016 3557
1017 3558
1018 3558
1019 3558
1020 3558
1021 3558
1022 3558
1023 3558
1024 3558
1025 3559
1026 3559
1027 3559
1028 3559
1029 3560
1030 3560
1031 3560
1032 3560
1033 3560
1034 3560
1035 3560
1036 3560
1037 3560
1038 3560
1039 3560
1040 3560
1041 3560
1042 3560
1043 3561
1044 3561
1045 3562
1046 3562
1047 3563
1048 3563
1049 3564
1050 3564
1051 3564
1052 3564
1053 3564
1054 3564
1055 3565
1056 3565
1057 3566
1058 3567
1059 3567
1060 3568
1061 3569
1062 3569
1063 3570
1064 3570
1065 3570
1066 3570
1067 3570
1068 3570
1069 3570
1070 3570
1071 3570
1072 3570
1073 3570
1074 3570
1075 3570
1076 3570
1077 3570
1078 3570
1079 3569
1080 3569
1081 3569
1082 3569
1083 3568
1084 3568
1085 3568
1086 3568
1087 3568
1088 3568
1089 3568
1090 3568
1091 3568
1092 3568
1093 3568
1094 3568
1095 3568
1096 3568
1097 3568
1098 3568
1099 3568
1100 3568
1101 3568
1102 3568
1103 3568
1104 3568
1105 3568
1106 3568
1107 3568
1108 3568
1109 3568
1110 3568
1111 3568
1112 3568
1113 3568
1114 3568
1115 3568
1116 3568
1117 3568
1118 3568
1119 3569
1120 3569
1121 3570
1122 3571
1122 3572
1123 3573
1123 3574
1124 3575
1124 3576
1125 3577
1126 3577
1127 3578
1128 3578
1129 3578
1130 3578
1131 3578
1132 3578
1133 3578
1134 3578
1135 3579
1136 3579
1137 3579
1138 3579
1139 3580
1140 3580
1141 3580
1142 3580
1143 3580
1144 3580
1145 3580
1146 3580
1147 3580
1148 3580
1149 3580
1150 3580
1151 3580
1152 3580
1153 3580
1154 3580
1155 3580
1156 3580
1157 3580
1158 3580
1159 3579
1160 3579
1161 3579
1162 3579
1163 3578
1164 3578
1165 3578
1166 3578
1167 3578
1168 3578
1169 3578
1170 3578
1171 3578
1172 3578
1173 3578
1174 3578
1175 3578
1176 3578
1177 3578
1178 3578
1179 3578
1180 3578
1181 3578
1182 3578
1183 3578
1184 3578
1185 3578
1186 3578
1187 3578
1188 3578
1189 3578
1190 3578
1191 3577
1192 3577
1193 3577
1194 3577
1195 3576
1196 3576
1197 3576
1198 3576
1199 3577
1200 3577
1201 3577
1202 3577
1203 3578
1204 3578
1205 3578
1206 3578
1207 3578
1208 3578
1209 3578
1210 3578
1211 3578
1212 3578
1213 3578
1214 3578
1215 3579
1216 3579
1217 3579
1218 3579
1219 3580
1220 3580
1221 3580
1222 3580
1223 3580
1224 3580
1225 3580
1226 3580
1227 3580
1228 3580
1229 3580
1230 3580
1231 3580
1232 3580
1233 3580
1234 3580
1235 3580
1236 3580
1237 3580
1238 3580
1239 3580
1240 3580
1241 3580
1242 3580
1243 3580
1244 3580
1245 3580
1246 3580
1247 3580
1248 3580
1249 3579
1250 3579
1251 3578
1252 3578
1253 3577
1254 3577
1255 3576
1256 3576
1257 3577
1258 3577
1259 3578
1260 3578
1261 3579
1262 3580
1263 3581
1264 3581
1265 3581
1266 3581
1267 3582
1268 3582
1269 3582
1270 3582
1271 3582
1272 3582
1273 3582
1274 3582
1275 3582
1276 3582
1277 3582
1278 3582
1279 3582
1280 3582
1281 3582
1282 3582
1283 3582
1284 3582
1285 3582
1286 3582
1287 3581
1288 3581
1289 3581
1290 3581
1291 3580
1292 3579
1293 3579
1294 3579
1295 3578
1296 3577
1297 3576
1298 3575
1299 3575
1299 3574
1300 3573
1301 3573
1301 3572
1302 3571
1303 3571
1303 3570
1304 3569
1305 3569
1306 3568
1307 3567
1308 3567
1309 3566
1310 3565
1311 3564
1312 3563
1313 3562
1314 3561
1315 3560
1315 3559
1315 3558
1315 3557
1316 3556
1316 3555
1317 3554
1317 3553
1318 3552
1319 3551
1319 3550
1320 3549
1321 3548
1322 3547
1323 3546
1323 3545
1323 3544
1324 3543
1325 3542
1325 3541
1326 3540
1327 3539
1327 3538
1328 3537
1329 3537
1330 3536
1331 3535
1332 3535
1333 3534
1334 3533
1335 3533
1336 3533
1337 3532
1338 3531
1339 3531
1340 3531
1341 3530
1342 3530
1343 3529
1344 3529
1345 3528
1346 3528
1347 3527
1348 3527
1349 3526
1350 3526
1351 3525
1352 3525
1353 3524
1354 3523
1355 3522
1355 3521
1355 3520
1355 3519
1356 3518
1356 3517
1357 3516
1357 3515
1357 3514
1358 3513
1359 3512
1359 3511
1359 3510
1359 3509
1360 3508
1360 3507
1361 3506
1361 3505
1362 3504
1363 3503
1363 3502
1364 3501
1365 3501
1365 3500
1366 3499
1367 3498
1367 3497
1368 3496
1368 3495
1369 3494
1369 3493
1369 3492
1369 3491
1370 3490
1370 3489
1370 3488
1370 3487
1370 3486
1370 3485
1370 3484
1370 3483
1370 3482
1370 3481
1370 3480
1370 3479
1370 3478
1370 3477
1370 3476
1370 3475
1370 3474
1370 3473
1370 3472
1370 3471
1370 3470
1370 3469
1370 3468
1370 3467
1370 3466
1370 3465
1370 3464
1370 3463
1370 3462
1370 3461
1370 3460
1370 3459
1370 3458
1370 3457
1370 3456
1370 3455
1370 3454
1370 3453
1370 3452
1370 3451
1370 3450
1370 3449
1370 3448
1370 3447
1370 3446
1370 3445
1370 3444
1370 3443
1370 3442
1370 3441
1371 3440
1371 3439
1372 3438
1372 3437
1373 3436
1373 3435
1374 3434
1374 3433
1374 3432
1374 3431
1374 3430
1374 3429
1374 3428
1374 3427
1374 3426
1374 3425
1374 3424
1374 3423
1374 3422
1374 3421
1374 3420
1374 3419
1374 3418
1374 3417
1374 3416
1374 3415
1374 3414
1374 3413
1374 3412
1374 3411
1373 3410
1373 3409
1373 3408
1373 3407
1372 3406
1372 3405
1371 3404
1371 3403
1371 3402
1371 3401
1370 3400
1370 3399
1370 3398
1370 3397
1370 3396
1370 3395
1370 3394
1370 3393
1370 3392
1370 3391
1370 3390
1370 3389
1370 3388
1370 3387
1369 3386
1369 3385
1368 3384
1367 3383
1367 3382
1366 3381
1365 3380
1365 3379
1364 3378
1364 3377
1364 3376
1364 3375
1363 3374
1363 3373
1362 3372
1361 3371
1361 3370
1360 3370
1359 3369
1359 3368
1358 3368
1357 3367
1357 3366
1356 3366
1355 3365
1355 3364
1354 3364
1353 3363
1353 3362
1352 3361
1351 3360
1351 3359
1350 3358
1350 3357
1350 3356
1350 3355
1350 3354
1350 3353
1350 3352
1350 3351
1349 3350
1349 3349
1348 3348
1347 3347
1347 3346
1346 3346
1345 3345
1345 3344
1344 3344
1343 3343
1343 3342
1342 3342
1341 3341
1341 3340
1340 3340
1339 3339
1339 3338
1338 3338
1337 3337
1337 3336
1336 3336
1335 3335
1335 3334
1334 3334
1333 3333
1333 3332
1332 3332
1331 3331
1331 3330
1330 3330
1329 3329
1329 3328
1328 3328
1327 3327
1327 3326
1326 3326
1325 3325
1325 3324
1324 3324
1323 3323
1323 3322
1322 3322
1321 3321
1320 3320
1319 3319
1318 3318
1317 3318
1316 3318
1315 3317
1314 3316
1313 3316
1312 3315
1311 3314
1310 3314
1309 3313
1309 3312
1308 3312
1307 3311
1306 3310
1305 3310
1304 3309
1303 3309
1302 3309
1301 3309
1300 3308
1299 3308
1298 3308
1297 3308
1296 3307
1295 3307
1294 3307
1293 3307
1292 3306
1291 3306
1290 3306
1289 3305
1288 3304
1287 3304
1286 3304
1285 3304
1284 3303
1283 3303
1282 3302
1281 3302
1280 3302
1279 3302
1278 3301
1277 3301
1276 3300
1275 3300
1274 3300
1273 3299
1272 3298
1271 3298
1270 3298
1269 3298
1268 3297
1267 3297
1266 3297
1265 3297
1264 3297
1263 3297
1262 3297
1261 3297
1260 3297
1259 3297
1258 3297
1257 3297
1256 3297
1255 3297
1254 3297
1253 3297
1252 3297
1251 3297
1250 3297
1249 3297
1248 3296
1247 3296
1246 3296
1245 3295
1244 3294
1243 3294
1242 3293
1241 3292
1240 3292
1239 3291
1238 3290
1237 3290
1236 3289
1235 3289
1234 3288
1233 3288
1232 3288
1231 3287
1230 3286
1229 3286
1228 3286
1227 3285
1226 3284
1225 3284
1224 3283
1223 3282
1222 3282
1221 3281
1221 3280
1220 3279
1219 3278
1219 3277
1218 3276
1217 3275
1217 3274
1217 3273
1216 3272
1215 3271
1215 3270
1215 3269
1214 3268
1213 3267
1212 3266
1211 3266
1210 3265
1209 3265
1208 3265
1207 3265
1206 3265
1205 3265
1204 3265
1203 3265
1202 3265
1201 3265
1200 3265
1199 3265
1198 3265
1197 3265
1196 3266
1195 3266
1194 3266
1193 3266
1192 3267
1191 3267
1190 3267
1189 3267
1188 3267
1187 3267
1186 3267
1185 3267
1184 3267
1183 3267
1182 3267
1181 3267
1180 3267
1179 3267
1178 3267
1177 3267
1176 3267
1175 3267
1174 3266
1173 3266
1172 3266
1171 3265
1170 3264
1169 3264
1168 3264
1167 3264
1166 3263
1165 3263
1164 3263
1163 3263
1162 3263
1161 3263
1160 3263
1159 3263
1158 3263
1157 3263
1156 3262
1155 3262
1154 3262
1153 3262
1152 3261
1151 3261
1150 3262
1149 3262
1148 3262
1147 3262
1146 3263
1145 3263
1144 3263
1143 3263
1142 3263
1141 3263
1140 3263
1139 3263
1138 3263
1137 3263
1136 3263
1135 3263
1134 3263
1133 3263
1132 3263
1131 3263
1130 3263
1129 3263
1128 3263
1127 3263
1126 3264
1125 3264
1124 3264
1123 3264
1122 3265
1121 3266
1120 3266
1119 3266
1118 3267
1117 3267
1116 3267
1115 3267
1114 3267
1113 3267
1112 3267
1111 3267
1110 3267
1109 3267
1108 3267
1107 3267
1106 3267
1105 3267
1104 3268
1103 3268
1102 3269
1101 3269
1100 3270
1099 3270
1098 3271
1097 3272
1096 3272
1095 3272
1094 3273
1093 3274
1092 3275
1091 3275
1090 3276
1089 3276
1088 3277
1087 3277
1086 3277
1085 3277
1084 3277
1083 3277
1082 3277
1081 3277
1080 3277
1079 3277
1078 3277
1077 3277
1076 3277
1075 3277
1074 3277
1073 3277
1072 3277
1071 3277
1070 3277
1069 3277
1068 3277
1067 3277
1066 3277
1065 3277
1064 3276
1063 3276
1062 3275
1061 3275
1060 3274
1059 3273
1058 3272
1057 3272
1056 3271
1055 3271
1054 3270
1053 3270
1052 3269
1051 3269
1050 3269
1049 3269
1048 3268
1047 3268
1046 3267
1045 3267
1044 3266
1043 3266
1042 3265
1041 3265
1040 3265
1039 3265
1038 3265
1037 3265
1036 3265
1035 3265
1034 3264
1033 3264
1032 3264
1031 3264
1030 3263
1029 3263
1028 3263
1027 3263
1026 3263
1025 3263
1024 3263
1023 3263
1022 3263
1021 3263
1020 3262
1019 3262
1018 3262
1017 3262
1016 3261
1015 3261
1014 3261
1013 3261
1012 3261
1011 3261
1010 3261
1009 3261
1008 3261
1007 3261
1006 3261
1005 3261
1004 3261
1003 3261
1002 3261
1001 3261
1000 3261
999 3261
998 3261
997 3261
996 3261
995 3261
994 3261
993 3261
992 3260
991 3260
990 3260
989 3260
988 3259
987 3259
986 3259
985 3259
984 3259
983 3259
982 3259
981 3259
980 3258
979 3258
978 3258
977 3258
976 3257
975 3257
974 3257
973 3257
972 3257
971 3257
970 3257
969 3257
968 3257
967 3257
966 3257
965 3257
964 3257
963 3257
