967 4163
966 4164
965 4164
964 4164
963 4164
962 4165
961 4166
960 4166
959 4166
958 4167
957 4168
956 4169
955 4170
954 4170
954 4171
953 4172
952 4172
952 4173
951 4174
950 4174
950 4175
949 4176
948 4176
948 4177
947 4178
946 4178
945 4179
944 4180
943 4180
942 4181
941 4181
940 4182
939 4182
938 4183
937 4184
936 4184
936 4185
935 4186
934 4187
933 4188
932 4189
932 4190
932 4191
931 4192
930 4193
930 4194
930 4195
929 4196
928 4197
928 4198
927 4199
926 4200
926 4201
925 4202
924 4203
923 4204
922 4205
922 4206
922 4207
921 4208
920 4209
920 4210
919 4211
918 4212
918 4213
917 4214
916 4214
916 4215
915 4216
914 4216
914 4217
913 4218
912 4218
912 4219
911 4220
910 4221
909 4222
908 4223
908 4224
908 4225
907 4226
906 4227
906 4228
906 4229
906 4230
905 4231
905 4232
905 4233
905 4234
904 4235
904 4236
904 4237
903 4238
902 4239
902 4240
901 4241
901 4242
900 4243
899 4244
898 4245
898 4246
898 4247
898 4248
897 4249
897 4250
896 4251
896 4252
896 4253
896 4254
895 4255
895 4256
894 4257
894 4258
894 4259
893 4260
892 4261
892 4262
891 4263
890 4264
890 4265
889 4266
888 4266
888 4267
887 4268
886 4269
885 4270
884 4271
884 4272
884 4273
883 4274
882 4275
882 4276
881 4277
881 4278
880 4279
879 4280
878 4281
878 4282
878 4283
877 4284
876 4285
876 4286
875 4287
874 4288
874 4289
873 4290
872 4290
872 4291
871 4292
870 4292
870 4293
869 4294
868 4294
868 4295
867 4296
866 4297
866 4298
865 4299
865 4300
864 4301
864 4302
863 4303
863 4304
862 4305
862 4306
861 4307
861 4308
860 4309
860 4310
860 4311
859 4312
858 4313
858 4314
857 4315
856 4316
856 4317
855 4318
854 4318
854 4319
853 4320
852 4320
852 4321
851 4322
850 4322
850 4323
849 4324
848 4325
848 4326
847 4327
847 4328
847 4329
847 4330
846 4331
846 4332
845 4333
844 4334
844 4335
843 4336
842 4336
841 4337
840 4338
839 4338
838 4339
837 4339
836 4340
835 4340
834 4341
833 4341
832 4342
831 4342
830 4343
829 4344
828 4344
827 4344
826 4345
825 4346
824 4347
823 4347
822 4348
821 4348
820 4349
819 4350
818 4351
817 4352
816 4352
816 4353
815 4354
814 4354
814 4355
813 4356
812 4356
811 4357
810 4358
809 4358
808 4359
807 4360
806 4361
805 4362
804 4362
804 4363
803 4364
802 4364
802 4365
801 4366
800 4366
800 4367
799 4368
798 4368
797 4369
796 4370
795 4370
794 4371
793 4372
792 4373
791 4374
790 4374
790 4375
789 4376
788 4376
788 4377
787 4378
786 4378
786 4379
785 4380
784 4380
784 4381
783 4382
782 4383
782 4384
781 4385
781 4386
780 4387
780 4388
780 4389
780 4390
779 4391
779 4392
778 4393
778 4394
778 4395
777 4396
776 4397
776 4398
776 4399
776 4400
775 4401
775 4402
775 4403
775 4404
775 4405
775 4406
775 4407
775 4408
775 4409
775 4410
776 4411
776 4412
776 4413
776 4414
777 4415
778 4416
778 4417
778 4418
779 4419
780 4420
781 4421
782 4422
783 4423
784 4424
785 4425
786 4425
787 4425
788 4425
789 4426
790 4426
791 4426
792 4426
793 4426
794 4426
795 4426
796 4426
797 4426
798 4426
799 4426
800 4426
801 4426
802 4426
803 4426
804 4426
805 4426
806 4426
807 4426
808 4426
809 4426
810 4426
811 4426
812 4426
813 4426
814 4426
815 4426
816 4426
817 4426
818 4426
819 4426
820 4426
821 4426
822 4426
823 4426
824 4426
825 4426
826 4426
827 4426
828 4426
829 4426
830 4426
831 4426
832 4426
833 4426
834 4426
835 4426
836 4426
837 4426
838 4426
839 4426
840 4426
841 4426
842 4426
843 4426
844 4426
845 4426
846 4426
847 4426
848 4426
849 4426
850 4426
851 4426
852 4426
853 4426
854 4426
855 4426
856 4426
857 4426
858 4426
859 4426
860 4426
861 4426
862 4426
863 4426
864 4426
865 4427
866 4427
867 4427
868 4427
869 4428
870 4428
871 4428
872 4428
873 4428
874 4428
875 4428
876 4428
877 4428
878 4428
879 4428
880 4428
881 4428
882 4428
883 4428
884 4428
885 4428
886 4428
887 4428
888 4428
889 4428
890 4428
891 4428
892 4428
893 4428
894 4428
895 4428
896 4428
897 4428
898 4428
899 4428
900 4428
901 4428
902 4428
903 4428
904 4428
905 4428
906 4428
907 4428
908 4428
909 4428
910 4428
911 4428
912 4428
913 4428
914 4428
915 4428
916 4428
917 4428
918 4428
919 4428
920 4428
921 4428
922 4428
923 4428
924 4428
925 4428
926 4428
927 4428
928 4428
929 4428
930 4428
931 4428
932 4428
933 4428
934 4428
935 4428
936 4428
937 4429
938 4429
939 4429
940 4429
941 4430
942 4430
943 4430
944 4430
945 4431
946 4431
947 4431
948 4431
949 4432
950 4432
951 4432
952 4432
953 4432
954 4432
955 4432
956 4432
957 4432
958 4432
959 4432
960 4432
961 4432
962 4432
963 4432
964 4432
965 4432
966 4432
967 4432
968 4432
969 4432
970 4432
971 4432
972 4432
973 4432
974 4432
975 4432
976 4432
977 4432
978 4432
979 4432
980 4432
981 4432
982 4432
983 4432
984 4432
985 4432
986 4432
987 4432
988 4432
989 4432
990 4432
991 4432
992 4432
993 4432
994 4432
995 4432
996 4432
997 4432
998 4432
999 4432
1000 4432
1001 4432
1002 4432
1003 4432
1004 4432
1005 4432
1006 4432
1007 4432
1008 4432
1009 4432
1010 4432
1011 4432
1012 4432
1013 4432
1014 4432
1015 4432
1016 4432
1017 4432
1018 4432
1019 4432
1020 4432
1021 4431
1022 4431
1023 4431
1024 4431
1025 4430
1026 4429
1027 4429
1028 4429
1029 4428
1030 4428
1031 4428
1032 4428
1033 4428
1034 4428
1035 4428
1036 4428
1037 4428
1038 4428
1039 4428
1040 4428
1041 4428
1042 4428
1043 4428
1044 4428
1045 4428
1046 4428
1047 4428
1048 4428
1049 4428
1050 4428
1051 4428
1052 4428
1053 4428
1054 4428
1055 4429
1056 4429
1057 4429
1058 4429
1059 4430
1060 4430
1061 4430
1062 4430
1063 4430
1064 4430
1065 4430
1066 4430
1067 4430
1068 4430
1069 4430
1070 4430
1071 4430
1072 4430
1073 4429
1074 4429
1075 4429
1076 4429
1077 4428
1078 4428
1079 4428
1080 4428
1081 4428
1082 4428
1083 4428
1084 4428
1085 4428
1086 4428
1087 4428
1088 4428
1089 4428
1090 4428
1091 4428
1092 4428
1093 4428
1094 4428
1095 4428
1096 4428
1097 4428
1098 4428
1099 4428
1100 4428
1101 4428
1102 4428
1103 4428
1104 4428
1105 4428
1106 4428
1107 4428
1108 4428
1109 4428
1110 4428
1111 4428
1112 4428
1113 4429
1114 4429
1115 4429
1116 4429
1117 4430
1118 4430
1119 4430
1120 4430
1121 4430
1122 4430
1123 4430
1124 4430
1125 4430
1126 4430
1127 4430
1128 4430
1129 4430
1130 4430
1131 4430
1132 4430
1133 4430
1134 4430
1135 4429
1136 4429
1137 4428
1138 4427
1139 4426
1140 4425
1141 4424
1141 4423
1142 4422
1142 4421
1143 4420
1144 4419
1145 4418
1145 4417
1145 4416
1146 4415
1147 4414
1147 4413
1148 4412
1148 4411
1149 4410
1150 4409
1151 4408
1151 4407
1151 4406
1151 4405
1152 4404
1152 4403
1153 4402
1153 4401
1153 4400
1154 4399
1155 4398
1155 4397
1156 4396
1156 4395
1157 4394
1158 4393
1159 4392
1159 4391
1160 4390
1161 4389
1162 4389
1163 4388
1164 4388
1165 4388
1166 4388
1167 4387
1168 4387
1169 4387
1170 4387
1171 4386
1172 4385
1173 4384
1174 4383
1175 4383
1175 4382
1176 4381
1177 4381
1177 4380
1178 4379
1179 4378
1179 4377
1180 4376
1180 4375
1181 4374
1181 4373
1182 4372
1183 4371
1183 4370
1184 4369
1185 4369
1185 4368
1186 4367
1187 4367
1187 4366
1188 4365
1189 4364
1189 4363
1190 4362
1190 4361
1190 4360
1190 4359
1190 4358
1190 4357
1190 4356
1190 4355
1190 4354
1190 4353
1190 4352
1190 4351
1189 4350
1189 4349
1189 4348
1189 4347
1189 4346
1189 4345
1190 4344
1191 4343
1191 4342
1192 4341
1193 4341
1193 4340
1194 4339
1195 4339
1195 4338
1196 4337
1197 4337
1197 4336
1198 4335
1199 4334
1199 4333
1200 4332
1200 4331
1200 4330
1200 4329
1200 4328
1200 4327
1200 4326
1200 4325
1200 4324
1200 4323
1200 4322
1200 4321
1199 4320
1199 4319
1199 4318
1199 4317
1198 4316
1198 4315
1197 4314
1197 4313
1197 4312
1197 4311
1196 4310
1196 4309
1196 4308
1196 4307
1196 4306
1196 4305
1195 4304
1195 4303
1194 4302
1193 4301
1193 4300
1192 4299
1191 4298
1191 4297
1190 4296
1189 4295
1189 4294
1189 4293
1188 4292
1188 4291
1188 4290
1188 4289
1188 4288
1188 4287
1187 4286
1187 4285
1187 4284
1187 4283
1186 4282
1186 4281
1186 4280
1186 4279
1186 4278
1186 4277
1186 4276
1186 4275
1186 4274
1186 4273
1185 4272
1185 4271
1184 4270
1183 4269
1183 4268
1182 4267
1181 4266
1181 4265
1180 4264
1179 4263
1178 4262
1177 4261
1176 4260
1175 4260
1174 4259
1173 4259
1172 4259
1171 4259
1170 4259
1169 4259
1168 4258
1167 4258
1166 4258
1165 4257
1164 4256
1163 4256
1162 4255
1161 4255
1160 4254
1159 4253
1158 4252
1157 4252
1156 4252
1155 4251
1154 4250
1153 4250
1152 4250
1151 4249
1150 4248
1149 4248
1148 4248
1147 4247
1146 4246
1145 4246
1144 4245
1143 4244
1142 4244
1141 4243
1141 4242
1140 4241
1139 4240
1139 4239
1138 4238
1138 4237
1138 4236
1138 4235
1138 4234
1138 4233
1138 4232
1138 4231
1138 4230
1138 4229
1138 4228
1138 4227
1138 4226
1138 4225
1137 4224
1137 4223
1136 4222
1135 4221
1134 4220
1133 4220
1132 4219
1131 4219
1130 4219
1129 4219
1128 4219
1127 4219
1126 4219
1125 4219
1124 4219
1123 4219
1122 4218
1121 4218
1120 4217
1119 4217
1118 4216
1117 4216
1116 4215
1115 4215
1114 4215
1113 4215
1112 4215
1111 4215
1110 4215
1109 4215
1108 4215
1107 4215
1106 4215
1105 4215
1104 4215
1103 4215
1102 4215
1101 4215
1100 4215
1099 4215
1098 4214
1097 4214
1096 4213
1095 4212
1094 4212
1093 4211
1092 4210
1091 4209
1090 4208
1089 4208
1088 4207
1087 4206
1086 4206
1085 4205
1085 4204
1084 4204
1083 4203
1083 4202
1082 4202
1081 4201
1080 4200
1079 4200
1078 4199
1077 4199
1076 4199
1075 4199
1074 4199
1073 4199
1072 4199
1071 4199
1070 4199
1069 4199
1068 4199
1067 4199
1066 4199
1065 4199
1064 4199
1063 4199
1062 4199
1061 4199
1060 4199
1059 4199
1058 4199
1057 4199
1056 4199
1055 4199
1054 4199
1053 4199
1052 4199
1051 4199
1050 4199
1049 4199
1048 4199
1047 4199
1046 4199
1045 4199
1044 4199
1043 4199
1042 4199
1041 4199
1040 4199
1039 4199
1038 4199
1037 4199
1036 4199
1035 4199
1034 4199
1033 4199
1032 4199
1031 4199
1030 4199
1029 4199
1028 4199
1027 4199
1026 4198
1025 4198
1024 4197
1023 4196
1022 4196
1021 4195
1021 4194
1020 4194
1019 4193
1019 4192
1018 4192
1017 4191
1017 4190
1016 4190
1015 4189
1015 4188
1014 4188
1013 4187
1013 4186
1012 4186
1011 4185
1011 4184
1010 4183
1009 4182
1009 4181
1008 4180
1007 4179
1006 4178
1005 4177
1004 4176
1003 4176
1002 4175
1001 4175
1000 4175
999 4175
998 4175
997 4175
996 4175
995 4175
994 4174
993 4174
992 4174
991 4173
990 4172
989 4172
988 4171
987 4170
987 4169
986 4168
985 4167
984 4166
983 4165
982 4164
981 4164
980 4163
979 4163
978 4163
977 4163
976 4163
975 4163
974 4163
973 4163
972 4163
971 4163
970 4163
969 4163
968 4163
967 4163
