1349 3331
1348 3332
1347 3332
1346 3332
1345 3332
1344 3333
1343 3333
1342 3333
1341 3333
1340 3333
1339 3333
1338 3333
1337 3333
1336 3333
1335 3333
1334 3333
1333 3333
1332 3333
1331 3333
1330 3333
1329 3333
1328 3333
1327 3333
1326 3333
1325 3333
1324 3333
1323 3333
1322 3333
1321 3333
1320 3333
1319 3333
1318 3333
1317 3333
1316 3333
1315 3333
1314 3333
1313 3333
1312 3333
1311 3333
1310 3334
1309 3334
1308 3335
1307 3336
1306 3337
1305 3338
1304 3339
1304 3340
1303 3341
1303 3342
1302 3343
1301 3344
1300 3345
1300 3346
1299 3347
1298 3348
1298 3349
1297 3350
1296 3351
1295 3352
1294 3353
1294 3354
1293 3355
1293 3356
1292 3357
1291 3358
1290 3359
1290 3360
1289 3361
1289 3362
1288 3363
1287 3364
1286 3365
1286 3366
1286 3367
1285 3368
1284 3369
1284 3370
1283 3371
1283 3372
1282 3373
1281 3374
1280 3375
1280 3376
1280 3377
1279 3378
1278 3379
1278 3380
1277 3381
1277 3382
1276 3383
1276 3384
1275 3385
1275 3386
1274 3387
1274 3388
1273 3389
1272 3390
1272 3391
1271 3392
1270 3392
1270 3393
1269 3394
1268 3395
1268 3396
1267 3397
1267 3398
1267 3399
1267 3400
1267 3401
1267 3402
1267 3403
1267 3404
1267 3405
1267 3406
1268 3407
1268 3408
1269 3409
1269 3410
1270 3411
1270 3412
1271 3413
1272 3414
1273 3415
1273 3416
1274 3417
1274 3418
1275 3419
1276 3420
1276 3421
1276 3422
1277 3423
1278 3424
1278 3425
1278 3426
1279 3427
1279 3428
1279 3429
1279 3430
1280 3431
1280 3432
1280 3433
1280 3434
1281 3435
1282 3436
1282 3437
1282 3438
1283 3439
1283 3440
1283 3441
1283 3442
1284 3443
1284 3444
1284 3445
1284 3446
1285 3447
1285 3448
1285 3449
1285 3450
1285 3451
1285 3452
1285 3453
1285 3454
1286 3455
1286 3456
1287 3457
1288 3458
1288 3459
1289 3459
1290 3460
1290 3461
1291 3462
1292 3463
1292 3464
1293 3465
1294 3466
1295 3467
1296 3468
1296 3469
1297 3469
1298 3470
1298 3471
1299 3471
1300 3472
1300 3473
1301 3473
1302 3474
1303 3475
1304 3475
1305 3476
1306 3476
1307 3477
1308 3477
1309 3477
1310 3477
1311 3478
1312 3478
1313 3478
1314 3478
1315 3478
1316 3478
1317 3478
1318 3478
1319 3478
1320 3478
1321 3478
1322 3478
1323 3478
1324 3478
1325 3478
1326 3478
1327 3478
1328 3478
1329 3478
1330 3478
1331 3478
1332 3478
1333 3478
1334 3478
1335 3478
1336 3478
1337 3478
1338 3478
1339 3478
1340 3478
1341 3478
1342 3478
1343 3478
1344 3478
1345 3478
1346 3478
1347 3478
1348 3478
1349 3478
1350 3478
1351 3478
1352 3478
1353 3478
1354 3478
1355 3478
1356 3478
1357 3478
1358 3478
1359 3479
1360 3479
1361 3479
1362 3479
1363 3480
1364 3480
1365 3480
1366 3480
1367 3480
1368 3480
1369 3480
1370 3480
1371 3480
1372 3480
1373 3480
1374 3480
1375 3480
1376 3480
1377 3480
1378 3480
1379 3481
1380 3481
1381 3482
1382 3482
1383 3483
1384 3483
1385 3484
1386 3484
1387 3484
1388 3484
1389 3484
1390 3484
1391 3484
1392 3484
1393 3484
1394 3484
1395 3484
1396 3484
1397 3485
1398 3485
1399 3486
1400 3487
1401 3487
1402 3488
1403 3489
1404 3489
1405 3490
1406 3490
1407 3490
1408 3490
1409 3491
1410 3491
1411 3491
1412 3492
1413 3493
1414 3493
1415 3493
1416 3493
1417 3494
1418 3494
1419 3495
1420 3495
1421 3496
1422 3496
1423 3497
1424 3497
1425 3498
1426 3498
1427 3498
1428 3498
1429 3498
1430 3498
1431 3498
1432 3498
1433 3498
1434 3498
1435 3498
1436 3498
1437 3498
1438 3498
1439 3498
1440 3498
1441 3498
1442 3498
1443 3498
1444 3498
1445 3498
1446 3498
1447 3499
1448 3499
1449 3499
1450 3499
1451 3500
1452 3500
1453 3500
1454 3500
1455 3500
1456 3500
1457 3500
1458 3500
1459 3500
1460 3500
1461 3500
1462 3500
1463 3500
1464 3500
1465 3500
1466 3500
1467 3500
1468 3500
1469 3500
1470 3500
1471 3500
1472 3500
1473 3500
1474 3500
1475 3500
1476 3500
1477 3500
1478 3500
1479 3500
1480 3500
1481 3500
1482 3500
1483 3500
1484 3500
1485 3500
1486 3500
1487 3499
1488 3499
1489 3499
1490 3499
1491 3498
1492 3498
1493 3498
1494 3498
1495 3498
1496 3498
1497 3498
1498 3498
1499 3498
1500 3498
1501 3498
1502 3498
1503 3497
1504 3497
1505 3497
1506 3497
1507 3496
1508 3495
1509 3495
1510 3495
1511 3494
1512 3493
1513 3493
1514 3493
1515 3492
1516 3492
1517 3492
1518 3492
1519 3492
1520 3492
1521 3492
1522 3492
1523 3492
1524 3492
1525 3492
1526 3492
1527 3492
1528 3492
1529 3492
1530 3492
1531 3492
1532 3492
1533 3492
1534 3492
1535 3492
1536 3492
1537 3492
1538 3492
1539 3492
1540 3492
1541 3492
1542 3492
1543 3492
1544 3492
1545 3492
1546 3492
1547 3492
1548 3492
1549 3492
1550 3492
1551 3491
1552 3491
1553 3491
1554 3491
1555 3490
1556 3490
1557 3490
1558 3490
1559 3490
1560 3490
1561 3490
1562 3490
1563 3490
1564 3490
1565 3490
1566 3490
1567 3490
1568 3490
1569 3490
1570 3490
1571 3490
1572 3490
1573 3490
1574 3490
1575 3490
1576 3490
1577 3490
1578 3490
1579 3489
1580 3489
1581 3488
1582 3488
1583 3487
1584 3487
1585 3486
1586 3486
1587 3486
1588 3486
1589 3486
1590 3486
1591 3486
1592 3486
1593 3486
1594 3486
1595 3485
1596 3485
1597 3485
1598 3485
1599 3484
1600 3484
1601 3484
1602 3484
1603 3484
1604 3484
1605 3483
1606 3483
1607 3483
1608 3483
1609 3482
1610 3482
1611 3482
1612 3482
1613 3482
1614 3482
1615 3482
1616 3482
1617 3482
1618 3482
1619 3482
1620 3482
1621 3482
1622 3482
1623 3482
1624 3482
1625 3482
1626 3482
1627 3482
1628 3482
1629 3482
1630 3482
1631 3482
1632 3482
1633 3482
1634 3482
1635 3482
1636 3482
1637 3482
1638 3482
1639 3482
1640 3482
1641 3482
1642 3482
1643 3482
1644 3482
1645 3482
1646 3482
1647 3482
1648 3482
1649 3481
1650 3481
1651 3481
1652 3481
1653 3480
1654 3480
1655 3480
1656 3480
1657 3480
1658 3480
1659 3481
1660 3481
1661 3482
1662 3482
1663 3483
1664 3483
1665 3484
1666 3484
1667 3484
1668 3484
1669 3484
1670 3484
1671 3484
1672 3484
1673 3484
1674 3484
1675 3484
1676 3484
1677 3483
1678 3483
1679 3483
1680 3483
1681 3482
1682 3482
1683 3482
1684 3482
1685 3482
1686 3482
1687 3482
1688 3482
1689 3482
1690 3482
1691 3482
1692 3482
1693 3482
1694 3482
1695 3481
1696 3481
1697 3480
1698 3480
1699 3479
1700 3479
1701 3478
1702 3478
1703 3478
1704 3478
1705 3478
1706 3478
1707 3478
1708 3478
1709 3479
1710 3479
1711 3479
1712 3479
1713 3480
1714 3480
1715 3480
1716 3480
1717 3480
1718 3480
1719 3480
1720 3480
1721 3480
1722 3480
1723 3479
1724 3479
1725 3478
1726 3477
1727 3477
1728 3476
1729 3475
1730 3475
1731 3474
1732 3473
1733 3473
1734 3473
1735 3472
1736 3472
1737 3472
1738 3472
1739 3472
1740 3472
1741 3472
1742 3472
1743 3472
1744 3472
1745 3472
1746 3472
1747 3472
1748 3472
1749 3472
1750 3472
1751 3472
1752 3472
1753 3472
1754 3472
1755 3472
1756 3472
1757 3472
1758 3472
1759 3472
1760 3472
1761 3472
1762 3472
1763 3472
1764 3472
1765 3471
1766 3471
1767 3470
1768 3469
1769 3469
1769 3468
1770 3467
1771 3467
1771 3466
1772 3465
1773 3465
1774 3464
1775 3463
1776 3463
1777 3462
1778 3461
1779 3461
1780 3461
1781 3460
1782 3459
1783 3459
1784 3459
1785 3458
1786 3457
1787 3457
1788 3457
1789 3456
1790 3456
1791 3456
1792 3456
1793 3455
1794 3455
1795 3455
1796 3455
1797 3454
1798 3454
1799 3454
1800 3454
1801 3454
1802 3454
1803 3454
1804 3454
1805 3453
1806 3453
1807 3452
1808 3451
1809 3450
1809 3449
1810 3448
1810 3447
1811 3446
1811 3445
1811 3444
1811 3443
1812 3442
1812 3441
1812 3440
1812 3439
1812 3438
1812 3437
1812 3436
1812 3435
1812 3434
1812 3433
1812 3432
1812 3431
1813 3430
1813 3429
1813 3428
1813 3427
1814 3426
1814 3425
1815 3424
1815 3423
1816 3422
1816 3421
1817 3420
1817 3419
1818 3418
1818 3417
1818 3416
1818 3415
1818 3414
1818 3413
1817 3412
1817 3411
1817 3410
1817 3409
1816 3408
1816 3407
1815 3406
1815 3405
1814 3404
1814 3403
1813 3402
1813 3401
1812 3400
1812 3399
1811 3398
1811 3397
1811 3396
1811 3395
1810 3394
1810 3393
1809 3392
1809 3391
1808 3390
1807 3389
1807 3388
1806 3388
1805 3387
1805 3386
1804 3386
1803 3385
1803 3384
1802 3384
1801 3383
1800 3382
1799 3382
1798 3381
1797 3381
1796 3380
1795 3380
1794 3379
1793 3379
1792 3378
1791 3377
1790 3376
1789 3376
1788 3375
1787 3374
1786 3374
1785 3373
1785 3372
1784 3372
1783 3371
1783 3370
1782 3370
1781 3369
1781 3368
1780 3368
1779 3367
1778 3366
1777 3366
1776 3365
1775 3365
1774 3365
1773 3365
1772 3365
1771 3365
1770 3364
1769 3364
1768 3363
1767 3362
1766 3362
1765 3361
1765 3360
1764 3360
1763 3359
1762 3358
1761 3357
1760 3356
1759 3356
1758 3356
1757 3356
1756 3355
1755 3355
1754 3354
1753 3354
1752 3353
1751 3352
1750 3352
1749 3351
1748 3350
1747 3350
1746 3349
1745 3349
1744 3348
1743 3348
1742 3348
1741 3348
1740 3347
1739 3347
1738 3346
1737 3346
1736 3346
1735 3346
1734 3345
1733 3345
1732 3345
1731 3345
1730 3344
1729 3344
1728 3344
1727 3344
1726 3343
1725 3343
1724 3342
1723 3342
1722 3341
1721 3341
1720 3340
1719 3340
1718 3339
1717 3339
1716 3339
1715 3339
1714 3339
1713 3339
1712 3339
1711 3339
1710 3339
1709 3339
1708 3339
1707 3339
1706 3339
1705 3339
1704 3339
1703 3339
1702 3339
1701 3339
1700 3339
1699 3339
1698 3339
1697 3339
1696 3340
1695 3340
1694 3340
1693 3340
1692 3341
1691 3341
1690 3341
1689 3341
1688 3341
1687 3341
1686 3341
1685 3341
1684 3341
1683 3341
1682 3341
1681 3341
1680 3341
1679 3341
1678 3341
1677 3341
1676 3341
1675 3341
1674 3341
1673 3341
1672 3341
1671 3341
1670 3341
1669 3341
1668 3341
1667 3341
1666 3341
1665 3341
1664 3341
1663 3341
1662 3341
1661 3341
1660 3341
1659 3341
1658 3341
1657 3341
1656 3341
1655 3341
1654 3341
1653 3341
1652 3342
1651 3342
1650 3342
1649 3342
1648 3343
1647 3343
1646 3343
1645 3343
1644 3343
1643 3343
1642 3343
1641 3343
1640 3343
1639 3343
1638 3343
1637 3343
1636 3343
1635 3343
1634 3343
1633 3343
1632 3343
1631 3343
1630 3343
1629 3343
1628 3343
1627 3343
1626 3343
1625 3343
1624 3343
1623 3343
1622 3343
1621 3343
1620 3344
1619 3344
1618 3344
1617 3344
1616 3345
1615 3345
1614 3345
1613 3345
1612 3345
1611 3345
1610 3345
1609 3345
1608 3345
1607 3345
1606 3345
1605 3345
1604 3346
1603 3346
1602 3346
1601 3346
1600 3347
1599 3347
1598 3347
1597 3347
1596 3347
1595 3347
1594 3347
1593 3347
1592 3348
1591 3348
1590 3348
1589 3348
1588 3349
1587 3349
1586 3349
1585 3349
1584 3349
1583 3349
1582 3349
1581 3349
1580 3349
1579 3349
1578 3349
1577 3349
1576 3349
1575 3349
1574 3349
1573 3349
1572 3349
1571 3349
1570 3349
1569 3349
1568 3349
1567 3349
1566 3349
1565 3349
1564 3349
1563 3349
1562 3349
1561 3349
1560 3349
1559 3349
1558 3349
1557 3349
1556 3349
1555 3349
1554 3349
1553 3349
1552 3349
1551 3349
1550 3349
1549 3349
1548 3349
1547 3349
1546 3349
1545 3349
1544 3349
1543 3349
1542 3349
1541 3349
1540 3349
1539 3349
1538 3349
1537 3349
1536 3349
1535 3349
1534 3349
1533 3349
1532 3349
1531 3349
1530 3348
1529 3348
1528 3348
1527 3348
1526 3347
1525 3347
1524 3347
1523 3347
1522 3347
1521 3347
1520 3347
1519 3347
1518 3347
1517 3347
1516 3347
1515 3347
1514 3347
1513 3347
1512 3347
1511 3347
1510 3347
1509 3347
1508 3347
1507 3347
1506 3347
1505 3347
1504 3347
1503 3347
1502 3347
1501 3347
1500 3347
1499 3347
1498 3347
1497 3347
1496 3347
1495 3347
1494 3347
1493 3347
1492 3347
1491 3347
1490 3347
1489 3347
1488 3347
1487 3347
1486 3347
1485 3347
1484 3347
1483 3347
1482 3347
1481 3347
1480 3347
1479 3347
1478 3347
1477 3347
1476 3347
1475 3347
1474 3346
1473 3346
1472 3345
1471 3345
1470 3344
1469 3344
1468 3343
1467 3343
1466 3343
1465 3343
1464 3343
1463 3343
1462 3343
1461 3343
1460 3343
1459 3343
1458 3343
1457 3343
1456 3343
1455 3343
1454 3343
1453 3343
1452 3343
1451 3343
1450 3343
1449 3343
1448 3342
1447 3342
1446 3342
1445 3342
1444 3341
1443 3341
1442 3340
1441 3340
1440 3340
1439 3340
1438 3339
1437 3339
1436 3339
1435 3339
1434 3339
1433 3339
1432 3339
1431 3339
1430 3338
1429 3338
1428 3338
1427 3338
1426 3337
1425 3337
1424 3337
1423 3337
1422 3337
1421 3337
1420 3337
1419 3337
1418 3336
1417 3336
1416 3336
1415 3336
1414 3335
1413 3335
1412 3335
1411 3335
1410 3335
1409 3335
1408 3335
1407 3335
1406 3335
1405 3335
1404 3335
1403 3335
1402 3335
1401 3335
1400 3335
1399 3335
1398 3335
1397 3335
1396 3335
1395 3335
1394 3335
1393 3335
1392 3334
1391 3334
1390 3333
1389 3333
1388 3332
1387 3332
1386 3331
1385 3331
1384 3331
1383 3331
1382 3331
1381 3331
1380 3331
1379 3331
1378 3331
1377 3331
1376 3331
1375 3331
1374 3331
1373 3331
1372 3331
1371 3331
1370 3331
1369 3331
1368 3331
1367 3331
1366 3331
1365 3331
1364 3331
1363 3331
1362 3331
1361 3331
1360 3331
1359 3331
1358 3331
1357 3331
1356 3331
1355 3331
1354 3331
1353 3331
1352 3331
1351 3331
1350 3331
1349 3331
