1203 3693
1202 3694
1201 3694
1200 3694
1199 3694
1198 3695
1197 3695
1196 3695
1195 3695
1194 3695
1193 3695
1192 3695
1191 3695
1190 3695
1189 3695
1188 3696
1187 3696
1186 3696
1185 3696
1184 3697
1183 3698
1182 3698
1181 3698
1180 3699
1179 3700
1178 3701
1177 3701
1176 3702
1175 3702
1174 3703
1173 3703
1172 3702
1171 3702
1170 3702
1169 3702
1168 3701
1167 3701
1166 3701
1165 3701
1164 3701
1163 3701
1162 3701
1161 3701
1160 3701
1159 3701
1158 3701
1157 3701
1156 3701
1155 3701
1154 3701
1153 3701
1152 3701
1151 3701
1150 3701
1149 3701
1148 3701
1147 3701
1146 3701
1145 3701
1144 3701
1143 3701
1142 3701
1141 3701
1140 3701
1139 3701
1138 3701
1137 3701
1136 3702
1135 3702
1134 3702
1133 3702
1132 3703
1131 3703
1130 3704
1129 3704
1128 3704
1127 3704
1126 3704
1125 3704
1124 3703
1123 3703
1122 3702
1121 3702
1120 3701
1119 3701
1118 3701
1117 3701
1116 3701
1115 3701
1114 3701
1113 3701
1112 3701
1111 3701
1110 3701
1109 3701
1108 3701
1107 3701
1106 3700
1105 3700
1104 3700
1103 3700
1102 3699
1101 3699
1100 3698
1099 3698
1098 3698
1097 3698
1096 3697
1095 3697
1094 3697
1093 3697
1092 3697
1091 3697
1090 3697
1089 3697
1088 3697
1087 3697
1086 3696
1085 3696
1084 3696
1083 3696
1082 3695
1081 3695
1080 3695
1079 3695
1078 3695
1077 3695
1076 3695
1075 3695
1074 3695
1073 3695
1072 3695
1071 3695
1070 3695
1069 3695
1068 3695
1067 3695
1066 3695
1065 3695
1064 3695
1063 3695
1062 3695
1061 3695
1060 3696
1059 3696
1058 3696
1057 3696
1056 3697
1055 3697
1054 3698
1053 3698
1052 3698
1051 3698
1050 3699
1049 3699
1048 3699
1047 3699
1046 3699
1045 3699
1044 3699
1043 3699
1042 3699
1041 3699
1040 3699
1039 3699
1038 3700
1037 3700
1036 3700
1035 3700
1034 3701
1033 3701
1032 3702
1031 3702
1030 3702
1029 3702
1028 3703
1027 3703
1026 3703
1025 3703
1024 3703
1023 3703
1022 3703
1021 3703
1020 3703
1019 3703
1018 3703
1017 3703
1016 3703
1015 3703
1014 3703
1013 3703
1012 3703
1011 3703
1010 3703
1009 3703
1008 3703
1007 3703
1006 3703
1005 3703
1004 3703
1003 3703
1002 3703
1001 3703
1000 3703
999 3703
998 3703
997 3703
996 3703
995 3703
994 3703
993 3703
992 3702
991 3702
990 3702
989 3702
988 3701
987 3701
986 3701
985 3701
984 3701
983 3701
982 3701
981 3701
980 3701
979 3701
978 3701
977 3701
976 3701
975 3701
974 3701
973 3701
972 3701
971 3701
970 3701
969 3701
968 3701
967 3701
966 3701
965 3701
964 3701
963 3701
962 3701
961 3701
960 3701
959 3701
958 3701
957 3701
956 3701
955 3701
954 3701
953 3701
952 3701
951 3701
950 3701
949 3701
948 3702
947 3702
946 3702
945 3702
944 3703
943 3703
942 3703
941 3703
940 3703
939 3703
938 3704
937 3704
936 3704
935 3704
934 3705
933 3705
932 3705
931 3705
930 3705
929 3705
928 3705
927 3705
926 3705
925 3705
924 3705
923 3705
922 3705
921 3705
920 3705
919 3705
918 3705
917 3705
916 3705
915 3705
914 3705
913 3705
912 3705
911 3705
910 3706
909 3706
908 3706
907 3706
906 3707
905 3707
904 3707
903 3707
902 3707
901 3707
900 3706
899 3706
898 3706
897 3706
896 3705
895 3705
894 3705
893 3705
892 3704
891 3704
890 3704
889 3704
888 3703
887 3703
886 3703
885 3703
884 3703
883 3703
882 3703
881 3703
880 3703
879 3703
878 3703
877 3703
876 3704
875 3704
874 3704
873 3704
872 3705
871 3705
870 3705
869 3705
868 3705
867 3705
866 3705
865 3705
864 3705
863 3705
862 3705
861 3705
860 3705
859 3705
858 3705
857 3705
856 3705
855 3705
854 3705
853 3705
852 3706
851 3706
850 3706
849 3706
848 3707
847 3707
846 3707
845 3707
844 3707
843 3707
842 3708
841 3708
840 3708
839 3708
838 3709
837 3709
836 3710
835 3710
834 3710
833 3710
832 3711
831 3711
830 3712
829 3712
828 3712
827 3712
826 3713
825 3714
824 3715
823 3715
822 3716
821 3716
820 3717
819 3718
818 3719
817 3720
816 3720
816 3721
815 3722
814 3723
814 3724
813 3725
813 3726
812 3727
812 3728
812 3729
811 3730
810 3731
810 3732
810 3733
810 3734
810 3735
810 3736
811 3737
812 3738
812 3739
813 3739
814 3740
814 3741
815 3741
816 3742
816 3743
817 3743
818 3744
818 3745
819 3745
820 3746
821 3747
822 3748
823 3749
824 3749
825 3749
826 3750
827 3751
828 3751
829 3752
830 3752
831 3753
832 3754
833 3755
834 3755
835 3755
836 3756
837 3757
838 3757
839 3757
840 3758
841 3759
842 3759
843 3759
844 3760
845 3761
846 3761
847 3762
848 3762
849 3763
850 3764
851 3765
852 3765
853 3765
854 3765
855 3766
856 3766
857 3767
858 3767
859 3768
860 3768
861 3768
862 3768
863 3769
864 3769
865 3769
866 3770
867 3771
868 3771
869 3771
870 3771
871 3772
872 3772
873 3772
874 3772
875 3773
876 3773
877 3773
878 3773
879 3774
880 3774
881 3774
882 3774
883 3775
884 3775
885 3775
886 3776
887 3777
888 3777
889 3778
890 3778
891 3779
892 3779
893 3780
894 3780
895 3781
896 3781
897 3781
898 3782
899 3783
900 3783
901 3783
902 3783
903 3784
904 3784
905 3784
906 3784
907 3784
908 3784
909 3785
910 3785
911 3785
912 3786
913 3787
914 3787
915 3787
916 3787
917 3788
918 3788
919 3788
920 3788
921 3789
922 3789
923 3789
924 3790
925 3791
926 3791
927 3791
928 3792
929 3793
930 3793
931 3794
932 3795
933 3795
934 3796
935 3797
936 3797
937 3798
938 3798
939 3798
940 3798
941 3799
942 3799
943 3799
944 3799
945 3800
946 3800
947 3800
948 3800
949 3800
950 3800
951 3801
952 3801
953 3801
954 3801
955 3802
956 3802
957 3803
958 3803
959 3803
960 3803
961 3804
962 3804
963 3805
964 3805
965 3805
966 3805
967 3806
968 3806
969 3806
970 3806
971 3807
972 3807
973 3807
974 3808
975 3809
976 3809
977 3809
978 3809
979 3810
980 3810
981 3811
982 3811
983 3811
984 3811
985 3812
986 3812
987 3813
988 3813
989 3813
990 3813
991 3814
992 3814
993 3814
994 3814
995 3814
996 3814
997 3814
998 3814
999 3814
1000 3814
1001 3814
1002 3814
1003 3815
1004 3815
1005 3815
1006 3815
1007 3816
1008 3816
1009 3816
1010 3816
1011 3816
1012 3816
1013 3816
1014 3816
1015 3816
1016 3816
1017 3817
1018 3817
1019 3817
1020 3818
1021 3819
1022 3819
1023 3819
1024 3820
1025 3821
1026 3821
1027 3821
1028 3821
1029 3822
1030 3822
1031 3822
1032 3822
1033 3822
1034 3822
1035 3822
1036 3822
1037 3823
1038 3823
1039 3823
1040 3823
1041 3824
1042 3824
1043 3825
1044 3825
1045 3825
1046 3825
1047 3826
1048 3826
1049 3826
1050 3826
1051 3827
1052 3827
1053 3827
1054 3827
1055 3828
1056 3828
1057 3828
1058 3828
1059 3828
1060 3828
1061 3829
1062 3829
1063 3829
1064 3829
1065 3830
1066 3830
1067 3831
1068 3831
1069 3831
1070 3831
1071 3832
1072 3832
1073 3832
1074 3832
1075 3833
1076 3833
1077 3833
1078 3833
1079 3834
1080 3834
1081 3834
1082 3834
1083 3835
1084 3835
1085 3835
1086 3836
1087 3837
1088 3837
1089 3837
1090 3838
1091 3839
1092 3839
1093 3839
1094 3840
1095 3841
1096 3841
1097 3841
1098 3842
1099 3843
1100 3843
1101 3843
1102 3844
1103 3845
1104 3845
1105 3845
1106 3845
1107 3846
1108 3846
1109 3846
1110 3846
1111 3846
1112 3846
1113 3846
1114 3846
1115 3846
1116 3846
1117 3846
1118 3846
1119 3846
1120 3846
1121 3846
1122 3846
1123 3845
1124 3845
1125 3845
1126 3845
1127 3844
1128 3844
1129 3845
1130 3845
1131 3845
1132 3845
1133 3846
1134 3846
1135 3845
1136 3845
1137 3844
1138 3844
1139 3843
1140 3843
1141 3842
1142 3842
1143 3842
1144 3842
1145 3841
1146 3841
1147 3841
1148 3841
1149 3840
1150 3839
1151 3839
1152 3839
1153 3838
1154 3837
1155 3837
1156 3837
1157 3836
1158 3835
1159 3835
1160 3835
1161 3834
1162 3833
1163 3833
1164 3833
1165 3832
1166 3831
1167 3831
1168 3831
1169 3830
1170 3829
1171 3828
1172 3828
1173 3827
1174 3827
1175 3826
1176 3826
1177 3825
1178 3825
1179 3825
1180 3825
1181 3824
1182 3823
1183 3822
1184 3822
1185 3821
1186 3821
1187 3820
1188 3819
1189 3819
1190 3819
1191 3818
1192 3817
1193 3816
1194 3815
1195 3815
1195 3814
1196 3813
1197 3813
1197 3812
1198 3811
1199 3811
1199 3810
1200 3809
1201 3809
1201 3808
1202 3807
1203 3807
1204 3806
1205 3805
1206 3805
1207 3804
1208 3803
1209 3802
1210 3801
1211 3801
1212 3800
1213 3799
1214 3799
1215 3798
1216 3797
1217 3797
1218 3797
1219 3796
1220 3795
1221 3794
1222 3793
1223 3792
1223 3791
1224 3790
1224 3789
1224 3788
1224 3787
1225 3786
1225 3785
1226 3784
1226 3783
1227 3782
1228 3781
1229 3780
1229 3779
1229 3778
1229 3777
1230 3776
1230 3775
1230 3774
1230 3773
1230 3772
1230 3771
1230 3770
1230 3769
1230 3768
1230 3767
1230 3766
1230 3765
1230 3764
1230 3763
1230 3762
1230 3761
1230 3760
1230 3759
1230 3758
1230 3757
1230 3756
1230 3755
1230 3754
1230 3753
1230 3752
1230 3751
1229 3750
1229 3749
1229 3748
1229 3747
1228 3746
1228 3745
1228 3744
1228 3743
1228 3742
1228 3741
1228 3740
1228 3739
1228 3738
1228 3737
1228 3736
1228 3735
1228 3734
1228 3733
1228 3732
1228 3731
1228 3730
1228 3729
1228 3728
1228 3727
1228 3726
1228 3725
1228 3724
1228 3723
1227 3722
1227 3721
1227 3720
1227 3719
1226 3718
1226 3717
1226 3716
1226 3715
1226 3714
1226 3713
1226 3712
1226 3711
1226 3710
1226 3709
1226 3708
1226 3707
1226 3706
1226 3705
1226 3704
1226 3703
1225 3702
1225 3701
1224 3700
1224 3699
1223 3698
1222 3697
1221 3696
1220 3695
1219 3695
1218 3695
1217 3695
1216 3695
1215 3695
1214 3695
1213 3695
1212 3695
1211 3695
1210 3694
1209 3694
1208 3694
1207 3694
1206 3693
1205 3693
1204 3693
1203 3693
