1069 4891
1068 4892
1067 4892
1066 4893
1065 4894
1064 4895
1064 4896
1063 4897
1062 4898
1061 4899
1060 4900
1059 4900
1058 4901
1057 4901
1056 4901
1055 4901
1054 4900
1053 4900
1052 4900
1051 4900
1050 4899
1049 4899
1048 4899
1047 4899
1046 4898
1045 4898
1044 4898
1043 4898
1042 4897
1041 4897
1040 4897
1039 4897
1038 4897
1037 4897
1036 4897
1035 4897
1034 4897
1033 4897
1032 4897
1031 4897
1030 4898
1029 4898
1028 4898
1027 4898
1026 4899
1025 4899
1024 4899
1023 4899
1022 4898
1021 4898
1020 4898
1019 4897
1018 4896
1017 4896
1016 4896
1015 4896
1014 4895
1013 4895
1012 4895
1011 4895
1010 4895
1009 4895
1008 4895
1007 4895
1006 4895
1005 4895
1004 4896
1003 4896
1002 4896
1001 4896
1000 4897
999 4897
998 4897
997 4897
996 4897
995 4897
994 4897
993 4897
992 4897
991 4897
990 4897
989 4897
988 4897
987 4897
986 4897
985 4897
984 4898
983 4898
982 4899
981 4900
980 4900
980 4901
979 4902
978 4902
977 4903
976 4904
975 4904
974 4904
973 4904
972 4904
971 4904
970 4903
969 4903
968 4903
967 4903
966 4903
965 4903
964 4902
963 4902
962 4901
961 4900
960 4900
959 4899
958 4898
957 4898
956 4897
955 4897
954 4897
953 4897
952 4897
951 4897
950 4898
949 4898
948 4898
947 4898
946 4899
945 4900
944 4900
943 4900
942 4901
941 4901
940 4901
939 4901
938 4901
937 4901
936 4901
935 4901
934 4901
933 4901
932 4901
931 4901
930 4902
929 4902
928 4903
927 4904
926 4904
925 4905
924 4906
923 4906
922 4907
921 4907
920 4907
919 4907
918 4907
917 4907
916 4907
915 4907
914 4908
913 4908
912 4909
911 4909
910 4910
909 4910
908 4911
907 4911
906 4911
905 4911
904 4911
903 4911
902 4911
901 4911
900 4911
899 4911
898 4911
897 4911
896 4910
895 4910
894 4910
893 4910
892 4909
891 4909
890 4909
889 4909
888 4910
887 4910
886 4911
885 4911
884 4912
883 4912
882 4913
881 4913
880 4913
879 4913
878 4913
877 4913
876 4913
875 4913
874 4913
873 4913
872 4913
871 4913
870 4913
869 4913
868 4913
867 4913
866 4913
865 4913
864 4913
863 4913
862 4913
861 4913
860 4913
859 4913
858 4913
857 4913
856 4914
855 4914
854 4914
853 4914
852 4915
851 4915
850 4916
849 4916
848 4916
847 4916
846 4917
845 4918
844 4918
843 4918
842 4919
841 4919
840 4919
839 4919
838 4919
837 4919
836 4920
835 4920
834 4920
833 4920
832 4921
831 4922
830 4922
829 4922
828 4923
827 4924
826 4925
825 4925
824 4926
823 4926
822 4927
821 4928
820 4929
819 4930
818 4930
818 4931
817 4932
816 4932
816 4933
815 4934
814 4934
814 4935
813 4936
812 4936
812 4937
811 4938
810 4938
810 4939
809 4940
808 4940
808 4941
807 4942
806 4942
806 4943
805 4944
804 4944
804 4945
803 4946
802 4946
802 4947
801 4948
800 4949
799 4950
798 4951
798 4952
797 4953
796 4954
796 4955
795 4956
794 4957
793 4958
792 4959
792 4960
792 4961
791 4962
790 4963
790 4964
789 4965
789 4966
788 4967
788 4968
787 4969
787 4970
787 4971
787 4972
787 4973
787 4974
787 4975
787 4976
787 4977
787 4978
788 4979
788 4980
789 4981
789 4982
790 4983
790 4984
791 4985
791 4986
792 4987
792 4988
792 4989
792 4990
793 4991
793 4992
793 4993
793 4994
793 4995
793 4996
793 4997
793 4998
793 4999
793 5000
793 5001
793 5002
793 5003
793 5004
792 5005
792 5006
792 5007
791 5008
790 5009
790 5010
790 5011
790 5012
789 5013
789 5014
789 5015
789 5016
788 5017
788 5018
787 5019
787 5020
786 5021
785 5022
784 5023
784 5024
784 5025
784 5026
783 5027
783 5028
782 5029
782 5030
782 5031
781 5032
780 5033
780 5034
780 5035
780 5036
779 5037
779 5038
779 5039
779 5040
779 5041
779 5042
779 5043
779 5044
779 5045
779 5046
779 5047
779 5048
779 5049
779 5050
779 5051
779 5052
779 5053
779 5054
779 5055
779 5056
779 5057
779 5058
780 5059
780 5060
780 5061
780 5062
781 5063
781 5064
782 5065
782 5066
783 5067
783 5068
784 5069
784 5070
785 5071
786 5072
787 5073
788 5074
788 5075
789 5075
790 5076
790 5077
791 5077
792 5078
792 5079
793 5079
794 5080
794 5081
795 5081
796 5082
796 5083
797 5083
798 5084
799 5085
800 5085
801 5086
802 5086
803 5087
804 5087
805 5087
806 5087
807 5088
808 5088
809 5088
810 5088
811 5089
812 5089
813 5089
814 5090
815 5091
816 5091
817 5091
818 5091
819 5092
820 5092
821 5092
822 5092
823 5092
824 5092
825 5092
826 5092
827 5092
828 5092
829 5092
830 5092
831 5092
832 5092
833 5092
834 5092
835 5092
836 5092
837 5092
838 5092
839 5092
840 5092
841 5092
842 5092
843 5092
844 5092
845 5092
846 5092
847 5092
848 5092
849 5092
850 5092
851 5092
852 5092
853 5092
854 5092
855 5091
856 5091
857 5091
858 5091
859 5090
860 5090
861 5090
862 5090
863 5090
864 5090
865 5090
866 5090
867 5090
868 5090
869 5090
870 5090
871 5090
872 5090
873 5090
874 5090
875 5091
876 5091
877 5092
878 5092
879 5093
880 5093
881 5094
882 5094
883 5094
884 5094
885 5094
886 5094
887 5094
888 5094
889 5094
890 5094
891 5094
892 5094
893 5094
894 5094
895 5094
896 5094
897 5094
898 5094
899 5094
900 5094
901 5094
902 5094
903 5094
904 5094
905 5094
906 5094
907 5094
908 5094
909 5094
910 5094
911 5094
912 5094
913 5094
914 5094
915 5095
916 5095
917 5095
918 5095
919 5096
920 5096
921 5096
922 5096
923 5096
924 5096
925 5096
926 5096
927 5096
928 5096
929 5097
930 5097
931 5097
932 5097
933 5098
934 5098
935 5098
936 5098
937 5098
938 5098
939 5098
940 5098
941 5098
942 5098
943 5099
944 5099
945 5099
946 5099
947 5100
948 5100
949 5100
950 5100
951 5100
952 5100
953 5100
954 5100
955 5101
956 5101
957 5101
958 5102
959 5103
960 5103
961 5103
962 5103
963 5104
964 5104
965 5105
966 5105
967 5105
968 5105
969 5106
970 5106
971 5106
972 5106
973 5106
974 5106
975 5105
976 5105
977 5105
978 5105
979 5104
980 5104
981 5104
982 5104
983 5104
984 5104
985 5104
986 5104
987 5104
988 5104
989 5104
990 5104
991 5103
992 5103
993 5102
994 5101
995 5101
995 5100
996 5099
997 5099
997 5098
998 5097
999 5097
1000 5096
1001 5095
1002 5095
1003 5094
1004 5094
1005 5093
1006 5093
1007 5093
1008 5093
1009 5092
1010 5092
1011 5092
1012 5092
1013 5092
1014 5092
1015 5092
1016 5092
1017 5092
1018 5092
1019 5092
1020 5092
1021 5091
1022 5091
1023 5090
1024 5089
1025 5089
1025 5088
1026 5087
1027 5087
1027 5086
1028 5085
1029 5085
1030 5084
1031 5083
1032 5083
1033 5082
1034 5082
1035 5082
1036 5082
1037 5082
1038 5082
1039 5082
1040 5082
1041 5082
1042 5082
1043 5082
1044 5082
1045 5082
1046 5082
1047 5082
1048 5082
1049 5082
1050 5082
1051 5081
1052 5081
1053 5081
1054 5081
1055 5080
1056 5080
1057 5080
1058 5080
1059 5080
1060 5080
1061 5079
1062 5079
1063 5079
1064 5079
1065 5078
1066 5078
1067 5078
1068 5078
1069 5078
1070 5078
1071 5078
1072 5078
1073 5078
1074 5078
1075 5078
1076 5078
1077 5078
1078 5078
1079 5078
1080 5078
1081 5078
1082 5078
1083 5078
1084 5078
1085 5078
1086 5078
1087 5078
1088 5078
1089 5078
1090 5078
1091 5078
1092 5078
1093 5078
1094 5078
1095 5078
1096 5078
1097 5079
1098 5079
1099 5079
1100 5079
1101 5080
1102 5080
1103 5080
1104 5080
1105 5081
1106 5081
1107 5082
1108 5082
1109 5083
1110 5083
1111 5084
1112 5084
1113 5085
1114 5085
1115 5086
1116 5087
1117 5087
1118 5088
1119 5089
1120 5089
1121 5090
1122 5090
1123 5090
1124 5090
1125 5090
1126 5090
1127 5090
1128 5090
1129 5090
1130 5090
1131 5089
1132 5089
1133 5089
1134 5089
1135 5088
1136 5087
1137 5087
1138 5087
1139 5086
1140 5086
1141 5086
1142 5086
1143 5086
1144 5086
1145 5086
1146 5086
1147 5086
1148 5086
1149 5086
1150 5086
1151 5086
1152 5086
1153 5085
1154 5085
1155 5085
1156 5085
1157 5084
1158 5084
1159 5084
1160 5084
1161 5083
1162 5083
1163 5083
1164 5083
1165 5082
1166 5082
1167 5082
1168 5082
1169 5081
1170 5081
1171 5081
1172 5081
1173 5080
1174 5080
1175 5080
1176 5080
1177 5080
1178 5080
1179 5080
1180 5080
1181 5080
1182 5080
1183 5080
1184 5080
1185 5080
1186 5080
1187 5080
1188 5080
1189 5080
1190 5080
1191 5080
1192 5080
1193 5080
1194 5080
1195 5080
1196 5080
1197 5079
1198 5079
1199 5079
1200 5079
1201 5078
1202 5078
1203 5077
1204 5077
1205 5076
1206 5075
1207 5075
1207 5074
1208 5073
1209 5073
1209 5072
1210 5071
1211 5071
1211 5070
1212 5069
1213 5069
1213 5068
1214 5067
1215 5066
1216 5065
1217 5064
1217 5063
1218 5062
1219 5061
1219 5060
1220 5059
1221 5059
1222 5058
1223 5057
1224 5057
1225 5056
1226 5055
1227 5054
1228 5053
1229 5053
1229 5052
1230 5051
1231 5051
1231 5050
1232 5049
1233 5049
1233 5048
1234 5047
1235 5047
1235 5046
1236 5045
1237 5045
1237 5044
1238 5043
1239 5043
1239 5042
1240 5041
1241 5041
1241 5040
1242 5039
1243 5038
1243 5037
1244 5036
1244 5035
1245 5034
1245 5033
1245 5032
1245 5031
1246 5030
1246 5029
1246 5028
1246 5027
1246 5026
1246 5025
1246 5024
1246 5023
1246 5022
1246 5021
1246 5020
1246 5019
1246 5018
1246 5017
1246 5016
1246 5015
1246 5014
1246 5013
1246 5012
1246 5011
1246 5010
1246 5009
1247 5008
1247 5007
1247 5006
1247 5005
1248 5004
1248 5003
1249 5002
1249 5001
1249 5000
1249 4999
1250 4998
1250 4997
1251 4996
1251 4995
1251 4994
1251 4993
1252 4992
1252 4991
1253 4990
1253 4989
1253 4988
1253 4987
1254 4986
1254 4985
1254 4984
1254 4983
1254 4982
1254 4981
1254 4980
1254 4979
1254 4978
1254 4977
1254 4976
1254 4975
1254 4974
1254 4973
1254 4972
1254 4971
1253 4970
1253 4969
1253 4968
1253 4967
1252 4966
1252 4965
1252 4964
1252 4963
1252 4962
1252 4961
1252 4960
1252 4959
1252 4958
1252 4957
1252 4956
1252 4955
1252 4954
1252 4953
1252 4952
1252 4951
1252 4950
1252 4949
1252 4948
1252 4947
1251 4946
1251 4945
1251 4944
1251 4943
1250 4942
1250 4941
1250 4940
1250 4939
1250 4938
1250 4937
1249 4936
1249 4935
1248 4934
1247 4933
1247 4932
1246 4931
1245 4930
1245 4929
1244 4928
1243 4927
1243 4926
1243 4925
1242 4924
1241 4923
1240 4922
1239 4921
1239 4920
1238 4920
1237 4919
1237 4918
1236 4918
1235 4917
1235 4916
1234 4916
1233 4915
1233 4914
1232 4914
1231 4913
1231 4912
1230 4912
1229 4911
1229 4910
1228 4910
1227 4909
1226 4908
1225 4908
1224 4907
1223 4907
1222 4907
1221 4907
1220 4907
1219 4907
1218 4907
1217 4907
1216 4907
1215 4907
1214 4907
1213 4907
1212 4908
1211 4908
1210 4908
1209 4908
1208 4909
1207 4909
1206 4909
1205 4909
1204 4909
1203 4909
1202 4909
1201 4909
1200 4909
1199 4909
1198 4909
1197 4909
1196 4909
1195 4909
1194 4909
1193 4909
1192 4909
1191 4909
1190 4908
1189 4908
1188 4908
1187 4908
1186 4907
1185 4907
1184 4907
1183 4907
1182 4907
1181 4907
1180 4907
1179 4907
1178 4907
1177 4907
1176 4908
1175 4908
1174 4908
1173 4908
1172 4909
1171 4910
1170 4910
1169 4910
1168 4911
1167 4911
1166 4911
1165 4911
1164 4912
1163 4912
1162 4912
1161 4912
1160 4913
1159 4913
1158 4913
1157 4913
1156 4913
1155 4913
1154 4913
1153 4913
1152 4913
1151 4913
1150 4913
1149 4913
1148 4913
1147 4913
1146 4913
1145 4913
1144 4913
1143 4913
1142 4912
1141 4912
1140 4912
1139 4912
1138 4911
1137 4911
1136 4911
1135 4911
1134 4911
1133 4911
1132 4911
1131 4911
1130 4911
1129 4911
1128 4911
1127 4911
1126 4911
1125 4911
1124 4912
1123 4912
1122 4912
1121 4912
1120 4913
1119 4913
1118 4912
1117 4912
1116 4911
1115 4910
1115 4909
1114 4908
1114 4907
1114 4906
1114 4905
1114 4904
1114 4903
1114 4902
1114 4901
1113 4900
1113 4899
1112 4898
1111 4897
1110 4896
1109 4896
1108 4896
1107 4896
1106 4895
1105 4895
1104 4895
1103 4895
1102 4895
1101 4895
1100 4894
1099 4894
1098 4894
1097 4894
1096 4893
1095 4893
1094 4893
1093 4893
1092 4893
1091 4893
1090 4893
1089 4893
1088 4893
1087 4893
1086 4893
1085 4893
1084 4893
1083 4893
1082 4893
1081 4893
1080 4892
1079 4892
1078 4892
1077 4892
1076 4891
1075 4891
1074 4891
1073 4891
1072 4891
1071 4891
1070 4891
1069 4891
