2083 4499
2082 4500
2081 4500
2080 4501
2079 4502
2078 4503
2078 4504
2078 4505
2078 4506
2079 4507
2080 4508
2080 4509
2081 4510
2082 4511
2082 4512
2083 4513
2084 4514
2085 4515
2086 4516
2086 4517
2087 4517
2088 4518
2088 4519
2089 4519
2090 4520
2090 4521
2091 4521
2092 4522
2092 4523
2093 4523
2094 4524
2094 4525
2095 4525
2096 4526
2096 4527
2097 4528
2098 4529
2098 4530
2099 4531
2100 4532
2101 4533
2102 4534
2102 4535
2103 4535
2104 4536
2104 4537
2105 4537
2106 4538
2106 4539
2107 4539
2108 4540
2108 4541
2109 4541
2110 4542
2110 4543
2111 4543
2112 4544
2112 4545
2113 4545
2114 4546
2114 4547
2115 4547
2116 4548
2116 4549
2117 4549
2118 4550
2118 4551
2119 4551
2120 4552
2120 4553
2121 4553
2122 4554
2122 4555
2123 4555
2124 4556
2124 4557
2125 4557
2126 4558
2126 4559
2127 4559
2128 4560
2128 4561
2129 4561
2130 4562
2130 4563
2131 4563
2132 4564
2133 4565
2134 4565
2135 4566
2136 4566
2137 4566
2138 4566
2139 4566
2140 4566
2141 4566
2142 4566
2143 4567
2144 4567
2145 4567
2146 4567
2147 4568
2148 4568
2149 4568
2150 4568
2151 4569
2152 4569
2153 4569
2154 4569
2155 4570
2156 4570
2157 4570
2158 4570
2159 4570
2160 4570
2161 4570
2162 4570
2163 4570
2164 4570
2165 4570
2166 4570
2167 4570
2168 4570
2169 4570
2170 4570
2171 4570
2172 4570
2173 4570
2174 4570
2175 4570
2176 4570
2177 4570
2178 4570
2179 4570
2180 4570
2181 4570
2182 4570
2183 4570
2184 4570
2185 4570
2186 4570
2187 4570
2188 4570
2189 4570
2190 4570
2191 4570
2192 4570
2193 4570
2194 4570
2195 4570
2196 4570
2197 4570
2198 4570
2199 4570
2200 4570
2201 4570
2202 4570
2203 4569
2204 4569
2205 4568
2206 4567
2207 4567
2207 4566
2208 4565
2209 4565
2210 4564
2211 4563
2212 4563
2213 4562
2214 4562
2215 4562
2216 4562
2217 4562
2218 4562
2219 4562
2220 4562
2221 4562
2222 4562
2223 4562
2224 4562
2225 4562
2226 4562
2227 4562
2228 4562
2229 4562
2230 4562
2231 4562
2232 4562
2233 4562
2234 4562
2235 4561
2236 4561
2237 4561
2238 4561
2239 4560
2240 4560
2241 4559
2242 4559
2243 4559
2244 4559
2245 4558
2246 4557
2247 4556
2248 4555
2249 4555
2250 4554
2251 4553
2252 4553
2253 4552
2254 4552
2255 4552
2256 4552
2257 4552
2258 4552
2259 4552
2260 4552
2261 4552
2262 4552
2263 4552
2264 4552
2265 4551
2266 4551
2267 4550
2268 4549
2269 4549
2269 4548
2270 4547
2271 4547
2271 4546
2272 4545
2273 4545
2273 4544
2274 4543
2275 4543
2275 4542
2276 4541
2277 4541
2277 4540
2278 4539
2279 4539
2279 4538
2280 4537
2281 4536
2281 4535
2282 4534
2282 4533
2282 4532
2282 4531
2282 4530
2282 4529
2282 4528
2282 4527
2282 4526
2282 4525
2282 4524
2282 4523
2282 4522
2282 4521
2282 4520
2282 4519
2282 4518
2282 4517
2282 4516
2282 4515
2281 4514
2281 4513
2281 4512
2281 4511
2280 4510
2279 4509
2278 4508
2277 4507
2276 4506
2275 4506
2274 4506
2273 4505
2272 4504
2271 4504
2270 4504
2269 4503
2268 4502
2267 4502
2266 4502
2265 4502
2264 4501
2263 4501
2262 4501
2261 4501
2260 4501
2259 4501
2258 4501
2257 4501
2256 4501
2255 4501
2254 4501
2253 4501
2252 4501
2251 4501
2250 4501
2249 4501
2248 4501
2247 4501
2246 4501
2245 4501
2244 4501
2243 4501
2242 4501
2241 4501
2240 4502
2239 4502
2238 4503
2237 4504
2236 4504
2235 4505
2234 4506
2233 4506
2232 4507
2231 4507
2230 4507
2229 4507
2228 4507
2227 4507
2226 4508
2225 4508
2224 4508
2223 4508
2222 4509
2221 4509
2220 4509
2219 4509
2218 4509
2217 4509
2216 4509
2215 4509
2214 4509
2213 4509
2212 4509
2211 4509
2210 4509
2209 4509
2208 4509
2207 4509
2206 4509
2205 4509
2204 4509
2203 4509
2202 4509
2201 4509
2200 4509
2199 4509
2198 4509
2197 4509
2196 4509
2195 4509
2194 4508
2193 4508
2192 4508
2191 4508
2190 4507
2189 4507
2188 4507
2187 4507
2186 4507
2185 4507
2184 4507
2183 4507
2182 4507
2181 4507
2180 4507
2179 4507
2178 4507
2177 4507
2176 4507
2175 4507
2174 4506
2173 4506
2172 4506
2171 4506
2170 4505
2169 4505
2168 4505
2167 4505
2166 4504
2165 4504
2164 4504
2163 4504
2162 4503
2161 4503
2160 4503
2159 4503
2158 4503
2157 4503
2156 4503
2155 4503
2154 4504
2153 4504
2152 4504
2151 4504
2150 4505
2149 4505
2148 4504
2147 4504
2146 4504
2145 4504
2144 4503
2143 4503
2142 4503
2141 4503
2140 4503
2139 4503
2138 4502
2137 4502
2136 4502
2135 4502
2134 4501
2133 4501
2132 4501
2131 4501
2130 4500
2129 4500
2128 4500
2127 4500
2126 4499
2125 4499
2124 4499
2123 4499
2122 4499
2121 4499
2120 4499
2119 4499
2118 4499
2117 4499
2116 4499
2115 4499
2114 4499
2113 4499
2112 4500
2111 4500
2110 4500
2109 4500
2108 4501
2107 4501
2106 4501
2105 4501
2104 4501
2103 4501
2102 4500
2101 4500
2100 4500
2099 4500
2098 4499
2097 4499
2096 4499
2095 4499
2094 4499
2093 4499
2092 4499
2091 4499
2090 4499
2089 4499
2088 4499
2087 4499
2086 4499
2085 4499
2084 4499
2083 4499
