421 3375
420 3376
419 3376
418 3377
417 3377
416 3378
415 3378
414 3379
413 3380
412 3380
411 3380
410 3381
409 3381
408 3382
407 3382
406 3382
405 3382
404 3383
403 3384
402 3384
401 3384
400 3385
399 3386
398 3386
397 3386
396 3387
395 3387
394 3387
393 3387
392 3388
391 3388
390 3388
389 3388
388 3389
387 3389
386 3389
385 3389
384 3390
383 3390
382 3390
381 3390
380 3391
379 3391
378 3391
377 3391
376 3391
375 3391
374 3391
373 3391
372 3391
371 3391
370 3391
369 3391
368 3391
367 3391
366 3391
365 3391
364 3392
363 3392
362 3393
361 3393
360 3394
359 3394
358 3395
357 3395
356 3395
355 3395
354 3395
353 3395
352 3395
351 3395
350 3396
349 3396
348 3396
347 3396
346 3397
345 3397
344 3398
343 3398
342 3398
341 3398
340 3399
339 3399
338 3399
337 3399
336 3400
335 3400
334 3400
333 3400
332 3401
331 3402
330 3402
329 3402
328 3403
327 3403
326 3404
325 3404
324 3405
323 3406
322 3406
322 3407
321 3408
320 3408
319 3409
318 3410
317 3410
316 3411
315 3412
314 3413
313 3413
312 3414
311 3414
310 3415
309 3415
308 3415
307 3415
306 3415
305 3415
304 3415
303 3415
302 3415
301 3415
300 3415
299 3415
298 3416
297 3416
296 3417
295 3418
294 3419
294 3420
293 3421
292 3422
292 3423
291 3424
290 3424
290 3425
289 3426
288 3426
287 3427
286 3428
285 3428
284 3429
283 3430
282 3431
281 3431
280 3432
279 3432
278 3433
277 3433
276 3434
275 3434
274 3435
273 3436
272 3436
272 3437
271 3438
270 3438
270 3439
269 3440
268 3440
267 3441
266 3442
265 3443
264 3444
263 3445
262 3446
261 3447
260 3448
260 3449
259 3450
258 3450
258 3451
257 3452
256 3452
255 3453
254 3454
253 3454
252 3455
251 3455
250 3456
249 3456
248 3456
247 3456
246 3457
245 3458
244 3458
243 3458
242 3459
241 3460
240 3461
239 3462
238 3462
238 3463
237 3464
236 3464
236 3465
235 3466
234 3466
234 3467
233 3468
232 3468
232 3469
231 3470
230 3471
229 3472
228 3473
228 3474
228 3475
228 3476
227 3477
227 3478
228 3479
228 3480
229 3481
230 3482
230 3483
231 3483
232 3484
233 3485
234 3486
235 3487
236 3487
237 3487
238 3488
239 3489
240 3489
241 3489
242 3490
243 3491
244 3491
245 3492
246 3493
247 3493
248 3494
248 3495
249 3495
250 3496
250 3497
251 3497
252 3498
253 3499
254 3499
255 3500
256 3500
257 3501
258 3501
259 3501
260 3502
261 3503
262 3503
263 3503
264 3504
265 3505
266 3505
267 3505
268 3506
269 3507
270 3507
271 3508
272 3509
273 3509
274 3510
275 3511
276 3512
277 3513
278 3513
279 3513
280 3514
281 3515
282 3515
283 3515
284 3516
285 3517
286 3517
287 3517
288 3518
289 3519
290 3519
291 3519
292 3520
293 3521
294 3521
295 3522
296 3522
297 3523
298 3523
299 3524
300 3524
301 3524
302 3524
303 3524
304 3524
305 3524
306 3524
307 3525
308 3525
309 3525
310 3526
311 3527
312 3527
313 3527
314 3527
315 3528
316 3528
317 3529
318 3529
319 3530
320 3530
321 3531
322 3532
323 3533
324 3533
325 3533
326 3534
327 3535
328 3535
329 3535
330 3535
331 3536
332 3536
333 3536
334 3536
335 3537
336 3537
337 3537
338 3537
339 3538
340 3538
341 3539
342 3539
343 3539
344 3539
345 3540
346 3540
347 3541
348 3541
349 3541
350 3541
351 3542
352 3542
353 3542
354 3542
355 3543
356 3543
357 3543
358 3543
359 3544
360 3544
361 3544
362 3544
363 3545
364 3545
365 3545
366 3546
367 3547
368 3547
369 3547
370 3547
371 3548
372 3548
373 3548
374 3548
375 3548
376 3548
377 3548
378 3548
379 3549
380 3549
381 3549
382 3549
383 3550
384 3550
385 3550
386 3550
387 3551
388 3551
389 3551
390 3551
391 3552
392 3552
393 3552
394 3552
395 3552
396 3552
397 3553
398 3553
399 3553
400 3553
401 3554
402 3554
403 3554
404 3554
405 3555
406 3555
407 3556
408 3557
409 3557
410 3558
411 3559
412 3559
413 3560
414 3560
415 3560
416 3560
417 3560
418 3560
419 3560
420 3560
421 3560
422 3560
423 3560
424 3560
425 3560
426 3560
427 3561
428 3561
429 3561
430 3562
431 3563
432 3563
433 3564
434 3564
435 3565
436 3565
437 3566
438 3566
439 3566
440 3566
441 3566
442 3566
443 3567
444 3567
445 3567
446 3567
447 3568
448 3568
449 3568
450 3568
451 3569
452 3569
453 3569
454 3569
455 3570
456 3570
457 3570
458 3570
459 3571
460 3571
461 3572
462 3572
463 3573
464 3574
465 3575
466 3575
467 3575
468 3575
469 3576
470 3576
471 3576
472 3576
473 3576
474 3576
475 3577
476 3577
477 3577
478 3578
479 3579
480 3579
481 3579
482 3579
483 3580
484 3580
485 3580
486 3580
487 3580
488 3580
489 3580
490 3580
491 3581
492 3581
493 3581
494 3581
495 3582
496 3582
497 3582
498 3582
499 3582
500 3582
501 3582
502 3582
503 3583
504 3583
505 3583
506 3583
507 3584
508 3584
509 3585
510 3585
511 3585
512 3585
513 3586
514 3586
515 3587
516 3587
517 3587
518 3587
519 3588
520 3588
521 3588
522 3588
523 3589
524 3589
525 3589
526 3589
527 3590
528 3590
529 3590
530 3590
531 3590
532 3590
533 3590
534 3590
535 3590
536 3590
537 3590
538 3590
539 3590
540 3590
541 3590
542 3590
543 3590
544 3590
545 3590
546 3590
547 3590
548 3590
549 3589
550 3589
551 3588
552 3587
553 3587
553 3586
554 3585
555 3585
555 3584
556 3583
557 3583
557 3582
558 3581
559 3581
559 3580
560 3579
561 3578
562 3577
563 3576
563 3575
564 3574
565 3573
565 3572
566 3571
567 3571
567 3570
568 3569
569 3569
569 3568
570 3567
571 3567
571 3566
572 3565
573 3564
574 3563
575 3562
575 3561
576 3560
576 3559
577 3558
577 3557
578 3556
578 3555
578 3554
578 3553
578 3552
578 3551
578 3550
578 3549
579 3548
579 3547
579 3546
580 3545
581 3544
581 3543
581 3542
582 3541
583 3540
584 3539
585 3538
586 3538
587 3538
588 3538
589 3538
590 3538
591 3538
592 3538
593 3538
594 3538
595 3537
596 3537
597 3537
598 3537
599 3536
600 3535
601 3534
602 3533
603 3533
603 3532
604 3531
605 3530
606 3529
607 3528
607 3527
607 3526
607 3525
608 3524
608 3523
609 3522
609 3521
610 3520
611 3519
611 3518
612 3517
613 3517
613 3516
614 3515
615 3514
615 3513
616 3512
616 3511
616 3510
616 3509
616 3508
616 3507
616 3506
616 3505
616 3504
616 3503
615 3502
615 3501
615 3500
615 3499
614 3498
614 3497
614 3496
614 3495
614 3494
614 3493
613 3492
613 3491
613 3490
613 3489
612 3488
612 3487
613 3486
613 3485
613 3484
613 3483
614 3482
614 3481
614 3480
614 3479
614 3478
614 3477
613 3476
613 3475
613 3474
613 3473
612 3472
612 3471
612 3470
612 3469
611 3468
611 3467
611 3466
611 3465
610 3464
609 3463
609 3462
609 3461
608 3460
608 3459
607 3458
607 3457
606 3456
605 3455
605 3454
604 3454
603 3453
603 3452
602 3452
601 3451
601 3450
600 3450
599 3449
599 3448
598 3448
597 3447
597 3446
596 3446
595 3445
595 3444
594 3444
593 3443
593 3442
592 3442
591 3441
591 3440
590 3440
589 3439
589 3438
588 3438
587 3437
586 3436
585 3436
584 3435
583 3435
582 3434
581 3434
580 3433
579 3432
579 3431
578 3430
578 3429
577 3428
576 3427
575 3426
574 3425
573 3424
572 3424
571 3423
571 3422
570 3422
569 3421
569 3420
568 3419
567 3418
567 3417
566 3416
565 3415
564 3414
563 3414
562 3413
561 3413
560 3412
559 3412
558 3411
557 3410
556 3409
555 3408
555 3407
554 3406
554 3405
553 3404
553 3403
553 3402
553 3401
552 3400
551 3399
550 3398
549 3397
549 3396
548 3396
547 3395
547 3394
546 3393
545 3392
545 3391
544 3390
544 3389
544 3388
544 3387
543 3386
543 3385
543 3384
543 3383
542 3382
541 3381
540 3380
539 3379
539 3378
538 3378
537 3377
536 3376
535 3376
534 3375
533 3375
532 3375
531 3375
530 3375
529 3375
528 3375
527 3375
526 3375
525 3375
524 3375
523 3375
522 3375
521 3375
520 3375
519 3375
518 3375
517 3375
516 3375
515 3375
514 3375
513 3375
512 3376
511 3376
510 3376
509 3376
508 3377
507 3377
506 3377
505 3377
504 3378
503 3378
502 3378
501 3378
500 3379
499 3380
498 3380
497 3380
496 3381
495 3381
494 3382
493 3382
492 3382
491 3382
490 3383
489 3383
488 3383
487 3383
486 3383
485 3383
484 3383
483 3383
482 3384
481 3384
480 3384
479 3384
478 3385
477 3385
476 3385
475 3385
474 3385
473 3385
472 3385
471 3385
470 3385
469 3385
468 3385
467 3385
466 3385
465 3385
464 3385
463 3385
462 3385
461 3385
460 3385
459 3385
458 3385
457 3385
456 3385
455 3385
454 3384
453 3384
452 3384
451 3384
450 3383
449 3383
448 3383
447 3383
446 3382
445 3382
444 3382
443 3381
442 3380
441 3380
440 3380
439 3380
438 3379
437 3379
436 3379
435 3379
434 3378
433 3378
432 3377
431 3377
430 3376
429 3376
428 3375
427 3375
426 3375
425 3375
424 3375
423 3375
422 3375
421 3375
