1035 2513
1034 2514
1033 2514
1032 2515
1031 2516
1030 2516
1029 2517
1028 2518
1027 2518
1026 2519
1025 2519
1024 2519
1023 2519
1022 2519
1021 2519
1020 2519
1019 2519
1018 2520
1017 2520
1016 2520
1015 2520
1014 2521
1013 2522
1012 2523
1011 2524
1010 2524
1009 2525
1008 2526
1007 2526
1006 2527
1005 2527
1004 2528
1003 2528
1002 2528
1001 2528
1000 2529
999 2529
998 2530
997 2530
996 2530
995 2530
994 2531
993 2532
992 2533
991 2533
990 2534
989 2534
988 2535
987 2535
986 2535
985 2535
984 2535
983 2535
982 2536
981 2536
980 2536
979 2536
978 2537
977 2537
976 2537
975 2537
974 2537
973 2537
972 2538
971 2538
970 2538
969 2538
968 2539
967 2539
966 2539
965 2539
964 2540
963 2540
962 2541
961 2542
960 2542
959 2543
958 2544
957 2544
956 2545
955 2545
954 2545
953 2545
952 2545
951 2545
950 2545
949 2545
948 2545
947 2545
946 2545
945 2545
944 2545
943 2545
942 2545
941 2545
940 2546
939 2546
938 2546
937 2546
936 2547
935 2547
934 2547
933 2547
932 2547
931 2547
930 2548
929 2548
928 2548
927 2548
926 2549
925 2549
924 2549
923 2549
922 2550
921 2550
920 2550
919 2550
918 2551
917 2551
916 2551
915 2551
914 2552
913 2552
912 2552
911 2552
910 2553
909 2553
908 2554
907 2554
906 2554
905 2554
904 2555
903 2556
902 2556
901 2556
900 2557
899 2557
898 2558
897 2558
896 2558
895 2558
894 2559
893 2560
892 2561
891 2562
890 2562
890 2563
889 2564
888 2564
888 2565
887 2566
886 2566
886 2567
885 2568
884 2568
883 2569
882 2570
881 2570
880 2571
879 2571
878 2572
877 2572
876 2573
875 2574
874 2574
874 2575
873 2576
872 2576
871 2577
870 2578
869 2578
868 2579
867 2580
866 2581
866 2582
865 2583
865 2584
864 2585
864 2586
864 2587
864 2588
863 2589
863 2590
863 2591
863 2592
863 2593
863 2594
863 2595
863 2596
863 2597
863 2598
864 2599
864 2600
865 2601
866 2602
866 2603
867 2603
868 2604
869 2605
870 2606
871 2607
872 2607
873 2607
874 2608
875 2609
876 2609
877 2610
878 2611
879 2611
880 2612
880 2613
881 2614
882 2615
882 2616
883 2617
884 2618
885 2619
886 2620
886 2621
887 2621
888 2622
888 2623
889 2623
890 2624
890 2625
891 2626
892 2627
892 2628
893 2629
894 2630
895 2631
896 2632
897 2633
898 2633
899 2634
900 2634
901 2635
902 2635
903 2636
904 2637
905 2637
906 2638
907 2639
908 2640
909 2641
910 2641
911 2641
912 2642
913 2643
914 2643
915 2643
916 2643
917 2644
918 2644
919 2644
920 2644
921 2644
922 2644
923 2645
924 2645
925 2645
926 2645
927 2646
928 2646
929 2646
930 2646
931 2647
932 2647
933 2647
934 2648
935 2649
936 2649
937 2649
938 2649
939 2650
940 2650
941 2650
942 2650
943 2650
944 2650
945 2650
946 2650
947 2651
948 2651
949 2651
950 2651
951 2652
952 2652
953 2652
954 2652
955 2652
956 2652
957 2652
958 2652
959 2653
960 2653
961 2653
962 2653
963 2654
964 2654
965 2654
966 2654
967 2654
968 2654
969 2654
970 2654
971 2654
972 2654
973 2654
974 2654
975 2654
976 2654
977 2654
978 2654
979 2654
980 2654
981 2654
982 2654
983 2654
984 2654
985 2654
986 2654
987 2654
988 2654
989 2654
990 2654
991 2654
992 2654
993 2654
994 2654
995 2654
996 2654
997 2654
998 2654
999 2654
1000 2654
1001 2654
1002 2654
1003 2654
1004 2654
1005 2654
1006 2654
1007 2654
1008 2654
1009 2654
1010 2654
1011 2654
1012 2654
1013 2654
1014 2654
1015 2654
1016 2654
1017 2654
1018 2654
1019 2654
1020 2654
1021 2654
1022 2654
1023 2654
1024 2654
1025 2654
1026 2654
1027 2654
1028 2654
1029 2654
1030 2654
1031 2654
1032 2654
1033 2654
1034 2654
1035 2654
1036 2654
1037 2654
1038 2654
1039 2654
1040 2654
1041 2655
1042 2655
1043 2655
1044 2655
1045 2656
1046 2656
1047 2656
1048 2656
1049 2656
1050 2656
1051 2656
1052 2656
1053 2656
1054 2656
1055 2656
1056 2656
1057 2655
1058 2655
1059 2655
1060 2655
1061 2654
1062 2654
1063 2654
1064 2654
1065 2654
1066 2654
1067 2654
1068 2654
1069 2654
1070 2654
1071 2654
1072 2654
1073 2654
1074 2654
1075 2654
1076 2654
1077 2654
1078 2654
1079 2654
1080 2654
1081 2654
1082 2654
1083 2653
1084 2653
1085 2653
1086 2653
1087 2652
1088 2652
1089 2652
1090 2652
1091 2651
1092 2651
1093 2651
1094 2651
1095 2650
1096 2650
1097 2649
1098 2649
1099 2649
1100 2649
1101 2648
1102 2647
1103 2647
1104 2647
1105 2646
1106 2645
1107 2644
1108 2644
1109 2643
1110 2643
1111 2642
1112 2642
1113 2641
1114 2641
1115 2641
1116 2641
1117 2640
1118 2639
1119 2638
1120 2637
1121 2637
1122 2636
1123 2635
1124 2635
1125 2634
1126 2633
1127 2632
1128 2631
1129 2631
1129 2630
1130 2629
1131 2629
1131 2628
1132 2627
1133 2626
1134 2625
1135 2624
1135 2623
1135 2622
1135 2621
1136 2620
1136 2619
1136 2618
1136 2617
1137 2616
1137 2615
1137 2614
1137 2613
1138 2612
1138 2611
1138 2610
1138 2609
1138 2608
1138 2607
1138 2606
1138 2605
1138 2604
1138 2603
1138 2602
1138 2601
1138 2600
1138 2599
1138 2598
1138 2597
1137 2596
1137 2595
1137 2594
1137 2593
1136 2592
1135 2591
1135 2590
1135 2589
1134 2588
1133 2587
1132 2586
1132 2585
1131 2584
1131 2583
1130 2582
1130 2581
1130 2580
1130 2579
1130 2578
1130 2577
1130 2576
1130 2575
1131 2574
1131 2573
1131 2572
1131 2571
1132 2570
1132 2569
1132 2568
1132 2567
1131 2566
1131 2565
1130 2564
1129 2563
1129 2562
1128 2562
1127 2561
1127 2560
1126 2560
1125 2559
1125 2558
1124 2558
1123 2557
1122 2556
1121 2555
1120 2554
1119 2554
1118 2553
1117 2553
1116 2552
1115 2551
1114 2550
1113 2550
1112 2550
1111 2549
1110 2548
1109 2548
1108 2547
1107 2546
1106 2546
1105 2545
1105 2544
1104 2544
1103 2543
1102 2542
1101 2541
1100 2540
1099 2540
1098 2540
1097 2539
1096 2538
1095 2538
1094 2537
1093 2537
1092 2536
1091 2535
1090 2534
1089 2534
1088 2533
1087 2533
1086 2532
1085 2531
1084 2530
1083 2530
1082 2530
1081 2529
1080 2528
1079 2528
1078 2528
1077 2528
1076 2527
1075 2527
1074 2527
1073 2527
1072 2527
1071 2527
1070 2527
1069 2527
1068 2527
1067 2527
1066 2526
1065 2526
1064 2525
1063 2525
1062 2524
1061 2523
1060 2522
1059 2522
1058 2521
1057 2521
1056 2520
1055 2519
1054 2518
1053 2518
1052 2518
1051 2517
1050 2516
1049 2516
1048 2515
1047 2515
1046 2514
1045 2514
1044 2513
1043 2513
1042 2513
1041 2513
1040 2513
1039 2513
1038 2513
1037 2513
1036 2513
1035 2513
