953 2921
952 2922
951 2922
950 2922
949 2922
948 2923
947 2923
946 2923
945 2923
944 2924
943 2924
942 2924
941 2924
940 2925
939 2926
938 2926
937 2926
936 2927
935 2927
934 2927
933 2927
932 2928
931 2928
930 2928
929 2928
928 2929
927 2929
926 2929
925 2929
924 2929
923 2929
922 2929
921 2929
920 2929
919 2929
918 2929
917 2929
916 2929
915 2929
914 2929
913 2929
912 2929
911 2929
910 2930
909 2930
908 2931
907 2932
906 2933
905 2934
904 2935
904 2936
903 2937
902 2938
901 2938
900 2939
899 2940
898 2940
897 2940
896 2941
895 2942
894 2943
893 2944
892 2944
892 2945
891 2946
890 2946
890 2947
889 2948
888 2948
888 2949
887 2950
886 2950
886 2951
885 2952
884 2953
884 2954
883 2955
883 2956
883 2957
883 2958
883 2959
883 2960
883 2961
883 2962
883 2963
883 2964
883 2965
883 2966
883 2967
883 2968
883 2969
883 2970
883 2971
883 2972
884 2973
884 2974
884 2975
884 2976
885 2977
885 2978
885 2979
885 2980
884 2981
884 2982
883 2983
882 2984
882 2985
881 2986
880 2986
880 2987
879 2988
878 2989
877 2990
876 2991
876 2992
875 2993
874 2994
874 2995
873 2996
872 2996
872 2997
871 2998
870 2998
870 2999
869 3000
868 3000
868 3001
867 3002
866 3003
865 3004
864 3005
864 3006
863 3007
862 3008
862 3009
861 3010
860 3010
860 3011
859 3012
858 3013
858 3014
857 3015
857 3016
857 3017
857 3018
856 3019
856 3020
855 3021
854 3022
854 3023
853 3024
852 3024
852 3025
851 3026
850 3026
850 3027
849 3028
848 3028
848 3029
847 3030
846 3030
846 3031
845 3032
844 3033
843 3034
842 3035
842 3036
841 3037
840 3038
840 3039
839 3040
838 3040
838 3041
837 3042
836 3042
835 3043
834 3044
833 3044
832 3045
831 3046
830 3047
829 3048
828 3049
827 3050
826 3051
826 3052
826 3053
825 3054
824 3055
824 3056
824 3057
823 3058
822 3059
822 3060
822 3061
822 3062
821 3063
821 3064
821 3065
821 3066
821 3067
821 3068
820 3069
820 3070
820 3071
820 3072
819 3073
819 3074
819 3075
819 3076
819 3077
819 3078
819 3079
819 3080
819 3081
819 3082
819 3083
819 3084
819 3085
819 3086
819 3087
819 3088
819 3089
819 3090
819 3091
819 3092
820 3093
820 3094
820 3095
820 3096
821 3097
821 3098
821 3099
821 3100
821 3101
821 3102
821 3103
821 3104
821 3105
821 3106
821 3107
821 3108
821 3109
821 3110
820 3111
820 3112
820 3113
820 3114
819 3115
819 3116
819 3117
819 3118
819 3119
819 3120
820 3121
820 3122
820 3123
820 3124
821 3125
822 3126
823 3127
823 3128
824 3129
824 3130
825 3131
825 3132
825 3133
825 3134
825 3135
825 3136
825 3137
825 3138
825 3139
825 3140
825 3141
825 3142
825 3143
825 3144
825 3145
825 3146
825 3147
825 3148
825 3149
825 3150
825 3151
825 3152
825 3153
825 3154
825 3155
825 3156
825 3157
825 3158
825 3159
825 3160
825 3161
825 3162
825 3163
825 3164
825 3165
825 3166
825 3167
825 3168
826 3169
826 3170
826 3171
826 3172
827 3173
827 3174
827 3175
827 3176
827 3177
827 3178
827 3179
827 3180
827 3181
827 3182
828 3183
828 3184
828 3185
828 3186
829 3187
829 3188
829 3189
829 3190
829 3191
829 3192
830 3193
830 3194
831 3195
832 3196
833 3197
834 3197
835 3197
836 3198
837 3199
838 3199
839 3199
840 3199
841 3200
842 3200
843 3201
844 3201
845 3201
846 3202
847 3203
848 3203
849 3204
850 3204
851 3205
852 3205
853 3206
854 3206
855 3206
856 3206
857 3206
858 3206
859 3205
860 3205
861 3205
862 3205
863 3204
864 3204
865 3204
866 3204
867 3204
868 3204
869 3204
870 3204
871 3204
872 3204
873 3204
874 3204
875 3204
876 3204
877 3203
878 3203
879 3203
880 3203
881 3202
882 3201
883 3200
884 3199
885 3199
885 3198
886 3197
887 3197
888 3196
889 3195
890 3195
891 3194
892 3193
893 3193
894 3193
895 3192
896 3191
897 3190
898 3189
899 3189
900 3188
901 3187
902 3187
903 3186
904 3185
905 3184
906 3183
907 3183
907 3182
908 3181
909 3181
909 3180
910 3179
911 3178
912 3177
913 3176
913 3175
914 3174
915 3173
916 3173
917 3172
918 3172
919 3172
920 3172
921 3173
922 3173
923 3174
924 3174
925 3175
926 3176
927 3177
928 3177
929 3177
930 3178
931 3179
932 3179
933 3179
934 3180
935 3181
936 3181
937 3181
938 3181
939 3182
940 3182
941 3183
942 3183
943 3184
944 3184
945 3185
946 3186
947 3187
948 3187
949 3188
950 3188
951 3189
952 3189
953 3190
954 3190
955 3191
956 3191
957 3191
958 3192
959 3193
960 3193
961 3193
962 3193
963 3194
964 3194
965 3195
966 3195
967 3195
968 3196
969 3197
970 3197
971 3197
972 3198
973 3199
974 3199
975 3199
976 3200
977 3201
978 3201
979 3201
980 3202
981 3203
982 3203
983 3203
984 3204
985 3205
986 3205
987 3205
988 3205
989 3206
990 3206
991 3206
992 3206
993 3207
994 3207
995 3207
996 3207
997 3208
998 3208
999 3208
1000 3208
1001 3208
1002 3208
1003 3208
1004 3208
1005 3209
1006 3209
1007 3209
1008 3209
1009 3210
1010 3210
1011 3211
1012 3211
1013 3211
1014 3212
1015 3213
1016 3213
1017 3213
1018 3213
1019 3214
1020 3214
1021 3214
1022 3214
1023 3214
1024 3214
1025 3215
1026 3215
1027 3215
1028 3215
1029 3216
1030 3216
1031 3216
1032 3216
1033 3216
1034 3216
1035 3216
1036 3216
1037 3216
1038 3216
1039 3216
1040 3216
1041 3216
1042 3216
1043 3216
1044 3216
1045 3216
1046 3216
1047 3215
1048 3215
1049 3214
1050 3213
1051 3213
1052 3212
1053 3211
1054 3211
1055 3210
1056 3209
1057 3208
1058 3207
1059 3206
1060 3205
1061 3204
1061 3203
1062 3202
1063 3201
1063 3200
1064 3199
1065 3199
1065 3198
1066 3197
1067 3197
1067 3196
1068 3195
1069 3195
1069 3194
1070 3193
1071 3193
1072 3192
1073 3191
1074 3191
1075 3190
1076 3189
1077 3188
1078 3188
1079 3187
1080 3187
1081 3186
1082 3185
1083 3185
1084 3185
1085 3184
1086 3183
1087 3182
1088 3182
1089 3181
1090 3181
1091 3180
1092 3179
1093 3179
1094 3179
1095 3178
1096 3178
1097 3177
1098 3177
1099 3177
1100 3177
1101 3176
1102 3175
1103 3175
1104 3175
1105 3174
1106 3173
1107 3172
1108 3171
1109 3171
1109 3170
1110 3169
1111 3169
1111 3168
1112 3167
1113 3167
1113 3166
1114 3165
1115 3165
1115 3164
1116 3163
1117 3163
1117 3162
1118 3161
1119 3161
1119 3160
1120 3159
1121 3159
1121 3158
1122 3157
1123 3157
1123 3156
1124 3155
1125 3155
1125 3154
1126 3153
1127 3153
1128 3152
1129 3151
1130 3151
1131 3150
1132 3150
1133 3150
1134 3150
1135 3149
1136 3149
1137 3149
1138 3149
1139 3148
1140 3148
1141 3148
1142 3148
1143 3147
1144 3147
1145 3147
1146 3147
1147 3146
1148 3146
1149 3146
1150 3146
1151 3145
1152 3145
1153 3145
1154 3145
1155 3144
1156 3143
1157 3143
1158 3143
1159 3142
1160 3141
1161 3140
1162 3139
1163 3138
1163 3137
1164 3136
1164 3135
1164 3134
1164 3133
1165 3132
1165 3131
1166 3130
1167 3129
1167 3128
1168 3127
1169 3127
1169 3126
1170 3125
1171 3125
1172 3124
1173 3123
1174 3123
1175 3122
1176 3121
1177 3120
1178 3119
1179 3119
1180 3118
1181 3117
1182 3117
1183 3116
1184 3115
1185 3114
1186 3114
1187 3113
1188 3113
1189 3112
1190 3111
1191 3110
1192 3110
1193 3109
1194 3109
1195 3108
1196 3107
1197 3106
1198 3105
1199 3104
1199 3103
1200 3102
1200 3101
1200 3100
1200 3099
1201 3098
1201 3097
1201 3096
1202 3095
1203 3094
1203 3093
1204 3092
1204 3091
1205 3090
1206 3089
1207 3088
1207 3087
1207 3086
1207 3085
1208 3084
1208 3083
1208 3082
1208 3081
1208 3080
1208 3079
1208 3078
1208 3077
1208 3076
1208 3075
1208 3074
1208 3073
1207 3072
1207 3071
1206 3070
1205 3069
1205 3068
1204 3068
1203 3067
1203 3066
1202 3065
1201 3064
1201 3063
1200 3062
1199 3061
1199 3060
1199 3059
1198 3058
1197 3057
1197 3056
1197 3055
1196 3054
1195 3053
1194 3052
1193 3051
1193 3050
1192 3050
1191 3049
1190 3048
1189 3048
1188 3047
1187 3047
1186 3047
1185 3047
1184 3047
1183 3047
1182 3046
1181 3046
1180 3045
1179 3044
1178 3044
1177 3043
1176 3042
1175 3042
1174 3041
1173 3041
1172 3040
1171 3040
1170 3040
1169 3039
1168 3038
1167 3038
1166 3037
1165 3036
1165 3035
1164 3034
1163 3033
1163 3032
1163 3031
1162 3030
1161 3029
1160 3028
1159 3027
1159 3026
1158 3026
1157 3025
1157 3024
1156 3024
1155 3023
1154 3022
1153 3021
1152 3020
1151 3020
1150 3019
1149 3018
1148 3018
1147 3017
1146 3016
1145 3015
1144 3014
1143 3014
1142 3014
1141 3013
1140 3012
1139 3012
1138 3011
1137 3011
1136 3010
1135 3009
1134 3008
1133 3008
1132 3008
1131 3007
1130 3006
1129 3006
1128 3006
1127 3005
1126 3004
1125 3004
1124 3004
1123 3003
1122 3002
1121 3002
1120 3002
1119 3001
1118 3000
1117 3000
1116 3000
1115 3000
1114 2999
1113 2999
1112 2998
1111 2998
1110 2998
1109 2998
1108 2997
1107 2997
1106 2996
1105 2996
1104 2995
1103 2994
1102 2994
1101 2993
1101 2992
1100 2992
1099 2991
1098 2990
1097 2989
1096 2988
1095 2988
1094 2987
1093 2987
1092 2986
1091 2985
1090 2984
1089 2984
1088 2984
1087 2983
1086 2982
1085 2982
1084 2981
1083 2981
1082 2980
1081 2979
1080 2978
1079 2978
1078 2977
1077 2976
1076 2976
1075 2975
1075 2974
1074 2974
1073 2973
1073 2972
1072 2972
1071 2971
1071 2970
1070 2970
1069 2969
1069 2968
1068 2968
1067 2967
1067 2966
1066 2966
1065 2965
1065 2964
1064 2964
1063 2963
1063 2962
1062 2962
1061 2961
1060 2960
1059 2959
1058 2958
1057 2958
1056 2957
1055 2956
1054 2956
1053 2955
1052 2954
1051 2953
1050 2952
1049 2952
1048 2951
1047 2951
1046 2950
1045 2950
1044 2949
1043 2949
1042 2949
1041 2949
1040 2948
1039 2948
1038 2948
1037 2948
1036 2947
1035 2947
1034 2946
1033 2946
1032 2946
1031 2946
1030 2945
1029 2945
1028 2944
1027 2944
1026 2943
1025 2943
1024 2942
1023 2942
1022 2941
1021 2941
1020 2941
1019 2941
1018 2940
1017 2940
1016 2940
1015 2940
1014 2939
1013 2939
1012 2938
1011 2938
1010 2938
1009 2938
1008 2937
1007 2937
1006 2936
1005 2936
1004 2935
1003 2935
1002 2934
1001 2933
1000 2932
999 2932
998 2932
997 2932
996 2931
995 2931
994 2930
993 2930
992 2930
991 2930
990 2929
989 2929
988 2928
987 2928
986 2928
985 2927
984 2926
983 2926
982 2926
981 2925
980 2924
979 2924
978 2923
977 2923
976 2922
975 2922
974 2921
973 2921
972 2921
971 2921
970 2921
969 2921
968 2921
967 2921
966 2921
965 2921
964 2921
963 2921
962 2921
961 2921
960 2921
959 2921
958 2921
957 2921
956 2921
955 2921
954 2921
953 2921
