2229 2257
2228 2258
2227 2258
2226 2258
2225 2258
2224 2259
2223 2259
2222 2260
2221 2260
2220 2260
2219 2261
2218 2262
2217 2263
2217 2264
2217 2265
2217 2266
2217 2267
2217 2268
2217 2269
2217 2270
2218 2271
2218 2272
2218 2273
2218 2274
2219 2275
2219 2276
2220 2277
2220 2278
2220 2279
2220 2280
2221 2281
2222 2282
2223 2283
2224 2284
2224 2285
2225 2286
2226 2287
2226 2288
2227 2289
2227 2290
2227 2291
2227 2292
2228 2293
2228 2294
2229 2295
2229 2296
2230 2297
2230 2298
2231 2299
2232 2300
2233 2301
2233 2302
2234 2303
2234 2304
2235 2305
2236 2306
2237 2307
2238 2308
2238 2309
2239 2309
2240 2310
2240 2311
2241 2312
2242 2313
2242 2314
2243 2315
2244 2316
2245 2317
2245 2318
2246 2319
2246 2320
2247 2321
2248 2322
2248 2323
2248 2324
2249 2325
2249 2326
2249 2327
2249 2328
2249 2329
2249 2330
2249 2331
2249 2332
2250 2333
2250 2334
2250 2335
2250 2336
2251 2337
2251 2338
2252 2339
2252 2340
2252 2341
2252 2342
2253 2343
2254 2344
2254 2345
2254 2346
2255 2347
2255 2348
2255 2349
2255 2350
2256 2351
2256 2352
2256 2353
2256 2354
2257 2355
2258 2356
2259 2357
2260 2358
2260 2359
2261 2360
2262 2361
2262 2362
2263 2363
2264 2364
2265 2365
2266 2366
2266 2367
2267 2367
2268 2368
2268 2369
2269 2369
2270 2370
2270 2371
2271 2371
2272 2372
2272 2373
2273 2373
2274 2374
2275 2375
2276 2376
2277 2377
2278 2377
2279 2377
2280 2378
2281 2379
2282 2379
2283 2379
2284 2380
2285 2381
2286 2381
2287 2381
2288 2382
2289 2383
2290 2383
2291 2383
2292 2384
2293 2385
2294 2385
2295 2385
2296 2385
2297 2386
2298 2386
2299 2386
2300 2386
2301 2387
2302 2387
2303 2387
2304 2387
2305 2388
2306 2388
2307 2388
2308 2388
2309 2388
2310 2388
2311 2388
2312 2388
2313 2389
2314 2389
2315 2389
2316 2389
2317 2390
2318 2390
2319 2391
2320 2391
2321 2391
2322 2392
2323 2393
2324 2393
2325 2394
2326 2394
2327 2395
2328 2395
2329 2396
2330 2396
2331 2396
2332 2396
2333 2397
2334 2397
2335 2397
2336 2397
2337 2398
2338 2398
2339 2398
2340 2398
2341 2399
2342 2399
2343 2400
2344 2401
2345 2401
2346 2402
2346 2403
2347 2403
2348 2404
2349 2405
2350 2405
2351 2406
2352 2406
2353 2406
2354 2406
2355 2406
2356 2406
2357 2406
2358 2406
2359 2407
2360 2407
2361 2407
2362 2407
2363 2408
2364 2408
2365 2408
2366 2408
2367 2408
2368 2408
2369 2408
2370 2408
2371 2408
2372 2408
2373 2408
2374 2408
2375 2408
2376 2408
2377 2407
2378 2407
2379 2406
2379 2405
2380 2404
2380 2403
2381 2402
2381 2401
2381 2400
2381 2399
2382 2398
2382 2397
2383 2396
2383 2395
2383 2394
2383 2393
2384 2392
2384 2391
2384 2390
2384 2389
2384 2388
2384 2387
2384 2386
2384 2385
2385 2384
2385 2383
2386 2382
2387 2381
2388 2381
2389 2381
2390 2381
2391 2381
2392 2381
2393 2382
2394 2382
2395 2382
2396 2382
2397 2382
2398 2382
2399 2381
2400 2381
2401 2381
2402 2381
2403 2380
2404 2380
2405 2380
2406 2380
2407 2379
2408 2379
2409 2379
2410 2379
2411 2378
2412 2378
2413 2378
2414 2378
2415 2378
2416 2378
2417 2377
2418 2377
2419 2376
2420 2376
2421 2375
2422 2375
2423 2374
2424 2374
2425 2374
2426 2374
2427 2374
2428 2374
2429 2374
2430 2374
2431 2373
2432 2373
2433 2373
2434 2373
2435 2372
2436 2372
2437 2372
2438 2372
2439 2371
2440 2371
2441 2370
2442 2369
2443 2369
2443 2368
2444 2367
2445 2367
2445 2366
2446 2365
2447 2364
2448 2363
2449 2362
2449 2361
2449 2360
2450 2359
2451 2358
2451 2357
2451 2356
2451 2355
2452 2354
2452 2353
2452 2352
2452 2351
2451 2350
2451 2349
2450 2348
2449 2347
2449 2346
2448 2345
2447 2344
2447 2343
2446 2342
2445 2341
2445 2340
2445 2339
2444 2338
2444 2337
2444 2336
2444 2335
2444 2334
2444 2333
2444 2332
2444 2331
2444 2330
2444 2329
2443 2328
2443 2327
2443 2326
2443 2325
2442 2324
2442 2323
2442 2322
2442 2321
2442 2320
2442 2319
2442 2318
2442 2317
2442 2316
2442 2315
2442 2314
2442 2313
2443 2312
2443 2311
2443 2310
2443 2309
2444 2308
2444 2307
2443 2306
2443 2305
2442 2304
2441 2303
2440 2302
2439 2302
2438 2301
2437 2301
2436 2301
2435 2301
2434 2300
2433 2300
2432 2300
2431 2299
2430 2298
2429 2298
2428 2297
2427 2297
2426 2296
2425 2295
2424 2294
2423 2294
2422 2293
2421 2292
2420 2292
2419 2291
2419 2290
2418 2290
2417 2289
2417 2288
2416 2288
2415 2287
2415 2286
2414 2286
2413 2285
2412 2284
2411 2283
2410 2282
2409 2282
2408 2282
2407 2282
2406 2281
2405 2281
2404 2281
2403 2281
2402 2281
2401 2281
2400 2281
2399 2281
2398 2281
2397 2281
2396 2282
2395 2282
2394 2282
2393 2282
2392 2283
2391 2283
2390 2283
2389 2283
2388 2283
2387 2283
2386 2284
2385 2284
2384 2284
2383 2284
2382 2285
2381 2285
2380 2284
2379 2284
2378 2284
2377 2284
2376 2283
2375 2283
2374 2282
2373 2282
2372 2282
2371 2282
2370 2281
2369 2281
2368 2281
2367 2281
2366 2281
2365 2281
2364 2281
2363 2281
2362 2281
2361 2281
2360 2281
2359 2281
2358 2281
2357 2281
2356 2281
2355 2281
2354 2280
2353 2280
2352 2280
2351 2280
2350 2279
2349 2279
2348 2279
2347 2279
2346 2279
2345 2279
2344 2278
2343 2278
2342 2278
2341 2277
2340 2276
2339 2276
2338 2276
2337 2276
2336 2275
2335 2275
2334 2274
2333 2274
2332 2274
2331 2274
2330 2273
2329 2273
2328 2273
2327 2273
2326 2272
2325 2272
2324 2272
2323 2272
2322 2271
2321 2271
2320 2272
2319 2272
2318 2272
2317 2272
2316 2273
2315 2273
2314 2273
2313 2273
2312 2273
2311 2273
2310 2273
2309 2273
2308 2272
2307 2272
2306 2272
2305 2272
2304 2271
2303 2271
2302 2272
2301 2272
2300 2273
2299 2273
2298 2274
2297 2274
2296 2275
2295 2275
2294 2275
2293 2275
2292 2275
2291 2275
2290 2275
2289 2275
2288 2274
2287 2274
2286 2274
2285 2274
2284 2273
2283 2273
2282 2273
2281 2273
2280 2273
2279 2273
2278 2273
2277 2273
2276 2273
2275 2273
2274 2273
2273 2273
2272 2273
2271 2273
2270 2273
2269 2273
2268 2272
2267 2272
2266 2272
2265 2271
2264 2270
2263 2270
2262 2270
2261 2269
2260 2268
2259 2268
2258 2268
2257 2268
2256 2267
2255 2267
2254 2266
2253 2266
2252 2265
2251 2265
2250 2264
2249 2263
2248 2262
2247 2262
2246 2262
2245 2262
2244 2261
2243 2261
2242 2261
2241 2261
2240 2261
2239 2261
2238 2260
2237 2260
2236 2259
2235 2259
2234 2258
2233 2258
2232 2257
2231 2257
2230 2257
2229 2257
