1113 1967
1112 1968
1111 1968
1110 1968
1109 1968
1108 1969
1107 1969
1106 1969
1105 1969
1104 1970
1103 1970
1102 1971
1101 1971
1100 1972
1099 1972
1098 1973
1097 1973
1096 1973
1095 1973
1094 1973
1093 1973
1092 1973
1091 1973
1090 1974
1089 1974
1088 1974
1087 1974
1086 1975
1085 1975
1084 1976
1083 1976
1082 1977
1081 1977
1080 1978
1079 1978
1078 1979
1077 1979
1076 1980
1075 1980
1074 1980
1073 1980
1072 1981
1071 1982
1070 1983
1069 1984
1068 1984
1067 1985
1066 1986
1065 1986
1064 1987
1063 1987
1062 1987
1061 1987
1060 1987
1059 1987
1058 1987
1057 1987
1056 1987
1055 1987
1054 1988
1053 1988
1052 1988
1051 1988
1050 1989
1049 1990
1048 1991
1047 1991
1046 1992
1045 1992
1044 1993
1043 1993
1042 1993
1041 1993
1040 1993
1039 1993
1038 1994
1037 1994
1036 1994
1035 1994
1034 1995
1033 1995
1032 1996
1031 1996
1030 1996
1029 1996
1028 1997
1027 1997
1026 1997
1025 1997
1024 1998
1023 1998
1022 1998
1021 1998
1020 1999
1019 2000
1018 2000
1017 2000
1016 2001
1015 2001
1014 2001
1013 2001
1012 2002
1011 2002
1010 2002
1009 2002
1008 2003
1007 2003
1006 2003
1005 2003
1004 2003
1003 2003
1002 2004
1001 2004
1000 2004
999 2004
998 2005
997 2006
996 2006
995 2006
994 2007
993 2007
992 2007
991 2007
990 2007
989 2007
988 2008
987 2008
986 2008
985 2008
984 2009
983 2009
982 2010
981 2010
980 2011
979 2011
978 2012
977 2012
976 2013
975 2013
974 2014
973 2014
972 2015
971 2016
970 2016
970 2017
969 2018
968 2018
968 2019
967 2020
966 2021
966 2022
965 2023
965 2024
965 2025
965 2026
966 2027
966 2028
966 2029
966 2030
967 2031
967 2032
967 2033
967 2034
967 2035
967 2036
966 2037
966 2038
966 2039
966 2040
965 2041
965 2042
966 2043
966 2044
967 2045
968 2045
969 2046
970 2046
971 2046
972 2046
973 2046
974 2046
975 2047
976 2047
977 2048
978 2049
979 2049
980 2050
981 2051
982 2051
983 2052
984 2052
985 2052
986 2052
987 2052
988 2052
989 2052
990 2052
991 2053
992 2053
993 2053
994 2053
995 2054
996 2054
997 2054
998 2054
999 2054
1000 2054
1001 2054
1002 2054
1003 2054
1004 2054
1005 2054
1006 2054
1007 2054
1008 2054
1009 2054
1010 2054
1011 2054
1012 2054
1013 2054
1014 2054
1015 2054
1016 2054
1017 2054
1018 2054
1019 2054
1020 2054
1021 2054
1022 2054
1023 2054
1024 2054
1025 2054
1026 2054
1027 2054
1028 2054
1029 2055
1030 2055
1031 2055
1032 2056
1033 2057
1034 2057
1035 2057
1036 2058
1037 2059
1038 2059
1039 2060
1040 2060
1041 2061
1042 2062
1043 2063
1044 2063
1045 2063
1046 2064
1047 2065
1048 2065
1049 2065
1050 2066
1051 2067
1052 2067
1053 2068
1054 2068
1055 2069
1056 2070
1057 2071
1058 2071
1059 2072
1060 2073
1061 2073
1062 2074
1062 2075
1063 2075
1064 2076
1065 2077
1066 2077
1067 2078
1068 2078
1069 2078
1070 2078
1071 2078
1072 2078
1073 2078
1074 2078
1075 2079
1076 2079
1077 2079
1078 2079
1079 2080
1080 2080
1081 2081
1082 2081
1083 2081
1084 2081
1085 2082
1086 2082
1087 2082
1088 2082
1089 2082
1090 2082
1091 2082
1092 2082
1093 2082
1094 2082
1095 2082
1096 2082
1097 2082
1098 2082
1099 2082
1100 2082
1101 2081
1102 2081
1103 2081
1104 2081
1105 2080
1106 2080
1107 2080
1108 2080
1109 2080
1110 2080
1111 2079
1112 2079
1113 2079
1114 2079
1115 2078
1116 2078
1117 2077
1118 2077
1119 2077
1120 2077
1121 2076
1122 2076
1123 2076
1124 2076
1125 2075
1126 2075
1127 2074
1128 2074
1129 2073
1130 2073
1131 2072
1132 2072
1133 2071
1134 2071
1135 2070
1136 2070
1137 2069
1138 2069
1139 2068
1140 2067
1141 2066
1141 2065
1142 2064
1142 2063
1143 2062
1143 2061
1144 2060
1145 2059
1146 2059
1147 2058
1148 2058
1149 2058
1150 2058
1151 2057
1152 2057
1153 2056
1154 2055
1155 2055
1155 2054
1156 2053
1157 2053
1157 2052
1158 2051
1159 2051
1159 2050
1160 2049
1161 2049
1161 2048
1162 2047
1163 2046
1163 2045
1164 2044
1164 2043
1164 2042
1164 2041
1165 2040
1165 2039
1165 2038
1165 2037
1166 2036
1166 2035
1166 2034
1166 2033
1166 2032
1166 2031
1166 2030
1166 2029
1166 2028
1166 2027
1166 2026
1166 2025
1166 2024
1166 2023
1166 2022
1166 2021
1166 2020
1166 2019
1166 2018
1166 2017
1166 2016
1166 2015
1166 2014
1166 2013
1166 2012
1166 2011
1166 2010
1166 2009
1165 2008
1165 2007
1165 2006
1165 2005
1164 2004
1163 2003
1162 2002
1161 2001
1161 2000
1160 2000
1159 1999
1158 1998
1157 1997
1156 1996
1155 1996
1154 1995
1153 1994
1152 1993
1151 1992
1151 1991
1150 1990
1149 1989
1148 1988
1147 1987
1147 1986
1146 1985
1145 1984
1145 1983
1144 1982
1143 1981
1143 1980
1143 1979
1142 1978
1141 1977
1141 1976
1141 1975
1140 1974
1139 1973
1138 1972
1137 1972
1136 1971
1135 1971
1134 1971
1133 1971
1132 1971
1131 1971
1130 1970
1129 1970
1128 1969
1127 1969
1126 1968
1125 1968
1124 1967
1123 1967
1122 1967
1121 1967
1120 1967
1119 1967
1118 1967
1117 1967
1116 1967
1115 1967
1114 1967
1113 1967
