2349 3893
2348 3894
2347 3894
2346 3894
2345 3894
2344 3895
2343 3895
2342 3896
2341 3896
2340 3896
2339 3896
2338 3897
2337 3897
2336 3897
2335 3897
2334 3898
2333 3898
2332 3898
2331 3898
2330 3899
2329 3899
2328 3899
2327 3899
2326 3900
2325 3900
2324 3901
2323 3901
2322 3902
2321 3902
2320 3903
2319 3903
2318 3904
2317 3904
2316 3904
2315 3904
2314 3905
2313 3905
2312 3905
2311 3905
2310 3906
2309 3906
2308 3906
2307 3906
2306 3907
2305 3907
2304 3906
2303 3906
2302 3906
2301 3906
2300 3905
2299 3905
2298 3905
2297 3905
2296 3904
2295 3904
2294 3903
2293 3903
2292 3902
2291 3902
2290 3901
2289 3901
2288 3901
2287 3901
2286 3901
2285 3901
2284 3901
2283 3901
2282 3901
2281 3901
2280 3900
2279 3900
2278 3900
2277 3900
2276 3899
2275 3899
2274 3899
2273 3899
2272 3899
2271 3899
2270 3899
2269 3899
2268 3899
2267 3899
2266 3899
2265 3899
2264 3899
2263 3899
2262 3900
2261 3900
2260 3900
2259 3900
2258 3901
2257 3901
2256 3901
2255 3901
2254 3901
2253 3901
2252 3902
2251 3902
2250 3902
2249 3902
2248 3903
2247 3903
2246 3903
2245 3903
2244 3903
2243 3903
2242 3903
2241 3903
2240 3904
2239 3904
2238 3904
2237 3904
2236 3905
2235 3905
2234 3905
2233 3905
2232 3905
2231 3905
2230 3906
2229 3906
2228 3906
2227 3906
2226 3907
2225 3908
2224 3908
2223 3908
2222 3909
2221 3909
2220 3910
2219 3910
2218 3910
2217 3910
2216 3911
2215 3911
2214 3911
2213 3911
2212 3911
2211 3911
2210 3912
2209 3912
2208 3912
2207 3912
2206 3913
2205 3913
2204 3913
2203 3913
2202 3914
2201 3914
2200 3914
2199 3914
2198 3915
2197 3915
2196 3915
2195 3915
2194 3915
2193 3915
2192 3915
2191 3915
2190 3916
2189 3916
2188 3916
2187 3916
2186 3917
2185 3917
2184 3917
2183 3917
2182 3917
2181 3917
2180 3917
2179 3917
2178 3917
2177 3917
2176 3917
2175 3917
2174 3917
2173 3917
2172 3917
2171 3917
2170 3917
2169 3917
2168 3917
2167 3917
2166 3917
2165 3917
2164 3917
2163 3917
2162 3917
2161 3917
2160 3917
2159 3917
2158 3917
2157 3917
2156 3917
2155 3917
2154 3917
2153 3917
2152 3917
2151 3917
2150 3917
2149 3917
2148 3918
2147 3918
2146 3918
2145 3918
2144 3919
2143 3919
2142 3919
2141 3919
2140 3919
2139 3919
2138 3919
2137 3919
2136 3920
2135 3920
2134 3920
2133 3920
2132 3921
2131 3921
2130 3921
2129 3921
2128 3922
2127 3922
2126 3922
2125 3922
2124 3923
2123 3924
2122 3924
2121 3924
2120 3925
2119 3926
2118 3927
2117 3928
2116 3928
2116 3929
2115 3930
2114 3930
2114 3931
2113 3932
2112 3932
2112 3933
2111 3934
2110 3935
2110 3936
2109 3937
2109 3938
2108 3939
2108 3940
2108 3941
2107 3942
2106 3943
2106 3944
2106 3945
2106 3946
2105 3947
2105 3948
2105 3949
2105 3950
2106 3951
2106 3952
2106 3953
2106 3954
2107 3955
2107 3956
2108 3957
2108 3958
2109 3959
2110 3960
2110 3961
2111 3961
2112 3962
2112 3963
2113 3963
2114 3964
2114 3965
2115 3965
2116 3966
2116 3967
2117 3967
2118 3968
2118 3969
2119 3969
2120 3970
2120 3971
2121 3971
2122 3972
2122 3973
2123 3973
2124 3974
2125 3975
2126 3976
2127 3977
2128 3977
2129 3978
2130 3979
2131 3980
2132 3981
2132 3982
2133 3983
2134 3984
2134 3985
2134 3986
2135 3987
2136 3988
2136 3989
2136 3990
2137 3991
2138 3992
2138 3993
2138 3994
2139 3995
2140 3996
2141 3997
2142 3998
2142 3999
2143 3999
2144 4000
2144 4001
2145 4001
2146 4002
2146 4003
2147 4003
2148 4004
2148 4005
2149 4005
2150 4006
2150 4007
2151 4007
2152 4008
2152 4009
2153 4009
2154 4010
2154 4011
2155 4011
2156 4012
2156 4013
2157 4013
2158 4014
2158 4015
2159 4015
2160 4016
2160 4017
2161 4017
2162 4018
2162 4019
2163 4019
2164 4020
2164 4021
2165 4021
2166 4022
2166 4023
2167 4024
2168 4025
2168 4026
2169 4027
2170 4028
2171 4029
2172 4030
2172 4031
2173 4032
2174 4033
2174 4034
2175 4035
2176 4036
2177 4037
2177 4038
2178 4039
2178 4040
2179 4041
2180 4042
2181 4043
2181 4044
2182 4045
2182 4046
2183 4047
2184 4048
2185 4049
2186 4050
2186 4051
2187 4052
2188 4053
2188 4054
2189 4055
2190 4056
2191 4057
2192 4058
2192 4059
2193 4060
2194 4061
2194 4062
2195 4063
2196 4064
2197 4065
2198 4066
2198 4067
2199 4067
2200 4068
2200 4069
2201 4069
2202 4070
2203 4071
2204 4071
2205 4072
2206 4072
2207 4072
2208 4072
2209 4073
2210 4073
2211 4073
2212 4074
2213 4075
2214 4075
2215 4075
2216 4075
2217 4076
2218 4076
2219 4076
2220 4076
2221 4076
2222 4076
2223 4076
2224 4076
2225 4076
2226 4076
2227 4076
2228 4076
2229 4076
2230 4076
2231 4076
2232 4076
2233 4075
2234 4075
2235 4075
2236 4075
2237 4074
2238 4074
2239 4074
2240 4074
2241 4074
2242 4074
2243 4073
2244 4073
2245 4073
2246 4073
2247 4072
2248 4072
2249 4072
2250 4072
2251 4072
2252 4072
2253 4072
2254 4072
2255 4072
2256 4072
2257 4072
2258 4072
2259 4072
2260 4072
2261 4072
2262 4072
2263 4072
2264 4072
2265 4072
2266 4072
2267 4073
2268 4073
2269 4073
2270 4073
2271 4074
2272 4074
2273 4074
2274 4074
2275 4074
2276 4074
2277 4074
2278 4074
2279 4074
2280 4074
2281 4075
2282 4075
2283 4075
2284 4075
2285 4076
2286 4076
2287 4076
2288 4076
2289 4076
2290 4076
2291 4076
2292 4076
2293 4075
2294 4075
2295 4075
2296 4075
2297 4074
2298 4074
2299 4073
2300 4073
2301 4072
2302 4071
2303 4071
2303 4070
2304 4069
2305 4069
2306 4068
2307 4067
2308 4067
2309 4066
2310 4066
2311 4065
2312 4065
2313 4064
2314 4064
2315 4063
2316 4063
2317 4062
2318 4061
2319 4061
2320 4061
2321 4060
2322 4059
2323 4059
2324 4059
2325 4058
2326 4058
2327 4058
2328 4058
2329 4057
2330 4057
2331 4056
2332 4055
2333 4055
2333 4054
2334 4053
2335 4053
2335 4052
2336 4051
2337 4051
2337 4050
2338 4049
2339 4049
2339 4048
2340 4047
2341 4047
2341 4046
2342 4045
2343 4045
2343 4044
2344 4043
2345 4042
2346 4041
2347 4040
2347 4039
2347 4038
2348 4037
2349 4036
2350 4035
2351 4034
2352 4033
2353 4032
2354 4031
2355 4031
2355 4030
2356 4029
2357 4029
2357 4028
2358 4027
2359 4026
2359 4025
2360 4024
2360 4023
2361 4022
2361 4021
2361 4020
2361 4019
2362 4018
2362 4017
2362 4016
2362 4015
2362 4014
2362 4013
2363 4012
2363 4011
2363 4010
2363 4009
2364 4008
2364 4007
2364 4006
2364 4005
2364 4004
2364 4003
2364 4002
2364 4001
2364 4000
2364 3999
2364 3998
2364 3997
2364 3996
2364 3995
2363 3994
2363 3993
2363 3992
2363 3991
2362 3990
2361 3989
2360 3988
2359 3987
2359 3986
2358 3985
2357 3984
2357 3983
2356 3982
2356 3981
2355 3980
2355 3979
2355 3978
2355 3977
2354 3976
2354 3975
2354 3974
2354 3973
2354 3972
2354 3971
2354 3970
2354 3969
2355 3968
2356 3968
2357 3967
2358 3967
2359 3968
2360 3968
2361 3967
2362 3967
2363 3967
2364 3967
2365 3966
2366 3965
2367 3964
2368 3963
2369 3963
2370 3962
2371 3961
2372 3961
2373 3960
2374 3959
2375 3958
2376 3957
2377 3957
2377 3956
2378 3955
2379 3954
2380 3953
2381 3952
2381 3951
2381 3950
2381 3949
2382 3948
2382 3947
2382 3946
2382 3945
2382 3944
2382 3943
2382 3942
2382 3941
2382 3940
2382 3939
2382 3938
2382 3937
2382 3936
2382 3935
2382 3934
2382 3933
2382 3932
2382 3931
2382 3930
2382 3929
2382 3928
2382 3927
2382 3926
2382 3925
2382 3924
2382 3923
2382 3922
2382 3921
2381 3920
2381 3919
2380 3918
2379 3917
2379 3916
2378 3915
2377 3914
2377 3913
2376 3912
2376 3911
2375 3910
2375 3909
2374 3908
2373 3907
2373 3906
2372 3906
2371 3905
2371 3904
2370 3904
2369 3903
2368 3902
2367 3902
2366 3901
2365 3901
2364 3900
2363 3900
2362 3899
2361 3898
2360 3898
2359 3897
2359 3896
2358 3896
2357 3895
2356 3894
2355 3894
2354 3893
2353 3893
2352 3893
2351 3893
2350 3893
2349 3893
