1227 1295
1226 1296
1225 1296
1224 1296
1223 1296
1222 1297
1221 1297
1220 1297
1219 1297
1218 1298
1217 1298
1216 1299
1215 1300
1214 1300
1214 1301
1213 1302
1212 1302
1211 1303
1210 1304
1209 1304
1208 1305
1207 1305
1206 1306
1205 1306
1204 1306
1203 1306
1202 1307
1201 1307
1200 1308
1199 1308
1198 1309
1197 1309
1196 1310
1195 1310
1194 1311
1193 1311
1192 1311
1191 1311
1190 1311
1189 1311
1188 1311
1187 1311
1186 1311
1185 1311
1184 1311
1183 1311
1182 1311
1181 1311
1180 1311
1179 1311
1178 1311
1177 1311
1176 1312
1175 1312
1174 1312
1173 1312
1172 1313
1171 1313
1170 1313
1169 1313
1168 1314
1167 1314
1166 1314
1165 1314
1164 1315
1163 1315
1162 1315
1161 1315
1160 1315
1159 1315
1158 1315
1157 1315
1156 1315
1155 1315
1154 1315
1153 1315
1152 1315
1151 1315
1150 1315
1149 1315
1148 1315
1147 1315
1146 1316
1145 1316
1144 1316
1143 1316
1142 1317
1141 1317
1140 1316
1139 1316
1138 1316
1137 1316
1136 1315
1135 1315
1134 1315
1133 1315
1132 1315
1131 1315
1130 1315
1129 1315
1128 1315
1127 1315
1126 1315
1125 1315
1124 1316
1123 1316
1122 1317
1121 1318
1120 1318
1120 1319
1119 1320
1118 1320
1118 1321
1117 1322
1116 1322
1116 1323
1115 1324
1114 1324
1114 1325
1113 1326
1112 1327
1112 1328
1111 1329
1111 1330
1111 1331
1111 1332
1111 1333
1111 1334
1112 1335
1112 1336
1113 1337
1114 1338
1114 1339
1115 1339
1116 1340
1116 1341
1117 1341
1118 1342
1118 1343
1119 1343
1120 1344
1121 1345
1122 1346
1123 1347
1124 1347
1125 1347
1126 1348
1127 1349
1128 1349
1129 1350
1130 1351
1131 1351
1132 1352
1132 1353
1133 1353
1134 1354
1134 1355
1135 1356
1136 1357
1136 1358
1137 1359
1138 1360
1139 1361
1140 1362
1140 1363
1141 1363
1142 1364
1142 1365
1143 1365
1144 1366
1144 1367
1145 1367
1146 1368
1146 1369
1147 1369
1148 1370
1149 1371
1150 1372
1151 1373
1152 1373
1153 1373
1154 1373
1155 1374
1156 1374
1157 1375
1158 1375
1159 1376
1160 1376
1161 1377
1162 1377
1163 1378
1164 1378
1165 1378
1166 1378
1167 1379
1168 1379
1169 1379
1170 1379
1171 1380
1172 1380
1173 1380
1174 1380
1175 1380
1176 1380
1177 1380
1178 1380
1179 1379
1180 1379
1181 1379
1182 1379
1183 1378
1184 1378
1185 1378
1186 1378
1187 1378
1188 1378
1189 1379
1190 1379
1191 1380
1192 1381
1193 1381
1194 1382
1195 1383
1196 1384
1197 1385
1198 1385
1199 1385
1200 1385
1201 1386
1202 1386
1203 1386
1204 1386
1205 1386
1206 1386
1207 1386
1208 1386
1209 1386
1210 1386
1211 1386
1212 1386
1213 1386
1214 1386
1215 1386
1216 1386
1217 1386
1218 1386
1219 1386
1220 1386
1221 1385
1222 1385
1223 1385
1224 1385
1225 1385
1226 1385
1227 1386
1228 1386
1229 1387
1230 1388
1231 1389
1232 1389
1233 1389
1234 1389
1235 1390
1236 1390
1237 1390
1238 1390
1239 1390
1240 1390
1241 1390
1242 1390
1243 1390
1244 1390
1245 1390
1246 1390
1247 1391
1248 1391
1249 1391
1250 1391
1251 1392
1252 1392
1253 1392
1254 1392
1255 1392
1256 1392
1257 1393
1258 1393
1259 1393
1260 1393
1261 1394
1262 1394
1263 1394
1264 1394
1265 1394
1266 1394
1267 1394
1268 1394
1269 1394
1270 1394
1271 1394
1272 1394
1273 1394
1274 1394
1275 1394
1276 1394
1277 1394
1278 1394
1279 1394
1280 1394
1281 1394
1282 1394
1283 1394
1284 1394
1285 1394
1286 1394
1287 1394
1288 1394
1289 1394
1290 1394
1291 1393
1292 1393
1293 1393
1294 1393
1295 1392
1296 1391
1297 1391
1298 1391
1299 1390
1300 1390
1301 1389
1302 1389
1303 1389
1304 1389
1305 1388
1306 1388
1307 1387
1308 1387
1309 1387
1310 1387
1311 1386
1312 1385
1313 1384
1314 1383
1315 1383
1315 1382
1316 1381
1317 1381
1317 1380
1318 1379
1319 1379
1319 1378
1320 1377
1321 1376
1321 1375
1322 1374
1322 1373
1323 1372
1323 1371
1323 1370
1324 1369
1325 1368
1325 1367
1326 1366
1326 1365
1327 1364
1327 1363
1328 1362
1328 1361
1329 1360
1329 1359
1329 1358
1329 1357
1330 1356
1330 1355
1330 1354
1330 1353
1330 1352
1330 1351
1330 1350
1330 1349
1330 1348
1330 1347
1330 1346
1330 1345
1330 1344
1330 1343
1330 1342
1330 1341
1330 1340
1330 1339
1330 1338
1330 1337
1330 1336
1330 1335
1330 1334
1330 1333
1330 1332
1330 1331
1330 1330
1330 1329
1330 1328
1330 1327
1330 1326
1330 1325
1330 1324
1330 1323
1330 1322
1330 1321
1330 1320
1330 1319
1330 1318
1330 1317
1330 1316
1330 1315
1329 1314
1329 1313
1328 1312
1327 1311
1326 1310
1325 1310
1324 1309
1323 1308
1322 1308
1321 1307
1321 1306
1320 1306
1319 1305
1318 1304
1317 1304
1316 1303
1315 1303
1314 1303
1313 1303
1312 1302
1311 1302
1310 1301
1309 1301
1308 1300
1307 1300
1306 1299
1305 1299
1304 1299
1303 1299
1302 1298
1301 1298
1300 1297
1299 1297
1298 1296
1297 1296
1296 1295
1295 1295
1294 1295
1293 1295
1292 1295
1291 1295
1290 1295
1289 1295
1288 1295
1287 1295
1286 1295
1285 1295
1284 1296
1283 1296
1282 1296
1281 1296
1280 1297
1279 1297
1278 1297
1277 1297
1276 1297
1275 1297
1274 1297
1273 1297
1272 1297
1271 1297
1270 1297
1269 1297
1268 1297
1267 1297
1266 1297
1265 1297
1264 1297
1263 1297
1262 1297
1261 1297
1260 1297
1259 1297
1258 1297
1257 1297
1256 1297
1255 1297
1254 1297
1253 1297
1252 1297
1251 1297
1250 1297
1249 1297
1248 1296
1247 1296
1246 1296
1245 1296
1244 1295
1243 1295
1242 1295
1241 1295
1240 1295
1239 1295
1238 1295
1237 1295
1236 1295
1235 1295
1234 1295
1233 1295
1232 1295
1231 1295
1230 1295
1229 1295
1228 1295
1227 1295
