2117 3479
2116 3480
2115 3480
2114 3480
2113 3480
2112 3481
2111 3481
2110 3481
2109 3481
2108 3481
2107 3481
2106 3481
2105 3481
2104 3481
2103 3481
2102 3481
2101 3481
2100 3481
2099 3481
2098 3481
2097 3481
2096 3482
2095 3482
2094 3482
2093 3482
2092 3483
2091 3483
2090 3484
2089 3484
2088 3485
2087 3486
2086 3487
2086 3488
2085 3489
2085 3490
2085 3491
2085 3492
2085 3493
2085 3494
2085 3495
2085 3496
2085 3497
2085 3498
2085 3499
2085 3500
2085 3501
2085 3502
2085 3503
2085 3504
2084 3505
2084 3506
2084 3507
2084 3508
2083 3509
2083 3510
2082 3511
2082 3512
2082 3513
2081 3514
2080 3515
2080 3516
2080 3517
2080 3518
2079 3519
2079 3520
2079 3521
2079 3522
2080 3523
2080 3524
2081 3525
2082 3526
2082 3527
2083 3528
2084 3529
2084 3530
2085 3531
2086 3532
2086 3533
2086 3534
2087 3535
2088 3536
2089 3537
2089 3538
2090 3539
2090 3540
2091 3541
2092 3542
2092 3543
2092 3544
2093 3545
2093 3546
2094 3547
2094 3548
2094 3549
2094 3550
2095 3551
2095 3552
2096 3553
2096 3554
2097 3555
2097 3556
2098 3557
2098 3558
2099 3559
2100 3560
2101 3561
2101 3562
2102 3563
2102 3564
2103 3565
2104 3566
2105 3567
2106 3568
2106 3569
2107 3569
2108 3570
2108 3571
2109 3572
2110 3573
2110 3574
2111 3575
2112 3576
2112 3577
2112 3578
2113 3579
2113 3580
2113 3581
2113 3582
2114 3583
2114 3584
2115 3585
2116 3586
2116 3587
2117 3587
2118 3588
2119 3589
2120 3590
2121 3591
2122 3591
2123 3592
2124 3593
2125 3594
2126 3595
2126 3596
2127 3597
2127 3598
2128 3599
2128 3600
2129 3601
2129 3602
2130 3603
2130 3604
2131 3605
2131 3606
2132 3607
2132 3608
2132 3609
2132 3610
2133 3611
2133 3612
2133 3613
2133 3614
2134 3615
2134 3616
2135 3617
2135 3618
2136 3619
2136 3620
2137 3621
2138 3622
2138 3623
2138 3624
2139 3625
2139 3626
2140 3627
2140 3628
2141 3629
2142 3630
2142 3631
2143 3632
2144 3633
2144 3634
2145 3635
2145 3636
2145 3637
2145 3638
2145 3639
2145 3640
2145 3641
2145 3642
2146 3643
2146 3644
2147 3645
2148 3646
2148 3647
2149 3647
2150 3648
2150 3649
2151 3650
2152 3651
2152 3652
2153 3653
2153 3654
2153 3655
2153 3656
2153 3657
2153 3658
2154 3659
2154 3660
2155 3661
2155 3662
2156 3663
2156 3664
2157 3665
2158 3666
2159 3667
2160 3668
2160 3669
2161 3670
2162 3671
2162 3672
2163 3673
2163 3674
2163 3675
2163 3676
2164 3677
2164 3678
2165 3679
2165 3680
2166 3681
2166 3682
2167 3683
2168 3684
2169 3685
2170 3686
2170 3687
2171 3687
2172 3688
2172 3689
2173 3689
2174 3690
2174 3691
2175 3691
2176 3692
2176 3693
2177 3694
2178 3695
2178 3696
2179 3697
2180 3698
2181 3699
2182 3700
2182 3701
2183 3701
2184 3702
2184 3703
2185 3703
2186 3704
2187 3705
2188 3705
2189 3706
2190 3706
2191 3706
2192 3706
2193 3706
2194 3706
2195 3706
2196 3706
2197 3706
2198 3706
2199 3706
2200 3706
2201 3705
2202 3705
2203 3705
2204 3705
2205 3704
2206 3704
2207 3704
2208 3704
2209 3703
2210 3703
2211 3703
2212 3703
2213 3702
2214 3702
2215 3702
2216 3702
2217 3702
2218 3702
2219 3702
2220 3702
2221 3702
2222 3702
2223 3701
2224 3701
2225 3701
2226 3701
2227 3700
2228 3700
2229 3700
2230 3700
2231 3700
2232 3700
2233 3701
2234 3701
2235 3702
2236 3702
2237 3703
2238 3703
2239 3704
2240 3704
2241 3705
2242 3705
2243 3705
2244 3705
2245 3706
2246 3706
2247 3706
2248 3706
2249 3706
2250 3706
2251 3706
2252 3706
2253 3707
2254 3707
2255 3707
2256 3708
2257 3709
2258 3709
2259 3709
2260 3709
2261 3710
2262 3710
2263 3710
2264 3710
2265 3710
2266 3710
2267 3710
2268 3710
2269 3710
2270 3710
2271 3710
2272 3710
2273 3710
2274 3710
2275 3710
2276 3710
2277 3709
2278 3709
2279 3709
2280 3709
2281 3708
2282 3708
2283 3708
2284 3708
2285 3708
2286 3708
2287 3708
2288 3708
2289 3708
2290 3708
2291 3708
2292 3708
2293 3708
2294 3708
2295 3707
2296 3707
2297 3707
2298 3707
2299 3706
2300 3706
2301 3706
2302 3706
2303 3706
2304 3706
2305 3706
2306 3706
2307 3706
2308 3706
2309 3706
2310 3706
2311 3706
2312 3706
2313 3706
2314 3706
2315 3706
2316 3706
2317 3706
2318 3706
2319 3706
2320 3706
2321 3706
2322 3706
2323 3706
2324 3706
2325 3706
2326 3706
2327 3706
2328 3706
2329 3706
2330 3706
2331 3706
2332 3706
2333 3706
2334 3706
2335 3706
2336 3706
2337 3706
2338 3706
2339 3706
2340 3706
2341 3705
2342 3705
2343 3705
2344 3705
2345 3704
2346 3704
2347 3704
2348 3704
2349 3704
2350 3704
2351 3704
2352 3704
2353 3704
2354 3704
2355 3704
2356 3704
2357 3704
2358 3704
2359 3704
2360 3704
2361 3704
2362 3704
2363 3704
2364 3704
2365 3704
2366 3704
2367 3704
2368 3704
2369 3704
2370 3704
2371 3704
2372 3704
2373 3704
2374 3704
2375 3704
2376 3704
2377 3704
2378 3704
2379 3704
2380 3704
2381 3703
2382 3703
2383 3702
2384 3702
2385 3701
2386 3701
2387 3700
2388 3700
2389 3700
2390 3700
2391 3700
2392 3700
2393 3699
2394 3699
2395 3699
2396 3699
2397 3698
2398 3698
2399 3698
2400 3698
2401 3698
2402 3698
2403 3697
2404 3697
2405 3696
2406 3696
2407 3695
2408 3695
2409 3694
2410 3694
2411 3693
2412 3693
2413 3692
2414 3692
2415 3691
2416 3691
2417 3690
2418 3690
2419 3689
2420 3689
2421 3688
2422 3687
2423 3687
2423 3686
2424 3685
2425 3685
2425 3684
2426 3683
2427 3683
2428 3682
2429 3681
2430 3681
2431 3680
2432 3679
2433 3678
2434 3677
2435 3677
2435 3676
2436 3675
2437 3675
2438 3674
2439 3673
2440 3673
2441 3672
2442 3671
2443 3670
2444 3669
2445 3669
2445 3668
2446 3667
2447 3667
2447 3666
2448 3665
2449 3664
2450 3663
2451 3662
2451 3661
2451 3660
2451 3659
2452 3658
2452 3657
2453 3656
2453 3655
2453 3654
2454 3653
2455 3652
2455 3651
2455 3650
2455 3649
2456 3648
2456 3647
2457 3646
2457 3645
2458 3644
2458 3643
2459 3642
2460 3641
2461 3640
2461 3639
2461 3638
2461 3637
2462 3636
2462 3635
2463 3634
2463 3633
2463 3632
2463 3631
2464 3630
2464 3629
2464 3628
2464 3627
2464 3626
2464 3625
2464 3624
2464 3623
2464 3622
2464 3621
2465 3620
2465 3619
2465 3618
2465 3617
2466 3616
2466 3615
2467 3614
2467 3613
2467 3612
2467 3611
2468 3610
2468 3609
2468 3608
2468 3607
2468 3606
2468 3605
2468 3604
2468 3603
2468 3602
2468 3601
2468 3600
2468 3599
2467 3598
2467 3597
2467 3596
2467 3595
2466 3594
2466 3593
2465 3592
2465 3591
2464 3590
2464 3589
2463 3588
2463 3587
2462 3586
2462 3585
2462 3584
2462 3583
2462 3582
2462 3581
2462 3580
2462 3579
2462 3578
2462 3577
2461 3576
2461 3575
2461 3574
2461 3573
2460 3572
2460 3571
2460 3570
2460 3569
2459 3568
2459 3567
2459 3566
2459 3565
2458 3564
2458 3563
2458 3562
2458 3561
2458 3560
2458 3559
2457 3558
2457 3557
2457 3556
2457 3555
2456 3554
2456 3553
2456 3552
2456 3551
2456 3550
2456 3549
2456 3548
2456 3547
2455 3546
2455 3545
2455 3544
2455 3543
2454 3542
2454 3541
2454 3540
2454 3539
2453 3538
2453 3537
2453 3536
2453 3535
2452 3534
2452 3533
2451 3532
2451 3531
2450 3530
2449 3529
2449 3528
2448 3528
2447 3527
2447 3526
2446 3526
2445 3525
2445 3524
2444 3524
2443 3523
2443 3522
2442 3522
2441 3521
2440 3520
2439 3519
2438 3518
2437 3518
2436 3518
2435 3517
2434 3516
2433 3516
2432 3515
2431 3514
2430 3514
2429 3513
2429 3512
2428 3512
2427 3511
2426 3510
2425 3509
2424 3508
2423 3508
2422 3508
2421 3507
2420 3506
2419 3506
2418 3506
2417 3506
2416 3505
2415 3505
2414 3504
2413 3504
2412 3503
2411 3503
2410 3502
2409 3502
2408 3501
2407 3501
2406 3501
2405 3501
2404 3501
2403 3501
2402 3500
2401 3500
2400 3500
2399 3500
2398 3499
2397 3499
2396 3499
2395 3499
2394 3498
2393 3498
2392 3498
2391 3498
2390 3497
2389 3497
2388 3497
2387 3497
2386 3496
2385 3496
2384 3496
2383 3496
2382 3495
2381 3495
2380 3495
2379 3495
2378 3495
2377 3495
2376 3495
2375 3495
2374 3495
2373 3495
2372 3494
2371 3494
2370 3494
2369 3494
2368 3493
2367 3493
2366 3493
2365 3493
2364 3493
2363 3493
2362 3493
2361 3493
2360 3493
2359 3493
2358 3493
2357 3493
2356 3493
2355 3493
2354 3493
2353 3493
2352 3493
2351 3493
2350 3493
2349 3493
2348 3493
2347 3493
2346 3493
2345 3493
2344 3494
2343 3494
2342 3494
2341 3494
2340 3495
2339 3495
2338 3495
2337 3495
2336 3495
2335 3495
2334 3495
2333 3495
2332 3495
2331 3495
2330 3495
2329 3495
2328 3496
2327 3496
2326 3496
2325 3496
2324 3497
2323 3497
2322 3497
2321 3497
2320 3497
2319 3497
2318 3497
2317 3497
2316 3497
2315 3497
2314 3497
2313 3497
2312 3497
2311 3497
2310 3497
2309 3497
2308 3497
2307 3497
2306 3497
2305 3497
2304 3497
2303 3497
2302 3497
2301 3497
2300 3497
2299 3497
2298 3497
2297 3497
2296 3497
2295 3497
2294 3497
2293 3497
2292 3497
2291 3497
2290 3497
2289 3497
2288 3497
2287 3497
2286 3497
2285 3497
2284 3497
2283 3497
2282 3497
2281 3497
2280 3497
2279 3497
2278 3497
2277 3497
2276 3497
2275 3497
2274 3497
2273 3497
2272 3497
2271 3497
2270 3497
2269 3497
2268 3497
2267 3497
2266 3497
2265 3497
2264 3497
2263 3497
2262 3497
2261 3497
2260 3497
2259 3497
2258 3497
2257 3497
2256 3497
2255 3497
2254 3497
2253 3497
2252 3497
2251 3497
2250 3497
2249 3497
2248 3497
2247 3497
2246 3497
2245 3497
2244 3497
2243 3497
2242 3497
2241 3497
2240 3497
2239 3497
2238 3497
2237 3497
2236 3497
2235 3497
2234 3497
2233 3497
2232 3497
2231 3497
2230 3496
2229 3496
2228 3496
2227 3495
2226 3494
2225 3494
2224 3494
2223 3493
2222 3492
2221 3492
2220 3491
2219 3491
2218 3490
2217 3490
2216 3489
2215 3489
2214 3489
2213 3489
2212 3489
2211 3489
2210 3489
2209 3489
2208 3489
2207 3489
2206 3489
2205 3489
2204 3489
2203 3489
2202 3489
2201 3489
2200 3488
2199 3488
2198 3488
2197 3487
2196 3486
2195 3486
2194 3485
2193 3485
2192 3484
2191 3484
2190 3483
2189 3483
2188 3483
2187 3483
2186 3483
2185 3483
2184 3483
2183 3483
2182 3482
2181 3482
2180 3482
2179 3482
2178 3481
2177 3481
2176 3481
2175 3481
2174 3481
2173 3481
2172 3481
2171 3481
2170 3481
2169 3481
2168 3481
2167 3481
2166 3481
2165 3481
2164 3480
2163 3480
2162 3480
2161 3480
2160 3479
2159 3479
2158 3479
2157 3479
2156 3479
2155 3479
2154 3479
2153 3479
2152 3479
2151 3479
2150 3479
2149 3479
2148 3479
2147 3479
2146 3479
2145 3479
2144 3479
2143 3479
2142 3479
2141 3479
2140 3479
2139 3479
2138 3479
2137 3479
2136 3479
2135 3479
2134 3479
2133 3479
2132 3479
2131 3479
2130 3479
2129 3479
2128 3479
2127 3479
2126 3479
2125 3479
2124 3479
2123 3479
2122 3479
2121 3479
2120 3479
2119 3479
2118 3479
2117 3479
