1039 1791
1038 1792
1037 1792
1036 1792
1035 1792
1034 1793
1033 1793
1032 1793
1031 1793
1030 1793
1029 1793
1028 1793
1027 1793
1026 1793
1025 1793
1024 1793
1023 1793
1022 1793
1021 1793
1020 1793
1019 1793
1018 1793
1017 1793
1016 1793
1015 1793
1014 1793
1013 1793
1012 1793
1011 1793
1010 1793
1009 1793
1008 1793
1007 1793
1006 1793
1005 1793
1004 1793
1003 1793
1002 1793
1001 1793
1000 1793
999 1793
998 1794
997 1794
996 1795
995 1795
994 1796
993 1796
992 1797
991 1797
990 1797
989 1797
988 1797
987 1797
986 1797
985 1797
984 1797
983 1797
982 1797
981 1797
980 1797
979 1797
978 1797
977 1797
976 1797
975 1797
974 1797
973 1797
972 1797
971 1797
970 1797
969 1797
968 1797
967 1797
966 1797
965 1797
964 1797
963 1797
962 1797
961 1797
960 1797
959 1797
958 1797
957 1797
956 1797
955 1797
954 1797
953 1797
952 1797
951 1797
950 1797
949 1797
948 1798
947 1798
946 1799
945 1799
944 1800
943 1800
942 1801
941 1801
940 1801
939 1801
938 1801
937 1801
936 1801
935 1801
934 1801
933 1801
932 1801
931 1801
930 1801
929 1801
928 1801
927 1801
926 1801
925 1801
924 1801
923 1801
922 1801
921 1801
920 1802
919 1802
918 1802
917 1802
916 1803
915 1803
914 1803
913 1803
912 1804
911 1804
910 1805
909 1805
908 1806
907 1806
906 1807
905 1807
904 1807
903 1807
902 1808
901 1808
900 1808
899 1808
898 1809
897 1809
896 1810
895 1810
894 1811
893 1812
892 1812
892 1813
891 1814
890 1814
890 1815
889 1816
888 1816
887 1817
886 1818
885 1818
884 1819
883 1819
882 1820
881 1820
880 1820
879 1820
878 1821
877 1822
876 1822
875 1822
874 1823
873 1823
872 1824
871 1824
870 1824
869 1824
868 1825
867 1825
866 1825
865 1825
864 1826
863 1826
862 1827
861 1827
860 1828
859 1828
858 1829
857 1830
856 1831
855 1831
854 1832
853 1832
852 1833
851 1833
850 1834
849 1834
848 1834
847 1834
846 1835
845 1836
844 1836
843 1836
842 1837
841 1838
840 1838
839 1838
838 1839
837 1839
836 1840
835 1840
834 1841
834 1842
833 1843
833 1844
832 1845
831 1846
830 1847
829 1848
828 1849
827 1850
826 1851
825 1852
824 1853
824 1854
824 1855
823 1856
822 1857
822 1858
822 1859
821 1860
820 1861
820 1862
819 1863
818 1864
818 1865
817 1866
816 1866
815 1867
814 1868
813 1868
812 1869
811 1869
810 1870
809 1870
808 1870
807 1870
806 1871
805 1872
804 1873
803 1873
802 1874
801 1874
800 1875
799 1875
798 1875
797 1875
796 1876
795 1876
794 1876
793 1876
792 1877
791 1877
790 1877
789 1877
788 1876
787 1876
786 1876
785 1876
784 1875
783 1875
782 1875
781 1875
780 1875
779 1875
778 1876
777 1876
776 1877
775 1877
774 1878
773 1878
772 1879
771 1880
770 1881
769 1882
768 1882
768 1883
767 1884
766 1884
765 1885
764 1886
763 1886
762 1887
761 1888
760 1889
759 1890
758 1890
757 1891
756 1892
755 1892
754 1893
753 1894
752 1895
751 1896
750 1896
750 1897
749 1898
748 1898
748 1899
747 1900
746 1900
746 1901
745 1902
744 1902
744 1903
743 1904
742 1904
742 1905
741 1906
740 1906
740 1907
739 1908
738 1908
738 1909
737 1910
736 1910
735 1911
734 1912
733 1912
732 1913
731 1914
730 1914
729 1914
728 1915
727 1916
726 1916
725 1916
724 1917
723 1918
722 1919
721 1919
720 1920
719 1920
718 1921
717 1922
716 1923
715 1923
714 1924
713 1924
712 1925
711 1926
710 1927
709 1928
708 1928
708 1929
707 1930
706 1930
706 1931
705 1932
704 1932
704 1933
703 1934
702 1934
702 1935
701 1936
700 1937
700 1938
699 1939
699 1940
699 1941
699 1942
699 1943
699 1944
699 1945
699 1946
699 1947
699 1948
699 1949
699 1950
699 1951
699 1952
699 1953
699 1954
699 1955
699 1956
699 1957
699 1958
700 1959
700 1960
700 1961
700 1962
701 1963
701 1964
701 1965
701 1966
701 1967
701 1968
702 1969
702 1970
702 1971
702 1972
703 1973
704 1974
705 1975
706 1976
706 1977
707 1977
708 1978
708 1979
709 1979
710 1980
710 1981
711 1981
712 1982
712 1983
713 1983
714 1984
714 1985
715 1985
716 1986
716 1987
717 1987
718 1988
718 1989
719 1989
720 1990
720 1991
721 1991
722 1992
722 1993
723 1993
724 1994
724 1995
725 1995
726 1996
726 1997
727 1997
728 1998
728 1999
729 1999
730 2000
730 2001
731 2001
732 2002
732 2003
733 2003
734 2004
734 2005
735 2005
736 2006
736 2007
737 2007
738 2008
739 2009
740 2010
741 2011
742 2011
743 2012
744 2013
745 2013
746 2014
746 2015
747 2015
748 2016
748 2017
749 2017
750 2018
751 2019
752 2019
753 2020
754 2020
755 2020
756 2020
757 2020
758 2020
759 2020
760 2020
761 2020
762 2020
763 2020
764 2020
765 2020
766 2020
767 2020
768 2020
769 2020
770 2020
771 2020
772 2020
773 2020
774 2020
775 2020
776 2020
777 2020
778 2020
779 2020
780 2020
781 2020
782 2020
783 2020
784 2020
785 2020
786 2020
787 2020
788 2020
789 2020
790 2020
791 2019
792 2019
793 2019
794 2019
795 2018
796 2018
797 2018
798 2018
799 2018
800 2018
801 2018
802 2018
803 2019
804 2019
805 2019
806 2019
807 2020
808 2020
809 2020
810 2020
811 2020
812 2020
813 2020
814 2020
815 2021
816 2021
817 2021
818 2021
819 2022
820 2022
821 2022
822 2022
823 2022
824 2022
825 2022
826 2022
827 2023
828 2023
829 2023
830 2023
831 2024
832 2024
833 2024
834 2024
835 2024
836 2024
837 2024
838 2024
839 2025
840 2025
841 2025
842 2025
843 2026
844 2026
845 2026
846 2026
847 2026
848 2026
849 2026
850 2026
851 2027
852 2027
853 2027
854 2027
855 2028
856 2028
857 2029
858 2029
859 2029
860 2029
861 2030
862 2030
863 2030
864 2030
865 2031
866 2031
867 2031
868 2031
869 2032
870 2032
871 2033
872 2033
873 2033
874 2033
875 2034
876 2034
877 2034
878 2034
879 2035
880 2035
881 2035
882 2036
883 2037
884 2037
885 2037
886 2038
887 2039
888 2039
889 2039
890 2039
891 2040
892 2040
893 2041
894 2041
895 2041
896 2041
897 2042
898 2042
899 2043
900 2043
901 2043
902 2043
903 2044
904 2044
905 2045
906 2045
907 2045
908 2046
909 2047
910 2047
911 2047
912 2048
913 2049
914 2049
915 2049
916 2050
917 2051
918 2051
919 2051
920 2052
921 2053
922 2053
923 2053
924 2054
925 2055
926 2055
927 2055
928 2056
929 2057
930 2057
931 2057
932 2058
933 2059
934 2059
935 2059
936 2059
937 2060
938 2060
939 2060
940 2060
941 2061
942 2061
943 2061
944 2061
945 2062
946 2062
947 2063
948 2063
949 2064
950 2065
951 2065
952 2066
953 2067
954 2068
955 2069
956 2069
957 2069
958 2069
959 2070
960 2070
961 2071
962 2071
963 2071
964 2072
965 2073
966 2073
967 2073
968 2074
969 2075
970 2075
971 2075
972 2075
973 2076
974 2076
975 2077
976 2077
977 2077
978 2078
979 2079
980 2079
981 2079
982 2080
983 2081
984 2081
985 2081
986 2081
987 2082
988 2082
989 2083
990 2083
991 2083
992 2084
993 2085
994 2085
995 2085
996 2086
997 2087
998 2087
999 2087
1000 2087
1001 2088
1002 2088
1003 2088
1004 2088
1005 2088
1006 2088
1007 2088
1008 2088
1009 2088
1010 2088
1011 2088
1012 2088
1013 2088
1014 2088
1015 2089
1016 2089
1017 2089
1018 2089
1019 2090
1020 2090
1021 2090
1022 2090
1023 2090
1024 2090
1025 2090
1026 2090
1027 2090
1028 2090
1029 2090
1030 2090
1031 2090
1032 2090
1033 2090
1034 2090
1035 2090
1036 2090
1037 2090
1038 2090
1039 2090
1040 2090
1041 2090
1042 2090
1043 2090
1044 2090
1045 2090
1046 2090
1047 2089
1048 2089
1049 2088
1050 2087
1051 2087
1051 2086
1052 2085
1053 2085
1053 2084
1054 2083
1055 2083
1055 2082
1056 2081
1057 2081
1057 2080
1058 2079
1059 2079
1059 2078
1060 2077
1061 2077
1061 2076
1062 2075
1063 2075
1063 2074
1064 2073
1065 2073
1066 2072
1067 2071
1068 2071
1069 2070
1070 2069
1071 2068
1072 2067
1073 2067
1073 2066
1074 2065
1075 2065
1075 2064
1076 2063
1077 2063
1078 2062
1079 2061
1080 2061
1081 2060
1082 2060
1083 2060
1084 2060
1085 2060
1086 2060
1087 2060
1088 2060
1089 2060
1090 2060
1091 2059
1092 2059
1093 2058
1094 2058
1095 2057
1096 2057
1097 2056
1098 2055
1099 2055
1100 2055
1101 2054
1102 2054
1103 2054
1104 2054
1105 2054
1106 2054
1107 2054
1108 2054
1109 2054
1110 2054
1111 2054
1112 2054
1113 2054
1114 2054
1115 2054
1116 2054
1117 2054
1118 2054
1119 2054
1120 2054
1121 2054
1122 2054
1123 2054
1124 2054
1125 2054
1126 2054
1127 2054
1128 2054
1129 2054
1130 2054
1131 2054
1132 2054
1133 2054
1134 2054
1135 2054
1136 2054
1137 2054
1138 2054
1139 2054
1140 2054
1141 2054
1142 2054
1143 2054
1144 2054
1145 2054
1146 2054
1147 2053
1148 2053
1149 2053
1150 2053
1151 2052
1152 2051
1153 2051
1154 2051
1155 2050
1156 2049
1157 2048
1158 2048
1159 2047
1160 2047
1161 2046
1162 2046
1163 2046
1164 2046
1165 2046
1166 2046
1167 2046
1168 2046
1169 2046
1170 2046
1171 2046
1172 2046
1173 2046
1174 2046
1175 2045
1176 2045
1177 2045
1178 2045
1179 2044
1180 2044
1181 2044
1182 2044
1183 2044
1184 2044
1185 2044
1186 2044
1187 2044
1188 2044
1189 2043
1190 2043
1191 2043
1192 2043
1193 2042
1194 2042
1195 2042
1196 2042
1197 2042
1198 2042
1199 2042
1200 2042
1201 2042
1202 2042
1203 2042
1204 2042
1205 2042
1206 2042
1207 2041
1208 2041
1209 2041
1210 2041
1211 2040
1212 2039
1213 2039
1214 2039
1215 2038
1216 2038
1217 2038
1218 2038
1219 2038
1220 2038
1221 2037
1222 2037
1223 2037
1224 2037
1225 2036
1226 2035
1227 2034
1228 2033
1229 2033
1229 2032
1230 2031
1231 2031
1231 2030
1232 2029
1233 2029
1234 2028
1235 2027
1236 2027
1237 2026
1238 2026
1239 2025
1240 2025
1241 2025
1242 2025
1243 2024
1244 2024
1245 2024
1246 2024
1247 2024
1248 2024
1249 2023
1250 2023
1251 2022
1252 2021
1253 2021
1254 2020
1255 2019
1256 2019
1257 2018
1258 2018
1259 2017
1260 2017
1261 2017
1262 2017
1263 2016
1264 2016
1265 2016
1266 2016
1267 2016
1268 2016
1269 2016
1270 2016
1271 2016
1272 2016
1273 2015
1274 2015
1275 2014
1276 2013
1277 2012
1277 2011
1278 2010
1278 2009
1279 2008
1279 2007
1279 2006
1279 2005
1280 2004
1280 2003
1281 2002
1281 2001
1281 2000
1281 1999
1282 1998
1282 1997
1283 1996
1283 1995
1283 1994
1283 1993
1284 1992
1284 1991
1284 1990
1284 1989
1284 1988
1284 1987
1284 1986
1284 1985
1284 1984
1284 1983
1285 1982
1285 1981
1285 1980
1286 1979
1287 1978
1287 1977
1287 1976
1288 1975
1289 1974
1289 1973
1289 1972
1290 1971
1291 1970
1291 1969
1291 1968
1291 1967
1292 1966
1292 1965
1293 1964
1293 1963
1293 1962
1293 1961
1294 1960
1294 1959
1295 1958
1295 1957
1295 1956
1296 1955
1297 1954
1297 1953
1297 1952
1298 1951
1299 1950
1299 1949
1299 1948
1300 1947
1301 1946
1301 1945
1301 1944
1302 1943
1303 1942
1303 1941
1303 1940
1303 1939
1304 1938
1304 1937
1304 1936
1304 1935
1304 1934
1304 1933
1304 1932
1304 1931
1304 1930
1304 1929
1304 1928
1304 1927
1305 1926
1305 1925
1306 1924
1306 1923
1307 1922
1307 1921
1308 1920
1308 1919
1308 1918
1308 1917
1309 1916
1309 1915
1309 1914
1309 1913
1310 1912
1310 1911
1310 1910
1310 1909
1310 1908
1310 1907
1310 1906
1310 1905
1310 1904
1310 1903
1310 1902
1310 1901
1311 1900
1311 1899
1311 1898
1311 1897
1312 1896
1312 1895
1312 1894
1312 1893
1311 1892
1311 1891
1310 1890
1309 1889
1308 1888
1307 1888
1306 1887
1305 1887
1304 1886
1303 1886
1302 1886
1301 1886
1300 1885
1299 1885
1298 1885
1297 1885
1296 1885
1295 1885
1294 1884
1293 1884
1292 1884
1291 1884
1290 1883
1289 1883
1288 1882
1287 1882
1286 1882
1285 1882
1284 1881
1283 1881
1282 1881
1281 1881
1280 1881
1279 1881
1278 1880
1277 1880
1276 1880
1275 1880
1274 1879
1273 1879
1272 1878
1271 1878
1270 1878
1269 1878
1268 1877
1267 1877
1266 1876
1265 1876
1264 1876
1263 1876
1262 1875
1261 1875
1260 1875
1259 1875
1258 1874
1257 1874
1256 1874
1255 1873
1254 1872
1253 1872
1252 1872
1251 1872
1250 1871
1249 1871
1248 1871
1247 1871
1246 1871
1245 1871
1244 1871
1243 1871
1242 1871
1241 1871
1240 1871
1239 1871
1238 1871
1237 1871
1236 1871
1235 1871
1234 1870
1233 1870
1232 1870
1231 1869
1230 1868
1229 1868
1228 1867
1227 1866
1226 1866
1225 1865
1225 1864
1224 1864
1223 1863
1223 1862
1222 1862
1221 1861
1220 1860
1219 1860
1218 1859
1217 1859
1216 1859
1215 1859
1214 1859
1213 1859
1212 1858
1211 1858
1210 1857
1209 1857
1208 1856
1207 1855
1206 1854
1205 1854
1204 1853
1203 1853
1202 1852
1201 1851
1200 1850
1199 1850
1198 1850
1197 1850
1196 1849
1195 1849
1194 1848
1193 1848
1192 1848
1191 1848
1190 1847
1189 1847
1188 1846
1187 1846
1186 1846
1185 1845
1184 1844
1183 1844
1182 1844
1181 1844
1180 1843
1179 1843
1178 1843
1177 1843
1176 1843
1175 1843
1174 1843
1173 1843
1172 1843
1171 1843
1170 1843
1169 1843
1168 1842
1167 1842
1166 1842
1165 1842
1164 1841
1163 1841
1162 1841
1161 1841
1160 1840
1159 1840
1158 1839
1157 1838
1156 1838
1155 1837
1154 1836
1153 1835
1152 1834
1151 1834
1150 1833
1149 1833
1148 1832
1147 1831
1146 1830
1145 1830
1144 1830
1143 1830
1142 1829
1141 1829
1140 1828
1139 1828
1138 1827
1137 1826
1136 1826
1135 1825
1134 1824
1133 1824
1132 1823
1131 1823
1130 1822
1129 1822
1128 1821
1127 1820
1126 1820
1125 1819
1125 1818
1124 1818
1123 1817
1122 1816
1121 1815
1120 1814
1119 1814
1118 1814
1117 1813
1116 1812
1115 1812
1114 1811
1113 1811
1112 1810
1111 1809
1110 1808
1109 1808
1108 1807
1107 1807
1106 1806
1105 1805
1104 1804
1103 1804
1102 1804
1101 1803
1100 1802
1099 1802
1098 1802
1097 1801
1096 1800
1095 1800
1094 1799
1093 1799
1092 1798
1091 1798
1090 1797
1089 1797
1088 1797
1087 1797
1086 1797
1085 1797
1084 1797
1083 1797
1082 1796
1081 1796
1080 1796
1079 1795
1078 1794
1077 1794
1076 1794
1075 1794
1074 1793
1073 1793
1072 1793
1071 1793
1070 1793
1069 1793
1068 1793
1067 1793
1066 1792
1065 1792
1064 1792
1063 1792
1062 1791
1061 1791
1060 1791
1059 1791
1058 1791
1057 1791
1056 1791
1055 1791
1054 1791
1053 1791
1052 1791
1051 1791
1050 1791
1049 1791
1048 1791
1047 1791
1046 1791
1045 1791
1044 1791
1043 1791
1042 1791
1041 1791
1040 1791
1039 1791
