1077 3755
1076 3756
1075 3756
1074 3756
1073 3756
1072 3757
1071 3757
1070 3757
1069 3757
1068 3757
1067 3757
1066 3757
1065 3757
1064 3758
1063 3758
1062 3758
1061 3758
1060 3759
1059 3759
1058 3759
1057 3759
1056 3759
1055 3759
1054 3759
1053 3759
1052 3759
1051 3759
1050 3759
1049 3759
1048 3759
1047 3759
1046 3759
1045 3759
1044 3759
1043 3759
1042 3759
1041 3759
1040 3759
1039 3759
1038 3759
1037 3759
1036 3759
1035 3759
1034 3759
1033 3759
1032 3759
1031 3759
1030 3759
1029 3759
1028 3759
1027 3759
1026 3759
1025 3759
1024 3759
1023 3759
1022 3759
1021 3759
1020 3759
1019 3759
1018 3759
1017 3759
1016 3760
1015 3760
1014 3760
1013 3760
1012 3761
1011 3761
1010 3762
1009 3762
1008 3762
1007 3762
1006 3763
1005 3764
1004 3765
1004 3766
1003 3767
1003 3768
1003 3769
1003 3770
1003 3771
1003 3772
1003 3773
1003 3774
1004 3775
1004 3776
1005 3777
1006 3778
1006 3779
1007 3779
1008 3780
1008 3781
1009 3781
1010 3782
1010 3783
1011 3783
1012 3784
1012 3785
1013 3785
1014 3786
1014 3787
1015 3788
1016 3789
1016 3790
1017 3791
1018 3792
1019 3793
1020 3794
1020 3795
1021 3795
1022 3796
1022 3797
1023 3797
1024 3798
1024 3799
1025 3799
1026 3800
1026 3801
1027 3802
1028 3803
1028 3804
1029 3805
1030 3806
1031 3807
1032 3808
1032 3809
1033 3809
1034 3810
1034 3811
1035 3811
1036 3812
1036 3813
1037 3813
1038 3814
1038 3815
1039 3815
1040 3816
1041 3817
1042 3817
1043 3818
1044 3818
1045 3818
1046 3818
1047 3818
1048 3818
1049 3818
1050 3818
1051 3818
1052 3818
1053 3818
1054 3818
1055 3818
1056 3818
1057 3818
1058 3818
1059 3818
1060 3818
1061 3818
1062 3818
1063 3818
1064 3818
1065 3818
1066 3818
1067 3819
1068 3819
1069 3819
1070 3819
1071 3820
1072 3820
1073 3820
1074 3820
1075 3820
1076 3820
1077 3820
1078 3820
1079 3820
1080 3820
1081 3820
1082 3820
1083 3820
1084 3820
1085 3821
1086 3821
1087 3821
1088 3821
1089 3822
1090 3822
1091 3823
1092 3823
1093 3823
1094 3823
1095 3824
1096 3824
1097 3824
1098 3824
1099 3824
1100 3824
1101 3824
1102 3824
1103 3823
1104 3823
1105 3823
1106 3823
1107 3822
1108 3822
1109 3823
1110 3823
1111 3823
1112 3823
1113 3824
1114 3824
1115 3824
1116 3824
1117 3823
1118 3823
1119 3823
1120 3823
1121 3822
1122 3822
1123 3821
1124 3821
1125 3820
1126 3819
1127 3819
1127 3818
1128 3817
1129 3817
1129 3816
1130 3815
1131 3815
1131 3814
1132 3813
1133 3813
1133 3812
1134 3811
1135 3811
1136 3810
1137 3809
1138 3809
1139 3808
1140 3807
1141 3806
1142 3805
1143 3804
1143 3803
1144 3802
1144 3801
1144 3800
1144 3799
1144 3798
1144 3797
1144 3796
1144 3795
1144 3794
1144 3793
1145 3792
1145 3791
1146 3790
1146 3789
1147 3788
1147 3787
1147 3786
1147 3785
1147 3784
1147 3783
1146 3782
1145 3781
1144 3780
1143 3779
1143 3778
1142 3777
1141 3776
1141 3775
1140 3774
1140 3773
1140 3772
1140 3771
1139 3770
1139 3769
1138 3768
1137 3768
1136 3767
1135 3767
1134 3766
1133 3766
1132 3765
1131 3764
1131 3763
1130 3762
1129 3761
1128 3760
1127 3760
1126 3759
1125 3759
1124 3759
1123 3759
1122 3759
1121 3759
1120 3759
1119 3759
1118 3759
1117 3759
1116 3758
1115 3758
1114 3758
1113 3758
1112 3757
1111 3757
1110 3757
1109 3757
1108 3756
1107 3756
1106 3756
1105 3756
1104 3755
1103 3755
1102 3755
1101 3755
1100 3755
1099 3755
1098 3755
1097 3755
1096 3755
1095 3755
1094 3755
1093 3755
1092 3755
1091 3755
1090 3755
1089 3755
1088 3755
1087 3755
1086 3755
1085 3755
1084 3755
1083 3755
1082 3755
1081 3755
1080 3755
1079 3755
1078 3755
1077 3755
