2237 2131
2236 2132
2235 2132
2234 2132
2233 2132
2232 2133
2231 2133
2230 2134
2229 2134
2228 2134
2227 2134
2226 2135
2225 2135
2224 2135
2223 2135
2222 2135
2221 2135
2220 2135
2219 2135
2218 2135
2217 2135
2216 2135
2215 2135
2214 2135
2213 2135
2212 2135
2211 2135
2210 2135
2209 2135
2208 2135
2207 2135
2206 2135
2205 2135
2204 2136
2203 2136
2202 2137
2201 2138
2200 2139
2199 2140
2198 2141
2198 2142
2198 2143
2198 2144
2197 2145
2197 2146
2196 2147
2196 2148
2195 2149
2194 2150
2194 2151
2193 2152
2192 2152
2192 2153
2191 2154
2190 2154
2189 2155
2188 2156
2187 2156
2186 2157
2185 2157
2184 2157
2183 2157
2182 2158
2181 2158
2180 2159
2179 2160
2178 2160
2177 2161
2176 2162
2175 2162
2174 2163
2173 2164
2172 2165
2171 2166
2170 2166
2170 2167
2169 2168
2168 2168
2168 2169
2167 2170
2166 2170
2166 2171
2165 2172
2164 2173
2163 2174
2162 2175
2162 2176
2161 2177
2160 2178
2160 2179
2159 2180
2158 2181
2157 2182
2156 2183
2156 2184
2155 2185
2154 2186
2153 2186
2152 2187
2151 2188
2150 2188
2149 2188
2148 2189
2147 2189
2146 2189
2145 2189
2144 2189
2143 2189
2142 2189
2141 2189
2140 2189
2139 2189
2138 2188
2137 2188
2136 2188
2135 2188
2134 2187
2133 2187
2132 2188
2131 2188
2130 2188
2129 2188
2128 2189
2127 2190
2126 2191
2125 2191
2124 2192
2123 2192
2122 2193
2121 2193
2120 2192
2119 2192
2118 2191
2117 2191
2116 2190
2115 2190
2114 2189
2113 2189
2112 2190
2111 2190
2110 2190
2109 2190
2108 2191
2107 2191
2106 2191
2105 2191
2104 2191
2103 2191
2102 2192
2101 2192
2100 2192
2099 2192
2098 2193
2097 2193
2096 2193
2095 2193
2094 2194
2093 2194
2092 2194
2091 2194
2090 2195
2089 2196
2088 2197
2087 2198
2086 2198
2086 2199
2085 2200
2084 2200
2083 2201
2082 2202
2081 2202
2080 2203
2079 2204
2078 2205
2077 2206
2076 2206
2076 2207
2075 2208
2074 2209
2073 2210
2072 2211
2072 2212
2071 2213
2071 2214
2070 2215
2070 2216
2069 2217
2069 2218
2069 2219
2069 2220
2069 2221
2069 2222
2070 2223
2070 2224
2070 2225
2070 2226
2071 2227
2071 2228
2071 2229
2071 2230
2071 2231
2071 2232
2071 2233
2071 2234
2071 2235
2071 2236
2071 2237
2071 2238
2071 2239
2071 2240
2071 2241
2071 2242
2071 2243
2071 2244
2071 2245
2071 2246
2071 2247
2071 2248
2071 2249
2071 2250
2071 2251
2071 2252
2071 2253
2071 2254
2071 2255
2071 2256
2071 2257
2071 2258
2070 2259
2070 2260
2070 2261
2069 2262
2068 2263
2068 2264
2068 2265
2068 2266
2067 2267
2067 2268
2067 2269
2067 2270
2067 2271
2067 2272
2067 2273
2067 2274
2067 2275
2067 2276
2067 2277
2067 2278
2067 2279
2067 2280
2067 2281
2067 2282
2067 2283
2067 2284
2067 2285
2067 2286
2067 2287
2067 2288
2067 2289
2067 2290
2068 2291
2068 2292
2068 2293
2068 2294
2069 2295
2069 2296
2069 2297
2069 2298
2069 2299
2069 2300
2069 2301
2069 2302
2068 2303
2068 2304
2068 2305
2068 2306
2067 2307
2067 2308
2068 2309
2068 2310
2068 2311
2068 2312
2069 2313
2069 2314
2069 2315
2069 2316
2069 2317
2069 2318
2069 2319
2069 2320
2069 2321
2069 2322
2069 2323
2069 2324
2069 2325
2069 2326
2069 2327
2069 2328
2069 2329
2069 2330
2069 2331
2069 2332
2069 2333
2069 2334
2069 2335
2069 2336
2069 2337
2069 2338
2069 2339
2069 2340
2069 2341
2069 2342
2069 2343
2069 2344
2070 2345
2070 2346
2070 2347
2070 2348
2071 2349
2071 2350
2071 2351
2071 2352
2071 2353
2071 2354
2071 2355
2071 2356
2071 2357
2071 2358
2072 2359
2072 2360
2072 2361
2072 2362
2073 2363
2073 2364
2073 2365
2073 2366
2074 2367
2074 2368
2074 2369
2074 2370
2075 2371
2075 2372
2076 2373
2076 2374
2077 2375
2078 2376
2078 2377
2079 2377
2080 2378
2080 2379
2081 2380
2082 2381
2082 2382
2083 2383
2084 2384
2085 2385
2085 2386
2086 2387
2086 2388
2087 2389
2088 2390
2089 2391
2090 2392
2090 2393
2091 2393
2092 2394
2093 2395
2094 2395
2095 2396
2096 2396
2097 2395
2098 2395
2099 2395
2100 2395
2101 2394
2102 2394
2103 2394
2104 2394
2105 2394
2106 2394
2107 2394
2108 2394
2109 2395
2110 2395
2111 2395
2112 2395
2113 2396
2114 2396
2115 2396
2116 2396
2117 2396
2118 2396
2119 2396
2120 2396
2121 2396
2122 2396
2123 2396
2124 2396
2125 2396
2126 2396
2127 2395
2128 2395
2129 2394
2130 2393
2131 2393
2132 2392
2133 2391
2134 2391
2135 2390
2136 2389
2137 2389
2138 2389
2139 2388
2140 2387
2141 2387
2142 2387
2143 2386
2144 2386
2145 2385
2146 2385
2147 2384
2148 2384
2149 2383
2150 2383
2151 2382
2152 2381
2153 2381
2154 2381
2155 2380
2156 2379
2157 2379
2158 2379
2159 2378
2160 2377
2161 2376
2162 2376
2163 2375
2164 2375
2165 2374
2166 2373
2167 2373
2168 2373
2169 2372
2170 2371
2171 2371
2172 2371
2173 2370
2174 2369
2175 2369
2176 2369
2177 2368
2178 2368
2179 2367
2180 2367
2181 2366
2182 2365
2183 2364
2184 2363
2185 2362
2185 2361
2185 2360
2186 2359
2187 2358
2187 2357
2188 2356
2189 2355
2189 2354
2190 2353
2191 2353
2192 2352
2193 2351
2194 2351
2195 2350
2196 2350
2197 2350
2198 2350
2199 2350
2200 2350
2201 2350
2202 2350
2203 2350
2204 2350
2205 2350
2206 2350
2207 2350
2208 2350
2209 2350
2210 2350
2211 2350
2212 2350
2213 2350
2214 2350
2215 2350
2216 2350
2217 2350
2218 2350
2219 2349
2220 2349
2221 2349
2222 2349
2223 2348
2224 2348
2225 2349
2226 2349
2227 2350
2228 2351
2229 2351
2230 2352
2231 2353
2232 2354
2233 2355
2234 2355
2235 2355
2236 2355
2237 2356
2238 2356
2239 2357
2240 2357
2241 2357
2242 2357
2243 2358
2244 2358
2245 2358
2246 2358
2247 2358
2248 2358
2249 2358
2250 2358
2251 2358
2252 2358
2253 2358
2254 2358
2255 2359
2256 2359
2257 2359
2258 2360
2259 2361
2260 2361
2261 2361
2262 2361
2263 2362
2264 2362
2265 2362
2266 2362
2267 2363
2268 2363
2269 2363
2270 2363
2271 2364
2272 2364
2273 2365
2274 2365
2275 2365
2276 2366
2277 2367
2278 2367
2279 2367
2280 2368
2281 2369
2282 2369
2283 2370
2284 2370
2285 2371
2286 2372
2287 2373
2288 2373
2289 2373
2290 2374
2291 2375
2292 2375
2293 2375
2294 2375
2295 2376
2296 2376
2297 2376
2298 2376
2299 2377
2300 2377
2301 2377
2302 2377
2303 2378
2304 2378
2305 2378
2306 2378
2307 2378
2308 2378
2309 2378
2310 2378
2311 2378
2312 2378
2313 2378
2314 2378
2315 2378
2316 2378
2317 2378
2318 2378
2319 2378
2320 2378
2321 2378
2322 2378
2323 2378
2324 2378
2325 2378
2326 2378
2327 2378
2328 2378
2329 2378
2330 2378
2331 2378
2332 2378
2333 2378
2334 2378
2335 2378
2336 2378
2337 2378
2338 2378
2339 2378
2340 2378
2341 2378
2342 2378
2343 2378
2344 2378
2345 2377
2346 2377
2347 2377
2348 2377
2349 2376
2350 2376
2351 2376
2352 2376
2353 2376
2354 2376
2355 2376
2356 2376
2357 2376
2358 2376
2359 2376
2360 2376
2361 2375
2362 2375
2363 2374
2364 2374
2365 2373
2366 2373
2367 2372
2368 2372
2369 2372
2370 2372
2371 2372
2372 2372
2373 2372
2374 2372
2375 2372
2376 2372
2377 2371
2378 2371
2379 2371
2380 2371
2381 2370
2382 2369
2383 2369
2384 2369
2385 2368
2386 2368
2387 2368
2388 2368
2389 2368
2390 2368
2391 2368
2392 2368
2393 2368
2394 2368
2395 2367
2396 2367
2397 2367
2398 2367
2399 2366
2400 2366
2401 2365
2402 2365
2403 2364
2404 2363
2405 2363
2406 2362
2407 2361
2408 2361
2409 2360
2410 2359
2411 2359
2412 2359
2413 2358
2414 2358
2415 2357
2416 2357
2417 2357
2418 2357
2419 2356
2420 2356
2421 2356
2422 2356
2423 2356
2424 2356
2425 2356
2426 2356
2427 2356
2428 2356
2429 2355
2430 2355
2431 2355
2432 2355
2433 2354
2434 2354
2435 2354
2436 2354
2437 2354
2438 2354
2439 2354
2440 2354
2441 2354
2442 2354
2443 2354
2444 2354
2445 2354
2446 2354
2447 2355
2448 2355
2449 2355
2450 2355
2451 2356
2452 2356
2453 2356
2454 2356
2455 2356
2456 2356
2457 2356
2458 2356
2459 2356
2460 2356
2461 2356
2462 2356
2463 2356
2464 2356
2465 2355
2466 2355
2467 2355
2468 2355
2469 2354
2470 2354
2471 2353
2472 2353
2473 2352
2474 2352
2475 2351
2476 2351
2477 2350
2478 2349
2479 2348
2480 2348
2481 2347
2482 2347
2483 2346
2484 2346
2485 2345
2486 2345
2487 2345
2488 2345
2489 2344
2490 2343
2491 2343
2492 2343
2493 2342
2494 2341
2495 2341
2496 2341
2497 2340
2498 2340
2499 2339
2500 2339
2501 2338
2502 2337
2503 2337
2503 2336
2504 2335
2505 2335
2505 2334
2506 2333
2507 2333
2507 2332
2508 2331
2509 2331
2509 2330
2510 2329
2511 2329
2511 2328
2512 2327
2513 2326
2513 2325
2514 2324
2514 2323
2515 2322
2515 2321
2515 2320
2515 2319
2516 2318
2516 2317
2516 2316
2516 2315
2516 2314
2516 2313
2516 2312
2516 2311
2516 2310
2516 2309
2516 2308
2516 2307
2516 2306
2516 2305
2516 2304
2516 2303
2516 2302
2516 2301
2516 2300
2516 2299
2516 2298
2516 2297
2516 2296
2516 2295
2517 2294
2517 2293
2517 2292
2517 2291
2518 2290
2518 2289
2519 2288
2519 2287
2520 2286
2520 2285
2521 2284
2522 2283
2523 2282
2523 2281
2523 2280
2524 2279
2525 2278
2525 2277
2526 2276
2527 2275
2527 2274
2528 2273
2529 2273
2529 2272
2530 2271
2531 2271
2531 2270
2532 2269
2533 2268
2533 2267
2534 2266
2534 2265
2534 2264
2534 2263
2534 2262
2534 2261
2533 2260
2533 2259
2532 2258
2531 2257
2531 2256
2530 2256
2529 2255
2529 2254
2528 2254
2527 2253
2527 2252
2526 2252
2525 2251
2525 2250
2524 2250
2523 2249
2523 2248
2522 2248
2521 2247
2521 2246
2520 2246
2519 2245
2519 2244
2518 2244
2517 2243
2517 2242
2516 2242
2515 2241
2515 2240
2514 2240
2513 2239
2512 2238
2511 2237
2510 2236
2509 2236
2508 2235
2507 2235
2506 2234
2505 2233
2504 2232
2503 2232
2502 2231
2501 2231
2500 2230
2499 2229
2498 2228
2497 2228
2496 2228
2495 2227
2494 2226
2493 2226
2492 2226
2491 2225
2490 2224
2489 2224
2488 2224
2487 2223
2486 2222
2485 2222
2484 2222
2483 2221
2482 2220
2481 2220
2480 2220
2479 2219
2478 2218
2477 2218
2476 2218
2475 2218
2474 2217
2473 2217
2472 2216
2471 2216
2470 2216
2469 2216
2468 2215
2467 2215
2466 2214
2465 2214
2464 2214
2463 2213
2462 2212
2461 2212
2460 2212
2459 2212
2458 2211
2457 2211
2456 2211
2455 2211
2454 2210
2453 2210
2452 2210
2451 2210
2450 2209
2449 2209
2448 2209
2447 2209
2446 2208
2445 2208
2444 2208
2443 2207
2442 2206
2441 2206
2440 2206
2439 2205
2438 2204
2437 2204
2436 2204
2435 2204
2434 2203
2433 2203
2432 2202
2431 2202
2430 2202
2429 2201
2428 2200
2427 2200
2426 2200
2425 2200
2424 2199
2423 2199
2422 2199
2421 2199
2420 2198
2419 2198
2418 2198
2417 2198
2416 2197
2415 2197
2414 2197
2413 2197
2412 2197
2411 2197
2410 2197
2409 2197
2408 2196
2407 2196
2406 2196
2405 2196
2404 2195
2403 2195
2402 2195
2401 2195
2400 2195
2399 2195
2398 2195
2397 2195
2396 2195
2395 2195
2394 2194
2393 2194
2392 2193
2391 2193
2390 2192
2389 2191
2388 2190
2387 2190
2386 2190
2385 2190
2384 2189
2383 2189
2382 2189
2381 2189
2380 2188
2379 2188
2378 2188
2377 2188
2376 2187
2375 2187
2374 2186
2373 2186
2372 2186
2371 2186
2370 2185
2369 2185
2368 2185
2367 2185
2366 2185
2365 2185
2364 2184
2363 2184
2362 2184
2361 2184
2360 2183
2359 2183
2358 2183
2357 2183
2356 2182
2355 2182
2354 2182
2353 2182
2352 2181
2351 2181
2350 2181
2349 2181
2348 2180
2347 2180
2346 2180
2345 2180
2344 2179
2343 2179
2342 2179
2341 2179
2340 2179
2339 2179
2338 2179
2337 2179
2336 2178
2335 2178
2334 2178
2333 2178
2332 2177
2331 2177
2330 2177
2329 2177
2328 2177
2327 2177
2326 2177
2325 2177
2324 2176
2323 2176
2322 2176
2321 2176
2320 2175
2319 2175
2318 2175
2317 2175
2316 2175
2315 2175
2314 2174
2313 2174
2312 2174
2311 2173
2310 2172
2309 2172
2308 2171
2307 2170
2306 2170
2305 2169
2304 2168
2303 2168
2302 2167
2301 2167
2300 2167
2299 2167
2298 2166
2297 2166
2296 2165
2295 2164
2294 2164
2293 2163
2293 2162
2292 2162
2291 2161
2290 2160
2289 2160
2288 2159
2287 2159
2286 2158
2285 2158
2284 2158
2283 2157
2282 2156
2281 2156
2280 2156
2279 2155
2278 2154
2277 2154
2276 2153
2275 2152
2274 2152
2273 2151
2273 2150
2272 2150
2271 2149
2271 2148
2270 2148
2269 2147
2269 2146
2268 2146
2267 2145
2267 2144
2266 2144
2265 2143
2265 2142
2264 2142
2263 2141
2263 2140
2262 2140
2261 2139
2261 2138
2260 2138
2259 2137
2259 2136
2258 2136
2257 2135
2256 2134
2255 2134
2254 2133
2253 2133
2252 2133
2251 2133
2250 2133
2249 2133
2248 2132
2247 2132
2246 2132
2245 2132
2244 2131
2243 2131
2242 2131
2241 2131
2240 2131
2239 2131
2238 2131
2237 2131
