945 4997
944 4998
943 4998
942 4998
941 4998
940 4999
939 4999
938 4999
937 4999
936 5000
935 5000
934 5000
933 5000
932 5001
931 5001
930 5002
929 5002
928 5002
927 5002
926 5003
925 5003
924 5003
923 5003
922 5004
921 5004
920 5004
919 5004
918 5005
917 5005
916 5006
915 5006
914 5006
913 5006
912 5007
911 5007
910 5007
909 5007
908 5007
907 5007
906 5007
905 5007
904 5008
903 5008
902 5008
901 5008
900 5009
899 5009
898 5009
897 5009
896 5010
895 5010
894 5010
893 5010
892 5011
891 5011
890 5011
889 5011
888 5011
887 5011
886 5011
885 5011
884 5011
883 5011
882 5011
881 5011
880 5011
879 5011
878 5011
877 5011
876 5011
875 5011
874 5011
873 5011
872 5011
871 5011
870 5012
869 5012
868 5012
867 5012
866 5013
865 5013
864 5013
863 5013
862 5013
861 5013
860 5014
859 5014
858 5014
857 5014
856 5015
855 5015
854 5015
853 5015
852 5015
851 5015
850 5015
849 5015
848 5016
847 5016
846 5016
845 5016
844 5017
843 5018
842 5019
841 5019
840 5020
839 5020
838 5021
837 5021
836 5022
835 5022
834 5022
833 5022
832 5023
831 5024
830 5025
829 5025
828 5026
827 5026
826 5027
825 5027
824 5027
823 5027
822 5027
821 5027
820 5027
819 5027
818 5028
817 5028
816 5028
815 5028
814 5029
813 5029
812 5030
811 5030
810 5031
809 5032
808 5033
808 5034
808 5035
808 5036
807 5037
807 5038
807 5039
807 5040
807 5041
807 5042
807 5043
807 5044
807 5045
807 5046
807 5047
807 5048
807 5049
807 5050
807 5051
807 5052
807 5053
807 5054
807 5055
807 5056
808 5057
808 5058
809 5059
810 5060
811 5061
812 5061
813 5062
814 5062
815 5062
816 5062
817 5063
818 5063
819 5064
820 5064
821 5065
822 5066
823 5067
824 5067
825 5067
826 5067
827 5068
828 5068
829 5069
830 5069
831 5069
832 5070
833 5071
834 5071
835 5071
836 5072
837 5073
838 5073
839 5073
840 5073
841 5074
842 5074
843 5075
844 5075
845 5075
846 5076
847 5077
848 5077
849 5077
850 5078
851 5079
852 5079
853 5079
854 5080
855 5081
856 5081
857 5081
858 5082
859 5083
860 5083
861 5083
862 5083
863 5084
864 5084
865 5085
866 5085
867 5086
868 5086
869 5087
870 5087
871 5088
872 5088
873 5089
874 5089
875 5089
876 5089
877 5090
878 5090
879 5090
880 5090
881 5090
882 5090
883 5091
884 5091
885 5091
886 5091
887 5092
888 5092
889 5092
890 5092
891 5092
892 5092
893 5092
894 5092
895 5093
896 5093
897 5093
898 5093
899 5094
900 5094
901 5094
902 5094
903 5095
904 5095
905 5096
906 5097
907 5097
908 5098
909 5099
910 5099
911 5100
912 5100
913 5100
914 5100
915 5101
916 5101
917 5101
918 5101
919 5102
920 5102
921 5103
922 5103
923 5103
924 5104
925 5105
926 5105
927 5105
928 5106
929 5107
930 5107
931 5108
932 5108
933 5109
934 5110
935 5111
936 5111
937 5111
938 5111
939 5112
940 5112
941 5112
942 5112
943 5113
944 5113
945 5114
946 5114
947 5115
948 5116
949 5117
950 5117
951 5117
952 5117
953 5118
954 5118
955 5118
956 5118
957 5118
958 5118
959 5118
960 5118
961 5118
962 5118
963 5118
964 5118
965 5117
966 5117
967 5117
968 5117
969 5116
970 5116
971 5116
972 5116
973 5116
974 5116
975 5116
976 5116
977 5116
978 5116
979 5116
980 5116
981 5116
982 5116
983 5116
984 5116
985 5115
986 5115
987 5114
988 5114
989 5113
990 5113
991 5112
992 5112
993 5112
994 5112
995 5112
996 5112
997 5111
998 5111
999 5110
1000 5109
1001 5109
1001 5108
1002 5107
1003 5107
1003 5106
1004 5105
1005 5105
1005 5104
1006 5103
1007 5103
1007 5102
1008 5101
1009 5100
1010 5099
1011 5098
1011 5097
1012 5096
1013 5095
1013 5094
1014 5093
1015 5092
1016 5091
1017 5090
1017 5089
1017 5088
1018 5087
1019 5086
1019 5085
1020 5084
1021 5083
1021 5082
1022 5081
1023 5081
1023 5080
1024 5079
1025 5078
1026 5077
1027 5076
1027 5075
1027 5074
1027 5073
1028 5072
1028 5071
1029 5070
1029 5069
1029 5068
1030 5067
1031 5066
1031 5065
1031 5064
1032 5063
1033 5062
1033 5061
1034 5060
1035 5059
1035 5058
1036 5057
1037 5056
1037 5055
1038 5054
1038 5053
1038 5052
1038 5051
1038 5050
1038 5049
1038 5048
1038 5047
1038 5046
1038 5045
1038 5044
1038 5043
1038 5042
1038 5041
1038 5040
1038 5039
1038 5038
1038 5037
1038 5036
1038 5035
1038 5034
1038 5033
1037 5032
1037 5031
1037 5030
1037 5029
1036 5028
1036 5027
1036 5026
1036 5025
1036 5024
1036 5023
1036 5022
1036 5021
1035 5020
1035 5019
1034 5018
1033 5017
1033 5016
1032 5016
1031 5015
1031 5014
1030 5013
1029 5012
1029 5011
1028 5010
1028 5009
1027 5008
1027 5007
1027 5006
1027 5005
1026 5004
1025 5003
1024 5002
1023 5001
1023 5000
1022 5000
1021 4999
1020 4998
1019 4998
1018 4997
1017 4997
1016 4997
1015 4997
1014 4997
1013 4997
1012 4997
1011 4997
1010 4997
1009 4997
1008 4997
1007 4997
1006 4997
1005 4997
1004 4998
1003 4998
1002 4998
1001 4998
1000 4999
999 4999
998 4999
997 4999
996 4999
995 4999
994 4999
993 4999
992 4999
991 4999
990 4999
989 4999
988 4999
987 4999
986 4999
985 4999
984 4999
983 4999
982 4999
981 4999
980 4999
979 4999
978 4999
977 4999
976 4999
975 4999
974 4999
973 4999
972 4999
971 4999
970 4998
969 4998
968 4998
967 4998
966 4997
965 4997
964 4997
963 4997
962 4997
961 4997
960 4997
959 4997
958 4997
957 4997
956 4997
955 4997
954 4997
953 4997
952 4997
951 4997
950 4997
949 4997
948 4997
947 4997
946 4997
945 4997
