1873 1771
1872 1772
1871 1772
1870 1772
1869 1772
1868 1773
1867 1773
1866 1774
1865 1774
1864 1775
1863 1775
1862 1776
1861 1776
1860 1777
1859 1778
1858 1778
1857 1778
1856 1779
1855 1779
1854 1779
1853 1779
1852 1780
1851 1780
1850 1780
1849 1780
1848 1781
1847 1782
1846 1783
1845 1784
1844 1784
1844 1785
1843 1786
1842 1786
1841 1787
1840 1788
1839 1788
1838 1789
1837 1789
1836 1790
1835 1790
1834 1791
1833 1791
1832 1792
1831 1792
1830 1793
1829 1794
1828 1794
1827 1794
1826 1795
1825 1796
1824 1797
1823 1798
1822 1798
1821 1799
1820 1800
1819 1800
1818 1801
1817 1802
1816 1803
1815 1804
1814 1804
1813 1805
1812 1806
1811 1806
1810 1807
1809 1808
1808 1809
1807 1810
1806 1810
1806 1811
1805 1812
1804 1812
1804 1813
1803 1814
1802 1814
1802 1815
1801 1816
1800 1816
1799 1817
1798 1818
1797 1818
1796 1819
1795 1820
1794 1820
1793 1820
1792 1821
1791 1822
1790 1823
1789 1824
1788 1824
1788 1825
1787 1826
1786 1826
1785 1827
1784 1828
1783 1828
1782 1829
1781 1830
1780 1831
1779 1832
1778 1832
1777 1833
1776 1834
1775 1834
1774 1835
1773 1836
1772 1837
1771 1838
1770 1838
1770 1839
1769 1840
1768 1840
1767 1841
1766 1842
1765 1842
1764 1843
1763 1844
1762 1845
1761 1846
1760 1846
1760 1847
1759 1848
1758 1848
1758 1849
1757 1850
1756 1850
1756 1851
1755 1852
1754 1852
1754 1853
1753 1854
1752 1854
1752 1855
1751 1856
1750 1856
1750 1857
1749 1858
1748 1858
1748 1859
1747 1860
1746 1861
1746 1862
1745 1863
1745 1864
1746 1865
1746 1866
1746 1867
1746 1868
1747 1869
1747 1870
1748 1871
1748 1872
1749 1873
1749 1874
1750 1875
1750 1876
1751 1877
1752 1878
1753 1879
1754 1880
1754 1881
1755 1881
1756 1882
1756 1883
1757 1883
1758 1884
1758 1885
1759 1886
1760 1887
1760 1888
1761 1889
1762 1890
1762 1891
1762 1892
1763 1893
1764 1894
1764 1895
1764 1896
1765 1897
1766 1898
1766 1899
1766 1900
1767 1901
1767 1902
1768 1903
1768 1904
1769 1905
1770 1906
1771 1907
1772 1907
1773 1908
1774 1908
1775 1909
1776 1909
1777 1909
1778 1909
1779 1910
1780 1910
1781 1911
1782 1911
1783 1911
1784 1911
1785 1912
1786 1912
1787 1913
1788 1913
1789 1913
1790 1913
1791 1914
1792 1914
1793 1915
1794 1915
1795 1915
1796 1915
1797 1916
1798 1916
1799 1916
1800 1916
1801 1916
1802 1916
1803 1916
1804 1916
1805 1915
1806 1915
1807 1914
1808 1913
1809 1913
1810 1912
1811 1911
1812 1911
1813 1910
1814 1910
1815 1909
1816 1909
1817 1908
1818 1907
1819 1907
1820 1906
1821 1905
1822 1905
1823 1904
1824 1904
1825 1904
1826 1904
1827 1904
1828 1904
1829 1904
1830 1904
1831 1905
1832 1905
1833 1905
1834 1905
1835 1906
1836 1906
1837 1906
1838 1906
1839 1907
1840 1907
1841 1907
1842 1908
1843 1909
1844 1909
1845 1909
1846 1909
1847 1910
1848 1910
1849 1910
1850 1910
1851 1910
1852 1910
1853 1910
1854 1910
1855 1910
1856 1910
1857 1910
1858 1910
1859 1910
1860 1910
1861 1910
1862 1910
1863 1911
1864 1911
1865 1912
1866 1913
1867 1913
1868 1914
1869 1915
1870 1915
1871 1916
1872 1916
1873 1916
1874 1916
1875 1916
1876 1916
1877 1916
1878 1916
1879 1916
1880 1916
1881 1916
1882 1916
1883 1916
1884 1916
1885 1916
1886 1916
1887 1916
1888 1916
1889 1916
1890 1916
1891 1916
1892 1916
1893 1916
1894 1916
1895 1916
1896 1916
1897 1916
1898 1916
1899 1916
1900 1916
1901 1916
1902 1916
1903 1916
1904 1916
1905 1916
1906 1916
1907 1916
1908 1916
1909 1916
1910 1916
1911 1916
1912 1916
1913 1916
1914 1916
1915 1916
1916 1916
1917 1916
1918 1916
1919 1916
1920 1916
1921 1916
1922 1916
1923 1916
1924 1916
1925 1917
1926 1917
1927 1917
1928 1917
1929 1918
1930 1918
1931 1918
1932 1918
1933 1918
1934 1918
1935 1918
1936 1918
1937 1918
1938 1918
1939 1918
1940 1918
1941 1918
1942 1918
1943 1918
1944 1918
1945 1918
1946 1918
1947 1918
1948 1918
1949 1918
1950 1918
1951 1918
1952 1918
1953 1918
1954 1918
1955 1918
1956 1918
1957 1917
1958 1917
1959 1917
1960 1917
1961 1916
1962 1916
1963 1916
1964 1916
1965 1915
1966 1915
1967 1915
1968 1915
1969 1914
1970 1913
1971 1912
1972 1911
1973 1911
1974 1910
1975 1909
1976 1909
1977 1908
1978 1908
1979 1908
1980 1908
1981 1908
1982 1908
1983 1907
1984 1907
1985 1907
1986 1907
1987 1906
1988 1906
1989 1906
1990 1906
1991 1906
1992 1906
1993 1906
1994 1906
1995 1905
1996 1905
1997 1905
1998 1905
1999 1904
2000 1904
2001 1904
2002 1904
2003 1904
2004 1904
2005 1903
2006 1903
2007 1903
2008 1903
2009 1902
2010 1902
2011 1902
2012 1902
2013 1902
2014 1902
2015 1902
2016 1902
2017 1901
2018 1901
2019 1901
2020 1901
2021 1900
2022 1900
2023 1900
2024 1900
2025 1900
2026 1900
2027 1900
2028 1900
2029 1899
2030 1899
2031 1899
2032 1899
2033 1898
2034 1898
2035 1898
2036 1898
2037 1898
2038 1898
2039 1898
2040 1898
2041 1898
2042 1898
2043 1898
2044 1898
2045 1898
2046 1898
2047 1898
2048 1898
2049 1898
2050 1898
2051 1898
2052 1898
2053 1898
2054 1898
2055 1898
2056 1898
2057 1898
2058 1898
2059 1898
2060 1898
2061 1898
2062 1898
2063 1898
2064 1898
2065 1898
2066 1898
2067 1898
2068 1898
2069 1898
2070 1898
2071 1898
2072 1898
2073 1898
2074 1898
2075 1898
2076 1898
2077 1898
2078 1898
2079 1898
2080 1898
2081 1898
2082 1898
2083 1898
2084 1898
2085 1898
2086 1898
2087 1898
2088 1898
2089 1898
2090 1898
2091 1898
2092 1898
2093 1898
2094 1898
2095 1898
2096 1898
2097 1898
2098 1898
2099 1898
2100 1898
2101 1898
2102 1898
2103 1898
2104 1898
2105 1898
2106 1898
2107 1899
2108 1899
2109 1899
2110 1899
2111 1900
2112 1900
2113 1900
2114 1900
2115 1900
2116 1900
2117 1900
2118 1900
2119 1900
2120 1900
2121 1900
2122 1900
2123 1900
2124 1900
2125 1900
2126 1900
2127 1900
2128 1900
2129 1901
2130 1901
2131 1901
2132 1901
2133 1902
2134 1902
2135 1902
2136 1902
2137 1902
2138 1902
2139 1902
2140 1902
2141 1902
2142 1902
2143 1902
2144 1902
2145 1903
2146 1903
2147 1903
2148 1903
2149 1904
2150 1904
2151 1904
2152 1904
2153 1904
2154 1904
2155 1904
2156 1904
2157 1904
2158 1904
2159 1904
2160 1904
2161 1904
2162 1904
2163 1905
2164 1905
2165 1905
2166 1905
2167 1906
2168 1906
2169 1907
2170 1907
2171 1907
2172 1907
2173 1908
2174 1908
2175 1908
2176 1908
2177 1909
2178 1909
2179 1909
2180 1909
2181 1910
2182 1910
2183 1910
2184 1910
2185 1910
2186 1910
2187 1910
2188 1910
2189 1910
2190 1910
2191 1910
2192 1910
2193 1910
2194 1910
2195 1910
2196 1910
2197 1910
2198 1910
2199 1910
2200 1910
2201 1910
2202 1910
2203 1910
2204 1910
2205 1910
2206 1910
2207 1910
2208 1910
2209 1911
2210 1911
2211 1911
2212 1911
2213 1912
2214 1912
2215 1912
2216 1912
2217 1912
2218 1912
2219 1913
2220 1913
2221 1913
2222 1913
2223 1914
2224 1914
2225 1914
2226 1914
2227 1914
2228 1914
2229 1915
2230 1915
2231 1915
2232 1915
2233 1916
2234 1916
2235 1916
2236 1916
2237 1916
2238 1916
2239 1916
2240 1916
2241 1916
2242 1916
2243 1916
2244 1916
2245 1916
2246 1916
2247 1916
2248 1916
2249 1916
2250 1916
2251 1916
2252 1916
2253 1916
2254 1916
2255 1915
2256 1915
2257 1914
2258 1913
2259 1913
2259 1912
2260 1911
2261 1911
2262 1910
2263 1909
2264 1909
2265 1908
2266 1907
2267 1907
2268 1907
2269 1906
2270 1905
2271 1904
2272 1903
2273 1903
2273 1902
2274 1901
2275 1901
2275 1900
2276 1899
2277 1899
2277 1898
2278 1897
2279 1897
2279 1896
2280 1895
2281 1894
2282 1893
2283 1892
2283 1891
2283 1890
2284 1889
2285 1888
2285 1887
2286 1886
2287 1885
2287 1884
2288 1883
2289 1882
2289 1881
2290 1880
2290 1879
2290 1878
2290 1877
2290 1876
2290 1875
2291 1874
2291 1873
2292 1872
2293 1871
2293 1870
2294 1869
2295 1869
2295 1868
2296 1867
2297 1867
2297 1866
2298 1865
2299 1865
2299 1864
2300 1863
2301 1862
2302 1861
2303 1860
2303 1859
2303 1858
2304 1857
2305 1856
2305 1855
2305 1854
2305 1853
2306 1852
2306 1851
2306 1850
2306 1849
2307 1848
2307 1847
2307 1846
2307 1845
2308 1844
2308 1843
2309 1842
2309 1841
2310 1840
2310 1839
2311 1838
2311 1837
2312 1836
2312 1835
2312 1834
2312 1833
2311 1832
2311 1831
2311 1830
2311 1829
2310 1828
2310 1827
2309 1826
2309 1825
2309 1824
2309 1823
2308 1822
2308 1821
2307 1820
2307 1819
2306 1818
2305 1817
2305 1816
2304 1816
2303 1815
2303 1814
2302 1814
2301 1813
2300 1812
2299 1812
2298 1811
2297 1811
2296 1811
2295 1811
2294 1811
2293 1811
2292 1810
2291 1810
2290 1810
2289 1810
2288 1809
2287 1809
2286 1809
2285 1809
2284 1809
2283 1809
2282 1809
2281 1809
2280 1808
2279 1808
2278 1808
2277 1808
2276 1807
2275 1807
2274 1807
2273 1807
2272 1806
2271 1806
2270 1805
2269 1805
2268 1804
2267 1804
2266 1803
2265 1803
2264 1802
2263 1802
2262 1802
2261 1802
2260 1801
2259 1801
2258 1801
2257 1801
2256 1801
2255 1801
2254 1801
2253 1801
2252 1800
2251 1800
2250 1799
2249 1798
2248 1798
2247 1797
2246 1796
2245 1796
2244 1795
2243 1795
2242 1795
2241 1795
2240 1794
2239 1794
2238 1794
2237 1793
2236 1792
2235 1792
2234 1792
2233 1792
2232 1791
2231 1791
2230 1790
2229 1790
2228 1790
2227 1790
2226 1789
2225 1789
2224 1788
2223 1788
2222 1787
2221 1787
2220 1786
2219 1786
2218 1785
2217 1785
2216 1785
2215 1785
2214 1785
2213 1785
2212 1785
2211 1785
2210 1784
2209 1784
2208 1784
2207 1784
2206 1783
2205 1783
2204 1783
2203 1783
2202 1783
2201 1783
2200 1782
2199 1782
2198 1782
2197 1782
2196 1781
2195 1781
2194 1781
2193 1781
2192 1781
2191 1781
2190 1781
2189 1781
2188 1780
2187 1780
2186 1780
2185 1780
2184 1779
2183 1779
2182 1779
2181 1779
2180 1779
2179 1779
2178 1778
2177 1778
2176 1778
2175 1778
2174 1777
2173 1777
2172 1777
2171 1777
2170 1777
2169 1777
2168 1777
2167 1777
2166 1777
2165 1777
2164 1777
2163 1777
2162 1777
2161 1777
2160 1777
2159 1777
2158 1776
2157 1776
2156 1776
2155 1776
2154 1775
2153 1775
2152 1775
2151 1775
2150 1775
2149 1775
2148 1775
2147 1775
2146 1775
2145 1775
2144 1775
2143 1775
2142 1775
2141 1775
2140 1775
2139 1775
2138 1775
2137 1775
2136 1775
2135 1775
2134 1775
2133 1775
2132 1775
2131 1775
2130 1775
2129 1775
2128 1775
2127 1775
2126 1775
2125 1775
2124 1776
2123 1776
2122 1776
2121 1776
2120 1777
2119 1777
2118 1777
2117 1777
2116 1777
2115 1777
2114 1777
2113 1777
2112 1777
2111 1777
2110 1777
2109 1777
2108 1777
2107 1777
2106 1777
2105 1777
2104 1777
2103 1777
2102 1778
2101 1778
2100 1778
2099 1778
2098 1779
2097 1779
2096 1779
2095 1779
2094 1779
2093 1779
2092 1779
2091 1779
2090 1779
2089 1779
2088 1779
2087 1779
2086 1779
2085 1779
2084 1779
2083 1779
2082 1779
2081 1779
2080 1779
2079 1779
2078 1779
2077 1779
2076 1779
2075 1779
2074 1779
2073 1779
2072 1779
2071 1779
2070 1779
2069 1779
2068 1779
2067 1779
2066 1779
2065 1779
2064 1779
2063 1779
2062 1779
2061 1779
2060 1779
2059 1779
2058 1779
2057 1779
2056 1779
2055 1779
2054 1779
2053 1779
2052 1779
2051 1779
2050 1779
2049 1779
2048 1779
2047 1779
2046 1779
2045 1779
2044 1779
2043 1779
2042 1779
2041 1779
2040 1779
2039 1779
2038 1779
2037 1779
2036 1779
2035 1779
2034 1779
2033 1779
2032 1779
2031 1779
2030 1779
2029 1779
2028 1779
2027 1779
2026 1779
2025 1779
2024 1779
2023 1779
2022 1778
2021 1778
2020 1778
2019 1778
2018 1777
2017 1777
2016 1777
2015 1777
2014 1777
2013 1777
2012 1777
2011 1777
2010 1777
2009 1777
2008 1777
2007 1777
2006 1777
2005 1777
2004 1777
2003 1777
2002 1777
2001 1777
2000 1777
1999 1777
1998 1777
1997 1777
1996 1777
1995 1777
1994 1777
1993 1777
1992 1777
1991 1777
1990 1777
1989 1777
1988 1777
1987 1777
1986 1777
1985 1777
1984 1777
1983 1777
1982 1777
1981 1777
1980 1777
1979 1777
1978 1777
1977 1777
1976 1778
1975 1778
1974 1778
1973 1778
1972 1779
1971 1779
1970 1779
1969 1779
1968 1779
1967 1779
1966 1779
1965 1779
1964 1779
1963 1779
1962 1779
1961 1779
1960 1779
1959 1779
1958 1779
1957 1779
1956 1779
1955 1779
1954 1779
1953 1779
1952 1778
1951 1778
1950 1778
1949 1778
1948 1777
1947 1777
1946 1777
1945 1777
1944 1777
1943 1777
1942 1777
1941 1777
1940 1777
1939 1777
1938 1777
1937 1777
1936 1777
1935 1777
1934 1777
1933 1777
1932 1777
1931 1777
1930 1777
1929 1777
1928 1777
1927 1777
1926 1777
1925 1777
1924 1777
1923 1777
1922 1777
1921 1777
1920 1777
1919 1777
1918 1777
1917 1777
1916 1777
1915 1777
1914 1777
1913 1777
1912 1776
1911 1776
1910 1775
1909 1775
1908 1774
1907 1774
1906 1773
1905 1773
1904 1773
1903 1773
1902 1773
1901 1773
1900 1773
1899 1773
1898 1772
1897 1772
1896 1772
1895 1772
1894 1771
1893 1771
1892 1771
1891 1771
1890 1771
1889 1771
1888 1771
1887 1771
1886 1771
1885 1771
1884 1771
1883 1771
1882 1771
1881 1771
1880 1771
1879 1771
1878 1771
1877 1771
1876 1771
1875 1771
1874 1771
1873 1771
