1421 4707
1420 4708
1419 4708
1418 4708
1417 4708
1416 4709
1415 4709
1414 4709
1413 4709
1412 4709
1411 4709
1410 4709
1409 4709
1408 4709
1407 4709
1406 4709
1405 4709
1404 4709
1403 4709
1402 4709
1401 4709
1400 4709
1399 4709
1398 4709
1397 4709
1396 4709
1395 4709
1394 4709
1393 4709
1392 4710
1391 4710
1390 4710
1389 4710
1388 4711
1387 4711
1386 4711
1385 4711
1384 4711
1383 4711
1382 4711
1381 4711
1380 4711
1379 4711
1378 4711
1377 4711
1376 4711
1375 4711
1374 4711
1373 4711
1372 4711
1371 4711
1370 4711
1369 4711
1368 4711
1367 4711
1366 4711
1365 4711
1364 4712
1363 4712
1362 4712
1361 4712
1360 4713
1359 4713
1358 4713
1357 4713
1356 4713
1355 4713
1354 4713
1353 4713
1352 4713
1351 4713
1350 4713
1349 4713
1348 4713
1347 4713
1346 4713
1345 4713
1344 4713
1343 4713
1342 4713
1341 4713
1340 4713
1339 4713
1338 4713
1337 4713
1336 4713
1335 4713
1334 4713
1333 4713
1332 4713
1331 4713
1330 4713
1329 4713
1328 4714
1327 4714
1326 4714
1325 4714
1324 4715
1323 4715
1322 4716
1321 4716
1320 4716
1319 4716
1318 4717
1317 4717
1316 4717
1315 4717
1314 4717
1313 4717
1312 4718
1311 4718
1310 4718
1309 4718
1308 4719
1307 4720
1306 4721
1305 4722
1304 4722
1304 4723
1303 4724
1302 4725
1301 4726
1300 4727
1300 4728
1300 4729
1299 4730
1298 4731
1298 4732
1298 4733
1297 4734
1296 4735
1296 4736
1295 4737
1295 4738
1294 4739
1293 4740
1292 4741
1292 4742
1292 4743
1291 4744
1290 4745
1290 4746
1289 4747
1289 4748
1288 4749
1287 4750
1286 4751
1286 4752
1285 4753
1284 4754
1284 4755
1283 4756
1282 4757
1281 4758
1280 4759
1280 4760
1279 4761
1279 4762
1278 4763
1278 4764
1277 4765
1277 4766
1277 4767
1277 4768
1276 4769
1276 4770
1275 4771
1275 4772
1274 4773
1273 4774
1272 4775
1272 4776
1272 4777
1272 4778
1271 4779
1271 4780
1270 4781
1270 4782
1270 4783
1270 4784
1269 4785
1269 4786
1268 4787
1268 4788
1268 4789
1267 4790
1266 4791
1266 4792
1265 4793
1264 4794
1264 4795
1263 4796
1262 4797
1261 4798
1260 4799
1260 4800
1259 4801
1258 4802
1258 4803
1257 4804
1256 4804
1256 4805
1255 4806
1254 4806
1254 4807
1253 4808
1252 4809
1252 4810
1251 4811
1251 4812
1251 4813
1251 4814
1251 4815
1251 4816
1251 4817
1251 4818
1251 4819
1251 4820
1251 4821
1251 4822
1251 4823
1251 4824
1251 4825
1251 4826
1251 4827
1251 4828
1251 4829
1251 4830
1252 4831
1252 4832
1252 4833
1252 4834
1253 4835
1254 4836
1255 4837
1256 4838
1256 4839
1257 4839
1258 4840
1258 4841
1259 4842
1260 4843
1260 4844
1261 4845
1262 4846
1263 4847
1264 4848
1264 4849
1265 4849
1266 4850
1266 4851
1267 4851
1268 4852
1268 4853
1269 4853
1270 4854
1270 4855
1271 4855
1272 4856
1272 4857
1273 4857
1274 4858
1275 4859
1276 4859
1277 4860
1278 4860
1279 4860
1280 4860
1281 4860
1282 4860
1283 4861
1284 4861
1285 4862
1286 4862
1287 4863
1288 4863
1289 4864
1290 4864
1291 4864
1292 4864
1293 4864
1294 4864
1295 4865
1296 4865
1297 4865
1298 4866
1299 4867
1300 4867
1301 4868
1302 4869
1303 4869
1304 4870
1304 4871
1305 4871
1306 4872
1306 4873
1307 4873
1308 4874
1308 4875
1309 4875
1310 4876
1310 4877
1311 4877
1312 4878
1313 4879
1314 4880
1315 4881
1316 4881
1317 4882
1318 4883
1319 4883
1320 4884
1321 4885
1322 4885
1323 4886
1324 4886
1325 4887
1326 4887
1327 4887
1328 4887
1329 4888
1330 4888
1331 4888
1332 4888
1333 4887
1334 4887
1335 4887
1336 4887
1337 4886
1338 4886
1339 4887
1340 4887
1341 4888
1342 4888
1343 4889
1344 4889
1345 4890
1346 4890
1347 4891
1348 4891
1349 4891
1350 4891
1351 4892
1352 4892
1353 4893
1354 4893
1355 4893
1356 4894
1357 4895
1358 4895
1359 4895
1360 4895
1361 4896
1362 4896
1363 4897
1364 4897
1365 4898
1366 4898
1367 4899
1368 4900
1369 4901
1370 4901
1371 4901
1372 4902
1373 4903
1374 4903
1375 4903
1376 4904
1377 4905
1378 4905
1379 4905
1380 4906
1381 4907
1382 4907
1383 4907
1384 4907
1385 4908
1386 4908
1387 4908
1388 4908
1389 4908
1390 4908
1391 4908
1392 4908
1393 4908
1394 4908
1395 4908
1396 4908
1397 4908
1398 4908
1399 4908
1400 4908
1401 4908
1402 4908
1403 4908
1404 4908
1405 4908
1406 4908
1407 4908
1408 4908
1409 4908
1410 4908
1411 4908
1412 4908
1413 4908
1414 4908
1415 4908
1416 4908
1417 4908
1418 4908
1419 4908
1420 4908
1421 4908
1422 4908
1423 4907
1424 4907
1425 4907
1426 4907
1427 4906
1428 4906
1429 4906
1430 4906
1431 4905
1432 4905
1433 4905
1434 4905
1435 4904
1436 4904
1437 4904
1438 4904
1439 4903
1440 4903
1441 4903
1442 4903
1443 4902
1444 4902
1445 4902
1446 4902
1447 4902
1448 4902
1449 4902
1450 4902
1451 4902
1452 4902
1453 4901
1454 4901
1455 4900
1456 4900
1457 4899
1458 4899
1459 4898
1460 4898
1461 4898
1462 4898
1463 4897
1464 4897
1465 4897
1466 4897
1467 4896
1468 4896
1469 4896
1470 4896
1471 4896
1472 4896
1473 4896
1474 4896
1475 4896
1476 4896
1477 4897
1478 4897
1479 4897
1480 4897
1481 4897
1482 4897
1483 4896
1484 4896
1485 4895
1486 4895
1487 4894
1488 4893
1489 4893
1490 4893
1491 4892
1492 4892
1493 4892
1494 4892
1495 4892
1496 4892
1497 4892
1498 4892
1499 4892
1500 4892
1501 4892
1502 4892
1503 4891
1504 4891
1505 4891
1506 4891
1507 4890
1508 4889
1509 4888
1510 4887
1511 4887
1512 4886
1513 4885
1514 4885
1515 4884
1516 4884
1517 4884
1518 4884
1519 4884
1520 4884
1521 4884
1522 4884
1523 4884
1524 4884
1525 4883
1526 4883
1527 4882
1528 4881
1529 4881
1529 4880
1530 4879
1531 4879
1531 4878
1532 4877
1533 4877
1533 4876
1534 4875
1535 4875
1536 4874
1537 4873
1538 4873
1539 4872
1540 4871
1541 4871
1542 4871
1543 4870
1544 4869
1545 4868
1546 4867
1547 4866
1548 4865
1549 4864
1549 4863
1550 4862
1551 4861
1551 4860
1552 4859
1553 4859
1554 4858
1555 4857
1556 4857
1557 4856
1558 4855
1559 4854
1560 4854
1561 4853
1562 4853
1563 4852
1564 4852
1565 4852
1566 4852
1567 4851
1568 4851
1569 4850
1570 4850
1571 4849
1572 4849
1573 4848
1574 4848
1575 4848
1576 4848
1577 4848
1578 4848
1579 4848
1580 4848
1581 4847
1582 4847
1583 4846
1584 4846
1585 4845
1586 4845
1587 4844
1588 4843
1589 4843
1590 4843
1591 4842
1592 4842
1593 4842
1594 4842
1595 4842
1596 4842
1597 4841
1598 4841
1599 4840
1600 4840
1601 4839
1602 4839
1603 4838
1604 4837
1605 4836
1606 4836
1607 4835
1608 4835
1609 4834
1610 4834
1611 4834
1612 4834
1613 4833
1614 4833
1615 4832
1616 4832
1617 4831
1618 4831
1619 4830
1620 4829
1621 4828
1622 4827
1623 4827
1624 4826
1625 4825
1626 4825
1627 4824
1628 4823
1629 4823
1630 4823
1631 4822
1632 4821
1633 4820
1634 4819
1635 4818
1636 4817
1637 4816
1637 4815
1638 4814
1639 4813
1640 4812
1641 4811
1642 4811
1643 4810
1644 4810
1645 4809
1646 4809
1647 4808
1648 4808
1649 4807
1650 4807
1651 4806
1652 4806
1653 4806
1654 4806
1655 4805
1656 4805
1657 4804
1658 4803
1659 4803
1659 4802
1660 4801
1661 4801
1661 4800
1662 4799
1663 4798
1663 4797
1664 4796
1664 4795
1664 4794
1664 4793
1663 4792
1663 4791
1663 4790
1663 4789
1662 4788
1662 4787
1661 4786
1661 4785
1660 4784
1659 4783
1659 4782
1658 4782
1657 4781
1657 4780
1656 4780
1655 4779
1655 4778
1654 4778
1653 4777
1653 4776
1652 4776
1651 4775
1651 4774
1650 4774
1649 4773
1649 4772
1648 4771
1647 4770
1647 4769
1646 4768
1645 4767
1644 4766
1644 4765
1643 4764
1643 4763
1642 4762
1641 4761
1640 4760
1639 4759
1639 4758
1638 4758
1637 4757
1637 4756
1636 4756
1635 4755
1635 4754
1634 4754
1633 4753
1633 4752
1632 4752
1631 4751
1630 4750
1629 4749
1628 4748
1627 4748
1626 4748
1625 4748
1624 4747
1623 4747
1622 4746
1621 4746
1620 4746
1619 4745
1618 4744
1617 4744
1616 4743
1615 4742
1614 4742
1613 4741
1612 4740
1611 4739
1610 4738
1609 4738
1608 4737
1607 4737
1606 4736
1605 4735
1604 4734
1603 4734
1602 4734
1601 4733
1600 4732
1599 4732
1598 4732
1597 4731
1596 4730
1595 4730
1594 4730
1593 4730
1592 4729
1591 4729
1590 4729
1589 4729
1588 4728
1587 4728
1586 4728
1585 4728
1584 4727
1583 4727
1582 4726
1581 4726
1580 4726
1579 4726
1578 4725
1577 4725
1576 4725
1575 4725
1574 4725
1573 4725
1572 4725
1571 4725
1570 4725
1569 4725
1568 4725
1567 4725
1566 4724
1565 4724
1564 4724
1563 4724
1562 4723
1561 4723
1560 4723
1559 4723
1558 4722
1557 4722
1556 4722
1555 4721
1554 4720
1553 4720
1552 4720
1551 4719
1550 4718
1549 4718
1548 4718
1547 4718
1546 4717
1545 4717
1544 4717
1543 4717
1542 4716
1541 4716
1540 4716
1539 4716
1538 4715
1537 4715
1536 4715
1535 4715
1534 4714
1533 4714
1532 4714
1531 4713
1530 4712
1529 4712
1528 4712
1527 4712
1526 4711
1525 4711
1524 4711
1523 4711
1522 4711
1521 4711
1520 4711
1519 4711
1518 4711
1517 4711
1516 4711
1515 4711
1514 4711
1513 4711
1512 4710
1511 4710
1510 4710
1509 4710
1508 4709
1507 4709
1506 4709
1505 4709
1504 4709
1503 4709
1502 4710
1501 4710
1500 4710
1499 4710
1498 4711
1497 4711
1496 4711
1495 4711
1494 4712
1493 4712
1492 4712
1491 4712
1490 4713
1489 4713
1488 4712
1487 4712
1486 4711
1485 4711
1484 4710
1483 4709
1482 4708
1481 4708
1480 4708
1479 4708
1478 4707
1477 4707
1476 4707
1475 4707
1474 4707
1473 4707
1472 4707
1471 4707
1470 4707
1469 4707
1468 4707
1467 4707
1466 4707
1465 4707
1464 4707
1463 4707
1462 4707
1461 4707
1460 4707
1459 4707
1458 4707
1457 4707
1456 4707
1455 4707
1454 4707
1453 4707
1452 4707
1451 4707
1450 4707
1449 4707
1448 4707
1447 4707
1446 4707
1445 4707
1444 4707
1443 4707
1442 4707
1441 4707
1440 4707
1439 4707
1438 4707
1437 4707
1436 4707
1435 4707
1434 4707
1433 4707
1432 4707
1431 4707
1430 4707
1429 4707
1428 4707
1427 4707
1426 4707
1425 4707
1424 4707
1423 4707
1422 4707
1421 4707
