849 2997
848 2998
847 2998
846 2998
845 2998
844 2999
843 3000
842 3001
841 3002
840 3003
840 3004
839 3005
838 3006
837 3007
836 3008
835 3008
834 3009
833 3010
832 3011
831 3012
830 3012
829 3013
828 3014
827 3014
826 3015
825 3016
824 3017
823 3018
822 3018
822 3019
821 3020
820 3020
820 3021
819 3022
818 3022
818 3023
817 3024
816 3024
816 3025
815 3026
814 3026
814 3027
813 3028
812 3028
812 3029
811 3030
810 3030
810 3031
809 3032
808 3032
808 3033
807 3034
806 3034
806 3035
805 3036
804 3036
803 3037
802 3038
801 3038
800 3039
799 3040
798 3040
797 3040
796 3041
795 3041
794 3041
793 3041
792 3041
791 3041
790 3041
789 3041
788 3041
787 3041
786 3041
785 3041
784 3041
783 3041
782 3041
781 3041
780 3041
779 3041
778 3041
777 3041
776 3041
775 3041
774 3041
773 3041
772 3041
771 3041
770 3042
769 3042
768 3043
767 3043
766 3044
765 3044
764 3045
763 3046
762 3047
761 3048
760 3048
760 3049
759 3050
758 3050
758 3051
757 3052
756 3052
756 3053
755 3054
754 3054
753 3055
752 3056
751 3056
750 3057
749 3058
748 3059
747 3060
746 3061
746 3062
745 3063
744 3064
744 3065
743 3066
742 3067
742 3068
741 3069
741 3070
740 3071
740 3072
739 3073
738 3074
738 3075
737 3076
736 3077
736 3078
735 3079
735 3080
734 3081
734 3082
733 3083
732 3084
732 3085
731 3086
730 3086
729 3087
728 3088
727 3088
726 3089
725 3090
724 3091
723 3092
722 3092
722 3093
721 3094
720 3094
719 3095
718 3096
717 3096
716 3097
715 3098
714 3099
713 3100
712 3100
711 3101
710 3102
709 3102
708 3103
707 3103
706 3104
705 3104
704 3105
703 3106
702 3106
702 3107
701 3108
700 3109
699 3110
698 3111
698 3112
697 3113
696 3114
696 3115
695 3116
694 3116
694 3117
693 3118
692 3118
692 3119
691 3120
690 3121
690 3122
689 3123
689 3124
689 3125
689 3126
688 3127
688 3128
688 3129
687 3130
686 3131
686 3132
686 3133
686 3134
685 3135
685 3136
685 3137
685 3138
685 3139
685 3140
684 3141
684 3142
684 3143
683 3144
682 3145
682 3146
681 3147
681 3148
680 3149
679 3150
678 3151
678 3152
678 3153
678 3154
677 3155
677 3156
677 3157
677 3158
677 3159
677 3160
677 3161
677 3162
678 3163
678 3164
679 3165
680 3166
680 3167
681 3168
682 3169
682 3170
683 3171
684 3172
684 3173
684 3174
685 3175
685 3176
685 3177
685 3178
685 3179
685 3180
685 3181
685 3182
685 3183
685 3184
685 3185
685 3186
685 3187
685 3188
685 3189
685 3190
685 3191
685 3192
686 3193
686 3194
687 3195
688 3196
688 3197
689 3198
690 3199
690 3200
691 3201
692 3202
693 3203
694 3204
695 3205
696 3206
697 3207
698 3207
699 3208
700 3209
701 3209
702 3210
703 3211
704 3212
705 3213
706 3213
707 3214
708 3215
709 3215
710 3216
711 3217
712 3218
713 3219
714 3219
715 3220
716 3220
717 3221
718 3221
719 3222
720 3222
721 3222
722 3222
723 3222
724 3222
725 3222
726 3222
727 3222
728 3222
729 3222
730 3222
731 3222
732 3222
733 3222
734 3222
735 3222
736 3222
737 3222
738 3222
739 3221
740 3221
741 3220
742 3219
743 3219
744 3218
745 3217
746 3217
747 3216
748 3216
749 3216
750 3216
751 3216
752 3216
753 3216
754 3216
755 3216
756 3216
757 3216
758 3216
759 3216
760 3216
761 3216
762 3216
763 3215
764 3215
765 3215
766 3215
767 3214
768 3214
769 3214
770 3214
771 3213
772 3213
773 3213
774 3213
775 3212
776 3212
777 3212
778 3212
779 3212
780 3212
781 3212
782 3212
783 3212
784 3212
785 3212
786 3212
787 3212
788 3212
789 3212
790 3212
791 3211
792 3211
793 3211
794 3211
795 3210
796 3210
797 3210
798 3210
799 3209
800 3209
801 3209
802 3209
803 3208
804 3208
805 3208
806 3208
807 3208
808 3208
809 3208
810 3208
811 3208
812 3208
813 3208
814 3208
815 3208
816 3208
817 3208
818 3208
819 3208
820 3208
821 3208
822 3208
823 3209
824 3209
825 3209
826 3209
827 3210
828 3210
829 3210
830 3210
831 3211
832 3211
833 3211
834 3211
835 3212
836 3212
837 3212
838 3212
839 3212
840 3212
841 3212
842 3212
843 3212
844 3212
845 3212
846 3212
847 3212
848 3212
849 3212
850 3212
851 3212
852 3212
853 3212
854 3212
855 3213
856 3213
857 3213
858 3213
859 3214
860 3214
861 3214
862 3214
863 3214
864 3214
865 3214
866 3214
867 3214
868 3214
869 3215
870 3215
871 3216
872 3216
873 3217
874 3217
875 3218
876 3218
877 3218
878 3218
879 3218
880 3218
881 3218
882 3218
883 3218
884 3218
885 3218
886 3218
887 3218
888 3218
889 3218
890 3218
891 3218
892 3218
893 3218
894 3218
895 3218
896 3218
897 3219
898 3219
899 3219
900 3219
901 3220
902 3220
903 3220
904 3220
905 3220
906 3220
907 3220
908 3220
909 3220
910 3220
911 3220
912 3220
913 3221
914 3221
915 3221
916 3221
917 3222
918 3222
919 3222
920 3222
921 3222
922 3222
923 3222
924 3222
925 3222
926 3222
927 3222
928 3222
929 3222
930 3222
931 3222
932 3222
933 3222
934 3222
935 3222
936 3222
937 3222
938 3222
939 3222
940 3222
941 3222
942 3222
943 3222
944 3222
945 3221
946 3221
947 3221
948 3221
949 3220
950 3220
951 3220
952 3220
953 3220
954 3220
955 3220
956 3220
957 3220
958 3220
959 3220
960 3220
961 3220
962 3220
963 3220
964 3220
965 3220
966 3220
967 3220
968 3220
969 3220
970 3220
971 3220
972 3220
973 3220
974 3220
975 3220
976 3220
977 3220
978 3220
979 3220
980 3220
981 3220
982 3220
983 3220
984 3220
985 3219
986 3219
987 3218
988 3217
989 3217
989 3216
990 3215
991 3214
992 3213
993 3212
994 3211
995 3210
996 3210
997 3210
998 3210
999 3210
1000 3210
1001 3210
1002 3210
1003 3210
1004 3210
1005 3210
1006 3210
1007 3210
1008 3210
1009 3210
1010 3210
1011 3210
1012 3210
1013 3210
1014 3210
1015 3209
1016 3209
1017 3208
1018 3207
1019 3206
1019 3205
1020 3204
1020 3203
1021 3202
1021 3201
1021 3200
1022 3199
1023 3198
1023 3197
1023 3196
1024 3195
1025 3194
1025 3193
1025 3192
1026 3191
1027 3190
1027 3189
1027 3188
1028 3187
1029 3186
1029 3185
1030 3184
1031 3183
1031 3182
1032 3181
1033 3180
1034 3179
1035 3178
1035 3177
1035 3176
1035 3175
1036 3174
1036 3173
1037 3172
1037 3171
1037 3170
1037 3169
1038 3168
1038 3167
1038 3166
1038 3165
1039 3164
1039 3163
1039 3162
1040 3161
1041 3160
1041 3159
1041 3158
1042 3157
1043 3156
1043 3155
1043 3154
1044 3153
1045 3152
1045 3151
1045 3150
1045 3149
1046 3148
1046 3147
1046 3146
1046 3145
1047 3144
1047 3143
1047 3142
1048 3141
1049 3140
1049 3139
1049 3138
1049 3137
1050 3136
1050 3135
1051 3134
1051 3133
1051 3132
1051 3131
1052 3130
1052 3129
1052 3128
1052 3127
1051 3126
1051 3125
1050 3124
1050 3123
1049 3122
1049 3121
1048 3120
1048 3119
1048 3118
1048 3117
1048 3116
1048 3115
1048 3114
1048 3113
1048 3112
1048 3111
1047 3110
1047 3109
1047 3108
1047 3107
1046 3106
1046 3105
1046 3104
1046 3103
1045 3102
1045 3101
1045 3100
1045 3099
1044 3098
1043 3097
1043 3096
1043 3095
1042 3094
1041 3093
1040 3092
1039 3091
1039 3090
1038 3089
1037 3088
1037 3087
1036 3086
1036 3085
1035 3084
1035 3083
1035 3082
1035 3081
1034 3080
1033 3079
1032 3078
1031 3077
1031 3076
1030 3076
1029 3075
1028 3074
1027 3073
1026 3072
1025 3072
1024 3071
1023 3070
1023 3069
1022 3068
1021 3067
1020 3066
1019 3065
1019 3064
1018 3064
1017 3063
1017 3062
1016 3062
1015 3061
1015 3060
1014 3060
1013 3059
1013 3058
1012 3058
1011 3057
1010 3056
1009 3056
1008 3055
1007 3055
1006 3055
1005 3055
1004 3055
1003 3055
1002 3055
1001 3055
1000 3054
999 3054
998 3053
997 3052
996 3052
995 3051
995 3050
994 3050
993 3049
992 3048
991 3048
990 3047
989 3047
988 3047
987 3047
986 3047
985 3047
984 3047
983 3047
982 3047
981 3047
980 3047
979 3047
978 3047
977 3047
976 3047
975 3047
974 3047
973 3047
972 3047
971 3047
970 3047
969 3047
968 3047
967 3047
966 3047
965 3047
964 3048
963 3048
962 3048
961 3048
960 3049
959 3050
958 3051
957 3051
956 3052
955 3052
954 3053
953 3053
952 3053
951 3053
950 3053
949 3053
948 3052
947 3052
946 3051
945 3050
944 3049
943 3048
943 3047
942 3046
941 3045
940 3044
939 3043
939 3042
938 3042
937 3041
937 3040
936 3040
935 3039
934 3038
933 3037
932 3036
931 3036
930 3036
929 3036
928 3035
927 3035
926 3035
925 3035
924 3034
923 3034
922 3034
921 3034
920 3033
919 3033
918 3032
917 3032
916 3031
915 3030
914 3030
913 3029
912 3028
911 3027
910 3026
909 3026
908 3026
907 3025
906 3024
905 3024
904 3023
903 3022
902 3022
901 3021
901 3020
900 3020
899 3019
899 3018
898 3018
897 3017
897 3016
896 3016
895 3015
895 3014
894 3014
893 3013
893 3012
892 3012
891 3011
891 3010
890 3010
889 3009
889 3008
888 3008
887 3007
886 3006
885 3006
884 3005
883 3005
882 3004
881 3004
880 3003
879 3003
878 3002
877 3002
876 3001
875 3001
874 3000
873 3000
872 3000
871 3000
870 2999
869 2999
868 2999
867 2999
866 2998
865 2998
864 2998
863 2998
862 2997
861 2997
860 2997
859 2997
858 2997
857 2997
856 2997
855 2997
854 2997
853 2997
852 2997
851 2997
850 2997
849 2997
