857 2291
856 2292
855 2292
854 2292
853 2292
852 2293
851 2293
850 2293
849 2293
848 2293
847 2293
846 2293
845 2293
844 2293
843 2293
842 2293
841 2293
840 2294
839 2294
838 2294
837 2294
836 2295
835 2295
834 2295
833 2295
832 2295
831 2295
830 2295
829 2295
828 2295
827 2295
826 2295
825 2295
824 2296
823 2296
822 2296
821 2296
820 2297
819 2297
818 2297
817 2297
816 2297
815 2297
814 2298
813 2298
812 2298
811 2298
810 2299
809 2299
808 2299
807 2299
806 2299
805 2299
804 2299
803 2299
802 2299
801 2299
800 2299
799 2299
798 2299
797 2299
796 2300
795 2300
794 2300
793 2300
792 2301
791 2301
790 2301
789 2301
788 2301
787 2301
786 2301
785 2301
784 2301
783 2301
782 2301
781 2301
780 2301
779 2301
778 2301
777 2301
776 2302
775 2302
774 2302
773 2302
772 2303
771 2303
770 2303
769 2303
768 2303
767 2303
766 2303
765 2303
764 2303
763 2303
762 2304
761 2304
760 2304
759 2304
758 2305
757 2305
756 2305
755 2305
754 2305
753 2305
752 2305
751 2305
750 2305
749 2305
748 2306
747 2306
746 2306
745 2306
744 2307
743 2307
742 2307
741 2307
740 2307
739 2307
738 2307
737 2307
736 2307
735 2307
734 2307
733 2307
732 2307
731 2307
730 2307
729 2307
728 2307
727 2307
726 2307
725 2307
724 2307
723 2307
722 2307
721 2307
720 2307
719 2307
718 2307
717 2307
716 2307
715 2307
714 2307
713 2307
712 2307
711 2307
710 2307
709 2307
708 2307
707 2307
706 2307
705 2307
704 2307
703 2307
702 2307
701 2307
700 2307
699 2307
698 2307
697 2307
696 2307
695 2307
694 2307
693 2307
692 2307
691 2307
690 2307
689 2307
688 2307
687 2307
686 2306
685 2306
684 2306
683 2306
682 2305
681 2305
680 2305
679 2305
678 2305
677 2305
676 2305
675 2305
674 2305
673 2305
672 2305
671 2305
670 2305
669 2305
668 2305
667 2305
666 2305
665 2305
664 2305
663 2305
662 2305
661 2305
660 2305
659 2305
658 2305
657 2305
656 2305
655 2305
654 2305
653 2305
652 2305
651 2305
650 2305
649 2305
648 2305
647 2305
646 2305
645 2305
644 2305
643 2305
642 2306
641 2306
640 2307
639 2308
638 2308
637 2309
636 2310
635 2310
634 2311
633 2311
632 2311
631 2311
630 2312
629 2312
628 2313
627 2314
626 2314
626 2315
625 2316
624 2316
624 2317
623 2318
622 2318
621 2319
620 2320
619 2320
618 2321
617 2321
616 2322
615 2322
614 2323
613 2324
612 2324
611 2325
610 2326
609 2326
608 2327
607 2328
606 2329
605 2329
604 2330
603 2330
602 2331
601 2332
600 2333
599 2334
598 2334
598 2335
597 2336
596 2336
596 2337
595 2338
594 2338
594 2339
593 2340
592 2340
591 2341
590 2342
589 2342
588 2343
587 2344
586 2345
585 2345
584 2346
583 2346
582 2347
581 2348
580 2349
580 2350
579 2351
579 2352
579 2353
579 2354
579 2355
579 2356
579 2357
579 2358
580 2359
580 2360
580 2361
580 2362
581 2363
581 2364
581 2365
581 2366
582 2367
582 2368
582 2369
582 2370
583 2371
584 2372
584 2373
584 2374
585 2375
586 2376
586 2377
586 2378
587 2379
587 2380
588 2381
588 2382
589 2383
590 2384
590 2385
591 2385
592 2386
593 2387
594 2388
595 2389
596 2390
597 2391
597 2392
597 2393
597 2394
597 2395
597 2396
597 2397
597 2398
598 2399
598 2400
599 2401
599 2402
600 2403
600 2404
601 2405
602 2406
603 2407
604 2408
604 2409
605 2409
606 2410
606 2411
607 2411
608 2412
608 2413
609 2413
610 2414
611 2415
612 2416
613 2417
614 2417
615 2417
616 2417
617 2418
618 2418
619 2419
620 2419
621 2420
622 2421
623 2421
624 2422
624 2423
625 2423
626 2424
626 2425
627 2425
628 2426
629 2427
630 2428
631 2429
632 2429
633 2430
634 2430
635 2431
636 2432
637 2433
638 2433
639 2434
640 2434
641 2435
642 2435
643 2436
644 2436
645 2436
646 2436
647 2436
648 2436
649 2437
650 2437
651 2437
652 2438
653 2439
654 2439
655 2440
656 2441
657 2442
658 2443
658 2444
659 2445
660 2446
661 2447
662 2448
663 2449
664 2449
665 2450
666 2450
667 2450
668 2450
669 2450
670 2450
671 2450
672 2450
673 2451
674 2451
675 2451
676 2452
677 2453
678 2453
679 2453
680 2453
681 2454
682 2454
683 2455
684 2455
685 2455
686 2456
687 2457
688 2457
689 2458
690 2458
691 2459
692 2459
693 2460
694 2460
695 2460
696 2460
697 2460
698 2460
699 2460
700 2460
701 2461
702 2461
703 2462
704 2463
705 2463
706 2464
707 2465
708 2465
709 2466
710 2466
711 2466
712 2466
713 2466
714 2466
715 2466
716 2466
717 2466
718 2466
719 2466
720 2466
721 2466
722 2466
723 2466
724 2466
725 2466
726 2466
727 2466
728 2466
729 2466
730 2466
731 2466
732 2466
733 2466
734 2466
735 2466
736 2466
737 2466
738 2466
739 2466
740 2466
741 2466
742 2466
743 2466
744 2466
745 2466
746 2466
747 2466
748 2466
749 2465
750 2465
751 2465
752 2465
753 2464
754 2464
755 2464
756 2464
757 2464
758 2464
759 2463
760 2463
761 2463
762 2463
763 2462
764 2462
765 2462
766 2462
767 2461
768 2461
769 2461
770 2461
771 2460
772 2460
773 2460
774 2460
775 2459
776 2459
777 2459
778 2459
779 2458
780 2458
781 2458
782 2458
783 2457
784 2457
785 2457
786 2457
787 2456
788 2456
789 2456
790 2456
791 2456
792 2456
793 2456
794 2456
795 2456
796 2456
797 2456
798 2456
799 2456
800 2456
801 2456
802 2456
803 2456
804 2456
805 2457
806 2457
807 2457
808 2457
809 2458
810 2458
811 2458
812 2458
813 2458
814 2458
815 2458
816 2458
817 2458
818 2458
819 2459
820 2459
821 2459
822 2459
823 2460
824 2460
825 2460
826 2460
827 2460
828 2460
829 2460
830 2460
831 2460
832 2460
833 2460
834 2460
835 2461
836 2461
837 2461
838 2461
839 2462
840 2462
841 2462
842 2462
843 2462
844 2462
845 2462
846 2462
847 2462
848 2462
849 2462
850 2462
851 2462
852 2462
853 2462
854 2462
855 2462
856 2462
857 2462
858 2462
859 2462
860 2462
861 2462
862 2462
863 2462
864 2462
865 2462
866 2462
867 2463
868 2463
869 2463
870 2463
871 2464
872 2464
873 2464
874 2464
875 2464
876 2464
877 2464
878 2464
879 2464
880 2464
881 2464
882 2464
883 2464
884 2464
885 2464
886 2464
887 2464
888 2464
889 2464
890 2464
891 2464
892 2464
893 2464
894 2464
895 2464
896 2464
897 2464
898 2464
899 2464
900 2464
901 2463
902 2463
903 2463
904 2463
905 2462
906 2462
907 2462
908 2462
909 2461
910 2461
911 2461
912 2461
913 2460
914 2459
915 2459
916 2459
917 2458
918 2458
919 2457
920 2457
921 2457
922 2457
923 2456
924 2455
925 2455
926 2455
927 2454
928 2454
929 2453
930 2453
931 2453
932 2453
933 2452
934 2451
935 2451
936 2451
937 2450
938 2449
939 2448
940 2448
941 2447
942 2447
943 2446
944 2445
945 2444
946 2444
947 2443
948 2443
949 2442
950 2442
951 2441
952 2441
953 2441
954 2441
955 2440
956 2439
957 2438
958 2437
959 2437
959 2436
960 2435
961 2435
961 2434
962 2433
963 2433
963 2432
964 2431
965 2431
965 2430
966 2429
967 2429
967 2428
968 2427
969 2426
970 2425
971 2424
971 2423
972 2422
973 2421
973 2420
974 2419
975 2419
975 2418
976 2417
977 2416
977 2415
978 2414
978 2413
977 2412
977 2411
977 2410
977 2409
976 2408
976 2407
976 2406
976 2405
976 2404
976 2403
975 2402
975 2401
975 2400
975 2399
974 2398
974 2397
973 2396
973 2395
973 2394
973 2393
972 2392
972 2391
972 2390
972 2389
972 2388
972 2387
972 2386
972 2385
972 2384
972 2383
972 2382
972 2381
972 2380
972 2379
972 2378
972 2377
972 2376
972 2375
972 2374
972 2373
971 2372
971 2371
971 2370
971 2369
970 2368
970 2367
970 2366
970 2365
970 2364
970 2363
969 2362
969 2361
969 2360
969 2359
968 2358
968 2357
968 2356
968 2355
968 2354
968 2353
967 2352
967 2351
967 2350
967 2349
966 2348
966 2347
966 2346
966 2345
966 2344
966 2343
966 2342
966 2341
965 2340
965 2339
964 2338
963 2337
963 2336
962 2336
961 2335
961 2334
960 2334
959 2333
959 2332
958 2331
957 2330
957 2329
956 2328
955 2327
955 2326
955 2325
954 2324
953 2323
953 2322
953 2321
952 2320
952 2319
952 2318
952 2317
952 2316
952 2315
952 2314
952 2313
952 2312
952 2311
951 2310
951 2309
950 2308
949 2307
949 2306
948 2306
947 2305
947 2304
946 2304
945 2303
945 2302
944 2302
943 2301
943 2300
942 2300
941 2299
940 2298
939 2298
938 2297
937 2297
936 2297
935 2297
934 2297
933 2297
932 2296
931 2296
930 2296
929 2296
928 2295
927 2295
926 2295
925 2295
924 2295
923 2295
922 2295
921 2295
920 2295
919 2295
918 2295
917 2295
916 2295
915 2295
914 2295
913 2295
912 2295
911 2295
910 2295
909 2295
908 2295
907 2295
906 2294
905 2294
904 2294
903 2294
902 2293
901 2293
900 2292
899 2292
898 2292
897 2292
896 2291
895 2291
894 2291
893 2291
892 2291
891 2291
890 2291
889 2291
888 2291
887 2291
886 2291
885 2291
884 2291
883 2291
882 2291
881 2291
880 2291
879 2291
878 2291
877 2291
876 2291
875 2291
874 2291
873 2291
872 2291
871 2291
870 2291
869 2291
868 2291
867 2291
866 2291
865 2291
864 2291
863 2291
862 2291
861 2291
860 2291
859 2291
858 2291
857 2291
