2415 2751
2414 2752
2413 2752
2412 2752
2411 2752
2410 2753
2409 2754
2408 2755
2407 2756
2406 2757
2405 2758
2404 2759
2404 2760
2404 2761
2403 2762
2402 2763
2402 2764
2402 2765
2401 2766
2400 2767
2400 2768
2399 2769
2398 2770
2398 2771
2397 2772
2396 2772
2396 2773
2395 2774
2394 2774
2394 2775
2393 2776
2392 2776
2391 2777
2390 2778
2389 2778
2388 2779
2387 2780
2386 2780
2385 2780
2384 2781
2383 2781
2382 2782
2381 2782
2380 2783
2379 2784
2378 2785
2377 2786
2376 2787
2376 2788
2375 2789
2374 2790
2374 2791
2373 2792
2372 2792
2371 2793
2370 2794
2369 2794
2368 2795
2367 2796
2366 2797
2365 2798
2364 2798
2363 2799
2362 2800
2361 2800
2360 2801
2359 2802
2358 2803
2357 2804
2356 2804
2355 2805
2354 2806
2353 2806
2352 2807
2351 2808
2350 2809
2349 2809
2348 2810
2347 2810
2346 2811
2345 2812
2344 2812
2343 2812
2342 2813
2341 2814
2340 2814
2339 2814
2338 2815
2337 2815
2336 2816
2335 2816
2334 2817
2333 2817
2332 2818
2331 2818
2330 2819
2329 2820
2328 2821
2327 2821
2326 2822
2325 2822
2324 2823
2323 2823
2322 2823
2321 2823
2320 2824
2319 2824
2318 2824
2317 2824
2316 2825
2315 2825
2314 2825
2313 2825
2312 2826
2311 2826
2310 2826
2309 2826
2308 2827
2307 2827
2306 2827
2305 2827
2304 2828
2303 2828
2302 2828
2301 2828
2300 2829
2299 2829
2298 2829
2297 2829
2296 2829
2295 2829
2294 2829
2293 2829
2292 2829
2291 2829
2290 2829
2289 2829
2288 2829
2287 2829
2286 2829
2285 2829
2284 2830
2283 2830
2282 2830
2281 2830
2280 2831
2279 2832
2278 2832
2277 2832
2276 2833
2275 2833
2274 2833
2273 2833
2272 2834
2271 2834
2270 2834
2269 2834
2268 2835
2267 2835
2266 2835
2265 2835
2264 2835
2263 2835
2262 2836
2261 2836
2260 2837
2259 2838
2258 2838
2258 2839
2257 2840
2256 2840
2256 2841
2255 2842
2254 2842
2254 2843
2253 2844
2252 2844
2252 2845
2251 2846
2250 2846
2250 2847
2249 2848
2248 2848
2247 2849
2246 2850
2245 2850
2244 2851
2243 2852
2242 2853
2241 2854
2240 2855
2240 2856
2240 2857
2239 2858
2238 2859
2238 2860
2237 2861
2236 2862
2236 2863
2235 2864
2234 2864
2234 2865
2233 2866
2232 2866
2232 2867
2231 2868
2230 2868
2229 2869
2228 2870
2227 2870
2226 2871
2225 2872
2224 2873
2223 2873
2222 2874
2221 2874
2220 2875
2219 2876
2218 2876
2217 2876
2216 2877
2215 2878
2214 2879
2214 2880
2213 2881
2213 2882
2212 2883
2212 2884
2212 2885
2212 2886
2211 2887
2211 2888
2210 2889
2210 2890
2210 2891
2209 2892
2208 2893
2208 2894
2208 2895
2207 2896
2206 2897
2206 2898
2206 2899
2206 2900
2205 2901
2205 2902
2205 2903
2205 2904
2205 2905
2205 2906
2205 2907
2205 2908
2205 2909
2205 2910
2206 2911
2206 2912
2207 2913
2208 2914
2209 2915
2210 2915
2211 2916
2212 2917
2213 2918
2214 2919
2215 2920
2216 2921
2217 2922
2218 2922
2219 2922
2220 2922
2221 2923
2222 2923
2223 2923
2224 2923
2225 2924
2226 2924
2227 2924
2228 2924
2229 2924
2230 2924
2231 2924
2232 2924
2233 2925
2234 2925
2235 2926
2236 2927
2236 2928
2237 2929
2237 2930
2237 2931
2237 2932
2237 2933
2237 2934
2237 2935
2237 2936
2237 2937
2237 2938
2238 2939
2238 2940
2239 2941
2240 2941
2241 2942
2242 2942
2243 2942
2244 2942
2245 2942
2246 2942
2247 2942
2248 2942
2249 2942
2250 2942
2251 2943
2252 2943
2253 2943
2254 2943
2255 2944
2256 2944
2257 2945
2258 2945
2259 2946
2260 2947
2261 2948
2262 2949
2262 2950
2263 2951
2264 2952
2265 2953
2266 2954
2266 2955
2267 2955
2268 2956
2269 2957
2270 2958
2271 2959
2272 2959
2273 2960
2274 2960
2275 2961
2276 2961
2277 2962
2278 2962
2279 2963
2280 2963
2281 2963
2282 2963
2283 2964
2284 2964
2285 2964
2286 2964
2287 2964
2288 2964
2289 2965
2290 2965
2291 2966
2292 2966
2293 2967
2294 2968
2295 2969
2296 2969
2297 2969
2298 2969
2299 2970
2300 2970
2301 2970
2302 2970
2303 2970
2304 2970
2305 2970
2306 2970
2307 2970
2308 2970
2309 2971
2310 2971
2311 2972
2312 2973
2313 2973
2314 2974
2314 2975
2315 2975
2316 2976
2316 2977
2317 2977
2318 2978
2318 2979
2319 2979
2320 2980
2320 2981
2321 2982
2322 2983
2322 2984
2323 2985
2324 2986
2324 2987
2324 2988
2325 2989
2326 2990
2327 2991
2328 2992
2329 2993
2330 2993
2331 2993
2332 2994
2333 2995
2334 2995
2335 2995
2336 2996
2337 2997
2338 2997
2339 2997
2340 2997
2341 2998
2342 2998
2343 2998
2344 2998
2345 2998
2346 2998
2347 2999
2348 2999
2349 3000
2350 3000
2351 3001
2352 3001
2353 3002
2354 3002
2355 3002
2356 3002
2357 3002
2358 3002
2359 3003
2360 3003
2361 3003
2362 3003
2363 3004
2364 3004
2365 3004
2366 3004
2367 3004
2368 3004
2369 3004
2370 3004
2371 3004
2372 3004
2373 3004
2374 3004
2375 3004
2376 3004
2377 3005
2378 3005
2379 3005
2380 3006
2381 3007
2382 3007
2383 3007
2384 3007
2385 3008
2386 3008
2387 3008
2388 3008
2389 3008
2390 3008
2391 3008
2392 3008
2393 3008
2394 3008
2395 3008
2396 3008
2397 3008
2398 3008
2399 3008
2400 3008
2401 3008
2402 3008
2403 3009
2404 3009
2405 3010
2406 3010
2407 3011
2408 3011
2409 3011
2410 3011
2411 3012
2412 3012
2413 3011
2414 3011
2415 3012
2416 3012
2417 3011
2418 3011
2419 3011
2420 3011
2421 3010
2422 3010
2423 3010
2424 3010
2425 3009
2426 3009
2427 3009
2428 3009
2429 3008
2430 3008
2431 3008
2432 3008
2433 3008
2434 3008
2435 3007
2436 3007
2437 3007
2438 3007
2439 3006
2440 3006
2441 3006
2442 3006
2443 3006
2444 3006
2445 3006
2446 3006
2447 3006
2448 3006
2449 3006
2450 3006
2451 3006
2452 3006
2453 3006
2454 3006
2455 3006
2456 3006
2457 3005
2458 3005
2459 3005
2460 3005
2461 3004
2462 3004
2463 3004
2464 3004
2465 3004
2466 3004
2467 3004
2468 3004
2469 3004
2470 3004
2471 3003
2472 3003
2473 3003
2474 3003
2475 3002
2476 3002
2477 3001
2478 3001
2479 3001
2480 3001
2481 3000
2482 2999
2483 2998
2484 2998
2485 2997
2486 2997
2487 2996
2488 2996
2489 2996
2490 2996
2491 2996
2492 2996
2493 2996
2494 2996
2495 2996
2496 2996
2497 2996
2498 2996
2499 2996
2500 2996
2501 2996
2502 2996
2503 2996
2504 2996
2505 2996
2506 2996
2507 2996
2508 2996
2509 2996
2510 2996
2511 2996
2512 2996
2513 2996
2514 2996
2515 2996
2516 2996
2517 2996
2518 2996
2519 2995
2520 2995
2521 2994
2522 2993
2523 2993
2524 2992
2525 2991
2526 2991
2527 2991
2528 2991
2529 2991
2530 2991
2531 2992
2532 2992
2533 2992
2534 2992
2535 2992
2536 2992
2537 2992
2538 2992
2539 2992
2540 2992
2541 2992
2542 2992
2543 2992
2544 2992
2545 2992
2546 2992
2547 2992
2548 2992
2549 2991
2550 2991
2551 2991
2552 2991
2553 2990
2554 2990
2555 2990
2556 2990
2557 2990
2558 2990
2559 2989
2560 2989
2561 2988
2562 2987
2563 2987
2563 2986
2564 2985
2565 2985
2565 2984
2566 2983
2567 2983
2567 2982
2568 2981
2569 2981
2569 2980
2570 2979
2571 2979
2571 2978
2572 2977
2573 2977
2573 2976
2574 2975
2575 2975
2575 2974
2576 2973
2577 2973
2577 2972
2578 2971
2579 2971
2579 2970
2580 2969
2581 2969
2581 2968
2582 2967
2583 2967
2583 2966
2584 2965
2585 2965
2585 2964
2586 2963
2587 2963
2587 2962
2588 2961
2589 2961
2589 2960
2590 2959
2591 2958
2591 2957
2592 2956
2592 2955
2592 2954
2592 2953
2592 2952
2592 2951
2593 2950
2593 2949
2593 2948
2594 2947
2595 2946
2595 2945
2596 2944
2596 2943
2597 2942
2598 2941
2599 2940
2599 2939
2600 2938
2600 2937
2601 2936
2601 2935
2602 2934
2602 2933
2602 2932
2602 2931
2602 2930
2602 2929
2602 2928
2602 2927
2602 2926
2602 2925
2602 2924
2602 2923
2602 2922
2602 2921
2602 2920
2602 2919
2603 2918
2603 2917
2603 2916
2603 2915
2604 2914
2604 2913
2604 2912
2604 2911
2604 2910
2604 2909
2604 2908
2604 2907
2604 2906
2604 2905
2604 2904
2604 2903
2604 2902
2604 2901
2604 2900
2604 2899
2604 2898
2604 2897
2604 2896
2604 2895
2604 2894
2604 2893
2604 2892
2604 2891
2603 2890
2603 2889
2602 2888
2602 2887
2601 2886
2601 2885
2600 2884
2600 2883
2600 2882
2600 2881
2600 2880
2600 2879
2600 2878
2600 2877
2600 2876
2600 2875
2600 2874
2600 2873
2601 2872
2601 2871
2601 2870
2601 2869
2602 2868
2602 2867
2602 2866
2602 2865
2602 2864
2602 2863
2602 2862
2602 2861
2602 2860
2602 2859
2602 2858
2602 2857
2601 2856
2601 2855
2600 2854
2599 2853
2599 2852
2598 2852
2597 2851
2597 2850
2596 2849
2595 2848
2595 2847
2594 2846
2593 2845
2593 2844
2593 2843
2592 2842
2591 2841
2591 2840
2591 2839
2590 2838
2589 2837
2588 2836
2587 2835
2587 2834
2586 2834
2585 2833
2585 2832
2584 2832
2583 2831
2583 2830
2582 2830
2581 2829
2581 2828
2580 2828
2579 2827
2579 2826
2578 2826
2577 2825
2577 2824
2576 2824
2575 2823
2575 2822
2574 2821
2573 2820
2573 2819
2572 2818
2572 2817
2571 2816
2571 2815
2570 2814
2569 2813
2569 2812
2568 2812
2567 2811
2567 2810
2566 2810
2565 2809
2565 2808
2564 2808
2563 2807
2563 2806
2562 2806
2561 2805
2560 2804
2559 2803
2558 2802
2557 2802
2556 2801
2555 2800
2554 2800
2553 2799
2553 2798
2552 2798
2551 2797
2551 2796
2550 2796
2549 2795
2549 2794
2548 2794
2547 2793
2547 2792
2546 2792
2545 2791
2545 2790
2544 2790
2543 2789
2543 2788
2542 2788
2541 2787
2540 2786
2539 2785
2538 2784
2537 2784
2536 2783
2535 2782
2535 2781
2534 2780
2533 2779
2532 2778
2531 2777
2530 2776
2529 2775
2528 2774
2527 2774
2526 2773
2525 2772
2524 2772
2523 2771
2523 2770
2522 2770
2521 2769
2521 2768
2520 2768
2519 2767
2519 2766
2518 2766
2517 2765
2516 2764
2515 2763
2514 2762
2513 2762
2512 2762
2511 2762
2510 2761
2509 2761
2508 2760
2507 2760
2506 2760
2505 2760
2504 2759
2503 2759
2502 2759
2501 2759
2500 2759
2499 2759
2498 2760
2497 2760
2496 2760
2495 2760
2494 2761
2493 2761
2492 2761
2491 2761
2490 2761
2489 2761
2488 2761
2487 2761
2486 2761
2485 2761
2484 2761
2483 2761
2482 2761
2481 2761
2480 2761
2479 2761
2478 2761
2477 2761
2476 2761
2475 2761
2474 2761
2473 2761
2472 2761
2471 2761
2470 2760
2469 2760
2468 2760
2467 2759
2466 2758
2465 2758
2464 2758
2463 2758
2462 2757
2461 2757
2460 2756
2459 2756
2458 2756
2457 2756
2456 2755
2455 2755
2454 2755
2453 2755
2452 2755
2451 2755
2450 2755
2449 2755
2448 2756
2447 2757
2446 2758
2445 2759
2444 2760
2443 2760
2442 2760
2441 2760
2440 2759
2439 2758
2438 2758
2437 2757
2436 2756
2435 2755
2434 2754
2433 2754
2432 2754
2431 2754
2430 2753
2429 2753
2428 2752
2427 2752
2426 2752
2425 2752
2424 2751
2423 2751
2422 2751
2421 2751
2420 2751
2419 2751
2418 2751
2417 2751
2416 2751
2415 2751
