1291 2189
1290 2190
1289 2190
1288 2190
1287 2190
1286 2191
1285 2191
1284 2192
1283 2192
1282 2193
1281 2193
1280 2194
1279 2194
1278 2195
1277 2195
1276 2195
1275 2195
1274 2195
1273 2195
1272 2195
1271 2195
1270 2195
1269 2195
1268 2195
1267 2195
1266 2196
1265 2196
1264 2196
1263 2196
1262 2197
1261 2197
1260 2198
1259 2198
1258 2198
1257 2198
1256 2199
1255 2199
1254 2199
1253 2199
1252 2200
1251 2200
1250 2200
1249 2200
1248 2201
1247 2201
1246 2201
1245 2201
1244 2201
1243 2201
1242 2202
1241 2202
1240 2203
1239 2203
1238 2204
1237 2204
1236 2205
1235 2205
1234 2206
1233 2206
1232 2206
1231 2206
1230 2206
1229 2206
1228 2205
1227 2205
1226 2204
1225 2203
1224 2202
1223 2202
1222 2201
1221 2201
1220 2200
1219 2200
1218 2199
1217 2199
1216 2199
1215 2199
1214 2199
1213 2199
1212 2199
1211 2199
1210 2199
1209 2199
1208 2199
1207 2199
1206 2200
1205 2200
1204 2200
1203 2200
1202 2201
1201 2201
1200 2201
1199 2201
1198 2201
1197 2201
1196 2201
1195 2201
1194 2201
1193 2201
1192 2200
1191 2200
1190 2200
1189 2200
1188 2199
1187 2199
1186 2199
1185 2199
1184 2199
1183 2199
1182 2200
1181 2200
1180 2200
1179 2200
1178 2201
1177 2201
1176 2201
1175 2201
1174 2201
1173 2201
1172 2201
1171 2201
1170 2201
1169 2201
1168 2201
1167 2201
1166 2201
1165 2201
1164 2201
1163 2201
1162 2201
1161 2201
1160 2201
1159 2201
1158 2201
1157 2201
1156 2201
1155 2201
1154 2201
1153 2201
1152 2201
1151 2201
1150 2202
1149 2202
1148 2202
1147 2202
1146 2203
1145 2203
1144 2203
1143 2203
1142 2203
1141 2203
1140 2203
1139 2203
1138 2203
1137 2203
1136 2203
1135 2203
1134 2204
1133 2204
1132 2204
1131 2204
1130 2205
1129 2206
1128 2206
1127 2206
1126 2207
1125 2207
1124 2208
1123 2208
1122 2208
1121 2208
1120 2209
1119 2209
1118 2209
1117 2209
1116 2209
1115 2209
1114 2209
1113 2209
1112 2209
1111 2209
1110 2209
1109 2209
1108 2209
1107 2209
1106 2209
1105 2209
1104 2209
1103 2209
1102 2209
1101 2209
1100 2209
1099 2209
1098 2209
1097 2209
1096 2209
1095 2209
1094 2209
1093 2209
1092 2209
1091 2209
1090 2209
1089 2209
1088 2209
1087 2209
1086 2209
1085 2209
1084 2209
1083 2209
1082 2209
1081 2209
1080 2209
1079 2209
1078 2209
1077 2209
1076 2209
1075 2209
1074 2209
1073 2209
1072 2209
1071 2209
1070 2209
1069 2209
1068 2209
1067 2209
1066 2209
1065 2209
1064 2209
1063 2209
1062 2210
1061 2210
1060 2210
1059 2210
1058 2211
1057 2211
1056 2212
1055 2212
1054 2212
1053 2212
1052 2213
1051 2214
1050 2215
1049 2215
1048 2216
1047 2216
1046 2217
1045 2218
1044 2218
1043 2218
1042 2219
1041 2220
1040 2221
1039 2222
1038 2223
1038 2224
1038 2225
1037 2226
1036 2227
1036 2228
1036 2229
1036 2230
1035 2231
1035 2232
1035 2233
1035 2234
1035 2235
1035 2236
1035 2237
1035 2238
1035 2239
1035 2240
1035 2241
1035 2242
1035 2243
1035 2244
1034 2245
1034 2246
1034 2247
1034 2248
1033 2249
1033 2250
1033 2251
1033 2252
1033 2253
1033 2254
1033 2255
1033 2256
1033 2257
1033 2258
1033 2259
1033 2260
1033 2261
1033 2262
1032 2263
1032 2264
1032 2265
1032 2266
1031 2267
1031 2268
1031 2269
1031 2270
1031 2271
1031 2272
1030 2273
1030 2274
1030 2275
1030 2276
1029 2277
1029 2278
1028 2279
1028 2280
1028 2281
1028 2282
1027 2283
1027 2284
1026 2285
1026 2286
1026 2287
1026 2288
1025 2289
1025 2290
1025 2291
1025 2292
1025 2293
1025 2294
1025 2295
1025 2296
1025 2297
1025 2298
1025 2299
1025 2300
1026 2301
1026 2302
1026 2303
1026 2304
1027 2305
1027 2306
1027 2307
1027 2308
1027 2309
1027 2310
1027 2311
1027 2312
1027 2313
1027 2314
1027 2315
1027 2316
1027 2317
1027 2318
1027 2319
1027 2320
1027 2321
1027 2322
1027 2323
1027 2324
1027 2325
1027 2326
1027 2327
1027 2328
1027 2329
1027 2330
1027 2331
1027 2332
1028 2333
1028 2334
1028 2335
1028 2336
1029 2337
1029 2338
1029 2339
1029 2340
1029 2341
1029 2342
1029 2343
1029 2344
1030 2345
1030 2346
1030 2347
1030 2348
1031 2349
1031 2350
1031 2351
1031 2352
1031 2353
1031 2354
1032 2355
1032 2356
1032 2357
1032 2358
1033 2359
1033 2360
1033 2361
1033 2362
1034 2363
1034 2364
1034 2365
1034 2366
1035 2367
1035 2368
1035 2369
1035 2370
1035 2371
1035 2372
1036 2373
1036 2374
1037 2375
1037 2376
1038 2377
1038 2378
1039 2379
1039 2380
1040 2381
1040 2382
1041 2383
1042 2384
1043 2385
1044 2385
1045 2386
1046 2387
1047 2387
1048 2388
1048 2389
1049 2390
1050 2391
1050 2392
1051 2393
1052 2394
1053 2395
1054 2396
1054 2397
1055 2398
1056 2399
1056 2400
1057 2401
1058 2402
1059 2403
1060 2404
1060 2405
1061 2405
1062 2406
1062 2407
1063 2407
1064 2408
1065 2409
1066 2410
1067 2411
1068 2411
1069 2411
1070 2412
1071 2413
1072 2413
1073 2413
1074 2414
1075 2415
1076 2415
1077 2416
1078 2416
1079 2417
1080 2417
1081 2418
1082 2418
1083 2418
1084 2418
1085 2418
1086 2418
1087 2418
1088 2418
1089 2418
1090 2418
1091 2418
1092 2418
1093 2419
1094 2419
1095 2419
1096 2419
1097 2420
1098 2420
1099 2420
1100 2420
1101 2419
1102 2419
1103 2419
1104 2419
1105 2418
1106 2418
1107 2418
1108 2418
1109 2418
1110 2418
1111 2418
1112 2418
1113 2418
1114 2418
1115 2417
1116 2417
1117 2417
1118 2417
1119 2416
1120 2416
1121 2416
1122 2416
1123 2416
1124 2416
1125 2416
1126 2416
1127 2416
1128 2416
1129 2417
1130 2417
1131 2417
1132 2417
1133 2418
1134 2418
1135 2418
1136 2418
1137 2418
1138 2418
1139 2418
1140 2418
1141 2418
1142 2418
1143 2418
1144 2418
1145 2418
1146 2418
1147 2418
1148 2418
1149 2418
1150 2418
1151 2418
1152 2418
1153 2418
1154 2418
1155 2418
1156 2418
1157 2418
1158 2418
1159 2418
1160 2418
1161 2417
1162 2417
1163 2416
1164 2415
1165 2415
1166 2414
1167 2413
1168 2413
1169 2412
1170 2412
1171 2412
1172 2412
1173 2412
1174 2412
1175 2412
1176 2412
1177 2413
1178 2413
1179 2413
1180 2414
1181 2415
1182 2415
1183 2416
1184 2417
1185 2417
1186 2418
1187 2419
1188 2420
1189 2421
1190 2421
1191 2421
1192 2421
1193 2422
1194 2422
1195 2423
1196 2423
1197 2424
1198 2424
1199 2425
1200 2426
1201 2427
1202 2427
1203 2427
1204 2427
1205 2428
1206 2428
1207 2429
1208 2429
1209 2429
1210 2429
1211 2430
1212 2430
1213 2431
1214 2431
1215 2431
1216 2431
1217 2432
1218 2432
1219 2432
1220 2432
1221 2433
1222 2433
1223 2433
1224 2433
1225 2434
1226 2434
1227 2434
1228 2434
1229 2434
1230 2434
1231 2434
1232 2434
1233 2434
1234 2434
1235 2434
1236 2434
1237 2434
1238 2434
1239 2434
1240 2434
1241 2434
1242 2434
1243 2433
1244 2433
1245 2433
1246 2433
1247 2432
1248 2431
1249 2431
1250 2431
1251 2430
1252 2429
1253 2429
1254 2429
1255 2428
1256 2427
1257 2426
1258 2426
1259 2425
1260 2425
1261 2424
1262 2423
1263 2422
1264 2422
1265 2421
1266 2421
1267 2420
1268 2420
1269 2420
1270 2420
1271 2419
1272 2419
1273 2419
1274 2419
1275 2418
1276 2417
1277 2416
1278 2416
1279 2415
1280 2415
1281 2414
1282 2414
1283 2413
1284 2413
1285 2412
1286 2411
1287 2411
1287 2410
1288 2409
1289 2408
1289 2407
1290 2406
1290 2405
1290 2404
1290 2403
1291 2402
1291 2401
1292 2400
1293 2399
1294 2399
1295 2398
1296 2398
1297 2398
1298 2398
1299 2398
1300 2398
1301 2398
1302 2398
1303 2398
1304 2398
1305 2398
1306 2398
1307 2398
1308 2398
1309 2398
1310 2398
1311 2397
1312 2397
1313 2397
1314 2397
1315 2396
1316 2396
1317 2396
1318 2396
1319 2396
1320 2396
1321 2397
1322 2397
1323 2398
1324 2398
1325 2399
1326 2400
1327 2401
1328 2401
1329 2401
1330 2401
1331 2402
1332 2402
1333 2402
1334 2402
1335 2403
1336 2403
1337 2403
1338 2404
1339 2405
1340 2405
1341 2405
1342 2405
1343 2406
1344 2406
1345 2406
1346 2406
1347 2406
1348 2406
1349 2406
1350 2406
1351 2406
1352 2406
1353 2406
1354 2406
1355 2406
1356 2406
1357 2406
1358 2406
1359 2406
1360 2406
1361 2406
1362 2406
1363 2406
1364 2406
1365 2406
1366 2406
1367 2405
1368 2405
1369 2405
1370 2405
1371 2404
1372 2404
1373 2404
1374 2404
1375 2404
1376 2404
1377 2404
1378 2404
1379 2405
1380 2405
1381 2405
1382 2405
1383 2406
1384 2406
1385 2406
1386 2406
1387 2406
1388 2406
1389 2406
1390 2406
1391 2406
1392 2406
1393 2405
1394 2405
1395 2405
1396 2405
1397 2404
1398 2404
1399 2404
1400 2404
1401 2403
1402 2403
1403 2402
1404 2401
1405 2401
1406 2400
1407 2399
1408 2399
1409 2398
1410 2398
1411 2397
1412 2397
1413 2396
1414 2395
1415 2395
1415 2394
1416 2393
1417 2393
1418 2392
1419 2391
1420 2391
1421 2390
1422 2390
1423 2390
1424 2390
1425 2389
1426 2389
1427 2388
1428 2387
1429 2387
1430 2386
1431 2385
1432 2385
1433 2384
1434 2383
1435 2383
1436 2383
1437 2382
1438 2382
1439 2382
1440 2382
1441 2381
1442 2381
1443 2380
1444 2379
1445 2378
1446 2377
1447 2376
1447 2375
1448 2374
1448 2373
1449 2372
1450 2371
1451 2370
1451 2369
1451 2368
1452 2367
1453 2366
1453 2365
1453 2364
1454 2363
1455 2362
1455 2361
1455 2360
1456 2359
1457 2358
1457 2357
1457 2356
1458 2355
1459 2354
1459 2353
1459 2352
1460 2351
1461 2350
1461 2349
1462 2348
1462 2347
1463 2346
1464 2345
1465 2344
1465 2343
1466 2342
1467 2341
1467 2340
1468 2339
1469 2339
1470 2338
1471 2337
1472 2337
1473 2336
1474 2335
1475 2334
1476 2333
1477 2332
1477 2331
1478 2330
1479 2329
1479 2328
1480 2327
1481 2326
1482 2325
1483 2324
1483 2323
1483 2322
1484 2321
1485 2320
1485 2319
1485 2318
1485 2317
1486 2316
1486 2315
1486 2314
1486 2313
1486 2312
1486 2311
1485 2310
1485 2309
1484 2308
1484 2307
1483 2306
1483 2305
1482 2304
1481 2303
1481 2302
1481 2301
1480 2300
1480 2299
1480 2298
1480 2297
1480 2296
1480 2295
1480 2294
1480 2293
1480 2292
1480 2291
1480 2290
1480 2289
1480 2288
1480 2287
1480 2286
1480 2285
1480 2284
1480 2283
1480 2282
1480 2281
1480 2280
1480 2279
1480 2278
1480 2277
1480 2276
1480 2275
1480 2274
1480 2273
1480 2272
1480 2271
1480 2270
1480 2269
1479 2268
1479 2267
1479 2266
1479 2265
1478 2264
1478 2263
1477 2262
1477 2261
1476 2260
1475 2259
1475 2258
1474 2258
1473 2257
1473 2256
1472 2256
1471 2255
1471 2254
1470 2253
1469 2252
1469 2251
1468 2250
1467 2249
1466 2248
1465 2247
1465 2246
1464 2246
1463 2245
1463 2244
1462 2244
1461 2243
1461 2242
1460 2242
1459 2241
1459 2240
1458 2240
1457 2239
1456 2238
1455 2237
1454 2236
1453 2236
1452 2236
1451 2235
1450 2234
1449 2234
1448 2234
1447 2233
1446 2232
1445 2232
1444 2232
1443 2232
1442 2231
1441 2231
1440 2230
1439 2230
1438 2230
1437 2229
1436 2228
1435 2228
1434 2228
1433 2228
1432 2227
1431 2227
1430 2227
1429 2227
1428 2227
1427 2227
1426 2227
1425 2227
1424 2226
1423 2226
1422 2226
1421 2226
1420 2225
1419 2225
1418 2225
1417 2225
1416 2226
1415 2226
1414 2226
1413 2226
1412 2227
1411 2228
1410 2228
1409 2228
1408 2229
1407 2230
1406 2230
1405 2230
1404 2231
1403 2231
1402 2230
1401 2230
1400 2230
1399 2229
1398 2228
1397 2228
1396 2228
1395 2228
1394 2227
1393 2227
1392 2226
1391 2226
1390 2226
1389 2225
1388 2224
1387 2224
1386 2223
1385 2223
1384 2222
1383 2222
1382 2221
1381 2221
1380 2221
1379 2221
1378 2220
1377 2220
1376 2219
1375 2219
1374 2218
1373 2218
1372 2217
1371 2217
1370 2217
1369 2217
1368 2217
1367 2217
1366 2216
1365 2216
1364 2215
1363 2214
1362 2214
1361 2213
1360 2212
1359 2212
1358 2211
1357 2211
1356 2210
1355 2210
1354 2210
1353 2209
1352 2208
1351 2208
1350 2208
1349 2208
1348 2207
1347 2207
1346 2207
1345 2207
1344 2206
1343 2206
1342 2205
1341 2204
1340 2204
1339 2203
1338 2202
1337 2201
1336 2200
1335 2200
1334 2199
1333 2198
1332 2198
1331 2197
1330 2196
1329 2195
1328 2194
1327 2194
1326 2194
1325 2194
1324 2193
1323 2193
1322 2193
1321 2193
1320 2193
1319 2193
1318 2192
1317 2192
1316 2192
1315 2192
1314 2191
1313 2191
1312 2191
1311 2191
1310 2191
1309 2191
1308 2191
1307 2191
1306 2191
1305 2191
1304 2191
1303 2191
1302 2191
1301 2191
1300 2191
1299 2191
1298 2191
1297 2191
1296 2190
1295 2190
1294 2190
1293 2190
1292 2189
1291 2189
