921 4943
920 4944
919 4944
918 4944
917 4944
916 4945
915 4945
914 4945
913 4945
912 4945
911 4945
910 4945
909 4945
908 4945
907 4945
906 4945
905 4945
904 4945
903 4945
902 4945
901 4945
900 4946
899 4946
898 4946
897 4946
896 4947
895 4948
894 4949
893 4949
892 4950
891 4950
890 4951
889 4951
888 4952
887 4952
886 4953
885 4954
884 4954
884 4955
883 4956
882 4956
882 4957
881 4958
880 4958
880 4959
879 4960
878 4960
878 4961
877 4962
876 4962
876 4963
875 4964
874 4965
873 4966
872 4967
872 4968
871 4969
870 4970
869 4970
868 4971
867 4972
866 4973
865 4974
864 4974
864 4975
863 4976
862 4976
862 4977
861 4978
860 4978
860 4979
859 4980
858 4980
858 4981
857 4982
856 4982
856 4983
855 4984
854 4984
854 4985
853 4986
852 4987
851 4988
850 4989
850 4990
850 4991
850 4992
849 4993
849 4994
848 4995
848 4996
847 4997
847 4998
846 4999
846 5000
845 5001
845 5002
845 5003
845 5004
845 5005
845 5006
845 5007
845 5008
846 5009
846 5010
847 5011
848 5012
848 5013
849 5013
850 5014
850 5015
851 5015
852 5016
852 5017
853 5017
854 5018
855 5019
856 5019
857 5020
858 5020
859 5020
860 5020
861 5021
862 5021
863 5022
864 5023
865 5023
866 5024
867 5025
868 5026
869 5027
870 5027
871 5028
872 5028
873 5029
874 5029
875 5030
876 5030
877 5030
878 5030
879 5031
880 5031
881 5031
882 5031
883 5032
884 5032
885 5032
886 5032
887 5032
888 5032
889 5033
890 5033
891 5034
892 5035
893 5035
894 5036
894 5037
895 5037
896 5038
897 5039
898 5039
899 5040
900 5040
901 5040
902 5040
903 5040
904 5040
905 5040
906 5040
907 5040
908 5040
909 5040
910 5040
911 5040
912 5040
913 5040
914 5040
915 5040
916 5040
917 5040
918 5040
919 5040
920 5040
921 5040
922 5040
923 5040
924 5040
925 5040
926 5040
927 5040
928 5040
929 5040
930 5040
931 5040
932 5040
933 5039
934 5039
935 5039
936 5039
937 5038
938 5037
939 5036
940 5035
941 5035
941 5034
942 5033
943 5033
944 5032
945 5031
946 5031
947 5030
948 5030
949 5030
950 5030
951 5030
952 5030
953 5030
954 5030
955 5030
956 5030
957 5030
958 5030
959 5030
960 5030
961 5030
962 5030
963 5029
964 5029
965 5029
966 5029
967 5028
968 5028
969 5028
970 5028
971 5027
972 5027
973 5026
974 5026
975 5025
976 5025
977 5024
978 5023
979 5022
980 5022
981 5021
982 5021
983 5020
984 5019
985 5019
986 5019
987 5018
988 5017
989 5017
990 5017
991 5016
992 5016
993 5015
994 5015
995 5014
996 5013
997 5013
998 5012
999 5011
1000 5011
1001 5010
1002 5009
1003 5008
1004 5007
1005 5006
1006 5005
1007 5004
1007 5003
1007 5002
1007 5001
1008 5000
1008 4999
1008 4998
1008 4997
1008 4996
1008 4995
1008 4994
1008 4993
1008 4992
1008 4991
1008 4990
1008 4989
1008 4988
1008 4987
1007 4986
1007 4985
1006 4984
1005 4983
1005 4982
1004 4982
1003 4981
1003 4980
1002 4980
1001 4979
1000 4978
999 4978
998 4977
997 4977
996 4976
995 4976
994 4975
993 4974
992 4974
991 4973
990 4972
989 4972
988 4971
987 4971
986 4971
985 4971
984 4971
983 4971
982 4970
981 4970
980 4969
979 4968
978 4968
977 4967
977 4966
976 4966
975 4965
974 4964
973 4963
972 4962
971 4962
970 4962
969 4961
968 4960
967 4960
966 4959
965 4959
964 4958
963 4957
962 4956
961 4956
960 4956
959 4955
958 4954
957 4954
956 4954
955 4953
954 4952
953 4952
952 4952
951 4951
950 4950
949 4950
948 4950
947 4949
946 4948
945 4948
944 4948
943 4947
942 4946
941 4946
940 4946
939 4945
938 4944
937 4944
936 4944
935 4944
934 4943
933 4943
932 4943
931 4943
930 4943
929 4943
928 4943
927 4943
926 4943
925 4943
924 4943
923 4943
922 4943
921 4943
