859 5583
858 5584
857 5584
856 5585
856 5586
855 5587
855 5588
856 5589
856 5590
856 5591
856 5592
857 5593
857 5594
857 5595
857 5596
857 5597
857 5598
857 5599
857 5600
857 5601
857 5602
857 5603
857 5604
858 5605
858 5606
859 5607
859 5608
860 5609
861 5610
862 5611
863 5612
864 5612
865 5613
866 5613
867 5614
868 5614
869 5615
870 5615
871 5616
872 5617
873 5617
874 5618
874 5619
875 5619
876 5620
876 5621
877 5621
878 5622
878 5623
879 5623
880 5624
880 5625
881 5626
882 5627
882 5628
883 5629
884 5630
885 5631
885 5632
886 5633
886 5634
887 5635
888 5636
889 5637
889 5638
890 5639
890 5640
891 5641
892 5642
893 5643
893 5644
894 5645
894 5646
895 5647
896 5648
897 5649
897 5650
898 5651
898 5652
899 5653
900 5654
901 5655
901 5656
902 5657
902 5658
903 5659
904 5660
905 5661
906 5662
906 5663
907 5664
908 5665
908 5666
909 5667
910 5668
911 5669
912 5670
912 5671
913 5671
914 5672
914 5673
915 5674
916 5675
916 5676
917 5677
918 5678
919 5679
919 5680
920 5681
920 5682
921 5683
922 5684
923 5685
924 5686
924 5687
925 5687
926 5688
926 5689
927 5689
928 5690
928 5691
929 5691
930 5692
930 5693
931 5693
932 5694
932 5695
933 5695
934 5696
934 5697
935 5697
936 5698
936 5699
937 5699
938 5700
938 5701
939 5701
940 5702
940 5703
941 5703
942 5704
942 5705
943 5705
944 5706
944 5707
945 5707
946 5708
946 5709
947 5709
948 5710
948 5711
949 5711
950 5712
950 5713
951 5713
952 5714
952 5715
953 5715
954 5716
955 5717
956 5718
957 5719
958 5719
959 5720
960 5721
961 5721
962 5722
962 5723
963 5723
964 5724
964 5725
965 5725
966 5726
966 5727
967 5727
968 5728
968 5729
969 5729
970 5730
970 5731
971 5731
972 5732
972 5733
973 5733
974 5734
975 5735
976 5736
977 5737
978 5737
979 5738
980 5739
981 5739
982 5740
983 5741
984 5742
985 5743
986 5743
987 5744
988 5744
989 5745
990 5746
991 5747
992 5747
993 5747
994 5747
995 5748
996 5748
997 5748
998 5748
999 5748
1000 5748
1001 5748
1002 5748
1003 5748
1004 5748
1005 5749
1006 5749
1007 5749
1008 5749
1009 5750
1010 5750
1011 5750
1012 5750
1013 5750
1014 5750
1015 5751
1016 5751
1017 5751
1018 5751
1019 5752
1020 5752
1021 5753
1022 5753
1023 5754
1024 5754
1025 5755
1026 5756
1027 5757
1028 5757
1029 5757
1030 5757
1031 5758
1032 5758
1033 5757
1034 5757
1035 5757
1036 5757
1037 5756
1038 5756
1039 5755
1040 5755
1041 5754
1042 5753
1043 5753
1044 5752
1045 5751
1046 5751
1047 5750
1048 5750
1049 5749
1050 5749
1051 5749
1052 5749
1053 5748
1054 5748
1055 5747
1056 5747
1057 5747
1058 5747
1059 5746
1060 5746
1061 5747
1062 5747
1063 5747
1064 5747
1065 5748
1066 5748
1067 5748
1068 5748
1069 5748
1070 5748
1071 5748
1072 5748
1073 5748
1074 5748
1075 5748
1076 5748
1077 5748
1078 5748
1079 5748
1080 5748
1081 5749
1082 5749
1083 5749
1084 5749
1085 5750
1086 5750
1087 5750
1088 5750
1089 5750
1090 5750
1091 5750
1092 5750
1093 5750
1094 5750
1095 5750
1096 5750
1097 5750
1098 5750
1099 5749
1100 5749
1101 5749
1102 5749
1103 5748
1104 5748
1105 5748
1106 5748
1107 5747
1108 5747
1109 5747
1110 5747
1111 5746
1112 5746
1113 5746
1114 5746
1115 5745
1116 5745
1117 5745
1118 5745
1119 5744
1120 5743
1121 5742
1122 5742
1123 5741
1124 5741
1125 5740
1126 5740
1127 5740
1128 5740
1129 5740
1130 5740
1131 5739
1132 5739
1133 5739
1134 5739
1135 5738
1136 5737
1137 5737
1138 5737
1139 5736
1140 5735
1141 5734
1142 5734
1143 5733
1144 5733
1145 5732
1146 5731
1147 5730
1148 5729
1149 5729
1150 5728
1151 5727
1152 5727
1153 5726
1154 5725
1155 5724
1156 5723
1157 5723
1158 5722
1159 5721
1160 5721
1161 5720
1162 5719
1163 5718
1164 5717
1165 5717
1165 5716
1166 5715
1167 5715
1167 5714
1168 5713
1169 5713
1169 5712
1170 5711
1171 5711
1171 5710
1172 5709
1173 5709
1174 5708
1175 5707
1176 5707
1177 5706
1178 5705
1179 5704
1180 5703
1181 5702
1181 5701
1182 5700
1182 5699
1183 5698
1183 5697
1184 5696
1184 5695
1185 5694
1185 5693
1186 5692
1186 5691
1186 5690
1186 5689
1186 5688
1186 5687
1186 5686
1186 5685
1186 5684
1186 5683
1186 5682
1186 5681
1186 5680
1186 5679
1186 5678
1186 5677
1186 5676
1186 5675
1186 5674
1186 5673
1185 5672
1185 5671
1185 5670
1185 5669
1184 5668
1184 5667
1184 5666
1184 5665
1183 5664
1183 5663
1183 5662
1183 5661
1182 5660
1182 5659
1182 5658
1182 5657
1182 5656
1182 5655
1181 5654
1181 5653
1180 5652
1179 5651
1179 5650
1178 5649
1177 5648
1177 5647
1176 5646
1175 5645
1175 5644
1175 5643
1174 5642
1173 5641
1173 5640
1173 5639
1172 5638
1171 5637
1170 5636
1169 5635
1169 5634
1168 5634
1167 5633
1166 5632
1165 5631
1164 5630
1163 5630
1162 5630
1161 5630
1160 5629
1159 5629
1158 5629
1157 5629
1156 5628
1155 5628
1154 5628
1153 5628
1152 5627
1151 5627
1150 5627
1149 5627
1148 5627
1147 5627
1146 5627
1145 5627
1144 5627
1143 5627
1142 5627
1141 5627
1140 5627
1139 5627
1138 5627
1137 5627
1136 5627
1135 5627
1134 5627
1133 5627
1132 5628
1131 5628
1130 5628
1129 5628
1128 5629
1127 5629
1126 5629
1125 5629
1124 5629
1123 5629
1122 5629
1121 5629
1120 5628
1119 5628
1118 5628
1117 5628
1116 5627
1115 5627
1114 5627
1113 5627
1112 5628
1111 5628
1110 5628
1109 5628
1108 5629
1107 5629
1106 5629
1105 5629
1104 5629
1103 5629
1102 5629
1101 5629
1100 5629
1099 5629
1098 5630
1097 5630
1096 5630
1095 5630
1094 5631
1093 5631
1092 5631
1091 5631
1090 5632
1089 5632
1088 5632
1087 5632
1086 5633
1085 5634
1084 5634
1083 5634
1082 5635
1081 5635
1080 5635
1079 5635
1078 5635
1077 5635
1076 5635
1075 5635
1074 5635
1073 5635
1072 5635
1071 5635
1070 5635
1069 5635
1068 5635
1067 5635
1066 5635
1065 5635
1064 5635
1063 5635
1062 5635
1061 5635
1060 5635
1059 5635
1058 5635
1057 5635
1056 5635
1055 5635
1054 5635
1053 5635
1052 5635
1051 5635
1050 5635
1049 5635
1048 5635
1047 5635
1046 5635
1045 5635
1044 5635
1043 5635
1042 5635
1041 5635
1040 5635
1039 5635
1038 5634
1037 5634
1036 5634
1035 5634
1034 5633
1033 5633
1032 5633
1031 5633
1030 5633
1029 5633
1028 5633
1027 5633
1026 5633
1025 5633
1024 5633
1023 5633
1022 5633
1021 5633
1020 5633
1019 5633
1018 5634
1017 5634
1016 5634
1015 5634
1014 5635
1013 5635
1012 5635
1011 5635
1010 5635
1009 5635
1008 5635
1007 5635
1006 5635
1005 5635
1004 5635
1003 5635
1002 5634
1001 5634
1000 5634
999 5634
998 5633
997 5633
996 5633
995 5633
994 5633
993 5633
992 5633
991 5633
990 5633
989 5633
988 5633
987 5633
986 5633
985 5633
984 5633
983 5633
982 5632
981 5632
980 5632
979 5632
978 5631
977 5631
976 5631
975 5631
974 5631
973 5631
972 5630
971 5630
970 5630
969 5630
968 5629
967 5629
966 5629
965 5629
964 5629
963 5629
962 5629
961 5629
960 5628
959 5628
958 5627
957 5627
956 5626
955 5626
954 5625
953 5625
952 5625
951 5625
950 5624
949 5624
948 5624
947 5624
946 5623
945 5623
944 5623
943 5623
942 5623
941 5623
940 5622
939 5622
938 5622
937 5621
936 5620
935 5620
934 5620
933 5619
932 5618
931 5618
930 5618
929 5617
928 5616
927 5616
926 5616
925 5615
924 5614
923 5614
922 5614
921 5614
920 5613
919 5613
918 5612
917 5612
916 5611
915 5611
914 5610
913 5610
912 5609
911 5609
910 5608
909 5608
908 5608
907 5607
906 5606
905 5606
904 5606
903 5605
902 5604
901 5604
900 5604
899 5603
898 5602
897 5602
896 5602
895 5601
894 5600
893 5600
892 5599
891 5599
890 5598
889 5597
888 5596
887 5596
886 5595
885 5594
884 5593
883 5592
883 5591
882 5590
881 5589
880 5588
879 5587
878 5586
877 5586
876 5586
875 5586
874 5585
873 5585
872 5585
871 5585
870 5585
869 5585
868 5584
867 5584
866 5584
865 5584
864 5583
863 5583
862 5583
861 5583
860 5583
859 5583
