953 2393
952 2394
951 2394
950 2394
949 2394
948 2395
947 2396
946 2397
945 2397
944 2398
943 2398
942 2399
941 2399
940 2399
939 2399
938 2400
937 2400
936 2400
935 2400
934 2401
933 2401
932 2401
931 2401
930 2401
929 2401
928 2401
927 2401
926 2402
925 2402
924 2402
923 2402
922 2403
921 2404
920 2405
919 2405
918 2406
917 2406
916 2407
915 2408
914 2408
913 2408
912 2409
911 2409
910 2409
909 2409
908 2409
907 2409
906 2410
905 2410
904 2410
903 2410
902 2411
901 2412
900 2413
899 2413
898 2414
897 2414
896 2415
895 2416
894 2416
893 2416
892 2417
891 2418
890 2418
889 2418
888 2419
887 2419
886 2419
885 2419
884 2419
883 2419
882 2419
881 2419
880 2419
879 2419
878 2419
877 2419
876 2419
875 2419
874 2420
873 2420
872 2421
871 2422
870 2422
869 2423
868 2424
867 2424
866 2425
865 2425
864 2425
863 2425
862 2425
861 2425
860 2425
859 2425
858 2426
857 2426
856 2427
855 2427
854 2428
853 2428
852 2429
851 2430
850 2431
849 2431
848 2432
847 2432
846 2433
845 2433
844 2433
843 2433
842 2433
841 2433
840 2433
839 2433
838 2433
837 2433
836 2433
835 2433
834 2433
833 2433
832 2433
831 2433
830 2433
829 2433
828 2433
827 2433
826 2433
825 2433
824 2432
823 2432
822 2432
821 2432
820 2431
819 2431
818 2431
817 2431
816 2431
815 2431
814 2431
813 2431
812 2431
811 2431
810 2432
809 2432
808 2432
807 2432
806 2433
805 2433
804 2433
803 2433
802 2433
801 2433
800 2432
799 2432
798 2432
797 2432
796 2431
795 2431
794 2431
793 2431
792 2431
791 2431
790 2431
789 2431
788 2431
787 2431
786 2431
785 2431
784 2431
783 2431
782 2431
781 2431
780 2431
779 2431
778 2431
777 2431
776 2431
775 2431
774 2431
773 2431
772 2430
771 2430
770 2429
769 2429
768 2428
767 2428
766 2427
765 2427
764 2427
763 2427
762 2426
761 2426
760 2426
759 2425
758 2424
757 2424
756 2424
755 2424
754 2423
753 2423
752 2423
751 2423
750 2423
749 2423
748 2423
747 2423
746 2423
745 2423
744 2423
743 2423
742 2423
741 2423
740 2423
739 2423
738 2423
737 2423
736 2423
735 2423
734 2424
733 2424
732 2424
731 2424
730 2425
729 2425
728 2425
727 2425
726 2425
725 2425
724 2425
723 2425
722 2425
721 2425
720 2425
719 2425
718 2425
717 2425
716 2425
715 2425
714 2425
713 2425
712 2425
711 2425
710 2425
709 2425
708 2425
707 2425
706 2425
705 2425
704 2425
703 2425
702 2425
701 2425
700 2425
699 2425
698 2425
697 2425
696 2425
695 2425
694 2424
693 2424
692 2424
691 2424
690 2423
689 2423
688 2422
687 2422
686 2422
685 2422
684 2421
683 2421
682 2420
681 2420
680 2420
679 2420
678 2419
677 2419
676 2419
675 2419
674 2419
673 2419
672 2418
671 2418
670 2417
669 2416
668 2416
667 2415
666 2414
665 2414
664 2413
663 2413
662 2412
661 2412
660 2411
659 2411
658 2410
657 2409
656 2408
655 2408
654 2408
653 2407
652 2406
651 2406
650 2405
649 2404
648 2404
647 2403
647 2402
646 2402
645 2401
645 2400
644 2400
643 2399
642 2398
641 2398
640 2397
639 2397
638 2398
637 2398
636 2398
635 2398
634 2399
633 2399
632 2398
631 2398
630 2397
629 2397
628 2396
627 2396
626 2395
625 2395
624 2396
623 2396
622 2397
621 2398
620 2398
620 2399
619 2400
618 2400
618 2401
617 2402
616 2402
616 2403
615 2404
614 2404
614 2405
613 2406
612 2407
612 2408
611 2409
611 2410
611 2411
611 2412
611 2413
611 2414
611 2415
611 2416
610 2417
610 2418
610 2419
610 2420
609 2421
609 2422
609 2423
609 2424
609 2425
609 2426
609 2427
609 2428
609 2429
609 2430
609 2431
609 2432
609 2433
609 2434
609 2435
609 2436
609 2437
609 2438
609 2439
609 2440
609 2441
609 2442
609 2443
609 2444
609 2445
609 2446
609 2447
609 2448
609 2449
609 2450
609 2451
609 2452
609 2453
609 2454
609 2455
609 2456
609 2457
609 2458
609 2459
609 2460
609 2461
609 2462
609 2463
609 2464
609 2465
609 2466
609 2467
609 2468
609 2469
609 2470
609 2471
609 2472
609 2473
609 2474
609 2475
609 2476
609 2477
609 2478
609 2479
609 2480
609 2481
609 2482
609 2483
609 2484
609 2485
609 2486
609 2487
609 2488
609 2489
609 2490
610 2491
610 2492
611 2493
612 2494
612 2495
613 2495
614 2496
614 2497
615 2497
616 2498
616 2499
617 2499
618 2500
618 2501
619 2501
620 2502
620 2503
621 2504
622 2505
622 2506
623 2507
624 2508
625 2509
625 2510
626 2511
626 2512
627 2513
628 2514
629 2515
630 2516
631 2517
632 2517
633 2518
634 2518
635 2518
636 2518
637 2518
638 2518
639 2518
640 2518
641 2518
642 2518
643 2518
644 2518
645 2518
646 2518
647 2519
648 2519
649 2520
650 2521
651 2521
652 2522
652 2523
653 2523
654 2524
654 2525
655 2525
656 2526
656 2527
657 2527
658 2528
658 2529
659 2529
660 2530
660 2531
661 2531
662 2532
662 2533
663 2534
664 2535
664 2536
665 2537
666 2538
666 2539
666 2540
667 2541
667 2542
668 2543
668 2544
668 2545
668 2546
669 2547
669 2548
669 2549
669 2550
669 2551
669 2552
670 2553
670 2554
670 2555
670 2556
671 2557
672 2558
672 2559
672 2560
673 2561
673 2562
674 2563
674 2564
674 2565
674 2566
675 2567
675 2568
675 2569
675 2570
675 2571
675 2572
675 2573
675 2574
675 2575
675 2576
675 2577
675 2578
675 2579
675 2580
675 2581
675 2582
676 2583
676 2584
676 2585
676 2586
677 2587
678 2588
678 2589
678 2590
679 2591
680 2592
681 2593
682 2594
683 2595
684 2595
685 2595
686 2596
687 2597
688 2597
689 2598
690 2598
691 2599
692 2600
693 2601
694 2601
695 2602
696 2603
697 2603
698 2604
698 2605
699 2605
700 2606
700 2607
701 2607
702 2608
702 2609
703 2609
704 2610
704 2611
705 2611
706 2612
706 2613
707 2613
708 2614
708 2615
709 2615
710 2616
710 2617
711 2617
712 2618
713 2619
714 2620
715 2621
716 2621
717 2622
718 2623
719 2623
720 2624
720 2625
721 2625
722 2626
722 2627
723 2628
724 2629
724 2630
725 2631
726 2632
726 2633
726 2634
727 2635
727 2636
728 2637
728 2638
728 2639
728 2640
729 2641
729 2642
730 2643
730 2644
730 2645
730 2646
731 2647
731 2648
731 2649
731 2650
731 2651
731 2652
731 2653
731 2654
731 2655
731 2656
731 2657
731 2658
731 2659
731 2660
731 2661
731 2662
731 2663
731 2664
732 2665
732 2666
732 2667
732 2668
733 2669
733 2670
733 2671
733 2672
734 2673
734 2674
734 2675
734 2676
735 2677
736 2678
737 2679
737 2680
738 2681
738 2682
739 2683
740 2684
741 2685
742 2686
742 2687
743 2688
744 2689
744 2690
745 2691
746 2692
746 2693
746 2694
747 2695
748 2696
748 2697
748 2698
749 2699
749 2700
750 2701
750 2702
750 2703
750 2704
751 2705
751 2706
752 2707
752 2708
753 2709
754 2710
754 2711
755 2712
756 2713
756 2714
757 2715
758 2716
759 2717
759 2718
760 2719
760 2720
761 2721
762 2722
763 2723
763 2724
764 2725
764 2726
765 2727
766 2728
767 2729
768 2730
768 2731
769 2731
770 2732
771 2733
772 2733
773 2734
774 2734
775 2734
776 2734
777 2734
778 2734
779 2734
780 2734
781 2735
782 2735
783 2735
784 2735
785 2736
786 2736
787 2736
788 2736
789 2737
790 2737
791 2738
792 2739
793 2739
794 2740
794 2741
795 2741
796 2742
796 2743
797 2743
798 2744
798 2745
799 2745
800 2746
800 2747
801 2747
802 2748
802 2749
803 2749
804 2750
804 2751
805 2751
806 2752
806 2753
807 2753
808 2754
808 2755
809 2755
810 2756
811 2757
812 2757
813 2758
814 2758
815 2759
816 2759
817 2759
818 2760
819 2761
820 2761
821 2761
822 2761
823 2762
824 2762
825 2762
826 2762
827 2763
828 2763
829 2763
830 2763
831 2764
832 2764
833 2764
834 2764
835 2764
836 2764
837 2764
838 2764
839 2764
840 2764
841 2764
842 2764
843 2765
844 2765
845 2765
846 2765
847 2766
848 2766
849 2766
850 2766
851 2766
852 2766
853 2766
854 2766
855 2766
856 2766
857 2766
858 2766
859 2766
860 2766
861 2766
862 2766
863 2766
864 2766
865 2766
866 2766
867 2766
868 2766
869 2766
870 2766
871 2765
872 2765
873 2764
874 2763
875 2762
876 2761
877 2760
878 2760
879 2760
880 2760
881 2760
882 2760
883 2760
884 2760
885 2760
886 2760
887 2759
888 2759
889 2759
890 2759
891 2758
892 2757
893 2757
894 2757
895 2756
896 2756
897 2756
898 2756
899 2756
900 2756
901 2756
902 2756
903 2755
904 2755
905 2755
906 2755
907 2754
908 2754
909 2754
910 2754
911 2754
912 2754
913 2754
914 2754
915 2754
916 2754
917 2753
918 2753
919 2753
920 2753
921 2752
922 2752
923 2752
924 2752
925 2752
926 2752
927 2751
928 2751
929 2751
930 2751
931 2750
932 2750
933 2750
934 2750
935 2749
936 2749
937 2748
938 2748
939 2747
940 2747
941 2746
942 2746
943 2745
944 2745
945 2744
946 2743
947 2742
948 2741
949 2740
949 2739
950 2738
951 2737
951 2736
952 2735
953 2735
954 2734
955 2733
956 2733
957 2732
958 2732
959 2732
960 2732
961 2732
962 2732
963 2732
964 2732
965 2732
966 2732
967 2732
968 2732
969 2732
970 2732
971 2732
972 2732
973 2731
974 2731
975 2730
976 2730
977 2729
978 2729
979 2728
980 2728
981 2727
982 2727
983 2726
984 2725
985 2725
986 2724
987 2723
988 2723
989 2722
990 2721
991 2720
992 2720
993 2719
994 2719
995 2718
996 2717
997 2716
998 2716
999 2715
1000 2715
1001 2714
1002 2714
1003 2713
1004 2713
1005 2713
1006 2713
1007 2712
1008 2712
1009 2712
1010 2712
1011 2712
1012 2712
1013 2711
1014 2711
1015 2711
1016 2711
1017 2710
1018 2710
1019 2710
1020 2710
1021 2709
1022 2709
1023 2708
1024 2708
1025 2707
1026 2707
1027 2706
1028 2706
1029 2706
1030 2706
1031 2706
1032 2706
1033 2706
1034 2706
1035 2706
1036 2706
1037 2706
1038 2706
1039 2705
1040 2705
1041 2705
1042 2705
1043 2704
1044 2704
1045 2704
1046 2704
1047 2704
1048 2704
1049 2703
1050 2703
1051 2703
1052 2703
1053 2702
1054 2702
1055 2702
1056 2702
1057 2702
1058 2702
1059 2702
1060 2702
1061 2701
1062 2701
1063 2701
1064 2701
1065 2700
1066 2699
1067 2698
1068 2697
1069 2697
1069 2696
1070 2695
1071 2694
1072 2693
1073 2692
1073 2691
1074 2690
1075 2689
1075 2688
1076 2687
1077 2687
1078 2686
1079 2685
1080 2685
1081 2684
1082 2684
1083 2684
1084 2684
1085 2684
1086 2684
1087 2685
1088 2685
1089 2685
1090 2685
1091 2686
1092 2686
1093 2686
1094 2686
1095 2687
1096 2687
1097 2687
1098 2687
1099 2688
1100 2688
1101 2688
1102 2688
1103 2688
1104 2688
1105 2688
1106 2688
1107 2688
1108 2688
1109 2688
1110 2688
1111 2688
1112 2688
1113 2687
1114 2687
1115 2687
1116 2687
1117 2686
1118 2686
1119 2686
1120 2686
1121 2686
1122 2686
1123 2686
1124 2686
1125 2685
1126 2685
1127 2685
1128 2685
1129 2684
1130 2684
1131 2684
1132 2684
1133 2684
1134 2684
1135 2683
1136 2683
1137 2683
1138 2683
1139 2682
1140 2681
1141 2680
1142 2680
1143 2679
1144 2679
1145 2678
1146 2678
1147 2677
1148 2677
1149 2677
1150 2677
1151 2676
1152 2676
1153 2675
1154 2675
1155 2674
1156 2673
1157 2673
1158 2672
1159 2671
1160 2671
1161 2670
1162 2669
1163 2669
1164 2669
1165 2668
1166 2667
1167 2667
1168 2667
1169 2666
1170 2665
1171 2664
1172 2664
1173 2663
1174 2663
1175 2662
1176 2661
1177 2660
1178 2660
1179 2659
1180 2659
1181 2658
1182 2657
1183 2656
1184 2655
1185 2655
1185 2654
1186 2653
1187 2653
1188 2652
1189 2651
1190 2651
1191 2650
1192 2649
1193 2648
1194 2647
1195 2647
1195 2646
1196 2645
1197 2645
1197 2644
1198 2643
1199 2643
1199 2642
1200 2641
1201 2641
1201 2640
1202 2639
1203 2639
1203 2638
1204 2637
1205 2637
1205 2636
1206 2635
1207 2635
1207 2634
1208 2633
1209 2633
1209 2632
1210 2631
1211 2631
1211 2630
1212 2629
1213 2629
1213 2628
1214 2627
1215 2627
1215 2626
1216 2625
1217 2624
1218 2623
1219 2622
1219 2621
1220 2620
1220 2619
1221 2618
1221 2617
1222 2616
1222 2615
1222 2614
1222 2613
1223 2612
1223 2611
1223 2610
1223 2609
1224 2608
1224 2607
1224 2606
1224 2605
1224 2604
1224 2603
1225 2602
1225 2601
1225 2600
1226 2599
1227 2598
1227 2597
1227 2596
1228 2595
1229 2594
1229 2593
1230 2592
1231 2591
1231 2590
1232 2589
1233 2589
1233 2588
1234 2587
1235 2587
1236 2586
1237 2585
1238 2584
1239 2583
1240 2582
1240 2581
1240 2580
1240 2579
1240 2578
1240 2577
1240 2576
1240 2575
1240 2574
1240 2573
1240 2572
1240 2571
1240 2570
1240 2569
1239 2568
1239 2567
1239 2566
1239 2565
1238 2564
1237 2563
1237 2562
1237 2561
1236 2560
1235 2559
1235 2558
1235 2557
1234 2556
1234 2555
1233 2554
1233 2553
1233 2552
1233 2551
1232 2550
1231 2549
1231 2548
1231 2547
1230 2546
1230 2545
1230 2544
1230 2543
1230 2542
1230 2541
1230 2540
1230 2539
1230 2538
1230 2537
1230 2536
1230 2535
1230 2534
1230 2533
1230 2532
1230 2531
1230 2530
1230 2529
1231 2528
1231 2527
1231 2526
1232 2525
1233 2524
1233 2523
1233 2522
1233 2521
1234 2520
1234 2519
1235 2518
1235 2517
1235 2516
1236 2515
1237 2514
1237 2513
1237 2512
1237 2511
1238 2510
1238 2509
1238 2508
1238 2507
1238 2506
1238 2505
1237 2504
1237 2503
1237 2502
1237 2501
1236 2500
1235 2499
1234 2498
1234 2497
1233 2496
1233 2495
1232 2494
1232 2493
1231 2492
1231 2491
1231 2490
1231 2489
1230 2488
1230 2487
1230 2486
1230 2485
1230 2484
1230 2483
1229 2482
1229 2481
1228 2480
1227 2479
1227 2478
1226 2478
1225 2477
1225 2476
1224 2476
1223 2475
1223 2474
1222 2474
1221 2473
1221 2472
1220 2472
1219 2471
1219 2470
1218 2470
1217 2469
1217 2468
1216 2468
1215 2467
1214 2466
1213 2466
1212 2465
1211 2465
1210 2464
1209 2464
1208 2464
1207 2464
1206 2463
1205 2463
1204 2463
1203 2463
1202 2462
1201 2462
1200 2462
1199 2461
1198 2460
1197 2460
1196 2459
1195 2458
1194 2458
1193 2457
1193 2456
1192 2456
1191 2455
1190 2454
1189 2454
1188 2453
1187 2453
1186 2453
1185 2453
1184 2453
1183 2453
1182 2453
1181 2453
1180 2453
1179 2453
1178 2453
1177 2453
1176 2452
1175 2452
1174 2452
1173 2452
1172 2451
1171 2451
1170 2451
1169 2451
1168 2450
1167 2450
1166 2449
1165 2448
1164 2448
1163 2447
1162 2446
1161 2446
1160 2445
1159 2445
1158 2445
1157 2445
1156 2445
1155 2445
1154 2444
1153 2443
1152 2443
1151 2442
1150 2441
1149 2440
1148 2439
1147 2439
1146 2438
1145 2437
1144 2436
1143 2436
1142 2436
1141 2435
1140 2434
1139 2434
1138 2434
1137 2434
1136 2433
1135 2433
1134 2433
1133 2433
1132 2433
1131 2433
1130 2432
1129 2432
1128 2431
1127 2430
1126 2430
1125 2429
1125 2428
1124 2428
1123 2427
1123 2426
1122 2426
1121 2425
1120 2424
1119 2424
1118 2423
1117 2423
1116 2423
1115 2423
1114 2423
1113 2423
1112 2423
1111 2423
1110 2422
1109 2422
1108 2421
1107 2420
1106 2420
1105 2419
1105 2418
1104 2418
1103 2417
1103 2416
1102 2416
1101 2415
1100 2414
1099 2414
1098 2414
1097 2414
1096 2415
1095 2415
1094 2416
1093 2416
1092 2416
1091 2416
1090 2415
1089 2415
1088 2414
1087 2414
1086 2413
1085 2413
1084 2413
1083 2413
1082 2414
1081 2414
1080 2415
1079 2416
1078 2416
1077 2417
1076 2418
1075 2418
1074 2419
1073 2420
1072 2420
1071 2420
1070 2421
1069 2421
1068 2421
1067 2421
1066 2421
1065 2421
1064 2421
1063 2421
1062 2421
1061 2421
1060 2421
1059 2421
1058 2420
1057 2420
1056 2420
1055 2420
1054 2419
1053 2419
1052 2419
1051 2419
1050 2419
1049 2419
1048 2419
1047 2419
1046 2419
1045 2419
1044 2420
1043 2420
1042 2421
1041 2421
1040 2422
1039 2422
1038 2423
1037 2423
1036 2423
1035 2423
1034 2423
1033 2423
1032 2423
1031 2423
1030 2423
1029 2423
1028 2422
1027 2422
1026 2422
1025 2422
1024 2421
1023 2421
1022 2422
1021 2422
1020 2423
1019 2423
1018 2424
1017 2424
1016 2425
1015 2425
1014 2425
1013 2425
1012 2424
1011 2424
1010 2423
1009 2422
1008 2422
1007 2421
1007 2420
1006 2420
1005 2419
1005 2418
1004 2418
1003 2417
1003 2416
1002 2416
1001 2415
1001 2414
1000 2413
999 2412
999 2411
998 2410
997 2409
997 2408
997 2407
996 2406
995 2405
994 2404
994 2403
993 2402
993 2401
992 2400
991 2399
990 2398
989 2398
988 2397
987 2397
986 2397
985 2397
984 2397
983 2397
982 2397
981 2397
980 2397
979 2397
978 2397
977 2397
976 2397
975 2397
974 2398
973 2398
972 2398
971 2398
970 2398
969 2398
968 2397
967 2397
966 2396
965 2395
964 2394
963 2394
962 2394
961 2394
960 2393
959 2393
958 2393
957 2393
956 2393
955 2393
954 2393
953 2393
