1095 3643
1094 3644
1093 3644
1092 3645
1091 3646
1090 3646
1089 3647
1088 3648
1087 3648
1086 3649
1085 3650
1084 3650
1083 3650
1082 3651
1081 3651
1080 3651
1079 3651
1078 3651
1077 3651
1076 3651
1075 3651
1074 3652
1073 3652
1072 3652
1071 3652
1070 3653
1069 3653
1068 3653
1067 3653
1066 3653
1065 3653
1064 3653
1063 3653
1062 3654
1061 3654
1060 3654
1059 3654
1058 3655
1057 3655
1056 3655
1055 3655
1054 3655
1053 3655
1052 3656
1051 3656
1050 3656
1049 3656
1048 3657
1047 3658
1046 3658
1045 3658
1044 3659
1043 3660
1042 3660
1041 3660
1040 3661
1039 3661
1038 3662
1037 3662
1036 3662
1035 3662
1034 3663
1033 3663
1032 3664
1031 3664
1030 3664
1029 3664
1028 3665
1027 3665
1026 3665
1025 3665
1024 3665
1023 3665
1022 3665
1021 3665
1020 3666
1019 3666
1018 3666
1017 3666
1016 3667
1015 3668
1014 3668
1013 3668
1012 3669
1011 3669
1010 3669
1009 3669
1008 3670
1007 3670
1006 3670
1005 3670
1004 3671
1003 3672
1002 3672
1001 3672
1000 3673
999 3674
998 3674
997 3674
996 3675
995 3676
994 3677
993 3677
992 3678
991 3678
990 3679
989 3679
988 3680
987 3680
986 3681
985 3682
984 3682
984 3683
983 3684
982 3684
982 3685
981 3686
980 3687
979 3688
978 3689
978 3690
977 3691
976 3692
976 3693
975 3694
974 3694
974 3695
973 3696
972 3696
972 3697
971 3698
970 3699
970 3700
969 3701
969 3702
968 3703
968 3704
968 3705
967 3706
966 3707
966 3708
966 3709
966 3710
965 3711
965 3712
965 3713
965 3714
964 3715
964 3716
964 3717
964 3718
963 3719
963 3720
963 3721
963 3722
963 3723
963 3724
964 3725
964 3726
964 3727
964 3728
965 3729
966 3730
966 3731
966 3732
967 3733
967 3734
967 3735
967 3736
967 3737
967 3738
967 3739
967 3740
968 3741
968 3742
968 3743
968 3744
969 3745
969 3746
969 3747
969 3748
969 3749
969 3750
969 3751
969 3752
970 3753
970 3754
970 3755
970 3756
971 3757
972 3758
972 3759
972 3760
973 3761
973 3762
974 3763
974 3764
974 3765
974 3766
975 3767
975 3768
975 3769
975 3770
975 3771
975 3772
975 3773
975 3774
975 3775
975 3776
975 3777
975 3778
976 3779
976 3780
976 3781
976 3782
977 3783
977 3784
977 3785
977 3786
978 3787
978 3788
978 3789
978 3790
979 3791
980 3792
980 3793
980 3794
981 3795
981 3796
981 3797
981 3798
981 3799
981 3800
981 3801
981 3802
982 3803
982 3804
982 3805
982 3806
983 3807
983 3808
983 3809
983 3810
983 3811
983 3812
984 3813
984 3814
984 3815
984 3816
985 3817
986 3818
987 3819
988 3820
988 3821
989 3822
990 3823
990 3824
991 3825
991 3826
990 3827
990 3828
990 3829
990 3830
989 3831
989 3832
989 3833
989 3834
989 3835
989 3836
990 3837
990 3838
991 3839
992 3840
992 3841
993 3841
994 3842
994 3843
995 3843
996 3844
996 3845
997 3845
998 3846
998 3847
999 3847
1000 3848
1000 3849
1001 3849
1002 3850
1003 3851
1004 3852
1005 3853
1006 3853
1007 3854
1008 3855
1009 3855
1010 3856
1011 3857
1012 3858
1013 3859
1014 3859
1015 3859
1016 3860
1017 3861
1018 3861
1019 3862
1020 3863
1021 3863
1022 3864
1023 3865
1024 3866
1025 3867
1026 3867
1027 3867
1028 3868
1029 3869
1030 3869
1031 3869
1032 3869
1033 3870
1034 3870
1035 3871
1036 3871
1037 3872
1038 3872
1039 3873
1040 3873
1041 3874
1042 3874
1043 3874
1044 3874
1045 3875
1046 3875
1047 3875
1048 3876
1049 3877
1050 3877
1051 3877
1052 3878
1053 3879
1054 3879
1055 3879
1056 3879
1057 3880
1058 3880
1059 3881
1060 3881
1061 3881
1062 3881
1063 3882
1064 3882
1065 3883
1066 3883
1067 3883
1068 3883
1069 3884
1070 3884
1071 3884
1072 3884
1073 3885
1074 3885
1075 3885
1076 3885
1077 3886
1078 3886
1079 3886
1080 3886
1081 3886
1082 3886
1083 3886
1084 3886
1085 3887
1086 3887
1087 3887
1088 3887
1089 3888
1090 3888
1091 3888
1092 3888
1093 3888
1094 3888
1095 3887
1096 3887
1097 3887
1098 3887
1099 3886
1100 3886
1101 3886
1102 3886
1103 3886
1104 3886
1105 3886
1106 3886
1107 3886
1108 3886
1109 3886
1110 3886
1111 3886
1112 3886
1113 3886
1114 3886
1115 3886
1116 3886
1117 3886
1118 3886
1119 3886
1120 3886
1121 3886
1122 3886
1123 3887
1124 3887
1125 3887
1126 3887
1127 3888
1128 3888
1129 3888
1130 3888
1131 3888
1132 3888
1133 3888
1134 3888
1135 3888
1136 3888
1137 3888
1138 3888
1139 3888
1140 3888
1141 3888
1142 3888
1143 3888
1144 3888
1145 3888
1146 3888
1147 3888
1148 3888
1149 3888
1150 3888
1151 3888
1152 3888
1153 3888
1154 3888
1155 3888
1156 3888
1157 3888
1158 3888
1159 3888
1160 3888
1161 3887
1162 3887
1163 3887
1164 3887
1165 3886
1166 3885
1167 3885
1168 3885
1169 3884
1170 3883
1171 3883
1172 3883
1173 3882
1174 3882
1175 3882
1176 3882
1177 3882
1178 3882
1179 3882
1180 3882
1181 3882
1182 3882
1183 3882
1184 3882
1185 3882
1186 3882
1187 3882
1188 3882
1189 3882
1190 3882
1191 3882
1192 3882
1193 3882
1194 3882
1195 3882
1196 3882
1197 3882
1198 3882
1199 3882
1200 3882
1201 3881
1202 3881
1203 3881
1204 3881
1205 3880
1206 3879
1207 3879
1208 3879
1209 3878
1210 3877
1211 3877
1212 3877
1213 3876
1214 3875
1215 3874
1216 3873
1217 3873
1217 3872
1218 3871
1219 3871
1219 3870
1220 3869
1221 3869
1221 3868
1222 3867
1223 3866
1224 3865
1225 3864
1225 3863
1226 3862
1227 3861
1228 3861
1229 3860
1230 3860
1231 3859
1232 3859
1233 3859
1234 3859
1235 3858
1236 3857
1237 3856
1238 3856
1239 3855
1240 3855
1241 3854
1242 3854
1243 3853
1244 3853
1245 3852
1246 3852
1247 3851
1248 3851
1249 3850
1250 3850
1251 3849
1252 3849
1253 3849
1254 3849
1255 3848
1256 3848
1257 3848
1258 3848
1259 3847
1260 3847
1261 3847
1262 3847
1263 3846
1264 3846
1265 3845
1266 3845
1267 3844
1268 3843
1269 3843
1269 3842
1270 3841
1271 3841
1272 3840
1273 3839
1274 3839
1275 3838
1276 3837
1277 3837
1278 3837
1279 3836
1280 3836
1281 3836
1282 3836
1283 3836
1284 3836
1285 3836
1286 3836
1287 3837
1288 3837
1289 3837
1290 3837
1291 3838
1292 3838
1293 3838
1294 3838
1295 3838
1296 3838
1297 3838
1298 3838
1299 3838
1300 3838
1301 3838
1302 3838
1303 3837
1304 3837
1305 3837
1306 3837
1307 3836
1308 3836
1309 3836
1310 3836
1311 3837
1312 3837
1313 3837
1314 3837
1315 3838
1316 3838
1317 3839
1318 3839
1319 3840
1320 3841
1321 3841
1322 3842
1322 3843
1323 3843
1324 3844
1325 3845
1326 3846
1327 3847
1328 3847
1329 3847
1330 3847
1331 3848
1332 3848
1333 3849
1334 3849
1335 3849
1336 3849
1337 3850
1338 3850
1339 3850
1340 3850
1341 3850
1342 3850
1343 3850
1344 3850
1345 3850
1346 3850
1347 3851
1348 3851
1349 3851
1350 3851
1351 3852
1352 3852
1353 3852
1354 3852
1355 3851
1356 3851
1357 3851
1358 3851
1359 3850
1360 3850
1361 3850
1362 3850
1363 3851
1364 3851
1365 3851
1366 3851
1367 3852
1368 3852
1369 3852
1370 3852
1371 3853
1372 3853
1373 3853
1374 3853
1375 3854
1376 3854
1377 3853
1378 3853
1379 3852
1380 3852
1381 3851
1382 3851
1383 3850
1384 3850
1385 3850
1386 3850
1387 3850
1388 3850
1389 3850
1390 3850
1391 3850
1392 3850
1393 3849
1394 3849
1395 3848
1396 3847
1397 3847
1397 3846
1398 3845
1399 3845
1399 3844
1400 3843
1401 3842
1401 3841
1402 3840
1402 3839
1403 3838
1403 3837
1404 3836
1405 3835
1405 3834
1406 3833
1407 3832
1407 3831
1408 3830
1408 3829
1408 3828
1408 3827
1408 3826
1408 3825
1409 3824
1409 3823
1409 3822
1409 3821
1410 3820
1410 3819
1410 3818
1410 3817
1410 3816
1410 3815
1410 3814
1410 3813
1410 3812
1410 3811
1410 3810
1410 3809
1410 3808
1410 3807
1410 3806
1410 3805
1410 3804
1410 3803
1410 3802
1410 3801
1410 3800
1410 3799
1409 3798
1409 3797
1408 3796
1408 3795
1407 3794
1407 3793
1406 3792
1406 3791
1405 3790
1405 3789
1405 3788
1405 3787
1404 3786
1403 3785
1403 3784
1403 3783
1402 3782
1402 3781
1402 3780
1402 3779
1402 3778
1402 3777
1402 3776
1402 3775
1402 3774
1402 3773
1402 3772
1402 3771
1402 3770
1402 3769
1402 3768
1402 3767
1402 3766
1402 3765
1403 3764
1403 3763
1403 3762
1403 3761
1404 3760
1404 3759
1404 3758
1404 3757
1404 3756
1404 3755
1404 3754
1404 3753
1403 3752
1403 3751
1402 3750
1401 3749
1400 3748
1399 3748
1398 3747
1397 3747
1396 3747
1395 3747
1394 3746
1393 3746
1392 3746
1391 3745
1390 3744
1389 3744
1388 3743
1387 3742
1386 3742
1385 3741
1385 3740
1384 3740
1383 3739
1383 3738
1382 3738
1381 3737
1381 3736
1380 3736
1379 3735
1379 3734
1378 3733
1377 3732
1377 3731
1376 3730
1375 3729
1374 3728
1373 3727
1373 3726
1372 3726
1371 3725
1371 3724
1370 3724
1369 3723
1369 3722
1368 3721
1367 3720
1367 3719
1366 3718
1365 3717
1364 3716
1363 3715
1363 3714
1362 3714
1361 3713
1361 3712
1360 3712
1359 3711
1359 3710
1358 3710
1357 3709
1357 3708
1356 3708
1355 3707
1355 3706
1354 3706
1353 3705
1352 3704
1351 3704
1350 3703
1349 3703
1348 3702
1347 3702
1346 3701
1345 3701
1344 3700
1343 3700
1342 3699
1341 3699
1340 3699
1339 3699
1338 3699
1337 3699
1336 3698
1335 3698
1334 3698
1333 3698
1332 3697
1331 3697
1330 3697
1329 3697
1328 3697
1327 3697
1326 3697
1325 3697
1324 3697
1323 3697
1322 3697
1321 3697
1320 3697
1319 3697
1318 3697
1317 3697
1316 3696
1315 3696
1314 3696
1313 3696
1312 3695
1311 3695
1310 3695
1309 3695
1308 3695
1307 3695
1306 3694
1305 3694
1304 3694
1303 3694
1302 3693
1301 3693
1300 3693
1299 3693
1298 3692
1297 3692
1296 3692
1295 3692
1294 3691
1293 3691
1292 3690
1291 3690
1290 3690
1289 3690
1288 3689
1287 3689
1286 3689
1285 3689
1284 3688
1283 3688
1282 3688
1281 3688
1280 3687
1279 3687
1278 3686
1277 3686
1276 3686
1275 3685
1274 3684
1273 3684
1272 3684
1271 3683
1270 3682
1269 3682
1268 3682
1267 3681
1266 3680
1265 3680
1264 3680
1263 3680
1262 3679
1261 3679
1260 3678
1259 3678
1258 3678
1257 3677
1256 3676
1255 3676
1254 3676
1253 3676
1252 3675
1251 3675
1250 3675
1249 3675
1248 3675
1247 3675
1246 3675
1245 3675
1244 3675
1243 3675
1242 3675
1241 3675
1240 3675
1239 3675
1238 3675
1237 3675
1236 3675
1235 3675
1234 3675
1233 3675
1232 3675
1231 3675
1230 3675
1229 3675
1228 3675
1227 3675
1226 3674
1225 3674
1224 3674
1223 3673
1222 3672
1221 3672
1220 3672
1219 3671
1218 3670
1217 3670
1216 3670
1215 3670
1214 3669
1213 3669
1212 3669
1211 3669
1210 3669
1209 3669
1208 3669
1207 3669
1206 3668
1205 3668
1204 3668
1203 3668
1202 3667
1201 3667
1200 3666
1199 3666
1198 3666
1197 3666
1196 3665
1195 3665
1194 3665
1193 3665
1192 3665
1191 3665
1190 3665
1189 3665
1188 3664
1187 3664
1186 3664
1185 3664
1184 3663
1183 3663
1182 3663
1181 3663
1180 3662
1179 3662
1178 3661
1177 3660
1176 3660
1175 3659
1174 3658
1173 3657
1172 3656
1171 3656
1170 3655
1169 3655
1168 3654
1167 3654
1166 3653
1165 3653
1164 3653
1163 3653
1162 3653
1161 3653
1160 3653
1159 3653
1158 3653
1157 3653
1156 3653
1155 3653
1154 3653
1153 3653
1152 3653
1151 3653
1150 3653
1149 3653
1148 3653
1147 3653
1146 3653
1145 3653
1144 3653
1143 3653
1142 3652
1141 3652
1140 3652
1139 3652
1138 3651
1137 3651
1136 3651
1135 3651
1134 3650
1133 3650
1132 3650
1131 3649
1130 3648
1129 3648
1128 3648
1127 3648
1126 3647
1125 3647
1124 3646
1123 3646
1122 3646
1121 3646
1120 3645
1119 3645
1118 3645
1117 3645
1116 3644
1115 3644
1114 3644
1113 3644
1112 3643
1111 3643
1110 3643
1109 3643
1108 3643
1107 3643
1106 3643
1105 3643
1104 3643
1103 3643
1102 3643
1101 3643
1100 3643
1099 3643
1098 3643
1097 3643
1096 3643
1095 3643
