921 3759
920 3760
919 3760
918 3760
917 3760
916 3761
915 3762
914 3763
913 3764
912 3765
912 3766
912 3767
912 3768
911 3769
911 3770
911 3771
911 3772
911 3773
911 3774
911 3775
911 3776
911 3777
911 3778
911 3779
911 3780
912 3781
912 3782
913 3783
914 3784
914 3785
915 3786
916 3787
916 3788
917 3789
917 3790
917 3791
917 3792
918 3793
918 3794
919 3795
919 3796
920 3797
920 3798
921 3799
921 3800
921 3801
921 3802
921 3803
921 3804
920 3805
920 3806
920 3807
920 3808
919 3809
919 3810
919 3811
919 3812
919 3813
919 3814
919 3815
919 3816
919 3817
919 3818
920 3819
920 3820
921 3821
922 3822
922 3823
923 3823
924 3824
924 3825
925 3825
926 3826
926 3827
927 3827
928 3828
928 3829
929 3829
930 3830
931 3831
932 3831
933 3832
934 3832
935 3833
936 3833
937 3833
938 3834
939 3835
940 3835
941 3835
942 3836
943 3837
944 3837
945 3837
946 3837
947 3838
948 3838
949 3838
950 3838
951 3838
952 3838
953 3839
954 3839
955 3840
956 3841
957 3841
958 3842
958 3843
959 3843
960 3844
961 3845
962 3845
963 3846
964 3846
965 3846
966 3846
967 3846
968 3846
969 3846
970 3846
971 3846
972 3846
973 3846
974 3846
975 3846
976 3846
977 3846
978 3846
979 3847
980 3847
981 3848
982 3849
983 3849
984 3850
985 3851
986 3851
987 3852
988 3852
989 3852
990 3852
991 3852
992 3852
993 3853
994 3853
995 3853
996 3853
997 3854
998 3854
999 3854
1000 3854
1001 3854
1002 3854
1003 3854
1004 3854
1005 3854
1006 3854
1007 3854
1008 3854
1009 3854
1010 3854
1011 3854
1012 3854
1013 3854
1014 3854
1015 3854
1016 3854
1017 3854
1018 3854
1019 3854
1020 3854
1021 3855
1022 3855
1023 3855
1024 3855
1025 3856
1026 3856
1027 3856
1028 3856
1029 3856
1030 3856
1031 3856
1032 3856
1033 3856
1034 3856
1035 3856
1036 3856
1037 3856
1038 3856
1039 3856
1040 3856
1041 3856
1042 3856
1043 3856
1044 3856
1045 3855
1046 3855
1047 3855
1048 3855
1049 3854
1050 3854
1051 3854
1052 3854
1053 3854
1054 3854
1055 3853
1056 3853
1057 3853
1058 3853
1059 3852
1060 3852
1061 3852
1062 3852
1063 3851
1064 3851
1065 3851
1066 3851
1067 3850
1068 3849
1069 3849
1070 3849
1071 3848
1072 3847
1073 3847
1074 3847
1075 3846
1076 3846
1077 3846
1078 3846
1079 3846
1080 3846
1081 3845
1082 3845
1083 3845
1084 3845
1085 3844
1086 3843
1087 3843
1088 3843
1089 3842
1090 3842
1091 3841
1092 3841
1093 3840
1094 3839
1095 3838
1095 3837
1096 3836
1096 3835
1096 3834
1096 3833
1097 3832
1097 3831
1097 3830
1097 3829
1098 3828
1098 3827
1099 3826
1099 3825
1099 3824
1099 3823
1100 3822
1100 3821
1100 3820
1100 3819
1100 3818
1100 3817
1100 3816
1100 3815
1100 3814
1100 3813
1100 3812
1100 3811
1099 3810
1099 3809
1099 3808
1099 3807
1098 3806
1097 3805
1096 3804
1095 3803
1095 3802
1094 3802
1093 3801
1093 3800
1092 3799
1091 3798
1091 3797
1090 3796
1089 3795
1089 3794
1089 3793
1088 3792
1088 3791
1087 3790
1087 3789
1086 3788
1086 3787
1085 3786
1085 3785
1084 3784
1083 3783
1082 3782
1081 3781
1080 3780
1079 3779
1078 3778
1077 3778
1076 3777
1075 3776
1074 3776
1073 3775
1072 3774
1071 3773
1070 3772
1069 3772
1068 3771
1067 3771
1066 3770
1065 3770
1064 3769
1063 3769
1062 3769
1061 3769
1060 3768
1059 3768
1058 3768
1057 3768
1056 3767
1055 3767
1054 3766
1053 3766
1052 3766
1051 3766
1050 3765
1049 3765
1048 3765
1047 3765
1046 3765
1045 3765
1044 3765
1043 3765
1042 3765
1041 3765
1040 3765
1039 3765
1038 3765
1037 3765
1036 3765
1035 3765
1034 3765
1033 3765
1032 3765
1031 3765
1030 3765
1029 3765
1028 3765
1027 3765
1026 3765
1025 3765
1024 3765
1023 3765
1022 3765
1021 3765
1020 3765
1019 3765
1018 3765
1017 3765
1016 3765
1015 3765
1014 3765
1013 3765
1012 3765
1011 3765
1010 3765
1009 3765
1008 3765
1007 3765
1006 3765
1005 3765
1004 3765
1003 3765
1002 3765
1001 3765
1000 3765
999 3765
998 3765
997 3765
996 3765
995 3765
994 3765
993 3765
992 3764
991 3764
990 3764
989 3764
988 3763
987 3763
986 3763
985 3763
984 3763
983 3763
982 3763
981 3763
980 3763
979 3763
978 3763
977 3763
976 3763
975 3763
974 3763
973 3763
972 3763
971 3763
970 3763
969 3763
968 3763
967 3763
966 3763
965 3763
964 3763
963 3763
962 3763
961 3763
960 3763
959 3763
958 3762
957 3762
956 3762
955 3762
954 3761
953 3761
952 3761
951 3761
950 3761
949 3761
948 3760
947 3760
946 3760
945 3760
944 3759
943 3759
942 3759
941 3759
940 3759
939 3759
938 3759
937 3759
936 3759
935 3759
934 3759
933 3759
932 3759
931 3759
930 3759
929 3759
928 3759
927 3759
926 3759
925 3759
924 3759
923 3759
922 3759
921 3759
