2003 5153
2002 5154
2001 5154
2000 5155
2000 5156
1999 5157
1999 5158
1999 5159
1999 5160
1999 5161
1999 5162
2000 5163
2000 5164
2000 5165
2000 5166
2001 5167
2002 5168
2003 5169
2003 5170
2004 5171
2004 5172
2005 5173
2006 5174
2006 5175
2006 5176
2007 5177
2008 5178
2009 5179
2009 5180
2010 5181
2010 5182
2011 5183
2011 5184
2012 5185
2012 5186
2012 5187
2012 5188
2013 5189
2014 5190
2014 5191
2014 5192
2015 5193
2016 5194
2016 5195
2016 5196
2017 5197
2017 5198
2018 5199
2018 5200
2019 5201
2019 5202
2020 5203
2020 5204
2021 5205
2022 5206
2023 5207
2023 5208
2024 5209
2024 5210
2025 5211
2025 5212
2026 5213
2026 5214
2027 5215
2027 5216
2028 5217
2028 5218
2029 5219
2030 5220
2031 5221
2031 5222
2032 5223
2032 5224
2033 5225
2034 5226
2034 5227
2034 5228
2035 5229
2035 5230
2036 5231
2036 5232
2037 5233
2037 5234
2038 5235
2038 5236
2039 5237
2040 5238
2041 5239
2041 5240
2042 5241
2042 5242
2043 5243
2044 5244
2044 5245
2044 5246
2045 5247
2046 5248
2046 5249
2046 5250
2047 5251
2048 5252
2049 5253
2049 5254
2050 5255
2050 5256
2051 5257
2052 5258
2053 5259
2053 5260
2054 5261
2054 5262
2055 5263
2056 5264
2057 5265
2058 5266
2058 5267
2059 5267
2060 5268
2060 5269
2061 5269
2062 5270
2062 5271
2063 5271
2064 5272
2064 5273
2065 5273
2066 5274
2066 5275
2067 5275
2068 5276
2068 5277
2069 5277
2070 5278
2070 5279
2071 5280
2072 5281
2072 5282
2073 5283
2074 5284
2075 5285
2076 5286
2076 5287
2077 5287
2078 5288
2078 5289
2079 5289
2080 5290
2080 5291
2081 5292
2082 5293
2082 5294
2083 5295
2084 5296
2085 5297
2085 5298
2086 5299
2086 5300
2087 5301
2088 5302
2089 5303
2089 5304
2090 5305
2090 5306
2091 5307
2092 5308
2093 5309
2094 5310
2094 5311
2095 5311
2096 5312
2096 5313
2097 5314
2098 5315
2098 5316
2099 5317
2100 5318
2101 5319
2102 5320
2102 5321
2103 5321
2104 5322
2104 5323
2105 5323
2106 5324
2107 5325
2108 5326
2109 5327
2110 5327
2111 5327
2112 5327
2113 5328
2114 5328
2115 5328
2116 5328
2117 5328
2118 5328
2119 5328
2120 5328
2121 5328
2122 5328
2123 5329
2124 5329
2125 5329
2126 5329
2127 5330
2128 5330
2129 5330
2130 5330
2131 5331
2132 5331
2133 5331
2134 5331
2135 5332
2136 5332
2137 5332
2138 5332
2139 5332
2140 5332
2141 5332
2142 5332
2143 5332
2144 5332
2145 5332
2146 5332
2147 5332
2148 5332
2149 5332
2150 5332
2151 5333
2152 5333
2153 5333
2154 5333
2155 5334
2156 5334
2157 5335
2158 5335
2159 5336
2160 5337
2161 5337
2162 5338
2162 5339
2163 5339
2164 5340
2164 5341
2165 5341
2166 5342
2166 5343
2167 5343
2168 5344
2169 5345
2170 5345
2171 5346
2172 5346
2173 5347
2174 5347
2175 5348
2176 5348
2177 5349
2178 5349
2179 5350
2180 5350
2181 5350
2182 5350
2183 5350
2184 5350
2185 5351
2186 5351
2187 5351
2188 5351
2189 5352
2190 5352
2191 5352
2192 5352
2193 5353
2194 5353
2195 5353
2196 5353
2197 5354
2198 5354
2199 5354
2200 5354
2201 5354
2202 5354
2203 5354
2204 5354
2205 5354
2206 5354
2207 5354
2208 5354
2209 5354
2210 5354
2211 5354
2212 5354
2213 5354
2214 5354
2215 5354
2216 5354
2217 5354
2218 5354
2219 5354
2220 5354
2221 5354
2222 5354
2223 5354
2224 5354
2225 5354
2226 5354
2227 5354
2228 5354
2229 5354
2230 5354
2231 5354
2232 5354
2233 5354
2234 5354
2235 5354
2236 5354
2237 5354
2238 5354
2239 5354
2240 5354
2241 5354
2242 5354
2243 5354
2244 5354
2245 5354
2246 5354
2247 5354
2248 5354
2249 5354
2250 5354
2251 5354
2252 5354
2253 5354
2254 5354
2255 5354
2256 5354
2257 5353
2258 5353
2259 5353
2260 5353
2261 5352
2262 5352
2263 5351
2264 5351
2265 5351
2266 5351
2267 5350
2268 5349
2269 5348
2270 5348
2271 5347
2272 5347
2273 5346
2274 5346
2275 5346
2276 5346
2277 5346
2278 5346
2279 5346
2280 5346
2281 5346
2282 5346
2283 5346
2284 5346
2285 5346
2286 5346
2287 5345
2288 5345
2289 5345
2290 5345
2291 5344
2292 5344
2293 5343
2294 5343
2295 5342
2296 5341
2297 5341
2297 5340
2298 5339
2299 5339
2299 5338
2300 5337
2301 5337
2301 5336
2302 5335
2303 5335
2303 5334
2304 5333
2305 5333
2305 5332
2306 5331
2307 5331
2308 5330
2309 5329
2310 5329
2311 5328
2312 5327
2313 5326
2314 5325
2315 5324
2316 5323
2317 5322
2317 5321
2318 5320
2319 5319
2319 5318
2320 5317
2321 5317
2321 5316
2322 5315
2323 5315
2323 5314
2324 5313
2325 5312
2325 5311
2326 5310
2326 5309
2327 5308
2327 5307
2328 5306
2328 5305
2329 5304
2330 5303
2331 5302
2331 5301
2332 5300
2332 5299
2333 5298
2333 5297
2334 5296
2334 5295
2335 5294
2335 5293
2335 5292
2336 5291
2337 5290
2337 5289
2337 5288
2337 5287
2338 5286
2338 5285
2338 5284
2338 5283
2339 5282
2339 5281
2340 5280
2340 5279
2341 5278
2342 5277
2343 5276
2343 5275
2343 5274
2344 5273
2345 5272
2345 5271
2345 5270
2345 5269
2346 5268
2346 5267
2346 5266
2346 5265
2347 5264
2347 5263
2347 5262
2348 5261
2349 5260
2349 5259
2350 5258
2350 5257
2351 5256
2352 5255
2353 5254
2353 5253
2354 5252
2355 5251
2355 5250
2356 5249
2357 5249
2357 5248
2358 5247
2359 5247
2359 5246
2360 5245
2361 5244
2361 5243
2362 5242
2362 5241
2362 5240
2362 5239
2363 5238
2363 5237
2364 5236
2364 5235
2365 5234
2365 5233
2366 5232
2366 5231
2366 5230
2366 5229
2366 5228
2366 5227
2366 5226
2366 5225
2365 5224
2365 5223
2364 5222
2364 5221
2363 5220
2363 5219
2362 5218
2361 5217
2361 5216
2361 5215
2360 5214
2360 5213
2360 5212
2360 5211
2359 5210
2359 5209
2358 5208
2357 5207
2356 5206
2355 5205
2354 5204
2353 5204
2352 5203
2351 5202
2350 5202
2349 5201
2349 5200
2348 5200
2347 5199
2347 5198
2346 5198
2345 5197
2345 5196
2344 5196
2343 5195
2343 5194
2342 5194
2341 5193
2341 5192
2340 5192
2339 5191
2338 5190
2337 5189
2336 5188
2335 5188
2334 5187
2333 5186
2332 5186
2331 5185
2331 5184
2330 5184
2329 5183
2328 5182
2327 5182
2326 5181
2325 5181
2324 5181
2323 5181
2322 5181
2321 5181
2320 5181
2319 5181
2318 5181
2317 5181
2316 5181
2315 5181
2314 5180
2313 5180
2312 5179
2311 5179
2310 5178
2309 5178
2308 5177
2307 5177
2306 5177
2305 5177
2304 5177
2303 5177
2302 5177
2301 5177
2300 5177
2299 5177
2298 5177
2297 5177
2296 5177
2295 5177
2294 5177
2293 5177
2292 5176
2291 5176
2290 5175
2289 5175
2288 5174
2287 5174
2286 5173
2285 5173
2284 5173
2283 5173
2282 5172
2281 5172
2280 5172
2279 5172
2278 5171
2277 5171
2276 5171
2275 5171
2274 5170
2273 5170
2272 5170
2271 5170
2270 5169
2269 5169
2268 5169
2267 5169
2266 5169
2265 5169
2264 5169
2263 5169
2262 5169
2261 5169
2260 5169
2259 5169
2258 5169
2257 5169
2256 5169
2255 5169
2254 5169
2253 5169
2252 5169
2251 5169
2250 5169
2249 5169
2248 5169
2247 5169
2246 5169
2245 5169
2244 5169
2243 5169
2242 5169
2241 5169
2240 5169
2239 5169
2238 5169
2237 5169
2236 5169
2235 5169
2234 5169
2233 5169
2232 5168
2231 5168
2230 5168
2229 5168
2228 5167
2227 5167
2226 5167
2225 5167
2224 5167
2223 5167
2222 5167
2221 5167
2220 5167
2219 5167
2218 5167
2217 5167
2216 5167
2215 5167
2214 5167
2213 5167
2212 5167
2211 5167
2210 5167
2209 5167
2208 5166
2207 5166
2206 5166
2205 5166
2204 5165
2203 5165
2202 5165
2201 5165
2200 5165
2199 5165
2198 5165
2197 5165
2196 5165
2195 5165
2194 5165
2193 5165
2192 5165
2191 5165
2190 5165
2189 5165
2188 5165
2187 5165
2186 5165
2185 5165
2184 5165
2183 5165
2182 5165
2181 5165
2180 5165
2179 5165
2178 5165
2177 5165
2176 5164
2175 5164
2174 5164
2173 5164
2172 5163
2171 5163
2170 5163
2169 5163
2168 5162
2167 5162
2166 5162
2165 5162
2164 5161
2163 5161
2162 5161
2161 5161
2160 5160
2159 5160
2158 5160
2157 5160
2156 5159
2155 5159
2154 5159
2153 5159
2152 5159
2151 5159
2150 5159
2149 5159
2148 5159
2147 5159
2146 5159
2145 5159
2144 5158
2143 5158
2142 5158
2141 5158
2140 5157
2139 5157
2138 5157
2137 5157
2136 5157
2135 5157
2134 5157
2133 5157
2132 5157
2131 5157
2130 5156
2129 5156
2128 5156
2127 5156
2126 5155
2125 5155
2124 5155
2123 5155
2122 5155
2121 5155
2120 5155
2119 5155
2118 5155
2117 5155
2116 5155
2115 5155
2114 5154
2113 5154
2112 5154
2111 5154
2110 5153
2109 5153
2108 5153
2107 5153
2106 5153
2105 5153
2104 5153
2103 5153
2102 5153
2101 5153
2100 5153
2099 5153
2098 5153
2097 5153
2096 5153
2095 5153
2094 5153
2093 5153
2092 5153
2091 5153
2090 5153
2089 5153
2088 5153
2087 5153
2086 5153
2085 5153
2084 5153
2083 5153
2082 5153
2081 5153
2080 5153
2079 5153
2078 5153
2077 5153
2076 5153
2075 5153
2074 5153
2073 5153
2072 5153
2071 5153
2070 5153
2069 5153
2068 5153
2067 5153
2066 5153
2065 5153
2064 5153
2063 5153
2062 5153
2061 5153
2060 5153
2059 5153
2058 5153
2057 5153
2056 5154
2055 5154
2054 5154
2053 5154
2052 5155
2051 5155
2050 5155
2049 5155
2048 5155
2047 5155
2046 5156
2045 5156
2044 5157
2043 5157
2042 5158
2041 5158
2040 5159
2039 5159
2038 5159
2037 5159
2036 5158
2035 5158
2034 5158
2033 5158
2032 5157
2031 5157
2030 5157
2029 5157
2028 5157
2027 5157
2026 5156
2025 5156
2024 5156
2023 5156
2022 5155
2021 5155
2020 5155
2019 5155
2018 5155
2017 5155
2016 5155
2015 5155
2014 5154
2013 5154
2012 5154
2011 5154
2010 5153
2009 5153
2008 5153
2007 5153
2006 5153
2005 5153
2004 5153
2003 5153
