1115 1261
1114 1262
1113 1262
1112 1262
1111 1262
1110 1263
1109 1263
1108 1263
1107 1263
1106 1263
1105 1263
1104 1264
1103 1264
1102 1264
1101 1264
1100 1265
1099 1265
1098 1265
1097 1265
1096 1265
1095 1265
1094 1265
1093 1265
1092 1265
1091 1265
1090 1266
1089 1266
1088 1266
1087 1266
1086 1267
1085 1267
1084 1267
1083 1267
1082 1267
1081 1267
1080 1267
1079 1267
1078 1267
1077 1267
1076 1267
1075 1267
1074 1267
1073 1267
1072 1267
1071 1267
1070 1267
1069 1267
1068 1267
1067 1267
1066 1267
1065 1267
1064 1268
1063 1268
1062 1268
1061 1268
1060 1269
1059 1269
1058 1269
1057 1269
1056 1269
1055 1269
1054 1269
1053 1269
1052 1270
1051 1270
1050 1270
1049 1270
1048 1271
1047 1271
1046 1271
1045 1271
1044 1272
1043 1272
1042 1272
1041 1272
1040 1273
1039 1273
1038 1273
1037 1273
1036 1274
1035 1274
1034 1274
1033 1274
1032 1275
1031 1276
1030 1276
1029 1276
1028 1277
1027 1277
1026 1278
1025 1278
1024 1278
1023 1278
1022 1279
1021 1279
1020 1279
1019 1279
1018 1279
1017 1279
1016 1279
1015 1279
1014 1279
1013 1279
1012 1280
1011 1280
1010 1281
1009 1282
1008 1282
1007 1283
1006 1284
1005 1284
1004 1285
1003 1286
1002 1286
1001 1286
1000 1287
999 1287
998 1287
997 1287
996 1287
995 1287
994 1287
993 1287
992 1287
991 1287
990 1287
989 1287
988 1288
987 1288
986 1289
985 1290
984 1290
983 1291
982 1292
981 1292
980 1293
979 1293
978 1293
977 1293
976 1293
975 1293
974 1293
973 1293
972 1294
971 1294
970 1294
969 1294
968 1295
967 1295
966 1296
965 1296
964 1296
963 1296
962 1297
961 1298
960 1298
959 1298
958 1299
957 1300
956 1300
955 1300
954 1301
953 1301
952 1302
951 1302
950 1302
949 1302
948 1303
947 1304
946 1305
945 1306
944 1307
944 1308
943 1309
943 1310
942 1311
942 1312
941 1313
940 1314
940 1315
939 1316
938 1317
937 1318
936 1319
936 1320
935 1321
934 1322
933 1322
932 1323
931 1324
930 1324
929 1324
928 1325
927 1326
926 1327
925 1328
924 1328
924 1329
923 1330
922 1330
922 1331
921 1332
920 1333
920 1334
919 1335
919 1336
919 1337
919 1338
919 1339
919 1340
919 1341
919 1342
919 1343
919 1344
919 1345
919 1346
920 1347
920 1348
921 1349
922 1350
922 1351
923 1351
924 1352
924 1353
925 1353
926 1354
926 1355
927 1355
928 1356
928 1357
929 1357
930 1358
930 1359
931 1359
932 1360
932 1361
933 1361
934 1362
934 1363
935 1363
936 1364
937 1365
938 1366
939 1367
940 1367
941 1367
942 1368
943 1369
944 1369
945 1369
946 1369
947 1370
948 1370
949 1370
950 1370
951 1370
952 1370
953 1370
954 1370
955 1370
956 1370
957 1370
958 1370
959 1371
960 1371
961 1372
962 1373
963 1373
964 1374
964 1375
965 1375
966 1376
967 1377
968 1377
969 1378
970 1378
971 1378
972 1378
973 1379
974 1379
975 1379
976 1379
977 1380
978 1380
979 1381
980 1381
981 1381
982 1381
983 1382
984 1382
985 1382
986 1382
987 1383
988 1383
989 1383
990 1383
991 1384
992 1384
993 1384
994 1384
995 1384
996 1384
997 1385
998 1385
999 1385
1000 1385
1001 1386
1002 1386
1003 1386
1004 1386
1005 1386
1006 1386
1007 1386
1008 1386
1009 1386
1010 1386
1011 1387
1012 1387
1013 1388
1014 1388
1015 1389
1016 1390
1017 1391
1018 1391
1019 1391
1020 1391
1021 1392
1022 1392
1023 1392
1024 1392
1025 1392
1026 1392
1027 1392
1028 1392
1029 1392
1030 1392
1031 1392
1032 1392
1033 1393
1034 1393
1035 1394
1036 1395
1037 1395
1038 1396
1038 1397
1039 1397
1040 1398
1040 1399
1041 1399
1042 1400
1043 1401
1044 1402
1045 1403
1046 1403
1047 1403
1048 1403
1049 1404
1050 1404
1051 1404
1052 1404
1053 1405
1054 1405
1055 1406
1056 1406
1057 1407
1058 1407
1059 1408
1060 1408
1061 1408
1062 1408
1063 1408
1064 1408
1065 1409
1066 1409
1067 1410
1068 1410
1069 1411
1070 1412
1071 1413
1072 1413
1073 1413
1074 1413
1075 1414
1076 1414
1077 1414
1078 1414
1079 1415
1080 1415
1081 1416
1082 1416
1083 1417
1084 1417
1085 1418
1086 1418
1087 1418
1088 1418
1089 1419
1090 1419
1091 1419
1092 1420
1093 1421
1094 1421
1095 1421
1096 1422
1097 1423
1098 1423
1099 1423
1100 1423
1101 1424
1102 1424
1103 1424
1104 1424
1105 1424
1106 1424
1107 1424
1108 1424
1109 1423
1110 1423
1111 1423
1112 1423
1113 1422
1114 1421
1115 1421
1116 1421
1117 1420
1118 1419
1119 1419
1120 1419
1121 1418
1122 1417
1123 1416
1124 1416
1125 1415
1126 1415
1127 1414
1128 1413
1129 1413
1130 1413
1131 1412
1132 1411
1133 1411
1134 1411
1135 1410
1136 1409
1137 1409
1138 1409
1139 1408
1140 1407
1141 1406
1142 1406
1143 1405
1144 1405
1145 1404
1146 1403
1147 1403
1148 1403
1149 1402
1150 1401
1151 1401
1152 1401
1153 1400
1154 1399
1155 1399
1156 1399
1157 1398
1158 1397
1159 1397
1160 1397
1161 1396
1162 1395
1163 1395
1164 1395
1165 1394
1166 1393
1167 1392
1168 1392
1169 1391
1170 1391
1171 1390
1172 1389
1173 1389
1174 1389
1175 1388
1176 1388
1177 1387
1178 1387
1179 1386
1180 1386
1181 1385
1182 1385
1183 1384
1184 1383
1185 1383
1186 1383
1187 1382
1188 1381
1189 1381
1190 1381
1191 1380
1192 1379
1193 1379
1194 1379
1195 1378
1196 1377
1197 1377
1198 1377
1199 1376
1200 1375
1201 1375
1202 1375
1203 1374
1204 1373
1205 1373
1206 1373
1207 1372
1208 1371
1209 1371
1210 1371
1211 1370
1212 1369
1213 1368
1213 1367
1214 1366
1214 1365
1214 1364
1214 1363
1214 1362
1214 1361
1214 1360
1214 1359
1214 1358
1214 1357
1214 1356
1214 1355
1213 1354
1213 1353
1213 1352
1213 1351
1212 1350
1211 1349
1211 1348
1211 1347
1210 1346
1210 1345
1210 1344
1210 1343
1210 1342
1210 1341
1210 1340
1210 1339
1210 1338
1210 1337
1210 1336
1210 1335
1210 1334
1210 1333
1210 1332
1210 1331
1210 1330
1210 1329
1210 1328
1210 1327
1210 1326
1210 1325
1211 1324
1211 1323
1211 1322
1211 1321
1212 1320
1212 1319
1212 1318
1212 1317
1212 1316
1212 1315
1211 1314
1211 1313
1211 1312
1211 1311
1210 1310
1210 1309
1209 1308
1209 1307
1208 1306
1208 1305
1207 1304
1207 1303
1206 1302
1206 1301
1205 1300
1205 1299
1204 1298
1203 1297
1203 1296
1202 1296
1201 1295
1201 1294
1200 1294
1199 1293
1199 1292
1198 1292
1197 1291
1197 1290
1196 1290
1195 1289
1194 1288
1193 1288
1192 1287
1191 1287
1190 1286
1189 1286
1188 1285
1187 1284
1186 1284
1185 1283
1184 1282
1183 1282
1182 1281
1181 1281
1180 1280
1179 1280
1178 1279
1177 1279
1176 1278
1175 1277
1174 1276
1173 1276
1172 1276
1171 1275
1170 1274
1169 1274
1168 1273
1167 1273
1166 1272
1165 1271
1164 1270
1163 1270
1162 1270
1161 1270
1160 1269
1159 1269
1158 1268
1157 1268
1156 1268
1155 1268
1154 1267
1153 1267
1152 1267
1151 1267
1150 1266
1149 1266
1148 1265
1147 1265
1146 1264
1145 1264
1144 1263
1143 1263
1142 1263
1141 1263
1140 1262
1139 1262
1138 1262
1137 1262
1136 1261
1135 1261
1134 1261
1133 1261
1132 1261
1131 1261
1130 1261
1129 1261
1128 1261
1127 1261
1126 1261
1125 1261
1124 1261
1123 1261
1122 1261
1121 1261
1120 1261
1119 1261
1118 1261
1117 1261
1116 1261
1115 1261
