915 3595
914 3596
913 3596
912 3596
911 3596
910 3597
909 3597
908 3597
907 3597
906 3597
905 3597
904 3597
903 3597
902 3598
901 3598
900 3598
899 3598
898 3599
897 3599
896 3600
895 3600
894 3600
893 3600
892 3601
891 3601
890 3601
889 3601
888 3602
887 3602
886 3602
885 3602
884 3603
883 3603
882 3603
881 3603
880 3604
879 3604
878 3604
877 3604
876 3605
875 3605
874 3605
873 3605
872 3605
871 3605
870 3605
869 3605
868 3605
867 3605
866 3605
865 3605
864 3605
863 3605
862 3605
861 3605
860 3605
859 3605
858 3605
857 3605
856 3605
855 3605
854 3605
853 3605
852 3605
851 3605
850 3605
849 3605
848 3605
847 3605
846 3605
845 3605
844 3605
843 3605
842 3605
841 3605
840 3605
839 3605
838 3606
837 3606
836 3607
835 3607
834 3608
833 3608
832 3609
831 3609
830 3609
829 3609
828 3609
827 3609
826 3609
825 3609
824 3609
823 3609
822 3610
821 3610
820 3610
819 3610
818 3611
817 3611
816 3611
815 3611
814 3612
813 3612
812 3613
811 3613
810 3614
809 3614
808 3615
807 3615
806 3615
805 3615
804 3616
803 3616
802 3616
801 3616
800 3617
799 3617
798 3617
797 3617
796 3617
795 3617
794 3617
793 3617
792 3617
791 3617
790 3617
789 3617
788 3618
787 3618
786 3618
785 3618
784 3619
783 3619
782 3619
781 3619
780 3619
779 3619
778 3620
777 3620
776 3620
775 3620
774 3621
773 3621
772 3622
771 3622
770 3622
769 3622
768 3623
767 3623
766 3624
765 3624
764 3624
763 3624
762 3625
761 3625
760 3626
759 3626
758 3626
757 3626
756 3627
755 3627
754 3627
753 3627
752 3627
751 3627
750 3627
749 3627
748 3627
747 3627
746 3627
745 3627
744 3627
743 3627
742 3628
741 3628
740 3628
739 3628
738 3629
737 3630
736 3630
735 3630
734 3631
733 3632
732 3632
731 3632
730 3633
729 3633
728 3633
727 3633
726 3633
725 3633
724 3634
723 3634
722 3635
721 3635
720 3636
719 3636
718 3637
717 3638
716 3639
715 3639
714 3640
713 3640
712 3641
711 3641
710 3642
709 3642
708 3643
707 3644
706 3644
706 3645
705 3646
704 3646
703 3647
702 3648
701 3648
700 3649
699 3649
698 3649
697 3649
696 3649
695 3649
694 3649
693 3649
692 3649
691 3649
690 3649
689 3649
688 3649
687 3649
686 3649
685 3649
684 3649
683 3649
682 3649
681 3649
680 3649
679 3649
678 3649
677 3649
676 3649
675 3649
674 3649
673 3649
672 3650
671 3650
670 3651
669 3651
668 3652
667 3652
666 3653
665 3654
664 3654
663 3654
662 3655
661 3656
660 3657
659 3658
658 3658
658 3659
657 3660
656 3660
656 3661
655 3662
654 3662
653 3663
652 3664
651 3664
650 3665
649 3666
648 3667
647 3668
646 3668
646 3669
645 3670
644 3670
644 3671
643 3672
642 3673
641 3674
640 3675
640 3676
639 3677
638 3678
638 3679
637 3680
636 3680
636 3681
635 3682
634 3683
633 3684
632 3685
632 3686
631 3687
630 3688
630 3689
629 3690
628 3690
628 3691
627 3692
626 3693
625 3694
624 3695
624 3696
623 3697
622 3698
621 3698
620 3699
619 3700
618 3701
617 3702
616 3703
616 3704
615 3705
615 3706
614 3707
614 3708
613 3709
612 3710
612 3711
611 3712
610 3712
610 3713
609 3714
608 3714
608 3715
607 3716
606 3716
606 3717
605 3718
604 3719
604 3720
604 3721
604 3722
605 3723
606 3724
606 3725
607 3725
608 3726
608 3727
609 3727
610 3728
611 3729
612 3729
613 3730
614 3730
615 3731
616 3731
617 3731
618 3731
619 3732
620 3732
621 3732
622 3732
623 3732
624 3732
625 3733
626 3733
627 3734
628 3734
629 3735
630 3735
631 3736
632 3736
633 3736
634 3736
635 3736
636 3736
637 3736
638 3736
639 3736
640 3736
641 3737
642 3737
643 3737
644 3737
645 3738
646 3738
647 3738
648 3738
649 3738
650 3738
651 3738
652 3738
653 3739
654 3739
655 3739
656 3740
657 3741
658 3741
659 3741
660 3741
661 3742
662 3742
663 3742
664 3742
665 3742
666 3742
667 3742
668 3742
669 3742
670 3742
671 3742
672 3742
673 3742
674 3742
675 3743
676 3743
677 3744
678 3744
679 3745
680 3745
681 3746
682 3746
683 3746
684 3746
685 3746
686 3746
687 3747
688 3747
689 3747
690 3747
691 3748
692 3748
693 3748
694 3748
695 3748
696 3748
697 3748
698 3748
699 3748
700 3748
701 3748
702 3748
703 3749
704 3749
705 3749
706 3749
707 3750
708 3750
709 3750
710 3750
711 3750
712 3750
713 3751
714 3751
715 3751
716 3752
717 3753
718 3753
719 3753
720 3754
721 3755
722 3755
723 3755
724 3755
725 3756
726 3756
727 3756
728 3756
729 3757
730 3757
731 3757
732 3757
733 3758
734 3758
735 3758
736 3758
737 3758
738 3758
739 3759
740 3759
741 3759
742 3759
743 3760
744 3760
745 3761
746 3761
747 3761
748 3761
749 3762
750 3762
751 3762
752 3762
753 3763
754 3763
755 3763
756 3763
757 3764
758 3764
759 3765
760 3765
761 3765
762 3765
763 3766
764 3766
765 3766
766 3766
767 3767
768 3767
769 3767
770 3767
771 3768
772 3768
773 3769
774 3769
775 3769
776 3769
777 3770
778 3770
779 3770
780 3770
781 3771
782 3771
783 3771
784 3771
785 3772
786 3772
787 3773
788 3773
789 3773
790 3773
791 3774
792 3774
793 3774
794 3774
795 3775
796 3775
797 3775
798 3775
799 3776
800 3776
801 3776
802 3776
803 3777
804 3777
805 3777
806 3777
807 3778
808 3778
809 3779
810 3779
811 3779
812 3779
813 3780
814 3780
815 3780
816 3780
817 3781
818 3781
819 3781
820 3781
821 3782
822 3782
823 3783
824 3783
825 3783
826 3783
827 3784
828 3784
829 3785
830 3785
831 3785
832 3785
833 3786
834 3786
835 3786
836 3786
837 3787
838 3787
839 3787
840 3787
841 3788
842 3788
843 3789
844 3789
845 3789
846 3789
847 3790
848 3790
849 3790
850 3790
851 3791
852 3791
853 3792
854 3792
855 3793
856 3794
857 3795
858 3795
859 3795
860 3795
861 3796
862 3796
863 3797
864 3797
865 3797
866 3797
867 3798
868 3798
869 3798
870 3798
871 3798
872 3798
873 3798
874 3798
875 3799
876 3799
877 3799
878 3799
879 3800
880 3800
881 3800
882 3800
883 3800
884 3800
885 3801
886 3801
887 3801
888 3801
889 3802
890 3802
891 3802
892 3802
893 3802
894 3802
895 3802
896 3802
897 3802
898 3802
899 3802
900 3802
901 3802
902 3802
903 3802
904 3802
905 3802
906 3802
907 3802
908 3802
909 3802
910 3802
911 3803
912 3803
913 3803
914 3803
915 3804
916 3804
917 3804
918 3804
919 3804
920 3804
921 3804
922 3804
923 3804
924 3804
925 3804
926 3804
927 3804
928 3804
929 3803
930 3803
931 3803
932 3803
933 3802
934 3802
935 3802
936 3802
937 3802
938 3802
939 3802
940 3802
941 3802
942 3802
943 3802
944 3802
945 3802
946 3802
947 3802
948 3802
949 3802
950 3802
951 3802
952 3802
953 3802
954 3802
955 3802
956 3802
957 3802
958 3802
959 3801
960 3801
961 3801
962 3801
963 3800
964 3800
965 3800
966 3800
967 3800
968 3800
969 3800
970 3800
971 3799
972 3799
973 3799
974 3799
975 3798
976 3798
977 3798
978 3798
979 3798
980 3798
981 3798
982 3798
983 3798
984 3798
985 3798
986 3798
987 3797
988 3797
989 3797
990 3797
991 3796
992 3796
993 3796
994 3796
995 3795
996 3795
997 3795
998 3795
999 3794
1000 3794
1001 3794
1002 3794
1003 3793
1004 3793
1005 3793
1006 3793
1007 3792
1008 3792
1009 3792
1010 3792
1011 3792
1012 3792
1013 3792
1014 3792
1015 3791
1016 3791
1017 3791
1018 3791
1019 3790
1020 3790
1021 3790
1022 3790
1023 3789
1024 3789
1025 3789
1026 3789
1027 3788
1028 3788
1029 3788
1030 3788
1031 3787
1032 3787
1033 3787
1034 3787
1035 3786
1036 3786
1037 3786
1038 3786
1039 3785
1040 3785
1041 3785
1042 3785
1043 3784
1044 3784
1045 3784
1046 3784
1047 3784
1048 3784
1049 3784
1050 3784
1051 3784
1052 3784
1053 3783
1054 3783
1055 3783
1056 3783
1057 3782
1058 3782
1059 3782
1060 3782
1061 3782
1062 3782
1063 3782
1064 3782
1065 3781
1066 3781
1067 3780
1068 3779
1069 3779
1069 3778
1070 3777
1071 3777
1071 3776
1072 3775
1073 3774
1073 3773
1074 3772
1074 3771
1074 3770
1074 3769
1075 3768
1075 3767
1076 3766
1076 3765
1077 3764
1078 3763
1079 3762
1079 3761
1080 3760
1080 3759
1081 3758
1081 3757
1082 3756
1082 3755
1082 3754
1082 3753
1081 3752
1081 3751
1081 3750
1081 3749
1080 3748
1080 3747
1080 3746
1080 3745
1080 3744
1080 3743
1081 3742
1081 3741
1082 3740
1083 3739
1083 3738
1084 3737
1085 3737
1085 3736
1086 3735
1087 3734
1087 3733
1088 3732
1088 3731
1088 3730
1088 3729
1089 3728
1089 3727
1089 3726
1090 3725
1091 3724
1091 3723
1091 3722
1092 3721
1093 3720
1093 3719
1094 3718
1095 3717
1095 3716
1096 3715
1097 3715
1097 3714
1098 3713
1099 3712
1100 3711
1101 3710
1101 3709
1101 3708
1102 3707
1103 3706
1103 3705
1103 3704
1104 3703
1105 3702
1105 3701
1105 3700
1106 3699
1107 3698
1107 3697
1107 3696
1107 3695
1108 3694
1108 3693
1109 3692
1109 3691
1109 3690
1109 3689
1110 3688
1110 3687
1111 3686
1111 3685
1111 3684
1111 3683
1112 3682
1112 3681
1112 3680
1112 3679
1112 3678
1112 3677
1112 3676
1112 3675
1111 3674
1111 3673
1111 3672
1111 3671
1110 3670
1110 3669
1110 3668
1110 3667
1110 3666
1110 3665
1110 3664
1110 3663
1110 3662
1110 3661
1110 3660
1110 3659
1110 3658
1110 3657
1110 3656
1110 3655
1110 3654
1110 3653
1110 3652
1110 3651
1109 3650
1109 3649
1109 3648
1109 3647
1108 3646
1108 3645
1108 3644
1108 3643
1108 3642
1108 3641
1108 3640
1108 3639
1107 3638
1107 3637
1106 3636
1105 3635
1105 3634
1104 3634
1103 3633
1103 3632
1102 3632
1101 3631
1101 3630
1100 3630
1099 3629
1099 3628
1098 3628
1097 3627
1097 3626
1096 3626
1095 3625
1095 3624
1094 3624
1093 3623
1093 3622
1092 3622
1091 3621
1091 3620
1090 3620
1089 3619
1089 3618
1088 3618
1087 3617
1087 3616
1086 3616
1085 3615
1084 3614
1083 3614
1082 3613
1081 3613
1080 3612
1079 3612
1078 3611
1077 3610
1076 3610
1075 3609
1074 3608
1073 3608
1072 3607
1071 3607
1070 3607
1069 3607
1068 3607
1067 3607
1066 3607
1065 3607
1064 3607
1063 3607
1062 3606
1061 3606
1060 3606
1059 3606
1058 3605
1057 3605
1056 3605
1055 3605
1054 3605
1053 3605
1052 3605
1051 3605
1050 3605
1049 3605
1048 3604
1047 3604
1046 3604
1045 3604
1044 3603
1043 3603
1042 3603
1041 3603
1040 3603
1039 3603
1038 3603
1037 3603
1036 3602
1035 3602
1034 3602
1033 3602
1032 3601
1031 3601
1030 3601
1029 3601
1028 3601
1027 3601
1026 3601
1025 3601
1024 3601
1023 3601
1022 3600
1021 3600
1020 3600
1019 3600
1018 3599
1017 3599
1016 3599
1015 3599
1014 3599
1013 3599
1012 3599
1011 3599
1010 3599
1009 3599
1008 3599
1007 3599
1006 3599
1005 3599
1004 3598
1003 3598
1002 3598
1001 3598
1000 3597
999 3597
998 3597
997 3597
996 3597
995 3597
994 3597
993 3597
992 3597
991 3597
990 3597
989 3597
988 3597
987 3597
986 3597
985 3597
984 3597
983 3597
982 3597
981 3597
980 3597
979 3597
978 3597
977 3597
976 3597
975 3597
974 3597
973 3597
972 3597
971 3597
970 3597
969 3597
968 3597
967 3597
966 3597
965 3597
964 3597
963 3597
962 3597
961 3597
960 3597
959 3597
958 3597
957 3597
956 3597
955 3597
954 3597
953 3597
952 3597
951 3597
950 3597
949 3597
948 3597
947 3597
946 3597
945 3597
944 3597
943 3597
942 3597
941 3597
940 3597
939 3597
938 3597
937 3597
936 3596
935 3596
934 3596
933 3596
932 3595
931 3595
930 3595
929 3595
928 3595
927 3595
926 3595
925 3595
924 3595
923 3595
922 3595
921 3595
920 3595
919 3595
918 3595
917 3595
916 3595
915 3595
