639 1425
638 1426
637 1426
636 1426
635 1426
634 1427
633 1427
632 1428
631 1428
630 1428
629 1428
628 1429
627 1429
626 1430
625 1430
624 1431
623 1431
622 1432
621 1432
620 1433
619 1433
618 1434
617 1434
616 1435
615 1435
614 1436
613 1436
612 1437
611 1438
610 1438
609 1438
608 1439
607 1440
606 1440
605 1440
604 1441
603 1442
602 1442
601 1442
600 1443
599 1444
598 1445
597 1446
596 1446
595 1447
594 1448
593 1448
592 1449
591 1450
590 1451
589 1452
588 1452
588 1453
587 1454
586 1454
586 1455
585 1456
584 1456
583 1457
582 1458
581 1458
580 1459
579 1460
578 1460
577 1460
576 1461
575 1462
574 1463
573 1464
572 1464
571 1465
570 1466
569 1466
568 1467
567 1468
566 1469
565 1470
564 1470
564 1471
563 1472
562 1472
562 1473
561 1474
560 1474
560 1475
559 1476
558 1476
558 1477
557 1478
556 1478
556 1479
555 1480
554 1481
554 1482
553 1483
553 1484
553 1485
553 1486
553 1487
553 1488
553 1489
553 1490
554 1491
555 1492
556 1493
557 1494
558 1495
559 1496
560 1497
560 1498
561 1499
561 1500
562 1501
562 1502
563 1503
564 1504
564 1505
565 1505
566 1506
566 1507
567 1507
568 1508
569 1509
570 1510
571 1511
572 1511
573 1512
574 1512
575 1513
576 1514
577 1515
578 1515
579 1516
580 1516
581 1517
582 1517
583 1518
584 1518
585 1518
586 1518
587 1518
588 1518
589 1519
590 1519
591 1519
592 1519
593 1520
594 1520
595 1520
596 1520
597 1520
598 1520
599 1520
600 1520
601 1520
602 1520
603 1520
604 1520
605 1520
606 1520
607 1520
608 1520
609 1519
610 1519
611 1519
612 1519
613 1518
614 1518
615 1518
616 1518
617 1518
618 1518
619 1518
620 1518
621 1518
622 1518
623 1518
624 1518
625 1519
626 1519
627 1519
628 1519
629 1520
630 1520
631 1520
632 1520
633 1520
634 1520
635 1520
636 1520
637 1520
638 1520
639 1520
640 1520
641 1521
642 1521
643 1521
644 1521
645 1522
646 1522
647 1523
648 1523
649 1523
650 1523
651 1524
652 1524
653 1524
654 1524
655 1524
656 1524
657 1524
658 1524
659 1524
660 1524
661 1524
662 1524
663 1524
664 1524
665 1524
666 1524
667 1525
668 1525
669 1525
670 1526
671 1527
672 1527
673 1527
674 1527
675 1528
676 1528
677 1528
678 1528
679 1528
680 1528
681 1528
682 1528
683 1528
684 1528
685 1528
686 1528
687 1528
688 1528
689 1528
690 1528
691 1528
692 1528
693 1529
694 1529
695 1529
696 1529
697 1530
698 1530
699 1531
700 1531
701 1531
702 1531
703 1532
704 1532
705 1533
706 1533
707 1533
708 1533
709 1534
710 1534
711 1534
712 1534
713 1534
714 1534
715 1534
716 1534
717 1534
718 1534
719 1534
720 1534
721 1534
722 1534
723 1534
724 1534
725 1534
726 1534
727 1534
728 1534
729 1534
730 1534
731 1534
732 1534
733 1534
734 1534
735 1534
736 1534
737 1534
738 1534
739 1535
740 1535
741 1535
742 1535
743 1536
744 1536
745 1536
746 1536
747 1536
748 1536
749 1536
750 1536
751 1536
752 1536
753 1536
754 1536
755 1537
756 1537
757 1537
758 1538
759 1539
760 1539
761 1539
762 1539
763 1540
764 1540
765 1541
766 1541
767 1541
768 1541
769 1542
770 1542
771 1542
772 1542
773 1542
774 1542
775 1542
776 1542
777 1542
778 1542
779 1542
780 1542
781 1542
782 1542
783 1542
784 1542
785 1542
786 1542
787 1542
788 1542
789 1542
790 1542
791 1542
792 1542
793 1542
794 1542
795 1542
796 1542
797 1542
798 1542
799 1543
800 1543
801 1543
802 1543
803 1544
804 1544
805 1544
806 1544
807 1544
808 1544
809 1544
810 1544
811 1544
812 1544
813 1544
814 1544
815 1544
816 1544
817 1544
818 1544
819 1544
820 1544
821 1544
822 1544
823 1543
824 1543
825 1543
826 1543
827 1542
828 1542
829 1542
830 1542
831 1542
832 1542
833 1542
834 1542
835 1542
836 1542
837 1542
838 1542
839 1542
840 1542
841 1542
842 1542
843 1542
844 1542
845 1542
846 1542
847 1542
848 1542
849 1542
850 1542
851 1542
852 1542
853 1542
854 1542
855 1542
856 1542
857 1542
858 1542
859 1542
860 1542
861 1542
862 1542
863 1543
864 1543
865 1543
866 1543
867 1544
868 1544
869 1544
870 1544
871 1544
872 1544
873 1544
874 1544
875 1544
876 1544
877 1544
878 1544
879 1544
880 1544
881 1544
882 1544
883 1543
884 1543
885 1543
886 1543
887 1542
888 1542
889 1541
890 1541
891 1541
892 1541
893 1540
894 1540
895 1540
896 1540
897 1540
898 1540
899 1539
900 1539
901 1539
902 1539
903 1538
904 1538
905 1538
906 1538
907 1538
908 1538
909 1538
910 1538
911 1537
912 1537
913 1537
914 1537
915 1536
916 1536
917 1536
918 1536
919 1536
920 1536
921 1536
922 1536
923 1535
924 1535
925 1534
926 1533
927 1533
927 1532
928 1531
929 1530
929 1529
930 1528
930 1527
930 1526
930 1525
931 1524
931 1523
931 1522
932 1521
933 1520
933 1519
933 1518
934 1517
935 1516
935 1515
935 1514
936 1513
937 1512
937 1511
937 1510
937 1509
938 1508
938 1507
938 1506
938 1505
938 1504
938 1503
938 1502
938 1501
937 1500
937 1499
937 1498
937 1497
936 1496
936 1495
935 1494
935 1493
934 1492
934 1491
933 1490
933 1489
932 1488
932 1487
932 1486
932 1485
932 1484
932 1483
931 1482
931 1481
931 1480
931 1479
930 1478
930 1477
929 1476
929 1475
928 1474
927 1473
927 1472
926 1472
925 1471
925 1470
924 1470
923 1469
923 1468
922 1468
921 1467
921 1466
920 1465
919 1464
919 1463
918 1462
917 1461
916 1460
915 1459
915 1458
914 1458
913 1457
913 1456
912 1456
911 1455
910 1454
909 1453
908 1452
907 1452
906 1452
905 1451
904 1450
903 1450
902 1449
901 1449
900 1448
899 1447
898 1446
897 1446
896 1446
895 1446
894 1445
893 1445
892 1445
891 1445
890 1444
889 1444
888 1444
887 1444
886 1443
885 1443
884 1443
883 1443
882 1443
881 1443
880 1443
879 1443
878 1443
877 1443
876 1443
875 1443
874 1443
873 1443
872 1443
871 1443
870 1443
869 1443
868 1443
867 1443
866 1443
865 1443
864 1443
863 1443
862 1443
861 1443
860 1443
859 1443
858 1443
857 1443
856 1443
855 1443
854 1443
853 1443
852 1443
851 1443
850 1443
849 1443
848 1443
847 1443
846 1444
845 1444
844 1444
843 1444
842 1445
841 1446
840 1446
839 1446
838 1447
837 1447
836 1447
835 1447
834 1447
833 1447
832 1447
831 1447
830 1447
829 1447
828 1447
827 1447
826 1447
825 1447
824 1447
823 1447
822 1447
821 1447
820 1447
819 1447
818 1447
817 1447
816 1447
815 1447
814 1447
813 1447
812 1447
811 1447
810 1447
809 1447
808 1447
807 1447
806 1447
805 1447
804 1448
803 1448
802 1448
801 1448
800 1449
799 1449
798 1449
797 1449
796 1449
795 1449
794 1449
793 1449
792 1449
791 1449
790 1449
789 1449
788 1449
787 1449
786 1449
785 1449
784 1448
783 1448
782 1448
781 1448
780 1447
779 1447
778 1447
777 1447
776 1447
775 1447
774 1447
773 1447
772 1447
771 1447
770 1447
769 1447
768 1447
767 1447
766 1447
765 1447
764 1446
763 1446
762 1446
761 1445
760 1444
759 1444
758 1444
757 1444
756 1443
755 1443
754 1443
753 1443
752 1443
751 1443
750 1443
749 1443
748 1443
747 1443
746 1443
745 1443
744 1443
743 1443
742 1443
741 1443
740 1443
739 1443
738 1443
737 1443
736 1443
735 1443
734 1443
733 1443
732 1443
731 1443
730 1443
729 1443
728 1442
727 1442
726 1442
725 1441
724 1440
723 1440
722 1440
721 1440
720 1439
719 1439
718 1439
717 1439
716 1439
715 1439
714 1439
713 1439
712 1439
711 1439
710 1438
709 1438
708 1438
707 1438
706 1437
705 1437
704 1437
703 1437
702 1437
701 1437
700 1437
699 1437
698 1436
697 1436
696 1436
695 1436
694 1435
693 1435
692 1435
691 1435
690 1435
689 1435
688 1434
687 1434
686 1433
685 1433
684 1432
683 1432
682 1431
681 1431
680 1430
679 1430
678 1430
677 1430
676 1429
675 1429
674 1429
673 1429
672 1429
671 1429
670 1429
669 1429
668 1429
667 1429
666 1429
665 1429
664 1429
663 1429
662 1429
661 1429
660 1429
659 1429
658 1429
657 1429
656 1429
655 1429
654 1428
653 1428
652 1428
651 1428
650 1427
649 1427
648 1426
647 1426
646 1426
645 1426
644 1425
643 1425
642 1425
641 1425
640 1425
639 1425
