1065 5483
1064 5484
1063 5484
1062 5484
1061 5484
1060 5485
1059 5485
1058 5485
1057 5485
1056 5485
1055 5485
1054 5485
1053 5485
1052 5485
1051 5485
1050 5485
1049 5485
1048 5485
1047 5485
1046 5485
1045 5485
1044 5485
1043 5485
1042 5485
1041 5485
1040 5485
1039 5485
1038 5485
1037 5485
1036 5486
1035 5486
1034 5486
1033 5486
1032 5487
1031 5487
1030 5488
1029 5488
1028 5488
1027 5488
1026 5489
1025 5489
1024 5489
1023 5489
1022 5489
1021 5489
1020 5489
1019 5489
1018 5489
1017 5489
1016 5490
1015 5490
1014 5490
1013 5490
1012 5491
1011 5491
1010 5491
1009 5491
1008 5491
1007 5491
1006 5492
1005 5492
1004 5492
1003 5492
1002 5493
1001 5493
1000 5494
999 5494
998 5494
997 5494
996 5495
995 5495
994 5495
993 5495
992 5495
991 5495
990 5495
989 5495
988 5495
987 5495
986 5495
985 5495
984 5496
983 5496
982 5497
981 5497
980 5498
979 5498
978 5499
977 5499
976 5499
975 5499
974 5499
973 5499
972 5499
971 5499
970 5499
969 5499
968 5499
967 5499
966 5499
965 5499
964 5499
963 5499
962 5499
961 5499
960 5499
959 5499
958 5499
957 5499
956 5499
955 5499
954 5500
953 5500
952 5500
951 5500
950 5501
949 5501
948 5501
947 5501
946 5502
945 5502
944 5502
943 5502
942 5503
941 5503
940 5504
939 5504
938 5504
937 5504
936 5505
935 5505
934 5505
933 5505
932 5505
931 5505
930 5506
929 5506
928 5506
927 5506
926 5507
925 5507
924 5507
923 5507
922 5508
921 5508
920 5508
919 5508
918 5509
917 5510
916 5510
915 5510
914 5511
913 5511
912 5511
911 5511
910 5511
909 5511
908 5512
907 5512
906 5512
905 5512
904 5513
903 5513
902 5514
901 5514
900 5514
899 5514
898 5515
897 5515
896 5516
895 5516
894 5516
893 5516
892 5517
891 5517
890 5517
889 5517
888 5517
887 5517
886 5517
885 5517
884 5518
883 5518
882 5519
881 5519
880 5520
879 5520
878 5521
877 5521
876 5521
875 5521
874 5522
873 5522
872 5522
871 5522
870 5523
869 5523
868 5523
867 5523
866 5523
865 5523
864 5523
863 5523
862 5524
861 5524
860 5524
859 5524
858 5525
857 5525
856 5525
855 5525
854 5525
853 5525
852 5525
851 5525
850 5526
849 5526
848 5527
847 5527
846 5528
845 5528
844 5529
843 5529
842 5529
841 5529
840 5529
839 5529
838 5530
837 5530
836 5531
835 5531
834 5532
833 5532
832 5533
831 5534
830 5534
829 5534
828 5535
827 5535
826 5535
825 5535
824 5536
823 5536
822 5536
821 5536
820 5537
819 5537
818 5537
817 5537
816 5538
815 5538
814 5538
813 5538
812 5539
811 5540
810 5540
809 5540
808 5541
807 5542
806 5542
805 5542
804 5543
803 5543
802 5543
801 5543
800 5544
799 5544
798 5544
797 5544
796 5545
795 5545
794 5546
793 5546
792 5547
791 5548
790 5548
789 5549
788 5550
787 5550
786 5551
785 5552
784 5552
783 5552
782 5553
781 5554
780 5554
779 5554
778 5555
777 5556
776 5557
775 5558
774 5558
774 5559
773 5560
772 5560
772 5561
771 5562
770 5562
770 5563
769 5564
768 5565
768 5566
767 5567
767 5568
767 5569
767 5570
767 5571
767 5572
768 5573
768 5574
769 5575
770 5576
770 5577
771 5577
772 5578
772 5579
773 5579
774 5580
774 5581
775 5581
776 5582
776 5583
777 5583
778 5584
778 5585
779 5585
780 5586
780 5587
781 5587
782 5588
783 5589
784 5589
785 5590
786 5590
787 5591
788 5591
789 5591
790 5591
791 5592
792 5592
793 5592
794 5592
795 5592
796 5592
797 5592
798 5592
799 5592
800 5592
801 5592
802 5592
803 5592
804 5592
805 5592
806 5592
807 5592
808 5592
809 5593
810 5593
811 5593
812 5593
813 5594
814 5594
815 5595
816 5595
817 5595
818 5595
819 5596
820 5596
821 5596
822 5596
823 5596
824 5596
825 5597
826 5597
827 5597
828 5597
829 5598
830 5598
831 5598
832 5598
833 5598
834 5598
835 5598
836 5598
837 5599
838 5599
839 5599
840 5599
841 5600
842 5600
843 5600
844 5600
845 5600
846 5600
847 5601
848 5601
849 5601
850 5601
851 5602
852 5602
853 5602
854 5602
855 5602
856 5602
857 5602
858 5602
859 5602
860 5602
861 5601
862 5601
863 5601
864 5601
865 5600
866 5600
867 5600
868 5600
869 5601
870 5601
871 5601
872 5602
873 5603
874 5603
875 5603
876 5603
877 5604
878 5604
879 5605
880 5605
881 5606
882 5606
883 5607
884 5607
885 5608
886 5608
887 5608
888 5608
889 5608
890 5608
891 5608
892 5608
893 5608
894 5608
895 5608
896 5608
897 5607
898 5607
899 5607
900 5607
901 5606
902 5606
903 5607
904 5607
905 5607
906 5608
907 5609
908 5609
909 5609
910 5609
911 5610
912 5610
913 5611
914 5611
915 5611
916 5612
917 5613
918 5613
919 5613
920 5613
921 5614
922 5614
923 5614
924 5614
925 5614
926 5614
927 5614
928 5614
929 5614
930 5614
931 5614
932 5614
933 5614
934 5614
935 5614
936 5614
937 5614
938 5614
939 5614
940 5614
941 5614
942 5614
943 5615
944 5615
945 5616
946 5616
947 5617
948 5617
949 5618
950 5618
951 5618
952 5618
953 5618
954 5618
955 5619
956 5619
957 5619
958 5619
959 5620
960 5620
961 5620
962 5620
963 5620
964 5620
965 5620
966 5620
967 5620
968 5620
969 5620
970 5620
971 5620
972 5620
973 5620
974 5620
975 5620
976 5620
977 5620
978 5620
979 5620
980 5620
981 5620
982 5620
983 5620
984 5620
985 5620
986 5620
987 5620
988 5620
989 5620
990 5620
991 5620
992 5620
993 5620
994 5620
995 5620
996 5620
997 5620
998 5620
999 5620
1000 5620
1001 5620
1002 5620
1003 5620
1004 5620
1005 5620
1006 5620
1007 5620
1008 5620
1009 5620
1010 5620
1011 5620
1012 5620
1013 5619
1014 5619
1015 5619
1016 5619
1017 5618
1018 5618
1019 5618
1020 5618
1021 5618
1022 5618
1023 5618
1024 5618
1025 5618
1026 5618
1027 5618
1028 5618
1029 5618
1030 5618
1031 5618
1032 5618
1033 5618
1034 5618
1035 5618
1036 5618
1037 5618
1038 5618
1039 5618
1040 5618
1041 5618
1042 5618
1043 5618
1044 5618
1045 5617
1046 5617
1047 5617
1048 5617
1049 5616
1050 5616
1051 5616
1052 5616
1053 5616
1054 5616
1055 5616
1056 5616
1057 5616
1058 5616
1059 5616
1060 5616
1061 5616
1062 5616
1063 5616
1064 5616
1065 5616
1066 5616
1067 5616
1068 5616
1069 5616
1070 5616
1071 5615
1072 5615
1073 5615
1074 5615
1075 5614
1076 5614
1077 5614
1078 5614
1079 5614
1080 5614
1081 5614
1082 5614
1083 5614
1084 5614
1085 5614
1086 5614
1087 5614
1088 5614
1089 5614
1090 5614
1091 5614
1092 5614
1093 5614
1094 5614
1095 5614
1096 5614
1097 5614
1098 5614
1099 5614
1100 5614
1101 5614
1102 5614
1103 5614
1104 5614
1105 5614
1106 5614
1107 5614
1108 5614
1109 5614
1110 5614
1111 5613
1112 5613
1113 5613
1114 5613
1115 5612
1116 5612
1117 5612
1118 5612
1119 5612
1120 5612
1121 5611
1122 5611
1123 5611
1124 5611
1125 5610
1126 5610
1127 5610
1128 5610
1129 5610
1130 5610
1131 5610
1132 5610
1133 5610
1134 5610
1135 5610
1136 5610
1137 5609
1138 5609
1139 5609
1140 5609
1141 5608
1142 5607
1143 5607
1144 5607
1145 5606
1146 5605
1147 5604
1148 5603
1149 5603
1149 5602
1150 5601
1151 5601
1151 5600
1152 5599
1153 5599
1153 5598
1154 5597
1155 5597
1156 5596
1157 5595
1158 5595
1159 5594
1160 5594
1161 5593
1162 5593
1163 5592
1164 5591
1165 5590
1165 5589
1165 5588
1166 5587
1167 5586
1167 5585
1168 5584
1169 5583
1169 5582
1170 5581
1171 5581
1171 5580
1172 5579
1173 5578
1173 5577
1174 5576
1174 5575
1174 5574
1174 5573
1174 5572
1174 5571
1174 5570
1174 5569
1174 5568
1174 5567
1174 5566
1174 5565
1173 5564
1173 5563
1173 5562
1173 5561
1172 5560
1172 5559
1172 5558
1172 5557
1172 5556
1172 5555
1172 5554
1172 5553
1171 5552
1171 5551
1171 5550
1171 5549
1170 5548
1170 5547
1170 5546
1170 5545
1170 5544
1170 5543
1169 5542
1169 5541
1169 5540
1169 5539
1168 5538
1168 5537
1167 5536
1167 5535
1167 5534
1167 5533
1166 5532
1165 5531
1165 5530
1165 5529
1164 5528
1164 5527
1164 5526
1164 5525
1163 5524
1163 5523
1162 5522
1162 5521
1161 5520
1161 5519
1160 5518
1159 5517
1158 5516
1157 5515
1157 5514
1156 5513
1155 5512
1155 5511
1154 5510
1154 5509
1153 5508
1153 5507
1152 5506
1152 5505
1151 5504
1151 5503
1150 5502
1149 5501
1148 5500
1147 5499
1147 5498
1146 5498
1145 5497
1144 5496
1143 5496
1142 5495
1141 5495
1140 5495
1139 5495
1138 5495
1137 5495
1136 5495
1135 5495
1134 5495
1133 5495
1132 5495
1131 5495
1130 5495
1129 5495
1128 5495
1127 5495
1126 5495
1125 5495
1124 5495
1123 5495
1122 5495
1121 5495
1120 5495
1119 5495
1118 5495
1117 5495
1116 5495
1115 5495
1114 5495
1113 5495
1112 5495
1111 5495
1110 5495
1109 5495
1108 5495
1107 5495
1106 5494
1105 5494
1104 5494
1103 5494
1102 5493
1101 5493
1100 5492
1099 5492
1098 5492
1097 5492
1096 5491
1095 5491
1094 5491
1093 5491
1092 5490
1091 5490
1090 5490
1089 5490
1088 5489
1087 5489
1086 5489
1085 5489
1084 5489
1083 5489
1082 5489
1081 5489
1080 5489
1079 5489
1078 5488
1077 5488
1076 5487
1075 5486
1074 5486
1073 5485
1072 5484
1071 5484
1070 5483
1069 5483
1068 5483
1067 5483
1066 5483
1065 5483
