2299 831
2298 832
2297 832
2296 832
2295 832
2294 833
2293 833
2292 834
2291 834
2290 835
2289 835
2288 836
2287 836
2286 837
2285 838
2284 838
2283 838
2282 839
2281 840
2280 840
2279 840
2278 841
2277 842
2276 843
2275 843
2274 844
2273 844
2272 845
2271 846
2270 846
2269 846
2268 847
2267 847
2266 847
2265 847
2264 848
2263 848
2262 848
2261 848
2260 849
2259 850
2258 850
2257 850
2256 851
2255 852
2254 853
2253 853
2252 854
2251 854
2250 855
2249 855
2248 856
2247 856
2246 857
2245 858
2244 858
2244 859
2243 860
2242 860
2242 861
2241 862
2240 862
2240 863
2239 864
2238 864
2238 865
2237 866
2236 866
2236 867
2235 868
2234 869
2233 870
2232 871
2232 872
2231 873
2230 874
2229 874
2228 875
2227 875
2226 875
2225 875
2224 875
2223 875
2222 875
2221 875
2220 875
2219 875
2218 876
2217 876
2216 877
2215 877
2214 878
2213 878
2212 879
2211 879
2210 879
2209 879
2208 880
2207 880
2206 880
2205 880
2204 881
2203 881
2202 882
2201 882
2200 882
2199 882
2198 883
2197 883
2196 883
2195 883
2194 884
2193 884
2192 884
2191 884
2190 885
2189 885
2188 886
2187 886
2186 886
2185 886
2184 887
2183 887
2182 887
2181 887
2180 887
2179 887
2178 887
2177 887
2176 887
2175 887
2174 888
2173 888
2172 888
2171 888
2170 889
2169 889
2168 889
2167 889
2166 890
2165 890
2164 891
2164 892
2163 893
2163 894
2163 895
2163 896
2163 897
2163 898
2163 899
2163 900
2163 901
2163 902
2163 903
2163 904
2163 905
2163 906
2164 907
2164 908
2164 909
2164 910
2165 911
2165 912
2165 913
2165 914
2166 915
2166 916
2167 917
2168 918
2168 919
2169 919
2170 920
2170 921
2171 921
2172 922
2172 923
2173 923
2174 924
2174 925
2175 925
2176 926
2176 927
2177 927
2178 928
2178 929
2179 929
2180 930
2180 931
2181 931
2182 932
2182 933
2183 933
2184 934
2184 935
2185 935
2186 936
2186 937
2187 937
2188 938
2188 939
2189 939
2190 940
2191 941
2192 941
2193 942
2194 942
2195 943
2196 943
2197 943
2198 944
2199 945
2200 945
2201 946
2202 946
2203 947
2204 948
2205 949
2206 949
2207 950
2208 950
2209 951
2210 952
2211 953
2212 953
2213 953
2214 953
2215 954
2216 954
2217 955
2218 955
2219 955
2220 955
2221 956
2222 956
2223 956
2224 956
2225 956
2226 956
2227 956
2228 956
2229 957
2230 957
2231 958
2232 959
2233 959
2234 960
2235 961
2236 961
2237 962
2238 962
2239 963
2240 963
2241 963
2242 963
2243 964
2244 964
2245 964
2246 964
2247 964
2248 964
2249 965
2250 965
2251 965
2252 965
2253 966
2254 966
2255 966
2256 966
2257 966
2258 966
2259 966
2260 966
2261 967
2262 967
2263 967
2264 967
2265 968
2266 968
2267 968
2268 968
2269 969
2270 969
2271 969
2272 969
2273 970
2274 970
2275 970
2276 970
2277 970
2278 970
2279 970
2280 970
2281 971
2282 971
2283 971
2284 971
2285 972
2286 972
2287 973
2288 973
2289 973
2290 973
2291 974
2292 974
2293 975
2294 975
2295 975
2296 976
2297 977
2298 977
2299 977
2300 977
2301 978
2302 978
2303 978
2304 978
2305 978
2306 978
2307 978
2308 978
2309 978
2310 978
2311 979
2312 979
2313 979
2314 979
2315 980
2316 980
2317 980
2318 980
2319 981
2320 981
2321 981
2322 981
2323 982
2324 982
2325 982
2326 982
2327 982
2328 982
2329 982
2330 982
2331 982
2332 982
2333 982
2334 982
2335 981
2336 981
2337 981
2338 981
2339 980
2340 979
2341 979
2342 979
2343 978
2344 978
2345 978
2346 978
2347 978
2348 978
2349 978
2350 978
2351 977
2352 977
2353 977
2354 977
2355 976
2356 976
2357 975
2358 975
2359 975
2360 975
2361 974
2362 974
2363 974
2364 974
2365 974
2366 974
2367 974
2368 974
2369 974
2370 974
2371 974
2372 974
2373 974
2374 974
2375 973
2376 973
2377 972
2378 971
2379 971
2379 970
2380 969
2381 969
2381 968
2382 967
2383 967
2383 966
2384 965
2385 965
2385 964
2386 963
2387 963
2387 962
2388 961
2389 961
2389 960
2390 959
2391 959
2391 958
2392 957
2393 957
2393 956
2394 955
2395 955
2396 954
2397 953
2398 953
2399 952
2400 951
2401 951
2402 951
2403 950
2404 949
2405 948
2406 948
2407 947
2408 947
2409 946
2410 946
2411 946
2412 946
2413 945
2414 945
2415 944
2416 943
2417 943
2418 942
2419 941
2420 941
2421 940
2422 940
2423 939
2424 939
2425 938
2426 937
2427 937
2427 936
2428 935
2429 935
2429 934
2430 933
2431 933
2431 932
2432 931
2433 931
2433 930
2434 929
2435 929
2435 928
2436 927
2437 927
2437 926
2438 925
2439 925
2439 924
2440 923
2441 923
2441 922
2442 921
2443 920
2444 919
2445 918
2445 917
2445 916
2445 915
2446 914
2446 913
2446 912
2446 911
2446 910
2446 909
2446 908
2446 907
2446 906
2446 905
2445 904
2445 903
2444 902
2443 901
2442 900
2441 899
2440 898
2439 898
2438 897
2437 896
2436 896
2435 895
2435 894
2434 894
2433 893
2433 892
2432 892
2431 891
2431 890
2430 890
2429 889
2429 888
2428 888
2427 887
2427 886
2426 886
2425 885
2425 884
2424 884
2423 883
2423 882
2422 882
2421 881
2421 880
2420 880
2419 879
2418 878
2417 877
2416 876
2415 876
2414 875
2413 874
2412 874
2411 873
2411 872
2410 872
2409 871
2409 870
2408 870
2407 869
2407 868
2406 868
2405 867
2404 866
2403 865
2402 864
2401 864
2400 864
2399 864
2398 863
2397 863
2396 862
2395 862
2394 862
2393 862
2392 861
2391 861
2390 860
2389 860
2388 860
2387 860
2386 859
2385 859
2384 859
2383 859
2382 858
2381 858
2380 857
2379 857
2378 856
2377 856
2376 855
2375 855
2374 854
2373 854
2372 854
2371 854
2370 853
2369 853
2368 853
2367 853
2366 852
2365 852
2364 851
2363 851
2362 850
2361 850
2360 849
2359 849
2358 849
2357 849
2356 849
2355 849
2354 848
2353 848
2352 847
2351 847
2350 846
2349 846
2348 845
2347 845
2346 844
2345 844
2344 844
2343 844
2342 843
2341 843
2340 842
2339 842
2338 842
2337 842
2336 841
2335 841
2334 841
2333 841
2332 841
2331 841
2330 840
2329 840
2328 839
2327 839
2326 838
2325 838
2324 837
2323 837
2322 837
2321 837
2320 836
2319 836
2318 836
2317 835
2316 834
2315 834
2314 834
2313 834
2312 833
2311 833
2310 833
2309 833
2308 832
2307 832
2306 832
2305 832
2304 831
2303 831
2302 831
2301 831
2300 831
2299 831
