2491 509
2490 510
2489 510
2488 510
2487 510
2486 511
2485 511
2484 511
2483 511
2482 511
2481 511
2480 511
2479 511
2478 511
2477 511
2476 511
2475 511
2474 511
2473 511
2472 511
2471 511
2470 511
2469 511
2468 511
2467 511
2466 511
2465 511
2464 511
2463 511
2462 511
2461 511
2460 511
2459 511
2458 511
2457 511
2456 511
2455 511
2454 511
2453 511
2452 511
2451 511
2450 511
2449 511
2448 511
2447 511
2446 511
2445 511
2444 511
2443 511
2442 511
2441 511
2440 511
2439 511
2438 511
2437 511
2436 511
2435 511
2434 511
2433 511
2432 511
2431 511
2430 511
2429 511
2428 511
2427 511
2426 511
2425 511
2424 511
2423 511
2422 511
2421 511
2420 511
2419 511
2418 512
2417 512
2416 512
2415 512
2414 513
2413 513
2412 513
2411 513
2410 513
2409 513
2408 513
2407 513
2406 513
2405 513
2404 513
2403 513
2402 513
2401 513
2400 513
2399 513
2398 513
2397 513
2396 513
2395 513
2394 513
2393 513
2392 514
2391 514
2390 514
2389 514
2388 515
2387 515
2386 515
2385 515
2384 516
2383 516
2382 516
2381 516
2380 517
2379 518
2378 518
2377 518
2376 519
2375 519
2374 519
2373 519
2372 520
2371 520
2370 520
2369 520
2368 521
2367 521
2366 521
2365 521
2364 521
2363 521
2362 522
2361 522
2360 522
2359 522
2358 523
2357 523
2356 524
2355 524
2354 524
2353 524
2352 525
2351 526
2350 526
2349 526
2348 527
2347 528
2346 528
2345 528
2344 529
2343 529
2342 529
2341 529
2340 530
2339 530
2338 530
2337 530
2336 531
2335 531
2334 532
2333 532
2332 532
2331 532
2330 533
2329 533
2328 533
2327 533
2326 534
2325 534
2324 535
2323 535
2322 536
2321 536
2320 537
2319 537
2318 537
2317 537
2316 538
2315 538
2314 539
2313 539
2312 540
2311 540
2310 541
2309 542
2308 542
2307 542
2306 543
2305 543
2304 544
2303 544
2302 544
2301 544
2300 545
2299 545
2298 546
2297 546
2296 546
2295 546
2294 547
2293 547
2292 547
2291 547
2290 548
2289 548
2288 548
2287 548
2286 549
2285 550
2284 551
2283 552
2282 552
2282 553
2281 554
2280 554
2280 555
2279 556
2278 556
2278 557
2277 558
2276 558
2276 559
2275 560
2274 560
2274 561
2273 562
2272 562
2272 563
2271 564
2270 564
2270 565
2269 566
2268 566
2268 567
2267 568
2266 568
2266 569
2265 570
2264 570
2264 571
2263 572
2262 572
2262 573
2261 574
2260 574
2260 575
2259 576
2258 576
2258 577
2257 578
2256 578
2256 579
2255 580
2254 580
2254 581
2253 582
2252 582
2252 583
2251 584
2250 584
2250 585
2249 586
2248 586
2247 587
2246 588
2245 588
2244 589
2243 590
2242 591
2241 592
2240 592
2240 593
2239 594
2238 594
2238 595
2237 596
2236 596
2236 597
2235 598
2234 598
2234 599
2233 600
2232 600
2232 601
2231 602
2230 602
2230 603
2229 604
2228 604
2228 605
2227 606
2226 606
2226 607
2225 608
2224 608
2224 609
2223 610
2222 610
2222 611
2221 612
2220 612
2219 613
2218 614
2217 614
2216 615
2215 615
2214 616
2213 616
2212 617
2211 618
2210 618
2210 619
2209 620
2208 620
2208 621
2207 622
2206 622
2206 623
2205 624
2204 624
2204 625
2203 626
2202 626
2202 627
2201 628
2200 628
2200 629
2199 630
2198 630
2198 631
2197 632
2196 632
2196 633
2195 634
2194 634
2193 635
2192 636
2191 636
2190 637
2189 638
2188 639
2187 640
2186 640
2186 641
2185 642
2184 643
2184 644
2183 645
2183 646
2183 647
2183 648
2184 649
2184 650
2184 651
2184 652
2185 653
2185 654
2185 655
2185 656
2185 657
2185 658
2185 659
2185 660
2185 661
2185 662
2186 663
2186 664
2187 665
2188 666
2188 667
2189 667
2190 668
2190 669
2191 669
2192 670
2193 671
2194 672
2195 673
2196 673
2197 673
2198 674
2199 675
2200 675
2201 676
2202 677
2203 677
2204 678
2204 679
2205 680
2206 681
2206 682
2207 683
2207 684
2207 685
2207 686
2208 687
2208 688
2209 689
2210 690
2210 691
2211 691
2212 692
2213 693
2214 694
2215 695
2216 695
2217 696
2218 697
2219 697
2220 698
2221 699
2222 700
2223 701
2224 701
2225 702
2226 703
2227 703
2228 704
2228 705
2229 705
2230 706
2230 707
2231 707
2232 708
2233 709
2234 710
2235 711
2236 711
2237 712
2238 713
2239 713
2240 714
2240 715
2241 715
2242 716
2242 717
2243 717
2244 718
2244 719
2245 719
2246 720
2246 721
2247 721
2248 722
2248 723
2249 723
2250 724
2250 725
2251 725
2252 726
2253 727
2254 728
2255 729
2256 729
2257 730
2258 731
2259 731
2260 732
2260 733
2261 733
2262 734
2262 735
2263 735
2264 736
2264 737
2265 737
2266 738
2266 739
2267 739
2268 740
2269 741
2270 742
2271 743
2272 743
2273 744
2274 744
2275 745
2276 746
2277 747
2278 747
2279 748
2280 749
2281 749
2282 750
2282 751
2283 751
2284 752
2285 753
2286 753
2287 754
2288 754
2289 754
2290 754
2291 755
2292 755
2293 756
2294 756
2295 757
2296 757
2297 758
2298 758
2299 758
2300 758
2301 758
2302 758
2303 758
2304 758
2305 758
2306 758
2307 758
2308 758
2309 758
2310 758
2311 758
2312 758
2313 758
2314 758
2315 759
2316 759
2317 759
2318 760
2319 761
2320 761
2321 761
2322 761
2323 762
2324 762
2325 763
2326 763
2327 764
2328 764
2329 765
2330 766
2331 767
2332 767
2333 767
2334 768
2335 769
2336 769
2337 769
2338 770
2339 771
2340 771
2341 771
2342 771
2343 772
2344 772
2345 773
2346 773
2347 773
2348 774
2349 775
2350 775
2351 775
2352 775
2353 776
2354 776
2355 776
2356 776
2357 776
2358 776
2359 777
2360 777
2361 777
2362 777
2363 778
2364 778
2365 778
2366 778
2367 778
2368 778
2369 778
2370 778
2371 778
2372 778
2373 778
2374 778
2375 778
2376 778
2377 779
2378 779
2379 779
2380 779
2381 780
2382 780
2383 781
2384 781
2385 781
2386 782
2387 783
2388 783
2389 783
2390 784
2391 785
2392 785
2393 785
2394 786
2395 787
2396 787
2397 787
2398 787
2399 788
2400 788
2401 789
2402 789
2403 790
2404 790
2405 791
2406 791
2407 792
2408 792
2409 792
2410 792
2411 792
2412 792
2413 793
2414 793
2415 793
2416 794
2417 795
2418 795
2419 795
2420 796
2421 797
2422 797
2423 797
2424 798
2425 799
2426 799
2427 799
2428 799
2429 800
2430 800
2431 800
2432 800
2433 800
2434 800
2435 800
2436 800
2437 800
2438 800
2439 800
2440 800
2441 801
2442 801
2443 801
2444 801
2445 802
2446 802
2447 802
2448 802
2449 803
2450 803
2451 803
2452 803
2453 804
2454 804
2455 804
2456 804
2457 803
2458 803
2459 802
2460 801
2461 801
2461 800
2462 799
2463 799
2464 798
2465 797
2466 797
2467 796
2468 796
2469 796
2470 796
2471 796
2472 796
2473 797
2474 797
2475 798
2476 799
2477 799
2478 800
2478 801
2479 801
2480 802
2480 803
2481 803
2482 804
2482 805
2483 805
2484 806
2485 807
2486 807
2487 808
2488 808
2489 808
2490 808
2491 808
2492 808
2493 808
2494 808
2495 808
2496 808
2497 808
2498 808
2499 808
2500 808
2501 808
2502 808
2503 807
2504 807
2505 807
2506 807
2507 806
2508 805
2509 805
2510 805
2511 804
2512 803
2513 803
2514 803
2515 802
2516 802
2517 802
2518 802
2519 801
2520 801
2521 800
2522 800
2523 799
2524 799
2525 798
2526 798
2527 798
2528 798
2529 797
2530 797
2531 797
2532 797
2533 796
2534 795
2535 795
2536 795
2537 794
2538 794
2539 794
2540 794
2541 793
2542 793
2543 793
2544 793
2545 792
2546 791
2547 791
2548 791
2549 790
2550 790
2551 790
2552 790
2553 789
2554 789
2555 789
2556 789
2557 788
2558 788
2559 788
2560 788
2561 787
2562 787
2563 787
2564 787
2565 786
2566 786
2567 786
2568 786
2569 785
2570 785
2571 785
2572 785
2573 784
2574 784
2575 784
2576 784
2577 784
2578 784
2579 784
2580 784
2581 784
2582 784
2583 784
2584 784
2585 783
2586 783
2587 783
2588 783
2589 782
2590 781
2591 780
2592 780
2593 779
2594 779
2595 778
2596 778
2597 777
2598 777
2599 777
2600 777
2601 776
2602 775
2603 775
2604 775
2605 774
2606 774
2607 773
2608 773
2609 772
2610 771
2611 771
2611 770
2612 769
2613 769
2613 768
2614 767
2615 767
2615 766
2616 765
2617 764
2617 763
2618 762
2618 761
2619 760
2619 759
2620 758
2620 757
2621 756
2621 755
2622 754
2622 753
2623 752
2623 751
2623 750
2624 749
2625 748
2625 747
2625 746
2625 745
2626 744
2626 743
2627 742
2627 741
2627 740
2627 739
2628 738
2628 737
2629 736
2629 735
2629 734
2630 733
2631 732
2631 731
2632 730
2633 729
2633 728
2634 727
2635 726
2636 725
2637 724
2637 723
2637 722
2638 721
2639 720
2639 719
2639 718
2640 717
2641 716
2641 715
2642 714
2643 713
2643 712
2644 711
2645 710
2645 709
2646 708
2646 707
2646 706
2646 705
2647 704
2647 703
2647 702
2648 701
2649 700
2649 699
2649 698
2649 697
2650 696
2650 695
2650 694
2650 693
2650 692
2650 691
2650 690
2650 689
2650 688
2650 687
2650 686
2650 685
2650 684
2650 683
2650 682
2650 681
2650 680
2650 679
2650 678
2650 677
2650 676
2650 675
2650 674
2650 673
2650 672
2650 671
2650 670
2650 669
2650 668
2650 667
2650 666
2650 665
2650 664
2650 663
2650 662
2650 661
2650 660
2650 659
2650 658
2650 657
2650 656
2650 655
2650 654
2650 653
2650 652
2650 651
2650 650
2650 649
2650 648
2650 647
2650 646
2650 645
2650 644
2650 643
2650 642
2650 641
2650 640
2650 639
2650 638
2650 637
2650 636
2650 635
2650 634
2650 633
2650 632
2650 631
2650 630
2650 629
2649 628
2649 627
2649 626
2649 625
2648 624
2648 623
2648 622
2648 621
2648 620
2648 619
2648 618
2648 617
2648 616
2648 615
2648 614
2648 613
2648 612
2648 611
2648 610
2648 609
2648 608
2648 607
2648 606
2648 605
2649 604
2649 603
2649 602
2649 601
2650 600
2650 599
2650 598
2650 597
2650 596
2650 595
2649 594
2649 593
2649 592
2649 591
2648 590
2648 589
2647 588
2647 587
2647 586
2647 585
2646 584
2645 583
2644 582
2643 581
2643 580
2642 580
2641 579
2641 578
2640 578
2639 577
2639 576
2638 576
2637 575
2637 574
2636 574
2635 573
2635 572
2634 572
2633 571
2633 570
2632 570
2631 569
2631 568
2630 568
2629 567
2629 566
2628 566
2627 565
2627 564
2626 564
2625 563
2624 562
2623 562
2622 561
2621 561
2620 561
2619 561
2618 560
2617 560
2616 560
2615 559
2614 558
2613 558
2612 557
2611 556
2610 556
2609 555
2608 554
2607 554
2606 553
2605 553
2604 552
2603 552
2602 551
2601 551
2600 550
2599 549
2598 548
2597 548
2596 548
2595 547
2594 546
2593 546
2592 546
2591 545
2590 544
2589 544
2588 543
2587 543
2586 542
2585 542
2584 541
2583 541
2582 540
2581 540
2580 540
2579 539
2578 538
2577 538
2576 538
2575 537
2574 536
2573 536
2572 536
2571 536
2570 535
2569 535
2568 535
2567 535
2566 535
2565 535
2564 535
2563 535
2562 534
2561 534
2560 533
2559 532
2558 532
2557 531
2556 530
2555 530
2554 529
2553 529
2552 528
2551 528
2550 528
2549 527
2548 526
2547 526
2546 525
2545 525
2544 524
2543 524
2542 523
2541 523
2540 522
2539 522
2538 521
2537 520
2536 520
2535 519
2534 518
2533 517
2532 516
2531 516
2530 516
2529 516
2528 515
2527 515
2526 514
2525 514
2524 513
2523 513
2522 512
2521 512
2520 511
2519 511
2518 511
2517 511
2516 511
2515 511
2514 511
2513 511
2512 510
2511 510
2510 510
2509 510
2508 509
2507 509
2506 509
2505 509
2504 509
2503 509
2502 509
2501 509
2500 509
2499 509
2498 509
2497 509
2496 509
2495 509
2494 509
2493 509
2492 509
2491 509
