1023 1373
1022 1374
1021 1374
1020 1374
1019 1374
1018 1375
1017 1375
1016 1376
1015 1376
1014 1376
1013 1376
1012 1377
1011 1377
1010 1377
1009 1377
1008 1377
1007 1377
1006 1377
1005 1377
1004 1377
1003 1377
1002 1377
1001 1377
1000 1378
999 1378
998 1378
997 1378
996 1379
995 1379
994 1379
993 1379
992 1379
991 1379
990 1379
989 1379
988 1379
987 1379
986 1379
985 1379
984 1379
983 1379
982 1379
981 1379
980 1379
979 1379
978 1379
977 1379
976 1379
975 1379
974 1379
973 1379
972 1379
971 1379
970 1379
969 1379
968 1380
967 1380
966 1380
965 1380
964 1381
963 1381
962 1381
961 1381
960 1381
959 1381
958 1381
957 1381
956 1381
955 1381
954 1381
953 1381
952 1381
951 1381
950 1382
949 1382
948 1382
947 1382
946 1383
945 1383
944 1383
943 1383
942 1383
941 1383
940 1383
939 1383
938 1383
937 1383
936 1383
935 1383
934 1383
933 1384
932 1384
931 1384
930 1385
929 1385
928 1385
927 1385
926 1386
925 1386
924 1386
923 1386
922 1387
921 1387
920 1387
919 1387
918 1388
917 1388
916 1388
915 1388
914 1389
913 1389
912 1389
911 1389
910 1390
909 1390
908 1390
907 1390
906 1391
905 1391
904 1391
903 1391
902 1392
901 1392
900 1392
899 1392
898 1392
897 1392
896 1392
895 1393
894 1393
893 1393
892 1393
891 1393
890 1393
889 1393
888 1393
887 1393
886 1393
885 1393
884 1394
885 1395
886 1396
887 1396
888 1397
889 1398
890 1398
891 1399
892 1399
893 1400
894 1400
895 1401
896 1401
897 1402
898 1402
899 1402
900 1403
901 1403
902 1403
903 1403
904 1404
905 1404
906 1404
907 1404
908 1405
909 1405
910 1405
911 1406
912 1406
913 1406
914 1406
915 1407
916 1407
917 1407
918 1407
919 1408
920 1408
921 1409
922 1409
923 1410
924 1410
925 1410
926 1411
927 1411
928 1411
929 1411
930 1412
931 1412
932 1412
933 1413
934 1413
935 1413
936 1413
937 1413
938 1413
939 1414
940 1414
941 1415
942 1416
943 1416
944 1416
945 1417
946 1417
947 1417
948 1418
949 1418
950 1418
951 1418
952 1419
953 1420
954 1420
955 1420
956 1421
957 1421
958 1422
959 1423
960 1424
961 1425
962 1425
963 1425
964 1425
965 1426
966 1427
967 1427
968 1427
969 1427
970 1428
971 1428
972 1428
973 1428
974 1428
975 1429
976 1429
977 1429
978 1429
979 1430
980 1430
981 1430
982 1430
983 1430
984 1430
985 1430
986 1430
987 1430
988 1431
989 1431
990 1432
991 1432
992 1432
993 1432
994 1433
995 1433
996 1433
997 1434
998 1434
999 1434
1000 1434
1001 1435
1002 1435
1003 1435
1004 1435
1005 1435
1006 1435
1007 1435
1008 1435
1009 1436
1010 1436
1011 1436
1012 1436
1013 1436
1014 1436
1015 1436
1016 1436
1017 1436
1018 1436
1019 1436
1020 1436
1021 1436
1022 1436
1023 1436
1024 1436
1025 1436
1026 1436
1027 1436
1028 1436
1029 1436
1030 1436
1031 1436
1032 1436
1033 1436
1034 1435
1035 1435
1036 1435
1037 1435
1038 1435
1039 1435
1040 1434
1041 1434
1042 1434
1043 1434
1044 1433
1045 1433
1046 1433
1047 1432
1048 1432
1049 1431
1050 1430
1051 1429
1052 1428
1053 1427
1054 1427
1055 1427
1056 1427
1057 1427
1058 1426
1059 1425
1060 1425
1061 1425
1062 1424
1063 1424
1064 1424
1065 1423
1066 1423
1067 1423
1068 1423
1069 1422
1070 1421
1071 1421
1072 1421
1073 1420
1074 1419
1075 1419
1076 1419
1077 1418
1078 1417
1079 1417
1080 1417
1081 1416
1082 1415
1083 1414
1083 1413
1084 1412
1084 1411
1084 1410
1084 1409
1083 1408
1083 1407
1082 1406
1081 1405
1081 1404
1080 1404
1079 1403
1078 1402
1077 1401
1076 1400
1075 1400
1074 1399
1073 1398
1072 1398
1071 1397
1071 1396
1070 1396
1069 1395
1069 1394
1068 1394
1067 1393
1067 1392
1066 1392
1065 1391
1065 1390
1064 1390
1063 1389
1063 1388
1062 1388
1061 1387
1061 1386
1060 1385
1059 1384
1059 1383
1058 1382
1058 1381
1057 1380
1057 1379
1056 1378
1055 1377
1054 1376
1053 1376
1052 1375
1051 1375
1050 1374
1049 1374
1048 1374
1047 1374
1046 1373
1045 1373
1044 1373
1043 1373
1042 1373
1041 1373
1040 1373
1039 1373
1038 1373
1037 1373
1036 1373
1035 1373
1034 1373
1033 1373
1032 1373
1031 1373
1030 1373
1029 1373
1028 1373
1027 1373
1026 1373
1025 1373
1024 1373
1023 1373
