969 5137
968 5138
967 5138
966 5138
965 5138
964 5139
963 5140
962 5140
961 5140
960 5141
959 5141
958 5141
957 5141
956 5142
955 5142
954 5143
953 5143
952 5144
951 5144
950 5145
949 5145
948 5145
947 5145
946 5145
945 5145
944 5145
943 5145
942 5146
941 5146
940 5147
939 5148
938 5148
938 5149
937 5150
936 5151
936 5152
935 5153
935 5154
934 5155
934 5156
933 5157
932 5158
931 5159
930 5160
929 5160
928 5161
927 5161
926 5161
925 5161
924 5161
923 5161
922 5161
921 5161
920 5161
919 5161
918 5161
917 5161
916 5161
915 5161
914 5161
913 5161
912 5161
911 5161
910 5161
909 5161
908 5161
907 5161
906 5161
905 5161
904 5162
903 5162
902 5163
901 5164
900 5164
900 5165
899 5166
898 5166
898 5167
897 5168
896 5168
896 5169
895 5170
894 5170
894 5171
893 5172
892 5172
892 5173
891 5174
890 5175
889 5176
888 5177
888 5178
888 5179
888 5180
887 5181
887 5182
888 5183
888 5184
889 5185
890 5186
890 5187
891 5187
892 5188
892 5189
893 5189
894 5190
894 5191
895 5191
896 5192
897 5193
898 5193
899 5194
900 5194
901 5195
902 5195
903 5195
904 5196
905 5197
906 5197
907 5198
908 5198
909 5199
910 5199
911 5200
912 5200
913 5200
914 5200
915 5200
916 5200
917 5200
918 5200
919 5201
920 5201
921 5201
922 5202
923 5203
924 5203
925 5203
926 5203
927 5204
928 5204
929 5204
930 5204
931 5205
932 5205
933 5205
934 5205
935 5206
936 5206
937 5206
938 5206
939 5206
940 5206
941 5206
942 5206
943 5206
944 5206
945 5206
946 5206
947 5206
948 5206
949 5206
950 5206
951 5206
952 5206
953 5207
954 5207
955 5208
956 5208
957 5209
958 5209
959 5210
960 5210
961 5210
962 5210
963 5211
964 5211
965 5212
966 5212
967 5213
968 5214
969 5215
970 5215
971 5215
972 5215
973 5216
974 5216
975 5216
976 5216
977 5217
978 5217
979 5217
980 5217
981 5218
982 5218
983 5218
984 5218
985 5218
986 5218
987 5218
988 5218
989 5219
990 5219
991 5219
992 5220
993 5221
994 5221
995 5222
996 5222
997 5223
998 5223
999 5224
1000 5224
1001 5224
1002 5224
1003 5224
1004 5224
1005 5224
1006 5224
1007 5224
1008 5224
1009 5224
1010 5224
1011 5224
1012 5224
1013 5224
1014 5224
1015 5224
1016 5224
1017 5224
1018 5224
1019 5224
1020 5224
1021 5224
1022 5224
1023 5224
1024 5224
1025 5224
1026 5224
1027 5224
1028 5224
1029 5224
1030 5224
1031 5224
1032 5224
1033 5224
1034 5224
1035 5224
1036 5224
1037 5224
1038 5224
1039 5224
1040 5224
1041 5224
1042 5224
1043 5224
1044 5224
1045 5224
1046 5224
1047 5224
1048 5224
1049 5224
1050 5224
1051 5224
1052 5224
1053 5224
1054 5224
1055 5224
1056 5224
1057 5224
1058 5224
1059 5224
1060 5224
1061 5224
1062 5224
1063 5224
1064 5224
1065 5223
1066 5223
1067 5222
1068 5221
1069 5221
1069 5220
1070 5219
1071 5219
1071 5218
1072 5217
1073 5217
1073 5216
1074 5215
1075 5215
1075 5214
1076 5213
1077 5212
1077 5211
1078 5210
1078 5209
1079 5208
1079 5207
1079 5206
1080 5205
1081 5204
1081 5203
1081 5202
1081 5201
1082 5200
1082 5199
1082 5198
1082 5197
1082 5196
1082 5195
1082 5194
1082 5193
1082 5192
1082 5191
1082 5190
1082 5189
1082 5188
1082 5187
1082 5186
1082 5185
1082 5184
1082 5183
1081 5182
1081 5181
1080 5180
1080 5179
1079 5178
1079 5177
1078 5176
1078 5175
1077 5174
1077 5173
1076 5172
1075 5171
1075 5170
1074 5170
1073 5169
1073 5168
1072 5168
1071 5167
1070 5166
1069 5165
1068 5164
1067 5164
1066 5164
1065 5163
1064 5162
1063 5162
1062 5162
1061 5162
1060 5161
1059 5161
1058 5161
1057 5161
1056 5161
1055 5161
1054 5160
1053 5160
1052 5159
1051 5159
1050 5158
1049 5158
1048 5157
1047 5157
1046 5156
1045 5156
1044 5155
1043 5154
1042 5154
1041 5153
1040 5152
1039 5152
1038 5151
1037 5151
1036 5151
1035 5151
1034 5150
1033 5150
1032 5150
1031 5149
1030 5148
1029 5148
1028 5148
1027 5147
1026 5146
1025 5146
1024 5146
1023 5146
1022 5145
1021 5145
1020 5145
1019 5145
1018 5145
1017 5145
1016 5144
1015 5144
1014 5144
1013 5144
1012 5143
1011 5143
1010 5143
1009 5143
1008 5143
1007 5143
1006 5143
1005 5143
1004 5142
1003 5142
1002 5141
1001 5141
1000 5140
999 5139
998 5138
997 5138
996 5138
995 5138
994 5137
993 5137
992 5137
991 5137
990 5137
989 5137
988 5137
987 5137
986 5137
985 5137
984 5137
983 5137
982 5137
981 5137
980 5137
979 5137
978 5137
977 5137
976 5137
975 5137
974 5137
973 5137
972 5137
971 5137
970 5137
969 5137
