1961 2801
1960 2802
1959 2802
1958 2802
1957 2802
1956 2803
1955 2803
1954 2804
1953 2804
1952 2805
1951 2805
1950 2806
1949 2806
1948 2807
1947 2807
1946 2807
1945 2807
1944 2808
1943 2808
1942 2809
1941 2809
1940 2810
1939 2810
1938 2811
1937 2811
1936 2812
1935 2812
1934 2813
1933 2813
1932 2814
1931 2814
1930 2815
1929 2815
1928 2816
1927 2816
1926 2817
1925 2817
1924 2818
1923 2818
1922 2819
1921 2820
1920 2820
1919 2820
1918 2821
1917 2822
1916 2822
1915 2822
1914 2823
1913 2824
1912 2825
1911 2825
1910 2826
1909 2826
1908 2827
1907 2828
1906 2829
1905 2829
1904 2830
1903 2830
1902 2831
1901 2831
1900 2832
1899 2832
1898 2833
1897 2833
1896 2834
1895 2834
1894 2835
1893 2836
1892 2837
1891 2837
1890 2838
1889 2838
1888 2839
1887 2840
1886 2840
1885 2840
1884 2841
1883 2842
1882 2842
1881 2842
1880 2843
1879 2844
1878 2845
1877 2845
1876 2846
1875 2846
1874 2847
1873 2848
1872 2848
1871 2848
1870 2849
1869 2850
1868 2850
1867 2850
1866 2851
1865 2852
1864 2853
1863 2853
1862 2854
1861 2854
1860 2855
1859 2855
1858 2856
1857 2856
1856 2856
1855 2856
1854 2857
1853 2858
1852 2858
1851 2858
1850 2859
1849 2860
1848 2860
1847 2860
1846 2861
1845 2862
1844 2863
1843 2864
1842 2865
1842 2866
1841 2867
1841 2868
1841 2869
1841 2870
1841 2871
1841 2872
1841 2873
1841 2874
1841 2875
1841 2876
1841 2877
1841 2878
1841 2879
1841 2880
1841 2881
1841 2882
1841 2883
1841 2884
1841 2885
1841 2886
1841 2887
1841 2888
1841 2889
1841 2890
1842 2891
1842 2892
1842 2893
1842 2894
1843 2895
1843 2896
1844 2897
1844 2898
1844 2899
1844 2900
1845 2901
1845 2902
1846 2903
1847 2904
1848 2905
1849 2905
1850 2905
1851 2906
1852 2906
1853 2906
1854 2906
1855 2907
1856 2907
1857 2907
1858 2907
1859 2908
1860 2908
1861 2909
1862 2909
1863 2909
1864 2909
1865 2910
1866 2910
1867 2910
1868 2910
1869 2911
1870 2911
1871 2911
1872 2911
1873 2912
1874 2912
1875 2912
1876 2912
1877 2913
1878 2913
1879 2913
1880 2913
1881 2914
1882 2914
1883 2914
1884 2914
1885 2915
1886 2915
1887 2915
1888 2915
1889 2916
1890 2916
1891 2916
1892 2916
1893 2916
1894 2916
1895 2916
1896 2916
1897 2916
1898 2916
1899 2916
1900 2916
1901 2916
1902 2916
1903 2917
1904 2917
1905 2917
1906 2917
1907 2918
1908 2918
1909 2918
1910 2918
1911 2918
1912 2918
1913 2918
1914 2918
1915 2918
1916 2918
1917 2918
1918 2918
1919 2918
1920 2918
1921 2918
1922 2918
1923 2918
1924 2918
1925 2919
1926 2919
1927 2920
1928 2920
1929 2921
1930 2921
1931 2922
1932 2922
1933 2922
1934 2922
1935 2922
1936 2922
1937 2922
1938 2922
1939 2922
1940 2922
1941 2922
1942 2922
1943 2922
1944 2922
1945 2922
1946 2922
1947 2922
1948 2922
1949 2922
1950 2922
1951 2922
1952 2922
1953 2922
1954 2922
1955 2922
1956 2922
1957 2923
1958 2923
1959 2924
1960 2925
1961 2925
1962 2926
1963 2927
1964 2927
1965 2928
1966 2928
1967 2929
1968 2929
1969 2929
1970 2929
1971 2930
1972 2930
1973 2930
1974 2930
1975 2930
1976 2930
1977 2930
1978 2930
1979 2930
1980 2930
1981 2931
1982 2931
1983 2931
1984 2931
1985 2932
1986 2932
1987 2932
1988 2932
1989 2933
1990 2933
1991 2933
1992 2933
1993 2934
1994 2934
1995 2934
1996 2934
1997 2934
1998 2934
1999 2934
2000 2934
2001 2934
2002 2934
2003 2934
2004 2934
2005 2934
2006 2934
2007 2934
2008 2934
2009 2934
2010 2934
2011 2934
2012 2934
2013 2934
2014 2934
2015 2934
2016 2934
2017 2934
2018 2934
2019 2934
2020 2934
2021 2934
2022 2934
2023 2934
2024 2934
2025 2934
2026 2934
2027 2934
2028 2934
2029 2935
2030 2935
2031 2935
2032 2935
2033 2936
2034 2936
2035 2936
2036 2936
2037 2936
2038 2936
2039 2936
2040 2936
2041 2936
2042 2936
2043 2936
2044 2936
2045 2935
2046 2935
2047 2935
2048 2935
2049 2935
2050 2935
2051 2935
2052 2935
2053 2936
2054 2936
2055 2936
2056 2936
2057 2936
2058 2936
2059 2936
2060 2936
2061 2936
2062 2936
2063 2936
2064 2936
2065 2936
2066 2936
2067 2937
2068 2937
2069 2937
2070 2938
2071 2939
2072 2939
2073 2939
2074 2939
2075 2940
2076 2940
2077 2940
2078 2940
2079 2940
2080 2940
2081 2940
2082 2940
2083 2940
2084 2940
2085 2939
2086 2939
2087 2939
2088 2939
2089 2938
2090 2938
2091 2938
2092 2938
2093 2938
2094 2938
2095 2938
2096 2938
2097 2937
2098 2937
2099 2937
2100 2937
2101 2936
2102 2936
2103 2936
2104 2936
2105 2936
2106 2936
2107 2936
2108 2936
2109 2936
2110 2936
2111 2936
2112 2936
2113 2936
2114 2936
2115 2936
2116 2936
2117 2936
2118 2936
2119 2936
2120 2936
2121 2935
2122 2935
2123 2935
2124 2935
2125 2934
2126 2934
2127 2934
2128 2934
2129 2934
2130 2934
2131 2934
2132 2934
2133 2934
2134 2934
2135 2934
2136 2934
2137 2934
2138 2934
2139 2934
2140 2934
2141 2934
2142 2934
2143 2934
2144 2934
2145 2934
2146 2934
2147 2933
2148 2933
2149 2933
2150 2933
2151 2932
2152 2932
2153 2932
2154 2932
2155 2931
2156 2931
2157 2931
2158 2931
2159 2930
2160 2930
2161 2929
2162 2929
2163 2929
2164 2929
2165 2928
2166 2928
2167 2928
2168 2928
2169 2928
2170 2928
2171 2927
2172 2927
2173 2927
2174 2927
2175 2926
2176 2925
2177 2925
2178 2925
2179 2924
2180 2924
2181 2924
2182 2924
2183 2924
2184 2924
2185 2924
2186 2924
2187 2923
2188 2923
2189 2923
2190 2923
2191 2922
2192 2921
2193 2921
2194 2921
2195 2920
2196 2920
2197 2920
2198 2920
2199 2920
2200 2920
2201 2920
2202 2920
2203 2920
2204 2920
2205 2920
2206 2920
2207 2919
2208 2919
2209 2919
2210 2919
2211 2918
2212 2918
2213 2918
2214 2918
2215 2918
2216 2918
2217 2918
2218 2918
2219 2918
2220 2918
2221 2917
2222 2917
2223 2917
2224 2917
2225 2916
2226 2916
2227 2916
2228 2916
2229 2915
2230 2915
2231 2914
2232 2913
2233 2912
2233 2911
2233 2910
2234 2909
2235 2908
2235 2907
2235 2906
2236 2905
2237 2904
2237 2903
2237 2902
2238 2901
2239 2900
2239 2899
2239 2898
2240 2897
2241 2896
2241 2895
2241 2894
2241 2893
2242 2892
2242 2891
2242 2890
2242 2889
2242 2888
2242 2887
2242 2886
2242 2885
2241 2884
2241 2883
2240 2882
2239 2881
2239 2880
2238 2880
2237 2879
2237 2878
2236 2877
2235 2876
2235 2875
2234 2874
2234 2873
2234 2872
2234 2871
2234 2870
2234 2869
2233 2868
2233 2867
2232 2866
2231 2865
2231 2864
2230 2864
2229 2863
2228 2862
2227 2862
2226 2861
2225 2861
2224 2861
2223 2861
2222 2861
2221 2861
2220 2860
2219 2860
2218 2859
2217 2859
2216 2858
2215 2857
2214 2856
2213 2856
2212 2856
2211 2855
2210 2854
2209 2854
2208 2854
2207 2853
2206 2852
2205 2852
2204 2852
2203 2852
2202 2851
2201 2851
2200 2851
2199 2851
2198 2851
2197 2851
2196 2851
2195 2851
2194 2851
2193 2851
2192 2850
2191 2850
2190 2850
2189 2850
2188 2849
2187 2849
2186 2849
2185 2849
2184 2848
2183 2848
2182 2848
2181 2848
2180 2847
2179 2847
2178 2846
2177 2846
2176 2846
2175 2846
2174 2845
2173 2845
2172 2845
2171 2845
2170 2845
2169 2845
2168 2845
2167 2845
2166 2844
2165 2844
2164 2844
2163 2844
2162 2843
2161 2843
2160 2843
2159 2843
2158 2843
2157 2843
2156 2843
2155 2843
2154 2842
2153 2842
2152 2842
2151 2842
2150 2841
2149 2841
2148 2841
2147 2841
2146 2841
2145 2841
2144 2841
2143 2841
2142 2840
2141 2840
2140 2840
2139 2840
2138 2839
2137 2839
2136 2839
2135 2839
2134 2839
2133 2839
2132 2839
2131 2839
2130 2839
2129 2839
2128 2838
2127 2838
2126 2838
2125 2838
2124 2837
2123 2837
2122 2837
2121 2837
2120 2837
2119 2837
2118 2837
2117 2837
2116 2836
2115 2836
2114 2836
2113 2836
2112 2835
2111 2835
2110 2835
2109 2835
2108 2835
2107 2835
2106 2834
2105 2834
2104 2834
2103 2834
2102 2833
2101 2833
2100 2833
2099 2833
2098 2833
2097 2833
2096 2833
2095 2833
2094 2833
2093 2833
2092 2832
2091 2832
2090 2832
2089 2832
2088 2831
2087 2831
2086 2831
2085 2831
2084 2830
2083 2830
2082 2830
2081 2830
2080 2829
2079 2829
2078 2829
2077 2829
2076 2829
2075 2829
2074 2829
2073 2829
2072 2828
2071 2828
2070 2828
2069 2828
2068 2827
2067 2827
2066 2827
2065 2827
2064 2827
2063 2827
2062 2826
2061 2826
2060 2826
2059 2826
2058 2825
2057 2825
2056 2824
2055 2824
2054 2824
2053 2824
2052 2823
2051 2823
2050 2823
2049 2823
2048 2823
2047 2823
2046 2822
2045 2822
2044 2822
2043 2822
2042 2821
2041 2821
2040 2821
2039 2821
2038 2821
2037 2821
2036 2820
2035 2820
2034 2820
2033 2820
2032 2819
2031 2819
2030 2818
2029 2818
2028 2818
2027 2818
2026 2817
2025 2817
2024 2817
2023 2817
2022 2816
2021 2816
2020 2816
2019 2816
2018 2815
2017 2815
2016 2815
2015 2815
2014 2814
2013 2814
2012 2814
2011 2814
2010 2813
2009 2813
2008 2813
2007 2813
2006 2813
2005 2813
2004 2813
2003 2813
2002 2813
2001 2813
2000 2813
1999 2813
1998 2812
1997 2812
1996 2812
1995 2812
1994 2811
1993 2811
1992 2810
1991 2810
1990 2810
1989 2809
1988 2808
1987 2808
1986 2808
1985 2808
1984 2807
1983 2807
1982 2806
1981 2806
1980 2806
1979 2806
1978 2805
1977 2805
1976 2805
1975 2805
1974 2804
1973 2804
1972 2804
1971 2804
1970 2803
1969 2803
1968 2802
1967 2802
1966 2802
1965 2802
1964 2801
1963 2801
1962 2801
1961 2801
