971 713
970 714
969 714
968 715
967 716
966 716
966 717
965 718
964 718
964 719
963 720
962 720
961 721
960 722
959 722
958 723
957 724
956 724
955 724
954 725
953 726
952 726
951 726
950 727
949 727
948 728
947 728
946 729
945 730
944 730
943 731
942 732
941 732
940 733
939 733
938 733
937 733
936 734
935 734
934 735
933 735
932 736
931 736
930 737
929 738
928 738
927 739
926 740
925 741
924 742
923 743
922 744
921 744
920 745
919 745
918 745
917 745
916 746
915 746
914 747
913 748
912 749
912 750
911 751
910 752
910 753
909 754
908 754
908 755
907 756
906 757
905 758
904 759
904 760
903 761
902 762
902 763
901 764
900 765
899 766
898 767
898 768
898 769
898 770
897 771
897 772
897 773
897 774
897 775
897 776
898 777
898 778
898 779
898 780
899 781
899 782
898 783
898 784
898 785
898 786
897 787
897 788
897 789
897 790
897 791
897 792
896 793
896 794
896 795
896 796
895 797
895 798
895 799
895 800
895 801
895 802
895 803
895 804
896 805
896 806
896 807
896 808
897 809
897 810
898 811
898 812
898 813
898 814
899 815
899 816
898 817
898 818
897 819
897 820
896 821
895 822
894 823
894 824
894 825
894 826
893 827
893 828
893 829
893 830
893 831
893 832
893 833
893 834
893 835
893 836
894 837
894 838
894 839
894 840
895 841
895 842
895 843
895 844
895 845
895 846
895 847
895 848
895 849
895 850
895 851
895 852
895 853
895 854
895 855
895 856
895 857
895 858
895 859
895 860
896 861
896 862
896 863
896 864
897 865
898 866
899 867
900 867
901 868
902 868
903 868
904 868
905 868
906 868
907 868
908 868
909 868
910 868
911 868
912 868
913 868
914 868
915 868
916 868
917 869
918 869
919 869
920 869
921 870
922 870
923 870
924 870
925 870
926 870
927 871
928 871
929 871
930 871
931 872
932 872
933 872
934 872
935 872
936 872
937 872
938 872
939 872
940 872
941 872
942 872
943 872
944 872
945 872
946 872
947 872
948 872
949 872
950 872
951 872
952 872
953 872
954 872
955 872
956 872
957 872
958 872
959 872
960 872
961 873
962 873
963 873
964 873
965 874
966 874
967 874
968 874
969 874
970 874
971 874
972 874
973 874
974 874
975 874
976 874
977 873
978 873
979 873
980 873
981 872
982 872
983 873
984 873
985 873
986 873
987 874
988 874
989 874
990 874
991 874
992 874
993 874
994 874
995 874
996 874
997 874
998 874
999 874
1000 874
1001 874
1002 874
1003 874
1004 874
1005 875
1006 875
1007 875
1008 875
1009 876
1010 876
1011 876
1012 876
1013 876
1014 876
1015 876
1016 876
1017 876
1018 876
1019 876
1020 876
1021 876
1022 876
1023 875
1024 875
1025 875
1026 875
1027 874
1028 874
1029 874
1030 874
1031 875
1032 875
1033 875
1034 875
1035 876
1036 876
1037 876
1038 876
1039 876
1040 876
1041 876
1042 876
1043 876
1044 876
1045 876
1046 876
1047 876
1048 876
1049 876
1050 876
1051 876
1052 876
1053 876
1054 876
1055 876
1056 876
1057 876
1058 876
1059 876
1060 876
1061 876
1062 876
1063 876
1064 876
1065 876
1066 876
1067 876
1068 876
1069 875
1070 875
1071 875
1072 875
1073 874
1074 874
1075 873
1076 873
1077 873
1078 873
1079 872
1080 872
1081 872
1082 872
1083 872
1084 872
1085 872
1086 872
1087 872
1088 872
1089 872
1090 872
1091 872
1092 872
1093 872
1094 872
1095 871
1096 871
1097 871
1098 871
1099 870
1100 870
1101 870
1102 870
1103 870
1104 870
1105 870
1106 870
1107 870
1108 870
1109 869
1110 869
1111 869
1112 869
1113 868
1114 868
1115 868
1116 868
1117 868
1118 868
1119 867
1120 867
1121 867
1122 867
1123 866
1124 866
1125 866
1126 866
1127 866
1128 866
1129 865
1130 865
1131 865
1132 865
1133 864
1134 863
1135 862
1136 861
1137 861
1137 860
1138 859
1139 859
1139 858
1140 857
1141 857
1141 856
1142 855
1143 854
1143 853
1144 852
1144 851
1144 850
1144 849
1144 848
1144 847
1144 846
1144 845
1144 844
1144 843
1145 842
1145 841
1146 840
1147 839
1147 838
1148 837
1149 837
1149 836
1150 835
1151 834
1151 833
1152 832
1152 831
1152 830
1152 829
1153 828
1153 827
1154 826
1154 825
1155 824
1155 823
1156 822
1156 821
1156 820
1156 819
1156 818
1156 817
1156 816
1156 815
1156 814
1156 813
1156 812
1156 811
1156 810
1156 809
1156 808
1156 807
1155 806
1155 805
1154 804
1153 803
1153 802
1152 802
1151 801
1151 800
1150 800
1149 799
1149 798
1148 797
1147 796
1147 795
1146 794
1146 793
1146 792
1146 791
1145 790
1145 789
1144 788
1144 787
1143 786
1142 785
1141 784
1140 783
1139 782
1138 781
1137 780
1136 780
1135 779
1135 778
1134 778
1133 777
1133 776
1132 775
1131 774
1131 773
1130 772
1129 771
1129 770
1129 769
1128 768
1127 767
1127 766
1127 765
1126 764
1125 763
1125 762
1125 761
1124 760
1123 759
1122 758
1121 757
1121 756
1120 755
1119 754
1119 753
1118 752
1118 751
1117 750
1117 749
1117 748
1117 747
1116 746
1116 745
1115 744
1115 743
1114 742
1113 741
1113 740
1112 740
1111 739
1111 738
1110 738
1109 737
1109 736
1108 736
1107 735
1107 734
1106 734
1105 733
1105 732
1104 732
1103 731
1102 730
1101 730
1100 729
1099 729
1098 729
1097 729
1096 729
1095 729
1094 728
1093 728
1092 728
1091 728
1090 727
1089 727
1088 726
1087 726
1086 726
1085 726
1084 725
1083 725
1082 724
1081 724
1080 724
1079 724
1078 723
1077 723
1076 722
1075 722
1074 722
1073 722
1072 721
1071 721
1070 721
1069 721
1068 721
1067 721
1066 721
1065 721
1064 721
1063 721
1062 721
1061 721
1060 721
1059 721
1058 720
1057 720
1056 720
1055 720
1054 719
1053 719
1052 719
1051 719
1050 719
1049 719
1048 719
1047 719
1046 719
1045 719
1044 718
1043 718
1042 717
1041 717
1040 716
1039 716
1038 715
1037 715
1036 715
1035 715
1034 715
1033 715
1032 715
1031 715
1030 715
1029 715
1028 715
1027 715
1026 715
1025 715
1024 715
1023 715
1022 715
1021 715
1020 715
1019 715
1018 715
1017 715
1016 714
1015 714
1014 714
1013 714
1012 713
1011 713
1010 713
1009 713
1008 713
1007 713
1006 713
1005 713
1004 713
1003 713
1002 713
1001 713
1000 713
999 713
998 713
997 713
996 713
995 713
994 714
993 714
992 714
991 714
990 715
989 715
988 715
987 715
986 716
985 716
984 716
983 716
982 717
981 717
980 716
979 716
978 715
977 715
976 714
975 714
974 713
973 713
972 713
971 713
