819 511
818 512
817 512
816 512
815 512
814 513
813 513
812 513
811 513
810 513
809 513
808 514
807 514
806 514
805 514
804 515
803 515
802 515
801 515
800 515
799 515
798 515
797 515
796 516
795 516
794 516
793 516
792 517
791 517
790 517
789 517
788 518
787 518
786 518
785 518
784 519
783 519
782 519
781 519
780 519
779 519
778 519
777 519
776 519
775 519
774 520
773 520
772 520
771 520
770 521
769 521
768 522
767 522
766 522
765 522
764 523
763 523
762 524
761 524
760 524
759 524
758 525
757 526
756 526
755 526
754 527
753 527
752 528
751 528
750 528
749 528
748 529
747 529
746 530
745 530
744 530
743 530
742 531
741 531
740 532
739 532
738 532
737 532
736 533
735 534
734 534
733 534
732 535
731 536
730 536
729 536
728 537
727 537
726 538
725 538
724 538
723 538
722 539
721 540
720 540
719 540
718 541
717 541
716 542
715 542
714 543
713 543
712 544
711 544
710 545
709 546
708 546
707 546
706 547
705 548
704 548
703 548
702 549
701 550
700 550
699 550
698 551
697 552
696 552
695 552
694 553
693 554
692 554
691 554
690 555
689 556
688 556
687 556
686 557
685 558
684 559
683 559
682 560
681 560
680 561
679 562
678 563
677 563
676 564
675 564
674 565
673 566
672 566
671 566
670 567
669 568
668 569
667 570
666 570
665 571
664 572
663 572
662 573
661 574
660 575
659 576
658 576
657 577
656 578
655 578
654 579
653 580
652 581
651 581
650 582
649 582
648 583
647 584
646 585
645 586
644 586
643 587
642 588
641 588
640 589
639 589
638 590
637 590
636 591
635 592
634 592
634 593
633 594
632 594
631 595
630 596
629 596
628 597
627 598
626 599
625 600
624 601
624 602
623 603
623 604
623 605
623 606
624 607
624 608
624 609
624 610
625 611
625 612
626 613
626 614
626 615
626 616
627 617
627 618
628 619
628 620
628 621
628 622
629 623
629 624
630 625
630 626
630 627
630 628
631 629
632 630
632 631
632 632
633 633
634 634
634 635
634 636
635 637
635 638
636 639
636 640
636 641
636 642
637 643
637 644
638 645
638 646
639 647
640 648
640 649
641 650
642 651
642 652
643 653
643 654
644 655
644 656
645 657
646 658
646 659
647 659
648 660
648 661
649 661
650 662
651 663
652 664
653 665
654 665
655 666
656 667
657 667
658 668
659 669
660 669
661 670
662 670
663 671
664 671
665 671
666 671
667 672
668 672
669 672
670 672
671 673
672 673
673 673
674 673
675 674
676 674
677 674
678 674
679 674
680 674
681 674
682 674
683 674
684 674
685 674
686 674
687 675
688 675
689 675
690 675
691 676
692 676
693 676
694 676
695 676
696 676
697 676
698 676
699 676
700 676
701 676
702 676
703 675
704 675
705 675
706 675
707 674
708 674
709 674
710 674
711 674
712 674
713 674
714 674
715 674
716 674
717 674
718 674
719 674
720 674
721 674
722 674
723 674
724 674
725 674
726 674
727 674
728 674
729 674
730 674
731 674
732 674
733 674
734 674
735 674
736 674
737 674
738 674
739 674
740 674
741 674
742 674
743 674
744 674
745 674
746 674
747 674
748 674
749 674
750 674
751 674
752 674
753 674
754 674
755 675
756 675
757 676
758 677
759 677
760 678
761 679
762 679
763 680
764 680
765 680
766 680
767 681
768 681
769 682
770 682
771 683
772 684
773 685
774 685
775 686
776 687
777 687
778 688
779 689
780 690
781 691
782 691
783 691
784 691
785 692
786 692
787 692
788 692
789 693
790 693
791 694
792 695
793 695
794 696
794 697
795 697
796 698
796 699
797 699
798 700
799 701
800 701
801 702
802 702
803 703
804 703
805 703
806 703
807 704
808 704
809 704
810 704
811 704
812 704
813 705
814 705
815 705
816 706
817 707
818 707
819 708
820 708
821 709
822 709
823 710
824 710
825 711
826 711
827 712
828 713
829 714
830 715
830 716
831 717
832 718
833 719
834 720
834 721
835 721
836 722
837 723
838 723
839 724
840 724
841 724
842 724
843 724
844 724
845 724
846 724
847 724
848 724
849 724
850 724
851 724
852 724
853 724
854 724
855 724
856 724
857 724
858 724
859 725
860 725
861 725
862 725
863 726
864 726
865 726
866 726
867 726
868 726
869 726
870 726
871 726
872 726
873 725
874 725
875 725
876 725
877 724
878 723
879 723
880 723
881 722
882 721
883 720
884 719
885 719
885 718
886 717
887 717
887 716
888 715
889 715
889 714
890 713
891 713
892 712
893 711
894 711
895 710
896 710
897 709
898 709
899 709
900 709
901 708
902 708
903 708
904 708
905 708
906 708
907 708
908 708
909 708
910 708
911 708
912 708
913 708
914 708
915 707
916 707
917 707
918 707
919 706
920 706
921 706
922 706
923 705
924 705
925 705
926 705
927 704
928 704
929 703
930 703
931 703
932 703
933 702
934 701
935 701
936 701
937 700
938 699
939 699
940 699
941 698
942 697
943 697
944 697
945 696
946 696
947 695
948 695
949 695
950 695
951 694
952 694
953 694
954 694
955 694
956 694
957 693
958 693
959 692
960 691
961 691
962 690
963 689
964 689
965 688
966 687
967 687
968 687
969 686
970 685
971 684
972 683
973 683
973 682
974 681
975 681
975 680
976 679
977 679
977 678
978 677
979 677
979 676
980 675
981 675
982 674
983 673
984 673
985 672
986 671
987 670
988 669
989 669
989 668
990 667
991 667
991 666
992 665
993 665
993 664
994 663
995 663
995 662
996 661
997 661
997 660
998 659
999 659
999 658
1000 657
1001 657
1001 656
1002 655
1003 655
1003 654
1004 653
1005 653
1005 652
1006 651
1007 651
1007 650
1008 649
1009 649
1009 648
1010 647
1011 646
1012 645
1013 644
1013 643
1013 642
1013 641
1014 640
1014 639
1014 638
1014 637
1014 636
1014 635
1014 634
1014 633
1014 632
1014 631
1014 630
1014 629
1014 628
1014 627
1014 626
1014 625
1014 624
1014 623
1014 622
1014 621
1014 620
1014 619
1014 618
1014 617
1014 616
1014 615
1014 614
1014 613
1014 612
1014 611
1014 610
1014 609
1014 608
1014 607
1013 606
1013 605
1013 604
1013 603
1012 602
1012 601
1012 600
1012 599
1011 598
1011 597
1010 596
1009 595
1009 594
1008 594
1007 593
1007 592
1006 592
1005 591
1005 590
1004 590
1003 589
1003 588
1002 587
1001 586
1001 585
1000 584
1000 583
999 582
999 581
999 580
999 579
998 578
997 577
997 576
997 575
996 574
995 573
995 572
995 571
994 570
994 569
993 568
993 567
992 566
991 565
991 564
990 564
989 563
989 562
988 562
987 561
986 560
985 559
984 558
983 558
982 558
981 558
980 557
979 557
978 556
977 556
976 556
975 556
974 555
973 555
972 554
971 554
970 553
969 552
968 552
967 551
967 550
966 550
965 549
965 548
964 548
963 547
963 546
962 546
961 545
961 544
960 544
959 543
959 542
958 542
957 541
957 540
956 540
955 539
955 538
954 538
953 537
952 536
951 535
950 534
949 534
948 534
947 534
946 533
945 533
944 532
943 532
942 531
941 531
940 530
939 530
938 529
937 529
936 529
935 529
934 528
933 528
932 527
931 527
930 526
929 526
928 525
927 525
926 525
925 525
924 525
923 525
922 524
921 524
920 523
919 523
918 522
917 522
916 521
915 521
914 521
913 521
912 520
911 520
910 520
909 520
908 519
907 519
906 519
905 519
904 519
903 519
902 519
901 519
900 519
899 519
898 519
897 519
896 519
895 519
894 518
893 518
892 518
891 518
890 517
889 517
888 517
887 517
886 517
885 517
884 517
883 517
882 517
881 517
880 517
879 517
878 517
877 517
876 516
875 516
874 516
873 516
872 515
871 515
870 514
869 514
868 513
867 513
866 512
865 512
864 511
863 511
862 511
861 511
860 511
859 511
858 511
857 511
856 511
855 511
854 511
853 511
852 511
851 511
850 511
849 511
848 511
847 511
846 511
845 511
844 511
843 511
842 511
841 511
840 511
839 511
838 511
837 511
836 511
835 511
834 511
833 511
832 511
831 511
830 511
829 511
828 511
827 511
826 511
825 511
824 511
823 511
822 511
821 511
820 511
819 511
