2595 1903
2594 1904
2593 1904
2592 1905
2591 1906
2590 1906
2590 1907
2589 1908
2588 1909
2587 1910
2586 1911
2586 1912
2585 1913
2585 1914
2584 1915
2583 1916
2582 1917
2582 1918
2581 1919
2580 1920
2580 1921
2579 1922
2578 1922
2578 1923
2577 1924
2576 1924
2576 1925
2575 1926
2574 1926
2574 1927
2573 1928
2572 1928
2572 1929
2571 1930
2570 1930
2570 1931
2569 1932
2568 1932
2567 1933
2566 1934
2565 1934
2564 1935
2563 1936
2562 1937
2561 1938
2560 1938
2560 1939
2559 1940
2558 1940
2558 1941
2557 1942
2556 1942
2556 1943
2555 1944
2554 1944
2554 1945
2553 1946
2552 1946
2552 1947
2551 1948
2550 1948
2550 1949
2549 1950
2548 1950
2548 1951
2547 1952
2546 1952
2546 1953
2545 1954
2544 1954
2544 1955
2543 1956
2542 1956
2542 1957
2541 1958
2540 1959
2540 1960
2539 1961
2539 1962
2539 1963
2539 1964
2539 1965
2539 1966
2540 1967
2540 1968
2540 1969
2540 1970
2541 1971
2542 1972
2542 1973
2542 1974
2543 1975
2543 1976
2544 1977
2544 1978
2545 1979
2546 1980
2546 1981
2547 1982
2548 1983
2548 1984
2549 1985
2550 1986
2551 1987
2551 1988
2552 1989
2552 1990
2553 1991
2553 1992
2554 1993
2554 1994
2555 1995
2556 1996
2556 1997
2557 1997
2558 1998
2558 1999
2559 1999
2560 2000
2561 2001
2562 2002
2563 2003
2564 2003
2565 2004
2566 2004
2567 2005
2568 2006
2569 2007
2570 2007
2571 2007
2572 2008
2573 2009
2574 2009
2575 2009
2576 2010
2577 2011
2578 2011
2579 2011
2580 2012
2581 2013
2582 2013
2583 2014
2584 2014
2585 2015
2586 2016
2587 2017
2588 2017
2589 2017
2590 2018
2591 2019
2592 2019
2593 2020
2594 2020
2595 2021
2596 2022
2597 2023
2598 2023
2599 2024
2600 2024
2601 2025
2602 2026
2603 2027
2604 2027
2605 2028
2606 2028
2607 2029
2608 2030
2609 2031
2610 2031
2611 2032
2612 2033
2613 2033
2614 2034
2615 2035
2616 2036
2617 2037
2618 2037
2619 2038
2620 2039
2621 2039
2622 2040
2623 2041
2624 2042
2625 2043
2626 2043
2627 2044
2628 2045
2629 2045
2630 2046
2631 2047
2632 2048
2633 2049
2634 2049
2635 2050
2636 2051
2637 2051
2638 2052
2639 2053
2640 2054
2641 2055
2642 2055
2643 2056
2644 2056
2645 2057
2646 2058
2647 2059
2648 2059
2649 2059
2650 2060
2651 2061
2652 2061
2653 2061
2654 2061
2655 2062
2656 2062
2657 2063
2658 2063
2659 2063
2660 2064
2661 2065
2662 2065
2663 2066
2664 2066
2665 2067
2666 2068
2667 2069
2668 2069
2669 2069
2670 2069
2671 2070
2672 2070
2673 2069
2674 2069
2675 2069
2676 2069
2677 2068
2678 2068
2679 2068
2680 2068
2681 2067
2682 2067
2683 2066
2684 2066
2685 2065
2686 2065
2687 2064
2688 2064
2689 2064
2690 2064
2691 2064
2692 2064
2693 2064
2694 2064
2695 2064
2696 2064
2697 2063
2698 2063
2699 2063
2700 2063
2701 2062
2702 2062
2703 2062
2704 2062
2705 2062
2706 2062
2707 2062
2708 2062
2709 2062
2710 2062
2711 2062
2712 2062
2713 2062
2714 2062
2715 2062
2716 2062
2717 2062
2718 2062
2719 2062
2720 2062
2721 2062
2722 2062
2723 2062
2724 2062
2725 2062
2726 2062
2727 2062
2728 2062
2729 2062
2730 2062
2731 2063
2732 2063
2733 2063
2734 2063
2735 2064
2736 2064
2737 2064
2738 2064
2739 2064
2740 2064
2741 2064
2742 2064
2743 2064
2744 2064
2745 2064
2746 2064
2747 2064
2748 2064
2749 2064
2750 2064
2751 2064
2752 2064
2753 2065
2754 2065
2755 2065
2756 2065
2757 2066
2758 2066
2759 2066
2760 2066
2761 2066
2762 2066
2763 2066
2764 2066
2765 2067
2766 2067
2767 2067
2768 2067
2769 2068
2770 2068
2771 2068
2772 2068
2773 2068
2774 2068
2775 2068
2776 2068
2777 2067
2778 2067
2779 2067
2780 2067
2781 2066
2782 2065
2783 2065
2784 2065
2785 2064
2786 2064
2787 2063
2788 2063
2789 2063
2790 2063
2791 2062
2792 2061
2793 2061
2794 2061
2795 2060
2796 2059
2797 2059
2798 2059
2799 2058
2800 2057
2801 2057
2802 2057
2803 2056
2804 2055
2805 2055
2806 2055
2807 2054
2808 2053
2809 2053
2810 2053
2811 2052
2812 2051
2813 2051
2814 2051
2815 2050
2816 2049
2817 2049
2818 2049
2819 2048
2820 2047
2821 2047
2822 2047
2823 2046
2824 2045
2825 2045
2826 2045
2827 2044
2828 2043
2829 2043
2830 2043
2831 2042
2832 2041
2833 2041
2834 2041
2835 2040
2836 2039
2837 2039
2838 2039
2839 2038
2840 2037
2841 2037
2842 2037
2843 2036
2844 2035
2845 2035
2846 2035
2847 2034
2848 2034
2849 2034
2850 2034
2851 2033
2852 2033
2853 2033
2854 2033
2855 2032
2856 2031
2857 2030
2858 2029
2859 2029
2859 2028
2860 2027
2861 2027
2862 2026
2863 2025
2864 2025
2865 2024
2866 2023
2867 2023
2868 2023
2869 2022
2870 2021
2871 2021
2872 2021
2873 2020
2874 2019
2875 2019
2876 2019
2877 2018
2878 2017
2879 2016
2880 2016
2881 2015
2882 2015
2883 2014
2884 2013
2885 2012
2886 2012
2887 2011
2888 2011
2889 2010
2890 2009
2891 2009
2892 2009
2893 2008
2894 2007
2895 2006
2896 2005
2897 2004
2897 2003
2898 2002
2898 2001
2897 2000
2897 1999
2897 1998
2897 1997
2896 1996
2896 1995
2896 1994
2896 1993
2895 1992
2895 1991
2895 1990
2895 1989
2894 1988
2894 1987
2894 1986
2894 1985
2894 1984
2894 1983
2894 1982
2894 1981
2894 1980
2894 1979
2894 1978
2894 1977
2894 1976
2894 1975
2894 1974
2894 1973
2893 1972
2893 1971
2892 1970
2891 1969
2891 1968
2890 1967
2889 1966
2889 1965
2888 1964
2888 1963
2887 1962
2887 1961
2886 1960
2885 1959
2884 1958
2883 1957
2882 1956
2881 1956
2880 1956
2879 1955
2878 1954
2877 1954
2876 1953
2875 1952
2874 1952
2873 1951
2873 1950
2872 1950
2871 1949
2871 1948
2870 1947
2869 1946
2869 1945
2868 1944
2867 1943
2866 1942
2866 1941
2865 1940
2865 1939
2864 1938
2863 1937
2862 1936
2861 1935
2861 1934
2860 1934
2859 1933
2859 1932
2858 1932
2857 1931
2857 1930
2856 1930
2855 1929
2855 1928
2854 1928
2853 1927
2853 1926
2852 1926
2851 1925
2851 1924
2850 1924
2849 1923
2849 1922
2848 1922
2847 1921
2846 1920
2845 1919
2844 1918
2843 1918
2842 1918
2841 1918
2840 1917
2839 1917
2838 1917
2837 1917
2836 1917
2835 1917
2834 1917
2833 1917
2832 1917
2831 1917
2830 1917
2829 1917
2828 1917
2827 1917
2826 1917
2825 1917
2824 1917
2823 1917
2822 1917
2821 1917
2820 1917
2819 1917
2818 1917
2817 1917
2816 1916
2815 1916
2814 1916
2813 1916
2812 1915
2811 1915
2810 1915
2809 1915
2808 1915
2807 1915
2806 1915
2805 1915
2804 1915
2803 1915
2802 1915
2801 1915
2800 1915
2799 1915
2798 1915
2797 1915
2796 1915
2795 1915
2794 1915
2793 1915
2792 1915
2791 1915
2790 1915
2789 1915
2788 1915
2787 1915
2786 1915
2785 1915
2784 1915
2783 1915
2782 1915
2781 1915
2780 1915
2779 1915
2778 1915
2777 1915
2776 1915
2775 1915
2774 1915
2773 1915
2772 1915
2771 1915
2770 1915
2769 1915
2768 1915
2767 1915
2766 1915
2765 1915
2764 1915
2763 1915
2762 1914
2761 1914
2760 1914
2759 1914
2758 1913
2757 1913
2756 1913
2755 1913
2754 1913
2753 1913
2752 1913
2751 1913
2750 1913
2749 1913
2748 1913
2747 1913
2746 1912
2745 1912
2744 1912
2743 1912
2742 1911
2741 1911
2740 1911
2739 1911
2738 1911
2737 1911
2736 1911
2735 1911
2734 1911
2733 1911
2732 1911
2731 1911
2730 1911
2729 1911
2728 1911
2727 1911
2726 1911
2725 1911
2724 1911
2723 1911
2722 1911
2721 1911
2720 1911
2719 1911
2718 1911
2717 1911
2716 1911
2715 1911
2714 1911
2713 1911
2712 1911
2711 1911
2710 1911
2709 1911
2708 1911
2707 1911
2706 1911
2705 1911
2704 1911
2703 1911
2702 1911
2701 1911
2700 1911
2699 1911
2698 1911
2697 1911
2696 1911
2695 1911
2694 1911
2693 1911
2692 1910
2691 1910
2690 1910
2689 1910
2688 1909
2687 1909
2686 1909
2685 1909
2684 1909
2683 1909
2682 1909
2681 1909
2680 1909
2679 1909
2678 1909
2677 1909
2676 1909
2675 1909
2674 1909
2673 1909
2672 1909
2671 1909
2670 1909
2669 1909
2668 1909
2667 1909
2666 1909
2665 1909
2664 1909
2663 1909
2662 1909
2661 1909
2660 1909
2659 1909
2658 1909
2657 1909
2656 1909
2655 1909
2654 1909
2653 1909
2652 1909
2651 1909
2650 1909
2649 1909
2648 1909
2647 1909
2646 1908
2645 1908
2644 1908
2643 1908
2642 1907
2641 1907
2640 1907
2639 1907
2638 1907
2637 1907
2636 1907
2635 1907
2634 1907
2633 1907
2632 1907
2631 1907
2630 1907
2629 1907
2628 1907
2627 1907
2626 1907
2625 1907
2624 1907
2623 1907
2622 1906
2621 1906
2620 1906
2619 1906
2618 1905
2617 1905
2616 1905
2615 1905
2614 1905
2613 1905
2612 1905
2611 1905
2610 1904
2609 1904
2608 1904
2607 1904
2606 1903
2605 1903
2604 1903
2603 1903
2602 1903
2601 1903
2600 1903
2599 1903
2598 1903
2597 1903
2596 1903
2595 1903
