2063 1039
2062 1040
2061 1040
2060 1040
2059 1040
2058 1041
2057 1041
2056 1041
2055 1041
2054 1042
2053 1042
2052 1042
2051 1042
2050 1043
2049 1043
2048 1043
2047 1043
2046 1044
2045 1044
2044 1044
2043 1044
2042 1045
2041 1045
2040 1045
2039 1045
2038 1045
2037 1045
2036 1045
2035 1045
2034 1045
2033 1045
2032 1045
2031 1045
2030 1045
2029 1045
2028 1045
2027 1045
2026 1045
2025 1045
2024 1045
2023 1045
2022 1045
2021 1045
2020 1045
2019 1045
2018 1045
2017 1045
2016 1045
2015 1045
2014 1045
2013 1045
2012 1045
2011 1045
2010 1045
2009 1045
2008 1045
2007 1045
2006 1045
2005 1045
2004 1045
2003 1045
2002 1045
2001 1045
2000 1045
1999 1045
1998 1045
1997 1045
1996 1045
1995 1045
1994 1045
1993 1045
1992 1045
1991 1045
1990 1045
1989 1045
1988 1046
1987 1046
1986 1046
1985 1046
1984 1047
1983 1047
1982 1047
1981 1047
1980 1048
1979 1048
1978 1049
1977 1050
1976 1050
1975 1051
1974 1052
1973 1052
1972 1053
1971 1053
1970 1054
1969 1054
1968 1054
1967 1054
1966 1055
1965 1056
1964 1056
1963 1056
1962 1057
1961 1058
1960 1058
1959 1058
1958 1059
1957 1059
1956 1060
1955 1060
1954 1060
1953 1060
1952 1061
1951 1061
1950 1062
1949 1062
1948 1062
1947 1062
1946 1063
1945 1063
1944 1063
1943 1063
1942 1063
1941 1063
1940 1063
1939 1063
1938 1064
1937 1064
1936 1064
1935 1064
1934 1065
1933 1065
1932 1065
1931 1065
1930 1066
1929 1066
1928 1066
1927 1066
1926 1067
1925 1067
1924 1067
1923 1067
1922 1067
1921 1067
1920 1067
1919 1067
1918 1067
1917 1067
1916 1067
1915 1067
1914 1068
1913 1068
1912 1068
1911 1068
1910 1069
1909 1069
1908 1069
1907 1069
1906 1069
1905 1069
1904 1069
1903 1069
1902 1069
1901 1069
1900 1069
1899 1069
1898 1069
1897 1069
1896 1069
1895 1069
1894 1069
1893 1069
1892 1069
1891 1069
1890 1069
1889 1069
1888 1069
1887 1069
1886 1069
1885 1069
1884 1069
1883 1069
1882 1069
1881 1069
1880 1069
1879 1069
1878 1069
1877 1069
1876 1069
1875 1069
1874 1069
1873 1069
1872 1069
1871 1069
1870 1069
1869 1069
1868 1070
1867 1070
1866 1071
1865 1072
1864 1072
1864 1073
1863 1074
1862 1075
1862 1076
1861 1077
1861 1078
1862 1079
1862 1080
1863 1081
1863 1082
1864 1083
1864 1084
1865 1085
1866 1086
1867 1087
1868 1088
1868 1089
1869 1090
1870 1091
1870 1092
1871 1093
1872 1094
1873 1095
1874 1096
1874 1097
1875 1097
1876 1098
1876 1099
1877 1099
1878 1100
1878 1101
1879 1101
1880 1102
1880 1103
1881 1103
1882 1104
1882 1105
1883 1105
1884 1106
1885 1107
1886 1108
1887 1109
1888 1109
1889 1109
1890 1109
1891 1110
1892 1110
1893 1111
1894 1111
1895 1112
1896 1112
1897 1113
1898 1113
1899 1114
1900 1114
1901 1115
1902 1115
1903 1116
1904 1116
1905 1117
1906 1117
1907 1118
1908 1118
1909 1119
1910 1119
1911 1119
1912 1119
1913 1120
1914 1120
1915 1121
1916 1121
1917 1121
1918 1121
1919 1122
1920 1122
1921 1123
1922 1123
1923 1123
1924 1123
1925 1124
1926 1124
1927 1124
1928 1124
1929 1124
1930 1124
1931 1124
1932 1124
1933 1123
1934 1123
1935 1122
1936 1122
1937 1121
1938 1121
1939 1120
1940 1120
1941 1119
1942 1119
1943 1119
1944 1119
1945 1118
1946 1118
1947 1118
1948 1118
1949 1118
1950 1118
1951 1119
1952 1119
1953 1119
1954 1119
1955 1120
1956 1120
1957 1120
1958 1120
1959 1121
1960 1121
1961 1121
1962 1122
1963 1123
1964 1123
1965 1123
1966 1123
1967 1124
1968 1124
1969 1124
1970 1124
1971 1124
1972 1124
1973 1124
1974 1124
1975 1124
1976 1124
1977 1124
1978 1124
1979 1124
1980 1124
1981 1124
1982 1124
1983 1124
1984 1124
1985 1124
1986 1124
1987 1124
1988 1124
1989 1124
1990 1124
1991 1124
1992 1124
1993 1124
1994 1124
1995 1124
1996 1124
1997 1124
1998 1124
1999 1124
2000 1124
2001 1124
2002 1124
2003 1124
2004 1124
2005 1124
2006 1124
2007 1124
2008 1124
2009 1123
2010 1123
2011 1122
2012 1122
2013 1121
2014 1121
2015 1121
2016 1121
2017 1121
2018 1121
2019 1122
2020 1122
2021 1122
2022 1122
2023 1122
2024 1122
2025 1122
2026 1122
2027 1122
2028 1122
2029 1122
2030 1122
2031 1122
2032 1122
2033 1122
2034 1122
2035 1122
2036 1122
2037 1122
2038 1122
2039 1122
2040 1122
2041 1123
2042 1123
2043 1123
2044 1123
2045 1123
2046 1123
2047 1123
2048 1123
2049 1122
2050 1122
2051 1122
2052 1122
2053 1123
2054 1123
2055 1123
2056 1123
2057 1124
2058 1124
2059 1124
2060 1124
2061 1124
2062 1124
2063 1124
2064 1124
2065 1124
2066 1124
2067 1124
2068 1124
2069 1125
2070 1125
2071 1125
2072 1125
2073 1126
2074 1126
2075 1126
2076 1126
2077 1126
2078 1126
2079 1126
2080 1126
2081 1126
2082 1126
2083 1126
2084 1126
2085 1126
2086 1126
2087 1126
2088 1126
2089 1126
2090 1126
2091 1126
2092 1126
2093 1126
2094 1126
2095 1126
2096 1126
2097 1126
2098 1126
2099 1126
2100 1126
2101 1126
2102 1126
2103 1126
2104 1126
2105 1126
2106 1126
2107 1126
2108 1126
2109 1125
2110 1125
2111 1124
2112 1123
2113 1122
2114 1121
2115 1120
2115 1119
2115 1118
2116 1117
2117 1116
2117 1115
2118 1114
2118 1113
2119 1112
2120 1111
2121 1110
2121 1109
2122 1108
2123 1107
2124 1107
2125 1106
2126 1105
2127 1105
2128 1105
2129 1104
2130 1103
2131 1102
2131 1101
2132 1100
2132 1099
2132 1098
2132 1097
2132 1096
2132 1095
2133 1094
2133 1093
2133 1092
2134 1091
2135 1090
2135 1089
2135 1088
2135 1087
2136 1086
2136 1085
2136 1084
2136 1083
2136 1082
2136 1081
2135 1080
2135 1079
2135 1078
2135 1077
2134 1076
2134 1075
2134 1074
2134 1073
2134 1072
2134 1071
2134 1070
2134 1069
2134 1068
2134 1067
2135 1066
2135 1065
2135 1064
2135 1063
2136 1062
2136 1061
2136 1060
2136 1059
2136 1058
2136 1057
2136 1056
2136 1055
2136 1054
2136 1053
2135 1052
2135 1051
2134 1050
2133 1049
2133 1048
2132 1048
2131 1047
2131 1046
2130 1046
2129 1045
2129 1044
2128 1044
2127 1043
2126 1042
2125 1042
2124 1041
2123 1041
2122 1041
2121 1041
2120 1041
2119 1041
2118 1041
2117 1041
2116 1041
2115 1041
2114 1041
2113 1041
2112 1041
2111 1041
2110 1041
2109 1041
2108 1041
2107 1041
2106 1041
2105 1041
2104 1041
2103 1041
2102 1041
2101 1041
2100 1041
2099 1041
2098 1041
2097 1041
2096 1041
2095 1041
2094 1041
2093 1041
2092 1041
2091 1041
2090 1041
2089 1041
2088 1041
2087 1041
2086 1042
2085 1042
2084 1042
2083 1042
2082 1043
2081 1043
2080 1043
2079 1043
2078 1043
2077 1043
2076 1043
2075 1043
2074 1043
2073 1043
2072 1043
2071 1043
2070 1043
2069 1043
2068 1042
2067 1041
2066 1041
2065 1040
2064 1039
2063 1039
