1385 4063
1384 4064
1383 4064
1382 4064
1381 4064
1380 4065
1379 4066
1378 4066
1377 4066
1376 4067
1375 4068
1374 4069
1373 4070
1372 4070
1372 4071
1371 4072
1370 4072
1370 4073
1369 4074
1368 4074
1368 4075
1367 4076
1366 4076
1366 4077
1365 4078
1364 4079
1363 4080
1362 4081
1362 4082
1361 4083
1361 4084
1360 4085
1359 4086
1358 4087
1358 4088
1357 4089
1356 4090
1356 4091
1355 4092
1354 4093
1353 4094
1352 4095
1352 4096
1351 4097
1350 4098
1350 4099
1349 4100
1348 4101
1347 4102
1346 4103
1346 4104
1345 4105
1345 4106
1344 4107
1343 4108
1342 4109
1342 4110
1342 4111
1341 4112
1340 4113
1340 4114
1340 4115
1339 4116
1338 4117
1338 4118
1337 4119
1336 4120
1336 4121
1335 4122
1334 4123
1333 4124
1332 4125
1332 4126
1332 4127
1331 4128
1330 4129
1330 4130
1330 4131
1329 4132
1328 4133
1328 4134
1327 4135
1326 4136
1326 4137
1325 4138
1324 4139
1324 4140
1323 4141
1323 4142
1322 4143
1322 4144
1321 4145
1320 4146
1320 4147
1319 4148
1318 4148
1318 4149
1317 4150
1316 4150
1316 4151
1315 4152
1314 4152
1314 4153
1313 4154
1312 4154
1312 4155
1311 4156
1310 4156
1310 4157
1309 4158
1308 4158
1308 4159
1307 4160
1306 4160
1306 4161
1305 4162
1304 4162
1304 4163
1303 4164
1302 4164
1302 4165
1301 4166
1300 4166
1300 4167
1299 4168
1298 4168
1298 4169
1297 4170
1296 4170
1296 4171
1295 4172
1294 4172
1293 4173
1292 4174
1291 4174
1290 4175
1289 4176
1288 4177
1287 4178
1286 4178
1286 4179
1285 4180
1284 4180
1284 4181
1283 4182
1282 4182
1281 4183
1280 4184
1279 4184
1278 4185
1277 4185
1276 4186
1275 4186
1274 4187
1273 4187
1272 4188
1271 4188
1270 4189
1269 4190
1268 4190
1267 4190
1266 4191
1265 4192
1264 4192
1263 4192
1262 4193
1261 4194
1260 4195
1259 4195
1258 4196
1257 4196
1256 4197
1255 4198
1254 4198
1253 4198
1252 4199
1251 4200
1250 4200
1249 4200
1248 4201
1247 4202
1246 4202
1245 4202
1244 4203
1243 4204
1242 4204
1241 4204
1240 4205
1239 4206
1238 4206
1237 4206
1236 4207
1235 4207
1234 4208
1233 4208
1232 4208
1231 4208
1230 4209
1229 4210
1228 4210
1227 4210
1226 4211
1225 4212
1224 4213
1223 4214
1222 4215
1222 4216
1221 4217
1220 4218
1220 4219
1219 4220
1218 4221
1218 4222
1217 4223
1217 4224
1217 4225
1217 4226
1217 4227
1217 4228
1216 4229
1216 4230
1216 4231
1215 4232
1214 4233
1214 4234
1214 4235
1214 4236
1213 4237
1213 4238
1213 4239
1213 4240
1213 4241
1213 4242
1212 4243
1212 4244
1212 4245
1211 4246
1210 4247
1210 4248
1210 4249
1210 4250
1209 4251
1209 4252
1209 4253
1209 4254
1209 4255
1209 4256
1209 4257
1209 4258
1209 4259
1209 4260
1210 4261
1210 4262
1211 4263
1212 4264
1212 4265
1213 4265
1214 4266
1214 4267
1215 4267
1216 4268
1216 4269
1217 4269
1218 4270
1219 4271
1220 4272
1221 4273
1222 4273
1223 4274
1224 4275
1225 4275
1226 4276
1227 4277
1228 4278
1229 4279
1230 4279
1231 4280
1232 4280
1233 4281
1234 4282
1235 4283
1236 4283
1237 4283
1238 4284
1239 4285
1240 4285
1241 4285
1242 4286
1243 4287
1244 4287
1245 4288
1246 4288
1247 4289
1248 4290
1249 4291
1250 4291
1251 4292
1252 4292
1253 4293
1254 4293
1255 4294
1256 4294
1257 4294
1258 4294
1259 4294
1260 4294
1261 4294
1262 4294
1263 4295
1264 4295
1265 4295
1266 4296
1267 4297
1268 4297
1269 4297
1270 4297
1271 4298
1272 4298
1273 4299
1274 4299
1275 4300
1276 4300
1277 4301
1278 4302
1279 4303
1280 4303
1281 4303
1282 4303
1283 4304
1284 4304
1285 4304
1286 4304
1287 4304
1288 4304
1289 4305
1290 4305
1291 4305
1292 4306
1293 4307
1294 4307
1295 4307
1296 4307
1297 4308
1298 4308
1299 4308
1300 4308
1301 4308
1302 4308
1303 4308
1304 4308
1305 4308
1306 4308
1307 4308
1308 4308
1309 4308
1310 4308
1311 4309
1312 4309
1313 4310
1314 4310
1315 4311
1316 4311
1317 4312
1318 4312
1319 4312
1320 4312
1321 4312
1322 4312
1323 4313
1324 4313
1325 4313
1326 4313
1327 4314
1328 4314
1329 4314
1330 4314
1331 4314
1332 4314
1333 4313
1334 4313
1335 4313
1336 4313
1337 4312
1338 4312
1339 4312
1340 4312
1341 4312
1342 4312
1343 4313
1344 4313
1345 4313
1346 4313
1347 4314
1348 4314
1349 4314
1350 4314
1351 4314
1352 4314
1353 4314
1354 4314
1355 4314
1356 4314
1357 4314
1358 4314
1359 4314
1360 4314
1361 4314
1362 4314
1363 4314
1364 4314
1365 4314
1366 4314
1367 4314
1368 4314
1369 4314
1370 4314
1371 4314
1372 4314
1373 4314
1374 4314
1375 4314
1376 4314
1377 4314
1378 4314
1379 4314
1380 4314
1381 4314
1382 4314
1383 4314
1384 4314
1385 4314
1386 4314
1387 4314
1388 4314
1389 4314
1390 4314
1391 4314
1392 4314
1393 4314
1394 4314
1395 4314
1396 4314
1397 4314
1398 4314
1399 4314
1400 4314
1401 4314
1402 4314
1403 4314
1404 4314
1405 4314
1406 4314
1407 4315
1408 4315
1409 4315
1410 4315
1411 4316
1412 4316
1413 4317
1414 4317
1415 4317
1416 4317
1417 4318
1418 4318
1419 4319
1420 4319
1421 4320
1422 4320
1423 4321
1424 4322
1425 4323
1426 4323
1427 4324
1428 4324
1429 4325
1430 4326
1431 4327
1432 4327
1433 4327
1434 4328
1435 4329
1436 4329
1437 4329
1438 4329
1439 4330
1440 4330
1441 4331
1442 4331
1443 4332
1444 4333
1445 4333
1446 4334
1447 4335
1448 4335
1449 4336
1450 4336
1451 4337
1452 4337
1453 4337
1454 4337
1455 4338
1456 4338
1457 4338
1458 4338
1459 4339
1460 4339
1461 4339
1462 4339
1463 4340
1464 4340
1465 4339
1466 4339
1467 4339
1468 4339
1469 4338
1470 4338
1471 4338
1472 4338
1473 4338
1474 4338
1475 4339
1476 4339
1477 4339
1478 4340
1479 4341
1480 4341
1481 4342
1482 4343
1483 4343
1484 4344
1484 4345
1485 4345
1486 4346
1487 4347
1488 4347
1489 4348
1490 4348
1491 4348
1492 4348
1493 4348
1494 4348
1495 4348
1496 4348
1497 4348
1498 4348
1499 4348
1500 4348
1501 4348
1502 4348
1503 4348
1504 4348
1505 4348
1506 4348
1507 4348
1508 4348
1509 4348
1510 4348
1511 4348
1512 4348
1513 4348
1514 4348
1515 4348
1516 4348
1517 4348
1518 4348
1519 4348
1520 4348
1521 4348
1522 4348
1523 4349
1524 4349
1525 4349
1526 4349
1527 4350
1528 4350
1529 4351
1530 4351
1531 4351
1532 4351
1533 4352
1534 4352
1535 4352
1536 4352
1537 4352
1538 4352
1539 4352
1540 4352
1541 4352
1542 4352
1543 4352
1544 4352
1545 4352
1546 4352
1547 4352
1548 4352
1549 4352
1550 4352
1551 4352
1552 4352
1553 4352
1554 4352
1555 4353
1556 4353
1557 4353
1558 4353
1559 4354
1560 4354
1561 4354
1562 4354
1563 4354
1564 4354
1565 4354
1566 4354
1567 4354
1568 4354
1569 4354
1570 4354
1571 4354
1572 4354
1573 4354
1574 4354
1575 4354
1576 4354
1577 4354
1578 4354
1579 4353
1580 4353
1581 4353
1582 4353
1583 4352
1584 4352
1585 4352
1586 4352
1587 4352
1588 4352
1589 4352
1590 4352
1591 4352
1592 4352
1593 4352
1594 4352
1595 4352
1596 4352
1597 4352
1598 4352
1599 4352
1600 4352
1601 4353
1602 4353
1603 4353
1604 4353
1605 4354
1606 4354
1607 4354
1608 4354
1609 4354
1610 4354
1611 4354
1612 4354
1613 4355
1614 4355
1615 4356
1616 4356
1617 4357
1618 4357
1619 4358
1620 4358
1621 4358
1622 4358
1623 4359
1624 4359
1625 4359
1626 4359
1627 4360
1628 4360
1629 4361
1630 4361
1631 4361
1632 4361
1633 4362
1634 4362
1635 4362
1636 4362
1637 4362
1638 4362
1639 4362
1640 4362
1641 4362
1642 4362
1643 4362
1644 4362
1645 4362
1646 4362
1647 4362
1648 4362
1649 4362
1650 4362
1651 4362
1652 4362
1653 4362
1654 4362
1655 4361
1656 4361
1657 4361
1658 4361
1659 4360
1660 4360
1661 4360
1662 4360
1663 4360
1664 4360
1665 4360
1666 4360
1667 4360
1668 4360
1669 4360
1670 4360
1671 4360
1672 4360
1673 4360
1674 4360
1675 4360
1676 4360
1677 4359
1678 4359
1679 4359
1680 4359
1681 4358
1682 4358
1683 4357
1684 4357
1685 4357
1686 4357
1687 4356
1688 4355
1689 4355
1690 4355
1691 4354
1692 4354
1693 4354
1694 4354
1695 4354
1696 4354
1697 4354
1698 4354
1699 4354
1700 4354
1701 4354
1702 4354
1703 4354
1704 4354
1705 4354
1706 4354
1707 4353
1708 4353
1709 4353
1710 4353
1711 4352
1712 4352
1713 4352
1714 4352
1715 4352
1716 4352
1717 4352
1718 4352
1719 4352
1720 4352
1721 4352
1722 4352
1723 4352
1724 4352
1725 4352
1726 4352
1727 4352
1728 4352
1729 4352
1730 4352
1731 4352
1732 4352
1733 4352
1734 4352
1735 4351
1736 4351
1737 4351
1738 4351
1739 4350
1740 4350
1741 4350
1742 4350
1743 4350
1744 4350
1745 4350
1746 4350
1747 4350
1748 4350
1749 4350
1750 4350
1751 4350
1752 4350
1753 4350
1754 4350
1755 4350
1756 4350
1757 4350
1758 4350
1759 4350
1760 4350
1761 4350
1762 4350
1763 4350
1764 4350
1765 4350
1766 4350
1767 4350
1768 4350
1769 4350
1770 4350
1771 4350
1772 4350
1773 4350
1774 4350
1775 4350
1776 4350
1777 4350
1778 4350
1779 4350
1780 4350
1781 4350
1782 4350
1783 4350
1784 4350
1785 4350
1786 4350
1787 4349
1788 4349
1789 4349
1790 4349
1791 4348
1792 4348
1793 4347
1794 4347
1795 4347
1796 4347
1797 4346
1798 4346
1799 4346
1800 4346
1801 4345
1802 4345
1803 4345
1804 4345
1805 4344
1806 4344
1807 4343
1808 4343
1809 4342
1810 4342
1811 4341
1812 4341
1813 4340
1814 4340
1815 4339
1816 4339
1817 4338
1818 4337
1819 4337
1819 4336
1820 4335
1821 4335
1821 4334
1822 4333
1823 4333
1823 4332
1824 4331
1825 4331
1825 4330
1826 4329
1827 4328
1827 4327
1828 4326
1828 4325
1829 4324
1829 4323
1830 4322
1830 4321
1831 4320
1831 4319
1832 4318
1832 4317
1833 4316
1833 4315
1833 4314
1833 4313
1834 4312
1834 4311
1834 4310
1834 4309
1834 4308
1834 4307
1834 4306
1834 4305
1834 4304
1834 4303
1834 4302
1834 4301
1834 4300
1834 4299
1834 4298
1834 4297
1833 4296
1833 4295
1833 4294
1833 4293
1832 4292
1832 4291
1832 4290
1832 4289
1832 4288
1832 4287
1832 4286
1832 4285
1832 4284
1832 4283
1832 4282
1832 4281
1833 4280
1833 4279
1833 4278
1833 4277
1834 4276
1834 4275
1834 4274
1834 4273
1834 4272
1834 4271
1834 4270
1834 4269
1834 4268
1834 4267
1834 4266
1834 4265
1834 4264
1834 4263
1834 4262
1834 4261
1833 4260
1833 4259
1833 4258
1833 4257
1832 4256
1832 4255
1832 4254
1832 4253
1832 4252
1832 4251
1832 4250
1832 4249
1832 4248
1832 4247
1832 4246
1832 4245
1832 4244
1832 4243
1832 4242
1832 4241
1833 4240
1833 4239
1833 4238
1833 4237
1834 4236
1834 4235
1835 4234
1835 4233
1835 4232
1835 4231
1836 4230
1836 4229
1836 4228
1836 4227
1836 4226
1836 4225
1836 4224
1836 4223
1837 4222
1837 4221
1837 4220
1837 4219
1838 4218
1838 4217
1838 4216
1838 4215
1838 4214
1838 4213
1838 4212
1838 4211
1838 4210
1838 4209
1838 4208
1838 4207
1838 4206
1838 4205
1838 4204
1838 4203
1838 4202
1838 4201
1838 4200
1838 4199
1838 4198
1838 4197
1838 4196
1838 4195
1838 4194
1838 4193
1837 4192
1837 4191
1836 4190
1835 4189
1834 4188
1833 4188
1832 4187
1831 4187
1830 4186
1829 4186
1828 4185
1827 4184
1826 4183
1825 4182
1825 4181
1824 4180
1823 4179
1822 4178
1821 4177
1821 4176
1820 4175
1819 4174
1819 4173
1818 4172
1818 4171
1817 4170
1817 4169
1816 4168
1815 4167
1815 4166
1814 4166
1813 4165
1813 4164
1812 4163
1811 4162
1811 4161
1810 4160
1809 4159
1809 4158
1809 4157
1808 4156
1808 4155
1807 4154
1807 4153
1807 4152
1807 4151
1806 4150
1805 4149
1804 4148
1803 4147
1803 4146
1802 4146
1801 4145
1801 4144
1800 4143
1799 4142
1799 4141
1798 4140
1797 4139
1796 4138
1796 4137
1795 4136
1795 4135
1794 4134
1794 4133
1793 4132
1793 4131
1792 4130
1792 4129
1791 4128
1791 4127
1790 4126
1789 4125
1788 4124
1788 4123
1787 4122
1787 4121
1786 4120
1786 4119
1785 4118
1785 4117
1785 4116
1785 4115
1784 4114
1784 4113
1783 4112
1783 4111
1783 4110
1783 4109
1782 4108
1781 4107
1780 4106
1779 4105
1779 4104
1778 4103
1777 4102
1777 4101
1776 4100
1776 4099
1775 4098
1775 4097
1774 4096
1773 4095
1772 4094
1771 4094
1770 4093
1769 4093
1768 4093
1767 4093
1766 4093
1765 4093
1764 4092
1763 4092
1762 4091
1761 4090
1760 4090
1759 4089
1758 4088
1757 4088
1756 4087
1755 4087
1754 4086
1753 4086
1752 4086
1751 4086
1750 4085
1749 4085
1748 4084
1747 4084
1746 4084
1745 4083
1744 4082
1743 4082
1742 4081
1741 4080
1740 4080
1739 4079
1739 4078
1738 4078
1737 4077
1736 4076
1735 4076
1734 4075
1733 4075
1732 4075
1731 4075
1730 4075
1729 4075
1728 4074
1727 4074
1726 4074
1725 4074
1724 4073
1723 4073
1722 4073
1721 4073
1720 4073
1719 4073
1718 4073
1717 4073
1716 4073
1715 4073
1714 4073
1713 4073
1712 4073
1711 4073
1710 4073
1709 4073
1708 4073
1707 4073
1706 4073
1705 4073
1704 4073
1703 4073
1702 4073
1701 4073
1700 4073
1699 4073
1698 4073
1697 4073
1696 4073
1695 4073
1694 4073
1693 4073
1692 4073
1691 4073
1690 4073
1689 4073
1688 4073
1687 4073
1686 4073
1685 4073
1684 4073
1683 4073
1682 4073
1681 4073
1680 4073
1679 4073
1678 4072
1677 4072
1676 4072
1675 4072
1674 4071
1673 4071
1672 4071
1671 4071
1670 4071
1669 4071
1668 4071
1667 4071
1666 4071
1665 4071
1664 4072
1663 4072
1662 4072
1661 4072
1660 4073
1659 4073
1658 4073
1657 4073
1656 4073
1655 4073
1654 4073
1653 4073
1652 4073
1651 4073
1650 4073
1649 4073
1648 4073
1647 4073
1646 4073
1645 4073
1644 4073
1643 4073
1642 4073
1641 4073
1640 4073
1639 4073
1638 4073
1637 4073
1636 4073
1635 4073
1634 4073
1633 4073
1632 4073
1631 4073
1630 4073
1629 4073
1628 4073
1627 4073
1626 4073
1625 4073
1624 4073
1623 4073
1622 4073
1621 4073
1620 4073
1619 4073
1618 4073
1617 4073
1616 4074
1615 4074
1614 4074
1613 4074
1612 4075
1611 4075
1610 4076
1609 4076
1608 4076
1607 4076
1606 4077
1605 4077
1604 4077
1603 4077
1602 4077
1601 4077
1600 4077
1599 4077
1598 4077
1597 4077
1596 4077
1595 4077
1594 4077
1593 4077
1592 4077
1591 4077
1590 4077
1589 4077
1588 4077
1587 4077
1586 4077
1585 4077
1584 4078
1583 4078
1582 4078
1581 4078
1580 4079
1579 4079
1578 4079
1577 4079
1576 4080
1575 4080
1574 4080
1573 4080
1572 4081
1571 4081
1570 4081
1569 4081
1568 4080
1567 4080
1566 4079
1565 4078
1564 4078
1563 4077
1562 4076
1561 4076
1560 4075
1559 4075
1558 4075
1557 4075
1556 4075
1555 4075
1554 4075
1553 4075
1552 4075
1551 4075
1550 4075
1549 4075
1548 4075
1547 4075
1546 4075
1545 4075
1544 4075
1543 4075
1542 4075
1541 4075
1540 4075
1539 4075
1538 4075
1537 4075
1536 4075
1535 4075
1534 4075
1533 4075
1532 4075
1531 4075
1530 4075
1529 4075
1528 4075
1527 4075
1526 4075
1525 4075
1524 4075
1523 4075
1522 4074
1521 4074
1520 4074
1519 4074
1518 4073
1517 4073
1516 4073
1515 4073
1514 4073
1513 4073
1512 4073
1511 4073
1510 4073
1509 4073
1508 4073
1507 4073
1506 4072
1505 4072
1504 4072
1503 4072
1502 4071
1501 4071
1500 4071
1499 4071
1498 4071
1497 4071
1496 4071
1495 4071
1494 4071
1493 4071
1492 4071
1491 4071
1490 4071
1489 4071
1488 4071
1487 4071
1486 4071
1485 4071
1484 4071
1483 4071
1482 4071
1481 4071
1480 4071
1479 4071
1478 4071
1477 4071
1476 4071
1475 4071
1474 4071
1473 4071
1472 4071
1471 4071
1470 4070
1469 4070
1468 4069
1467 4069
1466 4068
1465 4068
1464 4067
1463 4067
1462 4067
1461 4067
1460 4067
1459 4067
1458 4067
1457 4067
1456 4067
1455 4067
1454 4066
1453 4066
1452 4066
1451 4066
1450 4065
1449 4065
1448 4065
1447 4065
1446 4065
1445 4065
1444 4065
1443 4065
1442 4065
1441 4065
1440 4065
1439 4065
1438 4065
1437 4065
1436 4065
1435 4065
1434 4065
1433 4065
1432 4064
1431 4064
1430 4064
1429 4064
1428 4063
1427 4063
1426 4063
1425 4063
1424 4063
1423 4063
1422 4063
1421 4063
1420 4063
1419 4063
1418 4063
1417 4063
1416 4063
1415 4063
1414 4063
1413 4063
1412 4063
1411 4063
1410 4063
1409 4063
1408 4063
1407 4063
1406 4063
1405 4063
1404 4063
1403 4063
1402 4063
1401 4063
1400 4063
1399 4063
1398 4063
1397 4063
1396 4063
1395 4063
1394 4063
1393 4063
1392 4063
1391 4063
1390 4063
1389 4063
1388 4063
1387 4063
1386 4063
1385 4063
