609 4533
608 4534
607 4534
606 4534
605 4534
604 4535
603 4535
602 4536
601 4536
600 4537
600 4538
599 4539
599 4540
599 4541
599 4542
600 4543
600 4544
601 4545
601 4546
602 4547
602 4548
603 4549
603 4550
604 4551
604 4552
605 4553
606 4554
606 4555
607 4555
608 4556
608 4557
609 4557
610 4558
610 4559
611 4559
612 4560
612 4561
613 4561
614 4562
614 4563
615 4563
616 4564
616 4565
617 4566
618 4567
618 4568
619 4569
619 4570
620 4571
620 4572
621 4573
621 4574
622 4575
622 4576
623 4577
623 4578
623 4579
623 4580
624 4581
624 4582
625 4583
626 4584
626 4585
627 4585
628 4586
628 4587
629 4587
630 4588
630 4589
631 4589
632 4590
632 4591
633 4591
634 4592
634 4593
635 4593
636 4594
636 4595
637 4595
638 4596
638 4597
639 4597
640 4598
640 4599
641 4599
642 4600
642 4601
643 4601
644 4602
644 4603
645 4603
646 4604
646 4605
647 4605
648 4606
648 4607
649 4607
650 4608
650 4609
651 4609
652 4610
652 4611
653 4611
654 4612
654 4613
655 4613
656 4614
656 4615
657 4615
658 4616
658 4617
659 4617
660 4618
660 4619
661 4619
662 4620
662 4621
663 4621
664 4622
664 4623
665 4623
666 4624
666 4625
667 4625
668 4626
668 4627
669 4627
670 4628
670 4629
671 4629
672 4630
672 4631
673 4631
674 4632
674 4633
675 4633
676 4634
676 4635
677 4635
678 4636
678 4637
679 4638
680 4639
680 4640
681 4641
681 4642
681 4643
681 4644
682 4645
682 4646
683 4647
684 4648
684 4649
685 4649
686 4650
686 4651
687 4651
688 4652
688 4653
689 4653
690 4654
690 4655
691 4655
692 4656
692 4657
693 4657
694 4658
694 4659
695 4659
696 4660
696 4661
697 4661
698 4662
698 4663
699 4663
700 4664
700 4665
701 4665
702 4666
702 4667
703 4667
704 4668
705 4669
706 4670
707 4671
708 4671
709 4672
710 4672
711 4673
712 4673
713 4674
714 4674
715 4675
716 4675
717 4675
718 4676
719 4677
720 4677
721 4678
722 4678
723 4679
724 4679
725 4680
726 4680
727 4680
728 4680
729 4681
730 4681
731 4681
732 4681
733 4682
734 4682
735 4683
736 4683
737 4684
738 4685
739 4685
740 4686
741 4687
742 4688
743 4689
744 4689
745 4690
746 4690
747 4691
748 4692
749 4693
750 4693
751 4694
752 4694
753 4695
754 4695
755 4696
756 4696
757 4697
758 4697
759 4698
760 4698
761 4699
762 4699
763 4700
764 4700
765 4700
766 4700
767 4701
768 4701
769 4701
770 4702
771 4703
772 4703
773 4703
774 4703
775 4704
776 4704
777 4704
778 4704
779 4704
780 4704
781 4705
782 4705
783 4705
784 4706
785 4707
786 4707
787 4708
788 4708
789 4709
790 4709
791 4710
792 4710
793 4710
794 4710
795 4710
796 4710
797 4710
798 4710
799 4710
800 4710
801 4711
802 4711
803 4712
804 4712
805 4713
806 4713
807 4714
808 4714
809 4714
810 4714
811 4714
812 4714
813 4715
814 4715
815 4716
816 4716
817 4717
818 4717
819 4718
820 4718
821 4718
822 4718
823 4719
824 4719
825 4720
826 4720
827 4721
828 4721
829 4722
830 4722
831 4722
832 4722
833 4723
834 4723
835 4723
836 4723
837 4724
838 4724
839 4724
840 4724
841 4725
842 4725
843 4725
844 4725
845 4726
846 4726
847 4727
848 4727
849 4728
850 4729
851 4729
852 4730
852 4731
853 4731
854 4732
855 4733
856 4733
857 4734
858 4734
859 4734
860 4734
861 4735
862 4735
863 4735
864 4736
865 4737
866 4737
867 4737
868 4737
869 4738
870 4738
871 4738
872 4738
873 4738
874 4738
875 4738
876 4738
877 4738
878 4738
879 4738
880 4738
881 4738
882 4738
883 4738
884 4738
885 4738
886 4738
887 4738
888 4738
889 4738
890 4738
891 4738
892 4738
893 4738
894 4738
895 4738
896 4738
897 4738
898 4738
899 4738
900 4738
901 4738
902 4738
903 4738
904 4738
905 4738
906 4738
907 4738
908 4738
909 4738
910 4738
911 4738
912 4738
913 4738
914 4738
915 4738
916 4738
917 4738
918 4738
919 4738
920 4738
921 4738
922 4738
923 4738
924 4738
925 4738
926 4738
927 4738
928 4738
929 4739
930 4739
931 4739
932 4739
933 4740
934 4740
935 4740
936 4740
937 4740
938 4740
939 4740
940 4740
941 4740
942 4740
943 4741
944 4741
945 4742
946 4742
947 4743
948 4743
949 4744
950 4744
951 4744
952 4744
953 4745
954 4745
955 4745
956 4745
957 4746
958 4746
959 4746
960 4746
961 4746
962 4746
963 4746
964 4746
965 4746
966 4746
967 4746
968 4746
969 4746
970 4746
971 4746
972 4746
973 4746
974 4746
975 4746
976 4746
977 4746
978 4746
979 4746
980 4746
981 4746
982 4746
983 4746
984 4746
985 4746
986 4746
987 4746
988 4746
989 4746
990 4746
991 4746
992 4746
993 4746
994 4746
995 4746
996 4746
997 4746
998 4746
999 4746
1000 4746
1001 4745
1002 4745
1003 4744
1004 4743
1005 4743
1005 4742
1006 4741
1007 4741
1007 4740
1008 4739
1009 4739
1009 4738
1010 4737
1011 4737
1011 4736
1012 4735
1013 4735
1013 4734
1014 4733
1015 4733
1015 4732
1016 4731
1017 4731
1017 4730
1018 4729
1019 4729
1019 4728
1020 4727
1021 4727
1022 4726
1023 4725
1024 4725
1025 4724
1026 4723
1027 4722
1028 4721
1029 4721
1029 4720
1030 4719
1031 4719
1032 4718
1033 4717
1034 4717
1035 4716
1036 4716
1037 4716
1038 4716
1039 4715
1040 4715
1041 4714
1042 4713
1043 4713
1044 4712
1045 4711
1046 4711
1047 4710
1048 4710
1049 4710
1050 4710
1051 4710
1052 4710
1053 4710
1054 4710
1055 4710
1056 4710
1057 4709
1058 4709
1059 4709
1060 4709
1061 4708
1062 4707
1063 4707
1064 4707
1065 4706
1066 4705
1067 4705
1068 4705
1069 4704
1070 4704
1071 4703
1072 4703
1073 4702
1074 4702
1075 4701
1076 4701
1077 4700
1078 4700
1079 4699
1080 4699
1081 4699
1082 4699
1083 4698
1084 4697
1085 4696
1086 4695
1087 4695
1087 4694
1088 4693
1089 4693
1090 4692
1091 4691
1092 4691
1093 4690
1094 4690
1095 4689
1096 4689
1097 4688
1098 4688
1099 4687
1100 4687
1101 4686
1102 4685
1103 4685
1104 4685
1105 4684
1106 4684
1107 4683
1108 4683
1109 4683
1110 4683
1111 4682
1112 4681
1113 4680
1114 4680
1115 4679
1116 4679
1117 4678
1118 4677
1119 4677
1120 4677
1121 4676
1122 4675
1123 4674
1124 4674
1125 4673
1126 4673
1127 4672
1128 4671
1129 4671
1130 4671
1131 4670
1132 4669
1133 4669
1134 4669
1135 4668
1136 4667
1137 4666
1138 4665
1139 4665
1140 4664
1141 4663
1142 4663
1143 4662
1144 4661
1145 4660
1146 4659
1147 4659
1147 4658
1148 4657
1149 4657
1149 4656
1150 4655
1151 4655
1151 4654
1152 4653
1153 4653
1153 4652
1154 4651
1155 4651
1155 4650
1156 4649
1157 4648
1157 4647
1158 4646
1158 4645
1158 4644
1158 4643
1159 4642
1159 4641
1160 4640
1161 4639
1161 4638
1162 4637
1163 4636
1163 4635
1164 4634
1164 4633
1164 4632
1164 4631
1164 4630
1164 4629
1165 4628
1165 4627
1165 4626
1165 4625
1166 4624
1166 4623
1167 4622
1167 4621
1167 4620
1168 4619
1169 4618
1169 4617
1169 4616
1170 4615
1171 4614
1171 4613
1172 4612
1172 4611
1173 4610
1173 4609
1174 4608
1174 4607
1174 4606
1174 4605
1174 4604
1174 4603
1175 4602
1175 4601
1175 4600
1175 4599
1176 4598
1176 4597
1176 4596
1176 4595
1176 4594
1176 4593
1175 4592
1175 4591
1175 4590
1175 4589
1174 4588
1173 4587
1173 4586
1173 4585
1172 4584
1171 4583
1170 4582
1170 4581
1169 4580
1169 4579
1168 4578
1168 4577
1168 4576
1168 4575
1167 4574
1167 4573
1166 4572
1165 4571
1164 4570
1163 4570
1162 4569
1161 4568
1160 4568
1159 4567
1159 4566
1158 4565
1157 4564
1157 4563
1156 4562
1155 4561
1154 4560
1153 4559
1153 4558
1152 4558
1151 4557
1151 4556
1150 4555
1149 4554
1149 4553
1148 4552
1148 4551
1148 4550
1148 4549
1148 4548
1148 4547
1147 4546
1147 4545
1146 4544
1145 4543
1145 4542
1144 4542
1143 4541
1143 4540
1142 4540
1141 4539
1141 4538
1140 4538
1139 4537
1138 4536
1137 4535
1136 4534
1135 4534
1134 4534
1133 4534
1132 4533
1131 4533
1130 4533
1129 4533
1128 4533
1127 4533
1126 4533
1125 4533
1124 4533
1123 4533
1122 4533
1121 4533
1120 4533
1119 4533
1118 4533
1117 4533
1116 4534
1115 4534
1114 4535
1113 4536
1112 4536
1111 4537
1110 4538
1109 4538
1108 4539
1107 4539
1106 4539
1105 4539
1104 4539
1103 4539
1102 4540
1101 4540
1100 4541
1099 4542
1098 4542
1098 4543
1097 4544
1096 4544
1096 4545
1095 4546
1094 4546
1093 4547
1092 4548
1091 4548
1090 4549
1089 4549
1088 4549
1087 4549
1086 4550
1085 4550
1084 4550
1083 4550
1082 4551
1081 4551
1080 4551
1079 4551
1078 4551
1077 4551
1076 4552
1075 4552
1074 4552
1073 4552
1072 4553
1071 4553
1070 4553
1069 4553
1068 4554
1067 4554
1066 4554
1065 4554
1064 4555
1063 4555
1062 4556
1061 4556
1060 4557
1059 4557
1058 4558
1057 4558
1056 4559
1055 4559
1054 4559
1053 4559
1052 4558
1051 4558
1050 4557
1049 4556
1049 4555
1048 4554
1047 4553
1046 4552
1045 4551
1044 4550
1043 4550
1042 4549
1041 4549
1040 4549
1039 4549
1038 4549
1037 4549
1036 4548
1035 4548
1034 4548
1033 4548
1032 4547
1031 4547
1030 4547
1029 4547
1028 4547
1027 4547
1026 4547
1025 4547
1024 4547
1023 4547
1022 4547
1021 4547
1020 4547
1019 4547
1018 4547
1017 4547
1016 4548
1015 4548
1014 4548
1013 4548
1012 4549
1011 4549
1010 4549
1009 4549
1008 4549
1007 4549
1006 4549
1005 4549
1004 4549
1003 4549
1002 4549
1001 4549
1000 4549
999 4549
998 4549
997 4549
996 4549
995 4549
994 4549
993 4549
992 4549
991 4549
990 4549
989 4549
988 4549
987 4549
986 4549
985 4549
984 4549
983 4549
982 4549
981 4549
980 4549
979 4549
978 4549
977 4549
976 4549
975 4549
974 4549
973 4549
972 4549
971 4549
970 4549
969 4549
968 4549
967 4549
966 4550
965 4550
964 4551
963 4551
962 4552
961 4552
960 4553
959 4553
958 4553
957 4553
956 4553
955 4553
954 4553
953 4553
952 4553
951 4553
950 4554
949 4554
948 4555
947 4555
946 4556
945 4556
944 4557
943 4557
942 4557
941 4557
940 4557
939 4557
938 4557
937 4557
936 4557
935 4557
934 4557
933 4557
932 4557
931 4557
930 4556
929 4556
928 4556
927 4556
926 4555
925 4555
924 4554
923 4554
922 4553
921 4553
920 4552
919 4552
918 4551
917 4551
916 4551
915 4551
914 4551
913 4551
912 4551
911 4551
910 4551
909 4551
908 4551
907 4551
906 4551
905 4551
904 4551
903 4551
902 4551
901 4551
900 4551
899 4551
898 4551
897 4551
896 4551
895 4551
894 4551
893 4551
892 4551
891 4551
890 4551
889 4551
888 4551
887 4551
886 4551
885 4551
884 4551
883 4551
882 4551
881 4551
880 4552
879 4552
878 4552
877 4552
876 4553
875 4553
874 4553
873 4553
872 4553
871 4553
870 4553
869 4553
868 4553
867 4553
866 4553
865 4553
864 4553
863 4553
862 4553
861 4553
860 4553
859 4553
858 4553
857 4553
856 4553
855 4553
854 4553
853 4553
852 4553
851 4553
850 4553
849 4553
848 4553
847 4553
846 4553
845 4553
844 4554
843 4554
842 4555
841 4555
840 4556
839 4556
838 4557
837 4557
836 4557
835 4557
834 4557
833 4557
832 4557
831 4557
830 4557
829 4557
828 4557
827 4557
826 4557
825 4557
824 4556
823 4556
822 4556
821 4555
820 4554
819 4554
818 4554
817 4554
816 4553
815 4553
814 4552
813 4552
812 4551
811 4550
810 4550
809 4549
808 4548
807 4548
806 4547
805 4547
804 4547
803 4547
802 4547
801 4547
800 4547
799 4547
798 4547
797 4547
796 4547
795 4547
794 4547
793 4547
792 4548
791 4548
790 4548
789 4548
788 4549
787 4549
786 4549
785 4549
784 4549
783 4549
782 4549
781 4549
780 4549
779 4549
778 4549
777 4549
776 4549
775 4549
774 4549
773 4549
772 4550
771 4550
770 4550
769 4550
768 4551
767 4551
766 4551
765 4551
764 4552
763 4552
762 4552
761 4552
760 4553
759 4553
758 4553
757 4553
756 4553
755 4553
754 4553
753 4553
752 4553
751 4553
750 4552
749 4552
748 4552
747 4552
746 4551
745 4551
744 4551
743 4551
742 4551
741 4551
740 4551
739 4551
738 4551
737 4551
736 4551
735 4551
734 4551
733 4551
732 4551
731 4551
730 4551
729 4551
728 4550
727 4550
726 4550
725 4550
724 4549
723 4549
722 4549
721 4549
720 4549
719 4549
718 4549
717 4549
716 4549
715 4549
714 4549
713 4549
712 4548
711 4548
710 4548
709 4548
708 4547
707 4547
706 4547
705 4547
704 4546
703 4546
702 4546
701 4546
700 4545
699 4545
698 4545
697 4545
696 4545
695 4545
694 4545
693 4545
692 4545
691 4545
690 4545
689 4545
688 4545
687 4545
686 4545
685 4545
684 4545
683 4545
682 4545
681 4545
680 4544
679 4544
678 4544
677 4544
676 4543
675 4543
674 4542
673 4542
672 4542
671 4542
670 4541
669 4541
668 4541
667 4541
666 4541
665 4541
664 4541
663 4541
662 4541
661 4541
660 4541
659 4541
658 4541
657 4541
656 4541
655 4541
654 4541
653 4541
652 4540
651 4540
650 4540
649 4540
648 4539
647 4539
646 4539
645 4539
644 4539
643 4539
642 4539
641 4539
640 4540
639 4540
638 4540
637 4540
636 4541
635 4541
634 4541
633 4541
632 4541
631 4541
630 4541
629 4541
628 4541
627 4541
626 4540
625 4540
624 4539
623 4539
622 4538
621 4537
620 4536
619 4536
618 4535
617 4535
616 4534
615 4534
614 4533
613 4533
612 4533
611 4533
610 4533
609 4533
