1123 4359
1122 4360
1121 4360
1120 4360
1119 4360
1118 4361
1117 4361
1116 4362
1115 4362
1114 4363
1113 4364
1112 4364
1111 4365
1110 4366
1109 4366
1108 4367
1107 4368
1106 4369
1105 4370
1104 4370
1103 4371
1102 4372
1101 4372
1100 4373
1099 4374
1098 4375
1097 4376
1096 4376
1096 4377
1095 4378
1094 4378
1094 4379
1093 4380
1092 4380
1092 4381
1091 4382
1090 4382
1089 4383
1088 4384
1087 4384
1086 4385
1085 4386
1084 4387
1083 4388
1082 4388
1081 4389
1080 4390
1079 4390
1078 4391
1077 4392
1076 4393
1075 4394
1074 4395
1074 4396
1073 4397
1073 4398
1073 4399
1073 4400
1073 4401
1073 4402
1073 4403
1073 4404
1073 4405
1073 4406
1074 4407
1074 4408
1074 4409
1074 4410
1075 4411
1076 4412
1077 4413
1077 4414
1078 4415
1078 4416
1079 4417
1080 4418
1080 4419
1080 4420
1081 4421
1082 4422
1082 4423
1082 4424
1083 4425
1084 4426
1085 4427
1086 4428
1086 4429
1087 4429
1088 4430
1088 4431
1089 4431
1090 4432
1090 4433
1091 4433
1092 4434
1092 4435
1093 4435
1094 4436
1094 4437
1095 4437
1096 4438
1097 4439
1098 4440
1099 4441
1100 4441
1101 4442
1102 4442
1103 4443
1104 4443
1105 4444
1106 4444
1107 4444
1108 4444
1109 4445
1110 4445
1111 4445
1112 4446
1113 4447
1114 4447
1115 4448
1116 4448
1117 4449
1118 4450
1119 4451
1120 4451
1121 4451
1122 4452
1123 4453
1124 4453
1125 4454
1126 4454
1127 4455
1128 4456
1129 4457
1130 4457
1131 4458
1132 4459
1133 4459
1134 4460
1134 4461
1135 4461
1136 4462
1136 4463
1137 4463
1138 4464
1139 4465
1140 4465
1141 4466
1142 4466
1143 4465
1144 4465
1145 4465
1146 4465
1147 4464
1148 4464
1149 4463
1150 4463
1151 4462
1152 4462
1153 4461
1154 4461
1155 4460
1156 4460
1157 4459
1158 4459
1159 4459
1160 4459
1161 4458
1162 4458
1163 4457
1164 4457
1165 4457
1166 4457
1167 4456
1168 4456
1169 4456
1170 4456
1171 4456
1172 4456
1173 4456
1174 4456
1175 4456
1176 4456
1177 4456
1178 4456
1179 4456
1180 4456
1181 4456
1182 4456
1183 4456
1184 4456
1185 4456
1186 4456
1187 4456
1188 4456
1189 4456
1190 4456
1191 4456
1192 4456
1193 4456
1194 4456
1195 4456
1196 4456
1197 4456
1198 4456
1199 4456
1200 4456
1201 4456
1202 4456
1203 4455
1204 4455
1205 4454
1206 4453
1207 4453
1207 4452
1208 4451
1209 4451
1209 4450
1210 4449
1211 4449
1211 4448
1212 4447
1213 4447
1213 4446
1214 4445
1215 4445
1215 4444
1216 4443
1217 4443
1218 4442
1219 4441
1220 4441
1221 4440
1222 4440
1223 4440
1224 4440
1225 4440
1226 4440
1227 4440
1228 4440
1229 4440
1230 4440
1231 4440
1232 4440
1233 4439
1234 4439
1235 4439
1236 4439
1237 4438
1238 4438
1239 4438
1240 4438
1241 4438
1242 4438
1243 4437
1244 4437
1245 4436
1246 4435
1247 4435
1247 4434
1248 4433
1249 4433
1249 4432
1250 4431
1251 4430
1252 4429
1253 4428
1253 4427
1254 4426
1255 4425
1255 4424
1256 4423
1257 4422
1258 4421
1259 4420
1259 4419
1260 4418
1260 4417
1261 4416
1261 4415
1262 4414
1262 4413
1262 4412
1262 4411
1262 4410
1262 4409
1263 4408
1263 4407
1263 4406
1264 4405
1265 4404
1265 4403
1265 4402
1265 4401
1266 4400
1266 4399
1266 4398
1266 4397
1266 4396
1266 4395
1266 4394
1266 4393
1266 4392
1266 4391
1265 4390
1265 4389
1264 4388
1263 4387
1263 4386
1262 4386
1261 4385
1260 4384
1259 4383
1258 4382
1257 4382
1256 4381
1255 4381
1254 4380
1253 4379
1252 4378
1251 4378
1250 4377
1249 4376
1248 4376
1247 4375
1246 4374
1245 4373
1244 4372
1243 4372
1242 4372
1241 4371
1240 4370
1239 4370
1238 4370
1237 4370
1236 4369
1235 4369
1234 4369
1233 4369
1232 4369
1231 4369
1230 4369
1229 4369
1228 4369
1227 4369
1226 4369
1225 4369
1224 4369
1223 4369
1222 4369
1221 4369
1220 4369
1219 4369
1218 4369
1217 4369
1216 4369
1215 4369
1214 4369
1213 4369
1212 4368
1211 4368
1210 4368
1209 4368
1208 4367
1207 4367
1206 4367
1205 4367
1204 4367
1203 4367
1202 4367
1201 4367
1200 4367
1199 4367
1198 4367
1197 4367
1196 4367
1195 4367
1194 4367
1193 4367
1192 4367
1191 4367
1190 4366
1189 4366
1188 4366
1187 4366
1186 4365
1185 4365
1184 4365
1183 4365
1182 4365
1181 4365
1180 4365
1179 4365
1178 4365
1177 4365
1176 4365
1175 4365
1174 4365
1173 4365
1172 4364
1171 4364
1170 4363
1169 4363
1168 4362
1167 4361
1166 4360
1165 4360
1164 4360
1163 4360
1162 4359
1161 4359
1160 4359
1159 4359
1158 4359
1157 4359
1156 4359
1155 4359
1154 4359
1153 4359
1152 4359
1151 4359
1150 4359
1149 4359
1148 4359
1147 4359
1146 4359
1145 4359
1144 4359
1143 4359
1142 4359
1141 4359
1140 4359
1139 4359
1138 4359
1137 4359
1136 4359
1135 4359
1134 4359
1133 4359
1132 4359
1131 4359
1130 4359
1129 4359
1128 4359
1127 4359
1126 4359
1125 4359
1124 4359
1123 4359
