899 4997
898 4998
897 4998
896 4998
895 4998
894 4999
893 4999
892 4999
891 4999
890 4999
889 4999
888 4999
887 4999
886 4999
885 4999
884 4999
883 4999
882 5000
881 5000
880 5000
879 5000
878 5001
877 5001
876 5001
875 5001
874 5001
873 5001
872 5001
871 5001
870 5001
869 5001
868 5001
867 5001
866 5001
865 5001
864 5001
863 5001
862 5001
861 5001
860 5001
859 5001
858 5001
857 5001
856 5000
855 5000
854 5000
853 5000
852 4999
851 4999
850 4999
849 4999
848 4999
847 4999
846 4999
845 4999
844 5000
843 5000
842 5001
841 5002
840 5002
839 5003
838 5004
837 5004
836 5005
835 5005
834 5006
833 5006
832 5007
831 5007
830 5008
829 5008
828 5009
827 5009
826 5009
825 5009
824 5009
823 5009
822 5009
821 5009
820 5009
819 5009
818 5009
817 5009
816 5009
815 5009
814 5009
813 5009
812 5009
811 5009
810 5009
809 5009
808 5009
807 5009
806 5009
805 5009
804 5010
803 5010
802 5010
801 5010
800 5011
799 5011
798 5012
797 5012
796 5013
795 5014
794 5014
794 5015
793 5016
792 5016
792 5017
791 5018
790 5018
789 5019
788 5020
787 5020
786 5021
785 5021
784 5021
783 5021
782 5021
781 5021
780 5021
779 5021
778 5021
777 5021
776 5022
775 5022
774 5022
773 5022
772 5023
771 5023
770 5023
769 5023
768 5023
767 5023
766 5023
765 5023
764 5023
763 5023
762 5023
761 5023
760 5024
759 5024
758 5024
757 5024
756 5025
755 5026
754 5027
753 5028
752 5028
752 5029
751 5030
750 5030
750 5031
749 5032
748 5032
748 5033
747 5034
746 5035
745 5036
744 5037
744 5038
743 5039
742 5040
742 5041
741 5042
740 5043
740 5044
739 5045
739 5046
738 5047
738 5048
737 5049
736 5050
735 5051
734 5052
733 5052
732 5053
731 5053
730 5053
729 5053
728 5053
727 5053
726 5053
725 5053
724 5053
723 5053
722 5053
721 5053
720 5053
719 5053
718 5053
717 5053
716 5053
715 5053
714 5053
713 5053
712 5053
711 5053
710 5054
709 5054
708 5055
707 5056
706 5056
706 5057
705 5058
704 5058
704 5059
703 5060
702 5060
702 5061
701 5062
700 5062
700 5063
699 5064
698 5064
698 5065
697 5066
696 5066
696 5067
695 5068
694 5069
693 5070
692 5071
692 5072
691 5073
690 5074
690 5075
689 5076
688 5076
688 5077
687 5078
686 5078
686 5079
685 5080
684 5081
683 5082
682 5083
682 5084
681 5085
680 5086
680 5087
679 5088
678 5088
678 5089
677 5090
676 5090
675 5091
674 5092
673 5092
672 5093
671 5094
670 5095
669 5096
668 5096
668 5097
667 5098
666 5098
666 5099
665 5100
664 5100
664 5101
663 5102
662 5102
661 5103
660 5104
659 5104
658 5105
657 5106
656 5107
655 5108
654 5108
654 5109
653 5110
652 5110
652 5111
651 5112
650 5112
650 5113
649 5114
648 5114
648 5115
647 5116
646 5116
646 5117
645 5118
644 5119
643 5120
642 5121
642 5122
642 5123
642 5124
641 5125
641 5126
641 5127
641 5128
641 5129
641 5130
640 5131
640 5132
640 5133
640 5134
639 5135
639 5136
639 5137
639 5138
639 5139
639 5140
639 5141
639 5142
638 5143
638 5144
638 5145
638 5146
637 5147
637 5148
637 5149
637 5150
636 5151
636 5152
636 5153
635 5154
634 5155
634 5156
633 5157
632 5158
632 5159
631 5160
630 5160
630 5161
629 5162
628 5163
627 5164
626 5165
626 5166
626 5167
625 5168
624 5169
624 5170
624 5171
623 5172
622 5173
622 5174
622 5175
622 5176
621 5177
621 5178
621 5179
621 5180
620 5181
620 5182
619 5183
618 5184
618 5185
617 5186
616 5187
615 5188
614 5189
614 5190
613 5191
613 5192
612 5193
611 5194
610 5195
610 5196
610 5197
609 5198
608 5199
608 5200
607 5201
607 5202
606 5203
605 5204
604 5205
604 5206
603 5207
602 5208
602 5209
601 5210
600 5210
600 5211
599 5212
598 5212
598 5213
597 5214
596 5215
595 5216
594 5217
594 5218
594 5219
594 5220
593 5221
593 5222
593 5223
593 5224
593 5225
593 5226
593 5227
593 5228
593 5229
593 5230
592 5231
592 5232
591 5233
591 5234
590 5235
590 5236
589 5237
589 5238
589 5239
589 5240
589 5241
589 5242
589 5243
589 5244
588 5245
588 5246
587 5247
586 5248
586 5249
585 5250
584 5251
584 5252
583 5253
583 5254
583 5255
583 5256
583 5257
583 5258
583 5259
583 5260
584 5261
584 5262
585 5263
586 5264
586 5265
587 5265
588 5266
588 5267
589 5267
590 5268
591 5269
592 5269
593 5270
594 5270
595 5270
596 5270
597 5270
598 5270
599 5271
600 5271
601 5271
602 5271
603 5272
604 5272
605 5272
606 5272
607 5272
608 5272
609 5272
610 5272
611 5272
612 5272
613 5272
614 5272
615 5272
616 5272
617 5272
618 5272
619 5272
620 5272
621 5272
622 5272
623 5272
624 5272
625 5272
626 5272
627 5273
628 5273
629 5273
630 5273
631 5274
632 5274
633 5274
634 5274
635 5274
636 5274
637 5274
638 5274
639 5274
640 5274
641 5275
642 5275
643 5276
644 5277
645 5277
646 5278
647 5279
648 5279
649 5280
650 5280
651 5280
652 5280
653 5280
654 5280
655 5280
656 5280
657 5281
658 5281
659 5281
660 5281
661 5282
662 5282
663 5283
664 5283
665 5283
666 5284
667 5285
668 5285
669 5285
670 5285
671 5286
672 5286
673 5286
674 5286
675 5286
676 5286
677 5286
678 5286
679 5286
680 5286
681 5286
682 5286
683 5286
684 5286
685 5286
686 5286
687 5286
688 5286
689 5286
690 5286
691 5286
692 5286
693 5286
694 5286
695 5285
696 5285
697 5285
698 5285
699 5284
700 5283
701 5283
702 5283
703 5282
704 5282
705 5282
706 5282
707 5282
708 5282
709 5282
710 5282
711 5282
712 5282
713 5282
714 5282
715 5281
716 5281
717 5281
718 5281
719 5280
720 5280
721 5280
722 5280
723 5280
724 5280
725 5280
726 5280
727 5280
728 5280
729 5280
730 5280
731 5279
732 5279
733 5279
734 5279
735 5278
736 5277
737 5277
738 5277
739 5276
740 5276
741 5276
742 5276
743 5276
744 5276
745 5276
746 5276
747 5276
748 5276
749 5276
750 5276
751 5276
752 5276
753 5275
754 5275
755 5275
756 5275
757 5274
758 5273
759 5273
760 5273
761 5272
762 5272
763 5272
764 5272
765 5272
766 5272
767 5272
768 5272
769 5272
770 5272
771 5273
772 5273
773 5274
774 5274
775 5275
776 5275
777 5276
778 5276
779 5276
780 5276
781 5276
782 5276
783 5276
784 5276
785 5276
786 5276
787 5276
788 5276
789 5276
790 5276
791 5276
792 5276
793 5276
794 5276
795 5276
796 5276
797 5276
798 5276
799 5276
800 5276
801 5276
802 5276
803 5276
804 5276
805 5276
806 5276
807 5276
808 5276
809 5276
810 5276
811 5276
812 5276
813 5276
814 5276
815 5276
816 5276
817 5276
818 5276
819 5276
820 5276
821 5276
822 5276
823 5276
824 5276
825 5276
826 5276
827 5276
828 5276
829 5276
830 5276
831 5276
832 5276
833 5276
834 5276
835 5276
836 5276
837 5276
838 5276
839 5276
840 5276
841 5276
842 5276
843 5276
844 5276
845 5276
846 5276
847 5277
848 5277
849 5277
850 5277
851 5278
852 5278
853 5278
854 5278
855 5278
856 5278
857 5278
858 5278
859 5278
860 5278
861 5278
862 5278
863 5278
864 5278
865 5278
866 5278
867 5278
868 5278
869 5278
870 5278
871 5278
872 5278
873 5278
874 5278
875 5278
876 5278
877 5278
878 5278
879 5278
880 5278
881 5278
882 5278
883 5278
884 5278
885 5278
886 5278
887 5278
888 5278
889 5278
890 5278
891 5278
892 5278
893 5278
894 5278
895 5278
896 5278
897 5278
898 5278
899 5278
900 5278
901 5279
902 5279
903 5279
904 5279
905 5280
906 5280
907 5280
908 5280
909 5281
910 5281
911 5281
912 5281
913 5282
914 5282
915 5282
916 5282
917 5282
918 5282
919 5282
920 5282
921 5282
922 5282
923 5282
924 5282
925 5282
926 5282
927 5282
928 5282
929 5283
930 5283
931 5283
932 5283
933 5284
934 5284
935 5284
936 5284
937 5284
938 5284
939 5284
940 5284
941 5284
942 5284
943 5285
944 5285
945 5286
946 5286
947 5287
948 5287
949 5288
950 5288
951 5288
952 5288
953 5288
954 5288
955 5289
956 5289
957 5289
958 5289
959 5290
960 5290
961 5290
962 5290
963 5291
964 5291
965 5291
966 5291
967 5292
968 5292
969 5292
970 5292
971 5292
972 5292
973 5292
974 5292
975 5292
976 5292
977 5292
978 5292
979 5291
980 5291
981 5291
982 5291
983 5290
984 5290
985 5290
986 5290
987 5289
988 5289
989 5289
990 5289
991 5288
992 5288
993 5288
994 5288
995 5288
996 5288
997 5288
998 5288
999 5288
1000 5288
1001 5288
1002 5288
1003 5288
1004 5288
1005 5288
1006 5288
1007 5287
1008 5287
1009 5286
1010 5286
1011 5285
1012 5285
1013 5284
1014 5284
1015 5284
1016 5284
1017 5283
1018 5283
1019 5283
1020 5283
1021 5282
1022 5282
1023 5282
1024 5282
1025 5282
1026 5282
1027 5281
1028 5281
1029 5281
1030 5281
1031 5280
1032 5279
1033 5278
1034 5278
1035 5277
1036 5277
1037 5276
1038 5276
1039 5275
1040 5275
1041 5275
1042 5275
1043 5274
1044 5274
1045 5274
1046 5274
1047 5274
1048 5274
1049 5274
1050 5274
1051 5274
1052 5274
1053 5274
1054 5274
1055 5274
1056 5274
1057 5273
1058 5273
1059 5273
1060 5273
1061 5272
1062 5272
1063 5272
1064 5272
1065 5271
1066 5271
1067 5271
1068 5271
1069 5270
1070 5269
1071 5269
1072 5269
1073 5268
1074 5268
1075 5268
1076 5268
1077 5267
1078 5267
1079 5267
1080 5267
1081 5266
1082 5265
1083 5265
1084 5265
1085 5264
1086 5263
1087 5262
1088 5262
1089 5261
1090 5261
1091 5260
1092 5259
1093 5258
1094 5257
1095 5257
1096 5256
1097 5255
1098 5255
1099 5254
1100 5254
1101 5254
1102 5254
1103 5253
1104 5253
1105 5253
1106 5253
1107 5252
1108 5252
1109 5251
1110 5251
1111 5250
1112 5250
1113 5249
1114 5249
1115 5248
1116 5247
1117 5246
1118 5245
1119 5245
1119 5244
1120 5243
1121 5243
1122 5242
1123 5241
1124 5241
1125 5240
1126 5240
1127 5239
1128 5239
1129 5239
1130 5239
1131 5238
1132 5238
1133 5238
1134 5238
1135 5237
1136 5237
1137 5236
1138 5236
1139 5235
1140 5235
1141 5234
1142 5234
1143 5233
1144 5233
1145 5233
1146 5233
1147 5232
1148 5231
1149 5230
1150 5229
1151 5228
1151 5227
1151 5226
1151 5225
1152 5224
1152 5223
1152 5222
1152 5221
1153 5220
1153 5219
1153 5218
1153 5217
1154 5216
1154 5215
1155 5214
1155 5213
1156 5212
1157 5211
1157 5210
1158 5209
1159 5208
1160 5207
1161 5206
1161 5205
1161 5204
1161 5203
1162 5202
1162 5201
1162 5200
1162 5199
1162 5198
1162 5197
1162 5196
1162 5195
1163 5194
1163 5193
1163 5192
1164 5191
1165 5190
1165 5189
1166 5188
1166 5187
1167 5186
1168 5185
1169 5184
1169 5183
1169 5182
1169 5181
1170 5180
1170 5179
1170 5178
1170 5177
1170 5176
1170 5175
1170 5174
1170 5173
1170 5172
1170 5171
1170 5170
1170 5169
1170 5168
1170 5167
1170 5166
1170 5165
1170 5164
1170 5163
1170 5162
1170 5161
1170 5160
1170 5159
1170 5158
1170 5157
1170 5156
1170 5155
1170 5154
1170 5153
1170 5152
1170 5151
1170 5150
1170 5149
1170 5148
1170 5147
1170 5146
1170 5145
1170 5144
1170 5143
1170 5142
1170 5141
1171 5140
1171 5139
1171 5138
1171 5137
1172 5136
1172 5135
1172 5134
1172 5133
1172 5132
1172 5131
1172 5130
1172 5129
1172 5128
1172 5127
1171 5126
1171 5125
1170 5124
1170 5123
1169 5122
1169 5121
1168 5120
1167 5119
1166 5118
1165 5117
1165 5116
1164 5116
1163 5115
1163 5114
1162 5114
1161 5113
1161 5112
1160 5112
1159 5111
1159 5110
1158 5109
1157 5108
1157 5107
1156 5106
1155 5105
1155 5104
1155 5103
1154 5102
1153 5101
1152 5100
1151 5099
1151 5098
1150 5098
1149 5097
1148 5096
1147 5095
1146 5094
1145 5094
1144 5093
1143 5092
1142 5091
1141 5090
1141 5089
1140 5088
1139 5087
1138 5086
1138 5085
1137 5084
1137 5083
1136 5082
1136 5081
1136 5080
1136 5079
1135 5078
1135 5077
1135 5076
1135 5075
1134 5074
1133 5073
1133 5072
1133 5071
1132 5070
1132 5069
1131 5068
1131 5067
1131 5066
1131 5065
1130 5064
1129 5063
1129 5062
1129 5061
1128 5060
1128 5059
1128 5058
1128 5057
1128 5056
1128 5055
1127 5054
1127 5053
1126 5052
1125 5051
1125 5050
1124 5050
1123 5049
1122 5048
1121 5047
1120 5046
1119 5046
1118 5046
1117 5045
1116 5044
1115 5044
1114 5044
1113 5044
1112 5043
1111 5043
1110 5043
1109 5043
1108 5042
1107 5042
1106 5042
1105 5041
1104 5040
1103 5040
1102 5039
1101 5038
1100 5038
1099 5037
1099 5036
1098 5036
1097 5035
1097 5034
1096 5034
1095 5033
1095 5032
1094 5032
1093 5031
1092 5030
1091 5030
1090 5029
1089 5029
1088 5029
1087 5029
1086 5028
1085 5028
1084 5028
1083 5028
1082 5027
1081 5027
1080 5027
1079 5027
1078 5027
1077 5027
1076 5027
1075 5027
1074 5027
1073 5027
1072 5027
1071 5027
1070 5026
1069 5026
1068 5026
1067 5025
1066 5024
1065 5024
1064 5023
1063 5022
1062 5022
1061 5021
1060 5020
1059 5020
1058 5019
1057 5019
1056 5019
1055 5019
1054 5018
1053 5018
1052 5018
1051 5018
1050 5017
1049 5017
1048 5017
1047 5017
1046 5017
1045 5017
1044 5016
1043 5016
1042 5016
1041 5015
1040 5014
1039 5014
1038 5014
1037 5014
1036 5013
1035 5013
1034 5012
1033 5012
1032 5012
1031 5012
1030 5011
1029 5011
1028 5011
1027 5011
1026 5010
1025 5010
1024 5010
1023 5010
1022 5009
1021 5009
1020 5009
1019 5009
1018 5009
1017 5009
1016 5008
1015 5008
1014 5008
1013 5008
1012 5007
1011 5007
1010 5007
1009 5007
1008 5007
1007 5007
1006 5007
1005 5007
1004 5007
1003 5007
1002 5007
1001 5007
1000 5008
999 5008
998 5008
997 5008
996 5009
995 5009
994 5009
993 5009
992 5008
991 5008
990 5007
989 5006
988 5006
987 5005
987 5004
986 5004
985 5003
984 5002
983 5002
982 5001
981 5001
980 5001
979 5001
978 5001
977 5001
976 5001
975 5001
974 5000
973 5000
972 5000
971 5000
970 4999
969 4999
968 4999
967 4999
966 4999
965 4999
964 4999
963 4999
962 4999
961 4999
960 4999
959 4999
958 4999
957 4999
956 4999
955 4999
954 4999
953 4999
952 5000
951 5000
950 5000
949 5000
948 5001
947 5001
946 5001
945 5001
944 5001
943 5001
942 5001
941 5001
940 5001
939 5001
938 5001
937 5001
936 5001
935 5001
934 5001
933 5001
932 5001
931 5001
930 5001
929 5001
928 5001
927 5001
926 5001
925 5001
924 5001
923 5001
922 5000
921 5000
920 5000
919 5000
918 4999
917 4999
916 4998
915 4998
914 4998
913 4998
912 4997
911 4997
910 4997
909 4997
908 4997
907 4997
906 4997
905 4997
904 4997
903 4997
902 4997
901 4997
900 4997
899 4997
