1927 3431
1926 3432
1925 3432
1924 3433
1923 3434
1922 3435
1922 3436
1922 3437
1922 3438
1921 3439
1921 3440
1920 3441
1920 3442
1920 3443
1920 3444
1919 3445
1919 3446
1919 3447
1919 3448
1919 3449
1919 3450
1918 3451
1918 3452
1918 3453
1918 3454
1917 3455
1917 3456
1917 3457
1917 3458
1917 3459
1917 3460
1917 3461
1917 3462
1917 3463
1917 3464
1916 3465
1916 3466
1915 3467
1915 3468
1914 3469
1914 3470
1913 3471
1913 3472
1913 3473
1913 3474
1913 3475
1913 3476
1912 3477
1912 3478
1912 3479
1912 3480
1911 3481
1911 3482
1911 3483
1911 3484
1911 3485
1911 3486
1910 3487
1910 3488
1910 3489
1910 3490
1909 3491
1909 3492
1909 3493
1909 3494
1909 3495
1909 3496
1909 3497
1909 3498
1909 3499
1909 3500
1908 3501
1908 3502
1908 3503
1908 3504
1907 3505
1907 3506
1907 3507
1907 3508
1907 3509
1907 3510
1906 3511
1906 3512
1906 3513
1906 3514
1905 3515
1905 3516
1905 3517
1905 3518
1905 3519
1905 3520
1905 3521
1905 3522
1905 3523
1905 3524
1904 3525
1904 3526
1904 3527
1904 3528
1903 3529
1903 3530
1903 3531
1903 3532
1903 3533
1903 3534
1903 3535
1903 3536
1903 3537
1903 3538
1903 3539
1903 3540
1903 3541
1903 3542
1902 3543
1902 3544
1902 3545
1902 3546
1901 3547
1901 3548
1901 3549
1901 3550
1901 3551
1901 3552
1901 3553
1901 3554
1901 3555
1901 3556
1901 3557
1901 3558
1901 3559
1901 3560
1901 3561
1901 3562
1900 3563
1900 3564
1900 3565
1900 3566
1899 3567
1899 3568
1899 3569
1899 3570
1899 3571
1899 3572
1899 3573
1899 3574
1899 3575
1899 3576
1898 3577
1898 3578
1898 3579
1898 3580
1897 3581
1897 3582
1897 3583
1897 3584
1897 3585
1897 3586
1897 3587
1897 3588
1897 3589
1897 3590
1897 3591
1897 3592
1897 3593
1897 3594
1897 3595
1897 3596
1897 3597
1897 3598
1896 3599
1896 3600
1896 3601
1896 3602
1895 3603
1895 3604
1895 3605
1895 3606
1894 3607
1894 3608
1894 3609
1894 3610
1893 3611
1893 3612
1893 3613
1893 3614
1893 3615
1893 3616
1893 3617
1893 3618
1893 3619
1893 3620
1893 3621
1893 3622
1893 3623
1893 3624
1893 3625
1893 3626
1892 3627
1892 3628
1892 3629
1892 3630
1891 3631
1891 3632
1891 3633
1891 3634
1891 3635
1891 3636
1891 3637
1891 3638
1891 3639
1891 3640
1891 3641
1891 3642
1890 3643
1890 3644
1890 3645
1890 3646
1889 3647
1889 3648
1889 3649
1889 3650
1889 3651
1889 3652
1889 3653
1889 3654
1889 3655
1889 3656
1888 3657
1888 3658
1888 3659
1888 3660
1887 3661
1887 3662
1887 3663
1887 3664
1887 3665
1887 3666
1887 3667
1887 3668
1886 3669
1886 3670
1886 3671
1886 3672
1885 3673
1885 3674
1885 3675
1885 3676
1885 3677
1885 3678
1885 3679
1885 3680
1885 3681
1885 3682
1885 3683
1885 3684
1885 3685
1885 3686
1885 3687
1885 3688
1884 3689
1884 3690
1884 3691
1884 3692
1883 3693
1883 3694
1883 3695
1883 3696
1883 3697
1883 3698
1883 3699
1883 3700
1884 3701
1884 3702
1885 3703
1886 3704
1886 3705
1887 3705
1888 3706
1888 3707
1889 3708
1890 3709
1890 3710
1891 3711
1892 3712
1893 3713
1894 3713
1895 3714
1896 3714
1897 3714
1898 3714
1899 3714
1900 3714
1901 3713
1902 3713
1903 3713
1904 3713
1905 3712
1906 3711
1907 3711
1908 3711
1909 3710
1910 3709
1911 3709
1912 3709
1913 3708
1914 3708
1915 3708
1916 3708
1917 3707
1918 3707
1919 3707
1920 3707
1921 3706
1922 3706
1923 3705
1924 3705
1925 3704
1926 3704
1927 3703
1928 3703
1929 3702
1930 3701
1931 3701
1932 3701
1933 3700
1934 3699
1935 3699
1936 3699
1937 3698
1938 3697
1939 3696
1940 3696
1941 3695
1942 3695
1943 3694
1944 3694
1945 3694
1946 3694
1947 3693
1948 3693
1949 3693
1950 3693
1951 3692
1952 3692
1953 3692
1954 3692
1955 3691
1956 3691
1957 3691
1958 3691
1959 3690
1960 3690
1961 3690
1962 3690
1963 3690
1964 3690
1965 3690
1966 3690
1967 3689
1968 3689
1969 3689
1970 3689
1971 3688
1972 3688
1973 3688
1974 3688
1975 3688
1976 3688
1977 3688
1978 3688
1979 3688
1980 3688
1981 3687
1982 3687
1983 3687
1984 3687
1985 3686
1986 3686
1987 3686
1988 3686
1989 3686
1990 3686
1991 3685
1992 3685
1993 3685
1994 3685
1995 3684
1996 3684
1997 3683
1998 3683
1999 3683
2000 3683
2001 3682
2002 3682
2003 3681
2004 3681
2005 3681
2006 3681
2007 3680
2008 3679
2009 3679
2010 3679
2011 3678
2012 3677
2013 3677
2014 3677
2015 3676
2016 3675
2017 3674
2018 3673
2019 3673
2019 3672
2020 3671
2021 3671
2021 3670
2022 3669
2023 3669
2023 3668
2024 3667
2025 3667
2025 3666
2026 3665
2027 3665
2028 3664
2029 3663
2030 3663
2031 3662
2032 3661
2033 3660
2034 3659
2035 3659
2035 3658
2036 3657
2037 3657
2037 3656
2038 3655
2039 3655
2039 3654
2040 3653
2041 3652
2042 3651
2043 3650
2043 3649
2044 3648
2045 3647
2046 3646
2047 3645
2048 3645
2049 3644
2050 3644
2051 3644
2052 3644
2053 3644
2054 3644
2055 3644
2056 3644
2057 3643
2058 3643
2059 3643
2060 3643
2061 3642
2062 3641
2063 3640
2064 3640
2065 3639
2066 3639
2067 3638
2068 3638
2069 3637
2070 3637
2071 3636
2072 3635
2073 3635
2073 3634
2074 3633
2075 3633
2075 3632
2076 3631
2077 3631
2077 3630
2078 3629
2079 3629
2079 3628
2080 3627
2081 3627
2082 3626
2083 3625
2084 3625
2085 3624
2086 3623
2087 3623
2088 3623
2089 3622
2090 3621
2091 3620
2092 3620
2093 3619
2094 3619
2095 3618
2096 3618
2097 3617
2098 3617
2099 3616
2100 3615
2101 3615
2101 3614
2102 3613
2103 3613
2103 3612
2104 3611
2105 3611
2105 3610
2106 3609
2107 3609
2107 3608
2108 3607
2109 3607
2109 3606
2110 3605
2111 3604
2112 3603
2113 3602
2113 3601
2114 3600
2115 3599
2115 3598
2116 3597
2117 3597
2117 3596
2118 3595
2119 3594
2119 3593
2120 3592
2120 3591
2120 3590
2120 3589
2119 3588
2119 3587
2119 3586
2119 3585
2118 3584
2117 3583
2117 3582
2117 3581
2116 3580
2116 3579
2115 3578
2115 3577
2115 3576
2115 3575
2114 3574
2113 3573
2113 3572
2113 3571
2112 3570
2112 3569
2111 3568
2111 3567
2111 3566
2111 3565
2110 3564
2110 3563
2109 3562
2109 3561
2109 3560
2109 3559
2108 3558
2108 3557
2107 3556
2107 3555
2107 3554
2107 3553
2106 3552
2105 3551
2105 3550
2105 3549
2104 3548
2104 3547
2104 3546
2104 3545
2103 3544
2103 3543
2103 3542
2103 3541
2102 3540
2102 3539
2101 3538
2101 3537
2101 3536
2101 3535
2100 3534
2100 3533
2100 3532
2100 3531
2099 3530
2099 3529
2099 3528
2099 3527
2098 3526
2098 3525
2097 3524
2097 3523
2097 3522
2097 3521
2096 3520
2096 3519
2096 3518
2096 3517
2095 3516
2095 3515
2095 3514
2095 3513
2094 3512
2094 3511
2093 3510
2093 3509
2093 3508
2093 3507
2092 3506
2091 3505
2091 3504
2091 3503
2090 3502
2090 3501
2089 3500
2089 3499
2089 3498
2089 3497
2088 3496
2088 3495
2087 3494
2087 3493
2086 3492
2085 3491
2084 3490
2083 3490
2082 3490
2081 3489
2080 3488
2079 3488
2078 3487
2077 3486
2076 3486
2075 3485
2075 3484
2074 3484
2073 3483
2072 3482
2071 3482
2070 3481
2069 3481
2068 3480
2067 3480
2066 3480
2065 3479
2064 3478
2063 3478
2062 3478
2061 3478
2060 3477
2059 3477
2058 3477
2057 3477
2056 3476
2055 3476
2054 3476
2053 3475
2052 3474
2051 3474
2050 3474
2049 3474
2048 3473
2047 3473
2046 3472
2045 3472
2044 3472
2043 3472
2042 3471
2041 3471
2040 3471
2039 3471
2038 3471
2037 3471
2036 3471
2035 3471
2034 3471
2033 3471
2032 3471
2031 3471
2030 3471
2029 3471
2028 3471
2027 3471
2026 3471
2025 3471
2024 3471
2023 3471
2022 3471
2021 3471
2020 3471
2019 3471
2018 3471
2017 3471
2016 3471
2015 3471
2014 3471
2013 3471
2012 3471
2011 3471
2010 3471
2009 3471
2008 3471
2007 3471
2006 3471
2005 3471
2004 3471
2003 3471
2002 3470
2001 3470
2000 3470
1999 3470
1998 3469
1997 3469
1996 3469
1995 3469
1994 3468
1993 3468
1992 3468
1991 3468
1990 3467
1989 3467
1988 3467
1987 3467
1986 3467
1985 3467
1984 3466
1983 3466
1982 3465
1981 3464
1980 3464
1979 3463
1979 3462
1978 3462
1977 3461
1976 3460
1975 3459
1974 3458
1973 3458
1972 3457
1971 3457
1970 3456
1969 3456
1968 3455
1967 3455
1966 3454
1965 3454
1964 3453
1963 3452
1962 3452
1961 3451
1960 3450
1959 3449
1958 3448
1957 3448
1956 3447
1955 3447
1954 3446
1953 3445
1952 3444
1951 3444
1950 3443
1949 3442
1948 3442
1947 3441
1947 3440
1946 3440
1945 3439
1944 3438
1943 3437
1942 3436
1941 3436
1940 3435
1939 3434
1938 3434
1937 3433
1936 3432
1935 3432
1934 3431
1933 3431
1932 3431
1931 3431
1930 3431
1929 3431
1928 3431
1927 3431
