485 3995
484 3996
483 3996
482 3996
481 3996
480 3997
479 3997
478 3998
477 3998
476 3998
475 3998
474 3999
473 3999
472 3999
471 3999
470 4000
469 4000
468 4000
467 4000
466 4001
465 4001
464 4001
463 4001
462 4002
461 4002
460 4002
459 4002
458 4003
457 4003
456 4003
455 4003
454 4003
453 4003
452 4004
451 4004
450 4004
449 4004
448 4005
447 4006
446 4006
445 4006
444 4007
443 4007
442 4007
441 4007
440 4008
439 4008
438 4008
437 4008
436 4009
435 4010
434 4010
433 4010
432 4011
431 4011
430 4012
429 4012
428 4012
427 4012
426 4013
425 4013
424 4013
423 4013
422 4013
421 4013
420 4014
419 4014
418 4014
417 4014
416 4015
415 4015
414 4016
413 4016
412 4016
411 4016
410 4017
409 4017
408 4017
407 4017
406 4018
405 4018
404 4018
403 4018
402 4019
401 4019
400 4019
399 4019
398 4020
397 4020
396 4020
395 4020
394 4021
393 4021
392 4021
391 4021
390 4022
389 4022
388 4022
387 4022
386 4023
385 4023
384 4023
383 4023
382 4024
381 4024
380 4024
379 4024
378 4025
377 4026
376 4026
375 4026
374 4027
373 4027
372 4027
371 4027
370 4027
369 4027
368 4027
367 4027
366 4027
365 4027
364 4027
363 4027
362 4028
361 4028
360 4028
359 4028
358 4029
357 4029
356 4029
355 4029
354 4030
353 4030
352 4030
351 4030
350 4031
349 4031
348 4031
347 4031
346 4031
345 4031
344 4031
343 4031
342 4031
341 4031
340 4031
339 4031
338 4031
337 4031
336 4031
335 4031
334 4031
333 4031
332 4031
331 4031
330 4032
329 4032
328 4032
327 4032
326 4033
325 4033
324 4033
323 4033
322 4033
321 4033
320 4033
319 4033
318 4034
317 4034
316 4034
315 4034
314 4035
313 4035
312 4035
311 4035
310 4035
309 4035
308 4035
307 4035
306 4036
305 4036
304 4036
303 4036
302 4037
301 4037
300 4037
299 4037
298 4037
297 4037
296 4038
295 4038
294 4038
293 4038
292 4039
291 4039
290 4039
289 4039
288 4039
287 4039
286 4039
285 4039
284 4039
283 4039
282 4040
281 4040
280 4040
279 4040
278 4041
277 4041
276 4041
275 4041
274 4041
273 4041
272 4041
271 4041
270 4041
269 4041
268 4041
267 4041
266 4041
265 4041
264 4042
263 4042
262 4042
261 4042
260 4043
259 4043
258 4043
257 4043
256 4044
255 4044
254 4045
253 4046
252 4046
252 4047
251 4048
250 4049
250 4050
249 4051
249 4052
249 4053
249 4054
249 4055
249 4056
249 4057
249 4058
249 4059
249 4060
250 4061
250 4062
250 4063
250 4064
251 4065
252 4066
253 4067
254 4068
255 4069
256 4069
257 4070
258 4071
259 4071
260 4072
260 4073
261 4073
262 4074
263 4075
264 4076
265 4077
266 4077
267 4077
268 4078
269 4079
270 4079
271 4080
272 4080
273 4081
274 4081
275 4082
276 4082
277 4083
278 4083
279 4083
280 4084
281 4085
282 4085
283 4085
284 4085
285 4086
286 4086
287 4087
288 4087
289 4087
290 4088
291 4089
292 4089
293 4089
294 4089
295 4090
296 4090
297 4090
298 4090
299 4091
300 4091
301 4091
302 4091
303 4092
304 4092
305 4092
306 4092
307 4092
308 4092
309 4093
310 4093
311 4093
312 4093
313 4094
314 4094
315 4094
316 4094
317 4094
318 4094
319 4094
320 4094
321 4094
322 4094
323 4094
324 4094
325 4094
326 4094
327 4094
328 4094
329 4095
330 4095
331 4095
332 4095
333 4096
334 4096
335 4096
336 4096
337 4097
338 4097
339 4097
340 4097
341 4098
342 4098
343 4098
344 4098
345 4098
346 4098
347 4098
348 4098
349 4098
350 4098
351 4098
352 4098
353 4098
354 4098
355 4098
356 4098
357 4099
358 4099
359 4099
360 4099
361 4100
362 4100
363 4100
364 4100
365 4100
366 4100
367 4100
368 4100
369 4100
370 4100
371 4100
372 4100
373 4100
374 4100
375 4100
376 4100
377 4101
378 4101
379 4101
380 4102
381 4103
382 4103
383 4103
384 4103
385 4104
386 4104
387 4104
388 4104
389 4105
390 4105
391 4105
392 4105
393 4106
394 4106
395 4107
396 4107
397 4107
398 4108
399 4109
400 4110
400 4111
400 4112
400 4113
401 4114
401 4115
401 4116
402 4117
402 4118
403 4119
404 4120
404 4121
405 4122
406 4122
407 4123
408 4123
409 4124
410 4124
411 4125
412 4125
413 4125
414 4125
415 4125
416 4125
417 4125
418 4125
419 4124
420 4124
421 4124
422 4123
423 4123
424 4123
425 4123
426 4123
427 4124
428 4125
429 4125
430 4126
430 4127
431 4127
432 4128
432 4129
433 4129
434 4130
435 4131
436 4132
437 4133
438 4133
439 4133
440 4134
441 4135
442 4135
443 4136
444 4136
445 4137
446 4138
447 4139
448 4139
449 4140
450 4140
451 4141
452 4142
453 4143
454 4143
455 4144
456 4145
457 4145
458 4146
458 4147
459 4148
460 4149
460 4150
461 4151
462 4152
463 4153
464 4154
465 4155
466 4155
467 4156
468 4156
469 4157
470 4157
471 4157
472 4157
473 4158
474 4158
475 4159
476 4159
477 4159
478 4160
479 4161
480 4161
481 4161
482 4162
483 4163
484 4163
485 4163
486 4163
487 4164
488 4164
489 4164
490 4164
491 4164
492 4164
493 4164
494 4164
495 4163
496 4163
497 4163
498 4163
499 4162
500 4162
501 4161
502 4161
503 4160
504 4160
505 4159
506 4159
507 4158
508 4157
509 4157
510 4157
511 4156
512 4155
513 4155
514 4155
515 4154
516 4153
517 4153
518 4153
519 4152
520 4151
521 4150
522 4150
523 4149
524 4149
525 4148
526 4147
527 4147
528 4147
529 4146
530 4145
531 4145
532 4145
533 4144
534 4143
535 4143
536 4143
537 4142
538 4141
539 4141
540 4141
541 4140
542 4139
543 4138
544 4137
545 4137
545 4136
546 4135
547 4135
547 4134
548 4133
549 4133
549 4132
550 4131
551 4131
551 4130
552 4129
553 4129
553 4128
554 4127
555 4127
556 4126
557 4125
558 4125
559 4124
560 4123
561 4123
562 4123
563 4122
564 4121
565 4121
566 4121
567 4120
568 4120
569 4119
570 4119
571 4119
572 4119
573 4118
574 4118
575 4118
576 4118
577 4118
578 4118
579 4118
580 4118
581 4118
582 4118
583 4119
584 4119
585 4119
586 4119
587 4120
588 4120
589 4120
590 4120
591 4120
592 4120
593 4120
594 4120
595 4120
596 4120
597 4120
598 4120
599 4120
600 4120
601 4120
602 4120
603 4120
604 4120
605 4120
606 4120
607 4120
608 4120
609 4120
610 4120
611 4119
612 4119
613 4118
614 4117
615 4116
615 4115
616 4114
616 4113
616 4112
616 4111
616 4110
616 4109
616 4108
616 4107
616 4106
616 4105
616 4104
616 4103
615 4102
615 4101
615 4100
615 4099
614 4098
613 4097
613 4096
613 4095
612 4094
612 4093
611 4092
611 4091
611 4090
611 4089
610 4088
610 4087
610 4086
610 4085
610 4084
610 4083
609 4082
609 4081
608 4080
607 4079
607 4078
606 4078
605 4077
605 4076
604 4076
603 4075
603 4074
602 4074
601 4073
601 4072
600 4071
599 4070
599 4069
598 4068
597 4067
596 4066
595 4065
595 4064
594 4064
593 4063
593 4062
592 4062
591 4061
591 4060
590 4059
589 4058
589 4057
588 4056
587 4055
587 4054
587 4053
586 4052
585 4051
585 4050
585 4049
584 4048
583 4047
582 4046
581 4045
581 4044
580 4043
579 4042
579 4041
578 4040
577 4039
576 4038
575 4037
575 4036
574 4036
573 4035
573 4034
572 4034
571 4033
571 4032
570 4032
569 4031
569 4030
568 4030
567 4029
567 4028
566 4028
565 4027
565 4026
564 4026
563 4025
562 4024
561 4024
560 4023
559 4023
558 4023
557 4023
556 4023
555 4023
554 4023
553 4023
552 4023
551 4023
550 4022
549 4022
548 4022
547 4022
546 4021
545 4021
544 4021
543 4021
542 4021
541 4021
540 4021
539 4021
538 4021
537 4021
536 4021
535 4021
534 4020
533 4020
532 4020
531 4020
530 4019
529 4019
528 4019
527 4019
526 4019
525 4019
524 4018
523 4018
522 4018
521 4018
520 4017
519 4017
518 4016
517 4016
516 4016
515 4016
514 4015
513 4015
512 4015
511 4015
510 4014
509 4014
508 4013
507 4012
506 4012
505 4011
505 4010
504 4010
503 4009
502 4008
501 4007
500 4006
499 4006
498 4005
497 4004
496 4004
495 4003
495 4002
494 4001
493 4000
493 3999
492 3998
492 3997
492 3996
492 3995
491 3995
490 3995
489 3995
488 3995
487 3995
486 3995
485 3995
