889 4681
888 4682
887 4682
886 4682
885 4682
884 4683
883 4683
882 4683
881 4683
880 4683
879 4683
878 4683
877 4683
876 4683
875 4683
874 4684
873 4684
872 4685
871 4685
870 4686
869 4686
868 4687
867 4688
866 4689
865 4690
864 4690
863 4691
862 4692
861 4692
860 4693
859 4694
858 4694
857 4694
856 4695
855 4695
854 4695
853 4695
852 4696
851 4696
850 4696
849 4696
848 4697
847 4697
846 4697
845 4697
844 4698
843 4698
842 4698
841 4698
840 4699
839 4699
838 4700
837 4700
836 4701
835 4702
834 4702
834 4703
833 4704
832 4704
832 4705
831 4706
830 4706
830 4707
829 4708
828 4708
828 4709
827 4710
826 4710
826 4711
825 4712
824 4712
824 4713
823 4714
822 4714
822 4715
821 4716
820 4716
820 4717
819 4718
818 4718
818 4719
817 4720
816 4720
816 4721
815 4722
814 4722
814 4723
813 4724
812 4724
812 4725
811 4726
810 4726
810 4727
809 4728
808 4728
808 4729
807 4730
806 4730
806 4731
805 4732
804 4732
804 4733
803 4734
802 4734
802 4735
801 4736
800 4736
800 4737
799 4738
798 4738
798 4739
797 4740
796 4740
796 4741
795 4742
794 4742
794 4743
793 4744
792 4744
792 4745
791 4746
790 4746
790 4747
789 4748
788 4748
787 4749
786 4750
785 4750
784 4751
783 4752
782 4753
781 4754
780 4754
780 4755
779 4756
778 4756
777 4757
776 4758
775 4758
774 4759
773 4759
772 4760
771 4760
770 4760
769 4760
768 4761
767 4762
766 4762
765 4762
764 4763
763 4764
762 4764
761 4764
760 4765
759 4765
758 4765
757 4765
756 4765
755 4765
754 4765
753 4765
752 4765
751 4765
750 4765
749 4765
748 4765
747 4765
746 4765
745 4765
744 4765
743 4765
742 4765
741 4765
740 4765
739 4765
738 4765
737 4765
736 4765
735 4765
734 4765
733 4765
732 4765
731 4765
730 4765
729 4765
728 4765
727 4765
726 4765
725 4765
724 4764
723 4764
722 4763
721 4763
720 4762
719 4762
718 4761
717 4761
716 4761
715 4761
714 4760
713 4760
712 4760
711 4760
710 4759
709 4759
708 4758
707 4758
706 4758
705 4758
704 4757
703 4757
702 4757
701 4757
700 4757
699 4757
698 4756
697 4756
696 4755
695 4755
694 4754
693 4753
692 4752
691 4752
690 4751
689 4751
688 4750
687 4749
686 4748
685 4748
684 4747
683 4747
682 4746
681 4746
680 4745
679 4745
678 4744
677 4744
676 4744
675 4743
674 4742
673 4742
672 4742
671 4742
670 4741
669 4741
668 4741
667 4741
666 4740
665 4740
664 4739
663 4738
662 4738
661 4737
660 4736
659 4736
658 4735
657 4735
656 4736
655 4736
654 4736
653 4736
652 4737
651 4737
650 4737
649 4737
648 4738
647 4738
646 4738
645 4738
644 4739
643 4739
642 4740
641 4740
640 4740
639 4740
638 4741
637 4742
636 4743
635 4743
634 4744
633 4744
632 4745
631 4746
630 4747
629 4748
628 4748
628 4749
627 4750
626 4750
626 4751
625 4752
624 4752
624 4753
623 4754
622 4754
622 4755
621 4756
620 4756
620 4757
619 4758
618 4758
618 4759
617 4760
616 4760
616 4761
615 4762
614 4762
614 4763
613 4764
612 4764
612 4765
611 4766
610 4767
609 4768
608 4769
608 4770
607 4771
606 4772
606 4773
605 4774
604 4774
604 4775
603 4776
602 4776
602 4777
601 4778
600 4778
599 4779
598 4780
597 4780
596 4781
595 4782
594 4782
593 4782
592 4783
591 4783
590 4784
589 4784
588 4785
587 4786
586 4786
586 4787
585 4788
584 4788
584 4789
583 4790
582 4790
582 4791
581 4792
580 4792
580 4793
579 4794
578 4794
577 4795
576 4796
575 4796
574 4797
573 4797
572 4798
571 4798
570 4798
569 4798
568 4799
567 4799
566 4799
565 4799
564 4800
563 4800
562 4801
561 4801
560 4802
559 4802
558 4803
557 4804
556 4805
555 4805
554 4806
553 4806
552 4807
551 4807
550 4807
549 4807
548 4807
547 4807
546 4807
545 4807
544 4807
543 4807
542 4808
541 4808
540 4809
539 4810
538 4810
538 4811
537 4812
536 4812
535 4813
534 4814
533 4814
532 4815
531 4816
530 4816
529 4816
528 4817
527 4817
526 4817
525 4817
524 4817
523 4817
522 4817
521 4817
520 4817
519 4817
518 4817
517 4817
516 4818
515 4818
514 4818
513 4818
512 4819
511 4819
510 4819
509 4819
508 4819
507 4819
506 4819
505 4819
504 4819
503 4819
502 4819
501 4819
500 4819
499 4819
498 4819
497 4819
496 4819
495 4819
494 4819
493 4819
492 4819
491 4819
490 4819
489 4819
488 4820
487 4820
486 4820
485 4820
484 4821
483 4822
482 4823
481 4824
480 4824
480 4825
479 4826
478 4826
478 4827
477 4828
476 4829
476 4830
475 4831
475 4832
474 4833
474 4834
474 4835
474 4836
473 4837
473 4838
472 4839
472 4840
472 4841
472 4842
471 4843
471 4844
472 4845
472 4846
473 4847
474 4848
474 4849
475 4849
476 4850
477 4851
478 4851
479 4852
480 4852
481 4852
482 4852
483 4852
484 4852
485 4852
486 4852
487 4852
488 4852
489 4853
490 4853
491 4853
492 4853
493 4854
494 4854
495 4854
496 4854
497 4855
498 4855
499 4856
500 4857
501 4857
502 4858
502 4859
503 4859
504 4860
504 4861
505 4861
506 4862
506 4863
507 4863
508 4864
508 4865
509 4865
510 4866
510 4867
511 4867
512 4868
513 4869
514 4870
515 4871
516 4871
517 4872
518 4873
519 4873
520 4874
520 4875
521 4875
522 4876
522 4877
523 4877
524 4878
525 4879
526 4879
527 4880
528 4880
529 4880
530 4880
531 4880
532 4880
533 4880
534 4880
535 4881
536 4881
537 4882
538 4883
539 4883
540 4884
540 4885
541 4885
542 4886
542 4887
543 4887
544 4888
544 4889
545 4889
546 4890
546 4891
547 4891
548 4892
549 4893
550 4893
551 4894
552 4894
553 4894
554 4894
555 4895
556 4895
557 4895
558 4896
559 4897
560 4897
561 4898
562 4899
563 4899
564 4900
564 4901
565 4901
566 4902
566 4903
567 4903
568 4904
568 4905
569 4905
570 4906
570 4907
571 4907
572 4908
572 4909
573 4909
574 4910
574 4911
575 4911
576 4912
576 4913
577 4913
578 4914
579 4915
580 4916
581 4917
582 4917
583 4918
584 4919
585 4919
586 4920
586 4921
587 4921
588 4922
589 4923
590 4924
591 4925
592 4925
593 4926
594 4927
595 4927
596 4928
596 4929
597 4929
598 4930
599 4931
600 4932
601 4933
602 4933
603 4934
604 4935
605 4935
606 4936
607 4937
608 4938
609 4939
610 4939
611 4939
612 4939
613 4940
614 4940
615 4940
616 4940
617 4941
618 4941
619 4942
620 4943
621 4943
622 4944
623 4945
624 4945
625 4946
626 4946
627 4947
628 4947
629 4947
630 4948
631 4949
632 4949
633 4949
634 4950
635 4951
636 4951
637 4952
638 4953
639 4953
640 4954
640 4955
641 4955
642 4956
643 4957
644 4957
645 4958
646 4958
647 4959
648 4959
649 4960
650 4960
651 4961
652 4961
653 4962
654 4962
655 4963
656 4963
657 4963
658 4963
659 4964
660 4964
661 4964
662 4964
663 4965
664 4965
665 4965
666 4965
667 4966
668 4966
669 4966
670 4966
671 4966
672 4966
673 4966
674 4966
675 4966
676 4966
677 4966
678 4966
679 4966
680 4966
681 4966
682 4966
683 4966
684 4966
685 4966
686 4966
687 4966
688 4966
689 4966
690 4966
691 4966
692 4966
693 4966
694 4966
695 4967
696 4967
697 4967
698 4967
699 4968
700 4968
701 4968
702 4968
703 4969
704 4969
705 4969
706 4969
707 4970
708 4970
709 4970
710 4970
711 4970
712 4970
713 4970
714 4970
715 4970
716 4970
717 4970
718 4970
719 4971
720 4971
721 4971
722 4971
723 4972
724 4972
725 4972
726 4972
727 4972
728 4972
729 4972
730 4972
731 4972
732 4972
733 4972
734 4972
735 4972
736 4972
737 4972
738 4972
739 4972
740 4972
741 4972
742 4972
743 4972
744 4972
745 4972
746 4972
747 4972
748 4972
749 4972
750 4972
751 4972
752 4972
753 4973
754 4973
755 4973
756 4973
757 4974
758 4974
759 4974
760 4974
761 4975
762 4975
763 4975
764 4975
765 4976
766 4976
767 4976
768 4976
769 4976
770 4976
771 4976
772 4976
773 4977
774 4977
775 4977
776 4977
777 4978
778 4978
779 4978
780 4978
781 4978
782 4978
783 4978
784 4978
785 4978
786 4978
787 4978
788 4978
789 4978
790 4978
791 4978
792 4978
793 4978
794 4978
795 4979
796 4979
797 4980
798 4980
799 4981
800 4982
801 4983
802 4983
803 4984
804 4984
805 4985
806 4985
807 4986
808 4986
809 4986
810 4986
811 4986
812 4986
813 4986
814 4986
815 4986
816 4986
817 4986
818 4986
819 4986
820 4986
821 4986
822 4986
823 4986
824 4986
825 4986
826 4986
827 4986
828 4986
829 4986
830 4986
831 4986
832 4986
833 4985
834 4985
835 4984
836 4984
837 4983
838 4983
839 4982
840 4982
841 4982
842 4982
843 4982
844 4982
845 4982
846 4982
847 4982
848 4982
849 4982
850 4982
851 4982
852 4982
853 4982
854 4982
855 4982
856 4982
857 4982
858 4982
859 4982
860 4982
861 4982
862 4982
863 4982
864 4982
865 4982
866 4982
867 4982
868 4982
869 4981
870 4981
871 4980
872 4979
873 4979
874 4978
875 4977
876 4977
877 4976
878 4976
879 4976
880 4976
881 4976
882 4976
883 4976
884 4976
885 4976
886 4976
887 4976
888 4976
889 4976
890 4976
891 4976
892 4976
893 4975
894 4975
895 4974
896 4973
897 4973
898 4972
899 4971
900 4971
901 4970
902 4969
903 4969
904 4969
905 4968
906 4968
907 4967
908 4967
909 4967
910 4967
911 4966
912 4966
913 4966
914 4966
915 4966
916 4966
917 4966
918 4966
919 4966
920 4966
921 4966
922 4966
923 4965
924 4965
925 4964
926 4963
927 4963
928 4962
929 4961
930 4961
931 4960
932 4960
933 4959
934 4959
935 4958
936 4957
937 4957
937 4956
938 4955
939 4955
940 4954
941 4953
942 4953
943 4952
944 4952
945 4952
946 4952
947 4952
948 4952
949 4952
950 4952
951 4952
952 4952
953 4952
954 4952
955 4951
956 4951
957 4950
958 4950
959 4949
960 4949
961 4948
962 4948
963 4948
964 4948
965 4948
966 4948
967 4948
968 4948
969 4948
970 4948
971 4947
972 4947
973 4947
974 4947
975 4946
976 4946
977 4946
978 4946
979 4946
980 4946
981 4946
982 4946
983 4946
984 4946
985 4946
986 4946
987 4946
988 4946
989 4946
990 4946
991 4946
992 4946
993 4946
994 4946
995 4946
996 4946
997 4946
998 4946
999 4946
1000 4946
1001 4946
1002 4946
1003 4946
1004 4946
1005 4946
1006 4946
1007 4946
1008 4946
1009 4946
1010 4946
1011 4946
1012 4946
1013 4946
1014 4946
1015 4946
1016 4946
1017 4946
1018 4946
1019 4946
1020 4946
1021 4945
1022 4945
1023 4945
1024 4945
1025 4944
1026 4944
1027 4944
1028 4944
1029 4944
1030 4944
1031 4944
1032 4944
1033 4944
1034 4944
1035 4944
1036 4944
1037 4944
1038 4944
1039 4944
1040 4944
1041 4944
1042 4944
1043 4944
1044 4944
1045 4944
1046 4944
1047 4944
1048 4944
1049 4944
1050 4944
1051 4944
1052 4944
1053 4944
1054 4944
1055 4944
1056 4944
1057 4944
1058 4944
1059 4944
1060 4944
1061 4944
1062 4944
1063 4944
1064 4944
1065 4944
1066 4944
1067 4943
1068 4943
1069 4943
1070 4943
1071 4942
1072 4941
1073 4941
1074 4941
1075 4940
1076 4940
1077 4940
1078 4940
1079 4939
1080 4939
1081 4939
1082 4939
1083 4938
1084 4938
1085 4937
1086 4937
1087 4937
1088 4937
1089 4936
1090 4936
1091 4935
1092 4935
1093 4934
1094 4934
1095 4933
1096 4933
1097 4932
1098 4932
1099 4932
1100 4932
1101 4931
1102 4931
1103 4930
1104 4930
1105 4929
1106 4929
1107 4928
1108 4927
1109 4926
1110 4926
1111 4925
1112 4925
1113 4924
1114 4924
1115 4924
1116 4924
1117 4924
1118 4924
1119 4924
1120 4924
1121 4924
1122 4924
1123 4924
1124 4924
1125 4924
1126 4924
1127 4924
1128 4924
1129 4924
1130 4924
1131 4924
1132 4924
1133 4925
1134 4925
1135 4925
1136 4926
1137 4927
1138 4927
1139 4927
1140 4928
1141 4929
1142 4929
1143 4929
1144 4929
1145 4930
1146 4930
1147 4930
1148 4930
1149 4930
1150 4930
1151 4930
1152 4930
1153 4930
1154 4930
1155 4930
1156 4930
1157 4930
1158 4930
1159 4930
1160 4930
1161 4930
1162 4930
1163 4930
1164 4930
1165 4930
1166 4930
1167 4930
1168 4930
1169 4930
1170 4930
1171 4930
1172 4930
1173 4930
1174 4930
1175 4930
1176 4930
1177 4930
1178 4930
1179 4930
1180 4930
1181 4930
1182 4930
1183 4930
1184 4930
1185 4930
1186 4930
1187 4930
1188 4930
1189 4930
1190 4930
1191 4929
1192 4929
1193 4929
1194 4929
1195 4928
1196 4928
1197 4928
1198 4928
1199 4927
1200 4927
1201 4927
1202 4927
1203 4926
1204 4925
1205 4924
1206 4924
1207 4923
1208 4923
1209 4922
1210 4922
1211 4921
1212 4921
1213 4920
1214 4919
1215 4919
1215 4918
1216 4917
1217 4917
1218 4916
1219 4915
1220 4915
1221 4914
1222 4913
1223 4913
1224 4913
1225 4912
1226 4912
1227 4912
1228 4912
1229 4912
1230 4912
1231 4911
1232 4911
1233 4910
1234 4910
1235 4909
1236 4909
1237 4908
1238 4908
1239 4907
1240 4907
1241 4906
1242 4905
1243 4904
1243 4903
1244 4902
1244 4901
1245 4900
1245 4899
1245 4898
1245 4897
1246 4896
1246 4895
1246 4894
1246 4893
1246 4892
1246 4891
1246 4890
1246 4889
1246 4888
1246 4887
1246 4886
1246 4885
1246 4884
1246 4883
1246 4882
1246 4881
1245 4880
1245 4879
1245 4878
1245 4877
1244 4876
1244 4875
1244 4874
1244 4873
1244 4872
1244 4871
1244 4870
1244 4869
1244 4868
1244 4867
1244 4866
1244 4865
1244 4864
1244 4863
1243 4862
1243 4861
1243 4860
1243 4859
1242 4858
1241 4857
1240 4856
1239 4855
1239 4854
1238 4854
1237 4853
1237 4852
1236 4852
1235 4851
1235 4850
1234 4850
1233 4849
1233 4848
1232 4847
1231 4846
1231 4845
1230 4844
1229 4843
1228 4842
1227 4841
1227 4840
1226 4839
1225 4838
1225 4837
1224 4836
1223 4835
1223 4834
1223 4833
1222 4832
1221 4831
1220 4830
1219 4829
1219 4828
1218 4828
1217 4827
1217 4826
1216 4826
1215 4825
1215 4824
1214 4824
1213 4823
1213 4822
1212 4821
1211 4820
1211 4819
1210 4818
1209 4817
1208 4816
1207 4815
1207 4814
1206 4814
1205 4813
1205 4812
1204 4812
1203 4811
1203 4810
1202 4810
1201 4809
1201 4808
1200 4808
1199 4807
1198 4806
1197 4805
1196 4804
1195 4804
1194 4803
1193 4802
1192 4802
1191 4801
1191 4800
1190 4800
1189 4799
1188 4798
1187 4797
1186 4796
1185 4796
1184 4796
1183 4796
1182 4795
1181 4795
1180 4795
1179 4795
1178 4795
1177 4795
1176 4795
1175 4795
1174 4794
1173 4794
1172 4794
1171 4794
1170 4793
1169 4793
1168 4792
1167 4792
1166 4792
1165 4791
1164 4790
1163 4790
1162 4789
1161 4788
1160 4788
1159 4787
1159 4786
1158 4786
1157 4785
1156 4784
1155 4784
1154 4783
1153 4783
1152 4782
1151 4782
1150 4782
1149 4782
1148 4781
1147 4781
1146 4780
1145 4780
1144 4780
1143 4779
1142 4778
1141 4778
1140 4778
1139 4778
1138 4777
1137 4777
1136 4777
1135 4777
1134 4777
1133 4777
1132 4777
1131 4777
1130 4777
1129 4777
1128 4777
1127 4777
1126 4777
1125 4777
1124 4777
1123 4777
1122 4776
1121 4776
1120 4776
1119 4776
1118 4775
1117 4775
1116 4774
1115 4774
1114 4774
1113 4774
1112 4773
1111 4773
1110 4772
1109 4772
1108 4772
1107 4771
1106 4770
1105 4770
1104 4769
1103 4769
1102 4768
1101 4768
1100 4767
1099 4767
1098 4767
1097 4767
1096 4766
1095 4766
1094 4766
1093 4766
1092 4765
1091 4765
1090 4764
1089 4764
1088 4764
1087 4764
1086 4763
1085 4763
1084 4763
1083 4763
1082 4762
1081 4762
1080 4762
1079 4762
1078 4761
1077 4761
1076 4760
1075 4760
1074 4759
1073 4759
1072 4758
1071 4758
1070 4757
1069 4757
1068 4757
1067 4757
1066 4756
1065 4756
1064 4755
1063 4755
1062 4754
1061 4754
1060 4753
1059 4753
1058 4752
1057 4752
1056 4751
1055 4751
1054 4750
1053 4750
1052 4749
1051 4749
1050 4748
1049 4748
1048 4748
1047 4747
1046 4746
1045 4746
1044 4745
1043 4744
1042 4744
1041 4743
1041 4742
1040 4742
1039 4741
1039 4740
1038 4740
1037 4739
1036 4738
1035 4738
1034 4737
1033 4737
1032 4737
1031 4737
1030 4737
1029 4737
1028 4737
1027 4737
1026 4736
1025 4736
1024 4736
1023 4735
1022 4734
1021 4734
1020 4734
1019 4733
1018 4732
1017 4732
1016 4731
1015 4730
1014 4730
1013 4729
1013 4728
1012 4728
1011 4727
1010 4726
1009 4725
1008 4724
1007 4724
1006 4723
1005 4723
1004 4722
1003 4722
1002 4721
1001 4721
1000 4720
999 4720
998 4719
997 4718
996 4718
995 4717
995 4716
994 4716
993 4715
992 4714
991 4714
990 4713
989 4713
988 4713
987 4713
986 4712
985 4712
984 4712
983 4712
982 4711
981 4711
980 4711
979 4711
978 4710
977 4710
976 4709
975 4709
974 4708
973 4707
972 4706
971 4706
970 4706
969 4706
968 4705
967 4705
966 4704
965 4704
964 4704
963 4704
962 4703
961 4703
960 4703
959 4703
958 4703
957 4703
956 4703
955 4703
954 4702
953 4702
952 4701
951 4700
950 4700
949 4699
949 4698
948 4698
947 4697
946 4696
945 4696
944 4695
943 4695
942 4695
941 4695
940 4694
939 4694
938 4693
937 4693
936 4692
935 4692
934 4691
933 4691
932 4690
931 4690
930 4689
929 4689
928 4688
927 4687
926 4686
925 4686
924 4686
923 4686
922 4685
921 4685
920 4685
919 4685
918 4685
917 4685
916 4685
915 4685
914 4685
913 4685
912 4685
911 4685
910 4685
909 4685
908 4685
907 4685
906 4684
905 4684
904 4683
903 4683
902 4682
901 4682
900 4681
899 4681
898 4681
897 4681
896 4681
895 4681
894 4681
893 4681
892 4681
891 4681
890 4681
889 4681
