321 4597
320 4598
319 4598
318 4598
317 4598
316 4599
315 4599
314 4599
313 4599
312 4599
311 4599
310 4599
309 4599
308 4600
307 4600
306 4601
305 4601
304 4602
303 4602
302 4603
301 4604
300 4605
300 4606
299 4607
299 4608
299 4609
299 4610
299 4611
299 4612
299 4613
299 4614
300 4615
300 4616
301 4617
301 4618
302 4619
302 4620
303 4621
303 4622
304 4623
304 4624
304 4625
304 4626
305 4627
305 4628
305 4629
305 4630
306 4631
306 4632
306 4633
306 4634
307 4635
308 4636
308 4637
308 4638
309 4639
310 4640
310 4641
310 4642
311 4643
311 4644
312 4645
312 4646
313 4647
314 4648
314 4649
315 4650
316 4651
316 4652
317 4653
318 4654
318 4655
318 4656
319 4657
319 4658
319 4659
319 4660
319 4661
319 4662
320 4663
320 4664
320 4665
320 4666
321 4667
322 4668
323 4669
324 4670
324 4671
325 4671
326 4672
326 4673
327 4673
328 4674
328 4675
329 4676
330 4677
330 4678
331 4679
332 4680
332 4681
332 4682
333 4683
333 4684
333 4685
333 4686
334 4687
334 4688
335 4689
335 4690
336 4691
336 4692
337 4693
337 4694
338 4695
338 4696
338 4697
338 4698
339 4699
340 4700
341 4701
341 4702
342 4703
342 4704
343 4705
344 4706
344 4707
344 4708
345 4709
346 4710
347 4711
347 4712
348 4713
348 4714
349 4715
350 4716
351 4717
352 4718
352 4719
353 4719
354 4720
354 4721
355 4721
356 4722
357 4723
358 4723
359 4724
360 4724
361 4724
362 4724
363 4724
364 4724
365 4725
366 4725
367 4725
368 4725
369 4726
370 4726
371 4726
372 4726
373 4726
374 4726
375 4727
376 4727
377 4727
378 4727
379 4728
380 4728
381 4728
382 4728
383 4728
384 4728
385 4728
386 4728
387 4729
388 4729
389 4729
390 4729
391 4730
392 4730
393 4730
394 4730
395 4730
396 4730
397 4730
398 4730
399 4730
400 4730
401 4730
402 4730
403 4730
404 4730
405 4730
406 4730
407 4730
408 4730
409 4730
410 4730
411 4730
412 4730
413 4730
414 4730
415 4730
416 4730
417 4730
418 4730
419 4731
420 4731
421 4732
422 4732
423 4733
424 4733
425 4734
426 4734
427 4734
428 4734
429 4734
430 4734
431 4733
432 4733
433 4733
434 4733
435 4732
436 4732
437 4732
438 4732
439 4732
440 4732
441 4732
442 4732
443 4732
444 4732
445 4732
446 4732
447 4732
448 4732
449 4732
450 4732
451 4732
452 4732
453 4732
454 4732
455 4732
456 4732
457 4732
458 4732
459 4732
460 4732
461 4731
462 4731
463 4730
464 4729
465 4729
465 4728
466 4727
467 4727
467 4726
468 4725
469 4725
469 4724
470 4723
471 4723
471 4722
472 4721
473 4721
473 4720
474 4719
475 4719
475 4718
476 4717
477 4717
477 4716
478 4715
479 4714
479 4713
480 4712
480 4711
480 4710
480 4709
481 4708
481 4707
482 4706
483 4705
483 4704
484 4703
485 4703
485 4702
486 4701
487 4700
487 4699
488 4698
488 4697
489 4696
489 4695
490 4694
491 4693
491 4692
492 4691
493 4690
493 4689
494 4688
494 4687
494 4686
494 4685
495 4684
495 4683
495 4682
495 4681
496 4680
496 4679
496 4678
496 4677
496 4676
496 4675
496 4674
496 4673
496 4672
496 4671
496 4670
496 4669
495 4668
495 4667
495 4666
495 4665
494 4664
493 4663
493 4662
493 4661
492 4660
492 4659
492 4658
492 4657
492 4656
492 4655
492 4654
492 4653
491 4652
491 4651
491 4650
491 4649
490 4648
490 4647
489 4646
489 4645
489 4644
489 4643
488 4642
488 4641
487 4640
487 4639
486 4638
485 4637
485 4636
484 4636
483 4635
483 4634
482 4634
481 4633
481 4632
480 4632
479 4631
479 4630
478 4630
477 4629
477 4628
476 4628
475 4627
475 4626
474 4626
473 4625
473 4624
472 4624
471 4623
471 4622
470 4622
469 4621
469 4620
468 4620
467 4619
467 4618
466 4618
465 4617
465 4616
464 4616
463 4615
462 4614
461 4614
460 4613
459 4613
458 4613
457 4613
456 4612
455 4612
454 4612
453 4612
452 4611
451 4611
450 4610
449 4610
448 4610
447 4610
446 4609
445 4609
444 4608
443 4608
442 4608
441 4608
440 4607
439 4607
438 4607
437 4607
436 4607
435 4607
434 4607
433 4607
432 4607
431 4607
430 4607
429 4607
428 4607
427 4607
426 4607
425 4607
424 4607
423 4607
422 4607
421 4607
420 4607
419 4607
418 4607
417 4607
416 4607
415 4607
414 4607
413 4607
412 4606
411 4606
410 4606
409 4606
408 4605
407 4605
406 4605
405 4605
404 4605
403 4605
402 4605
401 4605
400 4605
399 4605
398 4605
397 4605
396 4605
395 4605
394 4605
393 4605
392 4605
391 4605
390 4605
389 4605
388 4605
387 4605
386 4605
385 4605
384 4604
383 4604
382 4604
381 4604
380 4603
379 4603
378 4603
377 4603
376 4603
375 4603
374 4602
373 4602
372 4602
371 4602
370 4601
369 4601
368 4601
367 4601
366 4601
365 4601
364 4601
363 4601
362 4601
361 4601
360 4600
359 4600
358 4600
357 4600
356 4599
355 4599
354 4599
353 4599
352 4599
351 4599
350 4599
349 4599
348 4599
347 4599
346 4599
345 4599
344 4598
343 4598
342 4598
341 4598
340 4597
339 4597
338 4597
337 4597
336 4597
335 4597
334 4597
333 4597
332 4597
331 4597
330 4597
329 4597
328 4597
327 4597
326 4597
325 4597
324 4597
323 4597
322 4597
321 4597
