1017 2351
1016 2352
1015 2352
1014 2352
1013 2352
1012 2353
1011 2353
1010 2353
1009 2353
1008 2353
1007 2353
1006 2353
1005 2353
1004 2353
1003 2353
1002 2353
1001 2353
1000 2353
999 2353
998 2354
997 2354
996 2354
995 2354
994 2355
993 2355
992 2356
991 2356
990 2357
989 2357
988 2358
987 2358
986 2359
985 2359
984 2359
983 2359
982 2359
981 2359
980 2360
979 2360
978 2360
977 2360
976 2361
975 2361
974 2361
973 2361
972 2361
971 2361
970 2362
969 2361
968 2361
967 2361
966 2361
965 2361
964 2361
963 2361
962 2360
961 2360
960 2360
959 2360
958 2360
957 2360
956 2360
955 2360
954 2360
953 2360
952 2360
951 2360
950 2360
949 2360
948 2360
947 2360
946 2360
945 2360
944 2360
943 2360
942 2360
941 2360
940 2360
939 2360
938 2360
937 2360
936 2360
935 2360
934 2360
933 2360
932 2360
931 2360
930 2360
929 2360
928 2360
927 2360
926 2360
925 2360
924 2360
923 2360
922 2360
921 2360
920 2360
919 2361
918 2361
917 2361
916 2361
915 2361
914 2361
913 2361
912 2361
911 2361
910 2361
909 2361
908 2361
907 2361
906 2361
905 2361
904 2361
903 2361
902 2361
901 2361
900 2361
899 2361
898 2361
897 2361
896 2361
895 2361
894 2361
893 2361
892 2361
891 2361
890 2361
889 2361
888 2361
887 2361
886 2361
885 2361
884 2361
883 2361
882 2361
881 2361
880 2361
879 2361
878 2362
877 2362
876 2362
875 2362
874 2363
873 2363
872 2363
871 2363
870 2363
869 2363
868 2364
867 2364
866 2364
865 2364
864 2365
863 2366
862 2367
861 2368
860 2368
860 2369
859 2370
858 2370
857 2371
856 2372
855 2372
854 2373
853 2374
852 2375
851 2376
850 2376
850 2377
849 2378
848 2378
847 2379
846 2380
845 2380
844 2381
843 2382
842 2383
841 2384
840 2385
839 2386
838 2387
838 2388
837 2389
836 2390
836 2391
835 2392
834 2392
834 2393
833 2394
832 2395
831 2396
830 2397
830 2398
830 2399
829 2400
828 2401
828 2402
827 2403
827 2404
826 2405
825 2406
824 2407
824 2408
823 2409
822 2410
822 2411
821 2412
820 2413
819 2414
818 2415
818 2416
817 2417
816 2418
816 2419
815 2420
814 2420
814 2421
813 2422
812 2422
812 2423
811 2424
810 2425
809 2426
808 2427
808 2428
807 2429
806 2430
806 2431
805 2432
804 2432
804 2433
803 2434
802 2435
801 2436
800 2437
800 2438
799 2439
798 2440
798 2441
797 2442
796 2443
795 2444
794 2445
794 2446
793 2447
792 2448
792 2449
791 2450
790 2451
789 2452
788 2453
788 2454
787 2455
786 2456
786 2457
785 2458
784 2459
783 2460
782 2461
782 2462
781 2463
781 2464
780 2465
780 2466
779 2467
779 2468
779 2469
779 2470
780 2471
780 2472
780 2473
780 2474
781 2475
782 2476
782 2477
782 2478
783 2479
784 2480
784 2481
784 2482
785 2483
786 2484
786 2485
786 2486
787 2487
787 2488
788 2489
788 2490
788 2491
788 2492
789 2493
789 2494
789 2495
789 2496
789 2497
789 2498
789 2499
789 2500
789 2501
789 2502
789 2503
789 2504
789 2505
789 2506
789 2507
789 2508
788 2509
788 2510
788 2511
788 2512
787 2513
787 2514
786 2515
786 2516
786 2517
785 2518
784 2519
784 2520
783 2521
782 2522
782 2523
781 2524
780 2524
780 2525
779 2526
778 2526
777 2527
776 2528
775 2528
774 2529
773 2530
772 2531
771 2531
770 2532
769 2532
768 2533
767 2533
766 2534
765 2534
764 2535
763 2536
762 2536
762 2537
761 2538
760 2539
760 2540
759 2541
759 2542
759 2543
759 2544
758 2545
758 2546
758 2547
757 2548
756 2549
756 2550
755 2551
754 2552
754 2553
753 2554
752 2555
752 2556
751 2557
751 2558
751 2559
751 2560
752 2561
752 2562
753 2563
754 2563
755 2564
756 2564
757 2564
758 2564
759 2564
760 2564
761 2564
762 2564
763 2564
764 2564
765 2564
766 2564
767 2564
768 2564
769 2564
770 2564
771 2564
772 2564
773 2565
774 2565
775 2565
776 2565
777 2566
778 2566
779 2566
780 2566
781 2566
782 2566
783 2566
784 2566
785 2566
786 2566
787 2566
788 2566
789 2566
790 2566
791 2566
792 2566
793 2566
794 2566
795 2566
796 2566
797 2566
798 2566
799 2566
800 2566
801 2566
802 2566
803 2566
804 2566
805 2566
806 2566
807 2566
808 2566
809 2566
810 2566
811 2566
812 2566
813 2566
814 2566
815 2566
816 2566
817 2566
818 2566
819 2566
820 2566
821 2566
822 2566
823 2566
824 2566
825 2566
826 2566
827 2566
828 2566
829 2566
830 2566
831 2566
832 2566
833 2566
834 2566
835 2566
836 2566
837 2566
838 2566
839 2565
840 2565
841 2565
842 2565
843 2564
844 2564
845 2564
846 2564
847 2564
848 2564
849 2564
850 2564
851 2564
852 2564
853 2564
854 2564
855 2564
856 2564
857 2564
858 2564
859 2564
860 2564
861 2564
862 2564
863 2564
864 2564
865 2564
866 2564
867 2564
868 2564
869 2564
870 2564
871 2564
872 2564
873 2564
874 2564
875 2564
876 2564
877 2564
878 2564
879 2564
880 2564
881 2564
882 2564
883 2564
884 2564
885 2564
886 2564
887 2563
888 2563
889 2563
890 2563
891 2562
892 2562
893 2562
894 2562
895 2562
896 2562
897 2562
898 2562
899 2562
900 2562
901 2562
902 2562
903 2562
904 2562
905 2562
906 2562
907 2561
908 2561
909 2561
910 2561
911 2560
912 2560
913 2560
914 2560
915 2560
916 2560
917 2560
918 2560
919 2560
920 2560
921 2560
922 2560
923 2559
924 2559
925 2559
926 2559
927 2558
928 2558
929 2558
930 2558
931 2558
932 2558
933 2558
934 2558
935 2558
936 2558
937 2558
938 2558
939 2558
940 2558
941 2558
942 2558
943 2558
944 2558
945 2558
946 2558
947 2558
948 2558
949 2558
950 2558
951 2559
952 2559
953 2559
954 2559
955 2560
956 2560
957 2560
958 2560
959 2560
960 2560
961 2560
962 2560
963 2560
964 2560
965 2560
966 2560
967 2560
968 2560
969 2560
970 2560
971 2560
972 2560
973 2560
974 2560
975 2560
976 2560
977 2560
978 2560
979 2560
980 2560
981 2560
982 2560
983 2560
984 2560
985 2560
986 2560
987 2560
988 2560
989 2561
990 2561
991 2561
992 2561
993 2562
994 2562
995 2562
996 2562
997 2562
998 2562
999 2562
1000 2562
1001 2562
1002 2562
1003 2562
1004 2562
1005 2562
1006 2562
1007 2562
1008 2562
1009 2562
1010 2562
1011 2562
1012 2562
1013 2562
1014 2562
1015 2562
1016 2562
1017 2562
1018 2562
1019 2562
1020 2562
1021 2562
1022 2562
1023 2562
1024 2562
1025 2562
1026 2562
1027 2562
1028 2562
1029 2562
1030 2562
1031 2562
1032 2562
1033 2562
1034 2562
1035 2562
1036 2562
1037 2562
1038 2562
1039 2562
1040 2562
1041 2562
1042 2562
1043 2562
1044 2562
1045 2562
1046 2562
1047 2562
1048 2562
1049 2562
1050 2562
1051 2562
1052 2562
1053 2562
1054 2562
1055 2562
1056 2562
1057 2562
1058 2562
1059 2562
1060 2562
1061 2562
1062 2562
1063 2562
1064 2562
1065 2562
1066 2562
1067 2562
1068 2562
1069 2562
1070 2562
1071 2562
1072 2562
1073 2562
1074 2562
1075 2562
1076 2562
1077 2562
1078 2562
1079 2561
1080 2561
1081 2560
1082 2560
1083 2559
1084 2559
1085 2558
1086 2558
1087 2557
1088 2557
1089 2557
1090 2557
1091 2556
1092 2556
1093 2556
1094 2556
1095 2556
1096 2556
1097 2556
1098 2556
1099 2556
1100 2556
1101 2556
1102 2556
1103 2557
1104 2557
1105 2557
1106 2557
1107 2558
1108 2558
1109 2558
1110 2558
1111 2557
1112 2557
1113 2556
1114 2555
1115 2555
1116 2554
1117 2553
1118 2553
1119 2552
1120 2552
1121 2551
1122 2551
1123 2551
1124 2551
1125 2550
1126 2550
1127 2550
1128 2550
1129 2550
1130 2550
1131 2549
1132 2549
1133 2548
1134 2547
1135 2546
1135 2545
1135 2544
1136 2543
1137 2542
1137 2541
1137 2540
1138 2539
1139 2538
1139 2537
1140 2536
1141 2535
1141 2534
1142 2533
1143 2533
1143 2532
1144 2531
1145 2531
1146 2530
1147 2529
1148 2529
1149 2528
1150 2528
1151 2527
1152 2527
1153 2527
1154 2527
1155 2526
1156 2526
1157 2526
1158 2526
1159 2525
1160 2525
1161 2525
1162 2525
1163 2524
1164 2524
1165 2524
1166 2524
1167 2523
1168 2523
1169 2522
1170 2522
1171 2521
1172 2521
1173 2520
1174 2519
1175 2518
1176 2518
1177 2517
1178 2517
1179 2516
1180 2515
1181 2514
1182 2514
1183 2513
1184 2513
1185 2512
1186 2512
1187 2511
1188 2511
1189 2510
1190 2509
1191 2508
1191 2507
1192 2506
1192 2505
1193 2504
1194 2503
1195 2502
1195 2501
1195 2500
1196 2499
1197 2498
1197 2497
1197 2496
1197 2495
1198 2494
1198 2493
1199 2492
1199 2491
1199 2490
1199 2489
1200 2488
1200 2487
1200 2486
1200 2485
1201 2484
1201 2483
1201 2482
1202 2481
1203 2480
1203 2479
1203 2478
1203 2477
1204 2476
1204 2475
1204 2474
1204 2473
1204 2472
1204 2471
1205 2470
1205 2469
1205 2468
1205 2467
1206 2466
1206 2465
1206 2464
1206 2463
1206 2462
1206 2461
1206 2460
1206 2459
1206 2458
1206 2457
1206 2456
1206 2455
1206 2454
1206 2453
1206 2452
1206 2451
1205 2450
1205 2449
1204 2448
1204 2447
1203 2446
1203 2445
1202 2444
1202 2443
1202 2442
1202 2441
1203 2440
1203 2439
1203 2438
1203 2437
1204 2436
1204 2435
1204 2434
1204 2433
1205 2432
1205 2431
1205 2430
1206 2429
1207 2428
1207 2427
1207 2426
1207 2425
1208 2424
1208 2423
1208 2422
1208 2421
1208 2420
1208 2419
1208 2418
1208 2417
1207 2416
1207 2415
1206 2414
1205 2413
1205 2412
1204 2411
1203 2410
1203 2409
1202 2408
1201 2407
1200 2406
1199 2405
1199 2404
1198 2404
1197 2403
1197 2402
1196 2402
1195 2401
1195 2400
1194 2400
1193 2399
1193 2398
1192 2398
1191 2397
1191 2396
1190 2396
1189 2395
1189 2394
1188 2394
1187 2393
1187 2392
1186 2392
1185 2391
1185 2390
1184 2390
1183 2389
1183 2388
1182 2388
1181 2387
1181 2386
1180 2386
1179 2385
1179 2384
1178 2384
1177 2383
1177 2382
1176 2382
1175 2381
1174 2380
1173 2379
1172 2378
1171 2378
1170 2378
1169 2377
1168 2376
1167 2376
1166 2376
1165 2376
1164 2375
1163 2375
1162 2374
1161 2374
1160 2374
1159 2373
1158 2372
1157 2372
1156 2372
1155 2372
1154 2371
1153 2371
1152 2370
1151 2370
1150 2370
1149 2369
1148 2368
1147 2368
1146 2368
1145 2368
1144 2367
1143 2367
1142 2367
1141 2367
1140 2367
1139 2367
1138 2366
1137 2366
1136 2366
1135 2366
1134 2365
1133 2365
1132 2364
1131 2364
1130 2364
1129 2364
1128 2363
1127 2363
1126 2363
1125 2363
1124 2362
1123 2362
1122 2362
1121 2362
1120 2361
1119 2361
1118 2361
1117 2361
1116 2360
1115 2360
1114 2360
1113 2360
1112 2359
1111 2359
1110 2359
1109 2359
1108 2359
1107 2359
1106 2359
1105 2359
1104 2359
1103 2359
1102 2359
1101 2359
1100 2359
1099 2359
1098 2359
1097 2359
1096 2359
1095 2359
1094 2359
1093 2359
1092 2359
1091 2359
1090 2359
1089 2359
1088 2359
1087 2359
1086 2359
1085 2359
1084 2359
1083 2359
1082 2358
1081 2358
1080 2357
1079 2357
1078 2356
1077 2356
1076 2355
1075 2355
1074 2355
1073 2355
1072 2355
1071 2355
1070 2355
1069 2355
1068 2355
1067 2355
1066 2354
1065 2354
1064 2354
1063 2354
1062 2353
1061 2353
1060 2353
1059 2353
1058 2353
1057 2353
1056 2353
1055 2353
1054 2353
1053 2353
1052 2353
1051 2353
1050 2353
1049 2353
1048 2353
1047 2353
1046 2353
1045 2353
1044 2353
1043 2353
1042 2353
1041 2353
1040 2352
1039 2352
1038 2352
1037 2352
1036 2351
1035 2351
1034 2351
1033 2351
1032 2351
1031 2351
1030 2351
1029 2351
1028 2351
1027 2351
1026 2351
1025 2351
1024 2351
1023 2351
1022 2351
1021 2351
1020 2351
1019 2351
1018 2351
1017 2351
