1149 2215
1148 2216
1147 2216
1146 2217
1145 2218
1144 2218
1144 2219
1143 2220
1142 2220
1141 2221
1140 2222
1139 2222
1138 2223
1137 2224
1136 2225
1136 2226
1135 2227
1135 2228
1134 2229
1134 2230
1134 2231
1134 2232
1133 2233
1133 2234
1133 2235
1133 2236
1133 2237
1133 2238
1133 2239
1133 2240
1132 2241
1132 2242
1131 2243
1131 2244
1130 2245
1129 2246
1128 2247
1128 2248
1128 2249
1127 2250
1126 2251
1126 2252
1125 2253
1125 2254
1124 2255
1123 2256
1122 2257
1122 2258
1121 2259
1121 2260
1120 2261
1119 2262
1118 2263
1118 2264
1117 2265
1116 2266
1116 2267
1115 2268
1114 2268
1114 2269
1113 2270
1112 2270
1112 2271
1111 2272
1110 2272
1110 2273
1109 2274
1108 2274
1108 2275
1107 2276
1106 2277
1105 2278
1104 2279
1103 2280
1102 2281
1101 2282
1100 2282
1099 2282
1098 2283
1097 2284
1096 2285
1095 2286
1094 2286
1093 2287
1092 2288
1091 2288
1090 2289
1089 2290
1088 2291
1087 2291
1086 2292
1085 2292
1084 2293
1083 2293
1082 2293
1081 2293
1080 2294
1079 2294
1078 2294
1077 2294
1076 2295
1075 2296
1074 2296
1073 2296
1072 2297
1071 2297
1070 2297
1069 2297
1068 2298
1067 2298
1066 2298
1065 2298
1064 2299
1063 2299
1062 2299
1061 2299
1060 2300
1059 2300
1058 2300
1057 2300
1056 2301
1055 2301
1054 2301
1053 2301
1052 2301
1051 2301
1050 2301
1049 2301
1048 2300
1047 2300
1046 2300
1045 2300
1044 2299
1043 2299
1042 2298
1041 2297
1040 2296
1039 2295
1038 2294
1037 2293
1036 2292
1035 2292
1034 2291
1033 2290
1032 2290
1031 2289
1031 2288
1030 2288
1029 2287
1029 2286
1028 2286
1027 2285
1027 2284
1026 2284
1025 2283
1025 2282
1024 2282
1023 2281
1023 2280
1022 2280
1021 2279
1020 2278
1019 2277
1018 2276
1017 2276
1016 2275
1015 2275
1014 2274
1013 2273
1012 2272
1011 2272
1010 2272
1009 2272
1008 2271
1007 2271
1006 2271
1005 2271
1004 2271
1003 2271
1002 2271
1001 2271
1000 2271
999 2271
998 2271
997 2271
996 2271
995 2271
994 2271
993 2271
992 2271
991 2271
990 2271
989 2271
988 2270
987 2270
986 2269
985 2268
984 2268
983 2267
982 2266
981 2266
980 2265
979 2265
978 2264
977 2264
976 2264
975 2263
974 2262
973 2262
972 2262
971 2261
970 2260
969 2260
968 2260
967 2259
966 2258
965 2258
964 2258
963 2258
962 2258
961 2258
960 2258
959 2258
958 2259
957 2259
956 2259
955 2259
954 2259
953 2259
952 2259
951 2259
950 2259
949 2259
948 2258
947 2258
946 2258
945 2258
944 2257
943 2257
942 2256
941 2256
940 2256
939 2255
938 2254
937 2254
936 2254
935 2253
934 2252
933 2252
932 2252
931 2252
930 2251
929 2251
928 2251
927 2251
926 2251
925 2251
924 2251
923 2251
922 2251
921 2251
920 2252
919 2252
918 2252
917 2252
916 2253
915 2253
914 2253
913 2253
912 2252
911 2252
910 2252
909 2252
908 2251
907 2251
906 2251
905 2251
904 2251
903 2251
902 2251
901 2251
900 2252
899 2252
898 2252
897 2252
896 2253
895 2253
894 2253
893 2253
892 2254
891 2254
890 2255
890 2256
889 2257
889 2258
888 2259
888 2260
888 2261
888 2262
887 2263
887 2264
887 2265
887 2266
887 2267
887 2268
887 2269
887 2270
887 2271
887 2272
886 2273
886 2274
885 2275
884 2276
884 2277
883 2278
882 2278
882 2279
881 2280
880 2280
880 2281
879 2282
878 2282
878 2283
877 2284
876 2285
875 2286
874 2287
874 2288
873 2289
872 2290
872 2291
871 2292
870 2293
869 2294
868 2295
868 2296
867 2297
866 2298
866 2299
865 2300
864 2300
864 2301
863 2302
862 2302
862 2303
861 2304
860 2304
860 2305
859 2306
858 2307
858 2308
857 2309
857 2310
856 2311
856 2312
856 2313
855 2314
854 2315
854 2316
853 2317
852 2318
851 2318
850 2319
849 2320
848 2321
847 2322
846 2322
846 2323
845 2324
844 2324
844 2325
843 2326
842 2326
841 2327
840 2328
839 2328
838 2329
837 2330
836 2331
835 2332
834 2333
834 2334
834 2335
833 2336
832 2337
832 2338
832 2339
832 2340
831 2341
831 2342
831 2343
831 2344
831 2345
831 2346
831 2347
831 2348
831 2349
831 2350
832 2351
832 2352
833 2353
834 2354
834 2355
835 2355
836 2356
836 2357
837 2357
838 2358
838 2359
839 2359
840 2360
840 2361
841 2361
842 2362
842 2363
843 2364
844 2365
844 2366
845 2367
845 2368
845 2369
845 2370
846 2371
846 2372
846 2373
846 2374
847 2375
848 2376
848 2377
848 2378
849 2379
850 2380
850 2381
850 2382
851 2383
852 2384
853 2385
854 2386
854 2387
855 2387
856 2388
857 2389
858 2390
859 2391
860 2391
861 2391
862 2391
863 2392
864 2392
865 2392
866 2392
867 2393
868 2393
869 2393
870 2393
871 2394
872 2394
873 2394
874 2394
875 2394
876 2394
877 2394
878 2394
879 2394
880 2394
881 2395
882 2395
883 2395
884 2396
885 2397
886 2397
887 2397
888 2397
889 2398
890 2398
891 2398
892 2398
893 2398
894 2398
895 2398
896 2398
897 2398
898 2398
899 2398
900 2398
901 2398
902 2398
903 2398
904 2398
905 2397
906 2397
907 2396
908 2396
909 2395
910 2395
911 2394
912 2394
913 2395
914 2396
915 2397
916 2398
917 2399
918 2399
919 2400
920 2400
921 2400
922 2400
923 2401
924 2401
925 2402
926 2402
927 2403
928 2403
929 2404
930 2404
931 2404
932 2404
933 2404
934 2404
935 2405
936 2405
937 2406
938 2406
939 2407
940 2407
941 2408
942 2408
943 2408
944 2408
945 2408
946 2408
947 2408
948 2408
949 2408
950 2408
951 2409
952 2409
953 2409
954 2409
955 2410
956 2410
957 2410
958 2410
959 2410
960 2410
961 2410
962 2410
963 2410
964 2410
965 2410
966 2410
967 2410
968 2410
969 2410
970 2410
971 2410
972 2410
973 2410
974 2410
975 2410
976 2410
977 2411
978 2411
979 2411
980 2412
981 2413
982 2413
983 2413
984 2413
985 2414
986 2414
987 2414
988 2414
989 2414
990 2414
991 2414
992 2414
993 2414
994 2414
995 2415
996 2415
997 2415
998 2415
999 2415
1000 2415
1001 2415
1002 2415
1003 2414
1004 2414
1005 2414
1006 2414
1007 2414
1008 2414
1009 2413
1010 2413
1011 2413
1012 2413
1013 2412
1014 2412
1015 2412
1016 2412
1017 2412
1018 2412
1019 2412
1020 2412
1021 2412
1022 2412
1023 2412
1024 2412
1025 2412
1026 2412
1027 2412
1028 2412
1029 2412
1030 2412
1031 2412
1032 2412
1033 2412
1034 2412
1035 2411
1036 2411
1037 2411
1038 2411
1039 2410
1040 2410
1041 2410
1042 2410
1043 2410
1044 2410
1045 2410
1046 2410
1047 2410
1048 2410
1049 2410
1050 2410
1051 2410
1052 2410
1053 2410
1054 2410
1055 2410
1056 2410
1057 2410
1058 2410
1059 2410
1060 2410
1061 2410
1062 2410
1063 2410
1064 2410
1065 2410
1066 2410
1067 2410
1068 2410
1069 2410
1070 2410
1071 2410
1072 2410
1073 2411
1074 2411
1075 2411
1076 2412
1077 2413
1078 2413
1079 2413
1080 2414
1081 2415
1082 2415
1083 2415
1084 2415
1085 2416
1086 2416
1087 2416
1088 2416
1089 2417
1090 2417
1091 2417
1092 2417
1093 2418
1094 2418
1095 2419
1096 2419
1097 2419
1098 2419
1099 2420
1100 2420
1101 2421
1102 2421
1103 2421
1104 2421
1105 2422
1106 2422
1107 2421
1108 2421
1109 2420
1110 2420
1111 2419
1112 2419
1113 2418
1114 2417
1115 2417
1116 2417
1117 2416
1118 2415
1119 2415
1120 2415
1121 2414
1122 2413
1123 2413
1124 2413
1125 2412
1126 2412
1127 2412
1128 2412
1129 2412
1130 2412
1131 2412
1132 2412
1133 2413
1134 2413
1135 2414
1136 2414
1137 2415
1138 2415
1139 2415
1140 2415
1141 2415
1142 2415
1143 2414
1144 2414
1145 2414
1146 2414
1147 2414
1148 2414
1149 2414
1150 2414
1151 2414
1152 2414
1153 2413
1154 2413
1155 2412
1156 2411
1157 2410
1158 2409
1159 2408
1160 2407
1161 2407
1162 2407
1163 2406
1164 2405
1165 2405
1166 2405
1167 2404
1168 2403
1169 2402
1170 2402
1171 2401
1172 2401
1173 2400
1174 2399
1175 2399
1176 2399
1177 2398
1178 2397
1179 2397
1180 2397
1181 2396
1182 2395
1183 2395
1184 2395
1185 2394
1186 2393
1187 2392
1188 2391
1189 2391
1189 2390
1190 2389
1191 2389
1191 2388
1192 2387
1193 2387
1193 2386
1194 2385
1195 2384
1195 2383
1196 2382
1196 2381
1196 2380
1196 2379
1196 2378
1196 2377
1196 2376
1196 2375
1196 2374
1196 2373
1196 2372
1196 2371
1196 2370
1196 2369
1196 2368
1196 2367
1196 2366
1196 2365
1197 2364
1197 2363
1197 2362
1197 2361
1198 2360
1198 2359
1199 2358
1199 2357
1199 2356
1199 2355
1200 2354
1200 2353
1201 2352
1201 2351
1202 2350
1203 2349
1204 2348
1205 2347
1206 2346
1207 2345
1208 2344
1208 2343
1209 2342
1209 2341
1210 2340
1210 2339
1210 2338
1210 2337
1210 2336
1210 2335
1211 2334
1211 2333
1211 2332
1211 2331
1212 2330
1212 2329
1212 2328
1212 2327
1212 2326
1212 2325
1212 2324
1212 2323
1212 2322
1212 2321
1212 2320
1212 2319
1212 2318
1212 2317
1212 2316
1212 2315
1212 2314
1212 2313
1212 2312
1212 2311
1212 2310
1212 2309
1212 2308
1212 2307
1211 2306
1211 2305
1211 2304
1211 2303
1210 2302
1210 2301
1210 2300
1210 2299
1210 2298
1210 2297
1210 2296
1210 2295
1210 2294
1210 2293
1210 2292
1210 2291
1210 2290
1210 2289
1210 2288
1210 2287
1209 2286
1209 2285
1209 2284
1209 2283
1208 2282
1208 2281
1208 2280
1208 2279
1208 2278
1208 2277
1208 2276
1208 2275
1208 2274
1208 2273
1209 2272
1209 2271
1209 2270
1209 2269
1209 2268
1209 2267
1208 2266
1208 2265
1207 2264
1207 2263
1206 2262
1206 2261
1205 2260
1205 2259
1206 2258
1206 2257
1206 2256
1207 2255
1207 2254
1208 2253
1209 2252
1209 2251
1210 2250
1210 2249
1210 2248
1210 2247
1210 2246
1210 2245
1209 2244
1209 2243
1208 2242
1207 2241
1207 2240
1206 2239
1205 2238
1205 2237
1204 2236
1203 2235
1202 2234
1201 2233
1200 2232
1199 2232
1198 2232
1197 2232
1196 2231
1195 2231
1194 2230
1193 2230
1192 2229
1191 2228
1190 2228
1189 2227
1189 2226
1188 2226
1187 2225
1187 2224
1186 2224
1185 2223
1184 2222
1183 2221
1182 2220
1181 2220
1180 2220
1179 2220
1178 2219
1177 2219
1176 2218
1175 2218
1174 2218
1173 2218
1172 2217
1171 2217
1170 2217
1169 2217
1168 2217
1167 2217
1166 2216
1165 2216
1164 2216
1163 2216
1162 2215
1161 2215
1160 2215
1159 2215
1158 2216
1157 2216
1156 2216
1155 2216
1154 2216
1153 2216
1152 2216
1151 2216
1150 2215
1149 2215
