1157 2825
1156 2826
1155 2826
1154 2826
1153 2826
1152 2827
1151 2827
1150 2828
1149 2828
1148 2828
1147 2828
1146 2829
1145 2829
1144 2829
1143 2829
1142 2829
1141 2829
1140 2829
1139 2829
1138 2830
1137 2830
1136 2831
1135 2831
1134 2832
1133 2832
1132 2833
1131 2834
1130 2834
1129 2834
1128 2835
1127 2835
1126 2835
1125 2835
1124 2835
1123 2835
1122 2836
1121 2836
1120 2836
1119 2836
1118 2837
1117 2837
1116 2838
1115 2838
1114 2839
1113 2840
1112 2841
1112 2842
1111 2843
1110 2844
1109 2844
1108 2845
1107 2845
1106 2845
1105 2845
1104 2845
1103 2845
1102 2845
1101 2845
1100 2846
1099 2846
1098 2846
1097 2846
1096 2847
1095 2848
1094 2849
1093 2850
1092 2851
1092 2852
1091 2853
1091 2854
1090 2855
1089 2856
1088 2857
1088 2858
1088 2859
1088 2860
1087 2861
1087 2862
1086 2863
1086 2864
1086 2865
1085 2866
1084 2867
1084 2868
1084 2869
1084 2870
1083 2871
1083 2872
1083 2873
1083 2874
1083 2875
1083 2876
1083 2877
1083 2878
1083 2879
1083 2880
1083 2881
1083 2882
1083 2883
1083 2884
1083 2885
1083 2886
1083 2887
1083 2888
1083 2889
1083 2890
1083 2891
1083 2892
1083 2893
1083 2894
1083 2895
1083 2896
1083 2897
1083 2898
1083 2899
1083 2900
1083 2901
1083 2902
1083 2903
1083 2904
1083 2905
1083 2906
1083 2907
1083 2908
1082 2909
1082 2910
1082 2911
1082 2912
1081 2913
1081 2914
1081 2915
1081 2916
1081 2917
1081 2918
1081 2919
1081 2920
1081 2921
1081 2922
1081 2923
1081 2924
1081 2925
1081 2926
1081 2927
1081 2928
1081 2929
1081 2930
1081 2931
1081 2932
1081 2933
1081 2934
1081 2935
1081 2936
1081 2937
1081 2938
1081 2939
1081 2940
1081 2941
1081 2942
1081 2943
1081 2944
1081 2945
1081 2946
1081 2947
1081 2948
1081 2949
1081 2950
1081 2951
1081 2952
1081 2953
1081 2954
1081 2955
1081 2956
1082 2957
1082 2958
1083 2959
1083 2960
1084 2961
1084 2962
1085 2963
1086 2964
1086 2965
1086 2966
1087 2967
1087 2968
1088 2969
1088 2970
1088 2971
1088 2972
1089 2973
1089 2974
1089 2975
1089 2976
1089 2977
1089 2978
1090 2979
1090 2980
1090 2981
1090 2982
1091 2983
1091 2984
1091 2985
1091 2986
1091 2987
1091 2988
1091 2989
1091 2990
1091 2991
1091 2992
1091 2993
1091 2994
1091 2995
1091 2996
1091 2997
1091 2998
1091 2999
1091 3000
1091 3001
1091 3002
1091 3003
1091 3004
1092 3005
1092 3006
1093 3007
1094 3008
1094 3009
1095 3009
1096 3010
1096 3011
1097 3011
1098 3012
1099 3013
1100 3014
1101 3015
1102 3015
1103 3016
1104 3017
1105 3017
1106 3018
1107 3019
1108 3020
1109 3021
1110 3021
1111 3022
1112 3022
1113 3023
1114 3024
1115 3025
1116 3026
1117 3027
1117 3028
1118 3029
1118 3030
1119 3031
1120 3032
1121 3033
1122 3034
1123 3035
1124 3035
1125 3036
1126 3037
1127 3038
1128 3039
1128 3040
1129 3041
1130 3042
1131 3043
1132 3043
1133 3044
1134 3044
1135 3045
1136 3045
1137 3045
1138 3046
1139 3047
1140 3047
1141 3047
1142 3047
1143 3048
1144 3048
1145 3048
1146 3048
1147 3048
1148 3048
1149 3048
1150 3048
1151 3048
1152 3048
1153 3047
1154 3047
1155 3047
1156 3047
1157 3046
1158 3046
1159 3046
1160 3046
1161 3046
1162 3046
1163 3046
1164 3046
1165 3047
1166 3047
1167 3047
1168 3047
1169 3048
1170 3048
1171 3049
1172 3049
1173 3049
1174 3049
1175 3050
1176 3050
1177 3050
1178 3050
1179 3050
1180 3050
1181 3050
1182 3050
1183 3050
1184 3050
1185 3050
1186 3050
1187 3051
1188 3051
1189 3051
1190 3051
1191 3052
1192 3052
1193 3052
1194 3052
1195 3052
1196 3052
1197 3052
1198 3052
1199 3052
1200 3052
1201 3052
1202 3052
1203 3052
1204 3052
1205 3052
1206 3052
1207 3052
1208 3052
1209 3052
1210 3052
1211 3051
1212 3051
1213 3051
1214 3051
1215 3050
1216 3049
1217 3048
1218 3047
1219 3047
1220 3046
1221 3045
1222 3045
1223 3044
1224 3044
1225 3044
1226 3044
1227 3043
1228 3043
1229 3043
1230 3043
1231 3042
1232 3041
1233 3041
1234 3041
1235 3040
1236 3039
1237 3038
1238 3038
1239 3037
1240 3037
1241 3036
1242 3036
1243 3036
1244 3036
1245 3035
1246 3035
1247 3034
1248 3033
1249 3033
1249 3032
1250 3031
1251 3031
1251 3030
1252 3029
1253 3028
1254 3027
1255 3026
1255 3025
1256 3024
1257 3023
1257 3022
1258 3021
1259 3021
1260 3020
1261 3019
1262 3019
1263 3018
1264 3017
1265 3016
1266 3015
1267 3015
1267 3014
1268 3013
1269 3013
1269 3012
1270 3011
1271 3011
1271 3010
1272 3009
1273 3009
1273 3008
1274 3007
1275 3006
1275 3005
1276 3004
1276 3003
1277 3002
1277 3001
1278 3000
1278 2999
1279 2998
1280 2997
1281 2996
1281 2995
1281 2994
1282 2993
1283 2992
1283 2991
1284 2990
1285 2989
1285 2988
1286 2987
1287 2986
1287 2985
1288 2984
1288 2983
1289 2982
1289 2981
1289 2980
1290 2979
1291 2978
1291 2977
1292 2976
1292 2975
1293 2974
1293 2973
1294 2972
1294 2971
1294 2970
1294 2969
1295 2968
1295 2967
1295 2966
1295 2965
1296 2964
1296 2963
1296 2962
1296 2961
1296 2960
1296 2959
1296 2958
1296 2957
1296 2956
1296 2955
1297 2954
1297 2953
1297 2952
1297 2951
1298 2950
1298 2949
1298 2948
1298 2947
1298 2946
1298 2945
1298 2944
1298 2943
1298 2942
1298 2941
1299 2940
1299 2939
1299 2938
1299 2937
1300 2936
1300 2935
1301 2934
1301 2933
1302 2932
1302 2931
1303 2930
1304 2929
1305 2928
1305 2927
1306 2926
1306 2925
1307 2924
1307 2923
1308 2922
1308 2921
1309 2920
1309 2919
1309 2918
1309 2917
1310 2916
1310 2915
1311 2914
1311 2913
1311 2912
1312 2911
1313 2910
1313 2909
1313 2908
1313 2907
1314 2906
1314 2905
1314 2904
1314 2903
1315 2902
1315 2901
1316 2900
1317 2899
1317 2898
1318 2897
1319 2896
1319 2895
1320 2894
1320 2893
1320 2892
1320 2891
1320 2890
1320 2889
1320 2888
1320 2887
1320 2886
1320 2885
1320 2884
1320 2883
1320 2882
1320 2881
1320 2880
1320 2879
1319 2878
1319 2877
1318 2876
1317 2875
1316 2874
1315 2873
1314 2872
1313 2872
1312 2871
1311 2871
1310 2870
1309 2870
1308 2869
1307 2869
1306 2868
1305 2868
1304 2867
1303 2867
1302 2866
1301 2865
1300 2864
1299 2864
1298 2863
1297 2863
1296 2862
1295 2862
1294 2861
1293 2861
1292 2860
1291 2860
1290 2859
1289 2859
1288 2858
1287 2858
1286 2857
1285 2857
1284 2856
1283 2856
1282 2856
1281 2856
1280 2855
1279 2855
1278 2854
1277 2854
1276 2854
1275 2853
1274 2852
1273 2852
1272 2851
1271 2851
1270 2850
1269 2850
1268 2849
1267 2849
1266 2849
1265 2849
1264 2849
1263 2849
1262 2849
1261 2849
1260 2848
1259 2848
1258 2847
1257 2847
1256 2846
1255 2846
1254 2845
1253 2845
1252 2844
1251 2844
1250 2844
1249 2844
1248 2843
1247 2843
1246 2842
1245 2842
1244 2842
1243 2842
1242 2841
1241 2841
1240 2841
1239 2841
1238 2841
1237 2841
1236 2841
1235 2841
1234 2841
1233 2841
1232 2841
1231 2841
1230 2840
1229 2840
1228 2840
1227 2840
1226 2839
1225 2839
1224 2839
1223 2839
1222 2839
1221 2839
1220 2839
1219 2839
1218 2839
1217 2839
1216 2838
1215 2838
1214 2838
1213 2838
1212 2837
1211 2837
1210 2837
1209 2837
1208 2837
1207 2837
1206 2837
1205 2837
1204 2837
1203 2837
1202 2837
1201 2837
1200 2836
1199 2836
1198 2836
1197 2835
1196 2834
1195 2834
1194 2833
1193 2832
1192 2832
1191 2831
1190 2830
1189 2830
1188 2829
1187 2829
1186 2828
1185 2828
1184 2827
1183 2827
1182 2826
1181 2826
1180 2825
1179 2825
1178 2825
1177 2825
1176 2825
1175 2825
1174 2826
1173 2826
1172 2826
1171 2826
1170 2826
1169 2826
1168 2826
1167 2826
1166 2825
1165 2825
1164 2825
1163 2825
1162 2825
1161 2825
1160 2825
1159 2825
1158 2825
1157 2825
