711 909
710 910
709 910
708 910
707 910
706 911
705 911
704 911
703 911
702 911
701 911
700 911
699 911
698 911
697 911
696 912
695 912
694 912
693 912
692 913
691 913
690 913
689 913
688 914
687 914
686 914
685 914
684 915
683 915
682 916
681 916
680 916
679 916
678 917
677 917
676 917
675 917
674 917
673 917
672 917
671 917
670 917
669 917
668 918
667 918
666 918
665 918
664 919
663 919
662 919
661 919
660 919
659 919
658 920
657 920
656 921
656 922
655 923
655 924
655 925
655 926
655 927
655 928
655 929
655 930
655 931
655 932
655 933
655 934
656 935
656 936
656 937
656 938
657 939
658 940
658 941
658 942
659 943
659 944
659 945
659 946
659 947
659 948
660 949
660 950
661 951
661 952
662 953
662 954
663 955
663 956
663 957
663 958
663 959
663 960
663 961
663 962
663 963
663 964
663 965
663 966
663 967
663 968
663 969
663 970
663 971
663 972
663 973
663 974
664 975
664 976
664 977
664 978
665 979
666 980
667 981
668 982
669 983
670 984
671 985
672 985
673 986
674 987
675 987
676 988
676 989
677 989
678 990
678 991
679 991
680 992
681 993
682 993
683 994
684 994
685 994
686 994
687 994
688 994
689 994
690 994
691 995
692 995
693 996
694 996
695 997
696 997
697 998
698 998
699 998
700 998
701 999
702 999
703 999
704 999
705 1000
706 1000
707 1000
708 1000
709 1001
710 1001
711 1001
712 1001
713 1002
714 1002
715 1003
716 1003
717 1004
718 1004
719 1005
720 1006
721 1007
722 1007
723 1008
724 1008
725 1009
726 1009
727 1010
728 1010
729 1011
730 1011
731 1011
732 1011
733 1012
734 1012
735 1012
736 1012
737 1012
738 1012
739 1012
740 1012
741 1012
742 1012
743 1013
744 1013
745 1013
746 1013
747 1014
748 1014
749 1014
750 1014
751 1014
752 1014
753 1015
754 1015
755 1015
756 1015
757 1016
758 1016
759 1015
760 1015
761 1014
762 1014
763 1013
764 1013
765 1012
766 1012
767 1011
768 1011
769 1011
770 1011
771 1010
772 1010
773 1010
774 1010
775 1010
776 1010
777 1010
778 1010
779 1010
780 1010
781 1011
782 1011
783 1011
784 1012
785 1013
786 1013
787 1013
788 1013
789 1014
790 1014
791 1014
792 1014
793 1014
794 1014
795 1014
796 1014
797 1013
798 1013
799 1013
800 1013
801 1012
802 1012
803 1012
804 1012
805 1012
806 1012
807 1012
808 1012
809 1012
810 1012
811 1012
812 1012
813 1012
814 1012
815 1012
816 1012
817 1012
818 1012
819 1012
820 1012
821 1012
822 1012
823 1011
824 1011
825 1011
826 1011
827 1010
828 1010
829 1010
830 1010
831 1010
832 1010
833 1010
834 1010
835 1010
836 1010
837 1010
838 1010
839 1010
840 1010
841 1010
842 1010
843 1010
844 1010
845 1010
846 1010
847 1009
848 1009
849 1009
850 1009
851 1008
852 1008
853 1008
854 1008
855 1008
856 1008
857 1007
858 1007
859 1007
860 1007
861 1006
862 1006
863 1006
864 1006
865 1006
866 1006
867 1006
868 1006
869 1006
870 1006
871 1006
872 1006
873 1005
874 1005
875 1004
876 1003
877 1003
877 1002
878 1001
879 1001
880 1000
881 999
882 999
883 998
884 997
885 996
886 996
887 995
888 995
889 994
890 993
891 993
892 993
893 992
894 991
895 990
896 989
897 989
897 988
898 987
899 987
899 986
900 985
901 984
901 983
902 982
902 981
902 980
902 979
902 978
902 977
902 976
902 975
902 974
902 973
901 972
901 971
900 970
899 969
899 968
898 968
897 967
897 966
896 966
895 965
895 964
894 964
893 963
893 962
892 962
891 961
891 960
890 960
889 959
889 958
888 958
887 957
886 956
885 956
884 955
883 955
882 955
881 955
880 954
879 954
878 954
877 954
876 953
875 953
874 952
873 952
872 951
871 951
870 950
869 949
868 948
867 948
866 948
865 948
864 947
863 947
862 947
861 947
860 946
859 946
858 946
857 946
856 945
855 945
854 944
853 944
852 943
851 942
850 942
849 941
848 940
847 940
846 939
845 939
844 939
843 939
842 939
841 939
840 938
839 938
838 937
837 937
836 936
835 935
834 934
833 934
832 934
831 933
830 932
829 932
828 932
827 932
826 931
825 931
824 931
823 931
822 931
821 931
820 931
819 931
818 931
817 931
816 931
815 931
814 931
813 931
812 931
811 931
810 931
809 931
808 931
807 931
806 931
805 931
804 931
803 931
802 931
801 931
800 931
799 931
798 930
797 930
796 930
795 930
794 929
793 929
792 929
791 929
790 930
789 930
788 930
787 930
786 931
785 931
784 931
783 931
782 930
781 930
780 930
779 929
778 928
777 928
776 927
775 926
774 926
773 925
772 924
771 924
770 923
769 923
768 923
767 923
766 923
765 923
764 923
763 923
762 922
761 922
760 922
759 922
758 921
757 921
756 920
755 920
754 920
753 920
752 919
751 919
750 918
749 918
748 917
747 917
746 916
745 916
744 915
743 915
742 915
741 915
740 915
739 915
738 915
737 915
736 914
735 914
734 913
733 913
732 912
731 912
730 911
729 911
728 910
727 910
726 910
725 910
724 909
723 909
722 909
721 909
720 909
719 909
718 909
717 909
716 909
715 909
714 909
713 909
712 909
711 909
