919 4383
918 4384
917 4384
916 4384
915 4384
914 4385
913 4385
912 4385
911 4385
910 4385
909 4385
908 4385
907 4385
906 4385
905 4385
904 4385
903 4385
902 4385
901 4385
900 4385
899 4385
898 4385
897 4385
896 4386
895 4386
894 4386
893 4386
892 4387
891 4387
890 4387
889 4387
888 4388
887 4388
886 4388
885 4388
884 4389
883 4389
882 4390
881 4390
880 4390
879 4390
878 4391
877 4392
876 4392
875 4392
874 4393
873 4393
872 4393
871 4393
870 4394
869 4394
868 4394
867 4394
866 4395
865 4395
864 4395
863 4395
862 4396
861 4396
860 4396
859 4396
858 4397
857 4397
856 4398
855 4398
854 4398
853 4398
852 4399
851 4400
850 4400
849 4400
848 4401
847 4401
846 4401
845 4401
844 4401
843 4401
842 4401
841 4401
840 4402
839 4402
838 4402
837 4402
836 4403
835 4403
834 4404
833 4404
832 4405
831 4405
830 4406
829 4406
828 4407
827 4407
826 4408
825 4408
824 4409
824 4410
823 4411
823 4412
823 4413
823 4414
823 4415
823 4416
823 4417
823 4418
823 4419
823 4420
823 4421
823 4422
823 4423
823 4424
824 4425
824 4426
824 4427
824 4428
825 4429
826 4430
827 4431
828 4432
828 4433
829 4433
830 4434
830 4435
831 4435
832 4436
833 4437
834 4438
835 4439
836 4439
837 4440
838 4441
839 4441
840 4442
841 4443
842 4444
843 4445
844 4445
845 4446
846 4446
847 4447
848 4448
849 4449
850 4449
851 4450
852 4450
853 4451
854 4452
855 4453
856 4453
857 4454
858 4455
859 4455
860 4456
860 4457
861 4457
862 4458
863 4459
864 4460
865 4461
866 4461
867 4462
868 4463
869 4463
870 4464
871 4465
872 4465
873 4466
874 4466
875 4466
876 4466
877 4466
878 4466
879 4466
880 4466
881 4466
882 4466
883 4466
884 4466
885 4467
886 4467
887 4467
888 4467
889 4468
890 4468
891 4468
892 4468
893 4468
894 4468
895 4468
896 4468
897 4468
898 4468
899 4468
900 4468
901 4468
902 4468
903 4469
904 4469
905 4470
906 4470
907 4471
908 4471
909 4472
910 4472
911 4473
912 4473
913 4473
914 4474
915 4475
916 4475
917 4475
918 4476
919 4477
920 4477
921 4478
922 4479
923 4479
924 4480
924 4481
925 4481
926 4482
926 4483
927 4483
928 4484
928 4485
929 4485
930 4486
930 4487
931 4487
932 4488
933 4489
934 4490
935 4491
936 4491
937 4492
938 4492
939 4493
940 4493
941 4494
942 4494
943 4494
944 4494
945 4494
946 4494
947 4495
948 4495
949 4496
950 4497
951 4497
952 4498
952 4499
953 4499
954 4500
954 4501
955 4501
956 4502
956 4503
957 4503
958 4504
958 4505
959 4505
960 4506
960 4507
961 4507
962 4508
962 4509
963 4509
964 4510
965 4511
966 4512
967 4513
968 4513
969 4514
970 4515
971 4515
972 4516
972 4517
973 4517
974 4518
974 4519
975 4519
976 4520
976 4521
977 4521
978 4522
979 4523
980 4523
981 4524
982 4524
983 4524
984 4524
985 4524
986 4524
987 4524
988 4524
989 4523
990 4523
991 4522
992 4521
993 4521
993 4520
994 4519
995 4519
995 4518
996 4517
997 4517
997 4516
998 4515
999 4515
999 4514
1000 4513
1001 4513
1001 4512
1002 4511
1003 4510
1004 4509
1005 4508
1005 4507
1006 4506
1007 4505
1008 4505
1009 4504
1010 4503
1011 4502
1012 4501
1013 4501
1013 4500
1014 4499
1015 4499
1016 4498
1017 4497
1018 4497
1019 4496
1020 4496
1021 4496
1022 4496
1023 4496
1024 4496
1025 4496
1026 4496
1027 4496
1028 4496
1029 4496
1030 4496
1031 4496
1032 4496
1033 4495
1034 4495
1035 4495
1036 4495
1037 4494
1038 4494
1039 4493
1040 4493
1041 4493
1042 4493
1043 4492
1044 4492
1045 4492
1046 4492
1047 4491
1048 4491
1049 4491
1050 4491
1051 4490
1052 4490
1053 4490
1054 4490
1055 4490
1056 4490
1057 4490
1058 4490
1059 4490
1060 4490
1061 4489
1062 4489
1063 4488
1064 4487
1065 4487
1065 4486
1066 4485
1067 4484
1068 4483
1069 4482
1069 4481
1070 4480
1071 4479
1071 4478
1072 4477
1073 4477
1073 4476
1074 4475
1075 4475
1075 4474
1076 4473
1077 4473
1077 4472
1078 4471
1079 4471
1079 4470
1080 4469
1081 4469
1081 4468
1082 4467
1083 4466
1083 4465
1084 4464
1084 4463
1084 4462
1084 4461
1084 4460
1084 4459
1084 4458
1084 4457
1085 4456
1085 4455
1086 4454
1087 4453
1087 4452
1088 4451
1089 4451
1089 4450
1090 4449
1091 4449
1091 4448
1092 4447
1093 4447
1093 4446
1094 4445
1095 4444
1095 4443
1096 4442
1096 4441
1096 4440
1096 4439
1096 4438
1096 4437
1096 4436
1096 4435
1096 4434
1096 4433
1096 4432
1096 4431
1096 4430
1096 4429
1096 4428
1096 4427
1096 4426
1096 4425
1095 4424
1095 4423
1095 4422
1095 4421
1094 4420
1094 4419
1094 4418
1094 4417
1093 4416
1093 4415
1093 4414
1093 4413
1092 4412
1091 4411
1090 4410
1089 4410
1088 4409
1087 4409
1086 4409
1085 4409
1084 4408
1083 4408
1082 4407
1081 4407
1080 4406
1079 4406
1078 4405
1077 4405
1076 4405
1075 4405
1074 4405
1073 4405
1072 4405
1071 4405
1070 4405
1069 4405
1068 4405
1067 4405
1066 4405
1065 4405
1064 4405
1063 4405
1062 4404
1061 4404
1060 4404
1059 4404
1058 4403
1057 4403
1056 4403
1055 4403
1054 4403
1053 4403
1052 4403
1051 4403
1050 4403
1049 4403
1048 4403
1047 4403
1046 4403
1045 4403
1044 4402
1043 4402
1042 4402
1041 4402
1040 4401
1039 4401
1038 4401
1037 4401
1036 4401
1035 4401
1034 4400
1033 4400
1032 4399
1031 4398
1030 4398
1029 4397
1029 4396
1028 4396
1027 4395
1027 4394
1026 4394
1025 4393
1025 4392
1024 4392
1023 4391
1023 4390
1022 4390
1021 4389
1021 4388
1020 4388
1019 4387
1018 4386
1017 4386
1016 4385
1015 4385
1014 4385
1013 4385
1012 4385
1011 4385
1010 4385
1009 4385
1008 4385
1007 4385
1006 4385
1005 4385
1004 4385
1003 4385
1002 4385
1001 4385
1000 4385
999 4385
998 4385
997 4385
996 4385
995 4385
994 4385
993 4385
992 4385
991 4385
990 4385
989 4385
988 4385
987 4385
986 4385
985 4385
984 4385
983 4385
982 4385
981 4385
980 4385
979 4385
978 4385
977 4385
976 4385
975 4385
974 4385
973 4385
972 4385
971 4385
970 4386
969 4386
968 4386
967 4386
966 4387
965 4387
964 4387
963 4387
962 4387
961 4387
960 4387
959 4387
958 4388
957 4388
956 4388
955 4388
954 4389
953 4389
952 4389
951 4389
950 4389
949 4389
948 4389
947 4389
946 4389
945 4389
944 4389
943 4389
942 4389
941 4389
940 4389
939 4389
938 4388
937 4388
936 4387
935 4387
934 4386
933 4386
932 4385
931 4385
930 4385
929 4385
928 4385
927 4385
926 4384
925 4384
924 4384
923 4384
922 4383
921 4383
920 4383
919 4383
