2391 5233
2390 5234
2389 5234
2388 5234
2387 5234
2386 5235
2385 5235
2384 5235
2383 5235
2382 5236
2381 5236
2380 5236
2379 5236
2378 5237
2377 5237
2376 5237
2375 5237
2374 5237
2373 5237
2372 5238
2371 5238
2370 5238
2369 5238
2368 5239
2367 5239
2366 5239
2365 5239
2364 5239
2363 5239
2362 5239
2361 5239
2360 5238
2359 5238
2358 5238
2357 5238
2356 5237
2355 5237
2354 5237
2353 5237
2352 5237
2351 5237
2350 5237
2349 5237
2348 5237
2347 5237
2346 5237
2345 5237
2344 5237
2343 5237
2342 5237
2341 5237
2340 5238
2339 5238
2338 5238
2337 5238
2336 5239
2335 5239
2334 5239
2333 5239
2332 5239
2331 5239
2330 5239
2329 5239
2328 5239
2327 5239
2326 5239
2325 5239
2324 5239
2323 5239
2322 5239
2321 5239
2320 5239
2319 5239
2318 5239
2317 5239
2316 5239
2315 5239
2314 5239
2313 5239
2312 5239
2311 5239
2310 5239
2309 5239
2308 5239
2307 5239
2306 5239
2305 5239
2304 5239
2303 5239
2302 5239
2301 5239
2300 5240
2299 5240
2298 5240
2297 5240
2296 5241
2295 5241
2294 5241
2293 5241
2292 5241
2291 5241
2290 5241
2289 5241
2288 5241
2287 5241
2286 5242
2285 5242
2284 5242
2283 5242
2282 5243
2281 5243
2280 5243
2279 5243
2278 5243
2277 5243
2276 5243
2275 5243
2274 5244
2273 5244
2272 5244
2271 5244
2270 5245
2269 5245
2268 5245
2267 5245
2266 5245
2265 5245
2264 5246
2263 5246
2262 5246
2261 5246
2260 5247
2259 5247
2258 5248
2257 5248
2256 5248
2255 5248
2254 5249
2253 5250
2252 5250
2251 5250
2250 5251
2249 5251
2248 5251
2247 5251
2246 5252
2245 5252
2244 5252
2243 5252
2242 5253
2241 5253
2240 5253
2239 5253
2238 5253
2237 5253
2236 5253
2235 5253
2234 5253
2233 5253
2232 5253
2231 5253
2230 5253
2229 5253
2228 5253
2227 5253
2226 5253
2225 5253
2224 5253
2223 5253
2222 5254
2221 5254
2220 5254
2219 5254
2218 5255
2217 5255
2216 5255
2215 5255
2214 5255
2213 5255
2212 5255
2211 5255
2210 5255
2209 5255
2208 5255
2207 5255
2206 5255
2205 5255
2204 5255
2203 5255
2202 5256
2201 5256
2200 5256
2199 5256
2198 5257
2197 5257
2196 5257
2195 5257
2194 5258
2193 5258
2192 5258
2191 5258
2190 5259
2189 5259
2188 5259
2187 5259
2186 5259
2185 5259
2184 5260
2183 5260
2182 5260
2181 5260
2180 5261
2179 5261
2178 5261
2177 5261
2176 5261
2175 5261
2174 5262
2173 5262
2172 5263
2171 5264
2170 5264
2170 5265
2169 5266
2168 5267
2168 5268
2167 5269
2167 5270
2166 5271
2166 5272
2165 5273
2164 5274
2164 5275
2163 5276
2162 5276
2162 5277
2161 5278
2160 5278
2160 5279
2159 5280
2158 5280
2158 5281
2157 5282
2156 5282
2156 5283
2155 5284
2154 5285
2154 5286
2153 5287
2153 5288
2152 5289
2152 5290
2151 5291
2150 5292
2150 5293
2149 5294
2149 5295
2149 5296
2148 5297
2148 5298
2148 5299
2148 5300
2148 5301
2148 5302
2149 5303
2149 5304
2149 5305
2150 5306
2150 5307
2151 5308
2151 5309
2152 5310
2153 5311
2154 5311
2155 5312
2156 5313
2157 5313
2158 5314
2159 5315
2160 5315
2161 5316
2162 5317
2163 5317
2164 5318
2164 5319
2165 5319
2166 5320
2167 5321
2168 5321
2169 5322
2170 5322
2171 5322
2172 5322
2173 5322
2174 5322
2175 5322
2176 5322
2177 5321
2178 5321
2179 5321
2180 5321
2181 5320
2182 5320
2183 5320
2184 5320
2185 5320
2186 5320
2187 5320
2188 5320
2189 5320
2190 5320
2191 5320
2192 5320
2193 5320
2194 5320
2195 5320
2196 5320
2197 5320
2198 5320
2199 5320
2200 5320
2201 5320
2202 5320
2203 5320
2204 5320
2205 5320
2206 5320
2207 5320
2208 5320
2209 5320
2210 5320
2211 5320
2212 5320
2213 5321
2214 5321
2215 5321
2216 5321
2217 5322
2218 5322
2219 5323
2220 5323
2221 5324
2222 5324
2223 5325
2224 5325
2225 5326
2226 5326
2227 5327
2228 5327
2229 5328
2230 5329
2231 5329
2232 5330
2232 5331
2233 5331
2234 5332
2234 5333
2235 5333
2236 5334
2237 5335
2238 5335
2239 5336
2240 5336
2241 5336
2242 5336
2243 5336
2244 5336
2245 5336
2246 5336
2247 5336
2248 5336
2249 5336
2250 5336
2251 5337
2252 5337
2253 5337
2254 5337
2255 5338
2256 5338
2257 5339
2258 5339
2259 5339
2260 5339
2261 5340
2262 5340
2263 5340
2264 5340
2265 5340
2266 5340
2267 5341
2268 5341
2269 5341
2270 5341
2271 5342
2272 5342
2273 5343
2274 5343
2275 5343
2276 5343
2277 5344
2278 5344
2279 5344
2280 5344
2281 5345
2282 5345
2283 5345
2284 5345
2285 5346
2286 5346
2287 5347
2288 5347
2289 5347
2290 5347
2291 5348
2292 5348
2293 5349
2294 5349
2295 5350
2296 5351
2297 5351
2298 5352
2299 5353
2300 5353
2301 5354
2302 5354
2303 5355
2304 5355
2305 5355
2306 5355
2307 5356
2308 5356
2309 5356
2310 5356
2311 5357
2312 5357
2313 5358
2314 5358
2315 5359
2316 5359
2317 5360
2318 5360
2319 5361
2320 5361
2321 5361
2322 5362
2323 5363
2324 5363
2325 5363
2326 5363
2327 5364
2328 5364
2329 5364
2330 5364
2331 5364
2332 5364
2333 5364
2334 5364
2335 5364
2336 5364
2337 5364
2338 5364
2339 5363
2340 5363
2341 5362
2342 5362
2343 5361
2344 5361
2345 5360
2346 5360
2347 5360
2348 5360
2349 5359
2350 5359
2351 5359
2352 5359
2353 5358
2354 5357
2355 5357
2356 5357
2357 5356
2358 5355
2359 5354
2360 5353
2361 5353
2361 5352
2362 5351
2363 5351
2363 5350
2364 5349
2365 5349
2365 5348
2366 5347
2367 5347
2368 5346
2369 5345
2370 5345
2371 5344
2372 5344
2373 5344
2374 5344
2375 5343
2376 5343
2377 5343
2378 5343
2379 5342
2380 5341
2381 5340
2382 5340
2383 5339
2384 5339
2385 5338
2386 5337
2387 5337
2388 5337
2389 5336
2390 5336
2391 5336
2392 5336
2393 5336
2394 5336
2395 5335
2396 5335
2397 5334
2398 5333
2399 5333
2399 5332
2400 5331
2401 5331
2402 5330
2403 5329
2404 5329
2405 5328
2406 5328
2407 5328
2408 5328
2409 5328
2410 5328
2411 5328
2412 5328
2413 5328
2414 5328
2415 5329
2416 5329
2417 5329
2418 5330
2419 5331
2420 5331
2421 5331
2422 5331
2423 5332
2424 5332
2425 5332
2426 5332
2427 5333
2428 5333
2429 5333
2430 5334
2431 5335
2432 5335
2433 5335
2434 5335
2435 5336
2436 5336
2437 5336
2438 5336
2439 5336
2440 5336
2441 5336
2442 5336
2443 5336
2444 5336
2445 5336
2446 5336
2447 5336
2448 5336
2449 5336
2450 5336
2451 5336
2452 5336
2453 5336
2454 5336
2455 5336
2456 5336
2457 5336
2458 5336
2459 5336
2460 5336
2461 5336
2462 5336
2463 5335
2464 5335
2465 5334
2466 5334
2467 5333
2468 5333
2469 5332
2470 5331
2471 5331
2472 5331
2473 5330
2474 5329
2475 5328
2476 5327
2477 5327
2477 5326
2478 5325
2479 5325
2479 5324
2480 5323
2481 5323
2482 5322
2483 5321
2484 5321
2485 5320
2486 5319
2487 5318
2488 5317
2489 5317
2489 5316
2490 5315
2491 5315
2492 5314
2493 5313
2494 5313
2495 5312
2496 5311
2497 5310
2498 5309
2499 5309
2499 5308
2500 5307
2501 5307
2501 5306
2502 5305
2503 5304
2503 5303
2504 5302
2504 5301
2504 5300
2504 5299
2504 5298
2504 5297
2504 5296
2504 5295
2504 5294
2504 5293
2504 5292
2504 5291
2504 5290
2504 5289
2503 5288
2503 5287
2502 5286
2501 5285
2501 5284
2500 5283
2499 5282
2499 5281
2498 5280
2497 5279
2496 5278
2496 5277
2495 5276
2495 5275
2494 5274
2494 5273
2494 5272
2494 5271
2494 5270
2494 5269
2494 5268
2494 5267
2494 5266
2494 5265
2494 5264
2494 5263
2493 5262
2493 5261
2492 5260
2491 5259
2491 5258
2490 5258
2489 5257
2488 5256
2487 5255
2486 5254
2485 5254
2484 5254
2483 5253
2482 5252
2481 5252
2480 5252
2479 5252
2478 5251
2477 5251
2476 5251
2475 5251
2474 5250
2473 5250
2472 5249
2471 5249
2470 5248
2469 5248
2468 5247
2467 5247
2466 5247
2465 5247
2464 5246
2463 5246
2462 5246
2461 5246
2460 5245
2459 5245
2458 5245
2457 5245
2456 5245
2455 5245
2454 5245
2453 5245
2452 5245
2451 5245
2450 5245
2449 5245
2448 5245
2447 5245
2446 5245
2445 5245
2444 5245
2443 5245
2442 5245
2441 5245
2440 5245
2439 5245
2438 5245
2437 5245
2436 5244
2435 5244
2434 5243
2433 5242
2432 5242
2431 5241
2431 5240
2430 5240
2429 5239
2428 5238
2427 5238
2426 5237
2425 5237
2424 5237
2423 5237
2422 5237
2421 5237
2420 5236
2419 5236
2418 5236
2417 5236
2416 5235
2415 5235
2414 5235
2413 5235
2412 5235
2411 5235
2410 5235
2409 5235
2408 5235
2407 5235
2406 5234
2405 5234
2404 5234
2403 5234
2402 5233
2401 5233
2400 5233
2399 5233
2398 5233
2397 5233
2396 5233
2395 5233
2394 5233
2393 5233
2392 5233
2391 5233
