2973 2379
2972 2380
2971 2380
2970 2380
2969 2380
2968 2381
2967 2381
2966 2381
2965 2381
2964 2382
2963 2382
2962 2382
2961 2382
2960 2383
2959 2383
2958 2383
2957 2383
2956 2384
2955 2384
2954 2384
2953 2384
2952 2385
2951 2385
2950 2386
2949 2386
2948 2387
2947 2387
2946 2388
2945 2388
2944 2389
2943 2389
2942 2389
2941 2389
2940 2389
2939 2389
2938 2389
2937 2389
2936 2389
2935 2389
2934 2389
2933 2389
2932 2389
2931 2389
2930 2388
2929 2388
2928 2388
2927 2388
2926 2387
2925 2387
2924 2387
2923 2387
2922 2387
2921 2387
2920 2387
2919 2387
2918 2387
2917 2387
2916 2387
2915 2387
2914 2387
2913 2387
2912 2387
2911 2387
2910 2387
2909 2387
2908 2387
2907 2387
2906 2387
2905 2387
2904 2386
2903 2386
2902 2386
2901 2386
2900 2385
2899 2385
2898 2385
2897 2385
2896 2385
2895 2385
2894 2385
2893 2385
2892 2385
2891 2385
2890 2386
2889 2386
2888 2386
2887 2386
2886 2387
2885 2387
2884 2387
2883 2387
2882 2387
2881 2387
2880 2387
2879 2387
2878 2387
2877 2387
2876 2387
2875 2387
2874 2387
2873 2387
2872 2386
2871 2386
2870 2386
2869 2386
2868 2385
2867 2385
2866 2385
2865 2385
2864 2385
2863 2385
2862 2385
2861 2385
2860 2385
2859 2385
2858 2385
2857 2385
2856 2385
2855 2385
2854 2385
2853 2385
2852 2385
2851 2385
2850 2385
2849 2385
2848 2385
2847 2385
2846 2385
2845 2385
2844 2385
2843 2385
2842 2385
2841 2385
2840 2385
2839 2385
2838 2385
2837 2385
2836 2385
2835 2385
2834 2385
2833 2385
2832 2385
2831 2385
2830 2385
2829 2385
2828 2385
2827 2385
2826 2385
2825 2385
2824 2385
2823 2385
2822 2385
2821 2385
2820 2385
2819 2385
2818 2385
2817 2385
2816 2385
2815 2385
2814 2385
2813 2385
2812 2385
2811 2385
2810 2385
2809 2385
2808 2385
2807 2385
2806 2385
2805 2385
2804 2385
2803 2385
2802 2385
2801 2385
2800 2385
2799 2385
2798 2385
2797 2385
2796 2385
2795 2385
2794 2385
2793 2385
2792 2385
2791 2385
2790 2385
2789 2385
2788 2385
2787 2385
2786 2385
2785 2385
2784 2385
2783 2385
2782 2385
2781 2385
2780 2385
2779 2385
2778 2385
2777 2385
2776 2385
2775 2385
2774 2385
2773 2385
2772 2385
2771 2385
2770 2385
2769 2385
2768 2385
2767 2385
2766 2385
2765 2385
2764 2385
2763 2385
2762 2385
2761 2385
2760 2384
2759 2384
2758 2384
2757 2384
2756 2383
2755 2383
2754 2383
2753 2383
2752 2383
2751 2383
2750 2383
2749 2383
2748 2383
2747 2383
2746 2383
2745 2383
2744 2383
2743 2383
2742 2383
2741 2383
2740 2383
2739 2383
2738 2383
2737 2383
2736 2383
2735 2383
2734 2383
2733 2383
2732 2382
2731 2382
2730 2382
2729 2382
2728 2381
2727 2381
2726 2381
2725 2381
2724 2381
2723 2381
2722 2381
2721 2381
2720 2381
2719 2381
2718 2381
2717 2381
2716 2381
2715 2381
2714 2381
2713 2381
2712 2381
2711 2381
2710 2381
2709 2381
2708 2382
2707 2382
2706 2382
2705 2382
2704 2383
2703 2383
2702 2383
2701 2383
2700 2383
2699 2383
2698 2383
2697 2383
2696 2384
2695 2384
2694 2384
2693 2384
2692 2385
2691 2385
2690 2385
2689 2385
2688 2385
2687 2385
2686 2385
2685 2385
2684 2384
2683 2384
2682 2384
2681 2384
2680 2383
2679 2383
2678 2383
2677 2383
2676 2383
2675 2383
2674 2383
2673 2383
2672 2383
2671 2383
2670 2383
2669 2383
2668 2383
2667 2383
2666 2383
2665 2383
2664 2383
2663 2383
2662 2383
2661 2383
2660 2383
2659 2383
2658 2383
2657 2383
2656 2383
2655 2383
2654 2383
2653 2383
2652 2383
2651 2383
2650 2383
2649 2383
2648 2383
2647 2383
2646 2383
2645 2383
2644 2383
2643 2383
2642 2383
2641 2383
2640 2383
2639 2383
2638 2383
2637 2383
2636 2383
2635 2383
2634 2383
2633 2383
2632 2383
2631 2383
2630 2383
2629 2383
2628 2382
2627 2382
2626 2382
2625 2382
2624 2381
2623 2381
2622 2381
2621 2381
2620 2382
2619 2382
2618 2382
2617 2382
2616 2383
2615 2383
2614 2383
2613 2383
2612 2383
2611 2383
2610 2383
2609 2383
2608 2383
2607 2383
2606 2383
2605 2383
2604 2383
2603 2383
2602 2383
2601 2383
2600 2383
2599 2383
2598 2383
2597 2383
2596 2383
2595 2383
2594 2383
2593 2383
2592 2383
2591 2383
2590 2383
2589 2383
2588 2383
2587 2383
2586 2383
2585 2383
2584 2383
2583 2383
2582 2383
2581 2383
2580 2383
2579 2383
2578 2383
2577 2383
2576 2383
2575 2383
2574 2383
2573 2383
2572 2384
2571 2384
2570 2384
2569 2384
2568 2385
2567 2386
2566 2386
2565 2386
2564 2387
2563 2388
2562 2388
2561 2388
2560 2389
2559 2390
2558 2391
2557 2392
2556 2392
2555 2393
2554 2394
2553 2394
2552 2395
2551 2396
2550 2397
2549 2398
2548 2399
2547 2400
2546 2401
2546 2402
2545 2403
2545 2404
2544 2405
2543 2406
2542 2407
2542 2408
2541 2409
2541 2410
2540 2411
2539 2412
2538 2413
2538 2414
2538 2415
2538 2416
2537 2417
2537 2418
2537 2419
2537 2420
2537 2421
2537 2422
2537 2423
2537 2424
2537 2425
2537 2426
2536 2427
2536 2428
2536 2429
2536 2430
2535 2431
2535 2432
2535 2433
2535 2434
2534 2435
2534 2436
2533 2437
2532 2438
2532 2439
2531 2440
2530 2440
2530 2441
2529 2442
2528 2442
2528 2443
2527 2444
2526 2444
2526 2445
2525 2446
2524 2447
2523 2448
2522 2449
2522 2450
2522 2451
2522 2452
2521 2453
2521 2454
2520 2455
2520 2456
2520 2457
2520 2458
2519 2459
2519 2460
2519 2461
2519 2462
2519 2463
2519 2464
2518 2465
2518 2466
2518 2467
2518 2468
2517 2469
2517 2470
2516 2471
2516 2472
2516 2473
2516 2474
2515 2475
2515 2476
2515 2477
2515 2478
2515 2479
2515 2480
2514 2481
2514 2482
2514 2483
2513 2484
2512 2485
2512 2486
2512 2487
2512 2488
2511 2489
2511 2490
2511 2491
2511 2492
2510 2493
2510 2494
2510 2495
2510 2496
2509 2497
2509 2498
2508 2499
2508 2500
2508 2501
2507 2502
2506 2503
2506 2504
2505 2505
2505 2506
2504 2507
2503 2508
2502 2509
2502 2510
2502 2511
2502 2512
2501 2513
2501 2514
2500 2515
2500 2516
2499 2517
2499 2518
2498 2519
2497 2520
2496 2521
2496 2522
2496 2523
2495 2524
2494 2525
2494 2526
2494 2527
2494 2528
2493 2529
2493 2530
2493 2531
2493 2532
2493 2533
2493 2534
2492 2535
2492 2536
2492 2537
2491 2538
2490 2539
2490 2540
2490 2541
2490 2542
2489 2543
2489 2544
2488 2545
2488 2546
2487 2547
2486 2548
2486 2549
2485 2550
2484 2550
2483 2551
2482 2552
2481 2552
2480 2553
2479 2554
2478 2555
2477 2556
2476 2556
2476 2557
2475 2558
2474 2558
2473 2559
2472 2560
2471 2560
2470 2561
2469 2562
2468 2563
2467 2564
2466 2564
2465 2565
2464 2566
2463 2566
2462 2567
2461 2568
2460 2569
2459 2570
2458 2570
2458 2571
2457 2572
2456 2572
2456 2573
2455 2574
2454 2574
2454 2575
2453 2576
2452 2577
2451 2578
2450 2579
2450 2580
2449 2581
2449 2582
2448 2583
2447 2584
2446 2585
2446 2586
2446 2587
2445 2588
2444 2589
2444 2590
2444 2591
2444 2592
2443 2593
2443 2594
2442 2595
2442 2596
2442 2597
2441 2598
2440 2599
2440 2600
2439 2601
2438 2602
2438 2603
2437 2604
2436 2604
2436 2605
2435 2606
2434 2606
2434 2607
2433 2608
2432 2608
2432 2609
2431 2610
2430 2610
2429 2611
2428 2612
2427 2612
2426 2613
2425 2613
2424 2613
2423 2613
2422 2614
2421 2614
2420 2614
2419 2614
2418 2615
2417 2615
2416 2615
2415 2615
2414 2615
2413 2615
2412 2615
2411 2615
2410 2615
2409 2615
2408 2616
2407 2616
2406 2616
2405 2616
2404 2617
2403 2617
2402 2618
2401 2618
2400 2618
2399 2618
2398 2619
2397 2619
2396 2619
2395 2619
2394 2619
2393 2619
2392 2619
2391 2619
2390 2619
2389 2619
2388 2619
2387 2619
2386 2619
2385 2619
2384 2619
2383 2619
2382 2619
2381 2619
2380 2619
2379 2619
2378 2619
2377 2619
2376 2619
2375 2619
2374 2619
2373 2619
2372 2619
2371 2619
2370 2619
2369 2619
2368 2619
2367 2619
2366 2619
2365 2619
2364 2620
2363 2620
2362 2620
2361 2620
2360 2621
2359 2621
2358 2621
2357 2621
2356 2622
2355 2622
2354 2622
2353 2622
2352 2623
2351 2624
2350 2625
2349 2626
2348 2627
2348 2628
2348 2629
2348 2630
2347 2631
2347 2632
2346 2633
2346 2634
2346 2635
2345 2636
2344 2637
2344 2638
2344 2639
2343 2640
2342 2641
2342 2642
2342 2643
2342 2644
2341 2645
2341 2646
2341 2647
2341 2648
2341 2649
2341 2650
2340 2651
2340 2652
2339 2653
2339 2654
2338 2655
2338 2656
2337 2657
2337 2658
2336 2659
2336 2660
2336 2661
2335 2662
2334 2663
2334 2664
2334 2665
2334 2666
2333 2667
2333 2668
2334 2669
2334 2670
2334 2671
2334 2672
2335 2673
2335 2674
2335 2675
2335 2676
2335 2677
2335 2678
2335 2679
2335 2680
2336 2681
2336 2682
2336 2683
2336 2684
2337 2685
2337 2686
2337 2687
2337 2688
2337 2689
2337 2690
2337 2691
2337 2692
2337 2693
2337 2694
2337 2695
2337 2696
2337 2697
2337 2698
2337 2699
2337 2700
2337 2701
2337 2702
2337 2703
2337 2704
2338 2705
2338 2706
2339 2707
2340 2708
2341 2709
2342 2709
2343 2710
2344 2710
2345 2710
2346 2710
2347 2711
2348 2711
2349 2711
2350 2711
2351 2712
2352 2712
2353 2713
2354 2713
2355 2713
2356 2714
2357 2715
2358 2715
2359 2716
2360 2717
2361 2717
2362 2718
2362 2719
2363 2719
2364 2720
2364 2721
2365 2721
2366 2722
2366 2723
2367 2724
2368 2725
2368 2726
2369 2727
2370 2728
2371 2729
2372 2730
2373 2731
2374 2731
2375 2731
2376 2731
2377 2732
2378 2732
2379 2732
2380 2732
2381 2733
2382 2733
2383 2734
2384 2735
2385 2735
2386 2736
2386 2737
2387 2737
2388 2738
2389 2739
2390 2739
2391 2740
2392 2740
2393 2740
2394 2740
2395 2740
2396 2740
2397 2741
2398 2741
2399 2742
2400 2742
2401 2743
2402 2743
2403 2744
2404 2744
2405 2744
2406 2744
2407 2744
2408 2744
2409 2744
2410 2744
2411 2745
2412 2745
2413 2745
2414 2745
2415 2746
2416 2746
2417 2746
2418 2746
2419 2746
2420 2746
2421 2746
2422 2746
2423 2746
2424 2746
2425 2746
2426 2746
2427 2746
2428 2746
2429 2746
2430 2746
2431 2746
2432 2746
2433 2747
2434 2747
2435 2748
2436 2748
2437 2749
2438 2750
2439 2751
2440 2751
2441 2751
2442 2751
2443 2752
2444 2752
2445 2752
2446 2752
2447 2753
2448 2753
2449 2753
2450 2753
2451 2754
2452 2754
2453 2755
2454 2755
2455 2756
2456 2756
2457 2757
2458 2757
2459 2758
2460 2758
2461 2758
2462 2758
2463 2759
2464 2759
2465 2760
2466 2760
2467 2761
2468 2761
2469 2762
2470 2762
2471 2763
2472 2763
2473 2763
2474 2763
2475 2764
2476 2764
2477 2764
2478 2764
2479 2764
2480 2764
2481 2764
2482 2764
2483 2764
2484 2764
2485 2765
2486 2765
2487 2765
2488 2765
2489 2766
2490 2766
2491 2766
2492 2766
2493 2767
2494 2767
2495 2768
2496 2768
2497 2769
2498 2769
2499 2770
2500 2770
2501 2770
2502 2770
2503 2770
2504 2770
2505 2770
2506 2770
2507 2770
2508 2770
2509 2770
2510 2770
2511 2770
2512 2770
2513 2771
2514 2771
2515 2771
2516 2771
2517 2772
2518 2772
2519 2772
2520 2772
2521 2772
2522 2772
2523 2772
2524 2772
2525 2772
2526 2772
2527 2772
2528 2772
2529 2772
2530 2772
2531 2772
2532 2772
2533 2772
2534 2772
2535 2772
2536 2772
2537 2772
2538 2772
2539 2772
2540 2772
2541 2772
2542 2772
2543 2771
2544 2771
2545 2771
2546 2771
2547 2770
2548 2770
2549 2770
2550 2770
2551 2770
2552 2770
2553 2770
2554 2770
2555 2770
2556 2770
2557 2770
2558 2770
2559 2770
2560 2770
2561 2770
2562 2770
2563 2770
2564 2770
2565 2770
2566 2770
2567 2770
2568 2770
2569 2770
2570 2770
2571 2770
2572 2770
2573 2771
2574 2771
2575 2771
2576 2771
2577 2772
2578 2772
2579 2772
2580 2772
2581 2772
2582 2772
2583 2772
2584 2772
2585 2772
2586 2772
2587 2772
2588 2772
2589 2772
2590 2772
2591 2772
2592 2772
2593 2772
2594 2772
2595 2772
2596 2772
2597 2772
2598 2772
2599 2772
2600 2772
2601 2772
2602 2772
2603 2772
2604 2772
2605 2772
2606 2772
2607 2772
2608 2772
2609 2772
2610 2772
2611 2772
2612 2772
2613 2772
2614 2772
2615 2772
2616 2772
2617 2772
2618 2772
2619 2772
2620 2772
2621 2772
2622 2772
2623 2772
2624 2772
2625 2772
2626 2772
2627 2772
2628 2772
2629 2772
2630 2772
2631 2772
2632 2772
2633 2772
2634 2772
2635 2772
2636 2772
2637 2771
2638 2771
2639 2770
2640 2770
2641 2769
2642 2769
2643 2768
2644 2767
2645 2767
2646 2767
2647 2766
2648 2766
2649 2765
2650 2765
2651 2764
2652 2763
2653 2763
2654 2762
2655 2761
2656 2761
2657 2760
2658 2760
2659 2760
2660 2760
2661 2760
2662 2760
2663 2760
2664 2760
2665 2759
2666 2759
2667 2758
2668 2757
2669 2756
2669 2755
2670 2754
2671 2753
2671 2752
2672 2751
2673 2750
2673 2749
2674 2748
2674 2747
2674 2746
2674 2745
2674 2744
2674 2743
2675 2742
2675 2741
2675 2740
2676 2739
2677 2738
2677 2737
2678 2736
2678 2735
2679 2734
2680 2733
2681 2732
2681 2731
2682 2730
2683 2729
2683 2728
2684 2727
2685 2727
2685 2726
2686 2725
2687 2725
2687 2724
2688 2723
2689 2723
2690 2722
2691 2721
2692 2721
2693 2720
2694 2720
2695 2720
2696 2720
2697 2720
2698 2720
2699 2720
2700 2720
2701 2720
2702 2720
2703 2720
2704 2720
2705 2719
2706 2719
2707 2719
2708 2719
2709 2718
2710 2718
2711 2718
2712 2718
2713 2718
2714 2718
2715 2717
2716 2717
2717 2717
2718 2717
2719 2716
2720 2716
2721 2715
2722 2715
2723 2714
2724 2713
2725 2713
2726 2712
2727 2711
2728 2711
2729 2710
2730 2709
2731 2708
2732 2708
2733 2707
2734 2707
2735 2706
2736 2705
2737 2704
2738 2703
2739 2703
2740 2702
2741 2701
2742 2701
2743 2700
2744 2700
2745 2699
2746 2699
2747 2699
2748 2699
2749 2698
2750 2697
2751 2697
2752 2697
2753 2696
2754 2695
2755 2695
2756 2695
2757 2694
2758 2694
2759 2693
2760 2693
2761 2692
2762 2692
2763 2691
2764 2691
2765 2690
2766 2689
2767 2689
2768 2689
2769 2688
2770 2688
2771 2688
2772 2688
2773 2688
2774 2688
2775 2689
2776 2689
2777 2689
2778 2689
2779 2690
2780 2690
2781 2690
2782 2690
2783 2690
2784 2690
2785 2690
2786 2690
2787 2690
2788 2690
2789 2690
2790 2690
2791 2691
2792 2691
2793 2692
2794 2692
2795 2693
2796 2694
2797 2695
2798 2695
2799 2695
2800 2696
2801 2697
2802 2697
2803 2697
2804 2697
2805 2698
2806 2698
2807 2699
2808 2699
2809 2700
2810 2700
2811 2701
2812 2701
2813 2702
2814 2702
2815 2702
2816 2702
2817 2702
2818 2702
2819 2702
2820 2702
2821 2702
2822 2702
2823 2703
2824 2703
2825 2703
2826 2703
2827 2704
2828 2704
2829 2704
2830 2704
2831 2704
2832 2704
2833 2704
2834 2704
2835 2704
2836 2704
2837 2704
2838 2704
2839 2704
2840 2704
2841 2704
2842 2704
2843 2704
2844 2704
2845 2704
2846 2704
2847 2704
2848 2704
2849 2704
2850 2704
2851 2704
2852 2704
2853 2704
2854 2704
2855 2704
2856 2704
2857 2704
2858 2704
2859 2704
2860 2704
2861 2704
2862 2704
2863 2704
2864 2704
2865 2704
2866 2704
2867 2704
2868 2704
2869 2704
2870 2704
2871 2704
2872 2704
2873 2704
2874 2704
2875 2704
2876 2704
2877 2704
2878 2704
2879 2704
2880 2704
2881 2704
2882 2704
2883 2704
2884 2704
2885 2704
2886 2704
2887 2704
2888 2704
2889 2704
2890 2704
2891 2704
2892 2704
2893 2704
2894 2704
2895 2704
2896 2704
2897 2704
2898 2704
2899 2704
2900 2704
2901 2704
2902 2704
2903 2704
2904 2704
2905 2703
2906 2703
2907 2703
2908 2703
2909 2702
2910 2702
2911 2701
2912 2701
2913 2700
2914 2699
2915 2699
2915 2698
2916 2697
2917 2697
2917 2696
2918 2695
2919 2695
2919 2694
2920 2693
2921 2693
2922 2692
2923 2691
2924 2691
2925 2690
2926 2689
2927 2689
2928 2689
2929 2688
2930 2688
2931 2687
2932 2687
2933 2687
2934 2687
2935 2687
2936 2687
2937 2688
2938 2688
2939 2689
2940 2689
2941 2690
2942 2690
2943 2691
2944 2691
2945 2692
2946 2692
2947 2693
2948 2693
2949 2694
2950 2694
2951 2694
2952 2694
2953 2695
2954 2695
2955 2696
2956 2696
2957 2697
2958 2697
2959 2698
2960 2698
2961 2699
2962 2699
2963 2699
2964 2700
2965 2701
2966 2701
2967 2702
2968 2703
2969 2704
2970 2705
2970 2706
2971 2707
2972 2708
2973 2709
2974 2710
2974 2711
2975 2711
2976 2712
2977 2713
2978 2713
2979 2714
2980 2714
2981 2715
2982 2715
2983 2716
2984 2716
2985 2717
2986 2718
2987 2719
2988 2719
2989 2720
2990 2720
2991 2721
2992 2722
2993 2723
2994 2723
2995 2723
2996 2724
2997 2725
2998 2725
2999 2726
3000 2727
3001 2727
3002 2728
3002 2729
3003 2729
3004 2730
3005 2731
3006 2732
3007 2733
3008 2733
3009 2733
3010 2733
3011 2734
3012 2734
3013 2734
3014 2734
3015 2734
3016 2734
3017 2734
3018 2734
3019 2734
3020 2734
3021 2734
3022 2734
3023 2734
3024 2734
3025 2734
3026 2734
3027 2735
3028 2735
3029 2735
3030 2735
3031 2736
3032 2736
3033 2736
3034 2736
3035 2736
3036 2736
3037 2737
3038 2737
3039 2737
3040 2738
3041 2739
3042 2739
3043 2739
3044 2739
3045 2740
3046 2740
3047 2741
3048 2741
3049 2742
3050 2742
3051 2743
3052 2743
3053 2744
3054 2744
3055 2745
3056 2745
3057 2745
3058 2745
3059 2746
3060 2746
3061 2747
3062 2747
3063 2747
3064 2748
3065 2749
3066 2749
3067 2750
3068 2750
3069 2751
3070 2752
3071 2753
3072 2753
3073 2754
3074 2755
3075 2755
3076 2756
3076 2757
3077 2757
3078 2758
3079 2759
3080 2759
3081 2760
3082 2760
3083 2761
3084 2761
3085 2761
3086 2761
3087 2762
3088 2762
3089 2762
3090 2762
3091 2762
3092 2762
3093 2762
3094 2762
3095 2762
3096 2762
3097 2762
3098 2762
3099 2762
3100 2762
3101 2762
3102 2762
3103 2762
3104 2762
3105 2762
3106 2762
3107 2762
3108 2762
3109 2762
3110 2762
3111 2762
3112 2762
3113 2762
3114 2762
3115 2762
3116 2762
3117 2762
3118 2762
3119 2762
3120 2762
3121 2762
3122 2762
3123 2762
3124 2762
3125 2761
3126 2761
3127 2761
3128 2761
3129 2760
3130 2760
3131 2760
3132 2760
3133 2760
3134 2760
3135 2760
3136 2760
3137 2760
3138 2760
3139 2760
3140 2760
3141 2760
3142 2760
3143 2760
3144 2760
3145 2760
3146 2760
3147 2760
3148 2760
3149 2760
3150 2760
3151 2760
3152 2760
3153 2760
3154 2760
3155 2761
3156 2761
3157 2761
3158 2761
3159 2761
3160 2761
3161 2761
3162 2761
3163 2760
3164 2760
3165 2760
3166 2760
3167 2760
3168 2760
3169 2760
3170 2760
3171 2760
3172 2760
3173 2761
3174 2761
3175 2761
3176 2761
3177 2762
3178 2762
3179 2762
3180 2762
3181 2761
3182 2761
3183 2760
3184 2759
3185 2759
3185 2758
3186 2757
3187 2757
3187 2756
3188 2755
3189 2755
3189 2754
3190 2753
3191 2752
3192 2751
3193 2750
3193 2749
3193 2748
3194 2747
3195 2746
3195 2745
3196 2744
3197 2743
3198 2742
3199 2741
3200 2741
3201 2740
3202 2739
3203 2739
3204 2739
3205 2738
3206 2738
3207 2738
3208 2738
3209 2738
3210 2738
3211 2738
3212 2738
3213 2737
3214 2737
3215 2737
3216 2737
3217 2736
3218 2736
3219 2736
3220 2736
3221 2736
3222 2736
3223 2735
3224 2735
3225 2735
3226 2735
3227 2734
3228 2733
3229 2732
3230 2731
3231 2730
3231 2729
3232 2728
3232 2727
3233 2726
3233 2725
3234 2724
3235 2723
3236 2722
3237 2721
3238 2721
3239 2720
3240 2719
3241 2718
3242 2718
3243 2717
3244 2717
3245 2716
3246 2716
3247 2716
3248 2716
3249 2715
3250 2715
3251 2715
3252 2715
3253 2714
3254 2713
3255 2712
3256 2711
3257 2711
3257 2710
3258 2709
3259 2709
3259 2708
3260 2707
3261 2707
3261 2706
3262 2705
3263 2705
3263 2704
3264 2703
3265 2703
3266 2702
3267 2701
3268 2701
3269 2700
3270 2700
3271 2700
3272 2700
3273 2700
3274 2700
3275 2699
3276 2699
3277 2699
3278 2699
3279 2698
3280 2698
3281 2697
3282 2697
3283 2697
3284 2697
3285 2696
3286 2696
3287 2696
3288 2696
3289 2696
3290 2696
3291 2696
3292 2696
3293 2696
3294 2696
3295 2695
3296 2695
3297 2694
3298 2693
3299 2693
3299 2692
3300 2691
3301 2691
3302 2690
3303 2689
3304 2689
3305 2688
3306 2687
3307 2686
3308 2685
3309 2684
3310 2683
3311 2682
3311 2681
3312 2680
3313 2679
3313 2678
3314 2677
3315 2677
3315 2676
3316 2675
3317 2675
3317 2674
3318 2673
3319 2673
3319 2672
3320 2671
3321 2671
3321 2670
3322 2669
3323 2669
3323 2668
3324 2667
3325 2667
3325 2666
3326 2665
3327 2665
3327 2664
3328 2663
3329 2663
3329 2662
3330 2661
3331 2661
3331 2660
3332 2659
3333 2659
3333 2658
3334 2657
3335 2656
3336 2655
3337 2654
3337 2653
3338 2652
3339 2651
3339 2650
3340 2649
3341 2648
3342 2647
3343 2646
3343 2645
3344 2644
3345 2643
3345 2642
3346 2641
3347 2640
3347 2639
3348 2638
3348 2637
3348 2636
3348 2635
3349 2634
3349 2633
3350 2632
3350 2631
3351 2630
3351 2629
3352 2628
3352 2627
3352 2626
3352 2625
3352 2624
3352 2623
3353 2622
3353 2621
3353 2620
3354 2619
3355 2618
3355 2617
3356 2616
3356 2615
3357 2614
3357 2613
3358 2612
3358 2611
3358 2610
3358 2609
3358 2608
3358 2607
3359 2606
3359 2605
3359 2604
3360 2603
3361 2602
3361 2601
3361 2600
3361 2599
3362 2598
3362 2597
3363 2596
3363 2595
3363 2594
3363 2593
3364 2592
3364 2591
3364 2590
3364 2589
3364 2588
3364 2587
3363 2586
3363 2585
3363 2584
3363 2583
3362 2582
3362 2581
3362 2580
3362 2579
3362 2578
3362 2577
3361 2576
3361 2575
3361 2574
3361 2573
3360 2572
3360 2571
3360 2570
3360 2569
3360 2568
3360 2567
3361 2566
3361 2565
3361 2564
3361 2563
3362 2562
3362 2561
3362 2560
3362 2559
3362 2558
3362 2557
3362 2556
3362 2555
3362 2554
3362 2553
3362 2552
3362 2551
3362 2550
3362 2549
3361 2548
3361 2547
3360 2546
3360 2545
3359 2544
3359 2543
3358 2542
3358 2541
3357 2540
3357 2539
3357 2538
3357 2537
3356 2536
3356 2535
3355 2534
3355 2533
3355 2532
3355 2531
3354 2530
3354 2529
3353 2528
3353 2527
3353 2526
3353 2525
3352 2524
3352 2523
3351 2522
3351 2521
3351 2520
3351 2519
3350 2518
3349 2517
3348 2516
3347 2515
3347 2514
3346 2513
3345 2512
3345 2511
3344 2510
3343 2509
3342 2508
3341 2507
3341 2506
3340 2506
3339 2505
3339 2504
3338 2504
3337 2503
3337 2502
3336 2502
3335 2501
3335 2500
3334 2500
3333 2499
3332 2498
3331 2497
3330 2496
3329 2496
3328 2495
3327 2494
3326 2494
3325 2493
3325 2492
3324 2492
3323 2491
3323 2490
3322 2490
3321 2489
3321 2488
3320 2488
3319 2487
3319 2486
3318 2486
3317 2485
3316 2484
3315 2484
3314 2483
3313 2483
3312 2483
3311 2483
3310 2483
3309 2483
3308 2482
3307 2482
3306 2482
3305 2482
3304 2481
3303 2481
3302 2481
3301 2481
3300 2480
3299 2480
3298 2480
3297 2480
3296 2479
3295 2479
3294 2479
3293 2479
3292 2479
3291 2479
3290 2478
3289 2478
3288 2478
3287 2477
3286 2476
3285 2476
3284 2476
3283 2476
3282 2475
3281 2475
3280 2475
3279 2475
3278 2475
3277 2475
3276 2475
3275 2475
3274 2474
3273 2474
3272 2473
3271 2472
3270 2472
3269 2471
3269 2470
3268 2470
3267 2469
3267 2468
3266 2468
3265 2467
3264 2466
3263 2465
3262 2464
3261 2464
3260 2464
3259 2464
3258 2463
3257 2463
3256 2462
3255 2462
3254 2462
3253 2461
3252 2460
3251 2460
3250 2459
3249 2458
3248 2458
3247 2457
3247 2456
3246 2456
3245 2455
3245 2454
3244 2454
3243 2453
3243 2452
3242 2452
3241 2451
3241 2450
3240 2449
3239 2448
3239 2447
3238 2446
3237 2445
3236 2444
3236 2443
3235 2442
3235 2441
3234 2440
3233 2439
3232 2438
3231 2438
3230 2437
3229 2437
3228 2436
3227 2436
3226 2436
3225 2435
3224 2434
3223 2434
3222 2434
3221 2434
3220 2433
3219 2433
3218 2433
3217 2433
3216 2433
3215 2433
3214 2433
3213 2433
3212 2433
3211 2433
3210 2433
3209 2433
3208 2432
3207 2432
3206 2432
3205 2432
3204 2431
3203 2431
3202 2431
3201 2431
3200 2430
3199 2430
3198 2430
3197 2429
3196 2428
3195 2428
3194 2428
3193 2428
3192 2427
3191 2427
3190 2427
3189 2427
3188 2427
3187 2427
3186 2427
3185 2427
3184 2427
3183 2427
3182 2427
3181 2427
3180 2427
3179 2427
3178 2427
3177 2427
3176 2427
3175 2427
3174 2426
3173 2426
3172 2425
3171 2424
3170 2424
3169 2423
3168 2422
3167 2422
3166 2421
3165 2421
3164 2420
3163 2420
3162 2419
3161 2419
3160 2418
3159 2417
3158 2416
3157 2416
3156 2415
3155 2414
3154 2414
3153 2413
3152 2412
3151 2411
3150 2410
3149 2410
3148 2410
3147 2410
3146 2409
3145 2409
3144 2409
3143 2409
3142 2408
3141 2408
3140 2408
3139 2408
3138 2407
3137 2407
3136 2407
3135 2407
3134 2407
3133 2407
3132 2407
3131 2407
3130 2407
3129 2407
3128 2407
3127 2407
3126 2407
3125 2407
3124 2407
3123 2407
3122 2408
3121 2408
3120 2408
3119 2408
3118 2409
3117 2409
3116 2409
3115 2409
3114 2409
3113 2409
3112 2409
3111 2409
3110 2409
3109 2409
3108 2409
3107 2409
3106 2409
3105 2409
3104 2409
3103 2409
3102 2409
3101 2409
3100 2408
3099 2408
3098 2408
3097 2407
3096 2406
3095 2406
3094 2406
3093 2406
3092 2405
3091 2405
3090 2405
3089 2405
3088 2405
3087 2405
3086 2405
3085 2405
3084 2405
3083 2405
3082 2405
3081 2405
3080 2405
3079 2405
3078 2405
3077 2405
3076 2405
3075 2405
3074 2405
3073 2405
3072 2404
3071 2404
3070 2404
3069 2403
3068 2402
3067 2402
3066 2401
3065 2401
3064 2400
3063 2400
3062 2399
3061 2399
3060 2399
3059 2399
3058 2399
3057 2399
3056 2399
3055 2399
3054 2399
3053 2399
3052 2399
3051 2399
3050 2399
3049 2399
3048 2399
3047 2399
3046 2399
3045 2399
3044 2399
3043 2399
3042 2399
3041 2399
3040 2399
3039 2399
3038 2398
3037 2398
3036 2398
3035 2398
3034 2397
3033 2397
3032 2397
3031 2397
3030 2397
3029 2397
3028 2397
3027 2397
3026 2397
3025 2397
3024 2397
3023 2397
3022 2397
3021 2397
3020 2397
3019 2397
3018 2397
3017 2397
3016 2397
3015 2397
3014 2397
3013 2397
3012 2397
3011 2397
3010 2397
3009 2397
3008 2397
3007 2397
3006 2397
3005 2397
3004 2396
3003 2396
3002 2395
3001 2394
3000 2394
2999 2393
2998 2392
2997 2392
2996 2391
2995 2391
2994 2390
2993 2390
2992 2389
2991 2388
2990 2388
2989 2387
2988 2386
2987 2386
2986 2385
2985 2385
2984 2384
2983 2384
2982 2383
2981 2382
2980 2382
2979 2381
2978 2380
2977 2380
2976 2379
2975 2379
2974 2379
2973 2379
