801 3845
800 3846
799 3846
798 3846
797 3846
796 3847
795 3848
794 3848
793 3848
792 3849
791 3849
790 3849
789 3849
788 3849
787 3849
786 3849
785 3849
784 3849
783 3849
782 3850
781 3850
780 3850
779 3850
778 3851
777 3851
776 3851
775 3851
774 3851
773 3851
772 3851
771 3851
770 3851
769 3851
768 3851
767 3851
766 3851
765 3851
764 3851
763 3851
762 3852
761 3852
760 3852
759 3852
758 3853
757 3853
756 3854
755 3854
754 3854
753 3854
752 3855
751 3855
750 3855
749 3855
748 3855
747 3855
746 3855
745 3855
744 3855
743 3855
742 3855
741 3855
740 3855
739 3855
738 3855
737 3855
736 3855
735 3855
734 3855
733 3855
732 3855
731 3855
730 3856
729 3856
728 3856
727 3856
726 3857
725 3857
724 3857
723 3857
722 3857
721 3857
720 3857
719 3857
718 3857
717 3857
716 3857
715 3857
714 3857
713 3857
712 3857
711 3857
710 3857
709 3857
708 3857
707 3857
706 3857
705 3857
704 3857
703 3857
702 3857
701 3857
700 3857
699 3857
698 3857
697 3857
696 3858
695 3858
694 3858
693 3858
692 3859
691 3859
690 3860
689 3860
688 3860
687 3860
686 3861
685 3861
684 3861
683 3861
682 3861
681 3861
680 3861
679 3861
678 3861
677 3861
676 3861
675 3861
674 3861
673 3861
672 3861
671 3861
670 3862
669 3862
668 3863
668 3864
667 3865
667 3866
667 3867
667 3868
667 3869
667 3870
667 3871
667 3872
667 3873
667 3874
667 3875
667 3876
666 3877
666 3878
665 3879
665 3880
664 3881
664 3882
663 3883
663 3884
662 3885
662 3886
661 3887
661 3888
660 3889
659 3890
658 3891
658 3892
657 3893
657 3894
656 3895
656 3896
655 3897
655 3898
655 3899
655 3900
654 3901
654 3902
653 3903
652 3904
652 3905
651 3906
650 3906
650 3907
649 3908
648 3908
648 3909
647 3910
646 3911
646 3912
645 3913
645 3914
644 3915
644 3916
643 3917
643 3918
642 3919
641 3920
640 3921
639 3922
638 3923
637 3924
636 3925
636 3926
635 3927
635 3928
634 3929
634 3930
633 3931
633 3932
632 3933
632 3934
631 3935
631 3936
631 3937
631 3938
631 3939
631 3940
630 3941
630 3942
629 3943
628 3944
628 3945
627 3946
626 3947
626 3948
626 3949
626 3950
626 3951
626 3952
627 3953
627 3954
626 3955
626 3956
626 3957
626 3958
626 3959
626 3960
626 3961
626 3962
627 3963
627 3964
627 3965
627 3966
627 3967
627 3968
627 3969
627 3970
626 3971
625 3971
624 3971
623 3971
622 3972
621 3972
620 3973
620 3974
619 3975
619 3976
619 3977
619 3978
619 3979
619 3980
620 3981
620 3982
620 3983
620 3984
620 3985
620 3986
620 3987
620 3988
619 3989
619 3990
620 3991
620 3992
621 3993
621 3994
621 3995
621 3996
621 3997
621 3998
621 3999
621 4000
621 4001
621 4002
621 4003
621 4004
621 4005
621 4006
621 4007
621 4008
622 4009
622 4010
622 4011
622 4012
623 4013
623 4014
623 4015
623 4016
623 4017
623 4018
623 4019
623 4020
623 4021
623 4022
622 4023
622 4024
621 4025
620 4026
619 4026
618 4027
617 4027
616 4027
615 4027
614 4028
613 4028
612 4029
611 4030
610 4030
609 4031
608 4032
608 4033
607 4034
606 4035
606 4036
606 4037
605 4038
605 4039
605 4040
605 4041
605 4042
605 4043
605 4044
605 4045
605 4046
604 4047
604 4048
603 4049
602 4050
602 4051
601 4052
600 4052
600 4053
599 4054
598 4054
598 4055
597 4056
596 4057
595 4058
594 4059
594 4060
593 4061
592 4062
592 4063
591 4064
590 4064
590 4065
589 4066
588 4066
588 4067
587 4068
586 4068
586 4069
585 4070
584 4070
584 4071
583 4072
582 4072
582 4073
581 4074
580 4074
580 4075
579 4076
578 4076
577 4077
576 4078
576 4079
575 4080
574 4081
574 4082
574 4083
573 4084
573 4085
573 4086
573 4087
573 4088
573 4089
573 4090
573 4091
574 4092
574 4093
574 4094
575 4095
575 4096
576 4097
576 4098
577 4099
578 4100
578 4101
579 4102
580 4103
580 4104
581 4105
581 4106
582 4107
582 4108
583 4109
584 4110
584 4111
585 4111
586 4112
586 4113
587 4113
588 4114
589 4115
590 4115
591 4116
592 4116
593 4116
594 4116
595 4116
596 4116
597 4117
598 4117
599 4117
600 4117
601 4118
602 4118
603 4118
604 4118
605 4118
606 4118
607 4118
608 4118
609 4118
610 4118
611 4118
612 4118
613 4118
614 4118
615 4118
616 4118
617 4118
618 4118
619 4118
620 4118
621 4118
622 4118
623 4118
624 4118
625 4118
626 4118
627 4118
628 4118
629 4118
630 4118
631 4118
632 4118
633 4118
634 4118
635 4117
636 4117
637 4116
638 4115
639 4115
640 4114
641 4113
642 4113
643 4112
644 4112
645 4112
646 4112
647 4112
648 4112
649 4112
650 4112
651 4112
652 4112
653 4112
654 4112
655 4112
656 4112
657 4112
658 4112
659 4112
660 4112
661 4112
662 4112
663 4112
664 4112
665 4112
666 4112
667 4112
668 4112
669 4112
670 4112
671 4112
672 4112
673 4112
674 4112
675 4111
676 4111
677 4111
678 4111
679 4110
680 4110
681 4110
682 4110
683 4110
684 4110
685 4110
686 4110
687 4110
688 4110
689 4110
690 4110
691 4110
692 4110
693 4110
694 4110
695 4110
696 4110
697 4110
698 4110
699 4110
700 4110
701 4110
702 4110
703 4110
704 4110
705 4110
706 4110
707 4110
708 4110
709 4110
710 4110
711 4110
712 4110
713 4110
714 4110
715 4110
716 4110
717 4110
718 4110
719 4110
720 4110
721 4110
722 4110
723 4110
724 4110
725 4109
726 4109
727 4109
728 4109
729 4108
730 4108
731 4108
732 4108
733 4108
734 4108
735 4109
736 4109
737 4110
738 4110
739 4111
740 4111
741 4112
742 4112
743 4112
744 4112
745 4112
746 4112
747 4112
748 4112
749 4112
750 4112
751 4112
752 4112
753 4112
754 4112
755 4112
756 4112
757 4112
758 4112
759 4112
760 4112
761 4112
762 4112
763 4112
764 4112
765 4112
766 4112
767 4112
768 4112
769 4112
770 4112
771 4112
772 4112
773 4112
774 4112
775 4112
776 4112
777 4112
778 4112
779 4112
780 4112
781 4112
782 4112
783 4113
784 4113
785 4114
786 4115
787 4115
788 4116
788 4117
789 4117
790 4118
790 4119
791 4119
792 4120
793 4121
794 4121
795 4122
796 4122
797 4122
798 4122
799 4122
800 4122
801 4122
802 4122
803 4122
804 4122
805 4122
806 4122
807 4121
808 4121
809 4121
810 4121
811 4120
812 4119
813 4119
814 4119
815 4118
816 4118
817 4118
818 4118
819 4118
820 4118
821 4118
822 4118
823 4118
824 4118
825 4118
826 4118
827 4118
828 4118
829 4117
830 4117
831 4117
832 4117
833 4116
834 4115
835 4115
836 4115
837 4114
838 4113
839 4113
840 4113
841 4112
842 4112
843 4112
844 4112
845 4111
846 4111
847 4110
848 4110
849 4109
850 4109
851 4108
852 4107
853 4106
854 4105
855 4105
855 4104
856 4103
857 4103
858 4102
859 4101
860 4101
861 4100
862 4099
863 4098
864 4098
865 4097
866 4097
867 4096
868 4096
869 4096
870 4096
871 4096
872 4096
873 4096
874 4096
875 4095
876 4095
877 4095
878 4095
879 4094
880 4093
881 4092
882 4091
883 4091
883 4090
884 4089
885 4088
885 4087
886 4086
886 4085
886 4084
886 4083
886 4082
886 4081
886 4080
886 4079
886 4078
886 4077
887 4076
888 4076
889 4076
890 4076
891 4076
892 4076
893 4077
894 4077
895 4077
896 4078
897 4079
898 4079
899 4079
900 4079
901 4080
902 4080
903 4081
904 4081
905 4082
906 4083
907 4083
908 4084
908 4085
909 4085
910 4086
911 4087
912 4088
913 4089
914 4089
915 4089
916 4090
917 4091
918 4091
919 4092
920 4093
921 4093
922 4094
923 4095
924 4096
925 4097
926 4097
927 4097
928 4098
929 4099
930 4099
931 4100
932 4101
933 4101
934 4102
934 4103
935 4103
936 4104
937 4105
938 4106
939 4107
940 4107
941 4107
942 4108
943 4109
944 4109
945 4109
946 4110
947 4111
948 4111
949 4112
950 4113
951 4113
952 4114
952 4115
953 4115
954 4116
955 4117
956 4117
957 4118
958 4118
959 4118
960 4118
961 4118
962 4118
963 4119
964 4119
965 4119
966 4119
967 4120
968 4120
969 4120
970 4120
971 4120
972 4120
973 4120
974 4120
975 4120
976 4120
977 4120
978 4120
979 4120
980 4120
981 4120
982 4120
983 4120
984 4120
985 4120
986 4120
987 4120
988 4120
989 4120
990 4120
991 4120
992 4120
993 4120
994 4120
995 4120
996 4120
997 4120
998 4120
999 4120
1000 4120
1001 4120
1002 4120
1003 4120
1004 4120
1005 4120
1006 4120
1007 4120
1008 4120
1009 4121
1010 4121
1011 4121
1012 4121
1013 4122
1014 4122
1015 4122
1016 4122
1017 4122
1018 4122
1019 4122
1020 4122
1021 4122
1022 4122
1023 4122
1024 4122
1025 4122
1026 4122
1027 4122
1028 4122
1029 4122
1030 4122
1031 4122
1032 4122
1033 4122
1034 4122
1035 4121
1036 4121
1037 4121
1038 4121
1039 4120
1040 4119
1041 4119
1042 4119
1043 4118
1044 4118
1045 4118
1046 4118
1047 4118
1048 4118
1049 4118
1050 4118
1051 4118
1052 4118
1053 4118
1054 4118
1055 4118
1056 4118
1057 4118
1058 4118
1059 4118
1060 4118
1061 4117
1062 4117
1063 4116
1064 4116
1065 4115
1066 4115
1067 4114
1068 4114
1069 4114
1070 4114
1071 4114
1072 4114
1073 4114
1074 4114
1075 4115
1076 4115
1077 4115
1078 4116
1079 4117
1080 4117
1081 4117
1082 4118
1083 4119
1084 4119
1085 4120
1086 4121
1087 4121
1088 4122
1088 4123
1089 4123
1090 4124
1090 4125
1091 4125
1092 4126
1092 4127
1093 4127
1094 4128
1095 4129
1096 4129
1097 4130
1098 4130
1099 4129
1100 4129
1101 4128
1102 4128
1103 4127
1104 4127
1105 4126
1106 4126
1107 4125
1108 4124
1109 4123
1109 4122
1110 4121
1111 4120
1112 4119
1113 4118
1114 4118
1115 4119
1116 4119
1117 4120
1118 4120
1119 4121
1120 4121
1121 4122
1122 4122
1123 4122
1124 4122
1125 4122
1126 4122
1127 4121
1128 4121
1129 4121
1130 4121
1131 4120
1132 4120
1133 4119
1134 4119
1135 4118
1136 4117
1137 4117
1137 4116
1138 4115
1139 4115
1139 4114
1140 4113
1141 4113
1141 4112
1142 4111
1143 4111
1143 4110
1144 4109
1145 4109
1145 4108
1146 4107
1147 4107
1147 4106
1148 4105
1149 4105
1150 4104
1151 4103
1152 4103
1153 4102
1154 4102
1155 4102
1156 4102
1157 4102
1158 4102
1159 4102
1160 4102
1161 4102
1162 4102
1163 4102
1164 4102
1165 4102
1166 4102
1167 4102
1168 4102
1169 4102
1170 4102
1171 4101
1172 4101
1173 4100
1174 4099
1175 4098
1175 4097
1176 4096
1176 4095
1176 4094
1176 4093
1176 4092
1176 4091
1176 4090
1176 4089
1176 4088
1176 4087
1176 4086
1176 4085
1176 4084
1176 4083
1177 4082
1177 4081
1177 4080
1177 4079
1178 4078
1178 4077
1178 4076
1178 4075
1178 4074
1178 4073
1178 4072
1178 4071
1178 4070
1178 4069
1178 4068
1178 4067
1177 4066
1177 4065
1177 4064
1177 4063
1176 4062
1176 4061
1175 4060
1175 4059
1175 4058
1175 4057
1174 4056
1173 4055
1173 4054
1173 4053
1172 4052
1172 4051
1171 4050
1171 4049
1171 4048
1171 4047
1170 4046
1170 4045
1169 4044
1169 4043
1168 4042
1168 4041
1167 4040
1167 4039
1166 4038
1166 4037
1166 4036
1166 4035
1165 4034
1165 4033
1165 4032
1165 4031
1164 4030
1164 4029
1164 4028
1164 4027
1163 4026
1163 4025
1162 4024
1161 4023
1161 4022
1160 4021
1159 4020
1159 4019
1158 4018
1158 4017
1158 4016
1158 4015
1158 4014
1158 4013
1158 4012
1158 4011
1158 4010
1158 4009
1158 4008
1158 4007
1157 4006
1157 4005
1157 4004
1157 4003
1156 4002
1156 4001
1155 4000
1155 3999
1155 3998
1155 3997
1154 3996
1154 3995
1154 3994
1154 3993
1154 3992
1154 3991
1154 3990
1154 3989
1154 3988
1154 3987
1153 3986
1153 3985
1153 3984
1153 3983
1152 3982
1152 3981
1152 3980
1152 3979
1152 3978
1152 3977
1152 3976
1152 3975
1152 3974
1152 3973
1152 3972
1152 3971
1152 3970
1152 3969
1152 3968
1152 3967
1151 3966
1151 3965
1151 3964
1151 3963
1150 3962
1150 3961
1150 3960
1150 3959
1150 3958
1150 3957
1149 3956
1149 3955
1149 3954
1149 3953
1148 3952
1148 3951
1147 3950
1147 3949
1147 3948
1147 3947
1146 3946
1145 3945
1144 3944
1144 3943
1143 3942
1143 3941
1142 3940
1141 3939
1140 3938
1140 3937
1139 3936
1139 3935
1138 3934
1137 3933
1136 3932
1135 3931
1135 3930
1134 3930
1133 3929
1132 3928
1131 3928
1130 3927
1129 3927
1128 3926
1127 3926
1126 3925
1125 3924
1124 3924
1123 3923
1122 3922
1121 3922
1120 3921
1119 3921
1118 3920
1117 3920
1116 3920
1115 3920
1114 3919
1113 3919
1112 3919
1111 3919
1110 3919
1109 3919
1108 3919
1107 3919
1106 3919
1105 3919
1104 3918
1103 3918
1102 3918
1101 3918
1100 3917
1099 3917
1098 3917
1097 3917
1096 3917
1095 3917
1094 3917
1093 3917
1092 3917
1091 3917
1090 3917
1089 3917
1088 3917
1087 3917
1086 3917
1085 3917
1084 3917
1083 3917
1082 3917
1081 3917
1080 3917
1079 3917
1078 3917
1077 3917
1076 3917
1075 3917
1074 3917
1073 3917
1072 3917
1071 3917
1070 3918
1069 3918
1068 3918
1067 3918
1066 3919
1065 3919
1064 3919
1063 3919
1062 3919
1061 3919
1060 3919
1059 3919
1058 3920
1057 3920
1056 3920
1055 3920
1054 3921
1053 3921
1052 3921
1051 3921
1050 3922
1049 3922
1048 3922
1047 3922
1046 3923
1045 3923
1044 3924
1043 3924
1042 3924
1041 3924
1040 3925
1039 3926
1038 3926
1037 3926
1036 3927
1035 3928
1034 3928
1033 3928
1032 3929
1031 3929
1030 3930
1029 3930
1028 3931
1027 3931
1026 3932
1025 3932
1024 3933
1023 3933
1022 3932
1021 3932
1020 3931
1019 3930
1018 3930
1017 3929
1017 3928
1016 3928
1015 3927
1015 3926
1014 3926
1013 3925
1013 3924
1012 3924
1011 3923
1011 3922
1010 3922
1009 3921
1009 3920
1008 3920
1007 3919
1006 3918
1005 3917
1004 3916
1003 3916
1002 3915
1001 3914
1001 3913
1000 3912
999 3911
998 3910
997 3910
996 3909
995 3909
994 3909
993 3909
992 3909
991 3909
990 3908
990 3907
990 3906
990 3905
990 3904
990 3903
989 3902
989 3901
988 3900
987 3899
987 3898
986 3898
985 3897
985 3896
984 3896
983 3895
982 3894
981 3894
980 3893
979 3893
978 3893
977 3893
976 3893
975 3893
974 3892
973 3892
972 3891
971 3890
970 3890
969 3889
969 3888
968 3887
967 3886
967 3885
966 3884
965 3883
964 3882
964 3881
963 3880
963 3879
962 3878
961 3877
960 3876
959 3875
959 3874
958 3874
957 3873
956 3872
955 3872
954 3871
953 3871
952 3871
951 3871
950 3871
949 3871
948 3871
947 3871
946 3871
945 3871
944 3871
943 3871
942 3871
941 3871
940 3871
939 3871
938 3871
937 3871
936 3871
935 3871
934 3871
933 3871
932 3871
931 3871
930 3871
929 3871
928 3871
927 3871
926 3871
925 3871
924 3871
923 3871
922 3871
921 3871
920 3871
919 3871
918 3872
917 3872
916 3872
915 3872
914 3873
913 3873
912 3873
911 3873
910 3873
909 3873
908 3873
907 3873
906 3873
905 3873
904 3873
903 3873
902 3873
901 3873
900 3873
899 3873
898 3874
897 3874
896 3874
895 3874
894 3875
893 3875
892 3875
891 3875
890 3875
889 3875
888 3875
887 3875
886 3875
885 3875
884 3875
883 3875
882 3875
881 3875
880 3875
879 3875
878 3875
877 3875
876 3874
875 3874
874 3874
873 3874
872 3873
871 3873
870 3873
869 3873
868 3873
867 3873
866 3872
865 3872
864 3871
863 3870
862 3870
861 3869
861 3868
860 3868
859 3867
859 3866
858 3865
857 3864
857 3863
856 3862
856 3861
855 3860
855 3859
855 3858
855 3857
854 3856
853 3855
853 3854
853 3853
852 3852
851 3851
850 3850
849 3849
848 3848
847 3848
846 3847
845 3847
844 3847
843 3847
842 3847
841 3847
840 3846
839 3846
838 3846
837 3846
836 3845
835 3845
834 3845
833 3845
832 3845
831 3845
830 3845
829 3845
828 3845
827 3845
826 3845
825 3845
824 3845
823 3845
822 3845
821 3845
820 3845
819 3845
818 3845
817 3845
816 3845
815 3845
814 3845
813 3845
812 3845
811 3845
810 3845
809 3845
808 3845
807 3845
806 3845
805 3845
804 3845
803 3845
802 3845
801 3845
