978 935
977 936
976 936
975 936
974 936
973 937
972 937
971 938
970 938
969 939
968 939
967 940
966 940
965 941
964 941
963 941
962 941
961 941
960 941
959 941
958 941
957 940
956 940
955 940
954 940
953 939
952 939
951 938
950 938
949 938
948 938
947 937
946 937
945 937
944 937
943 937
942 937
941 937
940 937
939 937
938 937
937 937
936 937
935 937
934 937
933 937
932 937
931 937
930 937
929 937
928 937
927 937
926 937
925 938
924 938
923 938
922 938
921 939
920 939
919 939
918 939
917 939
916 939
915 940
914 940
913 940
912 940
911 941
910 942
909 943
908 943
907 944
906 944
905 945
904 946
903 946
902 946
901 947
900 947
899 947
898 947
897 948
896 948
895 948
894 948
893 949
892 950
891 951
890 952
889 952
888 953
887 954
886 954
885 955
884 955
883 956
882 956
881 957
880 957
879 958
878 958
877 959
876 960
875 960
874 960
873 961
872 962
871 962
870 962
869 963
868 964
867 964
866 965
865 966
864 967
864 968
863 969
863 970
863 971
863 972
862 973
862 974
862 975
862 976
862 977
862 978
861 979
861 980
860 981
859 982
859 983
858 984
857 984
856 985
855 986
854 987
853 988
852 989
852 990
852 991
852 992
852 993
852 994
852 995
852 996
852 997
852 998
852 999
852 1000
852 1001
852 1002
852 1003
852 1004
852 1005
852 1006
852 1007
852 1008
852 1009
852 1010
851 1011
850 1011
850 1012
849 1013
848 1013
847 1013
846 1014
845 1015
845 1016
844 1017
844 1018
843 1019
843 1020
843 1021
843 1022
843 1023
843 1024
843 1025
843 1026
844 1027
844 1028
845 1029
845 1030
845 1031
845 1032
846 1033
846 1034
846 1035
846 1036
846 1037
846 1038
846 1039
846 1040
845 1041
844 1041
843 1041
842 1041
841 1041
840 1041
840 1042
840 1043
840 1044
841 1044
842 1044
843 1044
844 1044
845 1044
846 1044
847 1044
848 1045
849 1045
850 1045
851 1046
852 1047
853 1047
854 1048
855 1048
856 1049
857 1049
858 1049
859 1049
860 1049
861 1049
862 1049
863 1049
864 1049
865 1050
866 1051
867 1051
868 1052
869 1053
870 1053
871 1054
871 1055
872 1055
873 1056
874 1057
875 1058
876 1059
877 1059
878 1060
879 1060
880 1061
881 1062
882 1063
883 1063
884 1063
885 1064
886 1065
887 1065
888 1065
889 1066
890 1067
891 1067
892 1068
893 1068
894 1069
895 1069
896 1070
897 1070
898 1071
899 1071
900 1071
901 1072
902 1073
903 1073
904 1074
905 1074
906 1075
907 1075
908 1076
909 1076
910 1077
911 1077
912 1078
913 1078
914 1079
915 1080
916 1081
917 1081
918 1082
919 1082
920 1083
921 1083
922 1084
923 1084
924 1084
925 1084
926 1084
927 1084
928 1085
929 1085
930 1086
931 1086
932 1087
933 1087
934 1088
935 1088
936 1088
937 1088
938 1088
939 1088
940 1088
941 1088
942 1088
943 1088
944 1089
945 1089
946 1089
947 1089
948 1090
949 1090
950 1091
951 1091
952 1091
953 1092
954 1093
955 1093
956 1093
957 1093
958 1094
959 1094
960 1094
961 1094
962 1094
963 1094
964 1094
965 1094
966 1095
967 1095
968 1095
969 1095
970 1096
971 1096
972 1096
973 1096
974 1096
975 1096
976 1096
977 1096
978 1097
979 1097
980 1097
981 1097
982 1098
983 1098
984 1099
985 1099
986 1099
987 1099
988 1100
989 1100
990 1100
991 1100
992 1100
993 1100
994 1101
995 1101
996 1101
997 1101
998 1102
999 1102
1000 1102
1001 1102
1002 1103
1003 1103
1004 1103
1005 1103
1006 1104
1007 1104
1008 1105
1009 1105
1010 1105
1011 1106
1012 1107
1013 1107
1014 1107
1015 1107
1016 1108
1017 1108
1018 1108
1019 1108
1020 1108
1021 1108
1022 1108
1023 1108
1024 1107
1025 1107
1026 1107
1027 1107
1028 1106
1029 1106
1030 1106
1031 1106
1032 1106
1033 1106
1034 1106
1035 1106
1036 1106
1037 1106
1038 1106
1039 1106
1040 1105
1041 1105
1042 1104
1043 1103
1044 1103
1044 1102
1045 1101
1046 1101
1046 1100
1047 1099
1048 1099
1049 1098
1050 1097
1051 1097
1052 1097
1053 1097
1054 1098
1055 1098
1056 1099
1057 1100
1058 1101
1059 1101
1060 1101
1061 1101
1062 1102
1063 1102
1064 1102
1065 1102
1066 1102
1067 1102
1068 1102
1069 1102
1070 1102
1071 1102
1072 1102
1073 1102
1074 1102
1075 1102
1076 1101
1077 1101
1078 1101
1079 1101
1080 1100
1081 1100
1082 1100
1083 1100
1084 1100
1085 1100
1086 1100
1087 1100
1088 1099
1089 1099
1090 1099
1091 1099
1092 1098
1093 1098
1094 1098
1095 1098
1096 1097
1097 1097
1098 1097
1099 1097
1100 1096
1101 1095
1102 1094
1103 1094
1104 1093
1105 1093
1106 1092
1107 1091
1108 1090
1109 1090
1110 1089
1111 1089
1112 1088
1113 1088
1114 1088
1115 1088
1116 1087
1117 1087
1118 1087
1119 1087
1120 1086
1121 1086
1122 1086
1123 1086
1124 1086
1125 1086
1126 1086
1127 1086
1128 1087
1129 1087
1130 1087
1131 1087
1132 1088
1133 1088
1134 1088
1135 1088
1136 1088
1137 1088
1138 1088
1139 1088
1140 1088
1141 1088
1142 1088
1143 1088
1144 1089
1145 1089
1146 1090
1147 1090
1148 1091
1149 1091
1150 1092
1151 1092
1152 1092
1153 1092
1154 1092
1155 1092
1156 1092
1157 1092
1158 1092
1159 1092
1160 1092
1161 1092
1162 1092
1163 1092
1164 1092
1165 1092
1166 1092
1167 1092
1168 1091
1169 1091
1170 1091
1171 1091
1172 1090
1173 1090
1174 1089
1175 1089
1176 1089
1177 1089
1178 1088
1179 1088
1180 1087
1181 1087
1182 1087
1183 1087
1184 1086
1185 1086
1186 1085
1187 1085
1188 1085
1189 1085
1190 1084
1191 1084
1192 1084
1193 1084
1194 1083
1195 1083
1196 1083
1197 1083
1198 1082
1199 1081
1200 1080
1201 1080
1202 1079
1203 1079
1204 1078
1205 1077
1206 1077
1207 1077
1208 1076
1209 1075
1210 1075
1211 1075
1212 1074
1213 1073
1214 1073
1215 1073
1216 1072
1217 1071
1218 1071
1219 1071
1220 1070
1221 1069
1222 1069
1223 1069
1224 1068
1225 1068
1226 1067
1227 1067
1228 1066
1229 1065
1230 1065
1230 1064
1231 1063
1232 1063
1232 1062
1233 1061
1234 1060
1234 1059
1235 1058
1235 1057
1235 1056
1235 1055
1235 1054
1235 1053
1235 1052
1235 1051
1235 1050
1235 1049
1235 1048
1235 1047
1234 1046
1234 1045
1233 1044
1233 1043
1232 1042
1232 1041
1231 1040
1231 1039
1231 1038
1231 1037
1231 1036
1231 1035
1231 1034
1231 1033
1231 1032
1231 1031
1231 1030
1231 1029
1231 1028
1231 1027
1231 1026
1231 1025
1231 1024
1231 1023
1230 1022
1230 1021
1230 1020
1230 1019
1229 1018
1228 1017
1227 1016
1226 1015
1226 1014
1225 1013
1224 1012
1224 1011
1223 1010
1222 1009
1222 1008
1222 1007
1221 1006
1220 1005
1219 1004
1218 1003
1218 1002
1217 1001
1216 1000
1216 999
1215 998
1215 997
1215 996
1215 995
1215 994
1215 993
1214 992
1214 991
1214 990
1214 989
1213 988
1212 987
1211 986
1210 985
1209 984
1208 984
1207 983
1206 983
1205 982
1204 982
1203 981
1202 981
1201 980
1200 980
1199 979
1198 978
1197 978
1196 977
1195 976
1194 976
1193 975
1192 975
1191 975
1190 975
1189 975
1188 975
1187 975
1186 975
1185 975
1184 975
1183 974
1182 974
1181 973
1180 973
1179 972
1178 972
1177 971
1176 971
1175 970
1174 970
1173 970
1172 969
1171 968
1170 968
1169 967
1168 967
1167 966
1166 966
1165 965
1164 965
1163 965
1162 965
1161 965
1160 965
1159 965
1158 965
1157 964
1156 964
1155 963
1154 962
1153 962
1152 961
1151 960
1150 960
1149 959
1148 959
1147 959
1146 959
1145 959
1144 959
1143 958
1142 958
1141 958
1140 958
1139 957
1138 957
1137 957
1136 957
1135 957
1134 957
1133 957
1132 957
1131 957
1130 957
1129 956
1128 956
1127 956
1126 956
1125 955
1124 955
1123 955
1122 955
1121 955
1120 955
1119 955
1118 955
1117 955
1116 955
1115 955
1114 955
1113 954
1112 954
1111 954
1110 954
1109 953
1108 953
1107 952
1106 952
1105 952
1104 952
1103 951
1102 951
1101 951
1100 951
1099 951
1098 951
1097 951
1096 951
1095 951
1094 951
1093 951
1092 951
1091 950
1090 950
1089 949
1088 949
1087 948
1086 948
1085 947
1084 947
1083 947
1082 947
1081 947
1080 947
1079 947
1078 947
1077 947
1076 947
1075 947
1074 947
1073 947
1072 947
1071 947
1070 947
1069 947
1068 947
1067 947
1066 947
1065 947
1064 947
1063 947
1062 947
1061 947
1060 947
1059 947
1058 947
1057 946
1056 946
1055 946
1054 946
1053 945
1052 945
1051 945
1050 945
1049 945
1048 945
1047 944
1046 944
1045 944
1044 944
1043 943
1042 943
1041 943
1040 943
1039 943
1038 943
1037 943
1036 943
1035 943
1034 943
1033 943
1032 943
1031 943
1030 943
1029 943
1028 943
1027 943
1026 943
1025 942
1024 942
1023 941
1022 941
1021 940
1020 940
1019 939
1018 939
1017 940
1016 940
1015 940
1014 940
1013 941
1012 941
1011 940
1010 940
1009 940
1008 940
1007 939
1006 939
1005 939
1004 939
1003 939
1002 939
1001 939
1000 939
999 939
998 939
997 938
996 938
995 938
994 938
993 937
992 937
991 937
990 937
989 936
988 936
987 936
986 936
985 935
984 935
983 935
982 935
981 935
980 935
979 935
978 935
