591 965
590 966
589 966
588 966
587 966
586 967
585 967
584 968
583 968
582 968
581 968
580 969
579 969
578 969
577 969
576 969
575 969
574 969
573 969
572 969
571 969
570 969
569 969
568 969
567 969
566 969
565 969
564 969
563 969
562 970
561 970
560 970
559 970
558 971
557 971
556 971
555 971
554 971
553 971
552 971
551 971
550 972
549 972
548 973
547 974
546 974
545 975
544 976
543 976
542 977
541 977
540 977
539 977
538 977
537 977
536 977
535 977
534 977
533 977
532 978
531 978
530 979
529 980
528 981
527 982
526 983
526 984
526 985
525 986
524 987
524 988
523 989
522 990
522 991
521 992
520 992
520 993
519 994
518 995
518 996
518 997
518 998
519 999
520 1000
520 1001
521 1002
522 1003
522 1004
523 1005
524 1006
525 1007
526 1008
526 1009
527 1009
528 1010
528 1011
529 1012
530 1013
530 1014
531 1015
532 1016
533 1017
533 1018
534 1019
534 1020
535 1021
536 1022
537 1023
538 1024
538 1025
539 1025
540 1026
540 1027
541 1027
542 1028
542 1029
543 1029
544 1030
544 1031
545 1032
546 1033
546 1034
547 1035
548 1036
548 1037
548 1038
549 1039
550 1040
551 1041
552 1042
553 1043
554 1043
555 1044
556 1044
557 1044
558 1044
559 1044
560 1044
561 1044
562 1044
563 1044
564 1044
565 1044
566 1044
567 1044
568 1044
569 1045
570 1045
571 1045
572 1045
573 1046
574 1046
575 1046
576 1046
577 1046
578 1046
579 1046
580 1046
581 1046
582 1046
583 1046
584 1046
585 1046
586 1046
587 1046
588 1046
589 1046
590 1046
591 1046
592 1046
593 1046
594 1046
595 1046
596 1046
597 1046
598 1046
599 1046
600 1046
601 1046
602 1046
603 1047
604 1047
605 1047
606 1048
607 1049
608 1049
609 1049
610 1049
611 1050
612 1050
613 1050
614 1050
615 1050
616 1050
617 1050
618 1050
619 1050
620 1050
621 1050
622 1050
623 1050
624 1050
625 1050
626 1050
627 1050
628 1050
629 1050
630 1050
631 1050
632 1050
633 1051
634 1051
635 1051
636 1051
637 1052
638 1052
639 1052
640 1052
641 1051
642 1051
643 1051
644 1051
645 1050
646 1050
647 1050
648 1050
649 1050
650 1050
651 1050
652 1050
653 1050
654 1050
655 1050
656 1050
657 1050
658 1050
659 1050
660 1050
661 1050
662 1050
663 1050
664 1050
665 1050
666 1050
667 1050
668 1050
669 1050
670 1050
671 1051
672 1051
673 1051
674 1051
675 1052
676 1052
677 1052
678 1052
679 1052
680 1052
681 1052
682 1052
683 1052
684 1052
685 1052
686 1052
687 1052
688 1052
689 1052
690 1052
691 1052
692 1052
693 1052
694 1052
695 1052
696 1052
697 1052
698 1052
699 1052
700 1052
701 1052
702 1052
703 1052
704 1052
705 1052
706 1052
707 1052
708 1052
709 1052
710 1052
711 1052
712 1052
713 1053
714 1053
715 1053
716 1053
717 1054
718 1054
719 1054
720 1054
721 1054
722 1054
723 1054
724 1054
725 1054
726 1054
727 1054
728 1054
729 1054
730 1054
731 1054
732 1054
733 1054
734 1054
735 1054
736 1054
737 1054
738 1054
739 1054
740 1054
741 1054
742 1054
743 1053
744 1053
745 1053
746 1053
747 1052
748 1052
749 1052
750 1052
751 1052
752 1052
753 1052
754 1052
755 1052
756 1052
757 1052
758 1052
759 1052
760 1052
761 1052
762 1052
763 1052
764 1052
765 1052
766 1052
767 1052
768 1052
769 1052
770 1052
771 1052
772 1052
773 1052
774 1052
775 1052
776 1052
777 1052
778 1052
779 1051
780 1051
781 1051
782 1051
783 1050
784 1050
785 1050
786 1050
787 1050
788 1050
789 1050
790 1050
791 1050
792 1050
793 1050
794 1050
795 1050
796 1050
797 1050
798 1050
799 1050
800 1050
801 1050
802 1050
803 1050
804 1050
805 1050
806 1050
807 1049
808 1049
809 1049
810 1049
811 1048
812 1047
813 1046
814 1046
815 1045
816 1045
817 1044
818 1044
819 1044
820 1044
821 1045
822 1045
823 1045
824 1045
825 1046
826 1046
827 1046
828 1046
829 1046
830 1046
831 1046
832 1046
833 1046
834 1046
835 1046
836 1046
837 1045
838 1045
839 1045
840 1045
841 1044
842 1043
843 1043
844 1043
845 1042
846 1041
847 1040
848 1039
849 1039
849 1038
850 1037
851 1037
852 1036
853 1035
854 1035
855 1034
856 1034
857 1033
858 1033
859 1032
859 1031
860 1030
860 1029
860 1028
860 1027
860 1026
860 1025
860 1024
860 1023
860 1022
860 1021
860 1020
860 1019
860 1018
860 1017
860 1016
860 1015
859 1014
859 1013
859 1012
859 1011
858 1010
858 1009
857 1008
857 1007
857 1006
857 1005
856 1004
856 1003
855 1002
855 1001
854 1000
853 999
853 998
852 998
851 997
850 996
849 995
848 994
847 994
846 994
845 993
844 992
843 992
842 991
841 991
840 990
839 990
838 989
837 989
836 989
835 989
834 988
833 988
832 988
831 988
830 987
829 987
828 987
827 987
826 987
825 987
824 987
823 987
822 986
821 986
820 986
819 986
818 985
817 985
816 985
815 985
814 985
813 985
812 984
811 984
810 984
809 983
808 982
807 982
806 982
805 982
804 981
803 981
802 981
801 981
800 981
799 981
798 980
797 980
796 980
795 980
794 979
793 979
792 979
791 979
790 979
789 979
788 979
787 979
786 979
785 979
784 980
783 980
782 981
781 981
780 982
779 982
778 983
777 983
776 983
775 983
774 983
773 983
772 982
771 982
770 982
769 981
768 980
767 980
766 980
765 980
764 979
763 979
762 978
761 978
760 977
759 977
758 976
757 976
756 975
755 975
754 974
753 974
752 974
751 974
750 973
749 973
748 973
747 973
746 973
745 973
744 973
743 973
742 973
741 973
740 973
739 973
738 973
737 973
736 973
735 973
734 973
733 973
732 973
731 973
730 973
729 973
728 973
727 973
726 973
725 973
724 973
723 973
722 973
721 973
720 973
719 973
718 973
717 973
716 973
715 973
714 973
713 973
712 973
711 973
710 972
709 972
708 972
707 971
706 970
705 970
704 970
703 970
702 969
701 969
700 969
699 969
698 969
697 969
696 969
695 969
694 969
693 969
692 969
691 969
690 969
689 969
688 969
687 969
686 968
685 968
684 968
683 968
682 967
681 967
680 967
679 967
678 967
677 967
676 967
675 967
674 967
673 967
672 967
671 967
670 967
669 967
668 967
667 967
666 967
665 967
664 967
663 967
662 967
661 967
660 967
659 967
658 967
657 967
656 967
655 967
654 967
653 967
652 967
651 967
650 967
649 967
648 967
647 967
646 967
645 967
644 967
643 967
642 967
641 967
640 967
639 967
638 967
637 967
636 967
635 967
634 967
633 967
632 967
631 967
630 967
629 967
628 967
627 967
626 967
625 967
624 966
623 966
622 966
621 966
620 965
619 965
618 965
617 965
616 965
615 965
614 965
613 965
612 965
611 965
610 965
609 965
608 965
607 965
606 965
605 965
604 965
603 965
602 965
601 965
600 965
599 965
598 965
597 965
596 965
595 965
594 965
593 965
592 965
591 965
