1327 1063
1326 1064
1325 1064
1324 1065
1323 1066
1322 1066
1322 1067
1321 1068
1320 1068
1319 1069
1318 1070
1317 1070
1316 1071
1315 1071
1314 1071
1313 1071
1312 1071
1311 1071
1310 1071
1309 1071
1308 1071
1307 1071
1306 1071
1305 1071
1304 1071
1303 1071
1302 1071
1301 1071
1300 1071
1299 1071
1298 1071
1297 1071
1296 1070
1295 1070
1294 1070
1293 1069
1292 1068
1291 1068
1290 1067
1289 1067
1288 1066
1287 1066
1286 1065
1285 1065
1284 1065
1283 1065
1282 1065
1281 1065
1280 1065
1279 1065
1278 1065
1277 1065
1276 1065
1275 1065
1274 1065
1273 1065
1272 1065
1271 1065
1270 1065
1269 1065
1268 1065
1267 1065
1266 1065
1265 1065
1264 1065
1263 1065
1262 1065
1261 1065
1260 1065
1259 1065
1258 1065
1257 1065
1256 1065
1255 1065
1254 1065
1253 1065
1252 1066
1251 1066
1250 1066
1249 1066
1248 1067
1247 1067
1246 1067
1245 1067
1244 1067
1243 1067
1242 1067
1241 1067
1240 1067
1239 1067
1238 1067
1237 1067
1236 1067
1235 1067
1234 1067
1233 1067
1232 1067
1231 1067
1230 1067
1229 1067
1228 1067
1227 1067
1226 1067
1225 1067
1224 1068
1223 1068
1222 1068
1221 1068
1220 1069
1219 1069
1218 1069
1217 1069
1216 1069
1215 1069
1214 1069
1213 1069
1212 1069
1211 1069
1210 1070
1209 1070
1208 1070
1207 1070
1206 1071
1205 1071
1204 1072
1203 1072
1202 1073
1201 1073
1200 1074
1199 1074
1198 1075
1197 1075
1196 1075
1195 1075
1194 1076
1193 1076
1192 1077
1191 1077
1190 1078
1189 1078
1188 1079
1187 1079
1186 1079
1185 1079
1184 1079
1183 1079
1182 1080
1181 1080
1180 1081
1179 1082
1178 1082
1177 1083
1176 1084
1175 1084
1174 1085
1173 1085
1172 1086
1171 1086
1170 1087
1169 1087
1168 1088
1167 1088
1166 1089
1165 1090
1164 1091
1163 1091
1162 1092
1161 1092
1160 1093
1159 1093
1158 1094
1157 1094
1156 1095
1155 1096
1154 1097
1154 1098
1153 1099
1152 1100
1151 1101
1150 1102
1149 1102
1148 1103
1147 1103
1146 1104
1145 1104
1144 1104
1143 1104
1142 1105
1141 1105
1140 1106
1139 1106
1138 1107
1137 1108
1136 1108
1135 1109
1134 1110
1133 1110
1132 1111
1131 1111
1130 1111
1129 1111
1128 1112
1127 1112
1126 1112
1125 1112
1124 1113
1123 1113
1122 1114
1121 1114
1120 1114
1119 1114
1118 1115
1117 1116
1116 1116
1115 1116
1114 1117
1113 1117
1112 1118
1111 1118
1110 1119
1109 1119
1108 1120
1107 1120
1106 1121
1105 1121
1104 1121
1103 1121
1102 1121
1101 1121
1100 1121
1099 1121
1098 1122
1097 1122
1096 1123
1095 1123
1094 1124
1093 1124
1092 1125
1091 1125
1090 1125
1089 1125
1088 1125
1087 1125
1086 1125
1085 1125
1084 1125
1083 1125
1082 1125
1081 1125
1080 1125
1079 1125
1078 1125
1077 1125
1076 1126
1075 1126
1074 1126
1073 1126
1072 1127
1071 1127
1070 1128
1069 1128
1068 1128
1067 1128
1066 1129
1065 1129
1064 1129
1063 1129
1062 1129
1061 1129
1060 1129
1059 1129
1058 1129
1057 1129
1056 1129
1055 1129
1054 1130
1053 1130
1052 1130
1051 1130
1050 1131
1049 1131
1048 1131
1047 1131
1046 1131
1045 1131
1044 1131
1043 1131
1042 1131
1041 1131
1040 1131
1039 1131
1038 1131
1037 1131
1036 1131
1035 1131
1034 1131
1033 1131
1032 1131
1031 1131
1030 1131
1029 1131
1028 1132
1027 1132
1026 1132
1025 1132
1024 1133
1023 1133
1022 1133
1021 1133
1020 1133
1019 1133
1018 1133
1017 1133
1016 1133
1015 1133
1014 1133
1013 1133
1012 1133
1011 1133
1010 1134
1009 1134
1008 1134
1007 1134
1006 1135
1005 1135
1004 1135
1003 1135
1002 1135
1001 1135
1000 1135
999 1135
998 1135
997 1135
996 1135
995 1135
994 1135
993 1135
992 1135
991 1135
990 1135
989 1135
988 1136
987 1136
986 1136
985 1136
984 1137
983 1137
982 1137
981 1137
980 1137
979 1137
978 1137
977 1137
976 1137
975 1137
974 1137
973 1137
972 1137
971 1137
970 1138
969 1138
968 1138
967 1138
966 1139
965 1140
964 1141
963 1142
962 1142
962 1143
961 1144
960 1145
959 1146
958 1147
958 1148
957 1149
956 1150
956 1151
955 1152
954 1152
953 1153
952 1154
951 1154
950 1155
949 1155
948 1155
947 1155
946 1155
945 1155
944 1155
943 1155
942 1156
941 1156
940 1157
939 1158
938 1158
938 1159
937 1160
936 1160
936 1161
935 1162
934 1162
934 1163
933 1164
932 1164
932 1165
931 1166
930 1166
930 1167
929 1168
928 1168
928 1169
927 1170
926 1171
925 1172
924 1173
924 1174
924 1175
924 1176
923 1177
923 1178
922 1179
922 1180
922 1181
922 1182
921 1183
921 1184
921 1185
921 1186
921 1187
921 1188
921 1189
921 1190
921 1191
921 1192
922 1193
922 1194
923 1195
924 1196
924 1197
925 1197
926 1198
926 1199
927 1199
928 1200
928 1201
929 1201
930 1202
930 1203
931 1203
932 1204
932 1205
933 1205
934 1206
934 1207
935 1207
936 1208
936 1209
937 1209
938 1210
938 1211
939 1211
940 1212
940 1213
941 1213
942 1214
942 1215
943 1215
944 1216
944 1217
945 1217
946 1218
946 1219
947 1219
948 1220
948 1221
949 1221
950 1222
950 1223
951 1223
952 1224
952 1225
953 1225
954 1226
954 1227
955 1227
956 1228
957 1229
958 1229
959 1230
960 1230
961 1231
962 1231
963 1231
964 1231
965 1232
966 1232
967 1232
968 1232
969 1232
970 1232
971 1233
972 1233
973 1234
974 1235
975 1235
976 1236
976 1237
977 1237
978 1238
979 1239
980 1239
981 1240
982 1240
983 1241
984 1241
985 1242
986 1243
987 1243
988 1244
989 1245
990 1246
991 1247
992 1247
993 1247
994 1247
995 1248
996 1248
997 1248
998 1248
999 1247
1000 1247
1001 1247
1002 1247
1003 1246
1004 1246
1005 1246
1006 1246
1007 1246
1008 1246
1009 1246
1010 1246
1011 1246
1012 1246
1013 1246
1014 1246
1015 1246
1016 1246
1017 1246
1018 1246
1019 1246
1020 1246
1021 1246
1022 1246
1023 1246
1024 1246
1025 1247
1026 1247
1027 1247
1028 1247
1029 1248
1030 1248
1031 1248
1032 1248
1033 1248
1034 1248
1035 1248
1036 1248
1037 1249
1038 1249
1039 1249
1040 1249
1041 1250
1042 1250
1043 1250
1044 1250
1045 1249
1046 1249
1047 1248
1048 1248
1049 1247
1050 1247
1051 1246
1052 1246
1053 1246
1054 1246
1055 1246
1056 1246
1057 1246
1058 1246
1059 1246
1060 1246
1061 1246
1062 1246
1063 1246
1064 1246
1065 1247
1066 1247
1067 1248
1068 1249
1069 1249
1070 1250
1070 1251
1071 1251
1072 1252
1072 1253
1073 1253
1074 1254
1074 1255
1075 1255
1076 1256
1077 1257
1078 1257
1079 1258
1080 1258
1081 1258
1082 1258
1083 1257
1084 1257
1085 1257
1086 1257
1087 1256
1088 1256
1089 1256
1090 1256
1091 1255
1092 1255
1093 1254
1094 1254
1095 1254
1096 1254
1097 1255
1098 1256
1099 1257
1100 1258
1100 1259
1101 1259
1102 1260
1102 1261
1103 1261
1104 1262
1105 1263
1106 1264
1107 1265
1108 1265
1109 1265
1110 1266
1111 1267
1112 1267
1113 1268
1114 1268
1115 1269
1116 1269
1117 1270
1118 1270
1119 1270
1120 1270
1121 1270
1122 1270
1123 1271
1124 1271
1125 1272
1126 1272
1127 1273
1128 1273
1129 1274
1130 1274
1131 1274
1132 1274
1133 1274
1134 1274
1135 1275
1136 1275
1137 1275
1138 1276
1139 1277
1140 1277
1141 1278
1142 1278
1143 1278
1144 1278
1145 1279
1146 1279
1147 1279
1148 1279
1149 1280
1150 1280
1151 1281
1152 1282
1153 1283
1154 1283
1155 1283
1156 1283
1157 1284
1158 1284
1159 1285
1160 1285
1161 1285
1162 1286
1163 1287
1164 1287
1165 1287
1166 1287
1167 1288
1168 1288
1169 1288
1170 1288
1171 1288
1172 1288
1173 1288
1174 1288
1175 1288
1176 1288
1177 1288
1178 1288
1179 1288
1180 1288
1181 1288
1182 1288
1183 1288
1184 1288
1185 1288
1186 1288
1187 1288
1188 1288
1189 1288
1190 1288
1191 1288
1192 1288
1193 1288
1194 1288
1195 1288
1196 1288
1197 1287
1198 1287
1199 1287
1200 1287
1201 1286
1202 1285
1203 1285
1204 1285
1205 1284
1206 1284
1207 1283
1208 1283
1209 1283
1210 1283
1211 1282
1212 1282
1213 1281
1214 1281
1215 1281
1216 1281
1217 1280
1218 1280
1219 1280
1220 1280
1221 1280
1222 1280
1223 1280
1224 1280
1225 1280
1226 1280
1227 1280
1228 1280
1229 1280
1230 1280
1231 1281
1232 1281
1233 1281
1234 1281
1235 1282
1236 1282
1237 1283
1238 1283
1239 1283
1240 1284
1241 1285
1242 1285
1243 1285
1244 1286
1245 1287
1246 1287
1247 1287
1248 1288
1249 1289
1250 1289
1251 1289
1252 1289
1253 1290
1254 1290
1255 1290
1256 1290
1257 1290
1258 1290
1259 1290
1260 1290
1261 1291
1262 1291
1263 1291
1264 1291
1265 1292
1266 1292
1267 1292
1268 1292
1269 1292
1270 1292
1271 1292
1272 1292
1273 1292
1274 1292
1275 1293
1276 1293
1277 1293
1278 1293
1279 1294
1280 1294
1281 1294
1282 1294
1283 1294
1284 1294
1285 1294
1286 1294
1287 1294
1288 1294
1289 1294
1290 1294
1291 1294
1292 1294
1293 1295
1294 1295
1295 1295
1296 1295
1297 1296
1298 1296
1299 1296
1300 1296
1301 1296
1302 1296
1303 1297
1304 1297
1305 1297
1306 1297
1307 1298
1308 1298
1309 1298
1310 1298
1311 1298
1312 1298
1313 1298
1314 1298
1315 1298
1316 1298
1317 1298
1318 1298
1319 1298
1320 1298
1321 1298
1322 1298
1323 1298
1324 1298
1325 1298
1326 1298
1327 1298
1328 1298
1329 1297
1330 1297
1331 1297
1332 1297
1333 1296
1334 1296
1335 1296
1336 1296
1337 1296
1338 1296
1339 1296
1340 1296
1341 1296
1342 1296
1343 1297
1344 1297
1345 1297
1346 1297
1347 1298
1348 1298
1349 1298
1350 1298
1351 1298
1352 1298
1353 1298
1354 1298
1355 1298
1356 1298
1357 1298
1358 1298
1359 1298
1360 1298
1361 1298
1362 1298
1363 1298
1364 1298
1365 1298
1366 1298
1367 1298
1368 1298
1369 1298
1370 1298
1371 1298
1372 1298
1373 1298
1374 1298
1375 1298
1376 1298
1377 1298
1378 1298
1379 1298
1380 1298
1381 1298
1382 1298
1383 1298
1384 1298
1385 1298
1386 1298
1387 1298
1388 1298
1389 1297
1390 1297
1391 1296
1392 1296
1393 1295
1394 1295
1395 1294
1396 1294
1397 1293
1398 1293
1399 1293
1400 1293
1401 1292
1402 1292
1403 1292
1404 1292
1405 1292
1406 1292
1407 1292
1408 1292
1409 1292
1410 1292
1411 1292
1412 1292
1413 1292
1414 1292
1415 1292
1416 1292
1417 1292
1418 1292
1419 1292
1420 1292
1421 1292
1422 1292
1423 1292
1424 1292
1425 1292
1426 1292
1427 1292
1428 1292
1429 1292
1430 1292
1431 1291
1432 1291
1433 1291
1434 1291
1435 1290
1436 1290
1437 1289
1438 1288
1439 1287
1440 1286
1441 1285
1441 1284
1442 1283
1443 1282
1444 1281
1445 1280
1445 1279
1445 1278
1446 1277
1447 1276
1447 1275
1448 1274
1449 1273
1449 1272
1450 1271
1451 1271
1451 1270
1452 1269
1453 1269
1453 1268
1454 1267
1455 1267
1455 1266
1456 1265
1457 1265
1457 1264
1458 1263
1459 1262
1460 1261
1461 1260
1461 1259
1462 1258
1463 1257
1463 1256
1464 1255
1465 1254
1465 1253
1466 1252
1466 1251
1466 1250
1466 1249
1467 1248
1467 1247
1467 1246
1467 1245
1468 1244
1468 1243
1468 1242
1468 1241
1469 1240
1469 1239
1469 1238
1469 1237
1470 1236
1470 1235
1471 1234
1471 1233
1471 1232
1471 1231
1472 1230
1472 1229
1472 1228
1472 1227
1472 1226
1472 1225
1473 1224
1473 1223
1474 1222
1475 1221
1475 1220
1476 1219
1477 1218
1477 1217
1478 1216
1478 1215
1478 1214
1478 1213
1478 1212
1478 1211
1478 1210
1478 1209
1478 1208
1478 1207
1478 1206
1478 1205
1479 1204
1479 1203
1479 1202
1480 1201
1481 1200
1481 1199
1482 1198
1483 1197
1483 1196
1484 1195
1485 1194
1485 1193
1486 1192
1486 1191
1486 1190
1486 1189
1486 1188
1486 1187
1486 1186
1486 1185
1486 1184
1486 1183
1486 1182
1486 1181
1486 1180
1486 1179
1486 1178
1486 1177
1486 1176
1486 1175
1486 1174
1486 1173
1485 1172
1485 1171
1484 1170
1483 1169
1483 1168
1482 1167
1481 1166
1481 1165
1480 1164
1480 1163
1480 1162
1480 1161
1479 1160
1479 1159
1478 1158
1477 1157
1477 1156
1476 1156
1475 1155
1475 1154
1474 1154
1473 1153
1473 1152
1472 1152
1471 1151
1471 1150
1470 1150
1469 1149
1468 1148
1467 1147
1466 1146
1465 1146
1464 1145
1463 1145
1462 1144
1461 1143
1460 1142
1459 1142
1458 1141
1457 1140
1456 1140
1455 1139
1455 1138
1454 1138
1453 1137
1453 1136
1452 1136
1451 1135
1451 1134
1450 1134
1449 1133
1448 1132
1447 1131
1446 1130
1445 1130
1444 1129
1443 1128
1442 1128
1441 1127
1440 1126
1439 1125
1438 1124
1437 1124
1436 1123
1435 1123
1434 1122
1433 1121
1432 1120
1431 1120
1430 1119
1429 1118
1428 1118
1427 1117
1427 1116
1426 1116
1425 1115
1425 1114
1424 1114
1423 1113
1423 1112
1422 1112
1421 1111
1421 1110
1420 1110
1419 1109
1419 1108
1418 1108
1417 1107
1416 1106
1415 1105
1414 1104
1413 1104
1412 1103
1411 1102
1411 1101
1410 1100
1409 1099
1408 1098
1407 1097
1406 1096
1405 1095
1404 1094
1403 1094
1402 1094
1401 1094
1400 1093
1399 1093
1398 1092
1397 1092
1396 1091
1395 1090
1394 1089
1393 1088
1393 1087
1392 1086
1391 1085
1390 1084
1389 1083
1388 1082
1387 1081
1386 1080
1385 1080
1384 1080
1383 1080
1382 1079
1381 1079
1380 1079
1379 1079
1378 1078
1377 1078
1376 1077
1375 1076
1374 1075
1373 1074
1372 1073
1371 1073
1370 1072
1369 1072
1368 1072
1367 1072
1366 1071
1365 1071
1364 1071
1363 1071
1362 1071
1361 1071
1360 1072
1359 1072
1358 1072
1357 1072
1356 1072
1355 1072
1354 1072
1353 1072
1352 1071
1351 1071
1350 1071
1349 1071
1348 1071
1347 1071
1346 1070
1345 1070
1344 1070
1343 1069
1342 1068
1341 1068
1340 1067
1339 1067
1338 1066
1337 1066
1336 1065
1335 1065
1334 1064
1333 1064
1332 1064
1331 1064
1330 1063
1329 1063
1328 1063
1327 1063
