771 1461
770 1462
769 1462
768 1462
767 1462
766 1463
765 1463
764 1463
763 1463
762 1463
761 1463
760 1464
759 1464
758 1464
757 1464
756 1465
755 1466
754 1466
753 1466
752 1467
751 1467
750 1468
749 1468
748 1468
747 1468
746 1469
745 1469
744 1469
743 1469
742 1469
741 1469
740 1469
739 1469
738 1469
737 1469
736 1469
735 1469
734 1469
733 1469
732 1469
731 1469
730 1469
729 1469
728 1469
727 1469
726 1469
725 1469
724 1469
723 1469
722 1469
721 1469
720 1469
719 1469
718 1469
717 1469
716 1470
715 1470
714 1470
713 1470
712 1471
711 1471
710 1472
709 1472
708 1472
707 1472
706 1473
705 1473
704 1473
703 1473
702 1473
701 1473
700 1473
699 1473
698 1474
697 1474
696 1474
695 1474
694 1475
693 1475
692 1476
691 1476
690 1476
689 1476
688 1477
687 1477
686 1477
685 1477
684 1478
683 1478
682 1478
681 1478
680 1479
679 1479
678 1479
677 1479
676 1479
675 1479
674 1480
673 1480
672 1480
671 1480
670 1481
669 1481
668 1482
667 1482
666 1482
665 1482
664 1483
663 1484
662 1485
661 1485
660 1486
659 1486
658 1487
657 1487
656 1487
655 1487
654 1488
653 1488
652 1488
651 1488
650 1489
649 1489
648 1489
647 1489
646 1489
645 1489
644 1489
643 1489
642 1490
641 1490
640 1490
639 1490
638 1491
637 1492
636 1492
635 1492
634 1493
633 1493
632 1494
631 1494
630 1494
629 1494
628 1495
627 1495
626 1496
625 1496
624 1496
623 1496
622 1497
621 1497
620 1498
619 1498
618 1499
617 1500
616 1500
616 1501
615 1502
614 1503
614 1504
613 1505
613 1506
613 1507
613 1508
613 1509
613 1510
613 1511
613 1512
613 1513
613 1514
613 1515
613 1516
613 1517
613 1518
613 1519
613 1520
613 1521
613 1522
614 1523
615 1524
616 1525
617 1525
618 1525
619 1526
620 1526
621 1527
622 1527
623 1527
624 1527
625 1528
626 1528
627 1528
628 1528
629 1529
630 1529
631 1529
632 1529
633 1530
634 1530
635 1531
636 1531
637 1531
638 1531
639 1532
640 1532
641 1532
642 1532
643 1532
644 1532
645 1532
646 1532
647 1532
648 1532
649 1532
650 1532
651 1532
652 1532
653 1532
654 1532
655 1532
656 1532
657 1532
658 1532
659 1532
660 1532
661 1533
662 1533
663 1533
664 1533
665 1534
666 1534
667 1535
668 1535
669 1535
670 1536
671 1537
672 1537
673 1537
674 1538
675 1539
676 1539
677 1539
678 1540
679 1541
680 1541
681 1542
682 1543
683 1543
684 1544
685 1545
686 1546
687 1547
688 1547
689 1547
690 1547
691 1548
692 1548
693 1549
694 1549
695 1549
696 1549
697 1550
698 1550
699 1550
700 1550
701 1550
702 1550
703 1550
704 1550
705 1550
706 1550
707 1549
708 1549
709 1549
710 1549
711 1548
712 1548
713 1548
714 1548
715 1548
716 1548
717 1548
718 1548
719 1548
720 1548
721 1548
722 1548
723 1548
724 1548
725 1549
726 1549
727 1549
728 1549
729 1550
730 1550
731 1550
732 1550
733 1550
734 1550
735 1551
736 1551
737 1551
738 1551
739 1552
740 1552
741 1552
742 1552
743 1552
744 1552
745 1552
746 1552
747 1552
748 1552
749 1552
750 1552
751 1552
752 1552
753 1552
754 1552
755 1552
756 1552
757 1553
758 1553
759 1553
760 1553
761 1554
762 1554
763 1555
764 1555
765 1555
766 1555
767 1556
768 1556
769 1556
770 1556
771 1556
772 1556
773 1556
774 1556
775 1556
776 1556
777 1556
778 1556
779 1555
780 1555
781 1555
782 1555
783 1554
784 1554
785 1554
786 1554
787 1553
788 1553
789 1553
790 1553
791 1552
792 1551
793 1551
794 1551
795 1550
796 1549
797 1549
798 1549
799 1548
800 1547
801 1546
802 1545
803 1545
804 1544
805 1543
806 1543
807 1542
808 1541
809 1540
810 1539
811 1539
811 1538
812 1537
813 1537
813 1536
814 1535
815 1535
815 1534
816 1533
817 1533
817 1532
818 1531
819 1531
819 1530
820 1529
821 1529
821 1528
822 1527
823 1527
823 1526
824 1525
825 1524
825 1523
826 1522
826 1521
826 1520
826 1519
826 1518
826 1517
825 1516
825 1515
825 1514
825 1513
824 1512
824 1511
824 1510
824 1509
824 1508
824 1507
823 1506
823 1505
823 1504
823 1503
822 1502
822 1501
822 1500
822 1499
822 1498
822 1497
821 1496
821 1495
821 1494
821 1493
820 1492
819 1491
819 1490
819 1489
818 1488
817 1487
816 1486
815 1485
815 1484
814 1484
813 1483
813 1482
812 1482
811 1481
810 1480
809 1479
808 1478
807 1478
806 1477
805 1476
805 1475
804 1474
803 1473
802 1472
801 1471
800 1470
799 1469
798 1468
797 1468
796 1468
795 1467
794 1466
793 1466
792 1465
791 1465
790 1464
789 1464
788 1463
787 1463
786 1462
785 1462
784 1462
783 1462
782 1461
781 1461
780 1461
779 1461
778 1461
777 1461
776 1461
775 1461
774 1461
773 1461
772 1461
771 1461
