1077 3251
1076 3252
1075 3252
1074 3252
1073 3252
1072 3253
1071 3253
1070 3254
1069 3254
1068 3254
1067 3254
1066 3255
1065 3255
1064 3255
1063 3255
1062 3256
1061 3256
1060 3257
1060 3258
1059 3259
1059 3260
1059 3261
1059 3262
1060 3263
1060 3264
1061 3265
1061 3266
1062 3267
1062 3268
1063 3269
1064 3270
1064 3271
1064 3272
1065 3273
1065 3274
1066 3275
1066 3276
1066 3277
1066 3278
1067 3279
1067 3280
1068 3281
1068 3282
1068 3283
1068 3284
1069 3285
1070 3286
1071 3287
1071 3288
1072 3289
1072 3290
1073 3291
1074 3292
1075 3293
1076 3294
1077 3295
1078 3296
1079 3297
1080 3297
1081 3297
1082 3298
1083 3299
1084 3300
1085 3301
1086 3302
1087 3303
1087 3304
1088 3305
1088 3306
1089 3307
1090 3308
1091 3309
1092 3310
1092 3311
1093 3311
1094 3312
1095 3313
1096 3313
1097 3314
1098 3314
1099 3314
1100 3314
1101 3315
1102 3315
1103 3316
1104 3316
1105 3317
1106 3318
1107 3319
1108 3319
1109 3319
1110 3320
1111 3321
1112 3321
1113 3321
1114 3321
1115 3322
1116 3322
1117 3322
1118 3322
1119 3322
1120 3322
1121 3322
1122 3322
1123 3322
1124 3322
1125 3322
1126 3322
1127 3322
1128 3322
1129 3322
1130 3322
1131 3322
1132 3322
1133 3322
1134 3322
1135 3322
1136 3322
1137 3322
1138 3322
1139 3322
1140 3322
1141 3322
1142 3322
1143 3322
1144 3322
1145 3322
1146 3322
1147 3322
1148 3322
1149 3322
1150 3322
1151 3322
1152 3322
1153 3322
1154 3322
1155 3322
1156 3322
1157 3322
1158 3322
1159 3321
1160 3321
1161 3321
1162 3321
1163 3320
1164 3320
1165 3320
1166 3320
1167 3320
1168 3320
1169 3320
1170 3320
1171 3320
1172 3320
1173 3320
1174 3320
1175 3320
1176 3320
1177 3321
1178 3321
1179 3321
1180 3321
1181 3322
1182 3322
1183 3322
1184 3322
1185 3322
1186 3322
1187 3322
1188 3322
1189 3322
1190 3322
1191 3322
1192 3322
1193 3322
1194 3322
1195 3321
1196 3321
1197 3321
1198 3321
1199 3320
1200 3320
1201 3320
1202 3320
1203 3320
1204 3320
1205 3320
1206 3320
1207 3320
1208 3320
1209 3320
1210 3320
1211 3320
1212 3320
1213 3320
1214 3320
1215 3320
1216 3320
1217 3321
1218 3321
1219 3321
1220 3321
1221 3322
1222 3322
1223 3322
1224 3322
1225 3322
1226 3322
1227 3322
1228 3322
1229 3322
1230 3322
1231 3322
1232 3322
1233 3322
1234 3322
1235 3322
1236 3322
1237 3322
1238 3322
1239 3322
1240 3322
1241 3322
1242 3322
1243 3322
1244 3322
1245 3322
1246 3322
1247 3322
1248 3322
1249 3322
1250 3322
1251 3322
1252 3322
1253 3322
1254 3322
1255 3322
1256 3322
1257 3322
1258 3322
1259 3322
1260 3322
1261 3322
1262 3322
1263 3322
1264 3322
1265 3322
1266 3322
1267 3321
1268 3321
1269 3321
1270 3321
1271 3320
1272 3320
1273 3320
1274 3320
1275 3320
1276 3320
1277 3320
1278 3320
1279 3320
1280 3320
1281 3320
1282 3320
1283 3320
1284 3320
1285 3320
1286 3320
1287 3320
1288 3320
1289 3320
1290 3320
1291 3320
1292 3320
1293 3320
1294 3320
1295 3319
1296 3319
1297 3319
1298 3319
1299 3318
1300 3317
1301 3316
1302 3315
1303 3314
1303 3313
1303 3312
1304 3311
1305 3310
1305 3309
1305 3308
1305 3307
1306 3306
1306 3305
1306 3304
1306 3303
1306 3302
1306 3301
1306 3300
1306 3299
1306 3298
1306 3297
1306 3296
1306 3295
1306 3294
1306 3293
1306 3292
1306 3291
1306 3290
1306 3289
1306 3288
1306 3287
1306 3286
1306 3285
1305 3284
1305 3283
1305 3282
1305 3281
1304 3280
1304 3279
1304 3278
1304 3277
1304 3276
1304 3275
1304 3274
1304 3273
1303 3272
1303 3271
1303 3270
1303 3269
1302 3268
1301 3267
1300 3266
1299 3265
1298 3264
1297 3263
1296 3262
1295 3262
1294 3262
1293 3261
1292 3260
1291 3260
1290 3260
1289 3260
1288 3259
1287 3259
1286 3258
1285 3258
1284 3258
1283 3258
1282 3257
1281 3257
1280 3256
1279 3256
1278 3256
1277 3256
1276 3255
1275 3255
1274 3255
1273 3255
1272 3255
1271 3255
1270 3255
1269 3255
1268 3255
1267 3255
1266 3255
1265 3255
1264 3255
1263 3255
1262 3255
1261 3255
1260 3255
1259 3255
1258 3255
1257 3255
1256 3255
1255 3255
1254 3255
1253 3255
1252 3255
1251 3255
1250 3255
1249 3255
1248 3255
1247 3255
1246 3255
1245 3255
1244 3255
1243 3255
1242 3255
1241 3255
1240 3255
1239 3255
1238 3255
1237 3255
1236 3255
1235 3255
1234 3255
1233 3255
1232 3255
1231 3255
1230 3255
1229 3255
1228 3255
1227 3255
1226 3255
1225 3255
1224 3255
1223 3255
1222 3255
1221 3255
1220 3255
1219 3255
1218 3255
1217 3255
1216 3255
1215 3255
1214 3255
1213 3255
1212 3255
1211 3255
1210 3255
1209 3255
1208 3255
1207 3255
1206 3255
1205 3255
1204 3255
1203 3255
1202 3255
1201 3255
1200 3255
1199 3255
1198 3255
1197 3255
1196 3255
1195 3255
1194 3255
1193 3255
1192 3255
1191 3255
1190 3255
1189 3255
1188 3255
1187 3255
1186 3255
1185 3255
1184 3256
1183 3256
1182 3257
1181 3257
1180 3258
1179 3258
1178 3259
1177 3260
1176 3260
1175 3260
1174 3261
1173 3261
1172 3262
1171 3262
1170 3263
1169 3264
1168 3264
1167 3265
1166 3266
1165 3266
1164 3267
1163 3267
1162 3267
1161 3267
1160 3267
1159 3267
1158 3267
1157 3267
1156 3267
1155 3267
1154 3267
1153 3267
1152 3267
1151 3267
1150 3266
1149 3266
1148 3266
1147 3265
1146 3264
1145 3264
1144 3264
1143 3263
1142 3262
1141 3262
1140 3262
1139 3262
1138 3261
1137 3261
1136 3261
1135 3261
1134 3261
1133 3261
1132 3261
1131 3261
1130 3260
1129 3260
1128 3259
1127 3259
1126 3258
1125 3258
1124 3257
1123 3257
1122 3257
1121 3257
1120 3257
1119 3257
1118 3256
1117 3256
1116 3255
1115 3255
1114 3254
1113 3254
1112 3253
1111 3253
1110 3253
1109 3253
1108 3252
1107 3252
1106 3252
1105 3252
1104 3251
1103 3251
1102 3251
1101 3251
1100 3251
1099 3251
1098 3251
1097 3251
1096 3251
1095 3251
1094 3251
1093 3251
1092 3251
1091 3251
1090 3251
1089 3251
1088 3251
1087 3251
1086 3251
1085 3251
1084 3251
1083 3251
1082 3251
1081 3251
1080 3251
1079 3251
1078 3251
1077 3251
