1333 323
1332 324
1331 324
1330 324
1329 324
1328 325
1327 325
1326 325
1325 325
1324 326
1323 326
1322 326
1321 326
1320 327
1319 327
1318 328
1317 328
1316 328
1315 328
1314 329
1313 329
1312 329
1311 329
1310 329
1309 329
1308 330
1307 330
1306 330
1305 330
1304 331
1303 331
1302 331
1301 331
1300 332
1299 332
1298 332
1297 332
1296 333
1295 333
1294 333
1293 333
1292 333
1291 333
1290 333
1289 333
1288 333
1287 333
1286 333
1285 333
1284 333
1283 333
1282 333
1281 333
1280 333
1279 333
1278 333
1277 333
1276 333
1275 333
1274 333
1273 333
1272 333
1271 333
1270 333
1269 333
1268 333
1267 333
1266 333
1265 333
1264 333
1263 333
1262 334
1261 334
1260 334
1259 334
1258 335
1257 335
1256 336
1255 336
1254 336
1253 336
1252 337
1251 338
1250 338
1249 338
1248 339
1247 339
1246 339
1245 339
1244 339
1243 339
1242 339
1241 339
1240 339
1239 339
1238 339
1237 339
1236 339
1235 339
1234 339
1233 339
1232 339
1231 339
1230 339
1229 339
1228 340
1227 340
1226 341
1225 341
1224 342
1223 342
1222 343
1221 343
1220 343
1219 343
1218 343
1217 343
1216 343
1215 343
1214 344
1213 344
1212 344
1211 344
1210 345
1209 345
1208 345
1207 345
1206 345
1205 345
1204 346
1203 346
1202 346
1201 346
1200 347
1199 347
1198 347
1197 347
1196 348
1195 348
1194 348
1193 348
1192 349
1191 350
1190 351
1189 352
1188 352
1188 353
1187 354
1186 354
1186 355
1185 356
1184 356
1184 357
1183 358
1182 358
1181 359
1180 360
1179 360
1178 361
1177 362
1176 363
1175 364
1174 364
1174 365
1173 366
1172 366
1172 367
1171 368
1170 368
1169 369
1168 370
1167 370
1166 371
1165 372
1164 373
1163 373
1162 374
1161 374
1160 375
1159 376
1158 377
1157 378
1156 378
1156 379
1155 380
1154 380
1154 381
1153 382
1152 383
1152 384
1151 385
1151 386
1151 387
1151 388
1151 389
1151 390
1151 391
1151 392
1150 393
1150 394
1150 395
1150 396
1149 397
1149 398
1149 399
1149 400
1150 400
1151 400
1152 400
1153 401
1154 401
1155 402
1156 403
1156 404
1156 405
1156 406
1155 407
1155 408
1154 409
1154 410
1153 411
1153 412
1154 413
1154 414
1154 415
1154 416
1155 417
1156 418
1156 419
1156 420
1157 421
1158 422
1159 423
1159 424
1160 425
1160 426
1161 427
1162 428
1162 429
1162 430
1163 431
1164 432
1165 433
1166 434
1166 435
1167 435
1168 436
1169 437
1170 437
1171 438
1172 438
1173 438
1174 438
1175 438
1176 438
1177 438
1178 438
1179 438
1180 438
1181 438
1182 438
1183 438
1184 438
1185 438
1186 438
1187 438
1188 438
1189 438
1190 438
1191 438
1192 438
1193 438
1194 438
1195 438
1196 438
1197 438
1198 438
1199 438
1200 438
1201 438
1202 438
1203 438
1204 438
1205 438
1206 438
1207 438
1208 438
1209 438
1210 438
1211 438
1212 438
1213 438
1214 438
1215 438
1216 438
1217 438
1218 438
1219 438
1220 438
1221 439
1222 439
1223 439
1224 439
1225 440
1226 440
1227 440
1228 440
1229 440
1230 440
1231 440
1232 440
1233 440
1234 440
1235 440
1236 440
1237 440
1238 440
1239 440
1240 440
1241 440
1242 440
1243 440
1244 440
1245 440
1246 440
1247 440
1248 440
1249 440
1250 440
1251 440
1252 440
1253 441
1254 441
1255 441
1256 441
1257 442
1258 442
1259 442
1260 442
1261 442
1262 442
1263 442
1264 442
1265 442
1266 442
1267 442
1268 442
1269 442
1270 442
1271 442
1272 442
1273 442
1274 442
1275 442
1276 442
1277 442
1278 442
1279 442
1280 442
1281 443
1282 443
1283 443
1284 443
1285 444
1286 444
1287 445
1288 445
1289 445
1290 445
1291 446
1292 446
1293 447
1294 447
1295 447
1296 447
1297 448
1298 448
1299 448
1300 448
1301 448
1302 448
1303 448
1304 448
1305 448
1306 448
1307 448
1308 448
1309 448
1310 448
1311 448
1312 448
1313 448
1314 448
1315 449
1316 449
1317 449
1318 449
1319 450
1320 450
1321 450
1322 450
1323 450
1324 450
1325 450
1326 450
1327 450
1328 450
1329 450
1330 450
1331 451
1332 451
1333 452
1334 453
1335 453
1336 454
1337 455
1338 456
1339 457
1340 457
1341 458
1342 458
1343 459
1344 460
1345 461
1346 461
1347 461
1348 462
1349 463
1350 463
1351 463
1352 463
1353 464
1354 464
1355 465
1356 465
1357 465
1358 465
1359 466
1360 466
1361 466
1362 466
1363 466
1364 466
1365 466
1366 466
1367 466
1368 466
1369 466
1370 466
1371 466
1372 466
1373 466
1374 466
1375 466
1376 466
1377 466
1378 466
1379 466
1380 466
1381 465
1382 465
1383 465
1384 465
1385 465
1386 465
1387 465
1388 465
1389 465
1390 465
1391 465
1392 465
1393 464
1394 464
1395 464
1396 464
1397 464
1398 464
1399 463
1400 463
1401 462
1402 462
1403 461
1404 461
1405 460
1406 459
1407 458
1408 457
1409 457
1409 456
1410 455
1411 455
1411 454
1412 453
1413 453
1414 452
1415 451
1416 451
1417 450
1418 450
1419 450
1420 450
1421 450
1422 450
1423 449
1424 449
1425 448
1426 447
1427 446
1427 445
1427 444
1427 443
1428 442
1428 441
1428 440
1428 439
1428 438
1428 437
1429 436
1429 435
1430 434
1430 433
1431 432
1431 431
1432 430
1432 429
1432 428
1432 427
1432 426
1432 425
1432 424
1432 423
1432 422
1432 421
1432 420
1432 419
1432 418
1432 417
1432 416
1432 415
1433 414
1433 413
1433 412
1433 411
1434 410
1434 409
1434 408
1434 407
1434 406
1434 405
1434 404
1434 403
1434 402
1434 401
1434 400
1434 399
1433 398
1433 397
1433 396
1432 395
1431 395
1430 394
1430 393
1429 393
1428 392
1427 391
1428 390
1428 389
1427 388
1427 387
1428 386
1428 385
1427 384
1427 383
1427 382
1427 381
1426 380
1425 379
1424 378
1424 377
1423 376
1423 375
1422 374
1421 373
1420 372
1419 371
1419 370
1418 369
1417 368
1417 367
1416 366
1415 365
1415 364
1415 363
1414 362
1413 361
1413 360
1413 359
1412 358
1411 357
1410 356
1409 355
1409 354
1408 354
1407 353
1407 352
1406 351
1405 350
1405 349
1404 348
1403 347
1402 346
1401 345
1401 344
1400 344
1399 343
1398 342
1397 341
1396 340
1395 340
1394 339
1393 339
1392 338
1391 337
1390 336
1389 336
1388 335
1387 335
1386 334
1385 334
1384 333
1383 333
1382 333
1381 333
1380 332
1379 332
1378 332
1377 332
1376 331
1375 331
1374 330
1373 330
1372 330
1371 329
1370 328
1369 328
1368 328
1367 328
1366 327
1365 327
1364 327
1363 327
1362 327
1361 327
1360 327
1359 327
1358 326
1357 326
1356 326
1355 326
1354 325
1353 325
1352 325
1351 325
1350 324
1349 324
1348 324
1347 324
1346 323
1345 323
1344 323
1343 323
1342 323
1341 323
1340 323
1339 323
1338 323
1337 323
1336 323
1335 323
1334 323
1333 323
