1663 1059
1662 1060
1661 1060
1660 1060
1659 1060
1658 1061
1657 1061
1656 1061
1655 1061
1654 1062
1653 1062
1652 1063
1651 1064
1650 1064
1649 1065
1648 1066
1647 1066
1646 1067
1645 1067
1644 1067
1643 1067
1642 1067
1641 1067
1640 1067
1639 1067
1638 1068
1637 1068
1636 1069
1636 1070
1635 1071
1635 1072
1636 1073
1636 1074
1637 1075
1637 1076
1638 1077
1638 1078
1639 1079
1639 1080
1639 1081
1639 1082
1640 1082
1641 1082
1642 1082
1643 1082
1644 1082
1645 1083
1646 1083
1647 1083
1648 1084
1649 1085
1650 1085
1651 1086
1652 1087
1652 1088
1653 1089
1654 1090
1655 1091
1656 1092
1656 1093
1657 1093
1658 1094
1658 1095
1659 1095
1660 1096
1660 1097
1661 1097
1662 1098
1663 1099
1664 1099
1665 1100
1666 1100
1667 1100
1668 1100
1669 1101
1670 1101
1671 1102
1672 1102
1673 1103
1674 1103
1675 1104
1676 1104
1677 1104
1678 1104
1679 1105
1680 1105
1681 1105
1682 1106
1683 1107
1684 1107
1685 1107
1686 1108
1687 1109
1688 1109
1689 1110
1690 1110
1691 1111
1692 1111
1693 1112
1694 1112
1695 1112
1696 1112
1697 1112
1698 1112
1699 1112
1700 1112
1701 1113
1702 1113
1703 1113
1704 1113
1705 1114
1706 1114
1707 1114
1708 1114
1709 1114
1710 1114
1711 1115
1712 1115
1713 1115
1714 1116
1715 1117
1716 1117
1717 1117
1718 1117
1719 1118
1720 1118
1721 1119
1722 1119
1723 1119
1724 1119
1725 1120
1726 1120
1727 1121
1728 1121
1729 1121
1730 1121
1731 1122
1732 1122
1733 1123
1734 1123
1735 1123
1736 1124
1737 1125
1738 1125
1739 1126
1740 1127
1741 1127
1742 1128
1742 1129
1743 1129
1744 1130
1745 1131
1746 1131
1747 1132
1748 1132
1749 1133
1750 1133
1751 1133
1752 1134
1753 1135
1754 1135
1755 1135
1756 1135
1757 1136
1758 1136
1759 1136
1760 1136
1761 1136
1762 1136
1763 1136
1764 1136
1765 1136
1766 1136
1767 1136
1768 1136
1769 1136
1770 1136
1771 1136
1772 1136
1773 1136
1774 1136
1775 1136
1776 1136
1777 1136
1778 1136
1779 1136
1780 1136
1781 1136
1782 1136
1783 1136
1784 1136
1785 1137
1786 1137
1787 1137
1788 1137
1789 1138
1790 1138
1791 1138
1792 1138
1793 1138
1794 1138
1795 1138
1796 1138
1797 1138
1798 1138
1799 1138
1800 1138
1801 1138
1802 1138
1803 1139
1804 1139
1805 1139
1806 1140
1807 1141
1808 1141
1809 1142
1810 1142
1811 1143
1812 1143
1813 1144
1814 1144
1815 1144
1816 1144
1817 1144
1818 1144
1819 1144
1820 1144
1821 1145
1822 1145
1823 1145
1824 1145
1825 1146
1826 1146
1827 1147
1828 1147
1829 1148
1830 1149
1831 1149
1832 1150
1832 1151
1833 1151
1834 1152
1835 1153
1836 1153
1837 1154
1838 1154
1839 1154
1840 1154
1841 1154
1842 1154
1843 1155
1844 1155
1845 1155
1846 1156
1847 1157
1848 1157
1849 1157
1850 1158
1851 1159
1852 1159
1853 1160
1854 1161
1855 1161
1856 1162
1856 1163
1857 1163
1858 1164
1858 1165
1859 1165
1860 1166
1861 1167
1862 1167
1863 1168
1864 1168
1865 1169
1866 1169
1867 1169
1868 1169
1869 1170
1870 1170
1871 1170
1872 1170
1873 1171
1874 1171
1875 1172
1876 1172
1877 1173
1878 1173
1879 1174
1880 1174
1881 1174
1882 1174
1883 1174
1884 1174
1885 1174
1886 1174
1887 1174
1888 1174
1889 1175
1890 1175
1891 1175
1892 1175
1893 1176
1894 1176
1895 1176
1896 1176
1897 1176
1898 1176
1899 1176
1900 1176
1901 1175
1902 1175
1903 1174
1904 1174
1905 1173
1906 1173
1907 1172
1908 1172
1909 1172
1910 1172
1911 1171
1912 1171
1913 1171
1914 1171
1915 1170
1916 1170
1917 1170
1918 1170
1919 1170
1920 1170
1921 1170
1922 1170
1923 1170
1924 1170
1925 1170
1926 1170
1927 1171
1928 1171
1929 1171
1930 1171
1931 1172
1932 1172
1933 1172
1934 1172
1935 1173
1936 1173
1937 1173
1938 1174
1939 1175
1940 1175
1941 1176
1942 1176
1943 1177
1944 1177
1945 1178
1946 1178
1947 1178
1948 1178
1949 1179
1950 1179
1951 1179
1952 1179
1953 1180
1954 1180
1955 1180
1956 1180
1957 1180
1958 1180
1959 1181
1960 1181
1961 1182
1962 1182
1963 1183
1964 1184
1965 1185
1966 1185
1967 1186
1968 1186
1969 1187
1970 1187
1971 1188
1972 1188
1973 1188
1974 1188
1975 1189
1976 1189
1977 1190
1978 1190
1979 1191
1980 1191
1981 1192
1982 1192
1983 1192
1984 1192
1985 1192
1986 1192
1987 1193
1988 1193
1989 1194
1990 1194
1991 1195
1992 1195
1993 1196
1994 1196
1995 1196
1996 1196
1997 1196
1998 1196
1999 1197
2000 1197
2001 1197
2002 1197
2003 1198
2004 1198
2005 1198
2006 1198
2007 1199
2008 1199
2009 1200
2010 1200
2011 1201
2012 1202
2013 1203
2014 1203
2015 1203
2016 1203
2017 1204
2018 1204
2019 1204
2020 1204
2021 1204
2022 1204
2023 1204
2024 1204
2025 1204
2026 1204
2027 1204
2028 1204
2029 1204
2030 1204
2031 1204
2032 1204
2033 1204
2034 1204
2035 1204
2036 1204
2037 1204
2038 1204
2039 1204
2040 1204
2041 1204
2042 1204
2043 1203
2044 1203
2045 1203
2046 1203
2047 1202
2048 1201
2049 1201
2050 1201
2051 1200
2052 1200
2053 1200
2054 1200
2055 1201
2056 1201
2057 1202
2058 1202
2059 1203
2060 1203
2061 1204
2062 1204
2063 1204
2064 1204
2065 1204
2066 1204
2067 1203
2068 1203
2069 1203
2070 1203
2071 1202
2072 1202
2073 1202
2074 1202
2075 1201
2076 1201
2077 1201
2078 1201
2079 1200
2080 1200
2081 1199
2082 1199
2083 1199
2084 1199
2085 1198
2086 1198
2087 1198
2088 1198
2089 1198
2090 1198
2091 1198
2092 1198
2093 1198
2094 1198
2095 1198
2096 1198
2097 1198
2098 1198
2099 1198
2100 1198
2101 1198
2102 1198
2103 1198
2104 1198
2105 1198
2106 1198
2107 1198
2108 1198
2109 1198
2110 1198
2111 1198
2112 1198
2113 1198
2114 1198
2115 1198
2116 1198
2117 1198
2118 1198
2119 1198
2120 1198
2121 1198
2122 1198
2123 1199
2124 1199
2125 1200
2126 1200
2127 1201
2128 1201
2129 1202
2130 1202
2131 1202
2132 1202
2133 1202
2134 1202
2135 1202
2136 1202
2137 1203
2138 1203
2139 1203
2140 1203
2141 1204
2142 1204
2143 1205
2144 1205
2145 1206
2146 1206
2147 1207
2148 1207
2149 1208
2150 1208
2151 1208
2152 1208
2153 1208
2154 1208
2155 1208
2156 1208
2157 1208
2158 1208
2159 1208
2160 1208
2161 1208
2162 1208
2163 1208
2164 1208
2165 1208
2166 1208
2167 1209
2168 1209
2169 1209
2170 1210
2171 1211
2172 1211
2173 1211
2174 1211
2175 1212
2176 1212
2177 1213
2178 1213
2179 1213
2180 1213
2181 1214
2182 1214
2183 1215
2184 1215
2185 1215
2186 1216
2187 1217
2188 1217
2189 1217
2190 1218
2191 1219
2192 1219
2193 1219
2194 1220
2195 1221
2196 1221
2197 1221
2198 1221
2199 1222
2200 1222
2201 1222
2202 1222
2203 1222
2204 1222
2205 1222
2206 1222
2207 1223
2208 1223
2209 1223
2210 1223
2211 1224
2212 1224
2213 1224
2214 1224
2215 1224
2216 1224
2217 1223
2218 1223
2219 1223
2220 1223
2221 1222
2222 1222
2223 1222
2224 1222
2225 1222
2226 1222
2227 1222
2228 1222
2229 1222
2230 1222
2231 1223
2232 1223
2233 1223
2234 1223
2235 1224
2236 1224
2237 1225
2238 1225
2239 1225
2240 1226
2241 1227
2242 1227
2243 1228
2244 1228
2245 1229
2246 1229
2247 1230
2248 1230
2249 1231
2250 1231
2251 1232
2252 1232
2253 1233
2254 1233
2255 1234
2256 1234
2257 1234
2258 1234
2259 1234
2260 1234
2261 1234
2262 1234
2263 1234
2264 1234
2265 1234
2266 1234
2267 1234
2268 1234
2269 1234
2270 1234
2271 1233
2272 1233
2273 1233
2274 1233
2275 1232
2276 1232
2277 1232
2278 1232
2279 1232
2280 1232
2281 1232
2282 1232
2283 1232
2284 1232
2285 1232
2286 1232
2287 1231
2288 1231
2289 1231
2290 1231
2291 1230
2292 1229
2293 1229
2294 1229
2295 1228
2296 1228
2297 1227
2298 1227
2299 1227
2300 1227
2301 1226
2302 1226
2303 1225
2304 1225
2305 1225
2306 1225
2307 1224
2308 1223
2309 1222
2310 1222
2311 1221
2312 1221
2313 1220
2314 1220
2315 1220
2316 1220
2317 1220
2318 1220
2319 1219
2320 1219
2321 1219
2322 1219
2323 1218
2324 1218
2325 1217
2326 1217
2327 1217
2328 1217
2329 1216
2330 1216
2331 1216
2332 1216
2333 1215
2334 1215
2335 1215
2336 1215
2337 1214
2338 1214
2339 1213
2340 1213
2341 1213
2342 1213
2343 1212
2344 1211
2345 1211
2346 1211
2347 1210
2348 1210
2349 1209
2350 1209
2351 1209
2352 1209
2353 1208
2354 1207
2355 1207
2356 1207
2357 1206
2358 1205
2359 1205
2360 1205
2361 1204
2362 1204
2363 1203
2364 1203
2365 1203
2366 1203
2367 1202
2368 1201
2369 1201
2370 1201
2371 1200
2372 1200
2373 1199
2374 1199
2375 1199
2376 1199
2377 1198
2378 1198
2379 1197
2380 1197
2381 1197
2382 1197
2383 1196
2384 1196
2385 1195
2386 1195
2387 1195
2388 1195
2389 1194
2390 1194
2391 1194
2392 1194
2393 1193
2394 1193
2395 1193
2396 1193
2397 1192
2398 1192
2399 1191
2400 1191
2401 1190
2402 1189
2403 1188
2404 1187
2405 1186
2405 1185
2405 1184
2406 1183
2407 1182
2407 1181
2407 1180
2407 1179
2408 1178
2408 1177
2408 1176
2408 1175
2409 1174
2409 1173
2409 1172
2409 1171
2410 1170
2410 1169
2410 1168
2410 1167
2410 1166
2410 1165
2410 1164
2410 1163
2410 1162
2410 1161
2411 1160
2411 1159
2411 1158
2411 1157
2412 1156
2412 1155
2412 1154
2412 1153
2412 1152
2412 1151
2412 1150
2412 1149
2412 1148
2412 1147
2412 1146
2412 1145
2412 1144
2412 1143
2412 1142
2412 1141
2411 1140
2411 1139
2411 1138
2411 1137
2410 1136
2410 1135
2410 1134
2410 1133
2410 1132
2410 1131
2409 1130
2409 1129
2408 1128
2408 1127
2407 1126
2407 1125
2406 1124
2406 1123
2405 1122
2405 1121
2405 1120
2405 1119
2404 1118
2404 1117
2404 1116
2404 1115
2404 1114
2404 1113
2403 1112
2403 1111
2403 1110
2403 1109
2402 1108
2401 1107
2400 1106
2399 1105
2399 1104
2398 1103
2397 1102
2397 1101
2396 1100
2396 1099
2395 1098
2395 1097
2395 1096
2395 1095
2394 1094
2394 1093
2393 1092
2393 1091
2392 1090
2391 1089
2390 1088
2389 1088
2388 1087
2387 1087
2386 1086
2385 1086
2384 1086
2383 1086
2382 1085
2381 1085
2380 1084
2379 1084
2378 1083
2377 1083
2376 1082
2375 1082
2374 1081
2373 1081
2372 1080
2371 1080
2370 1080
2369 1080
2368 1079
2367 1079
2366 1079
2365 1079
2364 1079
2363 1079
2362 1079
2361 1079
2360 1079
2359 1079
2358 1079
2357 1079
2356 1079
2355 1079
2354 1079
2353 1079
2352 1079
2351 1079
2350 1079
2349 1079
2348 1079
2347 1079
2346 1078
2345 1078
2344 1078
2343 1077
2342 1076
2341 1076
2340 1076
2339 1075
2338 1074
2337 1074
2336 1074
2335 1074
2334 1073
2333 1073
2332 1073
2331 1073
2330 1073
2329 1073
2328 1073
2327 1073
2326 1073
2325 1073
2324 1073
2323 1073
2322 1073
2321 1073
2320 1074
2319 1074
2318 1074
2317 1074
2316 1075
2315 1076
2314 1076
2313 1076
2312 1077
2311 1077
2310 1076
2309 1076
2308 1076
2307 1076
2306 1075
2305 1075
2304 1075
2303 1075
2302 1075
2301 1075
2300 1075
2299 1075
2298 1075
2297 1075
2296 1075
2295 1075
2294 1075
2293 1075
2292 1075
2291 1075
2290 1075
2289 1075
2288 1075
2287 1075
2286 1075
2285 1075
2284 1075
2283 1075
2282 1075
2281 1075
2280 1075
2279 1075
2278 1075
2277 1075
2276 1076
2275 1076
2274 1076
2273 1076
2272 1077
2271 1077
2270 1077
2269 1077
2268 1077
2267 1077
2266 1077
2265 1077
2264 1077
2263 1077
2262 1077
2261 1077
2260 1078
2259 1078
2258 1078
2257 1078
2256 1079
2255 1079
2254 1079
2253 1079
2252 1079
2251 1079
2250 1079
2249 1079
2248 1079
2247 1079
2246 1079
2245 1079
2244 1079
2243 1079
2242 1079
2241 1079
2240 1079
2239 1079
2238 1079
2237 1079
2236 1080
2235 1080
2234 1080
2233 1080
2232 1081
2231 1081
2230 1081
2229 1081
2228 1081
2227 1081
2226 1081
2225 1081
2224 1081
2223 1081
2222 1081
2221 1081
2220 1081
2219 1081
2218 1081
2217 1081
2216 1081
2215 1081
2214 1081
2213 1081
2212 1081
2211 1081
2210 1081
2209 1081
2208 1081
2207 1081
2206 1081
2205 1081
2204 1081
2203 1081
2202 1081
2201 1081
2200 1081
2199 1081
2198 1081
2197 1081
2196 1081
2195 1081
2194 1081
2193 1081
2192 1081
2191 1081
2190 1081
2189 1081
2188 1081
2187 1081
2186 1081
2185 1081
2184 1081
2183 1081
2182 1081
2181 1081
2180 1081
2179 1081
2178 1081
2177 1081
2176 1082
2175 1082
2174 1082
2173 1082
2172 1083
2171 1083
2170 1083
2169 1083
2168 1083
2167 1083
2166 1083
2165 1083
2164 1083
2163 1083
2162 1083
2161 1083
2160 1083
2159 1083
2158 1082
2157 1082
2156 1082
2155 1082
2154 1081
2153 1081
2152 1081
2151 1081
2150 1081
2149 1081
2148 1081
2147 1081
2146 1081
2145 1081
2144 1081
2143 1081
2142 1081
2141 1081
2140 1081
2139 1081
2138 1081
2137 1081
2136 1080
2135 1080
2134 1080
2133 1080
2132 1079
2131 1079
2130 1079
2129 1079
2128 1079
2127 1079
2126 1079
2125 1079
2124 1079
2123 1079
2122 1079
2121 1079
2120 1079
2119 1079
2118 1079
2117 1079
2116 1079
2115 1079
2114 1079
2113 1079
2112 1079
2111 1079
2110 1079
2109 1079
2108 1079
2107 1079
2106 1079
2105 1079
2104 1079
2103 1079
2102 1079
2101 1079
2100 1079
2099 1079
2098 1079
2097 1079
2096 1079
2095 1079
2094 1079
2093 1079
2092 1079
2091 1079
2090 1079
2089 1079
2088 1079
2087 1079
2086 1079
2085 1079
2084 1079
2083 1079
2082 1079
2081 1079
2080 1079
2079 1079
2078 1079
2077 1079
2076 1079
2075 1079
2074 1078
2073 1078
2072 1078
2071 1078
2070 1077
2069 1077
2068 1077
2067 1077
2066 1077
2065 1077
2064 1077
2063 1077
2062 1077
2061 1077
2060 1077
2059 1077
2058 1077
2057 1077
2056 1077
2055 1077
2054 1077
2053 1077
2052 1077
2051 1077
2050 1077
2049 1077
2048 1077
2047 1077
2046 1077
2045 1077
2044 1077
2043 1077
2042 1077
2041 1077
2040 1077
2039 1077
2038 1077
2037 1077
2036 1077
2035 1077
2034 1077
2033 1077
2032 1077
2031 1077
2030 1077
2029 1077
2028 1077
2027 1077
2026 1077
2025 1077
2024 1077
2023 1077
2022 1077
2021 1077
2020 1077
2019 1077
2018 1076
2017 1076
2016 1076
2015 1076
2014 1075
2013 1075
2012 1075
2011 1075
2010 1075
2009 1075
2008 1075
2007 1075
2006 1075
2005 1075
2004 1075
2003 1075
2002 1075
2001 1075
2000 1075
1999 1075
1998 1075
1997 1075
1996 1075
1995 1075
1994 1075
1993 1075
1992 1074
1991 1074
1990 1074
1989 1074
1988 1073
1987 1073
1986 1073
1985 1073
1984 1073
1983 1073
1982 1073
1981 1073
1980 1073
1979 1073
1978 1073
1977 1073
1976 1073
1975 1073
1974 1073
1973 1073
1972 1073
1971 1073
1970 1073
1969 1073
1968 1073
1967 1073
1966 1073
1965 1073
1964 1073
1963 1073
1962 1073
1961 1073
1960 1073
1959 1073
1958 1072
1957 1072
1956 1072
1955 1072
1954 1071
1953 1071
1952 1071
1951 1071
1950 1071
1949 1071
1948 1071
1947 1071
1946 1071
1945 1071
1944 1071
1943 1071
1942 1071
1941 1071
1940 1071
1939 1071
1938 1071
1937 1071
1936 1071
1935 1071
1934 1071
1933 1071
1932 1071
1931 1071
1930 1071
1929 1071
1928 1071
1927 1071
1926 1071
1925 1071
1924 1070
1923 1070
1922 1070
1921 1070
1920 1069
1919 1069
1918 1069
1917 1069
1916 1069
1915 1069
1914 1069
1913 1069
1912 1069
1911 1069
1910 1069
1909 1069
1908 1069
1907 1069
1906 1069
1905 1069
1904 1069
1903 1069
1902 1069
1901 1069
1900 1069
1899 1069
1898 1069
1897 1069
1896 1069
1895 1069
1894 1069
1893 1069
1892 1069
1891 1069
1890 1069
1889 1069
1888 1069
1887 1069
1886 1069
1885 1069
1884 1069
1883 1069
1882 1068
1881 1068
1880 1068
1879 1068
1878 1067
1877 1067
1876 1067
1875 1067
1874 1067
1873 1067
1872 1067
1871 1067
1870 1067
1869 1067
1868 1067
1867 1067
1866 1067
1865 1067
1864 1067
1863 1067
1862 1067
1861 1067
1860 1067
1859 1067
1858 1067
1857 1067
1856 1067
1855 1067
1854 1067
1853 1067
1852 1067
1851 1067
1850 1067
1849 1067
1848 1066
1847 1066
1846 1066
1845 1066
1844 1065
1843 1065
1842 1066
1841 1066
1840 1066
1839 1066
1838 1067
1837 1067
1836 1066
1835 1066
1834 1066
1833 1066
1832 1065
1831 1065
1830 1065
1829 1065
1828 1065
1827 1065
1826 1065
1825 1065
1824 1065
1823 1065
1822 1065
1821 1065
1820 1065
1819 1065
1818 1065
1817 1065
1816 1065
1815 1065
1814 1065
1813 1065
1812 1065
1811 1065
1810 1065
1809 1065
1808 1065
1807 1065
1806 1065
1805 1065
1804 1065
1803 1065
1802 1065
1801 1065
1800 1065
1799 1065
1798 1065
1797 1065
1796 1065
1795 1065
1794 1065
1793 1065
1792 1065
1791 1065
1790 1065
1789 1065
1788 1065
1787 1065
1786 1065
1785 1065
1784 1065
1783 1065
1782 1065
1781 1065
1780 1065
1779 1065
1778 1065
1777 1065
1776 1065
1775 1065
1774 1065
1773 1065
1772 1065
1771 1065
1770 1065
1769 1065
1768 1065
1767 1065
1766 1065
1765 1065
1764 1065
1763 1065
1762 1065
1761 1065
1760 1065
1759 1065
1758 1065
1757 1065
1756 1065
1755 1065
1754 1066
1753 1066
1752 1066
1751 1066
1750 1065
1749 1065
1748 1065
1747 1065
1746 1065
1745 1065
1744 1064
1743 1064
1742 1064
1741 1064
1740 1064
1739 1064
1738 1063
1737 1063
1736 1063
1735 1063
1734 1063
1733 1063
1732 1063
1731 1063
1730 1063
1729 1063
1728 1063
1727 1063
1726 1063
1725 1063
1724 1062
1723 1062
1722 1061
1721 1061
1720 1061
1719 1061
1718 1061
1717 1061
1716 1061
1715 1061
1714 1061
1713 1061
1712 1061
1711 1061
1710 1061
1709 1061
1708 1061
1707 1061
1706 1060
1705 1060
1704 1060
1703 1060
1702 1059
1701 1059
1700 1059
1699 1059
1698 1059
1697 1059
1696 1059
1695 1059
1694 1059
1693 1059
1692 1059
1691 1059
1690 1059
1689 1059
1688 1059
1687 1059
1686 1059
1685 1059
1684 1059
1683 1059
1682 1059
1681 1059
1680 1059
1679 1059
1678 1059
1677 1059
1676 1059
1675 1059
1674 1059
1673 1059
1672 1059
1671 1059
1670 1059
1669 1059
1668 1059
1667 1059
1666 1059
1665 1059
1664 1059
1663 1059
