1265 2147
1264 2148
1263 2148
1262 2148
1261 2148
1260 2149
1259 2150
1258 2150
1257 2150
1256 2151
1255 2152
1254 2152
1253 2152
1252 2153
1251 2154
1250 2154
1249 2154
1248 2155
1247 2155
1246 2156
1245 2156
1244 2156
1243 2156
1242 2157
1241 2157
1240 2157
1239 2157
1238 2158
1237 2158
1236 2158
1235 2158
1234 2159
1233 2159
1232 2159
1231 2159
1230 2159
1229 2159
1228 2159
1227 2159
1226 2160
1225 2160
1224 2160
1223 2160
1222 2161
1221 2161
1220 2161
1219 2161
1218 2161
1217 2161
1216 2161
1215 2161
1214 2162
1213 2162
1212 2162
1211 2162
1210 2163
1209 2163
1208 2163
1207 2163
1206 2163
1205 2163
1204 2163
1203 2163
1202 2163
1201 2163
1200 2163
1199 2163
1198 2163
1197 2163
1196 2163
1195 2163
1194 2163
1193 2163
1192 2163
1191 2163
1190 2163
1189 2163
1188 2163
1187 2163
1186 2163
1185 2163
1184 2164
1183 2164
1182 2164
1181 2164
1180 2165
1179 2165
1178 2165
1177 2165
1176 2165
1175 2165
1175 2166
1175 2167
1175 2168
1174 2169
1174 2170
1173 2171
1172 2172
1172 2173
1171 2174
1170 2174
1169 2175
1168 2176
1167 2176
1166 2177
1165 2178
1164 2178
1163 2178
1162 2179
1161 2179
1160 2180
1159 2180
1158 2181
1157 2182
1156 2182
1156 2183
1155 2184
1154 2184
1154 2185
1153 2186
1152 2186
1152 2187
1151 2188
1150 2188
1150 2189
1149 2190
1148 2191
1147 2192
1146 2193
1146 2194
1145 2195
1144 2196
1144 2197
1143 2198
1142 2198
1142 2199
1141 2200
1140 2200
1140 2201
1139 2202
1138 2202
1138 2203
1137 2204
1136 2204
1135 2205
1134 2206
1133 2206
1132 2207
1131 2208
1130 2209
1129 2210
1128 2210
1128 2211
1127 2212
1126 2212
1125 2213
1124 2214
1123 2214
1122 2215
1121 2216
1120 2217
1119 2218
1118 2218
1117 2219
1116 2220
1115 2220
1114 2221
1113 2222
1112 2223
1111 2224
1110 2224
1109 2225
1108 2226
1107 2226
1106 2227
1105 2228
1104 2229
1103 2230
1102 2230
1102 2231
1101 2232
1100 2232
1100 2233
1099 2234
1098 2234
1098 2235
1097 2236
1096 2236
1096 2237
1095 2238
1094 2238
1094 2239
1093 2240
1092 2240
1092 2241
1091 2242
1090 2242
1090 2243
1089 2244
1088 2244
1088 2245
1087 2246
1086 2246
1086 2247
1085 2248
1084 2249
1084 2250
1083 2251
1083 2252
1084 2253
1084 2254
1084 2255
1084 2256
1085 2257
1085 2258
1085 2259
1085 2260
1085 2261
1085 2262
1085 2263
1085 2264
1086 2265
1086 2266
1087 2267
1088 2268
1088 2269
1089 2269
1090 2270
1091 2271
1092 2272
1093 2273
1094 2273
1095 2273
1096 2274
1097 2275
1098 2275
1099 2276
1100 2277
1101 2277
1102 2278
1103 2279
1104 2279
1105 2280
1106 2280
1107 2281
1108 2281
1109 2281
1110 2281
1111 2282
1112 2282
1113 2282
1114 2282
1115 2282
1116 2282
1117 2282
1118 2282
1119 2282
1120 2282
1121 2282
1122 2282
1123 2282
1124 2282
1125 2282
1126 2282
1127 2282
1128 2282
1129 2282
1130 2282
1131 2282
1132 2282
1133 2282
1134 2282
1135 2282
1136 2282
1137 2282
1138 2282
1139 2282
1140 2282
1141 2282
1142 2282
1143 2282
1144 2282
1145 2282
1146 2282
1147 2282
1148 2282
1149 2282
1150 2282
1151 2282
1152 2282
1153 2282
1154 2282
1155 2282
1156 2282
1157 2282
1158 2282
1159 2282
1160 2282
1161 2281
1162 2281
1163 2281
1164 2281
1165 2280
1166 2279
1167 2278
1168 2278
1169 2277
1170 2277
1171 2276
1172 2276
1173 2275
1174 2275
1175 2274
1176 2274
1177 2273
1178 2273
1179 2272
1180 2272
1181 2272
1182 2272
1183 2272
1184 2272
1185 2272
1186 2272
1187 2273
1188 2273
1189 2273
1190 2273
1191 2274
1192 2274
1193 2274
1194 2274
1195 2274
1196 2274
1197 2274
1198 2274
1199 2275
1200 2275
1201 2276
1202 2276
1203 2277
1204 2278
1205 2279
1206 2279
1207 2280
1208 2281
1209 2281
1210 2282
1211 2283
1212 2284
1213 2285
1214 2285
1215 2285
1216 2285
1217 2286
1218 2286
1219 2286
1220 2286
1221 2286
1222 2286
1223 2286
1224 2286
1225 2286
1226 2286
1227 2285
1228 2285
1229 2285
1230 2285
1231 2284
1232 2284
1233 2283
1234 2283
1235 2283
1236 2283
1237 2282
1238 2282
1239 2282
1240 2282
1241 2283
1242 2283
1243 2283
1244 2283
1245 2284
1246 2284
1247 2284
1248 2284
1249 2284
1250 2284
1251 2284
1252 2284
1253 2284
1254 2284
1255 2284
1256 2284
1257 2284
1258 2284
1259 2284
1260 2284
1261 2284
1262 2284
1263 2284
1264 2284
1265 2284
1266 2284
1267 2284
1268 2284
1269 2284
1270 2284
1271 2284
1272 2284
1273 2284
1274 2284
1275 2284
1276 2284
1277 2284
1278 2284
1279 2284
1280 2284
1281 2284
1282 2284
1283 2284
1284 2284
1285 2283
1286 2283
1287 2283
1288 2283
1289 2282
1290 2282
1291 2282
1292 2282
1293 2282
1294 2282
1295 2282
1296 2282
1297 2282
1298 2282
1299 2281
1300 2281
1301 2281
1302 2281
1303 2280
1304 2280
1305 2280
1306 2280
1307 2280
1308 2280
1309 2280
1310 2280
1311 2280
1312 2280
1313 2280
1314 2280
1315 2280
1316 2280
1317 2280
1318 2280
1319 2280
1320 2280
1321 2280
1322 2280
1323 2280
1324 2280
1325 2280
1326 2280
1327 2280
1328 2280
1329 2280
1330 2280
1331 2280
1332 2280
1333 2280
1334 2280
1335 2280
1336 2280
1337 2280
1338 2280
1339 2280
1340 2280
1341 2280
1342 2280
1343 2281
1344 2281
1345 2281
1346 2281
1347 2282
1348 2282
1349 2282
1350 2282
1351 2282
1352 2282
1353 2281
1354 2281
1355 2281
1356 2281
1357 2280
1358 2280
1359 2280
1360 2280
1361 2280
1362 2280
1363 2280
1364 2280
1365 2280
1366 2280
1367 2280
1368 2280
1369 2280
1370 2280
1371 2280
1372 2280
1373 2280
1374 2280
1375 2279
1376 2279
1377 2279
1378 2279
1379 2278
1380 2278
1381 2278
1382 2278
1383 2278
1384 2278
1385 2278
1386 2278
1387 2278
1388 2278
1389 2278
1390 2278
1391 2278
1392 2278
1393 2278
1394 2278
1395 2278
1396 2278
1397 2278
1398 2278
1399 2278
1400 2278
1401 2278
1402 2278
1403 2278
1404 2278
1405 2278
1406 2278
1407 2278
1408 2278
1409 2278
1410 2278
1411 2278
1412 2278
1413 2278
1414 2278
1415 2278
1416 2278
1417 2278
1418 2278
1419 2278
1420 2278
1421 2277
1422 2277
1423 2277
1424 2277
1425 2276
1426 2276
1427 2276
1428 2276
1429 2276
1430 2276
1431 2276
1432 2276
1433 2276
1434 2276
1435 2276
1436 2276
1437 2275
1438 2275
1439 2275
1440 2275
1441 2274
1442 2274
1443 2274
1444 2274
1445 2273
1446 2273
1447 2273
1448 2273
1449 2272
1450 2272
1451 2272
1452 2272
1453 2271
1454 2271
1455 2271
1456 2271
1457 2270
1458 2270
1459 2269
1460 2269
1461 2269
1462 2269
1463 2268
1464 2268
1465 2267
1466 2267
1467 2266
1468 2266
1469 2265
1470 2265
1471 2264
1472 2263
1473 2263
1474 2263
1475 2262
1476 2261
1477 2260
1478 2259
1479 2259
1479 2258
1480 2257
1481 2257
1481 2256
1482 2255
1483 2254
1483 2253
1484 2252
1484 2251
1484 2250
1484 2249
1484 2248
1484 2247
1484 2246
1484 2245
1484 2244
1484 2243
1484 2242
1484 2241
1484 2240
1484 2239
1484 2238
1484 2237
1484 2236
1484 2235
1484 2234
1484 2233
1484 2232
1484 2231
1484 2230
1484 2229
1483 2228
1483 2227
1483 2226
1483 2225
1482 2224
1482 2223
1482 2222
1482 2221
1482 2220
1482 2219
1482 2218
1482 2217
1482 2216
1482 2215
1482 2214
1482 2213
1482 2212
1482 2211
1482 2210
1482 2209
1482 2208
1482 2207
1482 2206
1482 2205
1482 2204
1482 2203
1481 2202
1481 2201
1480 2200
1479 2199
1479 2198
1478 2198
1477 2197
1476 2196
1475 2195
1474 2194
1473 2194
1472 2193
1471 2192
1470 2191
1469 2190
1469 2189
1468 2188
1467 2187
1466 2186
1465 2185
1464 2184
1463 2183
1462 2182
1461 2182
1460 2181
1459 2180
1458 2180
1457 2179
1456 2178
1455 2177
1454 2176
1453 2176
1452 2175
1451 2174
1450 2174
1449 2173
1448 2172
1447 2172
1446 2171
1445 2171
1444 2171
1443 2171
1442 2171
1441 2171
1440 2170
1439 2170
1438 2169
1437 2169
1436 2168
1435 2167
1434 2166
1433 2166
1432 2166
1431 2166
1430 2165
1429 2165
1428 2165
1427 2165
1426 2165
1425 2165
1424 2165
1423 2165
1422 2164
1421 2164
1420 2164
1419 2164
1418 2163
1417 2163
1416 2163
1415 2163
1414 2163
1413 2163
1412 2163
1411 2163
1410 2163
1409 2163
1408 2163
1407 2163
1406 2163
1405 2163
1404 2163
1403 2163
1402 2163
1401 2163
1400 2163
1399 2163
1398 2163
1397 2163
1396 2163
1395 2163
1394 2163
1393 2163
1392 2163
1391 2163
1390 2163
1389 2163
1388 2163
1387 2163
1386 2163
1385 2163
1384 2163
1383 2163
1382 2163
1381 2163
1380 2163
1379 2163
1378 2163
1377 2163
1376 2163
1375 2163
1374 2163
1373 2163
1372 2162
1371 2162
1370 2161
1369 2161
1368 2160
1367 2160
1366 2159
1365 2159
1364 2159
1363 2159
1362 2159
1361 2159
1360 2159
1359 2159
1358 2159
1357 2159
1356 2159
1355 2159
1354 2159
1353 2159
1352 2159
1351 2159
1350 2159
1349 2159
1348 2159
1347 2159
1346 2159
1345 2159
1344 2159
1343 2159
1342 2159
1341 2159
1340 2159
1339 2159
1338 2159
1337 2159
1336 2159
1335 2159
1334 2159
1333 2159
1332 2159
1331 2159
1330 2159
1329 2159
1328 2158
1327 2158
1326 2158
1325 2158
1324 2157
1323 2157
1322 2156
1321 2156
1320 2155
1319 2155
1318 2154
1317 2154
1316 2153
1315 2153
1314 2153
1313 2153
1312 2153
1311 2153
1310 2152
1309 2152
1308 2151
1307 2150
1306 2150
1305 2149
1304 2148
1303 2148
1302 2147
1301 2147
1300 2147
1299 2147
1298 2147
1297 2147
1296 2147
1295 2147
1294 2147
1293 2147
1292 2147
1291 2147
1290 2147
1289 2147
1288 2147
1287 2147
1286 2147
1285 2147
1284 2147
1283 2147
1282 2147
1281 2147
1280 2147
1279 2147
1278 2147
1277 2147
1276 2147
1275 2147
1274 2147
1273 2147
1272 2147
1271 2147
1270 2147
1269 2147
1268 2147
1267 2147
1266 2147
1265 2147
