2429 967
2428 968
2427 968
2426 969
2425 969
2424 970
2423 970
2422 971
2421 972
2420 972
2419 972
2418 973
2417 973
2416 974
2415 974
2414 974
2413 974
2412 975
2411 976
2410 976
2409 976
2408 977
2407 977
2406 977
2405 977
2404 978
2403 978
2402 978
2401 978
2400 979
2399 979
2398 979
2397 979
2396 979
2395 979
2394 980
2393 980
2392 980
2391 980
2390 981
2389 981
2388 981
2387 981
2386 981
2385 981
2384 981
2383 981
2382 981
2381 981
2380 982
2379 982
2378 982
2377 982
2376 983
2375 983
2374 983
2373 983
2372 984
2371 984
2370 984
2369 984
2368 985
2367 986
2366 986
2365 986
2364 987
2363 987
2362 988
2361 988
2360 988
2359 988
2358 989
2357 989
2356 990
2355 990
2354 990
2353 990
2352 991
2351 991
2350 991
2349 991
2348 991
2347 991
2346 991
2345 991
2344 991
2343 991
2342 992
2341 992
2340 992
2339 992
2338 993
2337 993
2336 993
2335 993
2334 993
2333 993
2332 993
2331 993
2330 993
2329 993
2328 993
2327 993
2326 993
2325 993
2324 993
2323 993
2322 993
2321 993
2320 993
2319 993
2318 993
2317 993
2316 994
2315 994
2314 994
2313 994
2312 995
2311 995
2310 996
2309 996
2308 996
2307 996
2306 997
2305 997
2304 997
2303 997
2302 997
2301 997
2300 997
2299 997
2298 997
2297 997
2296 997
2295 997
2294 997
2293 997
2292 997
2291 997
2290 998
2289 998
2288 998
2287 998
2286 999
2285 999
2284 999
2283 999
2282 999
2281 999
2280 999
2279 999
2278 999
2277 999
2276 999
2275 999
2274 999
2273 999
2272 999
2271 999
2270 999
2269 999
2268 999
2267 999
2266 999
2265 999
2264 999
2263 999
2262 999
2261 999
2260 1000
2259 1000
2258 1000
2257 1000
2256 1001
2255 1001
2254 1001
2253 1001
2252 1001
2251 1001
2250 1001
2249 1001
2248 1001
2247 1001
2246 1002
2245 1002
2244 1002
2243 1002
2242 1003
2241 1003
2240 1003
2239 1003
2238 1003
2237 1003
2236 1003
2235 1003
2234 1003
2233 1003
2232 1003
2231 1003
2230 1003
2229 1003
2228 1003
2227 1003
2226 1003
2225 1003
2224 1003
2223 1003
2222 1003
2221 1003
2220 1003
2219 1003
2218 1003
2217 1003
2216 1003
2215 1003
2214 1003
2213 1003
2212 1003
2211 1003
2210 1003
2209 1003
2208 1003
2207 1003
2206 1003
2205 1003
2204 1003
2203 1003
2202 1003
2201 1003
2200 1003
2199 1003
2198 1003
2197 1003
2196 1003
2195 1003
2194 1003
2193 1003
2192 1003
2191 1003
2190 1003
2189 1003
2188 1003
2187 1003
2186 1003
2185 1003
2184 1003
2183 1003
2182 1003
2181 1003
2180 1003
2179 1003
2178 1003
2177 1003
2176 1002
2175 1002
2174 1002
2173 1002
2172 1001
2171 1001
2170 1001
2169 1001
2168 1001
2167 1001
2166 1001
2165 1001
2164 1002
2163 1002
2162 1002
2161 1002
2160 1003
2159 1003
2158 1003
2157 1003
2156 1003
2155 1003
2154 1003
2153 1003
2152 1003
2151 1003
2150 1003
2149 1003
2148 1003
2147 1003
2146 1003
2145 1003
2144 1003
2143 1003
2142 1004
2141 1004
2140 1004
2139 1004
2138 1005
2137 1005
2136 1005
2135 1005
2134 1005
2133 1005
2132 1005
2131 1005
2130 1005
2129 1005
2128 1005
2127 1005
2126 1005
2125 1005
2124 1005
2123 1005
2122 1006
2121 1006
2120 1006
2119 1006
2118 1007
2117 1007
2116 1007
2115 1007
2114 1007
2113 1007
2112 1007
2111 1007
2110 1007
2109 1007
2108 1007
2107 1007
2106 1007
2105 1007
2104 1007
2103 1007
2102 1007
2101 1007
2100 1007
2099 1007
2098 1007
2097 1007
2096 1007
2095 1007
2094 1008
2093 1008
2092 1008
2091 1008
2090 1009
2089 1009
2088 1009
2087 1009
2086 1009
2085 1009
2084 1009
2083 1009
2082 1009
2081 1009
2080 1009
2079 1009
2078 1009
2077 1009
2076 1009
2075 1009
2074 1009
2073 1009
2072 1009
2071 1009
2070 1009
2069 1009
2068 1009
2067 1009
2066 1009
2065 1009
2064 1009
2063 1009
2062 1008
2061 1008
2060 1008
2059 1008
2058 1007
2057 1007
2056 1007
2055 1007
2054 1007
2053 1007
2052 1007
2051 1007
2050 1007
2049 1007
2048 1006
2047 1006
2046 1006
2045 1006
2044 1005
2043 1005
2042 1005
2041 1005
2040 1005
2039 1005
2038 1005
2037 1005
2036 1005
2035 1005
2034 1004
2033 1004
2032 1004
2031 1004
2030 1003
2029 1003
2028 1002
2027 1002
2026 1002
2025 1002
2024 1001
2023 1001
2022 1001
2021 1001
2020 1001
2019 1001
2018 1000
2017 1000
2016 1000
2015 1000
2014 999
2013 999
2012 999
2011 999
2010 998
2009 998
2008 998
2007 998
2006 997
2005 997
2004 996
2003 996
2002 996
2001 996
2000 995
1999 995
1998 995
1997 995
1996 995
1995 995
1994 995
1993 995
1992 995
1991 995
1990 995
1989 995
1988 995
1987 995
1986 995
1985 995
1984 996
1983 996
1982 996
1981 996
1980 997
1979 997
1978 997
1977 997
1976 997
1975 997
1974 997
1973 997
1972 997
1971 997
1970 997
1969 997
1968 997
1967 997
1966 997
1965 997
1964 997
1963 997
1962 997
1961 997
1960 997
1959 997
1958 997
1957 997
1956 997
1955 997
1954 997
1953 997
1952 997
1951 997
1950 997
1949 997
1948 997
1947 997
1946 997
1945 997
1944 997
1943 997
1942 997
1941 997
1940 997
1939 997
1938 998
1937 998
1936 998
1935 998
1934 999
1933 999
1932 999
1931 999
1930 999
1929 999
1928 999
1927 999
1926 999
1925 999
1924 999
1923 999
1922 999
1921 999
1920 999
1919 999
1918 999
1917 999
1916 999
1915 999
1914 999
1913 999
1912 999
1911 999
1910 999
1909 999
1908 1000
1907 1000
1906 1000
1905 1000
1904 1001
1903 1001
1902 1001
1901 1001
1900 1001
1899 1001
1898 1001
1897 1001
1896 1001
1895 1001
1894 1001
1893 1001
1892 1001
1891 1001
1890 1001
1889 1001
1888 1001
1887 1001
1886 1001
1885 1001
1884 1001
1883 1001
1882 1001
1881 1001
1880 1002
1879 1002
1878 1002
1877 1002
1876 1003
1875 1003
1874 1003
1873 1003
1872 1003
1871 1003
1870 1003
1869 1003
1868 1003
1867 1003
1866 1003
1865 1003
1864 1003
1863 1003
1862 1003
1861 1003
1860 1003
1859 1003
1858 1003
1857 1003
1856 1003
1855 1003
1854 1003
1853 1003
1852 1003
1851 1003
1850 1003
1849 1003
1848 1003
1847 1003
1846 1003
1845 1003
1844 1003
1843 1003
1842 1003
1841 1003
1840 1004
1839 1004
1838 1004
1837 1004
1836 1005
1835 1006
1834 1006
1833 1006
1832 1007
1831 1007
1830 1007
1829 1007
1828 1008
1827 1008
1826 1008
1825 1008
1824 1009
1823 1010
1822 1011
1821 1011
1820 1012
1819 1012
1818 1013
1817 1013
1816 1013
1815 1013
1814 1013
1813 1013
1812 1013
1811 1013
1810 1013
1809 1013
1808 1013
1807 1013
1806 1013
1805 1013
1804 1013
1803 1013
1802 1013
1801 1013
1800 1013
1799 1013
1798 1013
1797 1013
1796 1013
1795 1013
1794 1013
1793 1013
1792 1014
1791 1014
1790 1014
1789 1014
1788 1015
1787 1015
1786 1015
1785 1015
1784 1015
1783 1015
1782 1015
1781 1015
1780 1015
1779 1015
1778 1016
1777 1016
1776 1016
1775 1016
1774 1017
1773 1017
1772 1017
1771 1017
1770 1017
1769 1017
1768 1017
1767 1017
1766 1017
1765 1017
1764 1017
1763 1017
1762 1017
1761 1017
1760 1018
1759 1018
1758 1019
1757 1019
1756 1020
1755 1020
1754 1021
1753 1021
1752 1021
1751 1021
1750 1021
1749 1021
1748 1021
1747 1021
1746 1021
1745 1021
1744 1021
1743 1021
1742 1021
1741 1021
1740 1021
1739 1021
1738 1022
1737 1022
1736 1022
1735 1022
1734 1023
1733 1024
1732 1024
1731 1024
1730 1025
1729 1025
1728 1025
1727 1025
1726 1026
1725 1026
1724 1026
1723 1026
1722 1027
1721 1027
1720 1027
1719 1027
1718 1027
1717 1027
1716 1027
1715 1027
1714 1027
1713 1027
1712 1027
1711 1027
1710 1027
1709 1027
1708 1027
1707 1027
1706 1027
1705 1027
1704 1027
1703 1027
1702 1026
1701 1026
1700 1026
1699 1026
1698 1025
1697 1025
1696 1025
1695 1025
1694 1025
1693 1025
1692 1025
1691 1025
1690 1025
1689 1025
1688 1025
1687 1025
1686 1025
1685 1025
1684 1025
1683 1025
1682 1025
1681 1025
1680 1024
1679 1024
1678 1024
1677 1024
1676 1023
1675 1023
1674 1023
1673 1023
1672 1023
1671 1023
1670 1022
1669 1022
1668 1022
1667 1022
1666 1021
1665 1021
1664 1021
1663 1021
1662 1020
1661 1020
1660 1020
1659 1020
1658 1019
1657 1019
1656 1018
1655 1018
1654 1018
1653 1018
1652 1017
1651 1017
1650 1017
1649 1017
1648 1016
1647 1016
1646 1016
1645 1016
1644 1015
1643 1015
1642 1015
1641 1015
1640 1015
1639 1015
1638 1014
1637 1014
1636 1014
1635 1014
1634 1013
1633 1013
1632 1013
1631 1013
1630 1013
1629 1013
1628 1012
1627 1012
1626 1012
1625 1012
1624 1011
1623 1011
1622 1011
1621 1011
1620 1011
1619 1011
1618 1011
1617 1011
1616 1011
1615 1011
1614 1011
1613 1011
1612 1011
1611 1011
1610 1011
1609 1011
1608 1010
1607 1010
1606 1010
1605 1010
1604 1009
1603 1009
1602 1009
1601 1009
1600 1009
1599 1009
1598 1009
1597 1009
1596 1009
1595 1009
1594 1009
1593 1009
1592 1009
1591 1009
1590 1009
1589 1009
1588 1008
1587 1008
1586 1008
1585 1008
1584 1007
1583 1007
1582 1006
1581 1006
1580 1006
1579 1006
1578 1005
1577 1005
1576 1005
1575 1005
1574 1005
1573 1005
1572 1005
1571 1005
1570 1006
1569 1006
1568 1006
1567 1006
1566 1007
1565 1007
1564 1007
1563 1007
1562 1007
1561 1007
1560 1007
1559 1007
1558 1007
1557 1007
1556 1007
1555 1007
1554 1008
1553 1008
1552 1009
1551 1009
1550 1010
1549 1010
1548 1011
1547 1011
1546 1011
1545 1011
1544 1011
1543 1011
1542 1011
1541 1011
1540 1011
1539 1011
1538 1011
1537 1011
1536 1011
1535 1011
1534 1011
1533 1011
1532 1011
1531 1011
1530 1011
1529 1011
1528 1011
1527 1011
1526 1011
1525 1011
1524 1011
1523 1011
1522 1011
1521 1011
1520 1011
1519 1011
1518 1011
1517 1011
1516 1011
1515 1011
1514 1011
1513 1011
1512 1011
1511 1011
1510 1011
1509 1011
1508 1011
1507 1011
1506 1011
1505 1011
1504 1011
1503 1011
1502 1011
1501 1011
1500 1011
1499 1011
1498 1011
1497 1011
1496 1011
1495 1011
1494 1011
1493 1011
1492 1011
1491 1011
1490 1012
1489 1012
1488 1012
1487 1012
1486 1013
1485 1014
1484 1015
1483 1015
1482 1016
1481 1016
1480 1017
1479 1017
1478 1018
1477 1018
1476 1019
1475 1020
1474 1020
1474 1021
1473 1022
1472 1023
1472 1024
1471 1025
1471 1026
1472 1027
1472 1028
1472 1029
1472 1030
1473 1031
1473 1032
1473 1033
1473 1034
1473 1035
1473 1036
1473 1037
1473 1038
1472 1039
1472 1040
1471 1041
1471 1042
1470 1043
1470 1044
1469 1045
1469 1046
1469 1047
1469 1048
1469 1049
1469 1050
1469 1051
1469 1052
1469 1053
1469 1054
1469 1055
1469 1056
1468 1057
1468 1058
1468 1059
1468 1060
1467 1061
1467 1062
1466 1063
1466 1064
1466 1065
1466 1066
1465 1067
1465 1068
1465 1069
1465 1070
1465 1071
1465 1072
1465 1073
1465 1074
1465 1075
1465 1076
1465 1077
1465 1078
1465 1079
1465 1080
1465 1081
1465 1082
1465 1083
1465 1084
1465 1085
1465 1086
1465 1087
1465 1088
1464 1089
1464 1090
1463 1091
1462 1092
1462 1093
1461 1094
1460 1094
1460 1095
1459 1096
1458 1096
1458 1097
1457 1098
1456 1099
1455 1100
1454 1101
1454 1102
1453 1103
1452 1104
1452 1105
1451 1106
1450 1106
1450 1107
1449 1108
1448 1108
1447 1109
1446 1110
1445 1110
1444 1111
1443 1112
1442 1113
1441 1114
1440 1114
1439 1115
1438 1116
1437 1116
1436 1117
1435 1118
1434 1119
1433 1120
1432 1120
1432 1121
1431 1122
1430 1122
1430 1123
1429 1124
1428 1125
1428 1126
1427 1127
1427 1128
1427 1129
1427 1130
1427 1131
1427 1132
1427 1133
1427 1134
1427 1135
1427 1136
1427 1137
1427 1138
1427 1139
1427 1140
1427 1141
1427 1142
1427 1143
1427 1144
1426 1145
1426 1146
1426 1147
1425 1148
1424 1149
1424 1150
1424 1151
1424 1152
1423 1153
1423 1154
1423 1155
1423 1156
1423 1157
1423 1158
1423 1159
1423 1160
1423 1161
1423 1162
1423 1163
1423 1164
1424 1165
1424 1166
1424 1167
1424 1168
1425 1169
1426 1170
1426 1171
1426 1172
1427 1173
1428 1174
1428 1175
1428 1176
1429 1177
1429 1178
1429 1179
1429 1180
1430 1181
1430 1182
1430 1183
1430 1184
1431 1185
1432 1186
1432 1187
1432 1188
1433 1189
1433 1190
1434 1191
1434 1192
1434 1193
1434 1194
1435 1195
1435 1196
1436 1197
1436 1198
1436 1199
1436 1200
1437 1201
1438 1202
1438 1203
1438 1204
1439 1205
1439 1206
1439 1207
1439 1208
1439 1209
1439 1210
1440 1211
1440 1212
1440 1213
1440 1214
1441 1215
1442 1216
1442 1217
1442 1218
1443 1219
1443 1220
1444 1221
1444 1222
1444 1223
1444 1224
1445 1225
1445 1226
1445 1227
1445 1228
1446 1229
1446 1230
1446 1231
1446 1232
1447 1233
1448 1234
1448 1235
1448 1236
1449 1237
1450 1238
1450 1239
1450 1240
1451 1241
1451 1242
1451 1243
1451 1244
1451 1245
1451 1246
1451 1247
1451 1248
1451 1249
1451 1250
1452 1251
1452 1252
1452 1253
1452 1254
1453 1255
1453 1256
1453 1257
1453 1258
1453 1259
1453 1260
1454 1261
1454 1262
1454 1263
1454 1264
1455 1265
1455 1266
1455 1267
1455 1268
1455 1269
1455 1270
1456 1271
1456 1272
1456 1273
1456 1274
1457 1275
1457 1276
1457 1277
1457 1278
1457 1279
1457 1280
1457 1281
1457 1282
1458 1283
1458 1284
1458 1285
1458 1286
1459 1287
1459 1288
1459 1289
1459 1290
1459 1291
1459 1292
1460 1293
1460 1294
1460 1295
1460 1296
1461 1297
1461 1298
1461 1299
1461 1300
1461 1301
1461 1302
1461 1303
1461 1304
1461 1305
1461 1306
1461 1307
1461 1308
1461 1309
1461 1310
1462 1311
1462 1312
1462 1313
1462 1314
1463 1315
1463 1316
1463 1317
1463 1318
1463 1319
1463 1320
1464 1321
1464 1322
1464 1323
1464 1324
1465 1325
1465 1326
1465 1327
1465 1328
1465 1329
1465 1330
1465 1331
1465 1332
1465 1333
1465 1334
1465 1335
1465 1336
1465 1337
1465 1338
1465 1339
1465 1340
1465 1341
1465 1342
1466 1343
1466 1344
1466 1345
1466 1346
1467 1347
1467 1348
1467 1349
1467 1350
1467 1351
1467 1352
1467 1353
1467 1354
1467 1355
1467 1356
1467 1357
1467 1358
1468 1359
1468 1360
1468 1361
1468 1362
1469 1363
1469 1364
1469 1365
1469 1366
1469 1367
1469 1368
1469 1369
1469 1370
1469 1371
1469 1372
1469 1373
1469 1374
1469 1375
1469 1376
1469 1377
1469 1378
1469 1379
1469 1380
1469 1381
1469 1382
1469 1383
1469 1384
1469 1385
1469 1386
1469 1387
1469 1388
1470 1389
1470 1390
1470 1391
1470 1392
1471 1393
1471 1394
1471 1395
1471 1396
1471 1397
1471 1398
1471 1399
1471 1400
1471 1401
1471 1402
1471 1403
1471 1404
1471 1405
1471 1406
1471 1407
1471 1408
1471 1409
1471 1410
1471 1411
1471 1412
1471 1413
1471 1414
1471 1415
1471 1416
1471 1417
1471 1418
1471 1419
1471 1420
1471 1421
1471 1422
1471 1423
1471 1424
1471 1425
1471 1426
1471 1427
1471 1428
1471 1429
1471 1430
1471 1431
1471 1432
1471 1433
1471 1434
1471 1435
1471 1436
1471 1437
1471 1438
1471 1439
1471 1440
1472 1441
1472 1442
1472 1443
1472 1444
1473 1445
1473 1446
1473 1447
1473 1448
1473 1449
1473 1450
1473 1451
1473 1452
1473 1453
1473 1454
1473 1455
1473 1456
1473 1457
1473 1458
1473 1459
1473 1460
1474 1461
1474 1462
1475 1463
1475 1464
1476 1465
1476 1466
1477 1467
1477 1468
1477 1469
1477 1470
1477 1471
1477 1472
1478 1473
1478 1474
1478 1475
1478 1476
1479 1477
1479 1478
1479 1479
1479 1480
1479 1481
1479 1482
1479 1483
1479 1484
1479 1485
1479 1486
1480 1487
1480 1488
1480 1489
1480 1490
1481 1491
1481 1492
1481 1493
1481 1494
1481 1495
1481 1496
1482 1497
1482 1498
1482 1499
1482 1500
1483 1501
1483 1502
1483 1503
1483 1504
1484 1505
1484 1506
1484 1507
1484 1508
1485 1509
1485 1510
1485 1511
1485 1512
1485 1513
1485 1514
1485 1515
1485 1516
1485 1517
1485 1518
1485 1519
1485 1520
1485 1521
1485 1522
1485 1523
1485 1524
1486 1525
1486 1526
1486 1527
1486 1528
1487 1529
1488 1530
1489 1531
1490 1532
1490 1533
1491 1533
1492 1534
1492 1535
1493 1535
1494 1536
1494 1537
1495 1537
1496 1538
1496 1539
1497 1539
1498 1540
1498 1541
1499 1541
1500 1542
1500 1543
1501 1543
1502 1544
1503 1545
1504 1545
1505 1546
1506 1546
1507 1546
1508 1546
1509 1546
1510 1546
1511 1547
1512 1547
1513 1547
1514 1547
1515 1548
1516 1548
1517 1548
1518 1548
1519 1548
1520 1548
1521 1548
1522 1548
1523 1548
1524 1548
1525 1548
1526 1548
1527 1547
1528 1547
1529 1547
1530 1547
1531 1546
1532 1546
1533 1546
1534 1546
1535 1546
1536 1546
1537 1546
1538 1546
1539 1545
1540 1545
1541 1545
1542 1545
1543 1544
1544 1544
1545 1543
1546 1543
1547 1542
1548 1542
1549 1541
1550 1541
1551 1540
1552 1540
1553 1539
1554 1539
1555 1539
1556 1539
1557 1538
1558 1538
1559 1538
1560 1538
1561 1538
1562 1538
1563 1539
1564 1539
1565 1539
1566 1539
1567 1540
1568 1540
1569 1540
1570 1540
1571 1540
1572 1540
1573 1540
1574 1540
1575 1540
1576 1540
1577 1540
1578 1540
1579 1540
1580 1540
1581 1540
1582 1540
1583 1540
1584 1540
1585 1539
1586 1539
1587 1539
1588 1539
1589 1538
1590 1538
1591 1538
1592 1538
1593 1538
1594 1538
1595 1537
1596 1537
1597 1537
1598 1537
1599 1536
1600 1536
1601 1536
1602 1536
1603 1536
1604 1536
1605 1536
1606 1536
1607 1536
1608 1536
1609 1536
1610 1536
1611 1536
1612 1536
1613 1536
1614 1536
1615 1536
1616 1536
1617 1535
1618 1535
1619 1535
1620 1535
1621 1534
1622 1534
1623 1534
1624 1534
1625 1534
1626 1534
1627 1533
1628 1533
1629 1533
1630 1533
1631 1532
1632 1532
1633 1532
1634 1532
1635 1532
1636 1532
1637 1532
1638 1532
1639 1532
1640 1532
1641 1532
1642 1532
1643 1532
1644 1532
1645 1532
1646 1532
1647 1532
1648 1532
1649 1531
1650 1531
1651 1531
1652 1531
1653 1530
1654 1530
1655 1530
1656 1530
1657 1530
1658 1530
1659 1530
1660 1530
1661 1530
1662 1530
1663 1530
1664 1530
1665 1530
1666 1530
1667 1530
1668 1530
1669 1530
1670 1530
1671 1530
1672 1530
1673 1530
1674 1530
1675 1530
1676 1530
1677 1530
1678 1530
1679 1530
1680 1530
1681 1530
1682 1530
1683 1530
1684 1530
1685 1530
1686 1530
1687 1530
1688 1530
1689 1530
1690 1530
1691 1530
1692 1530
1693 1530
1694 1530
1695 1530
1696 1530
1697 1530
1698 1530
1699 1530
1700 1530
1701 1530
1702 1530
1703 1530
1704 1530
1705 1529
1706 1529
1707 1529
1708 1529
1709 1528
1710 1528
1711 1529
1712 1529
1713 1529
1714 1529
1715 1530
1716 1530
1717 1530
1718 1530
1719 1530
1720 1530
1721 1530
1722 1530
1723 1530
1724 1530
1725 1530
1726 1530
1727 1530
1728 1530
1729 1530
1730 1530
1731 1530
1732 1530
1733 1530
1734 1530
1735 1530
1736 1530
1737 1531
1738 1531
1739 1531
1740 1531
1741 1532
1742 1532
1743 1532
1744 1532
1745 1532
1746 1532
1747 1532
1748 1532
1749 1533
1750 1533
1751 1533
1752 1533
1753 1534
1754 1534
1755 1534
1756 1534
1757 1534
1758 1534
1759 1535
1760 1535
1761 1535
1762 1535
1763 1536
1764 1536
1765 1536
1766 1536
1767 1536
1768 1536
1769 1537
1770 1537
1771 1537
1772 1537
1773 1538
1774 1538
1775 1538
1776 1538
1777 1538
1778 1538
1779 1538
1780 1538
1781 1539
1782 1539
1783 1539
1784 1540
1785 1541
1786 1541
1787 1541
1788 1541
1789 1542
1790 1542
1791 1542
1792 1542
1793 1543
1794 1543
1795 1543
1796 1543
1797 1544
1798 1544
1799 1545
1800 1545
1801 1545
1802 1545
1803 1546
1804 1546
1805 1546
1806 1546
1807 1547
1808 1547
1809 1547
1810 1547
1811 1548
1812 1548
1813 1548
1814 1548
1815 1548
1816 1548
1817 1549
1818 1549
1819 1549
1820 1549
1821 1550
1822 1550
1823 1550
1824 1550
1825 1551
1826 1551
1827 1551
1828 1551
1829 1552
1830 1552
1831 1553
1832 1553
1833 1553
1834 1554
1835 1555
1836 1555
1837 1555
1838 1556
1839 1557
1840 1557
1841 1558
1842 1559
1843 1559
1844 1560
1844 1561
1845 1561
1846 1562
1847 1563
1848 1564
1849 1565
1850 1565
1851 1565
1852 1565
1853 1566
1854 1566
1855 1567
1856 1567
1857 1567
1858 1568
1859 1569
1860 1569
1861 1569
1862 1569
1863 1570
1864 1570
1865 1570
1866 1570
1867 1571
1868 1571
1869 1571
1870 1571
1871 1572
1872 1572
1873 1573
1874 1573
1875 1574
1876 1574
1877 1575
1878 1575
1879 1576
1880 1576
1881 1576
1882 1576
1883 1577
1884 1577
1885 1577
1886 1578
1887 1579
1888 1579
1889 1579
1890 1579
1891 1580
1892 1580
1893 1580
1894 1580
1895 1581
1896 1581
1897 1581
1898 1581
1899 1582
1900 1582
1901 1583
1902 1583
1903 1583
1904 1583
1905 1584
1906 1584
1907 1585
1908 1585
1909 1586
1910 1586
1911 1587
1912 1587
1913 1588
1914 1588
1915 1588
1916 1588
1917 1588
1918 1588
1919 1588
1920 1588
1921 1588
1922 1588
1923 1588
1924 1588
1925 1589
1926 1589
1927 1589
1928 1589
1929 1590
1930 1590
1931 1590
1932 1590
1933 1590
1934 1590
1935 1591
1936 1591
1937 1591
1938 1592
1939 1593
1940 1593
1941 1594
1942 1594
1943 1595
1944 1595
1945 1596
1946 1596
1947 1596
1948 1596
1949 1597
1950 1597
1951 1597
1952 1597
1953 1598
1954 1598
1955 1599
1956 1599
1957 1600
1958 1601
1959 1601
1960 1602
1961 1603
1962 1603
1963 1604
1964 1604
1965 1604
1966 1604
1967 1605
1968 1605
1969 1605
1970 1605
1971 1606
1972 1606
1973 1607
1974 1607
1975 1607
1976 1607
1977 1608
1978 1608
1979 1609
1980 1609
1981 1609
1982 1609
1983 1610
1984 1610
1985 1611
1986 1611
1987 1612
1988 1612
1989 1613
1990 1613
1991 1614
1992 1614
1993 1615
1994 1615
1995 1615
1996 1615
1997 1616
1998 1616
1999 1617
2000 1617
2001 1617
2002 1618
2003 1619
2004 1619
2005 1619
2006 1619
2007 1620
2008 1620
2009 1621
2010 1621
2011 1621
2012 1621
2013 1622
2014 1622
2015 1623
2016 1623
2017 1623
2018 1623
2019 1624
2020 1624
2021 1625
2022 1625
2023 1626
2024 1626
2025 1627
2026 1628
2027 1629
2028 1629
2029 1629
2030 1630
2031 1631
2032 1631
2033 1631
2034 1632
2035 1633
2036 1633
2037 1633
2038 1634
2039 1635
2040 1635
2041 1635
2042 1635
2043 1636
2044 1636
2045 1637
2046 1637
2047 1637
2048 1638
2049 1639
2050 1639
2051 1640
2052 1640
2053 1641
2054 1642
2055 1643
2056 1643
2057 1643
2058 1644
2059 1645
2060 1645
2061 1645
2062 1646
2063 1647
2064 1647
2065 1647
2066 1647
2067 1648
2068 1648
2069 1649
2070 1649
2071 1649
2072 1649
2073 1650
2074 1650
2075 1651
2076 1651
2077 1652
2078 1652
2079 1653
2080 1654
2081 1655
2082 1655
2083 1655
2084 1655
2085 1656
2086 1656
2087 1657
2088 1657
2089 1657
2090 1657
2091 1658
2092 1658
2093 1658
2094 1658
2095 1658
2096 1658
2097 1658
2098 1658
2099 1658
2100 1658
2101 1657
2102 1657
2103 1657
2104 1657
2105 1656
2106 1655
2107 1655
2108 1655
2109 1654
2110 1654
2111 1654
2112 1654
2113 1653
2114 1653
2115 1653
2116 1653
2117 1652
2118 1651
2119 1651
2120 1651
2121 1650
2122 1649
2123 1649
2124 1649
2125 1648
2126 1648
2127 1648
2128 1648
2129 1648
2130 1648
2131 1647
2132 1647
2133 1647
2134 1647
2135 1646
2136 1646
2137 1646
2138 1646
2139 1646
2140 1646
2141 1646
2142 1646
2143 1645
2144 1645
2145 1645
2146 1645
2147 1644
2148 1643
2149 1643
2150 1643
2151 1642
2152 1642
2153 1642
2154 1642
2155 1642
2156 1642
2157 1642
2158 1642
2159 1642
2160 1642
2161 1642
2162 1642
2163 1642
2164 1642
2165 1643
2166 1643
2167 1643
2168 1643
2169 1644
2170 1644
2171 1645
2172 1645
2173 1645
2174 1645
2175 1646
2176 1646
2177 1646
2178 1646
2179 1646
2180 1646
2181 1647
2182 1647
2183 1647
2184 1647
2185 1648
2186 1648
2187 1648
2188 1648
2189 1648
2190 1648
2191 1649
2192 1649
2193 1649
2194 1650
2195 1651
2196 1651
2197 1651
2198 1651
2199 1652
2200 1652
2201 1652
2202 1652
2203 1652
2204 1652
2205 1652
2206 1652
2207 1652
2208 1652
2209 1652
2210 1652
2211 1652
2212 1652
2213 1652
2214 1652
2215 1652
2216 1652
2217 1651
2218 1651
2219 1651
2220 1651
2221 1650
2222 1650
2223 1650
2224 1650
2225 1650
2226 1650
2227 1650
2228 1650
2229 1649
2230 1649
2231 1649
2232 1649
2233 1648
2234 1648
2235 1648
2236 1648
2237 1648
2238 1648
2239 1648
2240 1648
2241 1648
2242 1648
2243 1648
2244 1648
2245 1648
2246 1648
2247 1648
2248 1648
2249 1648
2250 1648
2251 1648
2252 1648
2253 1648
2254 1648
2255 1648
2256 1648
2257 1648
2258 1648
2259 1648
2260 1648
2261 1649
2262 1649
2263 1649
2264 1649
2265 1650
2266 1650
2267 1650
2268 1650
2269 1650
2270 1650
2271 1651
2272 1651
2273 1651
2274 1651
2275 1652
2276 1652
2277 1652
2278 1652
2279 1653
2280 1653
2281 1653
2282 1653
2283 1654
2284 1654
2285 1654
2286 1654
2287 1654
2288 1654
2289 1654
2290 1654
2291 1654
2292 1654
2293 1654
2294 1654
2295 1655
2296 1655
2297 1655
2298 1655
2299 1656
2300 1656
2301 1656
2302 1656
2303 1657
2304 1657
2305 1657
2306 1657
2307 1658
2308 1658
2309 1659
2310 1659
2311 1659
2312 1659
2313 1660
2314 1660
2315 1660
2316 1660
2317 1660
2318 1660
2319 1660
2320 1660
2321 1660
2322 1660
2323 1661
2324 1661
2325 1661
2326 1661
2327 1662
2328 1662
2329 1663
2330 1663
2331 1663
2332 1663
2333 1664
2334 1664
2335 1664
2336 1664
2337 1665
2338 1665
2339 1665
2340 1665
2341 1666
2342 1666
2343 1666
2344 1666
2345 1666
2346 1666
2347 1667
2348 1667
2349 1667
2350 1667
2351 1668
2352 1668
2353 1669
2354 1669
2355 1669
2356 1669
2357 1670
2358 1670
2359 1670
2360 1670
2361 1670
2362 1670
2363 1670
2364 1670
2365 1670
2366 1670
2367 1670
2368 1670
2369 1670
2370 1670
2371 1670
2372 1670
2373 1670
2374 1670
2375 1670
2376 1670
2377 1670
2378 1670
2379 1670
2380 1670
2381 1670
2382 1670
2383 1670
2384 1670
2385 1670
2386 1670
2387 1669
2388 1669
2389 1669
2390 1669
2391 1668
2392 1667
2393 1666
2394 1666
2395 1665
2396 1665
2397 1664
2398 1664
2399 1664
2400 1664
2401 1664
2402 1664
2403 1664
2404 1664
2405 1664
2406 1664
2407 1664
2408 1664
2409 1664
2410 1664
2411 1664
2412 1664
2413 1664
2414 1664
2415 1664
2416 1664
2417 1664
2418 1664
2419 1664
2420 1664
2421 1664
2422 1664
2423 1664
2424 1664
2425 1664
2426 1664
2427 1664
2428 1664
2429 1664
2430 1664
2431 1664
2432 1664
2433 1663
2434 1663
2435 1663
2436 1663
2437 1662
2438 1662
2439 1661
2440 1661
2441 1661
2442 1661
2443 1660
2444 1660
2445 1660
2446 1660
2447 1660
2448 1660
2449 1659
2450 1659
2451 1659
2452 1659
2453 1658
2454 1658
2455 1658
2456 1658
2457 1658
2458 1658
2459 1658
2460 1658
2461 1658
2462 1658
2463 1658
2464 1658
2465 1658
2466 1658
2467 1658
2468 1658
2469 1658
2470 1658
2471 1657
2472 1657
2473 1657
2474 1657
2475 1656
2476 1655
2477 1655
2478 1655
2479 1654
2480 1654
2481 1654
2482 1654
2483 1654
2484 1654
2485 1654
2486 1654
2487 1654
2488 1654
2489 1654
2490 1654
2491 1653
2492 1653
2493 1652
2494 1651
2495 1651
2496 1650
2497 1649
2498 1649
2499 1648
2500 1648
2501 1647
2502 1647
2503 1646
2503 1645
2504 1644
2504 1643
2504 1642
2504 1641
2505 1640
2506 1639
2507 1638
2508 1637
2509 1636
2510 1636
2511 1635
2512 1635
2513 1634
2514 1634
2515 1634
2516 1634
2517 1635
2518 1635
2519 1635
2520 1635
2521 1636
2522 1636
2523 1636
2524 1636
2525 1636
2526 1636
2527 1636
2528 1636
2529 1636
2530 1636
2531 1636
2532 1636
2533 1636
2534 1636
2535 1636
2536 1636
2537 1636
2538 1636
2539 1635
2540 1635
2541 1635
2542 1635
2543 1634
2544 1634
2545 1633
2546 1633
2547 1632
2548 1632
2549 1631
2550 1631
2551 1630
2552 1629
2553 1628
2554 1627
2555 1627
2556 1626
2557 1625
2558 1625
2559 1624
2560 1623
2561 1623
2562 1623
2563 1622
2564 1621
2565 1620
2566 1620
2567 1619
2568 1619
2569 1618
2570 1617
2571 1617
2572 1617
2573 1616
2574 1616
2575 1615
2576 1615
2577 1615
2578 1615
2579 1614
2580 1614
2581 1614
2582 1614
2583 1613
2584 1613
2585 1613
2586 1613
2587 1612
2588 1612
2589 1613
2590 1613
2591 1613
2592 1614
2593 1615
2594 1615
2595 1616
2596 1617
2597 1617
2598 1618
2598 1619
2599 1619
2600 1620
2600 1621
2601 1621
2602 1622
2603 1623
2604 1623
2605 1624
2606 1624
2607 1625
2608 1625
2609 1626
2610 1626
2611 1627
2612 1627
2613 1628
2614 1628
2615 1628
2616 1628
2617 1629
2618 1629
2619 1630
2620 1631
2621 1631
2622 1632
2622 1633
2623 1633
2624 1634
2625 1635
2626 1635
2627 1636
2628 1636
2629 1636
2630 1636
2631 1636
2632 1636
2633 1636
2634 1636
2635 1636
2636 1636
2637 1636
2638 1636
2639 1636
2640 1636
2641 1636
2642 1636
2643 1636
2644 1636
2645 1636
2646 1636
2647 1636
2648 1636
2649 1636
2650 1636
2651 1636
2652 1636
2653 1636
2654 1636
2655 1635
2656 1635
2657 1635
2658 1635
2659 1634
2660 1634
2661 1634
2662 1634
2663 1634
2664 1634
2665 1633
2666 1633
2667 1633
2668 1633
2669 1632
2670 1632
2671 1632
2672 1632
2673 1632
2674 1632
2675 1632
2676 1632
2677 1632
2678 1632
2679 1632
2680 1632
2681 1632
2682 1632
2683 1632
2684 1632
2685 1632
2686 1632
2687 1632
2688 1632
2689 1632
2690 1632
2691 1632
2692 1632
2693 1632
2694 1632
2695 1632
2696 1632
2697 1632
2698 1632
2699 1632
2700 1632
2701 1632
2702 1632
2703 1632
2704 1632
2705 1632
2706 1632
2707 1631
2708 1631
2709 1631
2710 1631
2711 1630
2712 1630
2713 1630
2714 1630
2715 1631
2716 1631
2717 1631
2718 1631
2719 1632
2720 1632
2721 1632
2722 1632
2723 1632
2724 1632
2725 1632
2726 1632
2727 1632
2728 1632
2729 1632
2730 1632
2731 1632
2732 1632
2733 1632
2734 1632
2735 1632
2736 1632
2737 1632
2738 1632
2739 1631
2740 1631
2741 1631
2742 1631
2743 1630
2744 1630
2745 1630
2746 1630
2747 1629
2748 1629
2749 1628
2750 1628
2751 1627
2752 1627
2753 1626
2754 1625
2755 1625
2756 1625
2757 1624
2758 1623
2759 1623
2760 1623
2761 1622
2762 1622
2763 1622
2764 1622
2765 1622
2766 1622
2767 1622
2768 1622
2769 1622
2770 1622
2771 1622
2772 1622
2773 1622
2774 1622
2775 1621
2776 1621
2777 1621
2778 1621
2779 1620
2780 1620
2781 1619
2782 1619
2783 1618
2784 1618
2785 1617
2786 1617
2787 1616
2788 1615
2789 1615
2790 1615
2791 1614
2792 1614
2793 1614
2794 1614
2795 1614
2796 1614
2797 1613
2798 1613
2799 1613
2800 1613
2801 1612
2802 1612
2803 1612
2804 1612
2805 1612
2806 1612
2807 1611
2808 1611
2809 1611
2810 1611
2811 1610
2812 1610
2813 1609
2814 1609
2815 1608
2816 1608
2817 1607
2818 1607
2819 1606
2820 1606
2821 1605
2822 1605
2823 1605
2824 1605
2825 1604
2826 1604
2827 1604
2828 1604
2829 1605
2830 1605
2831 1605
2832 1605
2833 1606
2834 1606
2835 1606
2836 1606
2837 1606
2838 1606
2839 1606
2840 1606
2841 1606
2842 1606
2843 1606
2844 1606
2845 1606
2846 1606
2847 1605
2848 1604
2849 1603
2849 1602
2850 1601
2851 1600
2851 1599
2852 1598
2853 1597
2853 1596
2854 1595
2855 1595
2855 1594
2856 1593
2857 1592
2858 1591
2859 1590
2859 1589
2860 1588
2861 1587
2862 1586
2863 1585
2864 1585
2865 1584
2866 1584
2867 1584
2868 1584
2869 1584
2870 1584
2871 1584
2872 1584
2873 1584
2874 1584
2875 1583
2876 1583
2877 1583
2878 1583
2879 1582
2880 1582
2881 1581
2882 1581
2883 1581
2884 1581
2885 1580
2886 1580
2887 1580
2888 1580
2889 1580
2890 1580
2891 1581
2892 1581
2893 1581
2894 1581
2895 1582
2896 1582
2897 1583
2898 1583
2899 1583
2900 1583
2901 1584
2902 1584
2903 1585
2904 1585
2905 1586
2906 1587
2907 1587
2908 1588
2909 1589
2910 1589
2911 1590
2912 1590
2913 1590
2914 1590
2915 1590
2916 1590
2917 1590
2918 1590
2919 1589
2920 1589
2921 1589
2922 1589
2923 1588
2924 1588
2925 1588
2926 1588
2927 1587
2928 1587
2929 1586
2930 1585
2931 1585
2931 1584
2932 1583
2933 1583
2934 1582
2935 1581
2936 1581
2937 1580
2938 1580
2939 1579
2940 1579
2941 1579
2942 1579
2943 1578
2944 1577
2945 1577
2946 1577
2947 1576
2948 1576
2949 1575
2950 1575
2951 1574
2952 1573
2953 1573
2954 1572
2955 1571
2956 1571
2957 1570
2958 1570
2959 1570
2960 1570
2961 1570
2962 1570
2963 1570
2964 1570
2965 1570
2966 1570
2967 1569
2968 1569
2969 1568
2970 1567
2971 1567
2971 1566
2972 1565
2973 1564
2974 1563
2975 1562
2975 1561
2976 1560
2977 1559
2977 1558
2978 1557
2979 1557
2980 1556
2981 1555
2982 1555
2983 1554
2984 1553
2985 1552
2986 1551
2987 1551
2988 1550
2989 1549
2990 1549
2991 1548
2992 1548
2993 1548
2994 1548
2995 1547
2996 1547
2997 1546
2998 1545
2999 1544
2999 1543
2999 1542
3000 1541
3001 1540
3001 1539
3001 1538
3002 1537
3003 1536
3003 1535
3004 1534
3005 1533
3005 1532
3006 1531
3007 1531
3007 1530
3008 1529
3009 1529
3010 1528
3011 1527
3012 1527
3013 1526
3014 1526
3015 1526
3016 1526
3017 1526
3018 1526
3019 1525
3020 1525
3021 1525
3022 1525
3023 1524
3024 1524
3025 1523
3026 1523
3027 1523
3028 1523
3029 1522
3030 1522
3031 1521
3032 1521
3033 1521
3034 1521
3035 1520
3036 1519
3037 1519
3038 1519
3039 1518
3040 1517
3041 1516
3042 1516
3043 1515
3044 1515
3045 1514
3046 1513
3047 1513
3048 1513
3049 1512
3050 1511
3051 1510
3052 1510
3053 1509
3054 1509
3055 1508
3056 1507
3057 1507
3058 1507
3059 1506
3060 1505
3061 1504
3062 1503
3063 1503
3064 1502
3065 1501
3066 1501
3067 1500
3068 1499
3069 1499
3070 1499
3071 1498
3072 1498
3073 1498
3074 1498
3075 1497
3076 1497
3077 1496
3078 1495
3079 1495
3079 1494
3080 1493
3081 1493
3081 1492
3082 1491
3083 1491
3084 1490
3085 1489
3086 1489
3087 1488
3088 1487
3089 1486
3090 1485
3091 1485
3091 1484
3092 1483
3093 1483
3094 1482
3095 1481
3096 1481
3097 1480
3098 1479
3099 1478
3100 1477
3101 1477
3102 1476
3103 1475
3104 1475
3105 1474
3106 1473
3107 1472
3108 1472
3109 1471
3110 1471
3111 1470
3112 1469
3113 1468
3114 1468
3115 1467
3116 1467
3117 1466
3118 1465
3119 1465
3120 1465
3121 1464
3122 1463
3123 1463
3124 1463
3125 1462
3126 1461
3127 1461
3128 1461
3129 1460
3130 1459
3131 1459
3132 1459
3133 1458
3134 1458
3135 1457
3136 1457
3137 1457
3138 1457
3139 1456
3140 1456
3141 1455
3142 1455
3143 1455
3144 1455
3145 1454
3146 1453
3147 1452
3148 1452
3149 1451
3150 1451
3151 1450
3152 1449
3153 1449
3154 1449
3155 1448
3156 1447
3157 1447
3158 1447
3159 1446
3160 1446
3161 1445
3162 1445
3163 1445
3164 1445
3165 1444
3166 1444
3167 1444
3168 1444
3169 1443
3170 1443
3171 1443
3172 1443
3173 1442
3174 1442
3175 1442
3176 1442
3177 1441
3178 1441
3179 1440
3180 1439
3181 1439
3181 1438
3182 1437
3183 1436
3184 1435
3185 1434
3185 1433
3185 1432
3186 1431
3187 1430
3187 1429
3188 1428
3188 1427
3189 1426
3189 1425
3190 1424
3190 1423
3191 1422
3191 1421
3192 1420
3192 1419
3193 1418
3193 1417
3194 1416
3194 1415
3194 1414
3194 1413
3194 1412
3194 1411
3195 1410
3195 1409
3195 1408
3195 1407
3196 1406
3196 1405
3196 1404
3196 1403
3196 1402
3196 1401
3195 1400
3195 1399
3195 1398
3195 1397
3194 1396
3194 1395
3194 1394
3194 1393
3194 1392
3194 1391
3194 1390
3194 1389
3194 1388
3194 1387
3193 1386
3193 1385
3192 1384
3192 1383
3191 1382
3191 1381
3190 1380
3190 1379
3190 1378
3190 1377
3190 1376
3190 1375
3189 1374
3189 1373
3189 1372
3189 1371
3188 1370
3188 1369
3188 1368
3188 1367
3188 1366
3188 1365
3188 1364
3188 1363
3187 1362
3187 1361
3187 1360
3187 1359
3186 1358
3186 1357
3186 1356
3186 1355
3185 1354
3185 1353
3185 1352
3185 1351
3184 1350
3184 1349
3183 1348
3183 1347
3183 1346
3183 1345
3182 1344
3182 1343
3182 1342
3182 1341
3182 1340
3182 1339
3181 1338
3181 1337
3181 1336
3181 1335
3180 1334
3180 1333
3180 1332
3180 1331
3179 1330
3179 1329
3179 1328
3179 1327
3178 1326
3178 1325
3178 1324
3178 1323
3178 1322
3178 1321
3178 1320
3178 1319
3178 1318
3178 1317
3178 1316
3178 1315
3178 1314
3178 1313
3177 1312
3177 1311
3177 1310
3177 1309
3176 1308
3176 1307
3176 1306
3176 1305
3176 1304
3176 1303
3175 1302
3175 1301
3175 1300
3175 1299
3174 1298
3174 1297
3173 1296
3173 1295
3172 1294
3172 1293
3171 1292
3171 1291
3170 1290
3170 1289
3169 1288
3169 1287
3169 1286
3169 1285
3168 1284
3168 1283
3168 1282
3168 1281
3168 1280
3168 1279
3167 1278
3167 1277
3167 1276
3167 1275
3166 1274
3165 1273
3165 1272
3165 1271
3164 1270
3163 1269
3163 1268
3163 1267
3162 1266
3161 1265
3160 1264
3159 1263
3159 1262
3158 1262
3157 1261
3157 1260
3156 1259
3155 1258
3155 1257
3154 1256
3153 1255
3152 1254
3151 1253
3151 1252
3150 1251
3149 1250
3149 1249
3148 1248
3147 1247
3146 1246
3145 1245
3145 1244
3144 1244
3143 1243
3143 1242
3142 1242
3141 1241
3140 1240
3139 1239
3138 1238
3137 1238
3136 1237
3135 1236
3134 1236
3133 1235
3133 1234
3132 1234
3131 1233
3131 1232
3130 1232
3129 1231
3129 1230
3128 1230
3127 1229
3127 1228
3126 1228
3125 1227
3125 1226
3124 1226
3123 1225
3123 1224
3122 1224
3121 1223
3121 1222
3120 1222
3119 1221
3119 1220
3118 1220
3117 1219
3117 1218
3116 1218
3115 1217
3115 1216
3114 1216
3113 1215
3112 1214
3111 1213
3110 1212
3109 1212
3108 1212
3107 1211
3106 1210
3105 1210
3104 1210
3103 1209
3102 1208
3101 1208
3100 1207
3099 1207
3098 1206
3097 1206
3096 1205
3095 1205
3094 1204
3093 1204
3092 1203
3091 1202
3090 1202
3089 1201
3089 1200
3088 1200
3087 1199
3087 1198
3086 1198
3085 1197
3084 1196
3083 1196
3082 1195
3081 1195
3080 1194
3079 1194
3078 1193
3077 1192
3076 1192
3075 1191
3075 1190
3074 1190
3073 1189
3073 1188
3072 1188
3071 1187
3070 1186
3069 1186
3068 1185
3067 1185
3066 1185
3065 1185
3064 1185
3063 1185
3062 1185
3061 1185
3060 1185
3059 1185
3058 1185
3057 1185
3056 1185
3055 1185
3054 1185
3053 1185
3052 1185
3051 1185
3050 1185
3049 1185
3048 1185
3047 1185
3046 1185
3045 1185
3044 1185
3043 1185
3042 1185
3041 1185
3040 1185
3039 1185
3038 1185
3037 1185
3036 1185
3035 1185
3034 1185
3033 1185
3032 1185
3031 1185
3030 1185
3029 1185
3028 1185
3027 1185
3026 1185
3025 1185
3024 1184
3023 1184
3022 1184
3021 1183
3020 1182
3019 1182
3018 1182
3017 1181
3016 1180
3015 1180
3014 1179
3013 1179
3012 1178
3011 1178
3010 1177
3009 1177
3008 1176
3007 1176
3006 1175
3005 1174
3004 1174
3003 1173
3002 1172
3001 1172
3000 1171
2999 1171
2998 1171
2997 1171
2996 1171
2995 1171
2994 1171
2993 1171
2992 1170
2991 1170
2990 1169
2989 1168
2988 1168
2987 1167
2987 1166
2986 1166
2985 1165
2985 1164
2984 1164
2983 1163
2983 1162
2982 1162
2981 1161
2981 1160
2980 1160
2979 1159
2979 1158
2978 1158
2977 1157
2977 1156
2976 1156
2975 1155
2975 1154
2974 1154
2973 1153
2973 1152
2972 1152
2971 1151
2971 1150
2970 1150
2969 1149
2969 1148
2968 1148
2967 1147
2967 1146
2966 1146
2965 1145
2965 1144
2964 1144
2963 1143
2963 1142
2962 1142
2961 1141
2961 1140
2960 1140
2959 1139
2959 1138
2958 1138
2957 1137
2957 1136
2956 1136
2955 1135
2954 1134
2953 1133
2952 1132
2951 1132
2950 1131
2949 1130
2948 1130
2947 1129
2946 1128
2945 1128
2944 1127
2943 1127
2942 1126
2941 1126
2940 1125
2939 1125
2938 1124
2937 1123
2936 1122
2935 1122
2934 1122
2933 1121
2932 1120
2931 1120
2930 1119
2929 1119
2928 1118
2927 1117
2926 1116
2925 1116
2924 1115
2923 1115
2922 1114
2921 1114
2920 1113
2919 1113
2918 1112
2917 1112
2916 1112
2915 1111
2914 1110
2913 1110
2912 1110
2911 1110
2910 1109
2909 1109
2908 1109
2907 1109
2906 1108
2905 1108
2904 1108
2903 1107
2902 1106
2901 1106
2900 1105
2899 1105
2898 1104
2897 1104
2896 1103
2895 1103
2894 1103
2893 1103
2892 1103
2891 1103
2890 1103
2889 1103
2888 1103
2887 1103
2886 1103
2885 1103
2884 1103
2883 1103
2882 1103
2881 1103
2880 1103
2879 1103
2878 1103
2877 1103
2876 1102
2875 1102
2874 1102
2873 1102
2872 1101
2871 1101
2870 1100
2869 1100
2868 1100
2867 1100
2866 1099
2865 1099
2864 1099
2863 1099
2862 1099
2861 1099
2860 1099
2859 1099
2858 1099
2857 1099
2856 1098
2855 1098
2854 1098
2853 1098
2852 1097
2851 1097
2850 1096
2849 1096
2848 1095
2847 1095
2846 1094
2845 1093
2844 1092
2843 1092
2842 1092
2841 1091
2840 1090
2839 1090
2838 1090
2837 1089
2836 1088
2835 1088
2834 1088
2833 1088
2832 1087
2831 1087
2830 1086
2829 1086
2828 1086
2827 1086
2826 1085
2825 1085
2824 1084
2823 1084
2822 1083
2821 1083
2820 1082
2819 1082
2818 1081
2817 1081
2816 1080
2815 1080
2814 1080
2813 1079
2812 1078
2811 1078
2810 1078
2809 1078
2808 1077
2807 1077
2806 1076
2805 1076
2804 1076
2803 1075
2802 1074
2801 1074
2800 1074
2799 1073
2798 1072
2797 1072
2796 1072
2795 1071
2794 1070
2793 1070
2792 1070
2791 1069
2790 1068
2789 1068
2788 1068
2787 1067
2786 1066
2785 1066
2784 1066
2783 1065
2782 1064
2781 1064
2780 1064
2779 1064
2778 1063
2777 1063
2776 1062
2775 1062
2774 1062
2773 1062
2772 1061
2771 1061
2770 1060
2769 1060
2768 1059
2767 1059
2766 1058
2765 1058
2764 1057
2763 1057
2762 1056
2761 1056
2760 1056
2759 1056
2758 1055
2757 1055
2756 1054
2755 1054
2754 1054
2753 1054
2752 1053
2751 1053
2750 1052
2749 1052
2748 1052
2747 1051
2746 1050
2745 1050
2744 1050
2743 1049
2742 1048
2741 1048
2740 1048
2739 1047
2738 1046
2737 1046
2736 1046
2735 1045
2734 1044
2733 1044
2732 1044
2731 1044
2730 1043
2729 1043
2728 1043
2727 1043
2726 1042
2725 1042
2724 1042
2723 1041
2722 1040
2721 1040
2720 1040
2719 1040
2718 1039
2717 1039
2716 1039
2715 1039
2714 1038
2713 1038
2712 1038
2711 1038
2710 1037
2709 1037
2708 1037
2707 1037
2706 1036
2705 1036
2704 1036
2703 1035
2702 1034
2701 1034
2700 1034
2699 1034
2698 1033
2697 1033
2696 1032
2695 1032
2694 1032
2693 1032
2692 1031
2691 1031
2690 1030
2689 1030
2688 1030
2687 1029
2686 1028
2685 1028
2684 1028
2683 1028
2682 1027
2681 1027
2680 1027
2679 1027
2678 1026
2677 1026
2676 1026
2675 1026
2674 1025
2673 1025
2672 1024
2671 1024
2670 1023
2669 1023
2668 1022
2667 1022
2666 1021
2665 1021
2664 1020
2663 1020
2662 1020
2661 1020
2660 1019
2659 1019
2658 1018
2657 1018
2656 1018
2655 1018
2654 1017
2653 1017
2652 1017
2651 1017
2650 1017
2649 1017
2648 1017
2647 1017
2646 1016
2645 1016
2644 1016
2643 1015
2642 1014
2641 1014
2640 1014
2639 1013
2638 1012
2637 1012
2636 1012
2635 1012
2634 1011
2633 1011
2632 1011
2631 1011
2630 1010
2629 1010
2628 1010
2627 1010
2626 1009
2625 1009
2624 1009
2623 1009
2622 1008
2621 1008
2620 1008
2619 1008
2618 1007
2617 1007
2616 1006
2615 1006
2614 1006
2613 1006
2612 1005
2611 1005
2610 1004
2609 1004
2608 1004
2607 1003
2606 1002
2605 1002
2604 1002
2603 1002
2602 1001
2601 1001
2600 1001
2599 1001
2598 1001
2597 1001
2596 1000
2595 1000
2594 1000
2593 1000
2592 999
2591 999
2590 998
2589 998
2588 998
2587 997
2586 996
2585 996
2584 995
2583 994
2582 994
2581 993
2580 992
2579 992
2578 991
2577 991
2576 991
2575 991
2574 991
2573 991
2572 990
2571 990
2570 990
2569 990
2568 989
2567 989
2566 989
2565 989
2564 989
2563 989
2562 989
2561 989
2560 988
2559 988
2558 988
2557 988
2556 987
2555 987
2554 987
2553 987
2552 987
2551 987
2550 986
2549 986
2548 986
2547 986
2546 985
2545 985
2544 985
2543 985
2542 984
2541 984
2540 984
2539 984
2538 983
2537 983
2536 982
2535 982
2534 982
2533 982
2532 981
2531 981
2530 981
2529 981
2528 981
2527 981
2526 981
2525 981
2524 981
2523 981
2522 980
2521 980
2520 980
2519 980
2518 979
2517 979
2516 979
2515 979
2514 979
2513 979
2512 978
2511 978
2510 977
2509 977
2508 976
2507 976
2506 975
2505 975
2504 975
2503 975
2502 975
2501 975
2500 974
2499 974
2498 974
2497 974
2496 973
2495 973
2494 973
2493 973
2492 972
2491 972
2490 972
2489 972
2488 971
2487 971
2486 971
2485 971
2484 971
2483 971
2482 971
2481 971
2480 971
2479 971
2478 971
2477 971
2476 971
2475 971
2474 971
2473 971
2472 971
2471 971
2470 971
2469 971
2468 971
2467 971
2466 971
2465 971
2464 971
2463 971
2462 971
2461 971
2460 971
2459 971
2458 970
2457 970
2456 970
2455 970
2454 969
2453 969
2452 968
2451 968
2450 968
2449 968
2448 967
2447 967
2446 967
2445 967
2444 967
2443 967
2442 967
2441 967
2440 967
2439 967
2438 967
2437 967
2436 967
2435 967
2434 967
2433 967
2432 967
2431 967
2430 967
2429 967
