1979 1385
1978 1386
1977 1386
1976 1386
1975 1386
1974 1387
1973 1387
1972 1387
1971 1387
1970 1387
1969 1387
1968 1387
1967 1387
1966 1388
1965 1388
1964 1388
1963 1388
1962 1389
1961 1389
1960 1389
1959 1389
1958 1389
1957 1389
1956 1389
1955 1389
1954 1389
1953 1389
1952 1389
1951 1389
1950 1390
1949 1390
1948 1390
1947 1390
1946 1391
1945 1391
1944 1391
1943 1391
1942 1391
1941 1391
1940 1391
1939 1391
1938 1392
1937 1392
1936 1392
1935 1392
1934 1393
1933 1393
1932 1393
1931 1393
1930 1393
1929 1393
1928 1394
1927 1394
1926 1394
1925 1394
1924 1395
1923 1395
1922 1395
1921 1395
1920 1395
1919 1395
1918 1395
1917 1395
1916 1395
1915 1395
1914 1396
1913 1396
1912 1396
1911 1396
1910 1397
1909 1397
1908 1397
1907 1397
1906 1397
1905 1397
1904 1397
1903 1397
1902 1397
1901 1397
1900 1398
1899 1398
1898 1398
1897 1398
1896 1399
1895 1399
1894 1399
1893 1399
1892 1399
1891 1399
1890 1399
1889 1399
1888 1399
1887 1399
1886 1400
1885 1400
1884 1400
1883 1400
1882 1401
1881 1401
1880 1401
1879 1401
1878 1401
1877 1401
1876 1401
1875 1401
1874 1401
1873 1401
1872 1401
1871 1401
1870 1401
1869 1401
1868 1402
1867 1402
1866 1402
1865 1402
1864 1403
1863 1403
1862 1403
1861 1403
1860 1403
1859 1403
1858 1403
1857 1403
1856 1403
1855 1403
1854 1403
1853 1403
1852 1404
1851 1404
1850 1404
1849 1404
1848 1405
1847 1405
1846 1405
1845 1405
1844 1405
1843 1405
1842 1405
1841 1405
1840 1405
1839 1405
1838 1406
1837 1406
1836 1406
1835 1406
1834 1407
1833 1407
1832 1407
1831 1407
1830 1407
1829 1407
1828 1407
1827 1407
1826 1407
1825 1407
1824 1408
1823 1408
1822 1408
1821 1408
1820 1409
1819 1409
1818 1409
1817 1409
1816 1409
1815 1409
1814 1409
1813 1409
1812 1410
1811 1410
1810 1410
1809 1410
1808 1411
1807 1411
1806 1411
1805 1411
1804 1411
1803 1411
1802 1411
1801 1411
1800 1411
1799 1411
1798 1412
1797 1412
1796 1412
1795 1412
1794 1413
1793 1413
1792 1413
1791 1413
1790 1413
1789 1413
1788 1413
1787 1413
1786 1413
1785 1413
1784 1414
1783 1414
1782 1414
1781 1414
1780 1415
1779 1415
1778 1415
1777 1415
1776 1415
1775 1415
1774 1415
1773 1415
1772 1416
1771 1416
1770 1416
1769 1416
1768 1417
1767 1417
1766 1417
1765 1417
1764 1417
1763 1417
1762 1417
1761 1417
1760 1417
1759 1417
1758 1417
1757 1417
1756 1417
1755 1417
1754 1417
1753 1417
1752 1417
1751 1417
1750 1417
1749 1417
1748 1417
1747 1417
1746 1417
1745 1417
1744 1417
1743 1417
1742 1417
1741 1417
1740 1417
1739 1417
1738 1417
1737 1417
1736 1417
1735 1417
1734 1417
1733 1417
1732 1417
1731 1417
1730 1417
1729 1417
1728 1417
1727 1417
1726 1418
1725 1418
1724 1418
1723 1419
1722 1420
1721 1420
1720 1421
1719 1421
1718 1421
1717 1421
1716 1421
1715 1421
1714 1422
1713 1422
1712 1422
1711 1422
1710 1423
1709 1424
1708 1424
1707 1424
1706 1425
1705 1425
1704 1425
1703 1425
1702 1425
1701 1425
1700 1425
1699 1425
1698 1425
1697 1425
1696 1425
1695 1425
1694 1426
1693 1426
1692 1426
1691 1426
1690 1427
1689 1427
1688 1427
1687 1427
1686 1428
1685 1428
1684 1428
1683 1428
1682 1429
1681 1429
1680 1429
1679 1429
1678 1429
1677 1429
1676 1430
1675 1430
1674 1430
1673 1430
1672 1431
1671 1431
1670 1431
1669 1431
1668 1432
1667 1432
1666 1432
1665 1432
1664 1433
1663 1433
1662 1433
1661 1433
1660 1433
1659 1433
1658 1434
1657 1434
1656 1434
1655 1434
1654 1435
1653 1435
1652 1435
1651 1435
1650 1435
1649 1435
1648 1436
1647 1436
1646 1436
1645 1436
1644 1437
1643 1437
1642 1437
1641 1437
1640 1438
1639 1438
1638 1438
1637 1438
1636 1439
1635 1439
1634 1439
1633 1439
1632 1439
1631 1439
1630 1440
1629 1440
1628 1440
1627 1440
1626 1441
1625 1441
1624 1441
1623 1441
1622 1441
1621 1441
1620 1442
1619 1442
1618 1442
1617 1442
1616 1443
1615 1443
1614 1443
1613 1443
1612 1443
1611 1443
1610 1444
1609 1444
1608 1445
1607 1445
1606 1446
1605 1446
1604 1447
1603 1447
1602 1447
1601 1447
1600 1448
1599 1448
1598 1448
1597 1448
1596 1449
1595 1450
1594 1450
1593 1450
1592 1451
1591 1451
1590 1452
1589 1452
1588 1452
1587 1452
1586 1453
1585 1453
1584 1453
1583 1453
1582 1454
1581 1454
1580 1455
1579 1456
1578 1456
1578 1457
1577 1458
1576 1458
1576 1459
1575 1460
1574 1460
1573 1461
1572 1462
1571 1462
1570 1463
1569 1463
1568 1463
1567 1463
1566 1463
1565 1463
1564 1464
1563 1464
1562 1464
1561 1464
1560 1465
1559 1466
1558 1466
1557 1466
1556 1467
1555 1467
1554 1467
1553 1467
1552 1467
1551 1467
1550 1467
1549 1467
1548 1467
1547 1467
1546 1467
1545 1467
1544 1468
1543 1468
1542 1468
1541 1468
1540 1469
1539 1469
1538 1469
1537 1469
1536 1469
1535 1469
1534 1469
1533 1469
1532 1469
1531 1469
1530 1469
1529 1469
1528 1469
1527 1469
1526 1470
1525 1470
1524 1471
1523 1472
1522 1472
1521 1473
1520 1474
1519 1474
1518 1475
1517 1475
1516 1475
1515 1475
1514 1475
1513 1475
1512 1476
1511 1476
1510 1476
1509 1476
1508 1477
1507 1477
1506 1478
1505 1478
1504 1478
1503 1478
1502 1479
1501 1479
1500 1480
1499 1480
1498 1480
1497 1480
1496 1481
1495 1481
1494 1482
1493 1482
1492 1482
1491 1482
1490 1483
1489 1483
1488 1483
1487 1483
1486 1484
1485 1484
1484 1484
1483 1484
1482 1485
1481 1486
1480 1487
1479 1488
1478 1489
1477 1490
1476 1491
1476 1492
1475 1493
1474 1494
1474 1495
1473 1496
1472 1497
1472 1498
1472 1499
1472 1500
1472 1501
1472 1502
1473 1503
1474 1504
1475 1505
1475 1506
1476 1507
1476 1508
1477 1509
1478 1510
1478 1511
1478 1512
1479 1513
1480 1514
1480 1515
1480 1516
1481 1517
1481 1518
1482 1519
1482 1520
1483 1521
1484 1522
1484 1523
1485 1523
1486 1524
1487 1525
1488 1525
1489 1526
1490 1526
1491 1526
1492 1526
1493 1526
1494 1526
1495 1526
1496 1526
1497 1527
1498 1527
1499 1527
1500 1527
1501 1528
1502 1528
1503 1528
1504 1528
1505 1528
1506 1528
1507 1528
1508 1528
1509 1528
1510 1528
1511 1528
1512 1528
1513 1528
1514 1528
1515 1528
1516 1528
1517 1528
1518 1528
1519 1528
1520 1528
1521 1528
1522 1528
1523 1528
1524 1528
1525 1528
1526 1528
1527 1528
1528 1528
1529 1528
1530 1528
1531 1528
1532 1528
1533 1528
1534 1528
1535 1528
1536 1528
1537 1528
1538 1528
1539 1528
1540 1528
1541 1528
1542 1528
1543 1528
1544 1528
1545 1528
1546 1528
1547 1528
1548 1528
1549 1528
1550 1528
1551 1528
1552 1528
1553 1528
1554 1528
1555 1528
1556 1528
1557 1528
1558 1528
1559 1528
1560 1528
1561 1527
1562 1527
1563 1527
1564 1527
1565 1526
1566 1526
1567 1526
1568 1526
1569 1526
1570 1526
1571 1526
1572 1526
1573 1526
1574 1526
1575 1526
1576 1526
1577 1526
1578 1526
1579 1526
1580 1526
1581 1526
1582 1526
1583 1526
1584 1526
1585 1526
1586 1526
1587 1526
1588 1526
1589 1526
1590 1526
1591 1526
1592 1526
1593 1526
1594 1526
1595 1526
1596 1526
1597 1526
1598 1526
1599 1526
1600 1526
1601 1526
1602 1526
1603 1526
1604 1526
1605 1526
1606 1526
1607 1526
1608 1526
1609 1527
1610 1527
1611 1527
1612 1527
1613 1528
1614 1528
1615 1528
1616 1528
1617 1528
1618 1528
1619 1528
1620 1528
1621 1528
1622 1528
1623 1528
1624 1528
1625 1528
1626 1528
1627 1528
1628 1528
1629 1528
1630 1528
1631 1528
1632 1528
1633 1528
1634 1528
1635 1528
1636 1528
1637 1528
1638 1528
1639 1528
1640 1528
1641 1528
1642 1528
1643 1528
1644 1528
1645 1528
1646 1528
1647 1528
1648 1528
1649 1528
1650 1528
1651 1528
1652 1528
1653 1528
1654 1528
1655 1528
1656 1528
1657 1528
1658 1528
1659 1528
1660 1528
1661 1528
1662 1528
1663 1528
1664 1528
1665 1528
1666 1528
1667 1527
1668 1527
1669 1527
1670 1527
1671 1526
1672 1526
1673 1526
1674 1526
1675 1526
1676 1526
1677 1526
1678 1526
1679 1526
1680 1526
1681 1526
1682 1526
1683 1526
1684 1526
1685 1526
1686 1526
1687 1526
1688 1526
1689 1526
1690 1526
1691 1526
1692 1526
1693 1526
1694 1526
1695 1526
1696 1526
1697 1526
1698 1526
1699 1526
1700 1526
1701 1526
1702 1526
1703 1526
1704 1526
1705 1526
1706 1526
1707 1525
1708 1525
1709 1525
1710 1525
1711 1524
1712 1524
1713 1524
1714 1524
1715 1524
1716 1524
1717 1524
1718 1524
1719 1524
1720 1524
1721 1524
1722 1524
1723 1524
1724 1524
1725 1524
1726 1524
1727 1524
1728 1524
1729 1524
1730 1524
1731 1524
1732 1524
1733 1524
1734 1524
1735 1524
1736 1524
1737 1524
1738 1524
1739 1524
1740 1524
1741 1524
1742 1524
1743 1524
1744 1524
1745 1524
1746 1524
1747 1524
1748 1524
1749 1524
1750 1524
1751 1524
1752 1524
1753 1523
1754 1523
1755 1523
1756 1523
1757 1522
1758 1522
1759 1522
1760 1522
1761 1522
1762 1522
1763 1522
1764 1522
1765 1522
1766 1522
1767 1522
1768 1522
1769 1522
1770 1522
1771 1522
1772 1522
1773 1522
1774 1522
1775 1522
1776 1522
1777 1522
1778 1522
1779 1522
1780 1522
1781 1522
1782 1522
1783 1522
1784 1522
1785 1522
1786 1522
1787 1522
1788 1522
1789 1522
1790 1522
1791 1522
1792 1522
1793 1522
1794 1522
1795 1522
1796 1522
1797 1522
1798 1522
1799 1522
1800 1522
1801 1522
1802 1522
1803 1522
1804 1522
1805 1522
1806 1522
1807 1522
1808 1522
1809 1522
1810 1522
1811 1522
1812 1522
1813 1521
1814 1521
1815 1521
1816 1521
1817 1520
1818 1520
1819 1520
1820 1520
1821 1520
1822 1520
1823 1520
1824 1520
1825 1520
1826 1520
1827 1520
1828 1520
1829 1520
1830 1520
1831 1520
1832 1520
1833 1520
1834 1520
1835 1520
1836 1520
1837 1520
1838 1520
1839 1520
1840 1520
1841 1520
1842 1520
1843 1520
1844 1520
1845 1520
1846 1520
1847 1520
1848 1520
1849 1520
1850 1520
1851 1520
1852 1520
1853 1520
1854 1520
1855 1520
1856 1520
1857 1520
1858 1520
1859 1520
1860 1520
1861 1520
1862 1520
1863 1520
1864 1520
1865 1520
1866 1520
1867 1520
1868 1520
1869 1520
1870 1520
1871 1520
1872 1520
1873 1520
1874 1520
1875 1520
1876 1520
1877 1520
1878 1520
1879 1520
1880 1520
1881 1520
1882 1520
1883 1520
1884 1520
1885 1520
1886 1520
1887 1520
1888 1520
1889 1520
1890 1520
1891 1520
1892 1520
1893 1519
1894 1519
1895 1519
1896 1519
1897 1518
1898 1518
1899 1518
1900 1518
1901 1518
1902 1518
1903 1518
1904 1518
1905 1518
1906 1518
1907 1518
1908 1518
1909 1518
1910 1518
1911 1518
1912 1518
1913 1518
1914 1518
1915 1518
1916 1518
1917 1518
1918 1518
1919 1518
1920 1518
1921 1518
1922 1518
1923 1518
1924 1518
1925 1518
1926 1518
1927 1518
1928 1518
1929 1518
1930 1518
1931 1518
1932 1518
1933 1518
1934 1518
1935 1518
1936 1518
1937 1518
1938 1518
1939 1518
1940 1518
1941 1518
1942 1518
1943 1518
1944 1518
1945 1518
1946 1518
1947 1518
1948 1518
1949 1518
1950 1518
1951 1518
1952 1518
1953 1518
1954 1518
1955 1518
1956 1518
1957 1518
1958 1518
1959 1518
1960 1518
1961 1518
1962 1518
1963 1518
1964 1518
1965 1518
1966 1518
1967 1518
1968 1518
1969 1518
1970 1518
1971 1518
1972 1518
1973 1518
1974 1518
1975 1518
1976 1518
1977 1518
1978 1518
1979 1518
1980 1518
1981 1518
1982 1518
1983 1518
1984 1518
1985 1518
1986 1518
1987 1518
1988 1518
1989 1518
1990 1518
1991 1518
1992 1518
1993 1518
1994 1518
1995 1518
1996 1518
1997 1518
1998 1518
1999 1518
2000 1518
2001 1518
2002 1518
2003 1518
2004 1518
2005 1518
2006 1518
2007 1518
2008 1518
2009 1518
2010 1518
2011 1518
2012 1518
2013 1518
2014 1518
2015 1518
2016 1518
2017 1518
2018 1518
2019 1518
2020 1518
2021 1518
2022 1518
2023 1518
2024 1518
2025 1518
2026 1518
2027 1518
2028 1518
2029 1518
2030 1518
2031 1518
2032 1518
2033 1518
2034 1518
2035 1518
2036 1518
2037 1518
2038 1518
2039 1518
2040 1518
2041 1518
2042 1518
2043 1518
2044 1518
2045 1518
2046 1518
2047 1518
2048 1518
2049 1518
2050 1518
2051 1518
2052 1518
2053 1519
2054 1519
2055 1519
2056 1519
2057 1520
2058 1520
2059 1520
2060 1520
2061 1520
2062 1520
2063 1520
2064 1520
2065 1520
2066 1520
2067 1520
2068 1520
2069 1520
2070 1520
2071 1520
2072 1520
2073 1520
2074 1520
2075 1520
2076 1520
2077 1520
2078 1520
2079 1520
2080 1520
2081 1521
2082 1521
2083 1521
2084 1521
2085 1522
2086 1522
2087 1522
2088 1522
2089 1522
2090 1522
2091 1522
2092 1522
2093 1522
2094 1522
2095 1522
2096 1522
2097 1522
2098 1522
2099 1522
2100 1522
2101 1522
2102 1522
2103 1522
2104 1522
2105 1522
2106 1522
2107 1522
2108 1522
2109 1522
2110 1522
2111 1522
2112 1522
2113 1522
2114 1522
2115 1522
2116 1522
2117 1522
2118 1522
2119 1522
2120 1522
2121 1522
2122 1522
2123 1522
2124 1522
2125 1522
2126 1522
2127 1522
2128 1522
2129 1522
2130 1522
2131 1522
2132 1522
2133 1522
2134 1522
2135 1522
2136 1522
2137 1523
2138 1523
2139 1523
2140 1523
2141 1524
2142 1524
2143 1524
2144 1524
2145 1524
2146 1524
2147 1524
2148 1524
2149 1524
2150 1524
2151 1524
2152 1524
2153 1524
2154 1524
2155 1524
2156 1524
2157 1525
2158 1525
2159 1525
2160 1525
2161 1526
2162 1526
2163 1526
2164 1526
2165 1526
2166 1526
2167 1526
2168 1526
2169 1526
2170 1526
2171 1526
2172 1526
2173 1526
2174 1526
2175 1526
2176 1526
2177 1526
2178 1526
2179 1526
2180 1526
2181 1526
2182 1526
2183 1526
2184 1526
2185 1526
2186 1526
2187 1526
2188 1526
2189 1527
2190 1527
2191 1527
2192 1527
2193 1528
2194 1528
2195 1528
2196 1528
2197 1528
2198 1528
2199 1528
2200 1528
2201 1528
2202 1528
2203 1528
2204 1528
2205 1529
2206 1529
2207 1529
2208 1529
2209 1530
2210 1530
2211 1530
2212 1530
2213 1530
2214 1530
2215 1530
2216 1530
2217 1530
2218 1530
2219 1530
2220 1530
2221 1530
2222 1530
2223 1531
2224 1531
2225 1531
2226 1531
2227 1532
2228 1532
2229 1532
2230 1532
2231 1532
2232 1532
2233 1532
2234 1532
2235 1532
2236 1532
2237 1533
2238 1533
2239 1533
2240 1533
2241 1534
2242 1534
2243 1534
2244 1534
2245 1534
2246 1534
2247 1534
2248 1534
2249 1534
2250 1534
2251 1534
2252 1534
2253 1535
2254 1535
2255 1535
2256 1535
2257 1536
2258 1536
2259 1536
2260 1536
2261 1536
2262 1536
2263 1536
2264 1536
2265 1537
2266 1537
2267 1537
2268 1537
2269 1538
2270 1538
2271 1538
2272 1538
2273 1538
2274 1538
2275 1538
2276 1538
2277 1538
2278 1538
2279 1538
2280 1538
2281 1539
2282 1539
2283 1539
2284 1539
2285 1540
2286 1540
2287 1540
2288 1540
2289 1540
2290 1540
2291 1541
2292 1541
2293 1541
2294 1541
2295 1542
2296 1542
2297 1542
2298 1542
2299 1542
2300 1542
2301 1542
2302 1542
2303 1542
2304 1542
2305 1543
2306 1543
2307 1543
2308 1543
2309 1544
2310 1544
2311 1544
2312 1544
2313 1545
2314 1545
2315 1545
2316 1545
2317 1546
2318 1546
2319 1546
2320 1546
2321 1546
2322 1546
2323 1547
2324 1547
2325 1547
2326 1547
2327 1548
2328 1548
2329 1548
2330 1548
2331 1548
2332 1548
2333 1548
2334 1548
2335 1549
2336 1549
2337 1549
2338 1549
2339 1550
2340 1550
2341 1550
2342 1550
2343 1550
2344 1550
2345 1550
2346 1550
2347 1549
2348 1549
2349 1549
2350 1549
2351 1548
2352 1548
2353 1548
2354 1548
2355 1549
2356 1549
2357 1549
2358 1549
2359 1550
2360 1550
2361 1550
2362 1550
2363 1550
2364 1550
2365 1550
2366 1550
2367 1551
2368 1551
2369 1551
2370 1551
2371 1552
2372 1552
2373 1552
2374 1552
2375 1552
2376 1552
2377 1552
2378 1552
2379 1552
2380 1552
2381 1552
2382 1552
2383 1552
2384 1552
2385 1552
2386 1552
2387 1552
2388 1552
2389 1552
2390 1552
2391 1552
2392 1552
2393 1552
2394 1552
2395 1552
2396 1552
2397 1553
2398 1553
2399 1553
2400 1553
2401 1554
2402 1554
2403 1554
2404 1554
2405 1554
2406 1554
2407 1554
2408 1554
2409 1554
2410 1554
2411 1554
2412 1554
2413 1555
2414 1555
2415 1555
2416 1555
2417 1556
2418 1556
2419 1556
2420 1556
2421 1556
2422 1556
2423 1556
2424 1556
2425 1556
2426 1556
2427 1557
2428 1557
2429 1557
2430 1557
2431 1558
2432 1558
2433 1558
2434 1558
2435 1558
2436 1558
2437 1558
2438 1558
2439 1558
2440 1558
2441 1558
2442 1558
2443 1558
2444 1558
2445 1558
2446 1558
2447 1558
2448 1558
2449 1558
2450 1558
2451 1558
2452 1558
2453 1558
2454 1558
2455 1558
2456 1558
2457 1558
2458 1558
2459 1558
2460 1558
2461 1558
2462 1558
2463 1558
2464 1558
2465 1558
2466 1558
2467 1557
2468 1557
2469 1557
2470 1557
2471 1556
2472 1555
2473 1554
2474 1554
2475 1553
2476 1553
2477 1552
2478 1552
2479 1552
2480 1552
2481 1551
2482 1551
2483 1550
2484 1549
2485 1549
2485 1548
2486 1547
2487 1547
2488 1546
2489 1545
2490 1545
2491 1544
2492 1543
2493 1542
2494 1541
2495 1541
2495 1540
2496 1539
2497 1539
2497 1538
2498 1537
2499 1537
2500 1536
2501 1535
2502 1535
2503 1534
2504 1533
2505 1532
2506 1531
2507 1531
2507 1530
2508 1529
2509 1529
2509 1528
2510 1527
2511 1527
2511 1526
2512 1525
2513 1524
2513 1523
2514 1522
2514 1521
2514 1520
2514 1519
2515 1518
2515 1517
2515 1516
2515 1515
2516 1514
2516 1513
2517 1512
2517 1511
2517 1510
2517 1509
2518 1508
2518 1507
2518 1506
2518 1505
2518 1504
2518 1503
2518 1502
2518 1501
2518 1500
2518 1499
2518 1498
2518 1497
2519 1496
2519 1495
2519 1494
2519 1493
2520 1492
2520 1491
2520 1490
2520 1489
2520 1488
2520 1487
2520 1486
2520 1485
2521 1484
2521 1483
2521 1482
2521 1481
2522 1480
2522 1479
2522 1478
2522 1477
2522 1476
2522 1475
2522 1474
2522 1473
2521 1472
2521 1471
2521 1470
2521 1469
2520 1468
2519 1467
2518 1466
2517 1465
2517 1464
2516 1464
2515 1463
2515 1462
2514 1462
2513 1461
2512 1460
2511 1459
2510 1458
2509 1458
2508 1457
2507 1456
2506 1456
2505 1455
2505 1454
2504 1454
2503 1453
2503 1452
2502 1452
2501 1451
2501 1450
2500 1450
2499 1449
2499 1448
2498 1448
2497 1447
2497 1446
2496 1446
2495 1445
2495 1444
2494 1444
2493 1443
2493 1442
2492 1442
2491 1441
2491 1440
2490 1440
2489 1439
2489 1438
2488 1438
2487 1437
2487 1436
2486 1436
2485 1435
2485 1434
2484 1434
2483 1433
2482 1432
2481 1431
2480 1430
2479 1430
2478 1429
2477 1428
2476 1428
2475 1427
2475 1426
2474 1426
2473 1425
2472 1424
2471 1423
2470 1422
2469 1422
2468 1422
2467 1422
2466 1421
2465 1421
2464 1420
2463 1420
2462 1420
2461 1419
2460 1418
2459 1418
2458 1418
2457 1418
2456 1417
2455 1417
2454 1417
2453 1417
2452 1417
2451 1417
2450 1417
2449 1417
2448 1417
2447 1417
2446 1416
2445 1416
2444 1416
2443 1416
2442 1415
2441 1415
2440 1415
2439 1415
2438 1415
2437 1415
2436 1415
2435 1415
2434 1415
2433 1415
2432 1415
2431 1415
2430 1415
2429 1415
2428 1415
2427 1415
2426 1414
2425 1414
2424 1414
2423 1414
2422 1413
2421 1413
2420 1413
2419 1413
2418 1413
2417 1413
2416 1413
2415 1413
2414 1413
2413 1413
2412 1413
2411 1413
2410 1413
2409 1413
2408 1413
2407 1413
2406 1412
2405 1412
2404 1412
2403 1412
2402 1411
2401 1411
2400 1411
2399 1411
2398 1411
2397 1411
2396 1411
2395 1411
2394 1411
2393 1411
2392 1410
2391 1410
2390 1410
2389 1410
2388 1409
2387 1409
2386 1409
2385 1409
2384 1408
2383 1408
2382 1408
2381 1408
2380 1407
2379 1407
2378 1407
2377 1407
2376 1407
2375 1407
2374 1407
2373 1407
2372 1407
2371 1407
2370 1407
2369 1407
2368 1406
2367 1406
2366 1406
2365 1406
2364 1405
2363 1405
2362 1405
2361 1405
2360 1405
2359 1405
2358 1405
2357 1405
2356 1405
2355 1405
2354 1405
2353 1405
2352 1404
2351 1404
2350 1404
2349 1404
2348 1403
2347 1403
2346 1403
2345 1403
2344 1403
2343 1403
2342 1403
2341 1403
2340 1403
2339 1403
2338 1402
2337 1402
2336 1402
2335 1402
2334 1401
2333 1401
2332 1401
2331 1401
2330 1401
2329 1401
2328 1401
2327 1401
2326 1401
2325 1401
2324 1401
2323 1401
2322 1401
2321 1401
2320 1401
2319 1401
2318 1401
2317 1401
2316 1401
2315 1401
2314 1401
2313 1401
2312 1400
2311 1400
2310 1400
2309 1400
2308 1399
2307 1399
2306 1399
2305 1399
2304 1399
2303 1399
2302 1399
2301 1399
2300 1399
2299 1399
2298 1399
2297 1399
2296 1399
2295 1399
2294 1399
2293 1399
2292 1399
2291 1399
2290 1399
2289 1399
2288 1399
2287 1399
2286 1399
2285 1399
2284 1399
2283 1399
2282 1399
2281 1399
2280 1399
2279 1399
2278 1398
2277 1398
2276 1398
2275 1398
2274 1397
2273 1397
2272 1397
2271 1397
2270 1397
2269 1397
2268 1397
2267 1397
2266 1397
2265 1397
2264 1397
2263 1397
2262 1397
2261 1397
2260 1397
2259 1397
2258 1397
2257 1397
2256 1397
2255 1397
2254 1397
2253 1397
2252 1397
2251 1397
2250 1397
2249 1397
2248 1397
2247 1397
2246 1396
2245 1396
2244 1396
2243 1396
2242 1395
2241 1395
2240 1395
2239 1395
2238 1395
2237 1395
2236 1395
2235 1395
2234 1395
2233 1395
2232 1395
2231 1395
2230 1395
2229 1395
2228 1395
2227 1395
2226 1395
2225 1395
2224 1395
2223 1395
2222 1395
2221 1395
2220 1395
2219 1395
2218 1395
2217 1395
2216 1395
2215 1395
2214 1395
2213 1395
2212 1395
2211 1395
2210 1395
2209 1395
2208 1395
2207 1395
2206 1394
2205 1394
2204 1394
2203 1394
2202 1393
2201 1393
2200 1393
2199 1393
2198 1393
2197 1393
2196 1393
2195 1393
2194 1393
2193 1393
2192 1393
2191 1393
2190 1393
2189 1393
2188 1393
2187 1393
2186 1393
2185 1393
2184 1393
2183 1393
2182 1393
2181 1393
2180 1393
2179 1393
2178 1393
2177 1393
2176 1393
2175 1393
2174 1393
2173 1393
2172 1393
2171 1393
2170 1393
2169 1393
2168 1393
2167 1393
2166 1393
2165 1393
2164 1393
2163 1393
2162 1392
2161 1392
2160 1392
2159 1392
2158 1391
2157 1391
2156 1391
2155 1391
2154 1391
2153 1391
2152 1391
2151 1391
2150 1391
2149 1391
2148 1391
2147 1391
2146 1391
2145 1391
2144 1391
2143 1391
2142 1391
2141 1391
2140 1391
2139 1391
2138 1391
2137 1391
2136 1391
2135 1391
2134 1391
2133 1391
2132 1391
2131 1391
2130 1391
2129 1391
2128 1391
2127 1391
2126 1391
2125 1391
2124 1391
2123 1391
2122 1391
2121 1391
2120 1391
2119 1391
2118 1391
2117 1391
2116 1391
2115 1391
2114 1391
2113 1391
2112 1391
2111 1391
2110 1391
2109 1391
2108 1391
2107 1391
2106 1391
2105 1391
2104 1391
2103 1391
2102 1391
2101 1391
2100 1391
2099 1391
2098 1391
2097 1391
2096 1391
2095 1391
2094 1391
2093 1391
2092 1391
2091 1391
2090 1391
2089 1391
2088 1390
2087 1390
2086 1390
2085 1390
2084 1389
2083 1389
2082 1389
2081 1389
2080 1389
2079 1389
2078 1389
2077 1389
2076 1389
2075 1389
2074 1389
2073 1389
2072 1389
2071 1389
2070 1389
2069 1389
2068 1389
2067 1389
2066 1389
2065 1389
2064 1389
2063 1389
2062 1388
2061 1388
2060 1388
2059 1388
2058 1387
2057 1387
2056 1387
2055 1387
2054 1387
2053 1387
2052 1387
2051 1387
2050 1387
2049 1387
2048 1387
2047 1387
2046 1387
2045 1387
2044 1387
2043 1387
2042 1387
2041 1387
2040 1387
2039 1387
2038 1387
2037 1387
2036 1387
2035 1387
2034 1387
2033 1387
2032 1387
2031 1387
2030 1387
2029 1387
2028 1387
2027 1387
2026 1386
2025 1386
2024 1386
2023 1386
2022 1385
2021 1385
2020 1385
2019 1385
2018 1385
2017 1385
2016 1386
2015 1386
2014 1386
2013 1386
2012 1387
2011 1387
2010 1387
2009 1387
2008 1387
2007 1387
2006 1387
2005 1387
2004 1387
2003 1387
2002 1387
2001 1387
2000 1387
1999 1387
1998 1387
1997 1387
1996 1387
1995 1387
1994 1387
1993 1387
1992 1386
1991 1386
1990 1386
1989 1386
1988 1385
1987 1385
1986 1385
1985 1385
1984 1385
1983 1385
1982 1385
1981 1385
1980 1385
1979 1385
