603 521
602 522
601 522
600 522
599 522
598 523
597 523
596 523
595 523
594 524
593 524
592 524
591 524
590 525
589 526
588 527
588 528
587 529
587 530
587 531
587 532
586 533
586 534
586 535
586 536
585 537
585 538
585 539
585 540
585 541
585 542
584 543
584 544
584 545
584 546
584 547
585 548
585 549
586 549
587 550
588 551
589 551
590 552
590 553
591 553
592 554
592 555
593 555
594 556
594 557
595 557
596 558
596 559
597 559
598 560
598 561
599 561
600 562
600 563
601 563
602 564
602 565
603 565
604 566
604 567
605 567
606 568
606 569
607 569
608 570
609 571
610 571
611 572
612 572
613 572
614 572
615 573
616 573
617 574
618 575
619 576
620 577
620 578
621 579
622 580
622 581
622 582
623 583
624 584
624 585
624 586
625 587
625 588
626 589
626 590
626 591
626 592
627 593
628 594
629 595
630 596
631 597
632 598
633 599
634 599
635 599
636 599
637 600
638 600
639 600
640 600
641 600
642 600
643 600
644 600
645 600
646 600
647 600
648 600
649 600
650 600
651 600
652 600
653 599
654 599
655 599
656 599
657 598
658 598
659 597
660 597
661 597
662 597
663 596
664 595
665 595
666 595
667 594
668 593
669 593
670 593
671 592
672 591
673 591
674 591
675 590
676 590
677 590
678 590
679 589
680 589
681 589
682 589
683 588
684 588
685 588
686 588
687 588
688 588
689 588
690 588
691 588
692 588
693 588
694 588
695 589
696 589
697 589
698 589
699 590
700 590
701 590
702 590
703 591
704 591
705 592
706 592
707 593
708 594
709 595
710 595
711 595
712 595
713 596
714 596
715 596
716 596
717 596
718 596
719 596
720 596
721 596
722 596
723 596
724 596
725 596
726 596
727 597
728 597
729 597
730 597
731 598
732 598
733 598
734 598
735 599
736 599
737 599
738 599
739 600
740 600
741 600
742 600
743 600
744 600
745 600
746 600
747 600
748 600
749 601
750 601
751 601
752 601
753 602
754 602
755 602
756 602
757 602
758 602
759 602
760 602
761 602
762 602
763 602
764 602
765 602
766 602
767 602
768 602
769 602
770 602
771 602
772 602
773 603
774 603
775 604
776 604
777 605
778 605
779 606
780 606
781 606
782 606
783 606
784 606
785 606
786 606
787 606
788 606
789 606
790 606
791 606
792 606
793 606
794 606
795 606
796 606
797 606
798 606
799 606
800 606
801 606
802 606
803 606
804 606
805 606
806 606
807 606
808 606
809 606
810 606
811 605
812 605
813 605
814 605
815 604
816 604
817 604
818 604
819 604
820 604
821 604
822 604
823 604
824 604
825 604
826 604
827 604
828 604
829 604
830 604
831 604
832 604
833 603
834 603
835 603
836 603
837 602
838 602
839 601
840 601
841 601
842 601
843 600
844 600
845 599
846 599
847 599
848 599
849 598
850 598
851 598
852 598
853 597
854 597
855 597
856 597
857 596
858 596
859 596
860 596
861 595
862 595
863 595
864 595
865 594
866 594
867 594
868 594
869 594
870 594
871 594
872 594
873 593
874 593
875 593
876 593
877 592
878 591
879 590
880 590
881 589
882 589
883 588
884 587
885 587
886 587
887 586
888 585
889 585
890 585
891 584
892 583
893 582
894 582
895 581
896 581
897 580
898 579
899 578
900 577
901 576
901 575
902 574
902 573
903 572
903 571
903 570
904 569
905 568
905 567
904 566
904 565
904 564
903 563
903 562
902 562
901 561
901 560
900 560
899 559
899 558
898 558
897 557
897 556
896 556
895 555
895 554
894 553
893 552
893 551
892 550
891 549
891 548
891 547
890 546
890 545
889 544
889 543
888 542
887 542
886 541
885 541
884 540
883 540
882 540
881 539
880 538
879 538
878 538
877 537
876 536
875 536
874 536
873 536
872 535
871 535
870 534
869 534
868 534
867 533
866 532
865 532
864 531
863 531
862 530
861 529
860 528
859 528
858 528
857 528
856 527
855 527
854 527
853 527
852 527
851 527
850 527
849 527
848 527
847 527
846 527
845 527
844 527
843 527
842 527
841 527
840 527
839 527
838 527
837 527
836 527
835 527
834 527
833 527
832 527
831 527
830 527
829 527
828 527
827 527
826 527
825 527
824 527
823 527
822 527
821 527
820 527
819 527
818 527
817 527
816 527
815 527
814 527
813 527
812 527
811 527
810 527
809 527
808 527
807 527
806 527
805 527
804 527
803 527
802 527
801 527
800 527
799 527
798 527
797 527
796 527
795 527
794 527
793 527
792 527
791 527
790 527
789 527
788 527
787 527
786 527
785 527
784 527
783 527
782 527
781 527
780 526
779 526
778 526
777 526
776 525
775 525
774 525
773 525
772 525
771 525
770 525
769 525
768 525
767 525
766 526
765 526
764 526
763 526
762 527
761 527
760 527
759 527
758 527
757 527
756 527
755 527
754 527
753 527
752 527
751 527
750 527
749 527
748 527
747 527
746 527
745 527
744 527
743 527
742 527
741 527
740 527
739 527
738 528
737 528
736 528
735 528
734 529
733 529
732 529
731 529
730 529
729 529
728 529
727 529
726 529
725 529
724 529
723 529
722 529
721 529
720 529
719 529
718 529
717 529
716 529
715 529
714 529
713 529
712 529
711 529
710 529
709 529
708 529
707 529
706 529
705 529
704 529
703 529
702 529
701 529
700 528
699 528
698 528
697 528
696 527
695 527
694 527
693 527
692 527
691 527
690 527
689 527
688 527
687 527
686 527
685 527
684 527
683 527
682 527
681 527
680 527
679 527
678 527
677 527
676 527
675 527
674 527
673 527
672 527
671 527
670 526
669 526
668 526
667 526
666 525
665 525
664 525
663 525
662 524
661 524
660 524
659 524
658 523
657 523
656 523
655 523
654 523
653 523
652 523
651 523
650 523
649 523
648 523
647 523
646 523
645 523
644 523
643 523
642 523
641 523
640 523
639 523
638 523
637 523
636 523
635 523
634 523
633 523
632 523
631 523
630 523
629 523
628 523
627 523
626 523
625 523
624 523
623 523
622 523
621 523
620 523
619 523
618 523
617 523
616 523
615 523
614 522
613 522
612 522
611 522
610 521
609 521
608 521
607 521
606 521
605 521
604 521
603 521
