1007 2345
1006 2346
1005 2346
1004 2347
1003 2348
1002 2349
1002 2350
1001 2351
1001 2352
1000 2353
1000 2354
999 2355
999 2356
999 2357
999 2358
998 2359
998 2360
998 2361
998 2362
997 2363
997 2364
997 2365
997 2366
997 2367
997 2368
997 2369
997 2370
997 2371
997 2372
997 2373
997 2374
996 2375
996 2376
996 2377
995 2378
994 2379
994 2380
994 2381
994 2382
993 2383
993 2384
992 2385
992 2386
992 2387
992 2388
991 2389
991 2390
991 2391
991 2392
990 2393
990 2394
989 2395
989 2396
988 2397
988 2398
987 2399
987 2400
986 2401
986 2402
986 2403
985 2404
984 2405
984 2406
984 2407
984 2408
983 2409
983 2410
983 2411
983 2412
982 2413
982 2414
981 2415
981 2416
980 2417
979 2418
978 2419
978 2420
978 2421
977 2422
976 2423
976 2424
975 2425
975 2426
974 2427
974 2428
973 2429
973 2430
972 2431
972 2432
972 2433
971 2434
970 2435
970 2436
969 2437
968 2438
968 2439
967 2440
966 2440
966 2441
965 2442
964 2443
964 2444
963 2445
963 2446
962 2447
962 2448
962 2449
962 2450
961 2451
961 2452
961 2453
961 2454
961 2455
961 2456
961 2457
961 2458
961 2459
961 2460
961 2461
961 2462
961 2463
961 2464
961 2465
961 2466
961 2467
961 2468
961 2469
961 2470
961 2471
961 2472
961 2473
961 2474
961 2475
961 2476
961 2477
961 2478
960 2479
960 2480
959 2481
958 2482
958 2483
957 2484
956 2485
956 2486
955 2487
955 2488
955 2489
955 2490
955 2491
955 2492
955 2493
955 2494
955 2495
955 2496
955 2497
955 2498
956 2499
956 2500
956 2501
956 2502
957 2503
958 2504
958 2505
958 2506
959 2507
959 2508
960 2509
960 2510
960 2511
960 2512
961 2513
961 2514
961 2515
961 2516
961 2517
961 2518
961 2519
961 2520
961 2521
961 2522
962 2523
962 2524
962 2525
962 2526
963 2527
963 2528
963 2529
963 2530
963 2531
963 2532
963 2533
963 2534
963 2535
963 2536
963 2537
963 2538
963 2539
963 2540
963 2541
963 2542
963 2543
963 2544
964 2545
964 2546
964 2547
964 2548
965 2549
965 2550
965 2551
965 2552
965 2553
965 2554
965 2555
965 2556
965 2557
965 2558
965 2559
965 2560
965 2561
965 2562
964 2563
964 2564
964 2565
964 2566
963 2567
963 2568
962 2569
962 2570
962 2571
961 2572
960 2573
960 2574
959 2575
959 2576
958 2577
957 2578
956 2579
956 2580
955 2581
954 2582
954 2583
953 2584
952 2585
952 2586
951 2587
951 2588
951 2589
951 2590
951 2591
951 2592
952 2593
952 2594
952 2595
952 2596
953 2597
953 2598
953 2599
953 2600
953 2601
953 2602
953 2603
953 2604
954 2605
954 2606
954 2607
954 2608
955 2609
956 2610
956 2611
956 2612
957 2613
957 2614
958 2615
958 2616
958 2617
958 2618
959 2619
959 2620
959 2621
959 2622
960 2623
960 2624
960 2625
960 2626
961 2627
961 2628
961 2629
961 2630
962 2631
962 2632
963 2633
964 2634
964 2635
965 2636
966 2637
966 2638
967 2639
967 2640
967 2641
967 2642
967 2643
967 2644
967 2645
967 2646
967 2647
967 2648
968 2649
968 2650
968 2651
968 2652
969 2653
969 2654
969 2655
969 2656
970 2657
970 2658
970 2659
970 2660
971 2661
971 2662
971 2663
971 2664
971 2665
971 2666
971 2667
971 2668
971 2669
971 2670
971 2671
971 2672
971 2673
971 2674
971 2675
971 2676
971 2677
971 2678
971 2679
971 2680
971 2681
971 2682
971 2683
971 2684
972 2685
972 2686
972 2687
972 2688
973 2689
973 2690
973 2691
973 2692
974 2693
974 2694
974 2695
974 2696
975 2697
975 2698
975 2699
975 2700
975 2701
975 2702
975 2703
975 2704
975 2705
975 2706
975 2707
975 2708
975 2709
975 2710
975 2711
975 2712
975 2713
975 2714
975 2715
975 2716
975 2717
975 2718
975 2719
975 2720
976 2721
976 2722
976 2723
976 2724
977 2725
977 2726
977 2727
977 2728
977 2729
977 2730
977 2731
977 2732
977 2733
977 2734
977 2735
977 2736
977 2737
977 2738
977 2739
978 2740
978 2741
979 2742
979 2743
979 2744
980 2745
981 2745
982 2746
983 2747
984 2748
985 2749
985 2750
986 2751
987 2752
987 2753
988 2753
989 2754
990 2755
991 2755
992 2756
993 2757
994 2758
995 2759
995 2760
996 2761
997 2762
997 2763
998 2764
999 2765
1000 2765
1001 2766
1002 2767
1003 2767
1004 2768
1005 2769
1006 2770
1007 2771
1007 2772
1008 2772
1009 2773
1010 2774
1011 2774
1012 2775
1013 2776
1014 2776
1015 2777
1016 2778
1017 2779
1018 2780
1018 2781
1019 2781
1020 2782
1021 2782
1022 2783
1023 2784
1024 2784
1025 2785
1026 2786
1027 2786
1028 2787
1029 2788
1030 2789
1031 2790
1031 2791
1032 2792
1033 2793
1034 2793
1035 2794
1036 2795
1037 2795
1038 2795
1039 2795
1040 2795
1041 2796
1042 2796
1043 2796
1044 2796
1045 2797
1046 2797
1047 2797
1048 2798
1049 2798
1050 2799
1051 2800
1052 2800
1053 2801
1054 2802
1055 2802
1056 2803
1057 2804
1058 2805
1059 2806
1059 2807
1060 2807
1061 2807
1062 2808
1063 2808
1064 2809
1065 2810
1066 2810
1067 2811
1068 2812
1069 2812
1070 2812
1071 2812
1072 2813
1073 2813
1074 2813
1075 2814
1076 2814
1077 2815
1078 2815
1079 2815
1080 2815
1081 2815
1082 2816
1083 2816
1084 2816
1085 2816
1086 2817
1087 2817
1088 2817
1089 2818
1090 2818
1091 2819
1092 2820
1093 2820
1094 2820
1095 2820
1096 2820
1097 2821
1098 2821
1099 2821
1100 2821
1101 2822
1102 2822
1103 2822
1104 2823
1105 2823
1106 2824
1107 2825
1108 2825
1109 2826
1110 2826
1111 2827
1112 2827
1113 2827
1114 2827
1115 2828
1116 2828
1117 2828
1118 2829
1119 2829
1120 2830
1121 2831
1122 2831
1123 2831
1124 2832
1125 2832
1126 2832
1127 2832
1128 2833
1129 2833
1130 2833
1131 2834
1132 2834
1133 2835
1134 2835
1135 2835
1136 2835
1137 2836
1138 2836
1139 2836
1140 2836
1141 2837
1142 2837
1143 2837
1144 2838
1145 2838
1146 2839
1147 2839
1148 2839
1149 2839
1150 2840
1151 2840
1152 2840
1153 2840
1154 2840
1155 2840
1156 2840
1157 2840
1158 2840
1159 2840
1160 2840
1161 2840
1162 2840
1163 2841
1164 2841
1165 2841
1166 2841
1167 2841
1168 2841
1169 2841
1170 2841
1171 2841
1172 2841
1173 2841
1174 2841
1175 2841
1176 2841
1177 2841
1178 2842
1179 2842
1180 2842
1181 2842
1182 2842
1183 2842
1184 2841
1185 2841
1186 2841
1187 2841
1188 2841
1189 2841
1190 2841
1191 2841
1192 2841
1193 2841
1194 2841
1195 2842
1196 2842
1197 2842
1198 2842
1199 2842
1200 2842
1201 2842
1202 2842
1203 2842
1204 2842
1205 2842
1206 2842
1207 2842
1208 2842
1209 2842
1210 2843
1211 2843
1212 2843
1213 2843
1214 2842
1215 2842
1216 2842
1217 2842
1218 2842
1219 2842
1220 2842
1221 2842
1222 2842
1223 2842
1224 2842
1225 2843
1226 2843
1227 2843
1228 2843
1229 2842
1230 2842
1231 2842
1232 2842
1233 2842
1234 2842
1235 2842
1236 2842
1237 2842
1238 2842
1239 2842
1240 2842
1241 2842
1242 2842
1243 2842
1244 2841
1245 2841
1246 2841
1247 2841
1248 2841
1249 2841
1250 2841
1251 2841
1252 2841
1253 2841
1254 2841
1255 2842
1256 2842
1257 2842
1258 2842
1259 2841
1260 2841
1261 2841
1262 2841
1263 2841
1264 2841
1265 2841
1266 2841
1267 2841
1268 2841
1269 2841
1270 2842
1271 2842
1272 2842
1273 2842
1274 2843
1275 2843
1276 2843
1277 2843
1278 2843
1279 2843
1280 2843
1281 2843
1282 2843
1283 2843
1284 2843
1285 2844
1286 2844
1287 2844
1288 2844
1289 2845
1290 2845
1291 2845
1292 2846
1293 2846
1294 2847
1295 2848
1296 2848
1297 2848
1298 2848
1299 2848
1300 2849
1301 2849
1302 2849
1303 2849
1304 2850
1305 2850
1306 2850
1307 2851
1308 2851
1309 2851
1310 2851
1311 2851
1312 2851
1313 2852
1314 2852
1315 2852
1316 2852
1317 2853
1318 2853
1319 2853
1320 2854
1321 2854
1322 2855
1323 2856
1324 2856
1325 2856
1326 2856
1327 2856
1328 2857
1329 2857
1330 2857
1331 2857
1332 2858
1333 2858
1334 2858
1335 2859
1336 2859
1337 2859
1338 2859
1339 2859
1340 2859
1341 2859
1342 2860
1343 2860
1344 2860
1345 2860
1346 2861
1347 2861
1348 2861
1349 2862
1350 2862
1351 2863
1352 2864
1353 2864
1354 2864
1355 2864
1356 2865
1357 2865
1358 2865
1359 2865
1360 2866
1361 2866
1362 2866
1363 2867
1364 2867
1365 2867
1366 2867
1367 2867
1368 2867
1369 2867
1370 2868
1371 2868
1372 2868
1373 2868
1374 2869
1375 2869
1376 2869
1377 2870
1378 2870
1379 2870
1380 2870
1381 2870
1382 2870
1383 2870
1384 2870
1385 2871
1386 2871
1387 2871
1388 2871
1389 2871
1390 2871
1391 2871
1392 2871
1393 2871
1394 2871
1395 2871
1396 2871
1397 2871
1398 2871
1399 2871
1400 2872
1401 2872
1402 2872
1403 2872
1404 2872
1405 2872
1406 2872
1407 2872
1408 2872
1409 2872
1410 2872
1411 2872
1412 2872
1413 2872
1414 2872
1415 2873
1416 2873
1417 2873
1418 2873
1419 2872
1420 2872
1421 2872
1422 2872
1423 2872
1424 2872
1425 2872
1426 2872
1427 2872
1428 2872
1429 2872
1430 2873
1431 2873
1432 2873
1433 2873
1434 2872
1435 2872
1436 2872
1437 2872
1438 2872
1439 2872
1440 2872
1441 2872
1442 2872
1443 2872
1444 2872
1445 2873
1446 2873
1447 2873
1448 2873
1449 2874
1450 2874
1451 2874
1452 2874
1453 2874
1454 2874
1455 2874
1456 2874
1457 2874
1458 2874
1459 2874
1460 2875
1461 2875
1462 2875
1463 2875
1464 2876
1465 2876
1466 2876
1467 2877
1468 2877
1469 2878
1470 2878
1471 2878
1472 2878
1473 2879
1474 2879
1475 2879
1476 2879
1477 2880
1478 2880
1479 2880
1480 2880
1481 2880
1482 2880
1483 2880
1484 2881
1485 2881
1486 2881
1487 2881
1488 2882
1489 2882
1490 2882
1491 2883
1492 2883
1493 2884
1494 2885
1495 2885
1496 2886
1497 2886
1498 2886
1499 2887
1500 2887
1501 2887
1502 2887
1503 2888
1504 2888
1505 2888
1506 2889
1507 2889
1508 2890
1509 2891
1510 2891
1511 2892
1512 2892
1513 2893
1514 2893
1515 2893
1516 2893
1517 2894
1518 2894
1519 2894
1520 2895
1521 2895
1522 2896
1523 2897
1524 2897
1525 2897
1526 2897
1527 2897
1528 2898
1529 2898
1530 2898
1531 2898
1532 2899
1533 2899
1534 2899
1535 2899
1536 2899
1537 2899
1538 2899
1539 2899
1540 2899
1541 2899
1542 2899
1543 2900
1544 2900
1545 2900
1546 2900
1547 2900
1548 2900
1549 2900
1550 2900
1551 2900
1552 2900
1553 2900
1554 2900
1555 2900
1556 2900
1557 2900
1558 2901
1559 2901
1560 2901
1561 2901
1562 2902
1563 2902
1564 2902
1565 2903
1566 2903
1567 2904
1568 2904
1569 2904
1570 2904
1571 2904
1572 2904
1573 2905
1574 2905
1575 2905
1576 2905
1577 2906
1578 2906
1579 2906
1580 2907
1581 2907
1582 2908
1583 2909
1584 2909
1585 2910
1586 2910
1587 2910
1588 2911
1589 2911
1590 2911
1591 2911
1592 2912
1593 2912
1594 2912
1595 2913
1596 2913
1597 2914
1598 2915
1599 2915
1600 2915
1601 2916
1602 2916
1603 2916
1604 2916
1605 2917
1606 2917
1607 2917
1608 2918
1609 2918
1610 2919
1611 2920
1612 2920
1613 2921
1614 2921
1615 2922
1616 2922
1617 2922
1618 2922
1619 2923
1620 2923
1621 2923
1622 2924
1623 2924
1624 2925
1625 2925
1626 2926
1627 2926
1628 2926
1629 2926
1630 2927
1631 2927
1632 2927
1633 2928
1634 2928
1635 2929
1636 2929
1637 2929
1638 2929
1639 2929
1640 2930
1641 2930
1642 2930
1643 2930
1644 2931
1645 2931
1646 2931
1647 2932
1648 2932
1649 2933
1650 2934
1651 2934
1652 2934
1653 2934
1654 2935
1655 2935
1656 2935
1657 2935
1658 2936
1659 2936
1660 2936
1661 2937
1662 2937
1663 2938
1664 2939
1665 2939
1666 2939
1667 2939
1668 2940
1669 2940
1670 2940
1671 2940
1672 2941
1673 2941
1674 2941
1675 2942
1676 2942
1677 2943
1678 2943
1679 2943
1680 2943
1681 2943
1682 2944
1683 2944
1684 2944
1685 2944
1686 2945
1687 2945
1688 2945
1689 2946
1690 2946
1691 2947
1692 2948
1693 2948
1694 2948
1695 2948
1696 2949
1697 2949
1698 2949
1699 2949
1700 2950
1701 2950
1702 2950
1703 2951
1704 2951
1705 2952
1706 2952
1707 2952
1708 2952
1709 2952
1710 2953
1711 2953
1712 2953
1713 2953
1714 2954
1715 2954
1716 2954
1717 2955
1718 2955
1719 2956
1720 2957
1721 2957
1722 2958
1723 2958
1724 2959
1725 2959
1726 2959
1727 2959
1728 2960
1729 2960
1730 2960
1731 2961
1732 2961
1733 2962
1734 2963
1735 2963
1736 2963
1737 2963
1738 2964
1739 2964
1740 2964
1741 2964
1742 2965
1743 2965
1744 2965
1745 2965
1746 2965
1747 2966
1748 2966
1749 2966
1750 2966
1751 2965
1752 2965
1753 2965
1754 2965
1755 2965
1756 2965
1757 2965
1758 2965
1759 2965
1760 2965
1761 2965
1762 2966
1763 2966
1764 2966
1765 2966
1766 2965
1767 2965
1768 2965
1769 2965
1770 2965
1771 2965
1772 2965
1773 2965
1774 2965
1775 2965
1776 2965
1777 2965
1778 2965
1779 2965
1780 2965
1781 2964
1782 2964
1783 2964
1784 2964
1785 2964
1786 2964
1787 2964
1788 2964
1789 2964
1790 2964
1791 2964
1792 2965
1793 2965
1794 2965
1795 2965
1796 2965
1797 2965
1798 2965
1799 2965
1800 2965
1801 2965
1802 2965
1803 2965
1804 2965
1805 2965
1806 2965
1807 2966
1808 2966
1809 2966
1810 2966
1811 2967
1812 2967
1813 2967
1814 2967
1815 2967
1816 2967
1817 2966
1818 2966
1819 2966
1820 2966
1821 2966
1822 2966
1823 2966
1824 2966
1825 2966
1826 2966
1827 2966
1828 2967
1829 2967
1830 2967
1831 2967
1832 2966
1833 2966
1834 2966
1835 2966
1836 2966
1837 2966
1838 2966
1839 2966
1840 2966
1841 2966
1842 2966
1843 2967
1844 2967
1845 2966
1846 2966
1847 2965
1848 2965
1849 2965
1850 2964
1851 2964
1852 2963
1853 2963
1854 2963
1855 2962
1856 2962
1857 2962
1858 2962
1859 2961
1860 2961
1861 2961
1862 2960
1863 2960
1864 2959
1865 2959
1866 2959
1867 2958
1868 2958
1869 2958
1870 2957
1870 2956
1871 2955
1872 2954
1872 2953
1873 2952
1874 2951
1875 2950
1876 2949
1877 2949
1878 2948
1879 2947
1880 2947
1881 2946
1882 2945
1883 2945
1884 2944
1885 2943
1886 2942
1887 2941
1888 2940
1889 2940
1890 2939
1891 2938
1892 2938
1893 2937
1894 2936
1895 2936
1896 2935
1897 2935
1898 2935
1899 2934
1900 2933
1901 2933
1902 2932
1903 2931
1904 2931
1905 2930
1906 2929
1907 2929
1908 2928
1909 2927
1910 2926
1911 2925
1912 2924
1913 2924
1914 2923
1915 2922
1916 2922
1917 2921
1918 2920
1919 2920
1920 2919
1921 2918
1922 2917
1922 2916
1923 2915
1924 2914
1925 2913
1926 2912
1927 2912
1928 2911
1929 2910
1930 2910
1931 2909
1932 2908
1933 2908
1934 2907
1935 2907
1936 2907
1937 2906
1938 2906
1939 2906
1940 2906
1941 2905
1942 2904
1943 2904
1944 2903
1945 2902
1946 2902
1947 2901
1948 2901
1949 2901
1950 2900
1951 2900
1952 2900
1953 2900
1954 2899
1955 2899
1956 2898
1957 2897
1958 2897
1959 2896
1960 2896
1961 2895
1962 2894
1963 2894
1964 2893
1965 2892
1966 2892
1967 2891
1968 2890
1969 2890
1970 2889
1971 2889
1972 2889
1973 2888
1974 2888
1975 2888
1976 2888
1977 2887
1978 2887
1979 2887
1980 2887
1981 2887
1982 2887
1983 2887
1984 2887
1985 2887
1986 2887
1987 2887
1988 2887
1989 2887
1990 2887
1991 2887
1992 2886
1993 2886
1994 2886
1995 2886
1996 2886
1997 2886
1998 2886
1999 2886
2000 2886
2001 2886
2002 2886
2003 2886
2004 2886
2005 2886
2006 2886
2007 2885
2008 2885
2009 2885
2010 2885
2011 2885
2012 2885
2013 2885
2014 2885
2015 2885
2016 2885
2017 2884
2018 2884
2019 2884
2020 2884
2021 2883
2022 2883
2023 2883
2024 2883
2025 2882
2026 2882
2027 2881
2028 2881
2029 2881
2030 2880
2031 2880
2032 2880
2033 2880
2034 2879
2035 2879
2036 2878
2037 2878
2038 2877
2039 2876
2040 2876
2041 2875
2042 2875
2043 2875
2044 2874
2045 2874
2046 2874
2047 2873
2048 2873
2049 2872
2050 2871
2051 2871
2052 2870
2053 2870
2054 2870
2055 2869
2056 2869
2057 2869
2058 2868
2059 2867
2060 2867
2061 2866
2062 2865
2063 2865
2064 2864
2065 2863
2066 2863
2067 2862
2068 2862
2069 2862
2070 2861
2071 2861
2072 2861
2073 2861
2074 2860
2075 2860
2076 2860
2077 2860
2078 2860
2079 2860
2080 2860
2081 2860
2082 2860
2083 2860
2084 2860
2085 2859
2086 2859
2087 2859
2088 2859
2089 2859
2090 2859
2091 2859
2092 2859
2093 2859
2094 2859
2095 2859
2096 2860
2097 2860
2098 2860
2099 2859
2100 2859
2101 2859
2102 2859
2103 2859
2104 2859
2105 2859
2106 2859
2107 2859
2108 2859
2109 2859
2110 2860
2111 2860
2112 2860
2113 2860
2114 2861
2115 2861
2116 2861
2117 2862
2118 2862
2119 2863
2120 2864
2121 2864
2122 2864
2123 2864
2124 2865
2125 2865
2126 2865
2127 2865
2128 2866
2129 2866
2130 2866
2131 2866
2132 2866
2133 2866
2134 2866
2135 2866
2136 2866
2137 2866
2138 2866
2139 2867
2140 2867
2141 2867
2142 2867
2143 2867
2144 2867
2145 2867
2146 2867
2147 2867
2148 2867
2149 2867
2150 2867
2151 2867
2152 2867
2153 2867
2154 2868
2155 2868
2156 2868
2157 2868
2158 2867
2159 2867
2160 2867
2161 2867
2162 2867
2163 2867
2164 2867
2165 2867
2166 2867
2167 2867
2168 2867
2169 2868
2170 2868
2171 2868
2172 2868
2173 2867
2174 2867
2175 2867
2176 2867
2177 2867
2178 2867
2179 2867
2180 2867
2181 2867
2182 2867
2183 2867
2184 2868
2185 2868
2186 2868
2187 2868
2188 2867
2189 2867
2190 2867
2191 2867
2192 2867
2193 2867
2194 2867
2195 2867
2196 2867
2197 2867
2198 2867
2199 2868
2200 2868
2201 2868
2202 2868
2203 2869
2204 2869
2205 2869
2206 2870
2207 2870
2208 2871
2209 2872
2210 2872
2211 2873
2212 2874
2213 2873
2214 2873
2215 2873
2216 2873
2217 2872
2218 2872
2219 2872
2220 2872
2221 2872
2222 2872
2223 2872
2224 2872
2225 2872
2226 2872
2227 2872
2228 2872
2229 2872
2230 2872
2231 2872
2232 2871
2233 2871
2234 2871
2235 2871
2236 2871
2237 2871
2238 2871
2239 2871
2240 2871
2241 2871
2242 2871
2243 2870
2244 2870
2245 2870
2246 2870
2247 2869
2248 2869
2249 2869
2250 2869
2251 2869
2252 2869
2253 2869
2254 2869
2255 2869
2256 2869
2257 2869
2258 2869
2259 2869
2260 2869
2261 2869
2262 2868
2263 2868
2264 2868
2265 2868
2266 2868
2267 2868
2268 2868
2269 2868
2270 2868
2271 2868
2272 2868
2273 2869
2274 2869
2275 2869
2276 2869
2277 2868
2278 2868
2279 2868
2280 2868
2281 2868
2282 2868
2283 2868
2284 2868
2285 2868
2286 2868
2287 2868
2288 2869
2289 2869
2290 2869
2291 2869
2292 2868
2293 2868
2294 2868
2295 2868
2296 2868
2297 2868
2298 2868
2299 2868
2300 2868
2301 2868
2302 2868
2303 2869
2304 2869
2305 2869
2306 2869
2307 2868
2308 2868
2309 2868
2310 2868
2311 2868
2312 2868
2313 2868
2314 2868
2315 2868
2316 2868
2317 2868
2318 2869
2319 2869
2320 2869
2321 2869
2322 2868
2323 2868
2324 2868
2325 2868
2326 2868
2327 2868
2328 2868
2329 2868
2330 2868
2331 2868
2332 2868
2333 2867
2334 2867
2335 2867
2336 2867
2337 2866
2338 2866
2339 2866
2340 2866
2341 2866
2342 2866
2343 2865
2344 2865
2345 2864
2346 2864
2347 2864
2348 2863
2349 2863
2350 2863
2351 2863
2352 2862
2353 2862
2354 2861
2355 2861
2356 2860
2357 2859
2358 2859
2359 2858
2360 2858
2361 2858
2362 2857
2363 2857
2364 2857
2365 2856
2366 2856
2367 2855
2368 2854
2369 2854
2370 2853
2371 2852
2372 2852
2373 2851
2374 2851
2375 2851
2376 2850
2377 2850
2378 2850
2379 2849
2380 2849
2381 2848
2382 2847
2383 2847
2384 2846
2385 2845
2386 2845
2387 2844
2388 2844
2389 2844
2390 2843
2391 2843
2392 2842
2393 2841
2394 2841
2395 2840
2396 2839
2397 2839
2398 2838
2399 2837
2400 2837
2401 2836
2402 2836
2402 2835
2403 2834
2404 2833
2405 2832
2405 2831
2405 2830
2406 2829
2406 2828
2407 2827
2408 2826
2408 2825
2408 2824
2408 2823
2409 2822
2409 2821
2409 2820
2409 2819
2410 2818
2410 2817
2410 2816
2411 2815
2411 2814
2412 2813
2413 2812
2413 2811
2414 2810
2415 2809
2415 2808
2416 2807
2417 2806
2417 2805
2418 2804
2418 2803
2418 2802
2419 2801
2419 2800
2420 2799
2421 2798
2421 2797
2422 2796
2423 2795
2423 2794
2424 2793
2425 2792
2426 2791
2427 2790
2428 2790
2429 2789
2430 2788
2431 2788
2432 2787
2433 2786
2434 2786
2435 2785
2436 2784
2436 2783
2436 2782
2436 2781
2436 2780
2436 2779
2436 2778
2436 2777
2436 2776
2436 2775
2436 2774
2436 2773
2437 2772
2437 2771
2437 2770
2437 2769
2438 2768
2438 2767
2439 2766
2439 2765
2439 2764
2439 2763
2440 2762
2440 2761
2441 2760
2441 2759
2441 2758
2441 2757
2442 2756
2442 2755
2442 2754
2442 2753
2442 2752
2442 2751
2442 2750
2442 2749
2443 2748
2443 2747
2443 2746
2443 2745
2444 2744
2444 2743
2444 2742
2444 2741
2444 2740
2444 2739
2444 2738
2444 2737
2444 2736
2444 2735
2444 2734
2444 2733
2444 2732
2444 2731
2444 2730
2444 2729
2444 2728
2444 2727
2444 2726
2444 2725
2444 2724
2444 2723
2443 2722
2443 2721
2443 2720
2443 2719
2442 2718
2442 2717
2443 2716
2443 2715
2443 2714
2443 2713
2444 2712
2444 2711
2444 2710
2444 2709
2444 2708
2444 2707
2444 2706
2444 2705
2444 2704
2444 2703
2444 2702
2444 2701
2444 2700
2444 2699
2444 2698
2444 2697
2444 2696
2444 2695
2444 2694
2444 2693
2444 2692
2444 2691
2444 2690
2444 2689
2444 2688
2444 2687
2444 2686
2444 2685
2444 2684
2444 2683
2444 2682
2444 2681
2444 2680
2444 2679
2444 2678
2444 2677
2444 2676
2444 2675
2443 2674
2443 2673
2443 2672
2443 2671
2442 2670
2442 2669
2442 2668
2442 2667
2442 2666
2442 2665
2442 2664
2442 2663
2442 2662
2442 2661
2442 2660
2442 2659
2442 2658
2442 2657
2442 2656
2442 2655
2441 2654
2441 2653
2441 2652
2441 2651
2440 2650
2439 2649
2438 2648
2437 2647
2437 2646
2436 2646
2435 2645
2434 2644
2433 2643
2432 2642
2431 2642
2430 2641
2429 2640
2428 2639
2427 2638
2427 2637
2426 2636
2425 2635
2424 2634
2423 2633
2423 2632
2422 2632
2421 2631
2421 2630
2420 2629
2419 2628
2419 2627
2418 2626
2417 2625
2416 2624
2415 2623
2415 2622
2414 2622
2413 2621
2413 2620
2412 2620
2411 2619
2411 2618
2410 2618
2409 2617
2409 2616
2408 2616
2407 2615
2407 2614
2406 2614
2405 2613
2405 2612
2404 2612
2403 2611
2403 2610
2402 2610
2401 2609
2401 2608
2400 2607
2399 2606
2399 2605
2398 2604
2397 2603
2396 2602
2396 2601
2395 2600
2395 2599
2394 2598
2394 2597
2394 2596
2394 2595
2394 2594
2394 2593
2393 2592
2393 2591
2392 2590
2392 2589
2391 2588
2391 2587
2390 2586
2389 2585
2389 2584
2389 2583
2388 2582
2388 2581
2388 2580
2388 2579
2387 2578
2387 2577
2386 2576
2385 2575
2385 2574
2384 2573
2383 2572
2383 2571
2382 2570
2381 2569
2380 2568
2379 2567
2379 2566
2378 2566
2377 2565
2377 2564
2376 2564
2375 2563
2374 2562
2373 2561
2372 2560
2371 2560
2370 2559
2369 2558
2369 2557
2368 2556
2367 2555
2366 2554
2366 2553
2365 2552
2365 2551
2364 2550
2364 2549
2363 2548
2363 2547
2362 2546
2361 2545
2361 2544
2360 2543
2359 2542
2359 2541
2358 2540
2357 2539
2356 2538
2355 2537
2354 2536
2353 2535
2352 2534
2351 2534
2350 2534
2349 2534
2348 2533
2347 2533
2346 2533
2345 2533
2344 2533
2343 2533
2342 2532
2341 2532
2340 2532
2339 2532
2338 2531
2337 2531
2336 2530
2335 2530
2334 2530
2333 2530
2332 2529
2331 2529
2330 2529
2329 2529
2328 2529
2327 2529
2326 2529
2325 2529
2324 2528
2323 2528
2322 2528
2321 2527
2320 2526
2319 2526
2318 2526
2317 2526
2316 2525
2315 2525
2314 2524
2313 2524
2312 2524
2311 2524
2310 2523
2309 2523
2308 2523
2307 2523
2306 2523
2305 2523
2304 2523
2303 2523
2302 2522
2301 2522
2300 2521
2299 2521
2298 2520
2297 2520
2296 2519
2295 2519
2294 2519
2293 2519
2292 2518
2291 2518
2290 2517
2289 2517
2288 2516
2287 2515
2286 2514
2285 2514
2284 2514
2283 2514
2282 2513
2281 2513
2280 2513
2279 2513
2278 2513
2277 2513
2276 2513
2275 2513
2274 2513
2273 2513
2272 2513
2271 2513
2270 2513
2269 2513
2268 2513
2267 2513
2266 2513
2265 2513
2264 2513
2263 2513
2262 2513
2261 2513
2260 2513
2259 2513
2258 2512
2257 2512
2256 2512
2255 2512
2254 2511
2253 2511
2252 2511
2251 2511
2250 2511
2249 2511
2248 2511
2247 2511
2246 2511
2245 2511
2244 2510
2243 2510
2242 2510
2241 2510
2240 2509
2239 2509
2238 2509
2237 2509
2236 2509
2235 2509
2234 2509
2233 2509
2232 2509
2231 2509
2230 2509
2229 2509
2228 2509
2227 2509
2226 2509
2225 2509
2224 2509
2223 2509
2222 2508
2221 2508
2220 2508
2219 2507
2218 2506
2217 2506
2216 2506
2215 2506
2214 2505
2213 2505
2212 2506
2211 2506
2210 2506
2209 2506
2208 2507
2207 2507
2206 2507
2205 2507
2204 2507
2203 2507
2202 2507
2201 2507
2200 2507
2199 2507
2198 2507
2197 2507
2196 2506
2195 2506
2194 2506
2193 2506
2192 2506
2191 2506
2190 2506
2189 2506
2188 2507
2187 2507
2186 2507
2185 2507
2184 2506
2183 2506
2182 2506
2181 2506
2180 2505
2179 2505
2178 2505
2177 2505
2176 2505
2175 2505
2174 2505
2173 2505
2172 2505
2171 2505
2170 2505
2169 2505
2168 2504
2167 2504
2166 2504
2165 2504
2164 2503
2163 2503
2162 2503
2161 2503
2160 2503
2159 2503
2158 2503
2157 2503
2156 2502
2155 2502
2154 2502
2153 2502
2152 2501
2151 2501
2150 2500
2149 2500
2148 2500
2147 2500
2146 2499
2145 2499
2144 2499
2143 2499
2142 2500
2141 2500
2140 2500
2139 2500
2138 2501
2137 2501
2136 2502
2135 2502
2134 2502
2133 2502
2132 2503
2131 2503
2130 2503
2129 2503
2128 2503
2127 2503
2126 2503
2125 2503
2124 2503
2123 2503
2122 2502
2121 2502
2120 2501
2119 2501
2118 2500
2117 2500
2116 2499
2115 2499
2114 2499
2113 2499
2112 2499
2111 2499
2110 2498
2109 2498
2108 2498
2107 2498
2106 2497
2105 2497
2104 2496
2103 2496
2102 2495
2101 2495
2100 2494
2099 2494
2098 2493
2097 2493
2096 2493
2095 2493
2094 2493
2093 2493
2092 2493
2091 2493
2090 2493
2089 2493
2088 2493
2087 2493
2086 2493
2085 2493
2084 2492
2083 2492
2082 2492
2081 2492
2080 2491
2079 2491
2078 2490
2077 2490
2076 2490
2075 2490
2074 2489
2073 2489
2072 2489
2071 2489
2070 2489
2069 2489
2068 2489
2067 2489
2066 2489
2065 2489
2064 2489
2063 2489
2062 2489
2061 2489
2060 2489
2059 2489
2058 2489
2057 2489
2056 2490
2055 2490
2054 2490
2053 2490
2052 2491
2051 2491
2050 2491
2049 2491
2048 2491
2047 2491
2046 2491
2045 2491
2044 2491
2043 2491
2042 2491
2041 2491
2040 2491
2039 2491
2038 2491
2037 2491
2036 2492
2035 2492
2034 2492
2033 2492
2032 2493
2031 2493
2030 2493
2029 2493
2028 2493
2027 2493
2026 2493
2025 2493
2024 2493
2023 2493
2022 2493
2021 2493
2020 2493
2019 2493
2018 2493
2017 2493
2016 2493
2015 2493
2014 2493
2013 2493
2012 2493
2011 2493
2010 2494
2009 2494
2008 2494
2007 2494
2006 2495
2005 2495
2004 2495
2003 2495
2002 2495
2001 2495
2000 2495
1999 2495
1998 2495
1997 2495
1996 2495
1995 2495
1994 2495
1993 2495
1992 2495
1991 2495
1990 2495
1989 2495
1988 2495
1987 2495
1986 2495
1985 2495
1984 2495
1983 2495
1982 2495
1981 2495
1980 2495
1979 2495
1978 2495
1977 2495
1976 2495
1975 2495
1974 2495
1973 2495
1972 2495
1971 2495
1970 2495
1969 2495
1968 2494
1967 2494
1966 2494
1965 2494
1964 2493
1963 2493
1962 2493
1961 2493
1960 2493
1959 2493
1958 2493
1957 2493
1956 2493
1955 2493
1954 2493
1953 2493
1952 2493
1951 2493
1950 2493
1949 2493
1948 2493
1947 2493
1946 2493
1945 2493
1944 2493
1943 2493
1942 2493
1941 2493
1940 2493
1939 2493
1938 2493
1937 2493
1936 2493
1935 2493
1934 2493
1933 2493
1932 2493
1931 2493
1930 2493
1929 2493
1928 2494
1927 2494
1926 2494
1925 2494
1924 2495
1923 2495
1922 2495
1921 2495
1920 2494
1919 2494
1918 2494
1917 2494
1916 2493
1915 2493
1914 2492
1913 2492
1912 2492
1911 2492
1910 2491
1909 2491
1908 2491
1907 2491
1906 2491
1905 2491
1904 2491
1903 2491
1902 2491
1901 2491
1900 2491
1899 2491
1898 2491
1897 2491
1896 2491
1895 2491
1894 2491
1893 2491
1892 2491
1891 2491
1890 2491
1889 2491
1888 2491
1887 2491
1886 2491
1885 2491
1884 2491
1883 2491
1882 2491
1881 2491
1880 2491
1879 2491
1878 2491
1877 2491
1876 2491
1875 2491
1874 2491
1873 2491
1872 2491
1871 2491
1870 2491
1869 2491
1868 2491
1867 2491
1866 2491
1865 2491
1864 2491
1863 2491
1862 2491
1861 2491
1860 2491
1859 2491
1858 2491
1857 2491
1856 2491
1855 2491
1854 2491
1853 2491
1852 2491
1851 2491
1850 2491
1849 2491
1848 2491
1847 2491
1846 2491
1845 2491
1844 2491
1843 2491
1842 2491
1841 2491
1840 2491
1839 2491
1838 2491
1837 2491
1836 2491
1835 2491
1834 2491
1833 2491
1832 2492
1831 2492
1830 2492
1829 2492
1828 2493
1827 2493
1826 2493
1825 2493
1824 2493
1823 2493
1822 2493
1821 2493
1820 2493
1819 2493
1818 2493
1817 2493
1816 2493
1815 2493
1814 2493
1813 2493
1812 2493
1811 2493
1810 2493
1809 2493
1808 2493
1807 2493
1806 2493
1805 2493
1804 2493
1803 2493
1802 2493
1801 2493
1800 2493
1799 2493
1798 2492
1797 2492
1796 2491
1795 2491
1794 2490
1793 2490
1792 2489
1791 2489
1790 2489
1789 2489
1788 2489
1787 2489
1786 2489
1785 2489
1784 2489
1783 2489
1782 2489
1781 2489
1780 2489
1779 2489
1778 2489
1777 2489
1776 2489
1775 2489
1774 2489
1773 2489
1772 2489
1771 2489
1770 2489
1769 2489
1768 2489
1767 2489
1766 2490
1765 2490
1764 2490
1763 2490
1762 2491
1761 2491
1760 2491
1759 2491
1758 2491
1757 2491
1756 2491
1755 2491
1754 2491
1753 2491
1752 2491
1751 2491
1750 2491
1749 2491
1748 2491
1747 2491
1746 2491
1745 2491
1744 2491
1743 2491
1742 2490
1741 2490
1740 2490
1739 2490
1738 2489
1737 2489
1736 2489
1735 2489
1734 2489
1733 2489
1732 2489
1731 2489
1730 2489
1729 2489
1728 2489
1727 2489
1726 2489
1725 2489
1724 2489
1723 2489
1722 2489
1721 2489
1720 2488
1719 2488
1718 2488
1717 2488
1716 2488
1715 2488
1714 2488
1713 2488
1712 2489
1711 2489
1710 2489
1709 2489
1708 2489
1707 2489
1706 2489
1705 2489
1704 2489
1703 2489
1702 2489
1701 2489
1700 2489
1699 2489
1698 2489
1697 2489
1696 2489
1695 2489
1694 2489
1693 2489
1692 2489
1691 2489
1690 2489
1689 2489
1688 2489
1687 2489
1686 2489
1685 2489
1684 2489
1683 2489
1682 2489
1681 2489
1680 2489
1679 2489
1678 2489
1677 2489
1676 2489
1675 2489
1674 2489
1673 2489
1672 2489
1671 2489
1670 2489
1669 2489
1668 2489
1667 2489
1666 2489
1665 2489
1664 2489
1663 2489
1662 2489
1661 2489
1660 2488
1659 2488
1658 2487
1657 2487
1656 2486
1655 2486
1654 2485
1653 2485
1652 2485
1651 2485
1650 2486
1649 2486
1648 2486
1647 2486
1646 2487
1645 2488
1644 2488
1643 2488
1642 2489
1641 2489
1640 2489
1639 2489
1638 2489
1637 2489
1636 2489
1635 2489
1634 2489
1633 2489
1632 2489
1631 2489
1630 2489
1629 2489
1628 2489
1627 2489
1626 2489
1625 2489
1624 2489
1623 2489
1622 2489
1621 2489
1620 2489
1619 2489
1618 2489
1617 2489
1616 2489
1615 2489
1614 2489
1613 2489
1612 2489
1611 2489
1610 2489
1609 2489
1608 2488
1607 2488
1606 2488
1605 2488
1604 2487
1603 2487
1602 2488
1601 2488
1600 2488
1599 2488
1598 2489
1597 2489
1596 2489
1595 2489
1594 2489
1593 2489
1592 2489
1591 2489
1590 2489
1589 2489
1588 2489
1587 2489
1586 2489
1585 2489
1584 2489
1583 2489
1582 2489
1581 2489
1580 2489
1579 2489
1578 2489
1577 2489
1576 2488
1575 2488
1574 2488
1573 2488
1572 2487
1571 2487
1570 2487
1569 2487
1568 2487
1567 2487
1566 2487
1565 2487
1564 2487
1563 2487
1562 2487
1561 2487
1560 2486
1559 2486
1558 2485
1557 2485
1556 2484
1555 2484
1554 2483
1553 2483
1552 2483
1551 2483
1550 2483
1549 2483
1548 2483
1547 2483
1546 2482
1545 2482
1544 2482
1543 2482
1542 2481
1541 2481
1540 2482
1539 2482
1538 2482
1537 2482
1536 2483
1535 2483
1534 2483
1533 2483
1532 2483
1531 2483
1530 2483
1529 2483
1528 2483
1527 2483
1526 2482
1525 2482
1524 2482
1523 2482
1522 2481
1521 2481
1520 2481
1519 2481
1518 2481
1517 2481
1516 2481
1515 2481
1514 2480
1513 2480
1512 2480
1511 2480
1510 2479
1509 2479
1508 2479
1507 2479
1506 2479
1505 2479
1504 2480
1503 2480
1502 2480
1501 2480
1500 2481
1499 2481
1498 2481
1497 2481
1496 2481
1495 2481
1494 2481
1493 2481
1492 2481
1491 2481
1490 2481
1489 2481
1488 2481
1487 2481
1486 2480
1485 2480
1484 2480
1483 2480
1482 2479
1481 2479
1480 2479
1479 2479
1478 2479
1477 2479
1476 2478
1475 2478
1474 2478
1473 2478
1472 2477
1471 2477
1470 2477
1469 2477
1468 2477
1467 2477
1466 2476
1465 2476
1464 2476
1463 2476
1462 2475
1461 2475
1460 2475
1459 2475
1458 2475
1457 2475
1456 2475
1455 2475
1454 2474
1453 2474
1452 2474
1451 2474
1450 2473
1449 2473
1448 2473
1447 2473
1446 2473
1445 2473
1444 2473
1443 2473
1442 2472
1441 2472
1440 2472
1439 2472
1438 2471
1437 2471
1436 2471
1435 2471
1434 2471
1433 2471
1432 2471
1431 2471
1430 2471
1429 2471
1428 2471
1427 2471
1426 2471
1425 2471
1424 2471
1423 2471
1422 2471
1421 2471
1420 2471
1419 2471
1418 2471
1417 2471
1416 2471
1415 2471
1414 2471
1413 2471
1412 2470
1411 2470
1410 2470
1409 2470
1408 2469
1407 2469
1406 2469
1405 2469
1404 2469
1403 2469
1402 2469
1401 2469
1400 2469
1399 2469
1398 2469
1397 2469
1396 2469
1395 2469
1394 2469
1393 2469
1392 2469
1391 2469
1390 2469
1389 2469
1388 2469
1387 2469
1386 2469
1385 2469
1384 2469
1383 2469
1382 2469
1381 2469
1380 2469
1379 2469
1378 2469
1377 2469
1376 2469
1375 2469
1374 2469
1373 2469
1372 2469
1371 2469
1370 2469
1369 2469
1368 2469
1367 2469
1366 2468
1365 2468
1364 2468
1363 2467
1362 2466
1361 2466
1360 2465
1359 2465
1358 2464
1357 2464
1356 2463
1355 2463
1354 2463
1353 2463
1352 2463
1351 2463
1350 2463
1349 2463
1348 2462
1347 2462
1346 2462
1345 2462
1344 2461
1343 2461
1342 2461
1341 2461
1340 2461
1339 2461
1338 2461
1337 2461
1336 2461
1335 2461
1334 2461
1333 2461
1332 2461
1331 2461
1330 2461
1329 2461
1328 2461
1327 2461
1326 2461
1325 2461
1324 2461
1323 2461
1322 2461
1321 2461
1320 2461
1319 2461
1318 2461
1317 2461
1316 2461
1315 2461
1314 2460
1313 2460
1312 2460
1311 2460
1310 2459
1309 2459
1308 2459
1307 2459
1306 2458
1305 2458
1304 2458
1303 2458
1302 2457
1301 2457
1300 2457
1299 2457
1298 2457
1297 2457
1296 2457
1295 2457
1294 2457
1293 2457
1292 2456
1291 2456
1290 2456
1289 2456
1288 2455
1287 2455
1286 2455
1285 2455
1284 2455
1283 2455
1282 2455
1281 2455
1280 2455
1279 2455
1278 2455
1277 2455
1276 2455
1275 2455
1274 2456
1273 2456
1272 2456
1271 2456
1270 2457
1269 2457
1268 2457
1267 2457
1266 2456
1265 2456
1264 2456
1263 2456
1262 2455
1261 2455
1260 2454
1259 2454
1258 2453
1257 2452
1256 2452
1255 2451
1254 2450
1253 2450
1252 2449
1251 2449
1250 2449
1249 2449
1248 2448
1247 2448
1246 2448
1245 2448
1244 2447
1243 2447
1242 2446
1241 2446
1240 2446
1239 2446
1238 2445
1237 2445
1236 2444
1235 2444
1234 2444
1233 2444
1232 2443
1231 2443
1230 2443
1229 2443
1228 2442
1227 2442
1226 2442
1225 2441
1224 2440
1223 2440
1222 2440
1221 2440
1220 2439
1219 2439
1218 2438
1217 2438
1216 2438
1215 2438
1214 2437
1213 2437
1212 2437
1211 2437
1210 2436
1209 2436
1208 2436
1207 2436
1206 2435
1205 2435
1204 2435
1203 2435
1202 2434
1201 2434
1200 2434
1199 2434
1198 2433
1197 2433
1196 2432
1195 2432
1194 2432
1193 2432
1192 2431
1191 2431
1190 2431
1189 2431
1188 2431
1187 2431
1186 2431
1185 2431
1184 2430
1183 2430
1182 2430
1181 2430
1180 2429
1179 2429
1178 2429
1177 2429
1176 2428
1175 2428
1174 2427
1173 2427
1172 2426
1171 2426
1170 2425
1169 2425
1168 2425
1167 2425
1166 2425
1165 2425
1164 2425
1163 2425
1162 2425
1161 2425
1160 2424
1159 2424
1158 2424
1157 2424
1156 2423
1155 2423
1154 2422
1153 2422
1152 2421
1151 2421
1150 2420
1149 2419
1148 2418
1147 2418
1146 2418
1145 2418
1144 2417
1143 2417
1142 2417
1141 2417
1140 2417
1139 2417
1138 2416
1137 2416
1136 2415
1135 2415
1134 2414
1133 2413
1132 2412
1131 2412
1130 2411
1129 2411
1128 2410
1127 2410
1126 2409
1125 2409
1124 2408
1123 2408
1122 2408
1121 2408
1120 2407
1119 2407
1118 2406
1117 2406
1116 2405
1115 2404
1114 2404
1113 2403
1112 2402
1111 2402
1110 2401
1109 2401
1108 2401
1107 2401
1106 2400
1105 2400
1104 2399
1103 2398
1102 2398
1101 2397
1101 2396
1100 2396
1099 2395
1099 2394
1098 2394
1097 2393
1096 2392
1095 2392
1094 2391
1093 2391
1092 2391
1091 2391
1090 2390
1089 2390
1088 2389
1087 2389
1086 2388
1085 2388
1084 2387
1083 2387
1082 2386
1081 2386
1080 2386
1079 2385
1078 2384
1077 2384
1076 2384
1075 2383
1074 2382
1073 2382
1072 2381
1071 2380
1071 2379
1070 2378
1069 2377
1068 2376
1067 2375
1067 2374
1066 2374
1065 2373
1065 2372
1064 2372
1063 2371
1063 2370
1062 2370
1061 2369
1061 2368
1060 2368
1059 2367
1058 2366
1057 2365
1056 2364
1055 2364
1054 2363
1053 2362
1052 2362
1051 2361
1051 2360
1050 2360
1049 2359
1048 2358
1047 2358
1046 2357
1045 2357
1044 2357
1043 2357
1042 2356
1041 2356
1040 2355
1039 2355
1038 2354
1037 2354
1036 2353
1035 2353
1034 2352
1033 2352
1032 2351
1031 2351
1030 2350
1029 2350
1028 2349
1027 2349
1026 2348
1025 2348
1024 2348
1023 2347
1022 2346
1021 2346
1020 2346
1019 2346
1018 2345
1017 2345
1016 2345
1015 2345
1014 2345
1013 2345
1012 2345
1011 2345
1010 2345
1009 2345
1008 2345
1007 2345
