1109 3657
1108 3658
1107 3658
1106 3658
1105 3658
1104 3659
1103 3659
1102 3659
1101 3659
1100 3659
1099 3659
1098 3659
1097 3659
1096 3659
1095 3659
1094 3659
1093 3659
1092 3660
1091 3660
1090 3660
1089 3660
1088 3661
1087 3661
1086 3661
1085 3661
1084 3661
1083 3661
1082 3661
1081 3661
1080 3661
1079 3661
1078 3661
1077 3661
1076 3661
1075 3661
1074 3661
1073 3661
1072 3661
1071 3661
1070 3661
1069 3661
1068 3662
1067 3662
1066 3662
1065 3662
1064 3663
1063 3663
1062 3663
1061 3663
1060 3663
1059 3663
1058 3663
1057 3663
1056 3663
1055 3663
1054 3663
1053 3663
1052 3663
1051 3663
1050 3663
1049 3663
1048 3663
1047 3663
1046 3663
1045 3663
1044 3663
1043 3663
1042 3664
1041 3664
1040 3664
1039 3664
1038 3665
1037 3665
1036 3665
1035 3665
1034 3665
1033 3665
1032 3666
1031 3666
1030 3667
1029 3668
1028 3669
1028 3670
1028 3671
1028 3672
1027 3673
1027 3674
1027 3675
1027 3676
1027 3677
1027 3678
1026 3679
1026 3680
1026 3681
1026 3682
1026 3683
1026 3684
1026 3685
1026 3686
1027 3687
1028 3688
1029 3689
1030 3690
1030 3691
1031 3691
1032 3692
1032 3693
1033 3693
1034 3694
1034 3695
1035 3695
1036 3696
1036 3697
1037 3697
1038 3698
1039 3699
1040 3699
1041 3700
1042 3700
1043 3701
1044 3701
1045 3702
1046 3703
1046 3704
1047 3705
1048 3706
1049 3707
1050 3708
1050 3709
1051 3709
1052 3710
1052 3711
1053 3711
1054 3712
1054 3713
1055 3713
1056 3714
1057 3715
1058 3715
1059 3716
1060 3716
1061 3716
1062 3716
1063 3717
1064 3717
1065 3718
1066 3718
1067 3719
1068 3720
1069 3721
1070 3721
1071 3721
1072 3721
1073 3722
1074 3722
1075 3722
1076 3722
1077 3722
1078 3722
1079 3722
1080 3722
1081 3722
1082 3722
1083 3722
1084 3722
1085 3722
1086 3722
1087 3722
1088 3722
1089 3722
1090 3722
1091 3722
1092 3722
1093 3722
1094 3722
1095 3722
1096 3722
1097 3723
1098 3723
1099 3723
1100 3724
1101 3725
1102 3725
1103 3725
1104 3725
1105 3726
1106 3726
1107 3726
1108 3726
1109 3726
1110 3726
1111 3726
1112 3726
1113 3726
1114 3726
1115 3727
1116 3727
1117 3727
1118 3727
1119 3728
1120 3728
1121 3728
1122 3728
1123 3728
1124 3728
1125 3728
1126 3728
1127 3729
1128 3729
1129 3729
1130 3729
1131 3730
1132 3730
1133 3730
1134 3730
1135 3730
1136 3730
1137 3730
1138 3730
1139 3730
1140 3730
1141 3730
1142 3730
1143 3731
1144 3731
1145 3731
1146 3731
1147 3732
1148 3732
1149 3732
1150 3732
1151 3732
1152 3732
1153 3733
1154 3733
1155 3734
1156 3734
1157 3735
1158 3735
1159 3736
1160 3736
1161 3736
1162 3736
1163 3736
1164 3736
1165 3736
1166 3736
1167 3736
1168 3736
1169 3737
1170 3737
1171 3737
1172 3737
1173 3738
1174 3738
1175 3738
1176 3738
1177 3738
1178 3738
1179 3738
1180 3738
1181 3738
1182 3738
1183 3738
1184 3738
1185 3738
1186 3738
1187 3739
1188 3739
1189 3739
1190 3739
1191 3740
1192 3740
1193 3740
1194 3740
1195 3740
1196 3740
1197 3740
1198 3740
1199 3740
1200 3740
1201 3740
1202 3740
1203 3740
1204 3740
1205 3740
1206 3740
1207 3740
1208 3740
1209 3740
1210 3740
1211 3740
1212 3740
1213 3740
1214 3740
1215 3740
1216 3740
1217 3740
1218 3740
1219 3740
1220 3740
1221 3740
1222 3740
1223 3740
1224 3740
1225 3740
1226 3740
1227 3740
1228 3740
1229 3740
1230 3740
1231 3740
1232 3740
1233 3740
1234 3740
1235 3740
1236 3740
1237 3740
1238 3740
1239 3740
1240 3740
1241 3740
1242 3740
1243 3740
1244 3740
1245 3740
1246 3740
1247 3740
1248 3740
1249 3740
1250 3740
1251 3740
1252 3740
1253 3740
1254 3740
1255 3739
1256 3739
1257 3739
1258 3739
1259 3738
1260 3737
1261 3737
1262 3737
1263 3736
1264 3736
1265 3736
1266 3736
1267 3736
1268 3736
1269 3735
1270 3735
1271 3734
1272 3733
1273 3733
1273 3732
1274 3731
1275 3731
1275 3730
1276 3729
1277 3728
1277 3727
1278 3726
1278 3725
1278 3724
1278 3723
1278 3722
1278 3721
1278 3720
1278 3719
1278 3718
1278 3717
1278 3716
1278 3715
1278 3714
1278 3713
1278 3712
1278 3711
1278 3710
1278 3709
1278 3708
1278 3707
1278 3706
1278 3705
1278 3704
1278 3703
1277 3702
1277 3701
1277 3700
1277 3699
1276 3698
1276 3697
1276 3696
1276 3695
1276 3694
1276 3693
1276 3692
1276 3691
1276 3690
1276 3689
1276 3688
1276 3687
1276 3686
1276 3685
1276 3684
1276 3683
1275 3682
1275 3681
1274 3680
1273 3679
1272 3678
1271 3677
1270 3676
1269 3676
1268 3675
1267 3674
1266 3674
1265 3673
1264 3672
1263 3672
1262 3671
1261 3671
1260 3670
1259 3670
1258 3670
1257 3670
1256 3669
1255 3669
1254 3669
1253 3669
1252 3669
1251 3669
1250 3669
1249 3669
1248 3670
1247 3670
1246 3670
1245 3670
1244 3671
1243 3671
1242 3671
1241 3671
1240 3671
1239 3671
1238 3671
1237 3671
1236 3671
1235 3671
1234 3671
1233 3671
1232 3671
1231 3671
1230 3671
1229 3671
1228 3671
1227 3671
1226 3671
1225 3671
1224 3671
1223 3671
1222 3671
1221 3671
1220 3670
1219 3670
1218 3669
1217 3669
1216 3668
1215 3668
1214 3667
1213 3667
1212 3666
1211 3666
1210 3665
1209 3664
1208 3664
1207 3663
1206 3662
1205 3662
1204 3661
1203 3661
1202 3661
1201 3661
1200 3661
1199 3661
1198 3661
1197 3661
1196 3661
1195 3661
1194 3660
1193 3660
1192 3660
1191 3660
1190 3659
1189 3659
1188 3659
1187 3659
1186 3660
1185 3660
1184 3660
1183 3660
1182 3661
1181 3661
1180 3661
1179 3661
1178 3662
1177 3662
1176 3662
1175 3662
1174 3663
1173 3663
1172 3663
1171 3663
1170 3663
1169 3663
1168 3663
1167 3663
1166 3663
1165 3663
1164 3662
1163 3662
1162 3661
1161 3661
1160 3660
1159 3660
1158 3659
1157 3659
1156 3659
1155 3659
1154 3659
1153 3659
1152 3659
1151 3659
1150 3659
1149 3659
1148 3659
1147 3659
1146 3659
1145 3659
1144 3659
1143 3659
1142 3659
1141 3659
1140 3659
1139 3659
1138 3659
1137 3659
1136 3659
1135 3659
1134 3659
1133 3659
1132 3659
1131 3659
1130 3658
1129 3658
1128 3658
1127 3658
1126 3657
1125 3657
1124 3657
1123 3657
1122 3657
1121 3657
1120 3657
1119 3657
1118 3657
1117 3657
1116 3657
1115 3657
1114 3657
1113 3657
1112 3657
1111 3657
1110 3657
1109 3657
