1265 1283
1264 1284
1263 1284
1262 1284
1261 1284
1260 1285
1259 1285
1258 1285
1257 1285
1256 1285
1255 1285
1254 1285
1253 1285
1252 1285
1251 1285
1250 1285
1249 1285
1248 1285
1247 1285
1246 1285
1245 1285
1244 1285
1243 1285
1242 1285
1241 1285
1240 1285
1239 1285
1238 1285
1237 1285
1236 1285
1235 1285
1234 1285
1233 1285
1232 1285
1231 1285
1230 1285
1229 1285
1228 1285
1227 1285
1226 1285
1225 1285
1224 1285
1223 1285
1222 1285
1221 1285
1220 1285
1219 1285
1218 1285
1217 1285
1216 1285
1215 1285
1214 1285
1213 1285
1212 1286
1211 1286
1210 1286
1209 1286
1208 1287
1207 1287
1206 1287
1205 1287
1204 1287
1203 1287
1202 1287
1201 1287
1200 1287
1199 1287
1198 1287
1197 1287
1196 1287
1195 1287
1194 1287
1193 1287
1192 1287
1191 1287
1190 1288
1189 1288
1188 1288
1187 1288
1186 1289
1185 1289
1184 1289
1183 1289
1182 1289
1181 1289
1180 1289
1179 1289
1178 1289
1177 1289
1176 1289
1175 1289
1174 1289
1173 1289
1172 1289
1171 1289
1170 1289
1169 1289
1168 1289
1167 1289
1166 1289
1165 1289
1164 1289
1163 1289
1162 1289
1161 1289
1160 1289
1159 1289
1158 1289
1157 1289
1156 1289
1155 1289
1154 1289
1153 1289
1152 1289
1151 1289
1150 1289
1149 1289
1148 1289
1147 1289
1146 1289
1145 1289
1144 1289
1143 1289
1142 1289
1141 1289
1140 1289
1139 1289
1138 1289
1137 1289
1136 1289
1135 1289
1134 1289
1133 1289
1132 1289
1131 1289
1130 1289
1129 1289
1128 1289
1127 1289
1126 1289
1125 1289
1124 1290
1123 1290
1122 1290
1121 1290
1120 1291
1119 1291
1118 1291
1117 1291
1116 1291
1115 1291
1114 1291
1113 1291
1112 1291
1111 1291
1110 1292
1109 1292
1108 1292
1107 1292
1106 1292
1105 1292
1104 1292
1103 1293
1102 1293
1101 1293
1100 1294
1099 1295
1098 1295
1097 1295
1096 1295
1095 1295
1094 1296
1093 1296
1092 1296
1091 1296
1090 1296
1089 1296
1088 1296
1087 1296
1086 1296
1085 1296
1084 1297
1083 1298
1083 1299
1083 1300
1083 1301
1083 1302
1083 1303
1084 1304
1085 1305
1086 1306
1087 1307
1088 1308
1089 1308
1090 1309
1091 1309
1092 1310
1093 1311
1093 1312
1094 1313
1095 1314
1096 1315
1097 1315
1098 1315
1099 1316
1099 1317
1099 1318
1100 1319
1100 1320
1101 1321
1102 1322
1103 1323
1104 1323
1105 1324
1106 1324
1107 1325
1108 1326
1109 1327
1110 1327
1111 1327
1112 1327
1113 1328
1114 1328
1115 1328
1116 1328
1117 1328
1118 1328
1119 1329
1120 1329
1121 1329
1122 1329
1123 1330
1124 1330
1125 1331
1126 1331
1127 1332
1128 1332
1129 1333
1130 1333
1131 1334
1132 1334
1133 1335
1134 1335
1135 1335
1136 1335
1137 1336
1138 1336
1139 1337
1140 1337
1141 1338
1142 1339
1143 1339
1144 1340
1144 1341
1145 1341
1146 1342
1146 1343
1147 1343
1148 1344
1149 1345
1150 1346
1151 1347
1152 1347
1153 1347
1154 1348
1155 1349
1156 1349
1157 1349
1158 1349
1159 1350
1160 1350
1161 1350
1162 1350
1163 1350
1164 1350
1165 1350
1166 1350
1167 1350
1168 1350
1169 1350
1170 1350
1171 1350
1172 1350
1173 1350
1174 1350
1175 1350
1176 1350
1177 1350
1178 1350
1179 1350
1180 1350
1181 1350
1182 1350
1183 1350
1184 1350
1185 1350
1186 1350
1187 1350
1188 1350
1189 1350
1190 1350
1191 1350
1192 1350
1193 1350
1194 1350
1195 1350
1196 1350
1197 1350
1198 1350
1199 1350
1200 1350
1201 1350
1202 1350
1203 1350
1204 1350
1205 1350
1206 1350
1207 1350
1208 1350
1209 1350
1210 1350
1211 1350
1212 1350
1213 1350
1214 1350
1215 1350
1216 1350
1217 1350
1218 1350
1219 1350
1220 1350
1221 1350
1222 1350
1223 1350
1224 1350
1225 1350
1226 1350
1227 1350
1228 1350
1229 1350
1230 1350
1231 1350
1232 1350
1233 1350
1234 1350
1235 1350
1236 1350
1237 1350
1238 1350
1239 1350
1240 1350
1241 1350
1242 1350
1243 1350
1244 1350
1245 1350
1246 1350
1247 1350
1248 1350
1249 1350
1250 1350
1251 1350
1252 1350
1253 1350
1254 1350
1255 1350
1256 1350
1257 1350
1258 1350
1259 1350
1260 1350
1261 1350
1262 1350
1263 1350
1264 1350
1265 1350
1266 1350
1267 1350
1268 1350
1269 1350
1270 1350
1271 1350
1272 1350
1273 1351
1274 1351
1275 1351
1276 1351
1277 1352
1278 1352
1279 1352
1280 1352
1281 1352
1282 1352
1283 1352
1284 1352
1285 1353
1286 1353
1287 1353
1288 1353
1289 1354
1290 1354
1291 1354
1292 1354
1293 1354
1294 1354
1295 1354
1296 1354
1297 1354
1298 1354
1299 1354
1300 1354
1301 1354
1302 1354
1303 1354
1304 1354
1305 1354
1306 1354
1307 1354
1308 1354
1309 1353
1310 1353
1311 1352
1312 1351
1313 1351
1313 1350
1314 1349
1315 1348
1316 1347
1317 1346
1317 1345
1318 1344
1318 1343
1319 1342
1319 1341
1320 1340
1320 1339
1320 1338
1320 1337
1319 1336
1319 1335
1319 1334
1319 1333
1318 1332
1318 1331
1317 1330
1317 1329
1317 1328
1317 1327
1316 1326
1316 1325
1316 1324
1316 1323
1316 1322
1316 1321
1316 1320
1316 1319
1316 1318
1316 1317
1315 1316
1315 1315
1314 1314
1313 1313
1313 1312
1312 1312
1311 1311
1311 1310
1310 1309
1309 1308
1309 1307
1308 1306
1307 1305
1307 1304
1307 1303
1306 1302
1305 1301
1305 1300
1305 1299
1304 1298
1303 1297
1302 1296
1301 1295
1300 1294
1299 1294
1298 1293
1297 1293
1296 1293
1295 1293
1294 1292
1293 1292
1292 1291
1291 1290
1290 1290
1289 1289
1288 1288
1287 1288
1286 1287
1285 1287
1284 1287
1283 1287
1282 1287
1281 1287
1280 1286
1279 1286
1278 1286
1277 1286
1276 1285
1275 1285
1274 1285
1273 1285
1272 1284
1271 1284
1270 1284
1269 1284
1268 1283
1267 1283
1266 1283
1265 1283
