1159 1574
1158 1575
1157 1575
1156 1576
1155 1576
1154 1577
1153 1578
1152 1578
1152 1579
1151 1580
1150 1580
1149 1581
1148 1582
1147 1582
1146 1583
1145 1584
1144 1585
1143 1585
1142 1586
1141 1586
1140 1587
1139 1587
1138 1588
1137 1588
1136 1588
1135 1588
1134 1589
1133 1590
1132 1590
1131 1590
1130 1591
1129 1592
1128 1592
1127 1592
1126 1593
1125 1594
1124 1594
1123 1594
1122 1595
1121 1595
1120 1595
1119 1595
1118 1595
1117 1595
1116 1595
1115 1595
1114 1596
1113 1596
1112 1597
1111 1598
1110 1599
1109 1600
1108 1601
1108 1602
1107 1603
1106 1604
1106 1605
1105 1606
1104 1606
1104 1607
1103 1608
1102 1608
1102 1609
1101 1610
1100 1611
1099 1612
1098 1613
1098 1614
1098 1615
1098 1616
1097 1617
1097 1618
1097 1619
1097 1620
1097 1621
1097 1622
1097 1623
1097 1624
1097 1625
1097 1626
1097 1627
1097 1628
1097 1629
1097 1630
1097 1631
1097 1632
1097 1633
1097 1634
1098 1635
1098 1636
1098 1637
1098 1638
1099 1639
1100 1640
1100 1641
1100 1642
1101 1643
1102 1644
1103 1645
1104 1646
1104 1647
1105 1647
1106 1648
1107 1649
1108 1649
1109 1650
1110 1650
1111 1650
1112 1650
1113 1650
1114 1650
1115 1651
1116 1651
1117 1652
1118 1653
1119 1653
1120 1654
1121 1655
1122 1656
1123 1657
1124 1657
1125 1657
1126 1658
1127 1659
1128 1659
1129 1659
1130 1659
1131 1660
1132 1660
1133 1660
1134 1660
1135 1661
1136 1661
1137 1661
1138 1661
1139 1662
1140 1662
1141 1663
1142 1663
1143 1663
1144 1663
1145 1664
1146 1664
1147 1664
1148 1664
1149 1665
1150 1665
1151 1665
1152 1665
1153 1666
1154 1666
1155 1666
1156 1666
1157 1666
1158 1666
1159 1666
1160 1666
1161 1666
1162 1666
1163 1666
1164 1666
1165 1667
1166 1667
1167 1667
1168 1668
1169 1669
1170 1669
1171 1669
1172 1670
1173 1671
1174 1671
1175 1672
1176 1673
1177 1673
1178 1674
1179 1675
1180 1675
1181 1676
1182 1676
1183 1676
1184 1676
1185 1677
1186 1677
1187 1677
1188 1677
1189 1678
1190 1678
1191 1678
1192 1678
1193 1678
1194 1678
1195 1678
1196 1678
1197 1679
1198 1679
1199 1679
1200 1679
1201 1680
1202 1680
1203 1680
1204 1680
1205 1681
1206 1681
1207 1681
1208 1681
1209 1682
1210 1682
1211 1682
1212 1682
1213 1682
1214 1682
1215 1682
1216 1682
1217 1682
1218 1682
1219 1682
1220 1682
1221 1682
1222 1682
1223 1682
1224 1682
1225 1682
1226 1682
1227 1682
1228 1682
1229 1682
1230 1682
1231 1682
1232 1682
1233 1682
1234 1682
1235 1682
1236 1682
1237 1682
1238 1682
1239 1682
1240 1682
1241 1682
1242 1682
1243 1682
1244 1682
1245 1682
1246 1682
1247 1682
1248 1682
1249 1682
1250 1682
1251 1682
1252 1682
1253 1682
1254 1682
1255 1683
1256 1683
1257 1683
1258 1683
1259 1684
1260 1684
1261 1684
1262 1684
1263 1684
1264 1684
1265 1684
1266 1684
1267 1684
1268 1684
1269 1685
1270 1685
1271 1685
1272 1685
1273 1686
1274 1686
1275 1686
1276 1686
1277 1686
1278 1686
1279 1686
1280 1686
1281 1687
1282 1687
1283 1687
1284 1687
1285 1688
1286 1688
1287 1688
1288 1688
1289 1688
1290 1688
1291 1688
1292 1688
1293 1688
1294 1688
1295 1688
1296 1688
1297 1689
1298 1689
1299 1689
1300 1689
1301 1690
1302 1690
1303 1690
1304 1690
1305 1690
1306 1690
1307 1690
1308 1690
1309 1690
1310 1690
1311 1690
1312 1690
1313 1690
1314 1690
1315 1689
1316 1689
1317 1689
1318 1689
1319 1688
1320 1688
1321 1688
1322 1688
1323 1688
1324 1688
1325 1688
1326 1688
1327 1688
1328 1688
1329 1688
1330 1688
1331 1688
1332 1688
1333 1688
1334 1688
1335 1688
1336 1688
1337 1688
1338 1688
1339 1688
1340 1688
1341 1688
1342 1688
1343 1688
1344 1688
1345 1689
1346 1689
1347 1689
1348 1689
1349 1690
1350 1690
1351 1690
1352 1690
1353 1690
1354 1690
1355 1690
1356 1690
1357 1690
1358 1690
1359 1690
1360 1690
1361 1690
1362 1690
1363 1690
1364 1690
1365 1689
1366 1689
1367 1689
1368 1689
1369 1688
1370 1688
1371 1688
1372 1688
1373 1688
1374 1688
1375 1688
1376 1688
1377 1688
1378 1688
1379 1688
1380 1688
1381 1688
1382 1688
1383 1688
1384 1688
1385 1688
1386 1688
1387 1688
1388 1688
1389 1688
1390 1688
1391 1688
1392 1688
1393 1688
1394 1688
1395 1688
1396 1688
1397 1688
1398 1688
1399 1688
1400 1688
1401 1688
1402 1688
1403 1688
1404 1688
1405 1688
1406 1688
1407 1688
1408 1688
1409 1688
1410 1688
1411 1688
1412 1688
1413 1688
1414 1688
1415 1688
1416 1688
1417 1688
1418 1688
1419 1688
1420 1688
1421 1688
1422 1688
1423 1688
1424 1688
1425 1688
1426 1688
1427 1688
1428 1688
1429 1688
1430 1688
1431 1688
1432 1688
1433 1688
1434 1688
1435 1688
1436 1688
1437 1687
1438 1687
1439 1687
1440 1687
1441 1686
1442 1686
1443 1685
1444 1685
1445 1685
1446 1685
1447 1684
1448 1684
1449 1684
1450 1684
1451 1683
1452 1683
1453 1683
1454 1683
1455 1682
1456 1681
1457 1680
1458 1680
1459 1679
1460 1679
1461 1678
1462 1677
1463 1676
1464 1675
1465 1675
1465 1674
1466 1673
1467 1672
1467 1671
1468 1670
1468 1669
1468 1668
1468 1667
1468 1666
1468 1665
1467 1664
1467 1663
1467 1662
1467 1661
1466 1660
1466 1659
1466 1658
1466 1657
1466 1656
1466 1655
1466 1654
1466 1653
1466 1652
1466 1651
1465 1650
1465 1649
1465 1648
1465 1647
1464 1646
1464 1645
1464 1644
1464 1643
1464 1642
1464 1641
1463 1640
1463 1639
1463 1638
1463 1637
1462 1636
1461 1635
1460 1634
1459 1633
1459 1632
1458 1632
1457 1631
1457 1630
1456 1630
1455 1629
1455 1628
1454 1628
1453 1627
1453 1626
1452 1626
1451 1625
1450 1624
1449 1624
1448 1623
1447 1623
1446 1623
1445 1623
1444 1623
1443 1623
1442 1622
1441 1622
1440 1621
1439 1621
1438 1620
1437 1619
1436 1618
1435 1618
1434 1618
1433 1617
1432 1616
1431 1616
1430 1616
1429 1616
1428 1615
1427 1615
1426 1615
1425 1615
1424 1615
1423 1615
1422 1615
1421 1615
1420 1615
1419 1615
1418 1615
1417 1615
1416 1615
1415 1615
1414 1615
1413 1615
1412 1615
1411 1615
1410 1615
1409 1615
1408 1615
1407 1615
1406 1615
1405 1615
1404 1615
1403 1615
1402 1615
1401 1615
1400 1615
1399 1615
1398 1615
1397 1615
1396 1615
1395 1615
1394 1614
1393 1614
1392 1614
1391 1614
1390 1613
1389 1613
1388 1613
1387 1613
1386 1613
1385 1613
1384 1613
1383 1613
1382 1613
1381 1613
1380 1613
1379 1613
1378 1613
1377 1613
1376 1613
1375 1613
1374 1613
1373 1613
1372 1613
1371 1613
1370 1613
1369 1613
1368 1613
1367 1613
1366 1613
1365 1613
1364 1613
1363 1613
1362 1613
1361 1613
1360 1613
1359 1613
1358 1613
1357 1613
1356 1613
1355 1613
1354 1613
1353 1613
1352 1613
1351 1613
1350 1613
1349 1613
1348 1613
1347 1613
1346 1613
1345 1613
1344 1613
1343 1613
1342 1613
1341 1613
1340 1613
1339 1613
1338 1613
1337 1613
1336 1613
1335 1613
1334 1613
1333 1613
1332 1613
1331 1613
1330 1612
1329 1612
1328 1612
1327 1611
1326 1610
1325 1610
1324 1610
1323 1610
1322 1609
1321 1609
1320 1609
1319 1609
1318 1608
1317 1608
1316 1607
1315 1606
1314 1605
1313 1604
1313 1603
1312 1602
1312 1601
1311 1600
1311 1599
1310 1598
1309 1597
1308 1596
1307 1596
1306 1595
1305 1595
1304 1595
1303 1595
1302 1594
1301 1594
1300 1594
1299 1593
1298 1592
1297 1592
1296 1592
1295 1592
1294 1591
1293 1591
1292 1590
1291 1590
1290 1589
1289 1588
1288 1588
1287 1587
1287 1586
1286 1586
1285 1585
1285 1584
1284 1584
1283 1583
1283 1582
1282 1582
1281 1581
1280 1580
1279 1579
1278 1578
1277 1578
1276 1578
1275 1578
1274 1577
1273 1577
1272 1577
1271 1577
1270 1577
1269 1577
1268 1577
1267 1577
1266 1577
1265 1577
1264 1577
1263 1577
1262 1577
1261 1577
1260 1577
1259 1577
1258 1577
1257 1577
1256 1577
1255 1577
1254 1577
1253 1577
1252 1577
1251 1577
1250 1577
1249 1577
1248 1577
1247 1577
1246 1577
1245 1577
1244 1577
1243 1577
1242 1577
1241 1577
1240 1577
1239 1577
1238 1577
1237 1577
1236 1578
1235 1578
1234 1578
1233 1578
1232 1579
1231 1579
1230 1579
1229 1579
1228 1580
1227 1580
1226 1581
1225 1581
1224 1582
1223 1582
1222 1583
1221 1583
1220 1583
1219 1583
1218 1583
1217 1583
1216 1582
1216 1581
1216 1580
1216 1579
1215 1578
1215 1577
1214 1576
1213 1576
1212 1575
1211 1575
1210 1575
1209 1575
1208 1575
1207 1575
1206 1575
1205 1575
1204 1575
1203 1575
1202 1575
1201 1575
1200 1575
1199 1575
1198 1575
1197 1575
1196 1575
1195 1575
1194 1575
1193 1575
1192 1575
1191 1575
1190 1575
1189 1575
1188 1576
1187 1576
1186 1576
1185 1576
1184 1577
1183 1577
1182 1577
1181 1577
1180 1577
1179 1577
1178 1577
1177 1577
1176 1577
1175 1577
1174 1577
1173 1577
1172 1576
1171 1576
1170 1576
1169 1575
1168 1575
1167 1574
1166 1574
1165 1574
1164 1574
1163 1574
1162 1574
1161 1574
1160 1574
1159 1574
