1273 1867
1272 1868
1271 1868
1270 1869
1269 1869
1268 1870
1267 1870
1266 1871
1265 1871
1264 1872
1263 1872
1262 1872
1261 1872
1260 1873
1259 1873
1258 1873
1257 1873
1256 1873
1255 1873
1254 1873
1253 1873
1252 1873
1251 1873
1250 1874
1249 1874
1248 1874
1247 1874
1246 1875
1245 1876
1244 1876
1243 1876
1242 1877
1241 1877
1240 1877
1239 1877
1238 1876
1237 1876
1236 1875
1235 1875
1234 1874
1233 1874
1232 1873
1231 1873
1230 1873
1229 1873
1228 1873
1227 1873
1226 1873
1225 1873
1224 1873
1223 1873
1222 1873
1221 1873
1220 1873
1219 1873
1218 1873
1217 1873
1216 1873
1215 1873
1214 1874
1213 1874
1212 1874
1211 1874
1210 1875
1209 1875
1208 1875
1207 1875
1206 1875
1205 1875
1204 1876
1203 1876
1202 1876
1201 1876
1200 1877
1199 1877
1198 1877
1197 1877
1196 1877
1195 1877
1194 1878
1193 1878
1192 1878
1191 1878
1190 1879
1189 1879
1188 1879
1187 1879
1186 1879
1185 1879
1184 1880
1183 1880
1182 1880
1181 1880
1180 1881
1179 1881
1178 1881
1177 1881
1176 1881
1175 1881
1174 1881
1173 1881
1172 1881
1171 1881
1170 1882
1169 1882
1168 1882
1167 1882
1166 1883
1165 1883
1164 1883
1163 1883
1162 1883
1161 1883
1160 1883
1159 1883
1158 1882
1157 1882
1156 1881
1155 1880
1154 1880
1153 1879
1152 1878
1151 1877
1150 1876
1149 1876
1148 1876
1147 1876
1146 1875
1145 1875
1144 1875
1143 1875
1142 1875
1141 1875
1140 1875
1139 1875
1138 1876
1137 1876
1136 1876
1135 1876
1134 1877
1133 1878
1132 1878
1131 1878
1130 1879
1129 1879
1128 1880
1127 1880
1126 1881
1125 1881
1124 1882
1123 1882
1122 1883
1121 1883
1120 1884
1119 1884
1118 1885
1117 1886
1116 1886
1116 1887
1115 1888
1114 1888
1114 1889
1113 1890
1112 1890
1112 1891
1111 1892
1110 1892
1110 1893
1109 1894
1108 1895
1108 1896
1107 1897
1107 1898
1107 1899
1107 1900
1107 1901
1107 1902
1107 1903
1107 1904
1108 1905
1108 1906
1109 1907
1110 1908
1111 1909
1112 1909
1113 1909
1114 1909
1115 1910
1116 1910
1117 1911
1118 1911
1119 1911
1120 1911
1121 1912
1122 1912
1123 1913
1124 1913
1125 1913
1126 1914
1127 1915
1128 1915
1129 1915
1130 1916
1131 1917
1132 1917
1133 1918
1134 1918
1135 1919
1136 1920
1137 1921
1138 1921
1139 1921
1140 1922
1141 1923
1142 1923
1143 1924
1144 1925
1145 1925
1146 1926
1147 1927
1148 1928
1149 1929
1150 1929
1151 1930
1152 1931
1153 1931
1154 1932
1155 1933
1156 1933
1157 1934
1158 1934
1159 1934
1160 1934
1161 1934
1162 1934
1163 1934
1164 1934
1165 1934
1166 1934
1167 1935
1168 1935
1169 1935
1170 1935
1171 1936
1172 1936
1173 1937
1174 1937
1175 1937
1176 1937
1177 1938
1178 1938
1179 1938
1180 1938
1181 1938
1182 1938
1183 1939
1184 1939
1185 1939
1186 1939
1187 1940
1188 1940
1189 1940
1190 1940
1191 1940
1192 1940
1193 1941
1194 1941
1195 1941
1196 1941
1197 1942
1198 1942
1199 1942
1200 1942
1201 1942
1202 1942
1203 1942
1204 1942
1205 1943
1206 1943
1207 1943
1208 1943
1209 1944
1210 1944
1211 1944
1212 1944
1213 1944
1214 1944
1215 1944
1216 1944
1217 1945
1218 1945
1219 1945
1220 1945
1221 1946
1222 1946
1223 1946
1224 1946
1225 1946
1226 1946
1227 1946
1228 1946
1229 1946
1230 1946
1231 1946
1232 1946
1233 1946
1234 1946
1235 1946
1236 1946
1237 1947
1238 1947
1239 1947
1240 1947
1241 1948
1242 1948
1243 1948
1244 1948
1245 1948
1246 1948
1247 1948
1248 1948
1249 1949
1250 1949
1251 1949
1252 1949
1253 1950
1254 1950
1255 1950
1256 1950
1257 1950
1258 1950
1259 1950
1260 1950
1261 1950
1262 1950
1263 1950
1264 1950
1265 1950
1266 1950
1267 1951
1268 1951
1269 1951
1270 1951
1271 1952
1272 1952
1273 1952
1274 1952
1275 1952
1276 1952
1277 1952
1278 1952
1279 1952
1280 1952
1281 1952
1282 1952
1283 1952
1284 1952
1285 1952
1286 1952
1287 1952
1288 1952
1289 1952
1290 1952
1291 1952
1292 1952
1293 1952
1294 1952
1295 1951
1296 1951
1297 1951
1298 1951
1299 1950
1300 1950
1301 1950
1302 1950
1303 1949
1304 1949
1305 1949
1306 1949
1307 1948
1308 1948
1309 1948
1310 1948
1311 1948
1312 1948
1313 1948
1314 1948
1315 1948
1316 1948
1317 1948
1318 1948
1319 1948
1320 1948
1321 1948
1322 1948
1323 1948
1324 1948
1325 1948
1326 1948
1327 1948
1328 1948
1329 1948
1330 1948
1331 1948
1332 1948
1333 1948
1334 1948
1335 1948
1336 1948
1337 1948
1338 1948
1339 1948
1340 1948
1341 1948
1342 1948
1343 1948
1344 1948
1345 1948
1346 1948
1347 1948
1348 1948
1349 1948
1350 1948
1351 1948
1352 1948
1353 1947
1354 1947
1355 1947
1356 1947
1357 1946
1358 1946
1359 1946
1360 1946
1361 1946
1362 1946
1363 1946
1364 1946
1365 1946
1366 1946
1367 1946
1368 1946
1369 1945
1370 1945
1371 1944
1372 1943
1373 1943
1373 1942
1374 1941
1375 1940
1376 1939
1377 1938
1377 1937
1377 1936
1377 1935
1378 1934
1378 1933
1378 1932
1378 1931
1379 1930
1379 1929
1380 1928
1381 1927
1381 1926
1382 1925
1383 1925
1383 1924
1384 1923
1385 1922
1385 1921
1386 1920
1386 1919
1386 1918
1386 1917
1386 1916
1386 1915
1386 1914
1386 1913
1386 1912
1386 1911
1386 1910
1386 1909
1386 1908
1386 1907
1385 1906
1385 1905
1385 1904
1385 1903
1384 1902
1384 1901
1383 1900
1383 1899
1383 1898
1383 1897
1382 1896
1381 1895
1381 1894
1381 1893
1380 1892
1379 1891
1378 1890
1378 1889
1377 1888
1377 1887
1376 1886
1375 1885
1374 1884
1373 1883
1373 1882
1372 1882
1371 1881
1370 1880
1369 1880
1368 1879
1367 1879
1366 1878
1365 1878
1364 1877
1363 1877
1362 1876
1361 1876
1360 1875
1359 1875
1358 1875
1357 1875
1356 1875
1355 1875
1354 1875
1353 1875
1352 1874
1351 1874
1350 1874
1349 1874
1348 1873
1347 1873
1346 1872
1345 1872
1344 1871
1343 1871
1342 1870
1341 1870
1340 1869
1339 1869
1338 1869
1337 1869
1336 1869
1335 1869
1334 1869
1333 1869
1332 1869
1331 1869
1330 1869
1329 1869
1328 1869
1327 1869
1326 1869
1325 1869
1324 1868
1323 1868
1322 1868
1321 1868
1320 1867
1319 1867
1318 1867
1317 1867
1316 1867
1315 1867
1314 1867
1313 1867
1312 1867
1311 1867
1310 1867
1309 1867
1308 1867
1307 1867
1306 1867
1305 1867
1304 1867
1303 1867
1302 1867
1301 1867
1300 1867
1299 1867
1298 1867
1297 1867
1296 1867
1295 1867
1294 1867
1293 1867
1292 1867
1291 1867
1290 1867
1289 1867
1288 1867
1287 1867
1286 1867
1285 1867
1284 1867
1283 1867
1282 1867
1281 1867
1280 1867
1279 1867
1278 1867
1277 1867
1276 1867
1275 1867
1274 1867
1273 1867
