2077 891
2076 892
2075 892
2074 892
2073 892
2072 893
2071 893
2070 893
2069 893
2068 893
2067 893
2066 894
2065 894
2064 894
2063 894
2062 895
2061 895
2060 895
2059 895
2058 895
2057 895
2056 896
2055 896
2054 896
2053 896
2052 897
2051 897
2050 897
2049 897
2048 897
2047 897
2046 897
2045 897
2044 898
2043 898
2042 898
2041 898
2040 899
2039 899
2038 899
2037 899
2036 899
2035 899
2034 899
2033 899
2032 899
2031 899
2030 899
2029 899
2028 899
2027 899
2026 899
2025 899
2024 900
2023 900
2022 900
2021 900
2020 901
2019 901
2018 901
2017 901
2016 901
2015 901
2014 901
2013 901
2012 901
2011 901
2010 901
2009 901
2008 901
2007 901
2006 901
2005 901
2004 901
2003 901
2002 901
2001 901
2000 901
1999 901
1998 901
1997 901
1996 901
1995 901
1994 902
1993 902
1992 902
1991 902
1990 903
1989 903
1988 903
1987 903
1986 903
1985 903
1984 903
1983 903
1982 904
1981 904
1980 904
1979 904
1978 905
1977 905
1976 905
1975 905
1974 905
1973 905
1972 905
1971 905
1970 905
1969 905
1968 906
1967 906
1966 906
1965 906
1964 907
1963 907
1962 907
1961 907
1960 908
1959 908
1958 908
1957 908
1956 909
1955 909
1954 909
1953 909
1952 910
1951 910
1950 910
1949 910
1948 911
1947 911
1946 911
1945 911
1944 912
1943 912
1942 912
1941 912
1940 913
1939 913
1938 913
1937 913
1936 914
1935 914
1934 914
1933 914
1932 915
1931 915
1930 915
1929 915
1928 915
1927 915
1926 916
1925 916
1924 916
1923 916
1922 917
1921 917
1920 917
1919 917
1918 918
1917 918
1916 918
1915 918
1914 919
1913 919
1912 920
1911 920
1910 920
1909 920
1908 921
1907 921
1906 921
1905 921
1904 921
1903 921
1902 921
1901 921
1900 922
1899 922
1898 922
1897 922
1896 923
1895 923
1894 923
1893 923
1892 923
1891 923
1890 923
1889 923
1888 924
1887 924
1886 924
1885 924
1884 925
1883 925
1882 925
1881 925
1880 925
1879 925
1878 926
1877 926
1876 926
1875 926
1874 927
1873 927
1872 927
1871 927
1870 927
1869 927
1868 928
1867 928
1866 928
1865 928
1864 929
1863 929
1862 929
1861 929
1860 930
1859 930
1858 930
1857 930
1856 931
1855 931
1854 931
1853 931
1852 931
1851 931
1850 931
1849 931
1848 931
1847 931
1846 931
1845 931
1844 932
1843 932
1842 932
1841 932
1840 933
1839 933
1838 933
1837 933
1836 933
1835 933
1834 934
1833 934
1832 934
1831 934
1830 935
1829 935
1828 935
1827 935
1826 935
1825 935
1824 935
1823 935
1822 935
1821 935
1820 936
1819 936
1818 936
1817 936
1816 937
1815 937
1814 937
1813 937
1812 937
1811 937
1810 938
1809 938
1808 938
1807 938
1806 939
1805 939
1804 939
1803 939
1802 939
1801 939
1800 939
1799 939
1798 939
1797 939
1796 940
1795 940
1794 940
1793 940
1792 941
1791 941
1790 941
1789 941
1788 941
1787 941
1786 942
1785 942
1784 942
1783 942
1782 943
1781 943
1780 943
1779 943
1778 943
1777 943
1776 943
1775 943
1774 942
1773 942
1772 941
1771 942
1770 942
1769 943
1768 943
1767 943
1766 943
1765 943
1764 943
1763 943
1762 944
1761 944
1760 945
1759 945
1758 946
1757 946
1756 946
1755 946
1754 946
1753 946
1752 947
1751 947
1750 947
1749 948
1748 948
1747 948
1746 949
1745 949
1744 949
1743 949
1742 949
1742 950
1742 951
1743 952
1744 953
1745 954
1746 954
1747 955
1748 956
1749 957
1750 957
1751 958
1752 958
1753 958
1754 959
1755 959
1756 959
1757 959
1758 959
1759 959
1760 959
1761 959
1762 959
1763 960
1764 960
1765 961
1766 961
1767 961
1768 961
1769 962
1770 962
1771 963
1772 963
1773 963
1774 963
1775 964
1776 964
1777 965
1778 965
1779 965
1780 966
1781 967
1782 967
1783 967
1784 967
1785 968
1786 968
1787 968
1788 968
1789 968
1790 968
1791 969
1792 969
1793 969
1794 969
1795 970
1796 970
1797 971
1798 971
1799 971
1800 972
1801 973
1802 973
1803 973
1804 973
1805 974
1806 974
1807 974
1808 974
1809 975
1810 975
1811 975
1812 975
1813 976
1814 976
1815 976
1816 976
1817 976
1818 976
1819 976
1820 976
1821 976
1822 976
1823 977
1824 977
1825 977
1826 977
1827 978
1828 978
1829 978
1830 978
1831 978
1832 978
1833 979
1834 979
1835 979
1836 979
1837 980
1838 980
1839 980
1840 980
1841 980
1842 980
1843 980
1844 980
1845 980
1846 980
1847 981
1848 981
1849 981
1850 981
1851 982
1852 982
1853 983
1854 983
1855 983
1856 983
1857 984
1858 984
1859 985
1860 985
1861 985
1862 986
1863 987
1864 987
1865 987
1866 987
1867 988
1868 988
1869 988
1870 988
1871 988
1872 988
1873 988
1874 988
1875 988
1876 988
1877 988
1878 988
1879 988
1880 988
1881 988
1882 988
1883 989
1884 989
1885 989
1886 989
1887 990
1888 990
1889 990
1890 990
1891 990
1892 990
1893 991
1894 991
1895 991
1896 991
1897 992
1898 992
1899 992
1900 992
1901 993
1902 993
1903 993
1904 993
1905 994
1906 994
1907 994
1908 994
1909 994
1910 994
1911 994
1912 994
1913 995
1914 995
1915 995
1916 995
1917 996
1918 996
1919 996
1920 996
1921 996
1922 996
1923 996
1924 996
1925 996
1926 996
1927 996
1928 996
1929 996
1930 996
1931 997
1932 997
1933 997
1934 997
1935 998
1936 998
1937 998
1938 998
1939 998
1940 998
1941 999
1942 999
1943 999
1944 999
1945 1000
1946 1000
1947 1000
1948 1000
1949 1000
1950 1000
1951 1000
1952 1000
1953 1000
1954 1000
1955 1000
1956 1000
1957 1001
1958 1001
1959 1001
1960 1001
1961 1002
1962 1002
1963 1003
1964 1003
1965 1003
1966 1003
1967 1004
1968 1004
1969 1004
1970 1004
1971 1004
1972 1004
1973 1004
1974 1004
1975 1005
1976 1005
1977 1005
1978 1005
1979 1006
1980 1006
1981 1006
1982 1006
1983 1006
1984 1006
1985 1007
1986 1007
1987 1007
1988 1007
1989 1008
1990 1008
1991 1009
1992 1009
1993 1009
1994 1009
1995 1010
1996 1010
1997 1010
1998 1010
1999 1010
2000 1010
2001 1010
2002 1010
2003 1011
2004 1011
2005 1011
2006 1011
2007 1012
2008 1012
2009 1013
2010 1013
2011 1013
2012 1013
2013 1014
2014 1014
2015 1014
2016 1014
2017 1015
2018 1015
2019 1015
2020 1016
2021 1017
2022 1017
2023 1017
2024 1018
2025 1019
2026 1019
2027 1020
2028 1020
2029 1021
2030 1021
2031 1022
2032 1022
2033 1022
2034 1022
2035 1022
2036 1022
2037 1022
2038 1022
2039 1022
2040 1022
2041 1022
2042 1022
2043 1022
2044 1022
2045 1023
2046 1023
2047 1023
2048 1023
2049 1024
2050 1024
2051 1025
2052 1025
2053 1025
2054 1025
2055 1026
2056 1026
2057 1026
2058 1026
2059 1026
2060 1026
2061 1026
2062 1026
2063 1026
2064 1026
2065 1026
2066 1026
2067 1025
2068 1025
2069 1025
2070 1025
2071 1024
2072 1024
2073 1024
2074 1024
2075 1023
2076 1023
2077 1023
2078 1023
2079 1022
2080 1022
2081 1022
2082 1022
2083 1022
2084 1022
2085 1022
2086 1022
2087 1022
2088 1022
2089 1022
2090 1022
2091 1022
2092 1022
2093 1022
2094 1022
2095 1022
2096 1022
2097 1022
2098 1022
2099 1021
2100 1021
2101 1021
2102 1021
2103 1020
2104 1020
2105 1020
2106 1020
2107 1020
2108 1020
2109 1020
2110 1020
2111 1019
2112 1019
2113 1019
2114 1019
2115 1018
2116 1018
2117 1018
2118 1018
2119 1018
2120 1018
2121 1018
2122 1018
2123 1018
2124 1018
2125 1018
2126 1018
2127 1019
2128 1019
2129 1019
2130 1019
2131 1020
2132 1020
2133 1020
2134 1020
2135 1020
2136 1020
2137 1020
2138 1020
2139 1020
2140 1020
2141 1020
2142 1020
2143 1020
2144 1020
2145 1020
2146 1020
2147 1020
2148 1020
2149 1021
2150 1021
2151 1021
2152 1021
2153 1022
2154 1022
2155 1022
2156 1022
2157 1022
2158 1022
2159 1022
2160 1022
2161 1022
2162 1022
2163 1022
2164 1022
2165 1022
2166 1022
2167 1022
2168 1022
2169 1022
2170 1022
2171 1022
2172 1022
2173 1022
2174 1022
2175 1021
2176 1021
2177 1021
2178 1021
2179 1020
2180 1020
2181 1020
2182 1020
2183 1020
2184 1020
2185 1020
2186 1020
2187 1020
2188 1020
2189 1020
2190 1020
2191 1019
2192 1019
2193 1018
2193 1017
2194 1016
2194 1015
2195 1014
2195 1013
2196 1012
2196 1011
2197 1010
2198 1009
2199 1008
2199 1007
2200 1006
2200 1005
2201 1004
2202 1003
2203 1002
2203 1001
2203 1000
2204 999
2205 998
2205 997
2206 996
2207 995
2207 994
2208 993
2209 993
2209 992
2210 991
2211 991
2211 990
2212 989
2213 989
2213 988
2214 987
2215 986
2215 985
2216 984
2216 983
2216 982
2216 981
2216 980
2216 979
2216 978
2216 977
2216 976
2216 975
2216 974
2216 973
2216 972
2216 971
2217 970
2217 969
2217 968
2217 967
2218 966
2218 965
2218 964
2218 963
2218 962
2218 961
2218 960
2218 959
2218 958
2218 957
2218 956
2218 955
2218 954
2218 953
2217 952
2217 951
2216 950
2216 949
2215 948
2215 947
2214 946
2214 945
2213 944
2213 943
2213 942
2213 941
2212 940
2211 939
2210 938
2209 937
2209 936
2208 936
2207 935
2207 934
2206 934
2205 933
2205 932
2204 932
2203 931
2203 930
2202 929
2201 928
2201 927
2200 926
2199 925
2199 924
2199 923
2198 922
2197 921
2196 920
2195 919
2194 918
2193 918
2192 918
2191 917
2190 916
2189 916
2188 916
2187 916
2186 915
2185 915
2184 915
2183 915
2182 914
2181 914
2180 914
2179 914
2178 913
2177 913
2176 913
2175 913
2174 912
2173 912
2172 912
2171 912
2170 911
2169 911
2168 911
2167 911
2166 910
2165 910
2164 909
2163 908
2162 908
2161 907
2161 906
2160 906
2159 905
2159 904
2158 904
2157 903
2156 902
2155 902
2154 901
2153 901
2152 901
2151 901
2150 900
2149 900
2148 900
2147 900
2146 899
2145 899
2144 899
2143 899
2142 899
2141 899
2140 898
2139 898
2138 898
2137 898
2136 897
2135 897
2134 897
2133 897
2132 897
2131 897
2130 897
2129 897
2128 896
2127 896
2126 896
2125 896
2124 895
2123 895
2122 895
2121 895
2120 895
2119 895
2118 894
2117 894
2116 894
2115 894
2114 893
2113 893
2112 893
2111 893
2110 893
2109 893
2108 893
2107 893
2106 893
2105 893
2104 893
2103 893
2102 894
2101 894
2100 893
2099 893
2098 894
2097 893
2096 892
2095 892
2094 892
2093 892
2092 891
2091 891
2090 891
2089 891
2088 891
2087 891
2086 891
2085 891
2084 891
2083 891
2082 891
2081 891
2080 891
2079 891
2078 891
2077 891
