1255 993
1254 994
1253 994
1252 995
1251 995
1250 995
1249 995
1248 996
1247 996
1246 995
1245 995
1244 995
1243 995
1242 995
1241 995
1240 995
1239 995
1238 995
1237 995
1236 996
1235 996
1234 997
1233 997
1232 998
1231 998
1230 999
1229 999
1228 999
1227 999
1226 1000
1225 1000
1224 1000
1223 1000
1222 1001
1221 1001
1220 1001
1219 1001
1218 1001
1217 1001
1216 1000
1215 1000
1214 1000
1213 1000
1212 999
1211 999
1210 999
1209 999
1208 999
1207 999
1206 999
1205 999
1204 999
1203 999
1202 999
1201 999
1200 999
1199 999
1198 999
1197 999
1196 999
1195 999
1194 999
1193 999
1192 998
1191 998
1190 998
1189 998
1188 997
1187 997
1186 997
1185 997
1184 997
1183 997
1182 998
1181 998
1180 998
1179 998
1178 999
1177 999
1176 999
1175 999
1174 998
1173 998
1172 998
1171 998
1170 997
1169 997
1168 997
1167 997
1166 997
1165 997
1164 997
1163 997
1162 997
1161 997
1160 997
1159 997
1158 997
1157 997
1156 997
1155 997
1154 997
1153 997
1152 997
1151 997
1150 997
1149 997
1148 998
1147 998
1146 998
1145 998
1144 998
1143 999
1142 999
1141 999
1140 999
1139 999
1138 999
1137 999
1136 1000
1135 1000
1134 1001
1133 1002
1132 1002
1132 1003
1131 1004
1130 1004
1129 1005
1128 1006
1127 1007
1126 1008
1125 1009
1124 1010
1123 1011
1122 1012
1121 1012
1120 1013
1119 1014
1118 1015
1117 1015
1116 1016
1115 1016
1114 1017
1113 1018
1112 1019
1111 1020
1110 1020
1110 1021
1109 1022
1108 1023
1107 1024
1106 1025
1106 1026
1105 1027
1104 1028
1103 1028
1102 1029
1101 1029
1100 1030
1099 1030
1098 1031
1097 1032
1096 1032
1095 1033
1094 1034
1093 1034
1092 1035
1091 1036
1090 1037
1089 1038
1088 1038
1087 1039
1086 1040
1085 1040
1084 1041
1083 1041
1082 1042
1081 1042
1080 1043
1079 1043
1078 1044
1077 1044
1076 1045
1075 1046
1074 1046
1073 1046
1072 1047
1071 1047
1070 1048
1069 1048
1068 1049
1067 1050
1066 1050
1065 1050
1064 1051
1063 1052
1062 1053
1062 1054
1061 1055
1061 1056
1060 1057
1060 1058
1060 1059
1060 1060
1059 1061
1059 1062
1059 1063
1059 1064
1059 1065
1059 1066
1059 1067
1059 1068
1059 1069
1059 1070
1059 1071
1059 1072
1059 1073
1059 1074
1059 1075
1059 1076
1059 1077
1059 1078
1059 1079
1059 1080
1060 1081
1060 1082
1060 1083
1060 1084
1061 1085
1061 1086
1061 1087
1061 1088
1061 1089
1061 1090
1062 1091
1062 1092
1062 1093
1062 1094
1063 1095
1063 1096
1063 1097
1063 1098
1063 1099
1063 1100
1064 1101
1064 1102
1064 1103
1064 1104
1065 1105
1065 1106
1066 1107
1066 1108
1066 1109
1066 1110
1067 1111
1068 1112
1069 1113
1069 1114
1070 1115
1070 1116
1071 1117
1072 1118
1073 1119
1074 1119
1075 1120
1076 1120
1077 1120
1078 1120
1079 1120
1080 1120
1081 1120
1082 1120
1083 1120
1084 1120
1085 1120
1086 1120
1087 1121
1088 1121
1089 1121
1090 1121
1091 1122
1092 1122
1093 1122
1094 1122
1095 1122
1096 1122
1097 1122
1098 1122
1099 1122
1100 1122
1101 1122
1102 1122
1103 1122
1104 1122
1105 1122
1106 1122
1107 1122
1108 1122
1109 1122
1110 1122
1111 1122
1112 1122
1113 1122
1114 1122
1115 1122
1116 1122
1117 1123
1118 1123
1119 1123
1120 1123
1121 1124
1122 1124
1123 1124
1124 1124
1125 1124
1126 1124
1127 1124
1128 1124
1129 1124
1130 1124
1131 1124
1132 1124
1133 1124
1134 1124
1135 1124
1136 1124
1137 1125
1138 1125
1139 1125
1140 1125
1141 1126
1142 1126
1143 1126
1144 1126
1145 1126
1146 1126
1147 1127
1148 1127
1149 1127
1150 1127
1151 1128
1152 1128
1153 1128
1154 1128
1155 1129
1156 1129
1157 1129
1158 1129
1159 1130
1160 1130
1161 1130
1162 1130
1163 1130
1164 1130
1165 1130
1166 1130
1167 1130
1168 1130
1169 1130
1170 1130
1171 1130
1172 1130
1173 1130
1174 1130
1175 1130
1176 1130
1177 1130
1178 1130
1179 1130
1180 1130
1181 1130
1182 1130
1183 1130
1184 1130
1185 1130
1186 1130
1187 1130
1188 1130
1189 1130
1190 1130
1191 1130
1192 1130
1193 1130
1194 1130
1195 1130
1196 1130
1197 1130
1198 1130
1199 1130
1200 1130
1201 1130
1202 1130
1203 1130
1204 1130
1205 1130
1206 1130
1207 1130
1208 1130
1209 1130
1210 1130
1211 1130
1212 1130
1213 1130
1214 1130
1215 1130
1216 1130
1217 1131
1218 1131
1219 1131
1220 1131
1221 1132
1222 1132
1223 1132
1224 1132
1225 1132
1226 1132
1227 1132
1228 1132
1229 1132
1230 1132
1231 1132
1232 1132
1233 1132
1234 1132
1235 1132
1236 1132
1237 1132
1238 1132
1239 1132
1240 1132
1241 1132
1242 1132
1243 1132
1244 1132
1245 1132
1246 1132
1247 1132
1248 1132
1249 1132
1250 1132
1251 1132
1252 1132
1253 1132
1254 1132
1255 1132
1256 1132
1257 1133
1258 1133
1259 1133
1260 1133
1261 1134
1262 1134
1263 1134
1264 1134
1265 1134
1266 1134
1267 1134
1268 1134
1269 1135
1270 1135
1271 1135
1272 1135
1273 1136
1274 1136
1275 1136
1276 1136
1277 1136
1278 1136
1279 1136
1280 1136
1281 1136
1282 1136
1283 1136
1284 1136
1285 1136
1286 1136
1287 1136
1288 1136
1289 1136
1290 1136
1291 1136
1292 1136
1293 1136
1294 1136
1295 1136
1296 1136
1297 1136
1298 1136
1299 1136
1300 1136
1301 1136
1302 1136
1303 1136
1304 1136
1305 1136
1306 1136
1307 1136
1308 1136
1309 1136
1310 1136
1311 1137
1312 1137
1313 1137
1314 1137
1315 1138
1316 1138
1317 1138
1318 1138
1319 1138
1320 1138
1321 1138
1322 1138
1323 1138
1324 1138
1325 1138
1326 1138
1327 1138
1328 1138
1329 1138
1330 1138
1331 1138
1332 1138
1333 1138
1334 1138
1335 1138
1336 1138
1337 1138
1338 1138
1339 1137
1340 1137
1341 1137
1342 1137
1343 1136
1344 1136
1345 1136
1346 1136
1347 1136
1348 1136
1349 1136
1350 1136
1351 1136
1352 1136
1353 1136
1354 1136
1355 1136
1356 1136
1357 1136
1358 1136
1359 1136
1360 1136
1361 1136
1362 1136
1363 1136
1364 1136
1365 1135
1366 1135
1367 1135
1368 1135
1369 1134
1370 1134
1371 1134
1372 1134
1373 1134
1374 1134
1375 1134
1376 1134
1377 1134
1378 1134
1379 1134
1380 1134
1381 1134
1382 1134
1383 1134
1384 1134
1385 1134
1386 1134
1387 1134
1388 1134
1389 1133
1390 1133
1391 1133
1392 1133
1393 1132
1394 1132
1395 1132
1396 1132
1397 1132
1398 1132
1399 1132
1400 1132
1401 1132
1402 1132
1403 1132
1404 1132
1405 1132
1406 1132
1407 1132
1408 1132
1409 1132
1410 1132
1411 1131
1412 1131
1413 1131
1414 1131
1415 1130
1416 1130
1417 1130
1418 1130
1419 1130
1420 1130
1421 1130
1422 1130
1423 1130
1424 1130
1425 1130
1426 1130
1427 1130
1428 1130
1429 1130
1430 1130
1431 1130
1432 1130
1433 1130
1434 1130
1435 1130
1436 1130
1437 1130
1438 1130
1439 1130
1440 1130
1441 1130
1442 1130
1443 1130
1444 1130
1445 1130
1446 1130
1447 1130
1448 1130
1449 1130
1450 1130
1451 1130
1452 1130
1453 1130
1454 1130
1455 1130
1456 1130
1457 1130
1458 1130
1459 1130
1460 1130
1461 1130
1462 1130
1463 1130
1464 1130
1465 1130
1466 1130
1467 1130
1468 1130
1469 1130
1470 1130
1471 1130
1472 1130
1473 1129
1474 1129
1475 1129
1476 1129
1477 1128
1478 1127
1479 1127
1480 1127
1481 1126
1482 1125
1483 1125
1484 1125
1485 1124
1486 1123
1487 1122
1488 1121
1489 1120
1489 1119
1489 1118
1490 1117
1491 1116
1491 1115
1492 1114
1493 1113
1493 1112
1494 1111
1495 1111
1495 1110
1496 1109
1497 1108
1498 1107
1499 1106
1499 1105
1499 1104
1500 1103
1501 1102
1501 1101
1502 1100
1502 1099
1503 1098
1504 1097
1505 1096
1505 1095
1505 1094
1505 1093
1506 1092
1506 1091
1506 1090
1506 1089
1506 1088
1506 1087
1506 1086
1506 1085
1506 1084
1506 1083
1506 1082
1506 1081
1506 1080
1506 1079
1506 1078
1506 1077
1505 1076
1505 1075
1505 1074
1505 1073
1504 1072
1504 1071
1503 1070
1503 1069
1503 1068
1503 1067
1502 1066
1501 1065
1500 1064
1499 1063
1499 1062
1498 1062
1497 1061
1497 1060
1496 1059
1495 1058
1495 1057
1494 1056
1493 1055
1492 1054
1492 1053
1491 1052
1491 1051
1490 1050
1490 1049
1489 1048
1489 1047
1488 1046
1487 1045
1487 1044
1486 1044
1485 1043
1484 1042
1483 1042
1482 1041
1481 1041
1480 1041
1479 1041
1478 1040
1477 1040
1476 1040
1475 1039
1474 1038
1473 1038
1472 1038
1471 1037
1470 1036
1469 1036
1468 1036
1467 1036
1466 1035
1465 1035
1464 1035
1463 1035
1462 1035
1461 1035
1460 1035
1459 1035
1458 1035
1457 1035
1456 1035
1455 1035
1454 1036
1453 1036
1452 1036
1451 1036
1450 1037
1449 1037
1448 1037
1447 1037
1446 1037
1445 1037
1444 1037
1443 1037
1442 1037
1441 1037
1440 1037
1439 1037
1438 1037
1437 1037
1436 1037
1435 1037
1434 1037
1433 1037
1432 1037
1431 1037
1430 1037
1429 1037
1428 1036
1427 1036
1426 1036
1425 1036
1424 1035
1423 1035
1422 1035
1421 1035
1420 1035
1419 1035
1418 1034
1417 1034
1416 1034
1415 1034
1414 1033
1413 1033
1412 1033
1411 1033
1410 1033
1409 1033
1408 1032
1407 1032
1406 1032
1405 1032
1404 1031
1403 1031
1402 1030
1401 1030
1400 1030
1399 1029
1398 1028
1397 1028
1396 1028
1395 1028
1394 1027
1393 1027
1392 1027
1391 1027
1390 1026
1389 1026
1388 1026
1387 1026
1386 1025
1385 1025
1384 1024
1383 1024
1382 1024
1381 1024
1380 1023
1379 1023
1378 1023
1377 1023
1376 1023
1375 1023
1374 1022
1373 1022
1372 1022
1371 1022
1370 1021
1369 1021
1368 1021
1367 1021
1366 1021
1365 1021
1364 1021
1363 1021
1362 1021
1361 1021
1360 1020
1359 1020
1358 1020
1357 1020
1356 1019
1355 1019
1354 1018
1353 1018
1352 1018
1351 1018
1350 1017
1349 1017
1348 1016
1347 1016
1346 1016
1345 1016
1344 1015
1343 1015
1342 1015
1341 1015
1340 1015
1339 1015
1338 1015
1337 1015
1336 1015
1335 1015
1334 1015
1333 1015
1332 1015
1331 1015
1330 1015
1329 1015
1328 1015
1327 1015
1326 1015
1325 1015
1324 1015
1323 1015
1322 1015
1321 1015
1320 1014
1319 1014
1318 1014
1317 1014
1316 1013
1315 1013
1314 1012
1313 1012
1312 1011
1311 1010
1310 1010
1309 1009
1308 1008
1307 1007
1306 1006
1305 1006
1304 1006
1303 1005
1302 1004
1301 1004
1300 1004
1299 1004
1298 1003
1297 1003
1296 1002
1295 1002
1294 1002
1293 1002
1292 1001
1291 1001
1290 1001
1289 1001
1288 1001
1287 1001
1286 1001
1285 1001
1284 1000
1283 1000
1282 1000
1281 1000
1280 999
1279 999
1278 998
1277 998
1276 998
1275 997
1274 996
1273 996
1272 996
1271 996
1270 995
1269 995
1268 995
1267 995
1266 995
1265 995
1264 994
1263 994
1262 994
1261 994
1260 993
1259 993
1258 993
1257 993
1256 993
1255 993
