1251 2689
1251 2690
1251 2691
1251 2692
1251 2693
1251 2694
1250 2695
1249 2695
1248 2695
1247 2695
1246 2695
1245 2695
1244 2695
1243 2695
1242 2695
1241 2695
1240 2695
1239 2695
1238 2695
1237 2695
1236 2695
1235 2695
1234 2695
1233 2695
1232 2695
1231 2695
1230 2695
1229 2695
1228 2695
1227 2695
1226 2695
1225 2695
1224 2695
1223 2695
1222 2695
1221 2695
1220 2695
1219 2695
1218 2695
1217 2695
1216 2694
1215 2694
1214 2694
1213 2694
1212 2693
1211 2693
1210 2693
1209 2693
1208 2693
1207 2693
1206 2693
1205 2693
1204 2693
1203 2693
1202 2693
1201 2693
1200 2693
1199 2693
1198 2693
1197 2693
1196 2693
1195 2693
1194 2693
1193 2693
1192 2693
1191 2693
1190 2693
1189 2693
1188 2693
1187 2693
1186 2693
1185 2693
1184 2693
1183 2693
1182 2693
1181 2693
1180 2693
1179 2693
1178 2693
1177 2693
1176 2693
1175 2693
1174 2693
1173 2693
1172 2693
1171 2693
1170 2693
1169 2693
1168 2693
1167 2693
1166 2693
1165 2693
1164 2694
1163 2694
1162 2694
1161 2694
1160 2695
1159 2695
1158 2695
1157 2695
1156 2695
1155 2695
1154 2695
1153 2695
1152 2695
1151 2695
1150 2695
1149 2695
1148 2695
1147 2695
1146 2695
1145 2695
1144 2695
1143 2695
1142 2695
1141 2695
1140 2695
1139 2695
1138 2695
1137 2695
1136 2695
1135 2695
1134 2695
1133 2695
1132 2695
1131 2695
1130 2695
1129 2695
1128 2695
1127 2695
1126 2695
1125 2695
1124 2695
1123 2695
1122 2695
1121 2695
1120 2696
1119 2696
1118 2696
1117 2696
1116 2697
1115 2697
1114 2697
1113 2697
1112 2697
1111 2697
1110 2697
1109 2697
1108 2697
1107 2697
1106 2697
1105 2697
1104 2696
1103 2696
1102 2696
1101 2696
1100 2695
1099 2695
1098 2695
1097 2695
1096 2695
1095 2695
1094 2695
1093 2695
1092 2695
1091 2695
1090 2696
1089 2696
1088 2696
1087 2696
1086 2697
1085 2697
1084 2697
1083 2697
1082 2697
1081 2697
1080 2697
1079 2697
1078 2697
1077 2697
1076 2697
1075 2697
1074 2697
1073 2697
1072 2697
1071 2697
1070 2698
1069 2698
1068 2698
1067 2698
1066 2699
1065 2699
1064 2700
1063 2700
1062 2700
1061 2700
1060 2701
1059 2702
1058 2702
1057 2702
1056 2703
1055 2704
1054 2705
1053 2706
1052 2707
1052 2708
1051 2709
1051 2710
1051 2711
1051 2712
1051 2713
1051 2714
1051 2715
1051 2716
1051 2717
1051 2718
1051 2719
1051 2720
1051 2721
1051 2722
1051 2723
1051 2724
1051 2725
1051 2726
1051 2727
1051 2728
1051 2729
1051 2730
1051 2731
1051 2732
1051 2733
1051 2734
1050 2735
1050 2736
1050 2737
1049 2738
1048 2739
1048 2740
1047 2741
1047 2742
1046 2743
1046 2744
1045 2745
1045 2746
1044 2747
1044 2748
1043 2749
1042 2750
1042 2751
1041 2752
1040 2753
1039 2754
1038 2755
1038 2756
1038 2757
1037 2758
1036 2759
1036 2760
1036 2761
1036 2762
1035 2763
1035 2764
1035 2765
1035 2766
1035 2767
1035 2768
1035 2769
1035 2770
1035 2771
1035 2772
1035 2773
1035 2774
1036 2775
1036 2776
1036 2777
1036 2778
1037 2779
1037 2780
1037 2781
1037 2782
1037 2783
1037 2784
1037 2785
1037 2786
1037 2787
1037 2788
1037 2789
1037 2790
1037 2791
1037 2792
1037 2793
1037 2794
1038 2795
1038 2796
1038 2797
1038 2798
1039 2799
1040 2800
1041 2801
1042 2801
1043 2802
1044 2802
1045 2802
1046 2802
1047 2802
1048 2802
1049 2803
1050 2803
1051 2804
1052 2804
1053 2805
1054 2805
1055 2806
1056 2806
1057 2806
1058 2806
1059 2807
1060 2807
1061 2807
1062 2807
1063 2808
1064 2808
1065 2809
1066 2809
1067 2809
1068 2809
1069 2810
1070 2810
1071 2811
1072 2811
1073 2811
1074 2812
1075 2813
1076 2813
1077 2813
1078 2813
1079 2814
1080 2814
1081 2814
1082 2814
1083 2815
1084 2815
1085 2815
1086 2816
1087 2817
1088 2817
1089 2817
1090 2817
1091 2818
1092 2818
1093 2818
1094 2818
1095 2819
1096 2819
1097 2819
1098 2820
1099 2821
1100 2821
1101 2821
1102 2821
1103 2822
1104 2822
1105 2823
1106 2823
1107 2823
1108 2824
1109 2825
1110 2825
1111 2826
1112 2826
1113 2827
1114 2827
1115 2828
1116 2828
1117 2829
1118 2829
1119 2829
1120 2829
1121 2830
1122 2830
1123 2830
1124 2830
1125 2830
1126 2830
1127 2831
1128 2831
1129 2831
1130 2831
1131 2832
1132 2832
1133 2832
1134 2832
1135 2832
1136 2832
1137 2832
1138 2832
1139 2832
1140 2832
1141 2832
1142 2832
1143 2832
1144 2832
1145 2832
1146 2832
1147 2832
1148 2832
1149 2832
1150 2832
1151 2832
1152 2832
1153 2831
1154 2831
1155 2831
1156 2831
1157 2830
1158 2829
1159 2829
1160 2829
1161 2828
1162 2827
1163 2827
1164 2827
1165 2826
1166 2825
1167 2825
1168 2825
1169 2824
1170 2824
1171 2824
1172 2824
1173 2823
1174 2823
1175 2823
1176 2823
1177 2822
1178 2822
1179 2822
1180 2822
1181 2821
1182 2821
1183 2821
1184 2821
1185 2820
1186 2820
1187 2820
1188 2820
1189 2820
1190 2820
1191 2820
1192 2820
1193 2820
1194 2820
1195 2820
1196 2820
1197 2819
1198 2819
1199 2819
1200 2819
1201 2818
1202 2818
1203 2817
1204 2817
1205 2817
1206 2817
1207 2816
1208 2816
1209 2816
1210 2816
1211 2816
1212 2816
1213 2816
1214 2816
1215 2816
1216 2816
1217 2817
1218 2817
1219 2817
1220 2818
1221 2819
1222 2819
1223 2819
1224 2819
1225 2820
1226 2820
1227 2820
1228 2820
1229 2820
1230 2820
1231 2820
1232 2820
1233 2820
1234 2820
1235 2821
1236 2821
1237 2821
1238 2821
1239 2822
1240 2822
1241 2822
1242 2822
1243 2822
1244 2822
1245 2822
1246 2822
1247 2822
1248 2822
1249 2822
1250 2822
1251 2822
1252 2822
1253 2822
1254 2822
1255 2822
1256 2822
1257 2822
1258 2822
1259 2822
1260 2822
1261 2822
1262 2822
1263 2822
1264 2822
1265 2822
1266 2822
1267 2822
1268 2822
1269 2821
1270 2821
1271 2821
1272 2821
1273 2820
1274 2819
1275 2818
1276 2817
1277 2817
1278 2816
1279 2815
1280 2815
1281 2814
1282 2814
1283 2814
1284 2814
1285 2814
1286 2814
1287 2813
1288 2813
1289 2812
1290 2812
1291 2811
1292 2811
1293 2810
1294 2809
1295 2808
1296 2808
1297 2807
1298 2807
1299 2806
1300 2806
1301 2805
1302 2805
1303 2805
1304 2805
1305 2804
1306 2804
1307 2804
1308 2804
1309 2804
1310 2804
1311 2804
1312 2804
1313 2804
1314 2804
1315 2804
1316 2804
1317 2804
1318 2804
1319 2803
1320 2803
1321 2803
1322 2803
1323 2802
1324 2802
1325 2802
1326 2802
1327 2802
1328 2802
1329 2802
1330 2802
1331 2802
1332 2802
1333 2802
1334 2802
1335 2802
1336 2802
1337 2802
1338 2802
1339 2802
1340 2802
1341 2802
1342 2802
1343 2802
1344 2802
1345 2802
1346 2802
1347 2802
1348 2802
1349 2801
1350 2801
1351 2800
1352 2800
1353 2799
1354 2799
1355 2798
1356 2798
1357 2798
1358 2798
1359 2798
1360 2798
1361 2798
1362 2798
1363 2798
1364 2798
1365 2798
1366 2798
1367 2798
1368 2798
1369 2798
1370 2798
1371 2798
1372 2798
1373 2798
1374 2798
1375 2798
1376 2798
1377 2798
1378 2798
1379 2798
1380 2798
1381 2798
1382 2798
1383 2798
1384 2798
1385 2799
1386 2799
1387 2799
1388 2799
1389 2800
1390 2800
1391 2800
1392 2800
1393 2800
1394 2800
1395 2800
1396 2800
1397 2800
1398 2800
1399 2800
1400 2800
1401 2800
1402 2800
1403 2800
1404 2800
1405 2799
1406 2799
1407 2799
1408 2799
1409 2798
1410 2798
1411 2798
1412 2798
1413 2798
1414 2798
1415 2798
1416 2798
1417 2798
1418 2798
1419 2798
1420 2798
1421 2798
1422 2798
1423 2798
1424 2798
1425 2798
1426 2798
1427 2798
1428 2798
1429 2798
1430 2798
1431 2798
1432 2798
1433 2798
1434 2798
1435 2798
1436 2798
1437 2798
1438 2798
1439 2799
1440 2799
1441 2799
1442 2799
1443 2800
1444 2800
1445 2800
1446 2800
1447 2800
1448 2800
1449 2800
1450 2800
1451 2800
1452 2800
1453 2800
1454 2800
1455 2799
1456 2799
1457 2799
1458 2799
1459 2798
1460 2798
1461 2798
1462 2798
1463 2798
1464 2798
1465 2797
1466 2797
1467 2797
1468 2797
1469 2796
1470 2796
1471 2795
1472 2795
1473 2795
1474 2795
1475 2794
1476 2794
1477 2794
1478 2794
1479 2793
1480 2793
1481 2793
1482 2793
1483 2792
1484 2792
1485 2792
1486 2792
1487 2791
1488 2791
1489 2790
1490 2790
1491 2789
1492 2789
1493 2788
1494 2787
1495 2787
1496 2787
1497 2786
1498 2785
1499 2784
1500 2784
1501 2783
1502 2783
1503 2782
1504 2781
1505 2781
1506 2781
1507 2780
1508 2779
1509 2778
1510 2777
1511 2777
1511 2776
1512 2775
1513 2774
1514 2773
1515 2772
1515 2771
1515 2770
1516 2769
1517 2768
1517 2767
1518 2766
1518 2765
1519 2764
1520 2763
1521 2762
1521 2761
1522 2760
1522 2759
1523 2758
1523 2757
1524 2756
1524 2755
1524 2754
1524 2753
1524 2752
1524 2751
1524 2750
1524 2749
1524 2748
1524 2747
1524 2746
1524 2745
1524 2744
1524 2743
1524 2742
1524 2741
1524 2740
1524 2739
1524 2738
1524 2737
1523 2736
1523 2735
1523 2734
1523 2733
1522 2732
1522 2731
1522 2730
1522 2729
1521 2728
1521 2727
1520 2726
1519 2725
1518 2724
1517 2724
1516 2723
1515 2722
1514 2722
1513 2721
1513 2720
1512 2720
1511 2719
1510 2718
1509 2717
1508 2716
1507 2716
1506 2716
1505 2715
1504 2714
1503 2714
1502 2713
1501 2712
1500 2712
1499 2711
1499 2710
1498 2710
1497 2709
1496 2708
1495 2708
1494 2707
1493 2707
1492 2707
1491 2707
1490 2706
1489 2706
1488 2706
1487 2706
1486 2705
1485 2705
1484 2705
1483 2705
1482 2705
1481 2705
1480 2704
1479 2704
1478 2704
1477 2704
1476 2703
1475 2703
1474 2702
1473 2702
1472 2702
1471 2702
1470 2701
1469 2701
1468 2700
1467 2700
1466 2700
1465 2699
1464 2698
1463 2698
1462 2698
1461 2697
1460 2696
1459 2696
1458 2696
1457 2696
1456 2695
1455 2695
1454 2695
1453 2695
1452 2695
1451 2695
1450 2695
1449 2695
1448 2695
1447 2695
1446 2695
1445 2695
1444 2695
1443 2695
1442 2696
1441 2696
1440 2696
1439 2696
1438 2697
1437 2697
1436 2697
1435 2697
1434 2697
1433 2697
1432 2697
1431 2697
1430 2697
1429 2697
1428 2697
1427 2697
1426 2698
1425 2698
1424 2698
1423 2698
1422 2699
1421 2699
1420 2699
1419 2699
1418 2699
1417 2699
1416 2699
1415 2699
1414 2699
1413 2699
1412 2698
1411 2698
1410 2698
1409 2697
1408 2696
1407 2696
1406 2696
1405 2695
1404 2694
1403 2694
1402 2694
1401 2694
1400 2693
1399 2693
1398 2694
1397 2694
1396 2694
1395 2694
1394 2695
1393 2695
1392 2695
1391 2695
1390 2695
1389 2695
1388 2695
1387 2695
1386 2695
1385 2695
1384 2695
1383 2695
1382 2695
1381 2695
1380 2695
1379 2695
1378 2695
1377 2695
1376 2695
1375 2695
1374 2696
1373 2696
1372 2696
1371 2696
1370 2697
1369 2697
1368 2697
1367 2697
1366 2697
1365 2697
1364 2697
1363 2697
1362 2697
1361 2697
1360 2697
1359 2697
1358 2697
1357 2697
1356 2697
1355 2697
1354 2697
1353 2697
1352 2697
1351 2697
1350 2697
1349 2697
1348 2697
1347 2697
1346 2697
1345 2697
1344 2696
1343 2696
1342 2695
1341 2694
1340 2693
1339 2692
1338 2691
1337 2691
1336 2691
1335 2691
1334 2691
1333 2691
1332 2690
1331 2690
1330 2690
1329 2690
1328 2689
1327 2689
1326 2689
1325 2689
1324 2689
1323 2689
1322 2689
1321 2689
1320 2689
1319 2689
1318 2689
1317 2689
1316 2689
1315 2689
1314 2689
1313 2689
1312 2689
1311 2689
1310 2689
1309 2689
1308 2689
1307 2689
1306 2689
1305 2689
1304 2689
1303 2689
1302 2689
1301 2689
1300 2689
1299 2689
1298 2690
1297 2690
1296 2690
1295 2690
1294 2691
1293 2691
1292 2691
1291 2691
1290 2691
1289 2691
1288 2691
1287 2691
1286 2691
1285 2691
1284 2691
1283 2691
1282 2690
1281 2690
1280 2690
1279 2690
1278 2689
1277 2689
1276 2689
1275 2689
1274 2689
1273 2689
1272 2689
1271 2689
1270 2689
1269 2689
1268 2689
1267 2689
1266 2689
1265 2689
1264 2689
1263 2689
1262 2689
1261 2689
1260 2689
1259 2689
1258 2689
1257 2689
1256 2689
1255 2689
1254 2689
1253 2689
1252 2689
1251 2689
