1667 1285
1666 1286
1665 1286
1664 1287
1663 1287
1662 1288
1661 1288
1660 1289
1659 1289
1658 1289
1657 1289
1656 1289
1655 1289
1654 1289
1653 1289
1652 1289
1651 1289
1650 1289
1649 1289
1648 1289
1647 1289
1646 1290
1645 1290
1644 1290
1643 1290
1642 1291
1641 1291
1640 1292
1639 1292
1638 1293
1637 1293
1636 1294
1635 1294
1634 1295
1633 1296
1632 1296
1631 1296
1630 1297
1629 1297
1628 1298
1627 1298
1626 1299
1625 1299
1624 1300
1623 1300
1622 1301
1621 1302
1620 1303
1619 1304
1618 1305
1617 1306
1616 1307
1616 1308
1616 1309
1616 1310
1615 1311
1615 1312
1614 1313
1614 1314
1614 1315
1613 1316
1612 1317
1612 1318
1612 1319
1611 1320
1610 1321
1610 1322
1609 1323
1609 1324
1608 1325
1608 1326
1607 1327
1607 1328
1608 1329
1608 1330
1608 1331
1608 1332
1609 1333
1610 1334
1611 1335
1612 1336
1612 1337
1613 1338
1614 1339
1614 1340
1615 1341
1616 1342
1616 1343
1616 1344
1617 1345
1618 1346
1618 1347
1618 1348
1619 1349
1620 1350
1621 1351
1622 1352
1622 1353
1623 1353
1624 1354
1624 1355
1625 1356
1626 1357
1626 1358
1627 1359
1628 1360
1628 1361
1628 1362
1629 1363
1630 1364
1630 1365
1630 1366
1631 1367
1632 1368
1633 1369
1633 1370
1634 1371
1634 1372
1635 1373
1636 1374
1636 1375
1636 1376
1637 1377
1637 1378
1638 1379
1638 1380
1638 1381
1638 1382
1639 1383
1640 1384
1641 1385
1641 1386
1642 1387
1642 1388
1643 1389
1643 1390
1644 1391
1644 1392
1644 1393
1644 1394
1645 1395
1646 1396
1646 1397
1646 1398
1647 1399
1647 1400
1647 1401
1647 1402
1648 1403
1648 1404
1648 1405
1648 1406
1649 1407
1649 1408
1650 1409
1650 1410
1650 1411
1650 1412
1651 1413
1651 1414
1651 1415
1651 1416
1651 1417
1651 1418
1652 1419
1652 1420
1652 1421
1652 1422
1653 1423
1653 1424
1654 1425
1654 1426
1654 1427
1654 1428
1655 1429
1655 1430
1656 1431
1656 1432
1657 1433
1657 1434
1658 1435
1658 1436
1659 1437
1659 1438
1659 1439
1659 1440
1660 1441
1660 1442
1661 1443
1661 1444
1662 1445
1662 1446
1663 1447
1664 1448
1664 1449
1664 1450
1665 1451
1666 1452
1666 1453
1666 1454
1667 1455
1667 1456
1668 1457
1668 1458
1668 1459
1668 1460
1669 1461
1669 1462
1670 1463
1670 1464
1670 1465
1670 1466
1671 1467
1672 1468
1672 1469
1672 1470
1673 1471
1673 1472
1674 1473
1674 1474
1674 1475
1674 1476
1675 1477
1675 1478
1676 1479
1676 1480
1676 1481
1676 1482
1677 1483
1678 1484
1678 1485
1678 1486
1679 1487
1679 1488
1680 1489
1680 1490
1680 1491
1680 1492
1681 1493
1681 1494
1681 1495
1681 1496
1682 1497
1682 1498
1682 1499
1682 1500
1683 1501
1683 1502
1683 1503
1683 1504
1683 1505
1683 1506
1683 1507
1683 1508
1684 1509
1684 1510
1684 1511
1684 1512
1685 1513
1686 1514
1686 1515
1686 1516
1687 1517
1687 1518
1688 1519
1688 1520
1688 1521
1688 1522
1689 1523
1690 1524
1690 1525
1690 1526
1691 1527
1692 1528
1692 1529
1692 1530
1693 1531
1694 1532
1694 1533
1694 1534
1695 1535
1696 1536
1696 1537
1696 1538
1697 1539
1698 1540
1698 1541
1698 1542
1699 1543
1699 1544
1700 1545
1700 1546
1700 1547
1700 1548
1701 1549
1701 1550
1702 1551
1702 1552
1702 1553
1702 1554
1703 1555
1703 1556
1704 1557
1704 1558
1704 1559
1704 1560
1705 1561
1705 1562
1705 1563
1705 1564
1706 1565
1706 1566
1707 1567
1708 1568
1708 1569
1709 1569
1710 1570
1710 1571
1711 1571
1712 1572
1712 1573
1713 1573
1714 1574
1714 1575
1715 1575
1716 1576
1716 1577
1717 1578
1718 1579
1718 1580
1719 1581
1720 1582
1721 1583
1722 1584
1722 1585
1723 1586
1724 1587
1724 1588
1725 1589
1726 1590
1727 1591
1728 1592
1728 1593
1729 1594
1730 1595
1730 1596
1731 1597
1732 1598
1732 1599
1732 1600
1733 1601
1734 1602
1735 1603
1735 1604
1736 1605
1736 1606
1737 1607
1738 1608
1739 1609
1739 1610
1740 1611
1740 1612
1741 1613
1742 1614
1743 1615
1743 1616
1744 1617
1744 1618
1745 1619
1746 1620
1746 1621
1746 1622
1747 1623
1748 1624
1749 1625
1749 1626
1750 1627
1750 1628
1751 1629
1752 1630
1753 1631
1753 1632
1754 1633
1754 1634
1755 1635
1756 1636
1756 1637
1756 1638
1757 1639
1758 1640
1759 1641
1760 1642
1760 1643
1761 1644
1762 1645
1762 1646
1763 1647
1764 1648
1765 1649
1766 1650
1766 1651
1767 1651
1768 1652
1768 1653
1769 1653
1770 1654
1770 1655
1771 1655
1772 1656
1772 1657
1773 1658
1774 1659
1774 1660
1775 1661
1776 1662
1777 1663
1778 1664
1778 1665
1779 1666
1780 1667
1780 1668
1781 1669
1782 1670
1783 1671
1784 1672
1784 1673
1785 1674
1786 1675
1786 1676
1787 1677
1788 1678
1788 1679
1788 1680
1789 1681
1790 1682
1791 1683
1791 1684
1792 1685
1792 1686
1793 1687
1794 1688
1795 1689
1796 1690
1796 1691
1797 1691
1798 1692
1798 1693
1799 1693
1800 1694
1800 1695
1801 1695
1802 1696
1802 1697
1803 1697
1804 1698
1804 1699
1805 1700
1806 1701
1806 1702
1807 1703
1807 1704
1808 1705
1808 1706
1809 1707
1810 1708
1810 1709
1811 1709
1812 1710
1812 1711
1813 1711
1814 1712
1814 1713
1815 1713
1816 1714
1817 1715
1818 1716
1819 1717
1820 1717
1821 1718
1822 1718
1823 1719
1824 1720
1825 1721
1826 1721
1827 1721
1828 1722
1829 1723
1830 1723
1831 1723
1832 1723
1833 1724
1834 1724
1835 1725
1836 1725
1837 1725
1838 1725
1839 1726
1840 1726
1841 1727
1842 1727
1843 1728
1844 1728
1845 1729
1846 1729
1847 1730
1848 1730
1849 1730
1850 1730
1851 1730
1852 1730
1853 1729
1854 1729
1855 1729
1856 1729
1857 1728
1858 1728
1859 1728
1860 1728
1861 1727
1862 1727
1863 1727
1864 1727
1865 1726
1866 1726
1867 1725
1868 1725
1869 1724
1870 1724
1871 1723
1872 1723
1873 1722
1874 1721
1875 1720
1875 1719
1876 1718
1876 1717
1876 1716
1876 1715
1877 1714
1878 1714
1879 1714
1880 1714
1881 1714
1882 1714
1883 1714
1884 1714
1885 1714
1886 1714
1887 1714
1888 1714
1889 1714
1890 1714
1891 1714
1892 1714
1893 1714
1894 1714
1895 1714
1896 1714
1897 1715
1898 1715
1899 1715
1900 1715
1901 1716
1902 1716
1903 1716
1904 1716
1905 1716
1906 1716
1907 1716
1908 1716
1909 1716
1910 1716
1911 1716
1912 1716
1913 1716
1914 1716
1915 1716
1916 1716
1917 1716
1918 1716
1919 1716
1920 1716
1921 1716
1922 1716
1923 1716
1924 1716
1925 1716
1926 1716
1927 1716
1928 1716
1929 1716
1930 1716
1931 1716
1932 1716
1933 1716
1934 1716
1935 1716
1936 1716
1937 1717
1938 1717
1939 1717
1940 1717
1941 1718
1942 1718
1943 1718
1944 1718
1945 1718
1946 1718
1947 1718
1948 1718
1949 1718
1950 1718
1951 1718
1952 1718
1953 1718
1954 1718
1955 1718
1956 1718
1957 1718
1958 1718
1959 1718
1960 1718
1961 1718
1962 1718
1963 1718
1964 1718
1965 1718
1966 1718
1967 1718
1968 1718
1969 1718
1970 1718
1971 1718
1972 1718
1973 1718
1974 1718
1975 1718
1976 1718
1977 1718
1978 1718
1979 1718
1980 1718
1981 1718
1982 1718
1983 1718
1984 1718
1985 1718
1986 1718
1987 1718
1988 1718
1989 1718
1990 1718
1991 1718
1992 1718
1993 1718
1994 1718
1995 1718
1996 1718
1997 1718
1998 1718
1999 1718
2000 1718
2001 1718
2002 1718
2003 1718
2004 1718
2005 1718
2006 1718
2007 1718
2008 1718
2009 1718
2010 1718
2011 1718
2012 1718
2013 1718
2014 1718
2015 1718
2016 1718
2017 1718
2018 1718
2019 1718
2020 1718
2021 1718
2022 1718
2023 1718
2024 1718
2025 1718
2026 1718
2027 1718
2028 1718
2029 1718
2030 1718
2031 1718
2032 1718
2033 1718
2034 1718
2035 1718
2036 1718
2037 1718
2038 1718
2039 1718
2040 1718
2041 1718
2042 1718
2043 1718
2044 1718
2045 1718
2046 1718
2047 1718
2048 1718
2049 1718
2050 1718
2051 1718
2052 1718
2053 1718
2054 1718
2055 1718
2056 1718
2057 1718
2058 1718
2059 1717
2060 1717
2061 1717
2062 1717
2063 1716
2064 1716
2065 1716
2066 1716
2067 1716
2068 1716
2069 1716
2070 1716
2071 1716
2072 1716
2073 1716
2074 1716
2075 1716
2076 1716
2077 1716
2078 1716
2079 1716
2080 1716
2081 1716
2082 1716
2083 1716
2084 1716
2085 1716
2086 1716
2087 1716
2088 1716
2089 1716
2090 1716
2091 1716
2092 1716
2093 1716
2094 1716
2095 1716
2096 1716
2097 1716
2098 1716
2099 1715
2100 1715
2101 1715
2102 1715
2103 1714
2104 1714
2105 1714
2106 1714
2107 1714
2108 1714
2109 1714
2110 1714
2111 1714
2112 1714
2113 1714
2114 1714
2115 1714
2116 1714
2117 1714
2118 1714
2119 1714
2120 1714
2121 1714
2122 1714
2123 1714
2124 1714
2125 1714
2126 1714
2127 1714
2128 1714
2129 1714
2130 1714
2131 1714
2132 1714
2133 1713
2134 1713
2135 1713
2136 1713
2137 1712
2138 1712
2139 1712
2140 1712
2141 1712
2142 1712
2143 1712
2144 1712
2145 1712
2146 1712
2147 1712
2148 1712
2149 1712
2150 1712
2151 1712
2152 1712
2153 1712
2154 1712
2155 1711
2156 1711
2157 1711
2158 1711
2159 1710
2160 1710
2161 1710
2162 1710
2163 1710
2164 1710
2165 1709
2166 1709
2167 1709
2168 1709
2169 1708
2170 1707
2171 1707
2172 1707
2173 1706
2174 1705
2175 1705
2176 1705
2177 1704
2178 1704
2179 1704
2180 1704
2181 1704
2182 1704
2183 1704
2184 1704
2185 1704
2186 1704
2187 1703
2188 1703
2189 1703
2190 1703
2191 1702
2192 1702
2193 1701
2194 1701
2195 1701
2196 1701
2197 1700
2198 1699
2199 1699
2200 1699
2201 1698
2202 1698
2203 1698
2204 1698
2205 1698
2206 1698
2207 1697
2208 1697
2209 1697
2210 1697
2211 1696
2212 1696
2213 1695
2214 1695
2215 1695
2216 1695
2217 1694
2218 1694
2219 1693
2220 1693
2221 1693
2222 1693
2223 1692
2224 1692
2225 1692
2226 1692
2227 1691
2228 1691
2229 1691
2230 1691
2231 1690
2232 1690
2233 1690
2234 1690
2235 1690
2236 1690
2237 1690
2238 1690
2239 1690
2240 1690
2241 1689
2242 1689
2243 1689
2244 1689
2245 1688
2246 1688
2247 1688
2248 1688
2249 1688
2250 1688
2251 1688
2252 1688
2253 1687
2254 1687
2255 1687
2256 1687
2257 1686
2258 1686
2259 1685
2260 1685
2261 1685
2262 1685
2263 1684
2264 1684
2265 1683
2266 1683
2267 1683
2268 1683
2269 1682
2270 1682
2271 1682
2272 1682
2273 1682
2274 1682
2275 1682
2276 1682
2277 1681
2278 1681
2279 1681
2280 1681
2281 1680
2282 1680
2283 1680
2284 1680
2285 1679
2286 1679
2287 1679
2288 1679
2289 1678
2290 1678
2291 1677
2292 1677
2293 1677
2294 1677
2295 1676
2296 1675
2297 1675
2298 1675
2299 1674
2300 1674
2301 1673
2302 1673
2303 1673
2304 1673
2305 1672
2306 1672
2307 1671
2308 1671
2309 1671
2310 1671
2311 1670
2312 1670
2313 1670
2314 1670
2315 1669
2316 1669
2317 1669
2318 1669
2319 1668
2320 1668
2321 1667
2322 1667
2323 1667
2324 1667
2325 1666
2326 1666
2327 1666
2328 1666
2329 1666
2330 1666
2331 1666
2332 1666
2333 1666
2334 1666
2335 1666
2336 1666
2337 1666
2338 1666
2339 1666
2340 1666
2341 1666
2342 1666
2343 1666
2344 1666
2345 1666
2346 1666
2347 1666
2348 1666
2349 1666
2350 1666
2351 1666
2352 1666
2353 1666
2354 1666
2355 1666
2356 1666
2357 1666
2358 1666
2359 1666
2360 1666
2361 1666
2362 1666
2363 1666
2364 1666
2365 1666
2366 1666
2367 1666
2368 1666
2369 1666
2370 1666
2371 1665
2372 1665
2373 1665
2374 1665
2375 1664
2376 1664
2377 1664
2378 1664
2379 1664
2380 1664
2381 1664
2382 1664
2383 1664
2384 1664
2385 1664
2386 1664
2387 1664
2388 1664
2389 1664
2390 1664
2391 1663
2392 1663
2393 1663
2394 1663
2395 1662
2396 1662
2397 1662
2398 1662
2399 1662
2400 1662
2401 1662
2402 1662
2403 1662
2404 1662
2405 1662
2406 1662
2407 1662
2408 1662
2409 1662
2410 1662
2411 1662
2412 1662
2413 1662
2414 1662
2415 1662
2416 1662
2417 1662
2418 1662
2419 1662
2420 1662
2421 1662
2422 1662
2423 1662
2424 1662
2425 1662
2426 1662
2427 1662
2428 1662
2429 1662
2430 1662
2431 1662
2432 1662
2433 1662
2434 1662
2435 1662
2436 1662
2437 1662
2438 1662
2439 1662
2440 1662
2441 1662
2442 1662
2443 1662
2444 1662
2445 1662
2446 1662
2447 1662
2448 1662
2449 1662
2450 1662
2451 1662
2452 1662
2453 1662
2454 1662
2455 1662
2456 1662
2457 1662
2458 1662
2459 1662
2460 1662
2461 1662
2462 1662
2463 1662
2464 1662
2465 1662
2466 1662
2467 1662
2468 1662
2469 1662
2470 1662
2471 1662
2472 1662
2473 1662
2474 1662
2475 1662
2476 1662
2477 1662
2478 1662
2479 1662
2480 1662
2481 1662
2482 1662
2483 1662
2484 1662
2485 1662
2486 1662
2487 1662
2488 1662
2489 1662
2490 1662
2491 1662
2492 1662
2493 1662
2494 1662
2495 1662
2496 1662
2497 1662
2498 1662
2499 1662
2500 1662
2501 1662
2502 1662
2503 1662
2504 1662
2505 1662
2506 1662
2507 1662
2508 1662
2509 1662
2510 1662
2511 1662
2512 1662
2513 1662
2514 1662
2515 1662
2516 1662
2517 1662
2518 1662
2519 1661
2520 1661
2521 1661
2522 1661
2523 1660
2524 1660
2525 1660
2526 1660
2527 1661
2528 1661
2529 1661
2530 1661
2531 1662
2532 1662
2533 1662
2534 1662
2535 1662
2536 1662
2537 1662
2538 1662
2539 1661
2540 1661
2541 1661
2542 1661
2543 1660
2544 1660
2545 1660
2546 1660
2547 1660
2548 1660
2549 1660
2550 1660
2551 1660
2552 1660
2553 1660
2554 1660
2555 1660
2556 1660
2557 1660
2558 1660
2559 1660
2560 1660
2561 1660
2562 1660
2563 1660
2564 1660
2565 1660
2566 1660
2567 1660
2568 1660
2569 1660
2570 1660
2571 1660
2572 1660
2573 1660
2574 1660
2575 1660
2576 1660
2577 1660
2578 1660
2579 1660
2580 1660
2581 1660
2582 1660
2583 1660
2584 1660
2585 1660
2586 1660
2587 1660
2588 1660
2589 1659
2590 1659
2591 1659
2592 1659
2593 1658
2594 1658
2595 1658
2596 1658
2597 1658
2598 1658
2599 1658
2600 1658
2601 1658
2602 1658
2603 1658
2604 1658
2605 1658
2606 1658
2607 1658
2608 1658
2609 1658
2610 1658
2611 1658
2612 1658
2613 1658
2614 1658
2615 1658
2616 1658
2617 1657
2618 1657
2619 1656
2620 1656
2621 1655
2622 1655
2623 1654
2624 1654
2625 1653
2626 1653
2627 1652
2628 1652
2629 1651
2630 1651
2631 1650
2632 1650
2633 1649
2634 1649
2635 1648
2636 1648
2637 1647
2638 1647
2639 1646
2640 1646
2641 1645
2642 1645
2643 1645
2644 1645
2645 1644
2646 1644
2647 1643
2648 1643
2649 1643
2650 1643
2651 1642
2652 1641
2653 1641
2654 1641
2655 1640
2656 1640
2657 1639
2658 1639
2659 1639
2660 1639
2661 1638
2662 1638
2663 1638
2664 1638
2665 1638
2666 1638
2667 1638
2668 1638
2669 1638
2670 1638
2671 1638
2672 1638
2673 1638
2674 1638
2675 1638
2676 1638
2677 1637
2678 1637
2679 1637
2680 1637
2681 1636
2682 1636
2683 1635
2684 1635
2685 1635
2686 1635
2687 1634
2688 1633
2689 1633
2690 1633
2691 1632
2692 1631
2693 1631
2694 1631
2695 1630
2696 1629
2697 1629
2698 1629
2699 1628
2700 1627
2701 1627
2702 1627
2703 1626
2704 1625
2705 1624
2706 1623
2707 1623
2707 1622
2708 1621
2709 1621
2709 1620
2710 1619
2711 1619
2711 1618
2712 1617
2713 1616
2713 1615
2714 1614
2714 1613
2714 1612
2714 1611
2714 1610
2714 1609
2714 1608
2714 1607
2714 1606
2714 1605
2715 1604
2715 1603
2715 1602
2715 1601
2716 1600
2716 1599
2716 1598
2716 1597
2716 1596
2716 1595
2716 1594
2716 1593
2716 1592
2716 1591
2716 1590
2716 1589
2716 1588
2716 1587
2716 1586
2716 1585
2716 1584
2716 1583
2715 1582
2715 1581
2715 1580
2715 1579
2714 1578
2714 1577
2714 1576
2714 1575
2714 1574
2714 1573
2714 1572
2714 1571
2714 1570
2714 1569
2714 1568
2714 1567
2714 1566
2714 1565
2714 1564
2714 1563
2714 1562
2714 1561
2714 1560
2714 1559
2714 1558
2714 1557
2714 1556
2714 1555
2714 1554
2714 1553
2714 1552
2714 1551
2714 1550
2714 1549
2714 1548
2714 1547
2714 1546
2714 1545
2714 1544
2714 1543
2714 1542
2714 1541
2714 1540
2714 1539
2714 1538
2714 1537
2714 1536
2714 1535
2714 1534
2714 1533
2714 1532
2714 1531
2714 1530
2714 1529
2714 1528
2714 1527
2714 1526
2714 1525
2714 1524
2714 1523
2714 1522
2714 1521
2714 1520
2714 1519
2714 1518
2714 1517
2714 1516
2714 1515
2714 1514
2714 1513
2715 1512
2715 1511
2715 1510
2715 1509
2716 1508
2716 1507
2716 1506
2716 1505
2716 1504
2716 1503
2716 1502
2716 1501
2715 1500
2715 1499
2715 1498
2715 1497
2714 1496
2714 1495
2714 1494
2714 1493
2714 1492
2714 1491
2714 1490
2714 1489
2714 1488
2714 1487
2714 1486
2714 1485
2714 1484
2714 1483
2713 1483
2712 1483
2711 1483
2710 1483
2709 1483
2708 1483
2707 1483
2706 1482
2705 1482
2704 1482
2703 1481
2702 1480
2701 1480
2700 1479
2699 1478
2698 1478
2697 1477
2697 1476
2696 1476
2695 1475
2695 1474
2694 1474
2693 1473
2693 1472
2692 1472
2691 1471
2691 1470
2690 1469
2689 1468
2689 1467
2688 1466
2688 1465
2688 1464
2688 1463
2689 1462
2689 1461
2689 1460
2689 1459
2690 1458
2690 1457
2690 1456
2690 1455
2690 1454
2690 1453
2690 1452
2690 1451
2690 1450
2690 1449
2690 1448
2690 1447
2690 1446
2690 1445
2690 1444
2690 1443
2690 1442
2690 1441
2690 1440
2690 1439
2689 1438
2689 1437
2689 1436
2689 1435
2688 1434
2687 1433
2686 1432
2685 1431
2684 1430
2683 1429
2682 1428
2681 1428
2680 1428
2679 1427
2678 1426
2677 1426
2676 1425
2675 1425
2674 1424
2673 1423
2672 1422
2671 1422
2670 1422
2669 1422
2668 1421
2667 1421
2666 1421
2665 1421
2664 1420
2663 1420
2662 1420
2661 1420
2660 1419
2659 1419
2658 1419
2657 1419
2656 1419
2655 1419
2654 1418
2653 1418
2652 1417
2651 1417
2650 1416
2649 1416
2648 1415
2647 1415
2646 1414
2645 1414
2644 1414
2643 1414
2642 1413
2641 1413
2640 1412
2639 1412
2638 1411
2637 1410
2636 1410
2635 1409
2635 1408
2634 1408
2633 1407
2633 1406
2632 1406
2631 1405
2631 1404
2630 1404
2629 1403
2629 1402
2628 1401
2627 1400
2627 1399
2626 1398
2625 1397
2624 1396
2624 1395
2623 1394
2623 1393
2622 1392
2621 1391
2621 1390
2621 1389
2620 1388
2619 1387
2618 1386
2617 1386
2616 1385
2615 1385
2614 1385
2613 1385
2612 1385
2611 1385
2610 1385
2609 1385
2608 1385
2607 1385
2606 1385
2605 1385
2604 1385
2603 1385
2602 1384
2601 1384
2600 1384
2599 1384
2598 1383
2597 1383
2596 1382
2595 1382
2594 1381
2593 1380
2592 1380
2591 1379
2591 1378
2590 1378
2589 1377
2588 1376
2587 1375
2586 1374
2585 1374
2584 1373
2583 1372
2582 1372
2581 1371
2581 1370
2580 1370
2579 1369
2579 1368
2578 1368
2577 1367
2577 1366
2576 1366
2575 1365
2574 1364
2573 1364
2572 1363
2571 1363
2570 1363
2569 1363
2568 1363
2567 1363
2566 1363
2565 1363
2564 1363
2563 1363
2562 1363
2561 1363
2560 1363
2559 1363
2558 1362
2557 1362
2556 1362
2555 1362
2554 1361
2553 1361
2552 1361
2551 1361
2550 1361
2549 1361
2548 1361
2547 1361
2546 1361
2545 1361
2544 1361
2543 1361
2542 1362
2541 1362
2540 1363
2539 1363
2538 1364
2537 1364
2536 1365
2535 1365
2534 1365
2533 1365
2532 1365
2531 1365
2530 1365
2529 1365
2528 1365
2527 1365
2526 1365
2525 1365
2524 1365
2523 1365
2522 1365
2521 1365
2520 1365
2519 1365
2518 1365
2517 1365
2516 1365
2515 1365
2514 1365
2513 1365
2512 1366
2511 1366
2510 1366
2509 1366
2508 1367
2507 1367
2506 1367
2505 1367
2504 1367
2503 1367
2502 1367
2501 1367
2500 1367
2499 1367
2498 1367
2497 1367
2496 1367
2495 1367
2494 1367
2493 1367
2492 1367
2491 1367
2490 1367
2489 1367
2488 1367
2487 1367
2486 1367
2485 1367
2484 1367
2483 1367
2482 1367
2481 1367
2480 1367
2479 1367
2478 1368
2477 1368
2476 1368
2475 1368
2474 1369
2473 1369
2472 1370
2471 1370
2470 1370
2469 1370
2468 1371
2467 1371
2466 1371
2465 1371
2464 1371
2463 1371
2462 1371
2461 1371
2460 1371
2459 1371
2458 1371
2457 1371
2456 1370
2455 1370
2454 1370
2453 1370
2452 1369
2451 1369
2450 1369
2449 1369
2448 1369
2447 1369
2446 1369
2445 1369
2444 1369
2443 1369
2442 1369
2441 1369
2440 1369
2439 1369
2438 1369
2437 1369
2436 1369
2435 1369
2434 1369
2433 1369
2432 1369
2431 1369
2430 1370
2429 1370
2428 1370
2427 1370
2426 1371
2425 1371
2424 1371
2423 1371
2422 1370
2421 1370
2420 1370
2419 1370
2418 1369
2417 1369
2416 1369
2415 1369
2414 1369
2413 1369
2412 1369
2411 1369
2410 1369
2409 1369
2408 1369
2407 1369
2406 1369
2405 1369
2404 1369
2403 1369
2402 1369
2401 1369
2400 1369
2399 1369
2398 1368
2397 1368
2396 1367
2395 1367
2394 1366
2393 1366
2392 1365
2391 1365
2390 1365
2389 1365
2388 1364
2387 1364
2386 1364
2385 1364
2384 1363
2383 1363
2382 1362
2381 1362
2380 1362
2379 1362
2378 1361
2377 1361
2376 1361
2375 1361
2374 1360
2373 1360
2372 1359
2371 1358
2370 1358
2369 1357
2368 1356
2367 1356
2366 1355
2365 1355
2364 1354
2363 1354
2362 1354
2361 1353
2360 1352
2359 1352
2358 1352
2357 1352
2356 1351
2355 1351
2354 1351
2353 1351
2352 1351
2351 1351
2350 1351
2349 1351
2348 1351
2347 1351
2346 1351
2345 1351
2344 1350
2343 1350
2342 1350
2341 1349
2340 1348
2339 1348
2338 1348
2337 1348
2336 1347
2335 1347
2334 1347
2333 1347
2332 1347
2331 1347
2330 1347
2329 1347
2328 1348
2327 1348
2326 1348
2325 1348
2324 1349
2323 1349
2322 1349
2321 1349
2320 1349
2319 1349
2318 1349
2317 1349
2316 1348
2315 1348
2314 1348
2313 1347
2312 1346
2311 1346
2310 1346
2309 1346
2308 1345
2307 1345
2306 1345
2305 1345
2304 1345
2303 1345
2302 1345
2301 1345
2300 1346
2299 1346
2298 1346
2297 1346
2296 1347
2295 1347
2294 1347
2293 1347
2292 1347
2291 1347
2290 1347
2289 1347
2288 1347
2287 1347
2286 1347
2285 1347
2284 1347
2283 1347
2282 1347
2281 1347
2280 1347
2279 1347
2278 1347
2277 1347
2276 1348
2275 1348
2274 1348
2273 1348
2272 1349
2271 1349
2270 1349
2269 1349
2268 1349
2267 1349
2266 1349
2265 1349
2264 1349
2263 1349
2262 1349
2261 1349
2260 1349
2259 1349
2258 1349
2257 1349
2256 1349
2255 1349
2254 1348
2253 1348
2252 1348
2251 1348
2250 1347
2249 1347
2248 1347
2247 1347
2246 1347
2245 1347
2244 1346
2243 1346
2242 1347
2241 1347
2240 1346
2239 1346
2238 1347
2237 1347
2236 1347
2235 1347
2234 1347
2233 1347
2232 1347
2231 1347
2230 1346
2229 1346
2228 1346
2227 1346
2226 1345
2225 1345
2224 1345
2223 1345
2222 1345
2221 1345
2220 1345
2219 1345
2218 1345
2217 1345
2216 1345
2215 1345
2214 1345
2213 1345
2212 1345
2211 1345
2210 1345
2209 1345
2208 1345
2207 1345
2206 1345
2205 1345
2204 1345
2203 1345
2202 1345
2201 1345
2200 1344
2199 1344
2198 1344
2197 1344
2196 1343
2195 1343
2194 1342
2193 1342
2192 1342
2191 1341
2190 1340
2189 1340
2188 1340
2187 1339
2186 1338
2185 1338
2184 1337
2183 1337
2182 1336
2181 1336
2180 1335
2179 1335
2178 1335
2177 1335
2176 1335
2175 1335
2174 1335
2173 1335
2172 1335
2171 1335
2170 1335
2169 1335
2168 1335
2167 1335
2166 1335
2165 1335
2164 1335
2163 1335
2162 1335
2161 1335
2160 1335
2159 1335
2158 1335
2157 1335
2156 1336
2155 1336
2154 1336
2153 1336
2152 1337
2151 1337
2150 1337
2149 1337
2148 1337
2147 1337
2146 1337
2145 1337
2144 1337
2143 1337
2142 1337
2141 1337
2140 1337
2139 1337
2138 1337
2137 1337
2136 1337
2135 1337
2134 1337
2133 1337
2132 1337
2131 1337
2130 1337
2129 1337
2128 1337
2127 1337
2126 1337
2125 1337
2124 1338
2123 1338
2122 1338
2121 1338
2120 1339
2119 1339
2118 1340
2117 1340
2116 1340
2115 1340
2114 1341
2113 1341
2112 1342
2111 1342
2110 1342
2109 1342
2108 1343
2107 1343
2106 1344
2105 1344
2104 1344
2103 1344
2102 1345
2101 1345
2100 1345
2099 1345
2098 1345
2097 1345
2096 1345
2095 1345
2094 1345
2093 1345
2092 1345
2091 1345
2090 1345
2089 1345
2088 1345
2087 1345
2086 1345
2085 1345
2084 1345
2083 1345
2082 1344
2081 1344
2080 1344
2079 1344
2078 1343
2077 1343
2076 1343
2075 1343
2074 1343
2073 1343
2072 1343
2071 1343
2070 1342
2069 1342
2068 1342
2067 1341
2066 1340
2065 1340
2064 1340
2063 1339
2062 1338
2061 1338
2060 1337
2059 1336
2058 1336
2057 1335
2057 1334
2056 1334
2055 1333
2055 1332
2054 1332
2053 1331
2052 1330
2051 1329
2050 1328
2049 1328
2048 1328
2047 1328
2046 1327
2045 1327
2044 1326
2043 1326
2042 1325
2041 1324
2040 1324
2039 1323
2039 1322
2038 1322
2037 1321
2037 1320
2036 1320
2035 1319
2035 1318
2034 1318
2033 1317
2033 1316
2032 1316
2031 1315
2031 1314
2030 1314
2029 1313
2029 1312
2028 1312
2027 1311
2026 1310
2025 1310
2024 1309
2023 1309
2022 1309
2021 1309
2020 1309
2019 1309
2018 1309
2017 1309
2016 1309
2015 1309
2014 1309
2013 1309
2012 1309
2011 1309
2010 1309
2009 1309
2008 1309
2007 1309
2006 1309
2005 1309
2004 1310
2003 1310
2002 1310
2001 1310
2000 1311
1999 1311
1998 1311
1997 1311
1996 1311
1995 1311
1994 1311
1993 1311
1992 1311
1991 1311
1990 1311
1989 1311
1988 1311
1987 1311
1986 1311
1985 1311
1984 1310
1983 1310
1982 1310
1981 1310
1980 1309
1979 1309
1978 1309
1977 1309
1976 1309
1975 1309
1974 1309
1973 1309
1972 1309
1971 1309
1970 1309
1969 1309
1968 1309
1967 1309
1966 1309
1965 1309
1964 1309
1963 1309
1962 1308
1961 1308
1960 1308
1959 1308
1958 1307
1957 1307
1956 1307
1955 1307
1954 1306
1953 1306
1952 1306
1951 1305
1950 1304
1949 1304
1948 1304
1947 1304
1946 1303
1945 1303
1944 1303
1943 1303
1942 1303
1941 1303
1940 1303
1939 1303
1938 1303
1937 1303
1936 1304
1935 1304
1934 1305
1933 1305
1932 1306
1931 1306
1930 1307
1929 1307
1928 1307
1927 1307
1926 1307
1925 1307
1924 1307
1923 1307
1922 1307
1921 1307
1920 1307
1919 1307
1918 1307
1917 1307
1916 1307
1915 1307
1914 1307
1913 1307
1912 1307
1911 1307
1910 1307
1909 1307
1908 1307
1907 1307
1906 1307
1905 1307
1904 1308
1903 1308
1902 1309
1901 1309
1900 1310
1899 1310
1898 1311
1897 1312
1896 1313
1895 1313
1894 1314
1893 1314
1892 1315
1891 1316
1890 1316
1889 1316
1888 1317
1887 1317
1886 1317
1885 1317
1884 1318
1883 1318
1882 1319
1881 1320
1880 1320
1880 1321
1879 1322
1878 1322
1877 1323
1876 1324
1875 1324
1874 1325
1873 1326
1872 1326
1871 1326
1870 1327
1869 1327
1868 1327
1867 1327
1866 1327
1865 1327
1864 1327
1863 1327
1862 1327
1861 1327
1860 1327
1859 1327
1858 1327
1857 1327
1856 1327
1855 1327
1854 1327
1853 1327
1852 1327
1851 1327
1850 1327
1849 1327
1848 1327
1847 1327
1846 1326
1845 1326
1844 1326
1843 1325
1842 1324
1841 1324
1840 1324
1839 1323
1838 1322
1837 1322
1836 1322
1835 1322
1834 1321
1833 1321
1832 1320
1831 1320
1830 1320
1829 1319
1828 1318
1827 1318
1826 1317
1825 1316
1824 1316
1823 1315
1823 1314
1822 1314
1821 1313
1821 1312
1820 1312
1819 1311
1819 1310
1818 1309
1817 1308
1817 1307
1816 1306
1815 1305
1814 1304
1813 1303
1812 1302
1811 1301
1810 1300
1809 1300
1808 1300
1807 1299
1806 1298
1805 1298
1804 1297
1803 1297
1802 1296
1801 1295
1800 1294
1799 1294
1798 1294
1797 1293
1796 1292
1795 1292
1794 1292
1793 1291
1792 1290
1791 1290
1790 1290
1789 1290
1788 1289
1787 1289
1786 1289
1785 1289
1784 1289
1783 1289
1782 1289
1781 1289
1780 1289
1779 1289
1778 1289
1777 1289
1776 1289
1775 1289
1774 1289
1773 1289
1772 1289
1771 1289
1770 1289
1769 1289
1768 1289
1767 1289
1766 1289
1765 1289
1764 1289
1763 1289
1762 1289
1761 1289
1760 1289
1759 1289
1758 1289
1757 1289
1756 1289
1755 1289
1754 1289
1753 1289
1752 1289
1751 1289
1750 1289
1749 1289
1748 1289
1747 1289
1746 1289
1745 1289
1744 1289
1743 1289
1742 1289
1741 1289
1740 1289
1739 1289
1738 1289
1737 1289
1736 1289
1735 1289
1734 1289
1733 1289
1732 1289
1731 1289
1730 1289
1729 1289
1728 1289
1727 1289
1726 1289
1725 1289
1724 1289
1723 1289
1722 1289
1721 1289
1720 1289
1719 1289
1718 1289
1717 1289
1716 1289
1715 1289
1714 1289
1713 1289
1712 1289
1711 1289
1710 1289
1709 1289
1708 1289
1707 1289
1706 1289
1705 1289
1704 1289
1703 1289
1702 1289
1701 1289
1700 1289
1699 1289
1698 1289
1697 1289
1696 1289
1695 1289
1694 1289
1693 1289
1692 1289
1691 1289
1690 1289
1689 1289
1688 1288
1687 1288
1686 1288
1685 1288
1684 1287
1683 1287
1682 1287
1681 1287
1680 1287
1679 1287
1678 1286
1677 1286
1676 1286
1675 1286
1674 1285
1673 1285
1672 1285
1671 1285
1670 1285
1669 1285
1668 1285
1667 1285
