1181 665
1180 666
1179 666
1178 666
1177 666
1176 667
1175 667
1174 668
1173 668
1172 668
1171 668
1170 668
1169 668
1168 668
1167 668
1166 667
1165 667
1164 667
1163 667
1162 668
1161 668
1160 668
1159 668
1158 669
1157 669
1156 669
1155 669
1154 669
1153 669
1152 669
1151 669
1150 670
1149 670
1148 670
1147 670
1146 671
1145 671
1144 672
1143 672
1142 672
1141 672
1140 673
1139 673
1138 674
1137 674
1136 675
1135 675
1134 676
1133 676
1132 677
1131 677
1130 678
1129 678
1128 678
1127 678
1126 679
1125 680
1124 681
1123 681
1122 682
1121 682
1120 683
1119 684
1118 685
1117 686
1116 686
1115 687
1114 688
1113 688
1112 689
1111 689
1110 690
1109 690
1108 690
1107 690
1106 691
1105 692
1104 692
1103 692
1102 693
1101 694
1100 694
1099 694
1098 695
1097 696
1096 697
1095 697
1094 698
1093 698
1092 699
1091 699
1090 700
1089 700
1088 700
1087 700
1086 701
1085 702
1084 703
1083 704
1082 705
1081 706
1080 707
1079 708
1078 708
1077 708
1076 709
1075 709
1074 709
1073 709
1072 710
1071 710
1070 711
1069 712
1068 712
1067 713
1066 714
1065 714
1064 715
1063 716
1062 717
1062 718
1062 719
1062 720
1062 721
1062 722
1063 723
1063 724
1063 725
1063 726
1063 727
1063 728
1064 729
1065 730
1065 731
1066 731
1067 731
1068 731
1069 732
1070 732
1071 732
1072 732
1073 732
1074 732
1075 732
1076 732
1077 732
1078 732
1079 732
1080 732
1081 732
1082 732
1083 732
1084 732
1085 732
1086 732
1087 732
1088 732
1089 732
1090 732
1091 732
1092 732
1093 732
1094 732
1095 732
1096 732
1097 732
1098 732
1099 732
1100 732
1101 732
1102 732
1103 732
1104 732
1105 732
1106 732
1107 732
1108 732
1109 732
1110 732
1111 732
1112 732
1113 731
1114 731
1115 731
1116 731
1117 730
1118 730
1119 730
1120 730
1121 730
1122 730
1123 730
1124 730
1125 730
1126 730
1127 730
1128 730
1129 730
1130 730
1131 730
1132 730
1133 730
1134 730
1135 730
1136 730
1137 730
1138 730
1139 730
1140 730
1141 730
1142 730
1143 730
1144 730
1145 730
1146 730
1147 730
1148 730
1149 730
1150 730
1151 731
1152 731
1153 731
1154 731
1155 732
1156 732
1157 732
1158 732
1159 732
1160 732
1161 732
1162 732
1163 732
1164 732
1165 733
1166 733
1167 733
1168 733
1169 734
1170 734
1171 734
1172 734
1173 734
1174 734
1175 734
1176 734
1177 734
1178 734
1179 734
1180 734
1181 734
1182 734
1183 734
1184 734
1185 734
1186 734
1187 734
1188 734
1189 734
1190 734
1191 734
1192 734
1193 734
1194 734
1195 734
1196 734
1197 734
1198 734
1199 734
1200 734
1201 734
1202 734
1203 734
1204 734
1205 734
1206 734
1207 734
1208 734
1209 734
1210 734
1211 734
1212 734
1213 735
1214 735
1215 735
1216 735
1217 736
1218 736
1219 736
1220 736
1221 736
1222 736
1223 737
1224 737
1225 737
1226 737
1227 738
1228 738
1229 738
1230 738
1231 738
1232 738
1233 738
1234 738
1235 738
1236 738
1237 738
1238 738
1239 738
1240 738
1241 738
1242 738
1243 738
1244 738
1245 738
1246 738
1247 738
1248 738
1249 738
1250 738
1251 738
1252 738
1253 738
1254 738
1255 738
1256 738
1257 739
1258 739
1259 739
1260 739
1261 740
1262 740
1263 740
1264 740
1265 740
1266 740
1267 740
1268 740
1269 740
1270 740
1271 739
1272 739
1273 739
1274 739
1275 738
1276 738
1277 738
1278 738
1279 738
1280 738
1281 738
1282 738
1283 738
1284 738
1285 739
1286 739
1287 739
1288 739
1289 740
1290 740
1291 740
1292 740
1293 740
1294 740
1295 741
1296 741
1297 741
1298 741
1299 742
1300 742
1301 742
1302 742
1303 743
1304 743
1305 743
1306 743
1307 744
1308 744
1309 744
1310 744
1311 744
1312 744
1313 744
1314 744
1315 744
1316 744
1317 744
1318 744
1319 744
1320 744
1321 744
1322 744
1323 744
1324 744
1325 743
1326 743
1327 743
1328 743
1329 742
1330 741
1331 740
1332 739
1333 738
1334 737
1335 736
1335 735
1336 734
1337 733
1337 732
1338 731
1339 731
1339 730
1340 729
1341 729
1341 728
1342 727
1343 726
1343 725
1344 724
1344 723
1344 722
1344 721
1344 720
1344 719
1344 718
1344 717
1344 716
1344 715
1344 714
1344 713
1343 712
1343 711
1342 710
1341 709
1341 708
1340 708
1339 707
1338 706
1337 705
1336 704
1335 704
1334 703
1333 702
1332 702
1331 701
1331 700
1330 700
1329 699
1329 698
1328 698
1327 697
1326 696
1325 695
1324 694
1323 694
1322 693
1321 693
1320 692
1319 691
1318 690
1317 690
1316 689
1315 689
1314 688
1313 687
1312 686
1311 686
1310 686
1309 686
1308 685
1307 685
1306 684
1305 684
1304 683
1303 682
1303 681
1302 680
1302 679
1301 678
1301 677
1300 676
1299 676
1298 675
1297 675
1296 675
1295 675
1294 674
1293 674
1292 674
1291 674
1290 673
1289 673
1288 673
1287 673
1286 673
1285 673
1284 673
1283 673
1282 672
1281 672
1280 672
1279 672
1278 671
1277 671
1276 671
1275 671
1274 671
1273 671
1272 670
1271 670
1270 670
1269 670
1268 669
1267 669
1266 669
1265 669
1264 669
1263 669
1262 669
1261 669
1260 669
1259 669
1258 669
1257 669
1256 669
1255 669
1254 668
1253 668
1252 668
1251 668
1250 667
1249 667
1248 667
1247 667
1246 667
1245 667
1244 667
1243 667
1242 667
1241 667
1240 667
1239 667
1238 666
1237 666
1236 666
1235 666
1234 665
1233 665
1232 665
1231 665
1230 665
1229 665
1228 665
1227 665
1226 665
1225 665
1224 665
1223 665
1222 665
1221 665
1220 665
1219 665
1218 665
1217 665
1216 665
1215 665
1214 665
1213 665
1212 665
1211 665
1210 665
1209 665
1208 665
1207 665
1206 665
1205 665
1204 665
1203 665
1202 665
1201 665
1200 665
1199 665
1198 665
1197 665
1196 665
1195 665
1194 665
1193 665
1192 665
1191 665
1190 665
1189 665
1188 665
1187 665
1186 665
1185 665
1184 665
1183 665
1182 665
1181 665
