2045 957
2044 958
2043 958
2042 959
2041 960
2040 960
2039 961
2038 962
2037 962
2036 963
2035 964
2034 964
2033 964
2032 965
2031 966
2030 967
2029 967
2028 967
2027 967
2026 968
2025 968
2024 967
2023 967
2022 967
2021 967
2020 967
2019 967
2018 967
2017 967
2016 967
2015 967
2014 967
2013 967
2012 967
2011 967
2010 966
2009 966
2008 966
2007 966
2006 965
2005 965
2004 965
2003 965
2002 965
2001 965
2000 965
1999 965
1998 965
1997 965
1996 965
1995 965
1994 964
1993 964
1992 963
1991 963
1990 962
1989 962
1988 961
1987 961
1986 961
1985 961
1984 961
1983 961
1982 961
1981 961
1980 960
1979 960
1978 960
1977 960
1976 959
1975 959
1974 959
1973 959
1972 960
1971 960
1970 960
1969 960
1968 961
1967 961
1966 961
1965 961
1964 961
1963 961
1962 961
1961 961
1960 961
1959 961
1958 962
1957 962
1956 962
1955 962
1954 963
1953 963
1952 963
1951 963
1950 963
1949 963
1948 964
1947 964
1946 964
1945 964
1944 965
1943 966
1942 966
1941 966
1940 967
1939 967
1938 967
1937 967
1936 967
1935 967
1934 967
1933 967
1932 968
1931 968
1930 969
1929 969
1928 970
1927 970
1926 971
1925 971
1924 971
1923 971
1922 971
1921 971
1920 971
1919 971
1918 971
1917 971
1916 972
1915 972
1914 972
1913 972
1912 973
1911 973
1910 974
1909 974
1908 974
1907 974
1906 975
1905 975
1904 975
1903 975
1902 976
1901 976
1900 976
1899 976
1898 977
1897 978
1896 978
1895 979
1894 980
1893 981
1892 982
1891 983
1890 984
1890 985
1889 986
1888 987
1888 988
1887 989
1887 990
1887 991
1887 992
1886 993
1885 993
1884 993
1883 993
1882 994
1881 994
1880 994
1879 994
1878 995
1877 995
1876 996
1875 996
1874 997
1873 997
1872 998
1871 998
1870 999
1869 1000
1868 1001
1867 1001
1866 1002
1865 1002
1864 1003
1863 1003
1862 1004
1861 1004
1860 1004
1859 1004
1858 1005
1857 1006
1856 1006
1855 1006
1854 1007
1853 1008
1852 1008
1851 1008
1850 1009
1849 1010
1848 1011
1847 1011
1846 1012
1845 1012
1844 1013
1843 1013
1842 1014
1841 1014
1840 1015
1839 1015
1838 1016
1837 1016
1836 1016
1835 1015
1834 1015
1833 1014
1832 1013
1831 1013
1830 1014
1829 1014
1828 1015
1827 1016
1826 1016
1826 1017
1825 1018
1824 1018
1824 1019
1823 1020
1822 1020
1821 1021
1820 1022
1819 1022
1818 1023
1817 1023
1816 1023
1815 1023
1814 1023
1813 1023
1812 1024
1811 1024
1810 1024
1809 1024
1808 1025
1807 1026
1806 1026
1805 1026
1804 1027
1803 1028
1802 1029
1801 1029
1800 1030
1799 1030
1798 1031
1797 1031
1796 1032
1795 1032
1794 1032
1793 1032
1792 1033
1791 1033
1790 1034
1789 1034
1788 1035
1787 1035
1786 1036
1785 1036
1784 1036
1783 1036
1782 1036
1781 1036
1780 1036
1779 1036
1778 1036
1777 1036
1776 1037
1775 1037
1774 1037
1773 1037
1772 1038
1771 1038
1770 1038
1769 1038
1768 1039
1767 1039
1766 1040
1765 1040
1764 1040
1763 1040
1762 1041
1761 1041
1760 1041
1759 1041
1758 1041
1757 1041
1756 1041
1755 1041
1754 1041
1753 1041
1752 1042
1751 1042
1750 1041
1749 1041
1748 1041
1747 1040
1746 1039
1745 1038
1744 1038
1743 1038
1742 1037
1741 1037
1740 1037
1739 1037
1738 1037
1737 1037
1736 1037
1735 1037
1734 1037
1733 1037
1732 1037
1731 1037
1730 1037
1729 1037
1728 1037
1727 1037
1726 1037
1725 1037
1724 1037
1723 1037
1722 1037
1721 1037
1720 1037
1719 1037
1718 1037
1717 1037
1716 1037
1715 1037
1714 1037
1713 1037
1712 1037
1711 1037
1710 1037
1709 1037
1708 1037
1707 1037
1706 1037
1705 1037
1704 1036
1703 1036
1702 1036
1701 1036
1700 1035
1699 1035
1698 1035
1697 1035
1696 1035
1695 1035
1694 1035
1693 1035
1692 1035
1691 1035
1690 1035
1689 1035
1688 1035
1687 1035
1686 1035
1685 1035
1684 1035
1683 1035
1682 1035
1681 1035
1680 1035
1679 1035
1678 1034
1677 1034
1676 1034
1675 1034
1674 1033
1673 1033
1672 1033
1671 1033
1670 1033
1669 1033
1668 1033
1667 1033
1666 1032
1665 1032
1664 1032
1663 1032
1662 1031
1661 1031
1660 1031
1659 1031
1658 1030
1657 1030
1656 1030
1655 1030
1654 1029
1653 1029
1652 1029
1651 1029
1650 1029
1649 1029
1648 1029
1647 1029
1646 1029
1645 1029
1644 1029
1643 1029
1642 1029
1641 1029
1640 1029
1639 1029
1638 1029
1637 1029
1636 1029
1635 1029
1634 1028
1633 1028
1632 1028
1631 1028
1630 1027
1629 1027
1628 1027
1627 1027
1626 1027
1625 1027
1624 1026
1623 1026
1622 1026
1621 1026
1620 1025
1619 1025
1618 1025
1617 1025
1616 1025
1615 1025
1614 1025
1613 1025
1612 1025
1611 1025
1610 1026
1609 1026
1608 1026
1607 1026
1606 1026
1605 1026
1604 1026
1603 1026
1602 1025
1601 1025
1600 1025
1599 1025
1598 1025
1597 1025
1596 1025
1595 1025
1594 1026
1593 1026
1592 1026
1591 1026
1590 1027
1589 1027
1588 1027
1587 1027
1586 1028
1585 1028
1584 1028
1583 1029
1582 1030
1581 1031
1580 1032
1579 1033
1578 1034
1577 1034
1576 1035
1575 1035
1574 1035
1573 1035
1572 1035
1571 1035
1570 1035
1569 1035
1568 1036
1567 1036
1566 1036
1565 1036
1564 1037
1563 1037
1562 1036
1561 1036
1560 1035
1559 1035
1558 1034
1557 1034
1556 1033
1555 1033
1554 1033
1553 1033
1552 1033
1551 1033
1550 1033
1549 1033
1548 1034
1547 1034
1546 1034
1545 1034
1544 1035
1543 1035
1542 1036
1541 1036
1540 1036
1539 1036
1538 1037
1537 1037
1536 1038
1535 1038
1534 1038
1533 1038
1532 1039
1531 1039
1530 1039
1529 1039
1528 1040
1527 1040
1526 1040
1525 1040
1524 1041
1523 1041
1522 1041
1521 1041
1520 1041
1519 1041
1518 1041
1517 1041
1516 1041
1515 1041
1514 1041
1513 1041
1512 1041
1511 1041
1510 1041
1509 1041
1508 1041
1507 1041
1506 1040
1505 1040
1504 1039
1503 1039
1502 1038
1501 1038
1500 1037
1499 1037
1498 1036
1497 1036
1496 1036
1495 1036
1494 1035
1493 1035
1492 1035
1491 1035
1490 1035
1489 1035
1488 1035
1487 1035
1486 1034
1485 1034
1484 1034
1483 1034
1482 1033
1481 1033
1480 1032
1479 1032
1478 1032
1477 1032
1476 1031
1475 1031
1474 1031
1473 1031
1472 1031
1471 1031
1470 1031
1469 1031
1468 1031
1467 1031
1466 1031
1465 1031
1464 1032
1463 1032
1462 1032
1461 1032
1460 1033
1459 1033
1458 1033
1457 1033
1456 1034
1455 1034
1454 1035
1453 1035
1452 1036
1451 1036
1450 1037
1449 1037
1448 1038
1447 1038
1446 1038
1445 1038
1444 1039
1443 1040
1442 1040
1441 1040
1440 1041
1439 1041
1438 1041
1437 1041
1436 1041
1435 1041
1434 1041
1433 1041
1432 1041
1431 1041
1430 1041
1429 1041
1428 1041
1427 1041
1426 1041
1425 1041
1424 1041
1423 1041
1422 1042
1421 1042
1420 1042
1419 1042
1418 1043
1417 1044
1416 1044
1415 1044
1414 1045
1413 1045
1412 1046
1411 1046
1410 1046
1409 1046
1408 1047
1407 1048
1406 1048
1405 1048
1404 1049
1403 1050
1402 1050
1401 1050
1400 1051
1399 1052
1398 1052
1397 1052
1396 1053
1395 1054
1394 1055
1393 1055
1392 1056
1391 1056
1390 1057
1389 1058
1388 1058
1387 1058
1386 1059
1385 1059
1384 1060
1383 1060
1382 1060
1381 1060
1380 1061
1379 1062
1378 1062
1377 1062
1376 1063
1375 1064
1374 1064
1373 1064
1372 1065
1371 1065
1370 1066
1369 1066
1368 1066
1367 1066
1366 1067
1365 1068
1364 1068
1363 1068
1362 1069
1361 1069
1360 1069
1359 1069
1358 1070
1357 1070
1356 1070
1355 1070
1354 1071
1353 1071
1352 1072
1351 1072
1350 1072
1349 1072
1348 1073
1347 1073
1346 1073
1345 1073
1344 1073
1343 1073
1342 1073
1341 1073
1340 1073
1339 1073
1338 1074
1337 1074
1336 1074
1335 1074
1334 1075
1333 1076
1332 1076
1331 1076
1330 1077
1329 1077
1328 1078
1327 1078
1326 1078
1325 1078
1324 1079
1323 1079
1322 1080
1321 1080
1320 1080
1319 1080
1318 1081
1317 1082
1316 1082
1315 1082
1314 1083
1313 1083
1312 1083
1311 1083
1310 1084
1309 1084
1308 1085
1307 1086
1306 1087
1306 1088
1305 1089
1305 1090
1305 1091
1305 1092
1305 1093
1305 1094
1305 1095
1305 1096
1305 1097
1305 1098
1305 1099
1305 1100
1305 1101
1305 1102
1305 1103
1305 1104
1305 1105
1305 1106
1305 1107
1305 1108
1305 1109
1305 1110
1305 1111
1305 1112
1306 1113
1306 1114
1307 1115
1307 1116
1308 1117
1308 1118
1309 1119
1310 1120
1310 1121
1310 1122
1311 1123
1312 1124
1313 1125
1313 1126
1314 1127
1314 1128
1315 1129
1316 1130
1316 1131
1316 1132
1317 1133
1318 1134
1319 1135
1320 1136
1320 1137
1321 1137
1322 1138
1322 1139
1323 1139
1324 1140
1324 1141
1325 1141
1326 1142
1326 1143
1327 1143
1328 1144
1328 1145
1329 1145
1330 1146
1330 1147
1331 1147
1332 1148
1332 1149
1333 1149
1334 1150
1335 1151
1336 1152
1337 1153
1338 1153
1339 1154
1340 1155
1341 1155
1342 1156
1342 1157
1343 1157
1344 1158
1344 1159
1345 1159
1346 1160
1346 1161
1347 1161
1348 1162
1348 1163
1349 1163
1350 1164
1350 1165
1351 1165
1352 1166
1352 1167
1353 1167
1354 1168
1354 1169
1355 1169
1356 1170
1356 1171
1357 1171
1358 1172
1358 1173
1359 1173
1360 1174
1361 1175
1362 1176
1363 1177
1364 1177
1365 1178
1366 1179
1367 1179
1368 1180
1368 1181
1369 1181
1370 1182
1370 1183
1371 1183
1372 1184
1372 1185
1373 1185
1374 1186
1374 1187
1375 1187
1376 1188
1376 1189
1377 1189
1378 1190
1379 1191
1380 1192
1381 1193
1382 1193
1383 1194
1384 1195
1385 1195
1386 1196
1387 1197
1388 1197
1389 1198
1390 1198
1391 1198
1392 1198
1393 1199
1394 1199
1395 1199
1396 1200
1397 1201
1398 1201
1399 1201
1400 1202
1401 1203
1402 1203
1403 1203
1404 1203
1405 1204
1406 1204
1407 1204
1408 1204
1409 1204
1410 1204
1411 1205
1412 1205
1413 1205
1414 1206
1415 1207
1416 1207
1417 1207
1418 1208
1419 1209
1420 1209
1421 1209
1422 1209
1423 1210
1424 1210
1425 1210
1426 1210
1427 1211
1428 1211
1429 1211
1430 1211
1431 1212
1432 1212
1433 1213
1434 1213
1435 1213
1436 1214
1437 1215
1438 1215
1439 1216
1440 1216
1441 1217
1442 1218
1443 1219
1444 1219
1445 1219
1446 1219
1447 1220
1448 1220
1449 1221
1450 1221
1451 1221
1452 1221
1453 1222
1454 1222
1455 1223
1456 1223
1457 1224
1458 1224
1459 1225
1460 1226
1461 1227
1462 1227
1463 1228
1464 1229
1465 1230
1466 1231
1466 1232
1467 1233
1468 1234
1468 1235
1468 1236
1469 1237
1469 1238
1470 1239
1470 1240
1471 1241
1471 1242
1472 1243
1472 1244
1473 1245
1473 1246
1474 1247
1474 1248
1475 1249
1476 1250
1476 1251
1477 1251
1478 1252
1478 1253
1479 1254
1480 1255
1480 1256
1481 1257
1482 1258
1483 1259
1483 1260
1484 1261
1484 1262
1485 1263
1486 1264
1486 1265
1486 1266
1487 1267
1488 1268
1489 1269
1489 1270
1490 1271
1490 1272
1491 1273
1492 1274
1493 1275
1494 1276
1494 1277
1495 1277
1496 1278
1497 1279
1498 1280
1499 1281
1500 1281
1501 1281
1502 1282
1503 1283
1504 1283
1505 1283
1506 1283
1507 1284
1508 1284
1509 1285
1510 1285
1511 1286
1512 1287
1513 1287
1514 1288
1514 1289
1515 1289
1516 1290
1516 1291
1517 1291
1518 1292
1518 1293
1519 1293
1520 1294
1521 1295
1522 1296
1523 1297
1524 1297
1525 1297
1526 1297
1527 1298
1528 1298
1529 1298
1530 1298
1531 1298
1532 1298
1533 1298
1534 1298
1535 1297
1536 1297
1537 1297
1538 1297
1539 1296
1540 1296
1541 1296
1542 1296
1543 1296
1544 1296
1545 1297
1546 1297
1547 1297
1548 1297
1549 1298
1550 1298
1551 1299
1552 1299
1553 1299
1554 1299
1555 1300
1556 1300
1557 1299
1558 1299
1559 1299
1560 1299
1561 1298
1562 1298
1563 1298
1564 1298
1565 1297
1566 1297
1567 1297
1568 1297
1569 1296
1570 1296
1571 1296
1572 1296
1573 1296
1574 1296
1575 1296
1576 1296
1577 1295
1578 1295
1579 1295
1580 1295
1581 1294
1582 1294
1583 1294
1584 1294
1585 1294
1586 1293
1587 1293
1588 1292
1589 1292
1590 1292
1591 1292
1592 1292
1593 1292
1594 1292
1595 1292
1596 1292
1597 1292
1598 1292
1599 1292
1600 1292
1601 1292
1602 1292
1603 1292
1604 1292
1605 1292
1606 1291
1607 1291
1608 1290
1609 1290
1610 1290
1611 1290
1612 1290
1613 1290
1614 1290
1615 1290
1616 1290
1617 1290
1618 1290
1619 1290
1620 1290
1621 1290
1622 1290
1623 1290
1624 1290
1625 1290
1626 1290
1627 1290
1628 1290
1629 1290
1630 1290
1631 1290
1632 1290
1633 1290
1634 1290
1635 1290
1636 1290
1637 1290
1638 1290
1639 1290
1640 1290
1641 1290
1642 1290
1643 1290
1644 1290
1645 1289
1646 1289
1647 1289
1648 1289
1649 1288
1650 1288
1651 1288
1652 1288
1653 1288
1654 1288
1655 1288
1656 1288
1657 1288
1658 1288
1659 1287
1660 1287
1661 1287
1662 1287
1663 1286
1664 1286
1665 1286
1666 1286
1667 1286
1668 1286
1669 1286
1670 1286
1671 1286
1672 1286
1673 1286
1674 1286
1675 1286
1676 1286
1677 1285
1678 1285
1679 1285
1680 1285
1681 1284
1682 1284
1683 1283
1684 1283
1685 1283
1686 1283
1687 1282
1688 1282
1689 1282
1690 1282
1691 1282
1692 1282
1693 1282
1694 1282
1695 1282
1696 1282
1697 1282
1698 1282
1699 1282
1700 1282
1701 1281
1702 1281
1703 1281
1704 1281
1705 1280
1706 1280
1707 1280
1708 1280
1709 1280
1710 1280
1711 1280
1712 1280
1713 1280
1714 1280
1715 1280
1716 1280
1717 1280
1718 1280
1719 1280
1720 1280
1721 1280
1722 1280
1723 1279
1724 1279
1725 1279
1726 1279
1727 1278
1728 1278
1729 1278
1730 1278
1731 1278
1732 1278
1733 1277
1734 1277
1735 1277
1736 1277
1737 1276
1738 1276
1739 1276
1740 1276
1741 1277
1742 1277
1743 1277
1744 1277
1745 1278
1746 1278
1747 1278
1748 1278
1749 1278
1750 1278
1751 1279
1752 1279
1753 1279
1754 1279
1755 1279
1756 1279
1757 1279
1758 1279
1759 1278
1760 1278
1761 1278
1762 1278
1763 1278
1764 1278
1765 1278
1766 1278
1767 1278
1768 1278
1769 1278
1770 1278
1771 1279
1772 1279
1773 1279
1774 1279
1775 1280
1776 1280
1777 1280
1778 1280
1779 1280
1780 1280
1781 1280
1782 1280
1783 1280
1784 1280
1785 1280
1786 1280
1787 1280
1788 1280
1789 1280
1790 1280
1791 1280
1792 1280
1793 1279
1794 1279
1795 1279
1796 1279
1797 1278
1798 1278
1799 1278
1800 1278
1801 1278
1802 1278
1803 1278
1804 1278
1805 1277
1806 1277
1807 1276
1808 1276
1809 1275
1810 1275
1811 1274
1812 1274
1813 1274
1814 1274
1815 1274
1816 1274
1817 1274
1818 1274
1819 1274
1820 1274
1821 1274
1822 1274
1823 1273
1824 1273
1825 1273
1826 1273
1827 1273
1828 1273
1829 1273
1830 1273
1831 1274
1832 1274
1833 1274
1834 1274
1835 1274
1836 1274
1837 1274
1838 1274
1839 1274
1840 1274
1841 1274
1842 1274
1843 1274
1844 1274
1845 1274
1846 1274
1847 1274
1848 1274
1849 1274
1850 1274
1851 1274
1852 1274
1853 1274
1854 1274
1855 1274
1856 1274
1857 1273
1858 1273
1859 1273
1860 1273
1861 1272
1862 1272
1863 1272
1864 1272
1865 1272
1866 1272
1867 1272
1868 1272
1869 1272
1870 1272
1871 1272
1872 1272
1873 1272
1874 1272
1875 1272
1876 1272
1877 1272
1878 1272
1879 1271
1880 1271
1881 1271
1882 1271
1883 1270
1884 1270
1885 1270
1886 1270
1887 1270
1888 1270
1889 1270
1890 1270
1891 1270
1892 1270
1893 1270
1894 1270
1895 1270
1896 1270
1897 1270
1898 1270
1899 1270
1900 1270
1901 1270
1902 1270
1903 1270
1904 1270
1905 1270
1906 1270
1907 1269
1908 1269
1909 1269
1910 1269
1911 1268
1912 1268
1913 1268
1914 1268
1915 1268
1916 1268
1917 1268
1918 1268
1919 1268
1920 1268
1921 1268
1922 1268
1923 1268
1924 1268
1925 1269
1926 1269
1927 1269
1928 1269
1929 1270
1930 1270
1931 1270
1932 1270
1933 1270
1934 1270
1935 1270
1936 1270
1937 1270
1938 1270
1939 1271
1940 1271
1941 1271
1942 1271
1943 1272
1944 1272
1945 1272
1946 1272
1947 1272
1948 1272
1949 1272
1950 1272
1951 1272
1952 1272
1953 1272
1954 1272
1955 1272
1956 1272
1957 1272
1958 1272
1959 1272
1960 1272
1961 1272
1962 1272
1963 1272
1964 1272
1965 1272
1966 1272
1967 1272
1968 1272
1969 1271
1970 1271
1971 1271
1972 1271
1973 1270
1974 1270
1975 1270
1976 1270
1977 1271
1978 1271
1979 1271
1980 1271
1981 1272
1982 1272
1983 1272
1984 1272
1985 1272
1986 1272
1987 1272
1988 1272
1989 1271
1990 1271
1991 1271
1992 1271
1993 1270
1994 1270
1995 1270
1996 1270
1997 1271
1998 1271
1999 1271
2000 1271
2001 1272
2002 1272
2003 1272
2004 1272
2005 1272
2006 1272
2007 1272
2008 1272
2009 1272
2010 1272
2011 1272
2012 1272
2013 1272
2014 1272
2015 1272
2016 1272
2017 1272
2018 1272
2019 1272
2020 1272
2021 1272
2022 1272
2023 1272
2024 1272
2025 1271
2026 1271
2027 1270
2028 1269
2029 1269
2030 1268
2031 1267
2032 1267
2033 1266
2034 1266
2035 1266
2036 1266
2037 1266
2038 1266
2039 1267
2040 1267
2041 1267
2042 1267
2043 1268
2044 1268
2045 1268
2046 1268
2047 1269
2048 1269
2049 1270
2050 1271
2051 1271
2052 1272
2053 1273
2054 1274
2055 1275
2056 1275
2057 1275
2058 1276
2059 1277
2060 1277
2061 1277
2062 1277
2063 1278
2064 1278
2065 1278
2066 1278
2067 1278
2068 1278
2069 1278
2070 1278
2071 1278
2072 1278
2073 1278
2074 1278
2075 1278
2076 1278
2077 1279
2078 1279
2079 1279
2080 1279
2081 1280
2082 1280
2083 1280
2084 1280
2085 1280
2086 1280
2087 1280
2088 1280
2089 1281
2090 1281
2091 1281
2092 1281
2093 1282
2094 1282
2095 1281
2096 1281
2097 1281
2098 1281
2099 1280
2100 1280
2101 1279
2102 1279
2103 1279
2104 1279
2105 1278
2106 1278
2107 1278
2108 1278
2109 1278
2110 1278
2111 1278
2112 1278
2113 1278
2114 1278
2115 1278
2116 1278
2117 1277
2118 1277
2119 1277
2120 1277
2121 1276
2122 1275
2123 1275
2124 1275
2125 1274
2126 1274
2127 1274
2128 1274
2129 1275
2130 1275
2131 1275
2132 1275
2133 1276
2134 1276
2135 1276
2136 1276
2137 1276
2138 1276
2139 1275
2140 1275
2141 1275
2142 1275
2143 1274
2144 1274
2145 1274
2146 1274
2147 1274
2148 1274
2149 1274
2150 1274
2151 1274
2152 1274
2153 1274
2154 1274
2155 1274
2156 1274
2157 1274
2158 1274
2159 1275
2160 1275
2161 1276
2162 1276
2163 1277
2164 1277
2165 1278
2166 1278
2167 1278
2168 1278
2169 1278
2170 1278
2171 1278
2172 1278
2173 1278
2174 1278
2175 1278
2176 1278
2177 1278
2178 1278
2179 1278
2180 1278
2181 1278
2182 1278
2183 1278
2184 1278
2185 1278
2186 1278
2187 1278
2188 1278
2189 1278
2190 1278
2191 1278
2192 1278
2193 1278
2194 1278
2195 1278
2196 1278
2197 1278
2198 1278
2199 1279
2200 1279
2201 1279
2202 1279
2203 1280
2204 1280
2205 1280
2206 1280
2207 1280
2208 1280
2209 1281
2210 1281
2211 1281
2212 1281
2213 1282
2214 1282
2215 1282
2216 1282
2217 1282
2218 1282
2219 1282
2220 1282
2221 1282
2222 1282
2223 1283
2224 1283
2225 1283
2226 1283
2227 1284
2228 1284
2229 1284
2230 1284
2231 1284
2232 1284
2233 1285
2234 1285
2235 1285
2236 1285
2237 1286
2238 1286
2239 1286
2240 1286
2241 1286
2242 1286
2243 1286
2244 1286
2245 1287
2246 1287
2247 1287
2248 1287
2249 1288
2250 1288
2251 1289
2252 1289
2253 1289
2254 1289
2255 1290
2256 1290
2257 1291
2258 1291
2259 1291
2260 1291
2261 1292
2262 1292
2263 1292
2264 1292
2265 1293
2266 1293
2267 1293
2268 1293
2269 1294
2270 1294
2271 1294
2272 1294
2273 1294
2274 1294
2275 1295
2276 1295
2277 1295
2278 1295
2279 1296
2280 1296
2281 1296
2282 1296
2283 1296
2284 1296
2285 1296
2286 1296
2287 1296
2288 1296
2289 1296
2290 1296
2291 1296
2292 1296
2293 1296
2294 1296
2295 1296
2296 1296
2297 1297
2298 1297
2299 1297
2300 1297
2301 1298
2302 1298
2303 1298
2304 1298
2305 1298
2306 1298
2307 1298
2308 1298
2309 1298
2310 1298
2311 1298
2312 1298
2313 1298
2314 1298
2315 1298
2316 1298
2317 1298
2318 1298
2319 1298
2320 1298
2321 1299
2322 1299
2323 1299
2324 1299
2325 1300
2326 1300
2327 1301
2328 1301
2329 1301
2330 1301
2331 1302
2332 1302
2333 1302
2334 1302
2335 1302
2336 1302
2337 1302
2338 1302
2339 1302
2340 1302
2341 1302
2342 1302
2343 1302
2344 1302
2345 1302
2346 1302
2347 1302
2348 1302
2349 1301
2350 1301
2351 1301
2352 1301
2353 1300
2354 1300
2355 1299
2356 1299
2357 1299
2358 1299
2359 1298
2360 1298
2361 1298
2362 1298
2363 1298
2364 1298
2365 1298
2366 1298
2367 1299
2368 1299
2369 1300
2370 1300
2371 1301
2372 1301
2373 1302
2374 1302
2375 1303
2376 1303
2377 1303
2378 1303
2379 1304
2380 1304
2381 1304
2382 1304
2383 1303
2384 1303
2385 1303
2386 1303
2387 1302
2388 1302
2389 1302
2390 1302
2391 1301
2392 1301
2393 1301
2394 1301
2395 1300
2396 1300
2397 1300
2398 1300
2399 1300
2400 1300
2401 1299
2402 1299
2403 1299
2404 1299
2405 1298
2406 1298
2407 1297
2408 1297
2409 1296
2410 1295
2411 1295
2411 1294
2412 1293
2413 1293
2413 1292
2414 1291
2415 1291
2416 1290
2417 1289
2418 1289
2419 1288
2420 1288
2421 1287
2422 1287
2423 1287
2424 1287
2425 1286
2426 1285
2427 1284
2428 1284
2429 1283
2430 1283
2431 1282
2432 1281
2433 1281
2434 1281
2435 1280
2436 1280
2437 1280
2438 1280
2439 1280
2440 1280
2441 1280
2442 1280
2443 1280
2444 1280
2445 1280
2446 1280
2447 1280
2448 1280
2449 1280
2450 1280
2451 1279
2452 1279
2453 1279
2454 1279
2455 1278
2456 1277
2457 1277
2458 1277
2459 1276
2460 1276
2461 1276
2462 1276
2463 1275
2464 1275
2465 1275
2466 1275
2467 1274
2468 1274
2469 1273
2470 1273
2471 1273
2472 1273
2473 1272
2474 1271
2475 1270
2476 1270
2477 1269
2478 1269
2479 1268
2480 1267
2481 1266
2482 1266
2483 1265
2484 1265
2485 1264
2486 1264
2487 1264
2488 1264
2489 1263
2490 1263
2491 1262
2492 1261
2493 1261
2494 1260
2495 1259
2496 1259
2497 1258
2498 1257
2499 1256
2500 1255
2501 1254
2502 1253
2503 1252
2503 1251
2504 1250
2505 1249
2505 1248
2506 1247
2507 1247
2507 1246
2508 1245
2509 1245
2510 1244
2511 1243
2512 1243
2513 1242
2514 1241
2515 1241
2516 1241
2517 1240
2518 1240
2519 1239
2520 1239
2521 1239
2522 1239
2523 1239
2524 1239
2525 1240
2526 1240
2527 1241
2528 1241
2529 1241
2530 1241
2531 1240
2532 1239
2533 1238
2533 1237
2534 1236
2535 1235
2535 1234
2536 1233
2537 1233
2537 1232
2538 1231
2539 1231
2539 1230
2540 1229
2541 1228
2541 1227
2542 1226
2542 1225
2542 1224
2542 1223
2543 1222
2543 1221
2544 1220
2545 1219
2546 1218
2547 1217
2548 1217
2549 1216
2550 1215
2551 1215
2552 1215
2553 1214
2554 1213
2555 1213
2556 1213
2557 1212
2558 1211
2559 1211
2560 1211
2561 1210
2562 1210
2563 1209
2564 1209
2565 1209
2566 1209
2567 1208
2568 1208
2569 1208
2570 1208
2571 1208
2572 1208
2573 1208
2574 1208
2575 1208
2576 1208
2577 1207
2578 1207
2579 1207
2580 1207
2581 1206
2582 1206
2583 1205
2584 1205
2585 1205
2586 1205
2587 1204
2588 1204
2589 1203
2590 1203
2591 1203
2592 1203
2593 1202
2594 1202
2595 1202
2596 1202
2597 1201
2598 1201
2599 1200
2600 1200
2601 1199
2602 1199
2603 1198
2604 1198
2605 1197
2606 1197
2607 1197
2608 1197
2609 1196
2610 1196
2611 1196
2612 1196
2613 1195
2614 1195
2615 1195
2616 1195
2617 1194
2618 1194
2619 1194
2620 1194
2621 1193
2622 1193
2623 1193
2624 1193
2625 1192
2626 1192
2627 1192
2628 1192
2629 1192
2630 1192
2631 1192
2632 1192
2633 1191
2634 1191
2635 1191
2636 1191
2637 1190
2638 1190
2639 1190
2640 1190
2641 1189
2642 1189
2643 1189
2644 1189
2645 1188
2646 1188
2647 1187
2648 1187
2649 1186
2650 1186
2651 1185
2652 1185
2653 1184
2654 1183
2655 1182
2656 1181
2657 1181
2657 1180
2658 1179
2659 1179
2659 1178
2660 1177
2661 1177
2661 1176
2662 1175
2663 1175
2663 1174
2664 1173
2665 1173
2665 1172
2666 1171
2667 1171
2667 1170
2668 1169
2669 1169
2669 1168
2670 1167
2671 1167
2671 1166
2672 1165
2673 1165
2673 1164
2674 1163
2675 1163
2675 1162
2676 1161
2677 1161
2677 1160
2678 1159
2679 1159
2679 1158
2680 1157
2681 1157
2681 1156
2682 1155
2683 1155
2683 1154
2684 1153
2685 1153
2685 1152
2686 1151
2687 1150
2687 1149
2688 1148
2688 1147
2688 1146
2688 1145
2687 1144
2687 1143
2687 1142
2687 1141
2686 1140
2686 1139
2686 1138
2686 1137
2686 1136
2686 1135
2686 1134
2686 1133
2685 1132
2685 1131
2685 1130
2685 1129
2684 1128
2684 1127
2684 1126
2684 1125
2684 1124
2684 1123
2684 1122
2684 1121
2684 1120
2684 1119
2684 1118
2684 1117
2684 1116
2684 1115
2685 1114
2685 1113
2685 1112
2685 1111
2686 1110
2686 1109
2686 1108
2686 1107
2686 1106
2686 1105
2685 1104
2685 1103
2684 1102
2683 1101
2683 1100
2682 1100
2681 1099
2681 1098
2680 1098
2679 1097
2679 1096
2678 1095
2677 1094
2677 1093
2676 1092
2675 1091
2675 1090
2675 1089
2674 1088
2673 1087
2672 1086
2671 1085
2671 1084
2670 1084
2669 1083
2669 1082
2668 1082
2667 1081
2667 1080
2666 1080
2665 1079
2665 1078
2664 1078
2663 1077
2663 1076
2662 1076
2661 1075
2661 1074
2660 1074
2659 1073
2659 1072
2658 1072
2657 1071
2657 1070
2656 1070
2655 1069
2655 1068
2654 1068
2653 1067
2653 1066
2652 1066
2651 1065
2650 1064
2649 1063
2648 1062
2647 1062
2646 1061
2645 1060
2644 1060
2643 1059
2643 1058
2642 1058
2641 1057
2641 1056
2640 1056
2639 1055
2639 1054
2638 1054
2637 1053
2637 1052
2636 1052
2635 1051
2635 1050
2634 1050
2633 1049
2633 1048
2632 1047
2631 1046
2631 1045
2630 1044
2629 1043
2629 1042
2629 1041
2628 1040
2627 1039
2626 1038
2625 1037
2625 1036
2624 1036
2623 1035
2622 1034
2621 1033
2620 1032
2619 1032
2618 1032
2617 1032
2616 1031
2615 1031
2614 1031
2613 1031
2612 1031
2611 1031
2610 1031
2609 1031
2608 1031
2607 1031
2606 1030
2605 1030
2604 1030
2603 1030
2602 1029
2601 1029
2600 1028
2599 1028
2598 1028
2597 1028
2596 1027
2595 1027
2594 1027
2593 1027
2592 1027
2591 1027
2590 1027
2589 1027
2588 1026
2587 1026
2586 1026
2585 1026
2584 1025
2583 1025
2582 1025
2581 1025
2580 1025
2579 1025
2578 1025
2577 1025
2576 1026
2575 1026
2574 1027
2573 1027
2572 1028
2571 1028
2570 1029
2569 1029
2568 1029
2567 1029
2566 1029
2565 1029
2564 1029
2563 1029
2562 1029
2561 1029
2560 1029
2559 1029
2558 1029
2557 1029
2556 1029
2555 1029
2554 1029
2553 1029
2552 1028
2551 1028
2550 1028
2549 1028
2548 1027
2547 1027
2546 1027
2545 1027
2544 1027
2543 1027
2542 1027
2541 1027
2540 1026
2539 1026
2538 1026
2537 1025
2536 1024
2535 1024
2534 1024
2533 1024
2532 1023
2531 1023
2530 1022
2529 1022
2528 1022
2527 1022
2526 1021
2525 1021
2524 1021
2523 1021
2522 1021
2521 1021
2520 1021
2519 1021
2518 1021
2517 1021
2516 1021
2515 1021
2514 1021
2513 1021
2512 1021
2511 1021
2510 1021
2509 1021
2508 1021
2507 1021
2506 1020
2505 1020
2504 1019
2503 1018
2502 1018
2501 1017
2500 1016
2499 1015
2498 1014
2497 1014
2496 1014
2495 1014
2494 1013
2493 1013
2492 1013
2491 1013
2490 1012
2489 1012
2488 1011
2487 1011
2486 1010
2485 1010
2484 1009
2483 1009
2482 1009
2481 1009
2480 1008
2479 1008
2478 1008
2477 1007
2476 1006
2475 1006
2474 1006
2473 1006
2472 1005
2471 1005
2470 1005
2469 1005
2468 1005
2467 1005
2466 1005
2465 1005
2464 1004
2463 1004
2462 1004
2461 1003
2460 1002
2459 1002
2458 1002
2457 1002
2456 1001
2455 1001
2454 1000
2453 1000
2452 1000
2451 1000
2450 999
2449 999
2448 998
2447 998
2446 998
2445 997
2444 996
2443 996
2442 996
2441 996
2440 995
2439 995
2438 995
2437 995
2436 995
2435 995
2434 995
2433 995
2432 995
2431 995
2430 995
2429 995
2428 995
2427 995
2426 995
2425 995
2424 995
2423 995
2422 995
2421 995
2420 994
2419 994
2418 993
2417 992
2417 991
2416 990
2415 989
2414 988
2413 987
2412 986
2411 985
2410 984
2409 984
2408 984
2407 983
2406 982
2405 982
2404 982
2403 982
2402 981
2401 981
2400 980
2399 980
2398 980
2397 979
2396 978
2395 978
2394 978
2393 977
2392 976
2391 976
2390 976
2389 976
2388 975
2387 975
2386 975
2385 975
2384 974
2383 974
2382 973
2381 973
2380 972
2379 972
2378 971
2377 971
2376 971
2375 971
2374 971
2373 971
2372 971
2371 971
2370 971
2369 971
2368 970
2367 970
2366 970
2365 970
2364 969
2363 969
2362 969
2361 969
2360 969
2359 969
2358 969
2357 969
2356 969
2355 969
2354 969
2353 969
2352 969
2351 969
2350 969
2349 969
2348 969
2347 969
2346 969
2345 969
2344 969
2343 969
2342 969
2341 969
2340 969
2339 969
2338 969
2337 969
2336 968
2335 968
2334 968
2333 968
2332 967
2331 967
2330 967
2329 967
2328 967
2327 967
2326 967
2325 967
2324 967
2323 967
2322 967
2321 967
2320 967
2319 967
2318 967
2317 967
2316 967
2315 967
2314 967
2313 967
2312 967
2311 967
2310 967
2309 967
2308 967
2307 967
2306 968
2305 968
2304 968
2303 968
2302 969
2301 970
2300 970
2299 970
2298 971
2297 971
2296 971
2295 971
2294 971
2293 971
2292 971
2291 971
2290 971
2289 971
2288 971
2287 971
2286 971
2285 971
2284 971
2283 971
2282 972
2281 972
2280 972
2279 972
2278 973
2277 973
2276 973
2275 973
2274 973
2273 973
2272 973
2271 973
2270 973
2269 973
2268 974
2267 974
2266 975
2265 975
2264 976
2263 976
2262 977
2261 978
2260 978
2259 978
2258 979
2257 979
2256 979
2255 979
2254 978
2253 978
2252 978
2251 978
2250 977
2249 977
2248 978
2247 978
2246 978
2245 978
2244 979
2243 980
2242 980
2241 980
2240 981
2239 981
2238 981
2237 981
2236 980
2235 980
2234 980
2233 980
2232 979
2231 979
2230 979
2229 979
2228 979
2227 979
2226 979
2225 979
2224 980
2223 980
2222 980
2221 980
2220 981
2219 981
2218 982
2217 982
2216 982
2215 982
2214 983
2213 983
2212 983
2211 983
2210 983
2209 983
2208 983
2207 983
2206 983
2205 983
2204 983
2203 983
2202 983
2201 983
2200 983
2199 983
2198 983
2197 983
2196 983
2195 983
2194 982
2193 982
2192 981
2191 981
2190 980
2189 979
2188 978
2187 978
2186 977
2185 976
2184 976
2183 975
2182 974
2181 973
2180 972
2179 972
2178 972
2177 972
2176 971
2175 971
2174 971
2173 971
2172 971
2171 971
2170 970
2169 970
2168 970
2167 970
2166 969
2165 969
2164 969
2163 969
2162 969
2161 969
2160 969
2159 969
2158 969
2157 969
2156 969
2155 969
2154 969
2153 969
2152 969
2151 969
2150 969
2149 969
2148 969
2147 969
2146 969
2145 969
2144 970
2143 970
2142 970
2141 970
2140 971
2139 971
2138 972
2137 972
2136 973
2135 973
2134 974
2133 974
2132 975
2131 976
2130 976
2129 976
2128 977
2127 977
2126 976
2125 976
2124 976
2123 976
2122 976
2121 976
2120 976
2119 976
2118 976
2117 976
2116 976
2115 976
2114 975
2113 975
2112 975
2111 975
2110 975
2109 975
2108 975
2107 975
2106 975
2105 975
2104 975
2103 975
2102 975
2101 975
2100 975
2099 975
2098 975
2097 975
2096 975
2095 975
2094 975
2093 975
2092 974
2091 974
2090 973
2089 972
2088 972
2087 971
2086 970
2085 969
2084 968
2083 968
2082 968
2081 967
2080 966
2079 966
2078 965
2077 965
2076 964
2075 964
2074 963
2073 963
2072 962
2071 962
2070 962
2069 962
2068 961
2067 961
2066 961
2065 961
2064 961
2063 961
2062 961
2061 961
2060 961
2059 961
2058 960
2057 960
2056 960
2055 959
2054 958
2053 958
2052 958
2051 958
2050 957
2049 957
2048 957
2047 957
2046 957
2045 957
