1623 2619
1622 2620
1621 2620
1620 2620
1619 2620
1618 2621
1617 2621
1616 2621
1615 2621
1614 2621
1613 2621
1612 2621
1611 2621
1610 2621
1609 2621
1608 2621
1607 2620
1606 2620
1605 2620
1604 2620
1603 2621
1602 2621
1601 2621
1600 2621
1599 2621
1598 2621
1597 2621
1596 2621
1595 2621
1594 2621
1593 2621
1592 2620
1591 2620
1590 2620
1589 2620
1588 2621
1587 2621
1586 2621
1585 2621
1584 2621
1583 2621
1582 2621
1581 2621
1580 2621
1579 2621
1578 2621
1577 2620
1576 2620
1575 2620
1574 2620
1573 2621
1572 2621
1571 2621
1570 2621
1569 2621
1568 2621
1567 2621
1566 2621
1565 2621
1564 2621
1563 2621
1562 2620
1561 2620
1560 2620
1559 2620
1558 2621
1557 2621
1556 2621
1555 2621
1554 2621
1553 2621
1552 2621
1551 2621
1550 2621
1549 2621
1548 2621
1547 2621
1546 2621
1545 2621
1544 2621
1543 2622
1542 2622
1541 2622
1540 2622
1539 2622
1538 2622
1537 2622
1536 2622
1535 2622
1534 2622
1533 2622
1532 2621
1531 2621
1530 2621
1529 2621
1528 2622
1527 2622
1526 2622
1525 2622
1524 2622
1523 2622
1522 2622
1521 2622
1520 2622
1519 2622
1518 2622
1517 2621
1516 2621
1515 2621
1514 2621
1513 2622
1512 2622
1511 2622
1510 2622
1509 2622
1508 2622
1507 2622
1506 2622
1505 2622
1504 2622
1503 2622
1502 2621
1501 2621
1500 2621
1499 2621
1498 2622
1497 2622
1496 2622
1495 2622
1494 2622
1493 2622
1492 2622
1491 2622
1490 2622
1489 2623
1488 2623
1487 2623
1486 2623
1485 2624
1484 2624
1483 2624
1482 2624
1481 2624
1480 2624
1479 2624
1478 2624
1477 2624
1476 2624
1475 2624
1474 2625
1473 2625
1472 2625
1471 2625
1470 2626
1469 2626
1468 2626
1467 2626
1466 2626
1465 2626
1464 2626
1463 2626
1462 2626
1461 2626
1460 2626
1459 2626
1458 2626
1457 2626
1456 2626
1455 2627
1454 2627
1453 2627
1452 2627
1451 2627
1450 2627
1449 2627
1448 2627
1447 2627
1446 2627
1445 2627
1444 2626
1443 2626
1442 2626
1441 2626
1440 2627
1439 2627
1438 2627
1437 2627
1436 2627
1435 2627
1434 2627
1433 2627
1432 2627
1431 2627
1430 2627
1429 2626
1428 2626
1427 2626
1426 2626
1425 2627
1424 2627
1423 2627
1422 2627
1421 2627
1420 2627
1419 2627
1418 2627
1417 2627
1416 2627
1415 2627
1414 2626
1413 2626
1412 2626
1411 2626
1410 2627
1409 2627
1408 2627
1407 2627
1406 2627
1405 2627
1404 2627
1403 2627
1402 2628
1401 2628
1400 2628
1399 2629
1398 2629
1397 2629
1396 2629
1395 2630
1394 2630
1393 2630
1392 2630
1391 2630
1390 2630
1389 2630
1388 2630
1387 2630
1386 2630
1385 2630
1384 2629
1383 2630
1382 2630
1381 2630
1380 2630
1379 2631
1378 2631
1377 2631
1376 2631
1375 2631
1374 2631
1373 2631
1372 2631
1371 2631
1370 2631
1369 2631
1368 2630
1367 2630
1366 2630
1365 2630
1364 2629
1363 2630
1362 2630
1361 2631
1360 2632
1359 2632
1358 2633
1357 2633
1356 2633
1355 2633
1354 2634
1353 2634
1352 2635
1351 2635
1350 2636
1349 2636
1348 2637
1347 2637
1346 2637
1345 2637
1344 2637
1343 2637
1342 2637
1341 2637
1340 2637
1339 2637
1338 2638
1337 2638
1336 2639
1335 2639
1334 2640
1333 2640
1332 2640
1331 2640
1330 2640
1329 2640
1328 2639
1327 2639
1326 2639
1325 2639
1324 2639
1323 2639
1322 2638
1321 2638
1320 2637
1319 2637
1318 2636
1317 2636
1316 2635
1315 2635
1314 2635
1313 2635
1312 2635
1311 2635
1310 2635
1309 2635
1308 2635
1307 2635
1306 2635
1305 2635
1304 2635
1303 2635
1302 2635
1301 2635
1300 2635
1299 2635
1298 2635
1297 2635
1296 2636
1295 2636
1294 2636
1293 2636
1292 2637
1291 2637
1290 2636
1289 2636
1288 2635
1287 2635
1286 2634
1285 2633
1284 2632
1283 2632
1282 2632
1281 2632
1280 2631
1279 2631
1278 2631
1277 2631
1276 2631
1275 2631
1274 2631
1273 2631
1272 2631
1271 2631
1270 2630
1269 2630
1268 2630
1267 2629
1266 2628
1265 2628
1264 2628
1263 2628
1262 2627
1261 2627
1260 2627
1259 2627
1258 2627
1257 2627
1256 2627
1255 2627
1254 2627
1253 2627
1252 2627
1251 2627
1250 2627
1249 2627
1248 2627
1247 2627
1246 2627
1245 2627
1244 2627
1243 2627
1242 2627
1241 2627
1240 2627
1239 2627
1238 2627
1237 2627
1236 2627
1235 2627
1234 2627
1233 2627
1232 2627
1231 2627
1230 2628
1229 2629
1228 2630
1227 2631
1226 2632
1225 2632
1224 2633
1223 2633
1222 2633
1221 2633
1220 2633
1219 2633
1218 2632
1217 2632
1216 2632
1215 2632
1214 2631
1213 2631
1212 2630
1211 2630
1210 2630
1209 2630
1208 2629
1207 2629
1206 2629
1205 2629
1204 2629
1203 2629
1202 2629
1201 2629
1200 2629
1199 2629
1198 2629
1197 2629
1196 2629
1195 2629
1194 2629
1193 2629
1192 2628
1191 2628
1190 2628
1189 2628
1188 2627
1187 2627
1186 2627
1185 2627
1184 2627
1183 2627
1182 2627
1181 2627
1180 2628
1179 2628
1178 2629
1177 2629
1176 2630
1175 2630
1174 2631
1173 2632
1172 2633
1171 2634
1170 2634
1170 2635
1169 2636
1168 2636
1167 2637
1166 2638
1165 2638
1164 2639
1163 2640
1162 2641
1161 2641
1160 2642
1159 2642
1158 2643
1157 2643
1156 2643
1155 2643
1154 2643
1153 2643
1152 2642
1151 2642
1150 2642
1149 2641
1148 2640
1147 2640
1146 2639
1145 2638
1144 2638
1143 2637
1142 2636
1141 2636
1140 2635
1139 2635
1138 2635
1137 2635
1136 2635
1135 2635
1134 2635
1133 2635
1132 2634
1131 2634
1130 2634
1129 2634
1128 2633
1127 2633
1126 2633
1125 2633
1124 2632
1123 2632
1122 2631
1121 2631
1120 2630
1119 2630
1118 2629
1117 2629
1116 2629
1115 2629
1114 2629
1113 2629
1112 2630
1111 2630
1110 2630
1109 2630
1108 2631
1107 2631
1106 2631
1105 2631
1104 2632
1103 2632
1102 2633
1101 2634
1100 2635
1099 2636
1098 2637
1098 2638
1097 2639
1096 2640
1096 2641
1095 2642
1094 2642
1094 2643
1093 2644
1092 2644
1092 2645
1091 2646
1090 2646
1090 2647
1089 2648
1088 2648
1087 2649
1086 2650
1085 2650
1084 2651
1083 2651
1082 2651
1081 2651
1080 2651
1079 2651
1078 2650
1077 2650
1076 2650
1075 2649
1074 2648
1073 2648
1072 2648
1071 2647
1070 2646
1069 2646
1068 2646
1067 2646
1066 2645
1065 2645
1064 2645
1063 2645
1062 2644
1061 2644
1060 2644
1059 2644
1058 2643
1057 2643
1056 2643
1055 2643
1054 2644
1053 2644
1052 2644
1051 2644
1050 2645
1049 2645
1048 2646
1047 2646
1046 2646
1045 2646
1044 2647
1043 2647
1042 2647
1041 2647
1040 2647
1039 2647
1038 2646
1037 2646
1036 2645
1035 2645
1034 2644
1033 2644
1032 2643
1031 2643
1030 2643
1029 2643
1028 2643
1027 2643
1026 2643
1025 2643
1024 2643
1023 2643
1022 2643
1021 2643
1020 2643
1019 2643
1018 2644
1017 2644
1016 2644
1015 2644
1014 2645
1013 2646
1012 2647
1011 2648
1010 2648
1010 2649
1009 2650
1008 2650
1008 2651
1007 2652
1006 2652
1006 2653
1005 2654
1004 2654
1004 2655
1003 2656
1002 2657
1002 2658
1001 2659
1001 2660
1001 2661
1001 2662
1000 2663
1000 2664
999 2665
999 2666
998 2667
998 2668
997 2669
997 2670
997 2671
997 2672
997 2673
997 2674
997 2675
997 2676
997 2677
997 2678
997 2679
997 2680
997 2681
997 2682
997 2683
997 2684
997 2685
997 2686
997 2687
997 2688
996 2689
996 2690
996 2691
996 2692
995 2693
995 2694
995 2695
995 2696
995 2697
995 2698
995 2699
995 2700
995 2701
995 2702
995 2703
995 2704
996 2705
996 2706
996 2707
996 2708
997 2709
998 2710
998 2711
998 2712
999 2713
1000 2714
1001 2715
1001 2716
1002 2717
1002 2718
1003 2719
1003 2720
1003 2721
1003 2722
1003 2723
1003 2724
1002 2725
1002 2726
1001 2727
1000 2728
1000 2729
999 2730
998 2730
998 2731
997 2732
996 2732
996 2733
995 2734
994 2735
994 2736
993 2737
993 2738
993 2739
993 2740
993 2741
993 2742
993 2743
993 2744
993 2745
993 2746
993 2747
993 2748
994 2749
994 2750
994 2751
994 2752
995 2753
996 2754
996 2755
996 2756
997 2757
998 2758
998 2759
998 2760
999 2761
999 2762
999 2763
999 2764
1000 2765
1000 2766
1001 2767
1001 2768
1002 2769
1002 2770
1003 2771
1003 2772
1003 2773
1003 2774
1004 2775
1004 2776
1005 2777
1006 2778
1006 2779
1007 2779
1008 2780
1008 2781
1009 2782
1010 2783
1010 2784
1011 2785
1011 2786
1012 2787
1012 2788
1013 2789
1013 2790
1014 2791
1014 2792
1015 2793
1015 2794
1015 2795
1015 2796
1015 2797
1015 2798
1016 2799
1016 2800
1016 2801
1016 2802
1017 2803
1018 2804
1018 2805
1018 2806
1019 2807
1019 2808
1019 2809
1019 2810
1020 2811
1020 2812
1021 2813
1022 2814
1022 2815
1023 2815
1024 2816
1024 2817
1025 2817
1026 2818
1027 2819
1028 2819
1029 2820
1030 2820
1031 2820
1032 2820
1033 2820
1034 2820
1035 2821
1036 2821
1037 2821
1038 2822
1039 2823
1040 2823
1041 2824
1042 2825
1043 2826
1044 2827
1044 2828
1045 2829
1046 2830
1047 2831
1048 2832
1048 2833
1049 2833
1050 2834
1050 2835
1051 2836
1052 2837
1052 2838
1053 2839
1054 2840
1055 2841
1056 2842
1057 2843
1058 2844
1059 2845
1060 2845
1061 2846
1062 2847
1063 2847
1064 2848
1065 2849
1066 2850
1067 2851
1068 2851
1069 2852
1070 2852
1071 2853
1072 2854
1073 2855
1074 2855
1075 2855
1076 2856
1077 2857
1078 2857
1079 2858
1080 2858
1081 2859
1082 2860
1083 2861
1084 2861
1085 2862
1086 2862
1087 2863
1088 2863
1089 2864
1090 2864
1091 2864
1092 2864
1093 2865
1094 2865
1095 2865
1096 2865
1097 2866
1098 2866
1099 2866
1100 2866
1101 2866
1102 2866
1103 2866
1104 2866
1105 2865
1106 2865
1107 2864
1108 2864
1109 2863
1110 2863
1111 2862
1112 2862
1113 2861
1114 2861
1115 2861
1116 2861
1117 2860
1118 2860
1119 2860
1120 2860
1121 2860
1122 2860
1123 2860
1124 2860
1125 2860
1126 2860
1127 2860
1128 2860
1129 2860
1130 2860
1131 2860
1132 2860
1133 2860
1134 2860
1135 2860
1136 2860
1137 2860
1138 2860
1139 2860
1140 2860
1141 2860
1142 2860
1143 2860
1144 2860
1145 2861
1146 2861
1147 2861
1148 2862
1149 2863
1150 2863
1151 2864
1152 2865
1153 2865
1154 2866
1155 2867
1156 2868
1157 2869
1158 2869
1159 2870
1160 2871
1161 2871
1162 2872
1162 2873
1163 2873
1164 2874
1164 2875
1165 2875
1166 2876
1167 2877
1168 2878
1169 2879
1170 2879
1171 2880
1172 2881
1173 2881
1174 2882
1175 2883
1176 2884
1177 2885
1178 2885
1179 2885
1180 2885
1181 2886
1182 2886
1183 2886
1184 2886
1185 2887
1186 2887
1187 2887
1188 2887
1189 2888
1190 2888
1191 2888
1192 2888
1193 2888
1194 2888
1195 2888
1196 2888
1197 2888
1198 2888
1199 2888
1200 2888
1201 2888
1202 2888
1203 2889
1204 2889
1205 2890
1206 2891
1207 2891
1208 2892
1208 2893
1209 2893
1210 2894
1210 2895
1211 2895
1212 2896
1213 2897
1214 2897
1215 2898
1216 2898
1217 2898
1218 2898
1219 2898
1220 2898
1221 2898
1222 2898
1223 2898
1224 2898
1225 2898
1226 2898
1227 2898
1228 2898
1229 2898
1230 2898
1231 2899
1232 2899
1233 2900
1234 2900
1235 2901
1236 2902
1237 2903
1238 2903
1239 2903
1240 2903
1241 2904
1242 2904
1243 2904
1244 2904
1245 2904
1246 2904
1247 2904
1248 2904
1249 2904
1250 2904
1251 2904
1252 2904
1253 2904
1254 2904
1255 2904
1256 2904
1257 2905
1258 2905
1259 2905
1260 2906
1261 2907
1262 2907
1263 2908
1264 2909
1265 2909
1266 2910
1266 2911
1267 2911
1268 2912
1269 2913
1270 2913
1271 2914
1272 2914
1273 2915
1274 2915
1275 2915
1276 2915
1277 2916
1278 2916
1279 2916
1280 2916
1281 2916
1282 2916
1283 2916
1284 2916
1285 2916
1286 2916
1287 2916
1288 2916
1289 2916
1290 2916
1291 2917
1292 2917
1293 2917
1294 2917
1295 2918
1296 2918
1297 2918
1298 2918
1299 2919
1300 2919
1301 2919
1302 2920
1303 2921
1304 2921
1305 2921
1306 2922
1307 2923
1308 2923
1309 2923
1310 2923
1311 2924
1312 2924
1313 2924
1314 2924
1315 2924
1316 2924
1317 2925
1318 2926
1319 2926
1320 2927
1321 2928
1322 2929
1323 2929
1324 2929
1325 2930
1326 2930
1327 2930
1328 2930
1329 2930
1330 2930
1331 2931
1332 2931
1333 2931
1334 2932
1335 2933
1336 2933
1337 2934
1338 2934
1339 2935
1340 2935
1341 2936
1342 2936
1343 2937
1344 2937
1345 2938
1346 2938
1347 2939
1348 2939
1349 2940
1350 2940
1351 2940
1352 2940
1353 2941
1354 2941
1355 2942
1356 2943
1357 2944
1358 2945
1359 2946
1360 2947
1361 2948
1362 2948
1363 2948
1364 2948
1365 2948
1366 2948
1367 2948
1368 2948
1369 2948
1370 2948
1371 2948
1372 2948
1373 2948
1374 2948
1375 2948
1376 2948
1377 2948
1378 2948
1379 2948
1380 2948
1381 2949
1382 2949
1383 2949
1384 2949
1385 2950
1386 2950
1387 2951
1388 2951
1389 2952
1390 2952
1391 2953
1392 2953
1393 2954
1394 2954
1395 2954
1396 2954
1397 2954
1398 2954
1399 2953
1400 2953
1401 2953
1402 2953
1403 2952
1404 2952
1405 2952
1406 2952
1407 2951
1408 2951
1409 2951
1410 2951
1411 2950
1412 2950
1413 2950
1414 2950
1415 2950
1416 2950
1417 2950
1418 2950
1419 2950
1420 2950
1421 2950
1422 2950
1423 2949
1424 2949
1425 2948
1426 2948
1427 2947
1428 2947
1429 2946
1430 2946
1431 2945
1432 2945
1433 2945
1434 2945
1435 2944
1436 2944
1437 2943
1438 2943
1439 2943
1440 2942
1441 2941
1442 2940
1443 2940
1444 2939
1445 2938
1446 2938
1447 2938
1448 2938
1449 2937
1450 2937
1451 2937
1452 2937
1453 2936
1454 2936
1455 2935
1456 2935
1457 2935
1458 2935
1459 2934
1460 2934
1461 2934
1462 2934
1463 2933
1464 2933
1465 2933
1466 2933
1467 2932
1468 2932
1469 2931
1470 2931
1471 2931
1472 2931
1473 2930
1474 2929
1475 2928
1476 2927
1477 2927
1478 2926
1479 2925
1480 2925
1481 2924
1482 2923
1483 2922
1484 2922
1485 2921
1486 2921
1487 2920
1488 2920
1489 2920
1490 2920
1491 2919
1492 2919
1493 2919
1494 2919
1495 2918
1496 2918
1497 2917
1498 2917
1499 2917
1500 2917
1501 2916
1502 2916
1503 2916
1504 2916
1505 2916
1506 2916
1507 2916
1508 2916
1509 2916
1510 2916
1511 2917
1512 2917
1513 2917
1514 2917
1515 2918
1516 2918
1517 2918
1518 2918
1519 2918
1520 2918
1521 2918
1522 2918
1523 2918
1524 2918
1525 2918
1526 2918
1527 2918
1528 2918
1529 2918
1530 2918
1531 2918
1532 2918
1533 2917
1534 2917
1535 2917
1536 2917
1537 2917
1538 2917
1539 2917
1540 2917
1541 2917
1542 2917
1543 2917
1544 2917
1545 2916
1546 2916
1547 2915
1548 2915
1549 2914
1550 2913
1551 2913
1551 2912
1552 2911
1553 2911
1554 2910
1555 2909
1556 2909
1557 2908
1558 2908
1559 2908
1560 2908
1561 2908
1562 2908
1563 2908
1564 2908
1565 2908
1566 2908
1567 2908
1568 2908
1569 2908
1570 2908
1571 2908
1572 2908
1573 2908
1574 2908
1575 2908
1576 2908
1577 2908
1578 2908
1579 2908
1580 2908
1581 2908
1582 2908
1583 2907
1584 2907
1585 2907
1586 2907
1587 2906
1588 2906
1589 2906
1590 2906
1591 2906
1592 2906
1593 2906
1594 2906
1595 2906
1596 2906
1597 2905
1598 2905
1599 2905
1600 2905
1601 2904
1602 2904
1603 2904
1604 2904
1605 2904
1606 2904
1607 2905
1608 2905
1609 2905
1610 2906
1611 2907
1612 2907
1613 2907
1614 2907
1615 2908
1616 2908
1617 2908
1618 2908
1619 2908
1620 2908
1621 2907
1622 2907
1623 2907
1624 2907
1625 2906
1626 2906
1627 2906
1628 2906
1629 2905
1630 2905
1631 2904
1632 2904
1633 2903
1634 2903
1635 2902
1636 2901
1637 2900
1638 2900
1639 2899
1640 2899
1641 2898
1642 2898
1643 2898
1644 2898
1645 2898
1646 2898
1647 2899
1648 2899
1649 2899
1650 2899
1651 2900
1652 2900
1653 2899
1654 2899
1655 2898
1656 2898
1657 2897
1658 2897
1659 2896
1660 2896
1661 2897
1662 2897
1663 2898
1664 2899
1665 2900
1666 2901
1667 2902
1668 2902
1669 2902
1670 2902
1671 2902
1672 2902
1673 2902
1674 2902
1675 2902
1676 2902
1677 2902
1678 2902
1679 2902
1680 2902
1681 2902
1682 2902
1683 2902
1684 2902
1685 2903
1686 2903
1687 2903
1688 2903
1689 2904
1690 2904
1691 2904
1692 2904
1693 2904
1694 2904
1695 2904
1696 2904
1697 2904
1698 2904
1699 2904
1700 2904
1701 2904
1702 2904
1703 2904
1704 2904
1705 2905
1706 2905
1707 2905
1708 2905
1709 2906
1710 2906
1711 2906
1712 2906
1713 2906
1714 2906
1715 2906
1716 2906
1717 2906
1718 2906
1719 2906
1720 2906
1721 2906
1722 2906
1723 2906
1724 2906
1725 2906
1726 2906
1727 2905
1728 2905
1729 2905
1730 2905
1731 2904
1732 2904
1733 2904
1734 2904
1735 2904
1736 2904
1737 2903
1738 2903
1739 2903
1740 2903
1741 2902
1742 2902
1743 2902
1744 2902
1745 2902
1746 2902
1747 2902
1748 2902
1749 2902
1750 2902
1751 2902
1752 2902
1753 2902
1754 2902
1755 2902
1756 2902
1757 2902
1758 2902
1759 2903
1760 2903
1761 2903
1762 2903
1763 2904
1764 2904
1765 2904
1766 2904
1767 2903
1768 2903
1769 2903
1770 2903
1771 2902
1772 2902
1773 2902
1774 2902
1775 2901
1776 2901
1777 2901
1778 2901
1779 2900
1780 2900
1781 2900
1782 2900
1783 2900
1784 2900
1785 2899
1786 2899
1787 2899
1788 2899
1789 2898
1790 2898
1791 2897
1792 2897
1793 2897
1794 2897
1795 2896
1796 2896
1797 2896
1798 2896
1799 2895
1800 2895
1801 2895
1802 2895
1803 2894
1804 2894
1805 2894
1806 2894
1807 2894
1808 2894
1809 2894
1810 2894
1811 2893
1812 2893
1813 2893
1814 2893
1815 2892
1816 2892
1817 2892
1818 2892
1819 2892
1820 2892
1821 2892
1822 2892
1823 2892
1824 2892
1825 2892
1826 2892
1827 2892
1828 2892
1829 2892
1830 2892
1831 2893
1832 2893
1833 2893
1834 2893
1835 2894
1836 2894
1837 2894
1838 2894
1839 2894
1840 2894
1841 2893
1842 2893
1843 2893
1844 2893
1845 2892
1846 2892
1847 2892
1848 2892
1849 2892
1850 2892
1851 2891
1852 2891
1853 2891
1854 2891
1855 2890
1856 2889
1857 2888
1858 2887
1859 2887
1859 2886
1860 2885
1861 2885
1861 2884
1862 2883
1863 2883
1864 2882
1865 2881
1866 2881
1867 2880
1868 2880
1869 2879
1870 2879
1871 2878
1872 2877
1873 2876
1873 2875
1874 2874
1874 2873
1874 2872
1874 2871
1875 2870
1876 2870
1877 2870
1878 2870
1879 2871
1880 2871
1881 2871
1882 2871
1883 2872
1884 2872
1885 2873
1886 2873
1887 2873
1888 2874
1889 2875
1890 2875
1891 2875
1892 2875
1893 2876
1894 2876
1895 2875
1896 2875
1897 2874
1898 2873
1899 2873
1900 2872
1901 2871
1902 2871
1903 2870
1904 2870
1905 2869
1906 2869
1907 2869
1908 2869
1909 2868
1910 2868
1911 2868
1912 2868
1913 2868
1914 2868
1915 2869
1916 2869
1917 2869
1918 2870
1919 2871
1920 2871
1921 2872
1922 2873
1923 2873
1924 2874
1924 2875
1925 2875
1926 2876
1926 2877
1927 2877
1928 2878
1929 2879
1930 2880
1931 2881
1932 2881
1933 2881
1934 2882
1935 2883
1936 2883
1937 2883
1938 2883
1939 2884
1940 2884
1941 2885
1942 2885
1943 2886
1944 2887
1944 2888
1945 2889
1946 2890
1947 2891
1948 2892
1949 2893
1950 2893
1951 2894
1952 2894
1953 2895
1954 2895
1955 2896
1956 2896
1957 2896
1958 2896
1959 2896
1960 2896
1961 2895
1962 2895
1963 2895
1964 2895
1965 2894
1966 2894
1967 2894
1968 2894
1969 2893
1970 2893
1971 2893
1972 2893
1973 2892
1974 2892
1975 2893
1976 2893
1977 2893
1978 2893
1979 2893
1980 2892
1981 2891
1982 2890
1983 2889
1984 2888
1985 2887
1986 2887
1987 2886
1988 2886
1989 2886
1990 2886
1991 2886
1992 2886
1993 2885
1994 2885
1995 2885
1996 2885
1997 2885
1998 2885
1999 2886
2000 2887
2001 2887
2002 2888
2003 2889
2004 2889
2005 2890
2006 2890
2007 2890
2008 2890
2009 2890
2010 2890
2011 2890
2012 2890
2013 2890
2014 2890
2015 2890
2016 2890
2017 2891
2018 2892
2019 2892
2020 2893
2021 2894
2022 2895
2023 2895
2024 2896
2025 2897
2026 2897
2027 2898
2028 2899
2029 2899
2030 2900
2031 2901
2032 2901
2033 2902
2034 2902
2035 2902
2036 2902
2037 2902
2038 2902
2039 2901
2040 2901
2041 2901
2042 2901
2043 2900
2044 2900
2045 2900
2046 2900
2047 2900
2048 2900
2049 2900
2050 2900
2051 2900
2052 2900
2053 2900
2054 2900
2055 2899
2056 2899
2057 2899
2058 2899
2059 2898
2060 2898
2061 2897
2062 2897
2063 2897
2064 2897
2065 2896
2066 2896
2067 2896
2068 2896
2069 2896
2070 2896
2071 2896
2072 2896
2073 2896
2074 2896
2075 2895
2076 2895
2077 2895
2078 2895
2079 2894
2080 2894
2081 2894
2082 2894
2083 2893
2084 2893
2085 2893
2086 2893
2087 2892
2088 2892
2089 2891
2090 2891
2091 2891
2092 2891
2093 2890
2094 2890
2095 2889
2096 2889
2097 2889
2098 2889
2099 2888
2100 2887
2101 2886
2102 2885
2103 2884
2104 2883
2105 2882
2105 2881
2106 2880
2107 2879
2108 2878
2109 2877
2110 2877
2111 2876
2112 2876
2113 2876
2114 2876
2115 2875
2116 2875
2117 2874
2118 2874
2119 2873
2120 2873
2121 2872
2122 2872
2123 2872
2124 2872
2125 2872
2126 2872
2127 2872
2128 2872
2129 2872
2130 2872
2131 2872
2132 2872
2133 2872
2134 2872
2135 2872
2136 2872
2137 2872
2138 2872
2139 2872
2140 2872
2141 2872
2142 2872
2143 2872
2144 2872
2145 2873
2146 2873
2147 2873
2148 2873
2149 2873
2150 2873
2151 2873
2152 2873
2153 2872
2154 2872
2155 2871
2156 2871
2157 2871
2158 2871
2159 2870
2160 2870
2161 2869
2162 2869
2163 2869
2164 2869
2165 2868
2166 2868
2167 2867
2168 2867
2169 2867
2170 2867
2171 2866
2172 2866
2173 2865
2174 2865
2175 2865
2176 2865
2177 2864
2178 2864
2179 2863
2180 2863
2181 2863
2182 2863
2183 2862
2184 2861
2185 2861
2186 2861
2187 2860
2188 2860
2189 2860
2190 2860
2191 2859
2192 2859
2193 2859
2194 2859
2195 2858
2196 2857
2197 2857
2198 2857
2199 2856
2200 2856
2201 2856
2202 2856
2203 2855
2204 2855
2205 2855
2206 2855
2207 2854
2208 2854
2209 2853
2210 2853
2211 2853
2212 2853
2213 2852
2214 2851
2215 2850
2216 2849
2217 2849
2217 2848
2218 2847
2219 2847
2219 2846
2220 2845
2221 2844
2221 2843
2222 2842
2222 2841
2223 2840
2223 2839
2223 2838
2224 2837
2225 2836
2225 2835
2226 2834
2226 2833
2227 2832
2227 2831
2228 2830
2228 2829
2228 2828
2228 2827
2228 2826
2228 2825
2228 2824
2228 2823
2228 2822
2228 2821
2228 2820
2228 2819
2229 2818
2229 2817
2229 2816
2229 2815
2230 2814
2230 2813
2230 2812
2230 2811
2230 2810
2230 2809
2230 2808
2230 2807
2230 2806
2230 2805
2230 2804
2230 2803
2230 2802
2230 2801
2230 2800
2230 2799
2230 2798
2230 2797
2230 2796
2230 2795
2230 2794
2230 2793
2230 2792
2230 2791
2230 2790
2230 2789
2230 2788
2230 2787
2230 2786
2230 2785
2230 2784
2230 2783
2230 2782
2230 2781
2229 2780
2229 2779
2229 2778
2229 2777
2228 2776
2227 2775
2226 2774
2225 2773
2225 2772
2224 2772
2223 2771
2223 2770
2222 2770
2221 2769
2221 2768
2220 2767
2219 2766
2219 2765
2218 2764
2218 2763
2217 2762
2217 2761
2217 2760
2217 2759
2216 2758
2215 2757
2214 2756
2213 2755
2213 2754
2212 2753
2211 2752
2211 2751
2210 2750
2210 2749
2210 2748
2210 2747
2210 2746
2210 2745
2209 2744
2209 2743
2208 2742
2207 2741
2206 2740
2205 2739
2204 2738
2203 2738
2202 2738
2201 2737
2200 2736
2199 2736
2198 2736
2197 2736
2196 2735
2195 2735
2194 2735
2193 2735
2192 2734
2191 2734
2190 2734
2189 2734
2188 2733
2187 2733
2186 2733
2185 2733
2184 2733
2183 2733
2182 2733
2181 2733
2180 2733
2179 2733
2178 2732
2178 2731
2178 2730
2178 2729
2177 2728
2177 2727
2176 2726
2175 2725
2175 2724
2174 2724
2173 2723
2173 2722
2172 2722
2171 2721
2170 2720
2169 2720
2168 2719
2167 2719
2166 2720
2165 2720
2164 2720
2163 2720
2162 2721
2161 2721
2160 2721
2159 2721
2158 2721
2157 2721
2156 2720
2155 2720
2154 2720
2153 2719
2152 2718
2151 2718
2150 2718
2149 2718
2148 2717
2147 2717
2146 2716
2145 2716
2144 2716
2143 2716
2142 2715
2141 2715
2140 2714
2139 2714
2138 2713
2137 2713
2136 2712
2135 2711
2134 2710
2133 2710
2132 2710
2131 2710
2130 2709
2129 2709
2128 2709
2127 2709
2126 2709
2125 2709
2124 2709
2123 2709
2122 2709
2121 2709
2120 2708
2119 2708
2118 2708
2117 2707
2116 2706
2115 2706
2114 2706
2113 2706
2112 2705
2111 2705
2110 2705
2109 2705
2108 2705
2107 2705
2106 2705
2105 2705
2104 2705
2103 2705
2102 2705
2101 2705
2100 2705
2099 2705
2098 2704
2097 2704
2096 2704
2095 2704
2094 2703
2093 2703
2092 2702
2091 2702
2090 2701
2089 2701
2088 2700
2087 2699
2086 2698
2085 2698
2084 2698
2083 2698
2082 2697
2081 2697
2080 2696
2079 2696
2078 2696
2077 2696
2076 2695
2075 2695
2074 2695
2073 2695
2072 2695
2071 2695
2070 2696
2069 2696
2068 2696
2067 2696
2066 2697
2065 2697
2064 2697
2063 2697
2062 2697
2061 2697
2060 2696
2059 2696
2058 2696
2057 2695
2056 2694
2055 2694
2054 2693
2053 2693
2052 2692
2051 2691
2050 2690
2049 2690
2048 2690
2047 2690
2046 2689
2045 2689
2044 2689
2043 2689
2042 2688
2041 2688
2040 2688
2039 2688
2038 2687
2037 2687
2036 2687
2035 2687
2034 2687
2033 2687
2032 2686
2031 2686
2030 2686
2029 2686
2028 2685
2027 2685
2026 2685
2025 2685
2024 2684
2023 2684
2022 2683
2021 2682
2020 2682
2019 2681
2018 2680
2017 2679
2016 2678
2015 2678
2014 2678
2013 2678
2012 2677
2011 2677
2010 2677
2009 2677
2008 2677
2007 2677
2006 2676
2005 2676
2004 2676
2003 2675
2002 2674
2001 2674
2000 2674
1999 2673
1998 2672
1997 2672
1996 2672
1995 2672
1994 2671
1993 2671
1992 2671
1991 2671
1990 2671
1989 2671
1988 2670
1987 2670
1986 2670
1985 2670
1984 2669
1983 2669
1982 2669
1981 2669
1980 2669
1979 2669
1978 2669
1977 2669
1976 2669
1975 2669
1974 2669
1973 2669
1972 2668
1971 2668
1970 2667
1969 2666
1968 2666
1967 2665
1966 2664
1965 2664
1964 2663
1963 2663
1962 2662
1961 2662
1960 2661
1959 2660
1959 2659
1958 2658
1957 2657
1956 2656
1955 2655
1954 2654
1953 2654
1952 2653
1951 2653
1950 2653
1949 2653
1948 2653
1947 2653
1946 2653
1945 2653
1944 2653
1943 2653
1942 2652
1941 2652
1940 2652
1939 2652
1938 2651
1937 2651
1936 2650
1935 2650
1934 2649
1933 2648
1932 2648
1931 2647
1931 2646
1930 2646
1929 2645
1928 2644
1927 2644
1926 2643
1925 2643
1924 2643
1923 2643
1922 2643
1921 2643
1920 2643
1919 2643
1918 2642
1917 2642
1916 2642
1915 2642
1914 2641
1913 2641
1912 2641
1911 2641
1910 2641
1909 2641
1908 2641
1907 2641
1906 2641
1905 2641
1904 2641
1903 2641
1902 2641
1901 2641
1900 2641
1899 2641
1898 2641
1897 2641
1896 2641
1895 2641
1894 2641
1893 2641
1892 2641
1891 2641
1890 2641
1889 2641
1888 2641
1887 2641
1886 2642
1885 2642
1884 2642
1883 2642
1882 2643
1881 2643
1880 2643
1879 2643
1878 2643
1877 2643
1876 2643
1875 2643
1874 2643
1873 2643
1872 2643
1871 2643
1870 2642
1869 2642
1868 2641
1867 2640
1866 2640
1865 2639
1864 2638
1863 2638
1862 2637
1861 2637
1860 2637
1859 2637
1858 2636
1857 2636
1856 2636
1855 2635
1854 2634
1853 2634
1852 2634
1851 2634
1850 2633
1849 2633
1848 2633
1847 2633
1846 2633
1845 2633
1844 2633
1843 2633
1842 2633
1841 2633
1840 2633
1839 2633
1838 2633
1837 2633
1836 2633
1835 2633
1834 2633
1833 2633
1832 2633
1831 2633
1830 2633
1829 2633
1828 2633
1827 2633
1826 2633
1825 2633
1824 2633
1823 2633
1822 2633
1821 2633
1820 2633
1819 2633
1818 2633
1817 2633
1816 2633
1815 2633
1814 2633
1813 2633
1812 2633
1811 2633
1810 2633
1809 2633
1808 2633
1807 2633
1806 2633
1805 2633
1804 2632
1803 2632
1802 2632
1801 2632
1800 2631
1799 2631
1798 2630
1797 2630
1796 2630
1795 2630
1794 2629
1793 2629
1792 2629
1791 2629
1790 2629
1789 2629
1788 2629
1787 2629
1786 2629
1785 2629
1784 2629
1783 2629
1782 2629
1781 2629
1780 2630
1779 2630
1778 2630
1777 2630
1776 2631
1775 2631
1774 2631
1773 2631
1772 2631
1771 2631
1770 2631
1769 2631
1768 2631
1767 2631
1766 2631
1765 2631
1764 2630
1763 2630
1762 2630
1761 2630
1760 2629
1759 2629
1758 2628
1757 2628
1756 2628
1755 2628
1754 2627
1753 2627
1752 2627
1751 2627
1750 2627
1749 2627
1748 2627
1747 2627
1746 2627
1745 2627
1744 2627
1743 2627
1742 2627
1741 2627
1740 2627
1739 2627
1738 2627
1737 2627
1736 2627
1735 2627
1734 2627
1733 2627
1732 2627
1731 2627
1730 2627
1729 2627
1728 2627
1727 2627
1726 2627
1725 2627
1724 2627
1723 2627
1722 2627
1721 2627
1720 2627
1719 2627
1718 2627
1717 2627
1716 2627
1715 2627
1714 2627
1713 2627
1712 2627
1711 2627
1710 2627
1709 2627
1708 2627
1707 2627
1706 2628
1705 2628
1704 2628
1703 2628
1702 2629
1701 2629
1700 2629
1699 2629
1698 2629
1697 2629
1696 2628
1695 2628
1694 2628
1693 2628
1692 2627
1691 2627
1690 2628
1689 2628
1688 2629
1687 2630
1686 2630
1686 2631
1685 2632
1684 2632
1683 2633
1682 2634
1681 2634
1680 2634
1679 2634
1678 2634
1677 2634
1676 2635
1675 2635
1674 2635
1673 2634
1672 2634
1671 2634
1670 2634
1669 2634
1668 2634
1667 2634
1666 2633
1665 2633
1664 2632
1663 2632
1662 2631
1661 2630
1660 2630
1659 2629
1658 2628
1657 2628
1656 2627
1655 2627
1654 2626
1653 2626
1652 2626
1651 2626
1650 2625
1649 2625
1648 2625
1647 2625
1646 2625
1645 2625
1644 2625
1643 2625
1642 2625
1641 2625
1640 2625
1639 2625
1638 2625
1637 2625
1636 2625
1635 2625
1634 2625
1633 2625
1632 2625
1631 2625
1630 2624
1629 2624
1628 2623
1627 2622
1627 2621
1626 2620
1625 2619
1624 2619
1623 2619
