2149 1423
2148 1424
2147 1424
2146 1424
2145 1424
2144 1425
2143 1425
2142 1425
2141 1425
2140 1426
2139 1426
2138 1426
2137 1426
2136 1427
2135 1427
2134 1428
2133 1428
2132 1428
2131 1428
2130 1429
2129 1429
2128 1430
2127 1430
2126 1430
2125 1430
2124 1431
2123 1431
2122 1431
2121 1431
2120 1432
2119 1432
2118 1432
2117 1432
2116 1433
2115 1433
2114 1433
2113 1433
2112 1433
2111 1433
2110 1433
2109 1433
2108 1433
2107 1433
2106 1433
2105 1433
2104 1433
2103 1433
2102 1433
2101 1433
2100 1433
2099 1433
2098 1433
2097 1433
2096 1433
2095 1433
2094 1433
2093 1433
2092 1433
2091 1433
2090 1433
2089 1433
2088 1433
2087 1433
2086 1433
2085 1433
2084 1433
2083 1433
2082 1433
2081 1433
2080 1433
2079 1433
2078 1433
2077 1433
2076 1433
2075 1433
2074 1433
2073 1433
2072 1433
2071 1433
2070 1433
2069 1433
2068 1433
2067 1433
2066 1433
2065 1433
2064 1432
2063 1432
2062 1432
2061 1432
2060 1431
2059 1431
2058 1431
2057 1431
2056 1431
2055 1431
2054 1431
2053 1431
2052 1431
2051 1431
2050 1431
2049 1431
2048 1431
2047 1431
2046 1431
2045 1431
2044 1431
2043 1431
2042 1431
2041 1431
2040 1431
2039 1431
2038 1431
2037 1431
2036 1431
2035 1431
2034 1430
2033 1430
2032 1430
2031 1430
2030 1429
2029 1429
2028 1429
2027 1429
2026 1429
2025 1429
2024 1429
2023 1429
2022 1429
2021 1429
2020 1429
2019 1429
2018 1429
2017 1429
2016 1429
2015 1429
2014 1428
2013 1428
2012 1428
2011 1428
2010 1427
2009 1427
2008 1427
2007 1427
2006 1427
2005 1427
2004 1427
2003 1427
2002 1427
2001 1427
2000 1427
1999 1427
1998 1427
1997 1427
1996 1427
1995 1427
1994 1427
1993 1427
1992 1427
1991 1427
1990 1427
1989 1427
1988 1427
1987 1427
1986 1427
1985 1427
1984 1428
1983 1428
1982 1428
1981 1428
1980 1429
1979 1429
1978 1430
1977 1430
1976 1430
1975 1430
1974 1431
1973 1432
1972 1432
1971 1432
1970 1433
1969 1434
1968 1435
1967 1435
1966 1436
1965 1436
1964 1437
1963 1438
1962 1438
1961 1438
1960 1439
1959 1440
1958 1440
1957 1440
1956 1441
1955 1442
1954 1442
1953 1442
1952 1443
1951 1443
1950 1443
1949 1443
1948 1444
1947 1444
1946 1444
1945 1444
1944 1445
1943 1445
1942 1445
1941 1445
1940 1445
1939 1445
1938 1445
1937 1445
1936 1446
1935 1446
1934 1447
1933 1447
1932 1448
1931 1448
1930 1449
1929 1450
1928 1450
1927 1450
1926 1451
1925 1451
1924 1452
1923 1452
1922 1452
1921 1452
1920 1453
1919 1454
1918 1454
1917 1454
1916 1455
1915 1455
1914 1456
1913 1456
1912 1456
1911 1456
1910 1457
1909 1457
1908 1458
1907 1458
1906 1458
1905 1458
1904 1459
1903 1459
1902 1460
1901 1460
1900 1461
1899 1461
1898 1462
1897 1462
1896 1462
1895 1463
1894 1463
1893 1464
1892 1464
1891 1465
1890 1466
1889 1467
1888 1468
1888 1469
1888 1470
1888 1471
1888 1472
1888 1473
1888 1474
1889 1475
1889 1476
1890 1477
1891 1478
1892 1479
1893 1480
1894 1481
1895 1481
1896 1481
1897 1482
1898 1482
1899 1483
1900 1484
1901 1485
1902 1485
1903 1486
1904 1486
1905 1486
1906 1486
1907 1486
1908 1486
1909 1486
1910 1486
1911 1486
1912 1486
1913 1486
1914 1486
1915 1486
1916 1486
1917 1486
1918 1486
1919 1486
1920 1486
1921 1486
1922 1486
1923 1486
1924 1486
1925 1486
1926 1486
1927 1486
1928 1486
1929 1486
1930 1486
1931 1486
1932 1486
1933 1486
1934 1486
1935 1486
1936 1486
1937 1486
1938 1486
1939 1486
1940 1486
1941 1486
1942 1486
1943 1486
1944 1486
1945 1486
1946 1486
1947 1485
1948 1485
1949 1485
1950 1485
1951 1484
1952 1484
1953 1484
1954 1484
1955 1484
1956 1484
1957 1484
1958 1484
1959 1484
1960 1484
1961 1484
1962 1484
1963 1484
1964 1484
1965 1484
1966 1484
1967 1485
1968 1485
1969 1485
1970 1485
1971 1486
1972 1486
1973 1486
1974 1486
1975 1486
1976 1486
1977 1486
1978 1486
1979 1486
1980 1486
1981 1486
1982 1486
1983 1486
1984 1486
1985 1486
1986 1486
1987 1486
1988 1486
1989 1486
1990 1486
1991 1486
1992 1486
1993 1486
1994 1486
1995 1486
1996 1486
1997 1486
1998 1486
1999 1486
2000 1486
2001 1486
2002 1486
2003 1487
2004 1487
2005 1487
2006 1487
2007 1488
2008 1488
2009 1488
2010 1488
2011 1488
2012 1488
2013 1488
2014 1488
2015 1488
2016 1488
2017 1488
2018 1488
2019 1488
2020 1488
2021 1488
2022 1488
2023 1488
2024 1488
2025 1488
2026 1488
2027 1488
2028 1488
2029 1488
2030 1488
2031 1488
2032 1488
2033 1488
2034 1488
2035 1488
2036 1488
2037 1489
2038 1489
2039 1489
2040 1489
2041 1490
2042 1490
2043 1490
2044 1490
2045 1491
2046 1491
2047 1491
2048 1491
2049 1492
2050 1492
2051 1492
2052 1492
2053 1492
2054 1492
2055 1492
2056 1492
2057 1492
2058 1492
2059 1492
2060 1492
2061 1493
2062 1493
2063 1493
2064 1493
2065 1494
2066 1494
2067 1494
2068 1494
2069 1494
2070 1494
2071 1494
2072 1494
2073 1494
2074 1494
2075 1494
2076 1494
2077 1494
2078 1494
2079 1494
2080 1494
2081 1494
2082 1494
2083 1494
2084 1494
2085 1494
2086 1494
2087 1494
2088 1494
2089 1494
2090 1494
2091 1494
2092 1494
2093 1494
2094 1494
2095 1494
2096 1494
2097 1494
2098 1494
2099 1495
2100 1495
2101 1495
2102 1495
2103 1496
2104 1496
2105 1496
2106 1496
2107 1496
2108 1496
2109 1496
2110 1496
2111 1496
2112 1496
2113 1496
2114 1496
2115 1496
2116 1496
2117 1496
2118 1496
2119 1496
2120 1496
2121 1495
2122 1495
2123 1495
2124 1495
2125 1494
2126 1494
2127 1494
2128 1494
2129 1494
2130 1494
2131 1494
2132 1494
2133 1494
2134 1494
2135 1494
2136 1494
2137 1494
2138 1494
2139 1494
2140 1494
2141 1494
2142 1494
2143 1494
2144 1494
2145 1494
2146 1494
2147 1494
2148 1494
2149 1495
2150 1495
2151 1495
2152 1495
2153 1496
2154 1496
2155 1496
2156 1496
2157 1496
2158 1496
2159 1496
2160 1496
2161 1496
2162 1496
2163 1496
2164 1496
2165 1496
2166 1496
2167 1496
2168 1496
2169 1496
2170 1496
2171 1496
2172 1496
2173 1496
2174 1496
2175 1496
2176 1496
2177 1496
2178 1496
2179 1496
2180 1496
2181 1497
2182 1497
2183 1497
2184 1497
2185 1498
2186 1498
2187 1498
2188 1498
2189 1498
2190 1498
2191 1498
2192 1498
2193 1498
2194 1498
2195 1498
2196 1498
2197 1498
2198 1498
2199 1498
2200 1498
2201 1498
2202 1498
2203 1498
2204 1498
2205 1498
2206 1498
2207 1498
2208 1498
2209 1499
2210 1499
2211 1499
2212 1499
2213 1500
2214 1500
2215 1500
2216 1500
2217 1500
2218 1500
2219 1500
2220 1500
2221 1500
2222 1500
2223 1500
2224 1500
2225 1500
2226 1500
2227 1500
2228 1500
2229 1500
2230 1500
2231 1500
2232 1500
2233 1500
2234 1500
2235 1500
2236 1500
2237 1500
2238 1500
2239 1500
2240 1500
2241 1500
2242 1500
2243 1500
2244 1500
2245 1500
2246 1500
2247 1500
2248 1500
2249 1500
2250 1500
2251 1500
2252 1500
2253 1500
2254 1500
2255 1500
2256 1500
2257 1500
2258 1500
2259 1500
2260 1500
2261 1500
2262 1500
2263 1500
2264 1500
2265 1500
2266 1500
2267 1500
2268 1500
2269 1499
2270 1499
2271 1499
2272 1499
2273 1498
2274 1498
2275 1497
2276 1497
2277 1496
2278 1496
2279 1495
2280 1495
2281 1494
2282 1493
2283 1492
2284 1492
2285 1491
2286 1491
2287 1490
2288 1489
2289 1488
2290 1488
2291 1487
2292 1487
2293 1486
2294 1485
2295 1484
2296 1484
2297 1483
2298 1483
2299 1482
2300 1481
2301 1480
2302 1479
2303 1479
2303 1478
2304 1477
2305 1477
2305 1476
2306 1475
2307 1474
2308 1473
2309 1472
2309 1471
2309 1470
2309 1469
2310 1468
2310 1467
2310 1466
2310 1465
2310 1464
2310 1463
2310 1462
2310 1461
2310 1460
2310 1459
2310 1458
2310 1457
2309 1456
2309 1455
2309 1454
2309 1453
2308 1452
2308 1451
2308 1450
2308 1449
2308 1448
2308 1447
2308 1446
2308 1445
2308 1444
2308 1443
2307 1442
2307 1441
2306 1440
2305 1439
2305 1438
2304 1438
2303 1437
2302 1436
2301 1436
2300 1435
2299 1435
2298 1435
2297 1435
2296 1435
2295 1435
2294 1435
2293 1435
2292 1435
2291 1435
2290 1435
2289 1435
2288 1435
2287 1435
2286 1435
2285 1435
2284 1435
2283 1435
2282 1435
2281 1435
2280 1435
2279 1435
2278 1435
2277 1435
2276 1435
2275 1435
2274 1435
2273 1435
2272 1435
2271 1435
2270 1434
2269 1434
2268 1433
2267 1433
2266 1432
2265 1432
2264 1431
2263 1431
2262 1430
2261 1430
2260 1430
2259 1430
2258 1429
2257 1429
2256 1429
2255 1429
2254 1429
2253 1429
2252 1429
2251 1429
2250 1429
2249 1429
2248 1429
2247 1429
2246 1429
2245 1429
2244 1429
2243 1429
2242 1429
2241 1429
2240 1429
2239 1429
2238 1429
2237 1429
2236 1429
2235 1429
2234 1429
2233 1429
2232 1429
2231 1429
2230 1429
2229 1429
2228 1430
2227 1430
2226 1430
2225 1430
2224 1431
2223 1431
2222 1431
2221 1431
2220 1431
2219 1431
2218 1430
2217 1430
2216 1430
2215 1430
2214 1429
2213 1429
2212 1429
2211 1429
2210 1429
2209 1429
2208 1429
2207 1429
2206 1429
2205 1429
2204 1428
2203 1428
2202 1428
2201 1428
2200 1427
2199 1427
2198 1427
2197 1427
2196 1427
2195 1427
2194 1427
2193 1427
2192 1427
2191 1427
2190 1427
2189 1427
2188 1427
2187 1427
2186 1426
2185 1426
2184 1426
2183 1426
2182 1425
2181 1425
2180 1425
2179 1425
2178 1424
2177 1424
2176 1424
2175 1424
2174 1423
2173 1423
2172 1423
2171 1423
2170 1423
2169 1423
2168 1423
2167 1423
2166 1423
2165 1423
2164 1423
2163 1423
2162 1423
2161 1423
2160 1423
2159 1423
2158 1423
2157 1423
2156 1423
2155 1423
2154 1423
2153 1423
2152 1423
2151 1423
2150 1423
2149 1423
