2661 1407
2660 1408
2659 1408
2658 1408
2657 1408
2656 1409
2655 1409
2654 1409
2653 1409
2652 1409
2651 1409
2650 1410
2649 1410
2648 1411
2647 1411
2646 1412
2645 1412
2644 1413
2643 1413
2642 1413
2641 1413
2640 1413
2639 1413
2638 1413
2637 1413
2636 1414
2635 1414
2634 1414
2633 1414
2632 1415
2631 1415
2630 1415
2629 1415
2628 1415
2627 1415
2626 1416
2625 1416
2624 1416
2623 1416
2622 1417
2621 1417
2620 1417
2619 1417
2618 1417
2617 1417
2616 1418
2615 1418
2614 1418
2613 1418
2612 1419
2611 1419
2610 1419
2609 1419
2608 1419
2607 1419
2606 1419
2605 1419
2604 1419
2603 1419
2602 1420
2601 1420
2600 1420
2599 1420
2598 1421
2597 1421
2596 1421
2595 1421
2594 1421
2593 1421
2592 1422
2591 1422
2590 1422
2589 1422
2588 1423
2587 1423
2586 1423
2585 1423
2584 1423
2583 1423
2582 1423
2581 1423
2580 1424
2579 1424
2578 1424
2577 1424
2576 1425
2575 1425
2574 1425
2573 1425
2572 1425
2571 1425
2570 1425
2569 1425
2568 1426
2567 1426
2566 1426
2565 1426
2564 1427
2563 1427
2562 1428
2561 1428
2560 1428
2559 1428
2558 1429
2557 1429
2556 1429
2555 1429
2554 1429
2553 1429
2552 1429
2551 1429
2550 1430
2549 1430
2548 1430
2547 1430
2546 1431
2545 1431
2544 1431
2543 1431
2542 1431
2541 1431
2540 1432
2539 1432
2538 1432
2537 1432
2536 1433
2535 1433
2534 1433
2533 1433
2532 1433
2531 1433
2530 1433
2529 1433
2528 1433
2527 1433
2526 1433
2525 1433
2524 1433
2523 1433
2522 1433
2521 1433
2520 1433
2519 1433
2518 1433
2517 1433
2516 1434
2515 1434
2514 1434
2513 1434
2512 1435
2511 1435
2510 1435
2509 1435
2508 1435
2507 1435
2506 1435
2505 1435
2504 1435
2503 1435
2502 1435
2501 1435
2500 1435
2499 1435
2498 1435
2497 1435
2496 1435
2495 1435
2494 1435
2493 1435
2492 1435
2491 1435
2490 1435
2489 1435
2488 1435
2487 1435
2486 1435
2485 1435
2484 1435
2483 1435
2482 1436
2481 1436
2480 1436
2479 1436
2478 1437
2477 1437
2476 1437
2475 1437
2474 1437
2473 1437
2472 1437
2471 1437
2470 1438
2469 1438
2468 1438
2467 1438
2466 1439
2465 1439
2464 1439
2463 1439
2462 1439
2461 1439
2460 1440
2459 1440
2458 1440
2457 1440
2456 1441
2455 1441
2454 1441
2453 1441
2452 1441
2451 1441
2450 1442
2449 1442
2448 1442
2447 1442
2446 1443
2445 1443
2444 1443
2443 1443
2442 1443
2441 1443
2440 1444
2439 1444
2438 1445
2437 1445
2436 1446
2435 1446
2434 1447
2433 1447
2432 1447
2431 1447
2430 1447
2429 1447
2428 1447
2427 1447
2426 1447
2425 1447
2424 1447
2423 1447
2422 1447
2421 1447
2420 1447
2419 1447
2418 1448
2417 1448
2416 1448
2415 1448
2414 1449
2413 1449
2412 1449
2411 1449
2410 1450
2409 1450
2408 1450
2407 1450
2406 1451
2405 1451
2404 1451
2403 1451
2402 1451
2401 1451
2400 1451
2399 1451
2398 1451
2397 1451
2396 1452
2395 1452
2394 1452
2393 1452
2392 1453
2391 1453
2390 1453
2389 1453
2388 1453
2387 1453
2386 1453
2385 1453
2384 1454
2383 1454
2382 1454
2381 1454
2380 1455
2379 1455
2378 1455
2377 1455
2376 1455
2375 1455
2374 1456
2373 1456
2372 1456
2371 1456
2370 1457
2369 1457
2368 1457
2367 1457
2366 1457
2365 1457
2364 1457
2363 1457
2362 1457
2361 1457
2360 1457
2359 1457
2358 1457
2357 1457
2356 1458
2355 1458
2354 1458
2353 1458
2352 1459
2351 1459
2350 1459
2349 1459
2348 1459
2347 1459
2347 1460
2347 1461
2347 1462
2347 1463
2347 1464
2347 1465
2347 1466
2347 1467
2347 1468
2347 1469
2347 1470
2348 1471
2348 1472
2348 1473
2348 1474
2349 1475
2350 1476
2350 1477
2350 1478
2351 1479
2352 1480
2353 1481
2354 1482
2354 1483
2355 1483
2356 1484
2357 1485
2358 1485
2359 1486
2360 1486
2361 1486
2362 1486
2363 1486
2364 1486
2365 1486
2366 1486
2367 1486
2368 1486
2369 1487
2370 1487
2371 1487
2372 1487
2373 1488
2374 1488
2375 1488
2376 1488
2377 1488
2378 1488
2379 1488
2380 1488
2381 1488
2382 1488
2383 1488
2384 1488
2385 1488
2386 1488
2387 1488
2388 1488
2389 1488
2390 1488
2391 1488
2392 1488
2393 1488
2394 1488
2395 1488
2396 1488
2397 1488
2398 1488
2399 1488
2400 1488
2401 1488
2402 1488
2403 1488
2404 1488
2405 1488
2406 1488
2407 1488
2408 1488
2409 1488
2410 1488
2411 1488
2412 1488
2413 1488
2414 1488
2415 1488
2416 1488
2417 1488
2418 1488
2419 1488
2420 1488
2421 1488
2422 1488
2423 1488
2424 1488
2425 1488
2426 1488
2427 1488
2428 1488
2429 1487
2430 1487
2431 1487
2432 1487
2433 1486
2434 1486
2435 1486
2436 1486
2437 1486
2438 1486
2439 1486
2440 1486
2441 1486
2442 1486
2443 1486
2444 1486
2445 1486
2446 1486
2447 1486
2448 1486
2449 1486
2450 1486
2451 1486
2452 1486
2453 1486
2454 1486
2455 1486
2456 1486
2457 1486
2458 1486
2459 1486
2460 1486
2461 1486
2462 1486
2463 1486
2464 1486
2465 1486
2466 1486
2467 1486
2468 1486
2469 1486
2470 1486
2471 1486
2472 1486
2473 1486
2474 1486
2475 1486
2476 1486
2477 1486
2478 1486
2479 1486
2480 1486
2481 1486
2482 1486
2483 1486
2484 1486
2485 1486
2486 1486
2487 1486
2488 1486
2489 1486
2490 1486
2491 1486
2492 1486
2493 1486
2494 1486
2495 1486
2496 1486
2497 1486
2498 1486
2499 1486
2500 1486
2501 1486
2502 1486
2503 1486
2504 1486
2505 1486
2506 1486
2507 1486
2508 1486
2509 1487
2510 1487
2511 1487
2512 1487
2513 1488
2514 1488
2515 1488
2516 1488
2517 1488
2518 1488
2519 1488
2520 1488
2521 1488
2522 1488
2523 1488
2524 1488
2525 1488
2526 1488
2527 1489
2528 1489
2529 1490
2530 1490
2531 1491
2532 1491
2533 1491
2534 1491
2535 1492
2536 1492
2537 1491
2538 1491
2539 1491
2540 1491
2541 1490
2542 1490
2543 1490
2544 1490
2545 1491
2546 1491
2547 1491
2548 1491
2549 1492
2550 1492
2551 1492
2552 1492
2553 1492
2554 1492
2555 1492
2556 1492
2557 1492
2558 1492
2559 1492
2560 1492
2561 1493
2562 1493
2563 1493
2564 1493
2565 1494
2566 1494
2567 1494
2568 1494
2569 1494
2570 1494
2571 1494
2572 1494
2573 1495
2574 1495
2575 1495
2576 1495
2577 1496
2578 1496
2579 1496
2580 1496
2581 1496
2582 1496
2583 1496
2584 1496
2585 1496
2586 1496
2587 1496
2588 1496
2589 1497
2590 1497
2591 1497
2592 1497
2593 1498
2594 1498
2595 1498
2596 1498
2597 1499
2598 1499
2599 1499
2600 1499
2601 1500
2602 1500
2603 1500
2604 1500
2605 1500
2606 1500
2607 1500
2608 1500
2609 1501
2610 1501
2611 1501
2612 1501
2613 1502
2614 1502
2615 1502
2616 1502
2617 1502
2618 1502
2619 1502
2620 1502
2621 1502
2622 1502
2623 1503
2624 1503
2625 1503
2626 1503
2627 1504
2628 1504
2629 1505
2630 1505
2631 1505
2632 1505
2633 1506
2634 1506
2635 1506
2636 1506
2637 1506
2638 1506
2639 1507
2640 1507
2641 1507
2642 1507
2643 1508
2644 1508
2645 1509
2646 1509
2647 1509
2648 1509
2649 1510
2650 1510
2651 1511
2652 1511
2653 1511
2654 1511
2655 1512
2656 1512
2657 1513
2658 1513
2659 1513
2660 1513
2661 1514
2662 1514
2663 1514
2664 1514
2665 1515
2666 1515
2667 1516
2668 1516
2669 1517
2670 1518
2671 1519
2672 1519
2673 1519
2674 1519
2675 1520
2676 1520
2677 1520
2678 1520
2679 1521
2680 1521
2681 1521
2682 1521
2683 1522
2684 1522
2685 1523
2686 1523
2687 1523
2688 1523
2689 1524
2690 1524
2691 1525
2692 1525
2693 1525
2694 1526
2695 1527
2696 1527
2697 1527
2698 1527
2699 1528
2700 1528
2701 1529
2702 1529
2703 1529
2704 1529
2705 1530
2706 1530
2707 1530
2708 1530
2709 1531
2710 1531
2711 1531
2712 1531
2713 1532
2714 1532
2715 1532
2716 1532
2717 1532
2718 1532
2719 1532
2720 1532
2721 1532
2722 1532
2723 1532
2724 1532
2725 1533
2726 1533
2727 1533
2728 1533
2729 1534
2730 1534
2731 1534
2732 1534
2733 1534
2734 1534
2735 1534
2736 1534
2737 1534
2738 1534
2739 1534
2740 1534
2741 1534
2742 1534
2743 1534
2744 1534
2745 1534
2746 1534
2747 1534
2748 1534
2749 1534
2750 1534
2751 1534
2752 1534
2753 1534
2754 1534
2755 1534
2756 1534
2757 1534
2758 1534
2759 1534
2760 1534
2761 1534
2762 1534
2763 1534
2764 1534
2765 1534
2766 1534
2767 1534
2768 1534
2769 1534
2770 1534
2771 1534
2772 1534
2773 1534
2774 1534
2775 1534
2776 1534
2777 1534
2778 1534
2779 1534
2780 1534
2781 1534
2782 1534
2783 1534
2784 1534
2785 1534
2786 1534
2787 1534
2788 1534
2789 1534
2790 1534
2791 1534
2792 1534
2793 1535
2794 1535
2795 1535
2796 1535
2797 1535
2798 1534
2799 1533
2800 1532
2801 1531
2801 1530
2802 1529
2803 1529
2803 1528
2804 1527
2805 1526
2806 1525
2807 1524
2807 1523
2807 1522
2808 1521
2809 1520
2809 1519
2809 1518
2809 1517
2810 1516
2810 1515
2811 1514
2811 1513
2811 1512
2811 1511
2812 1510
2812 1509
2813 1508
2813 1507
2813 1506
2813 1505
2814 1504
2814 1503
2815 1502
2815 1501
2815 1500
2815 1499
2816 1498
2816 1497
2816 1496
2816 1495
2816 1494
2816 1493
2816 1492
2816 1491
2815 1490
2815 1489
2815 1488
2815 1487
2814 1486
2813 1485
2813 1484
2813 1483
2812 1482
2812 1481
2811 1480
2811 1479
2811 1478
2811 1477
2810 1476
2810 1475
2810 1474
2810 1473
2810 1472
2810 1471
2809 1470
2809 1469
2809 1468
2809 1467
2808 1466
2808 1465
2807 1464
2807 1463
2807 1462
2807 1461
2806 1460
2805 1459
2804 1458
2804 1457
2803 1456
2803 1455
2802 1454
2801 1453
2801 1452
2801 1451
2800 1450
2800 1449
2800 1448
2800 1447
2800 1446
2800 1445
2799 1444
2799 1443
2798 1442
2798 1441
2797 1440
2797 1439
2796 1438
2796 1437
2795 1436
2795 1435
2795 1434
2795 1433
2794 1432
2793 1431
2792 1430
2791 1429
2790 1428
2789 1428
2788 1428
2787 1428
2786 1427
2785 1427
2784 1427
2783 1427
2782 1426
2781 1426
2780 1426
2779 1426
2778 1425
2777 1425
2776 1425
2775 1425
2774 1425
2773 1425
2772 1425
2771 1425
2770 1425
2769 1425
2768 1425
2767 1425
2766 1425
2765 1425
2764 1425
2763 1425
2762 1424
2761 1424
2760 1424
2759 1424
2758 1423
2757 1423
2756 1423
2755 1423
2754 1422
2753 1422
2752 1422
2751 1422
2750 1421
2749 1421
2748 1421
2747 1421
2746 1421
2745 1421
2744 1421
2743 1421
2742 1421
2741 1421
2740 1421
2739 1421
2738 1421
2737 1421
2736 1421
2735 1421
2734 1421
2733 1421
2732 1420
2731 1420
2730 1420
2729 1420
2728 1419
2727 1419
2726 1419
2725 1419
2724 1419
2723 1419
2722 1419
2721 1419
2720 1419
2719 1419
2718 1419
2717 1419
2716 1419
2715 1419
2714 1419
2713 1419
2712 1419
2711 1419
2710 1419
2709 1419
2708 1419
2707 1419
2706 1418
2705 1418
2704 1418
2703 1418
2702 1417
2701 1417
2700 1417
2699 1417
2698 1417
2697 1417
2696 1417
2695 1417
2694 1416
2693 1416
2692 1415
2691 1415
2690 1414
2689 1413
2688 1412
2687 1412
2686 1412
2685 1412
2684 1411
2683 1411
2682 1411
2681 1411
2680 1410
2679 1410
2678 1410
2677 1409
2676 1408
2675 1408
2674 1408
2673 1408
2672 1407
2671 1407
2670 1407
2669 1407
2668 1407
2667 1407
2666 1407
2665 1407
2664 1407
2663 1407
2662 1407
2661 1407
