997 1097
996 1098
995 1098
994 1098
993 1098
992 1099
991 1099
990 1099
989 1099
988 1099
987 1099
986 1099
985 1099
984 1100
983 1100
982 1100
981 1100
980 1101
979 1101
978 1101
977 1101
976 1101
975 1101
974 1102
973 1102
972 1102
971 1102
970 1103
969 1103
968 1103
967 1103
966 1104
965 1104
964 1104
963 1104
962 1105
961 1105
960 1105
959 1105
958 1106
957 1106
956 1106
955 1106
954 1107
953 1107
952 1108
951 1108
950 1108
949 1108
948 1109
947 1109
946 1109
945 1109
944 1109
943 1109
942 1109
941 1109
940 1110
939 1110
938 1110
937 1110
936 1111
935 1111
934 1111
933 1111
932 1111
931 1111
930 1111
929 1111
928 1111
927 1111
926 1112
925 1112
924 1112
923 1112
922 1113
921 1113
920 1113
919 1113
918 1113
917 1113
916 1113
915 1113
914 1113
913 1113
912 1113
911 1113
910 1113
909 1113
908 1114
907 1114
906 1114
905 1114
904 1115
903 1115
902 1115
901 1115
900 1115
899 1115
898 1115
897 1115
896 1115
895 1115
894 1115
893 1115
892 1116
891 1116
890 1116
889 1116
888 1117
887 1118
886 1118
885 1118
884 1119
883 1119
882 1119
881 1119
880 1120
879 1120
878 1120
877 1120
876 1121
875 1121
874 1121
873 1121
872 1121
871 1121
870 1121
869 1121
868 1122
867 1122
866 1122
865 1122
864 1123
863 1123
862 1123
861 1123
860 1123
859 1123
858 1124
857 1124
856 1124
855 1124
854 1125
853 1125
852 1125
851 1125
850 1125
849 1125
848 1126
847 1126
846 1126
845 1126
844 1127
843 1127
842 1127
841 1127
840 1127
839 1127
838 1127
837 1127
836 1127
835 1127
834 1127
833 1127
832 1127
831 1127
830 1127
829 1127
828 1127
827 1127
826 1127
825 1127
824 1127
823 1127
822 1127
821 1127
820 1127
819 1127
818 1127
817 1127
816 1127
815 1127
814 1127
813 1127
812 1127
811 1127
810 1128
809 1128
808 1128
807 1128
806 1129
805 1129
804 1130
803 1131
802 1132
802 1133
802 1134
801 1135
801 1136
800 1137
800 1138
800 1139
800 1140
799 1141
799 1142
799 1143
799 1144
799 1145
799 1146
799 1147
799 1148
799 1149
799 1150
799 1151
799 1152
799 1153
799 1154
799 1155
799 1156
800 1157
800 1158
800 1159
800 1160
801 1161
802 1162
802 1163
802 1164
803 1165
803 1166
804 1167
804 1168
804 1169
804 1170
805 1171
805 1172
805 1173
805 1174
805 1175
805 1176
805 1177
805 1178
805 1179
805 1180
805 1181
805 1182
804 1183
804 1184
804 1185
804 1186
803 1187
803 1188
804 1189
804 1190
805 1191
805 1192
806 1193
806 1194
807 1195
807 1196
808 1197
808 1198
808 1199
808 1200
809 1201
810 1202
810 1203
810 1204
811 1205
812 1206
812 1207
812 1208
813 1209
814 1210
814 1211
814 1212
815 1213
815 1214
815 1215
815 1216
816 1216
817 1216
818 1216
819 1216
820 1216
821 1217
822 1217
823 1217
824 1217
825 1218
826 1218
827 1218
828 1218
829 1218
830 1218
831 1218
832 1218
833 1218
834 1218
835 1218
836 1218
837 1218
838 1218
839 1218
840 1218
841 1218
842 1218
843 1218
844 1218
845 1218
846 1218
847 1218
848 1218
849 1218
850 1218
851 1218
852 1218
853 1218
854 1218
855 1218
856 1218
857 1218
858 1218
859 1218
860 1218
861 1218
862 1218
863 1218
864 1218
865 1218
866 1218
867 1218
868 1218
869 1218
870 1218
871 1218
872 1218
873 1218
874 1218
875 1218
876 1218
877 1217
878 1217
879 1217
880 1217
881 1216
882 1216
883 1216
884 1216
885 1216
886 1216
887 1216
888 1216
889 1216
890 1216
891 1216
892 1216
893 1216
894 1216
895 1216
896 1216
897 1216
898 1216
899 1216
900 1216
901 1216
902 1216
903 1216
904 1216
905 1216
906 1216
907 1216
908 1216
909 1217
910 1217
911 1217
912 1217
913 1218
914 1218
915 1218
916 1218
917 1218
918 1218
919 1218
920 1218
921 1218
922 1218
923 1218
924 1218
925 1218
926 1218
927 1218
928 1218
929 1219
930 1219
931 1219
932 1219
933 1220
934 1220
935 1220
936 1220
937 1220
938 1220
939 1220
940 1220
941 1220
942 1220
943 1220
944 1220
945 1220
946 1220
947 1220
948 1220
949 1220
950 1220
951 1220
952 1220
953 1220
954 1220
955 1220
956 1220
957 1220
958 1220
959 1221
960 1221
961 1221
962 1221
963 1222
964 1222
965 1222
966 1222
967 1222
968 1222
969 1222
970 1222
971 1222
972 1222
973 1222
974 1222
975 1222
976 1222
977 1222
978 1222
979 1222
980 1222
981 1222
982 1222
983 1222
984 1222
985 1222
986 1222
987 1222
988 1222
989 1222
990 1222
991 1222
992 1222
993 1222
994 1222
995 1222
996 1222
997 1222
998 1222
999 1222
1000 1222
1001 1222
1002 1222
1003 1222
1004 1222
1005 1222
1006 1222
1007 1222
1008 1222
1009 1222
1010 1222
1011 1223
1012 1223
1013 1223
1014 1223
1015 1224
1016 1224
1017 1224
1018 1224
1019 1224
1020 1224
1021 1224
1022 1224
1023 1224
1024 1224
1025 1224
1026 1224
1027 1225
1028 1225
1029 1225
1030 1225
1031 1226
1032 1226
1033 1227
1034 1227
1035 1227
1036 1227
1037 1228
1038 1228
1039 1228
1040 1228
1041 1228
1042 1228
1043 1228
1044 1228
1045 1228
1046 1228
1047 1228
1048 1228
1049 1228
1050 1228
1051 1228
1052 1228
1053 1229
1054 1229
1055 1230
1056 1230
1057 1231
1058 1231
1059 1232
1060 1232
1061 1233
1062 1233
1063 1233
1064 1233
1065 1234
1066 1234
1067 1234
1068 1234
1069 1235
1070 1235
1071 1235
1072 1235
1073 1236
1074 1236
1075 1236
1076 1236
1077 1237
1078 1237
1079 1237
1080 1237
1081 1238
1082 1238
1083 1238
1084 1238
1085 1238
1086 1238
1087 1238
1088 1238
1089 1237
1090 1237
1091 1237
1092 1237
1093 1236
1094 1236
1095 1236
1096 1236
1097 1236
1098 1236
1099 1236
1100 1236
1101 1236
1102 1236
1103 1236
1104 1236
1105 1236
1106 1236
1107 1236
1108 1236
1109 1237
1110 1237
1111 1237
1112 1237
1113 1238
1114 1238
1115 1239
1116 1239
1117 1239
1118 1239
1119 1240
1120 1240
1121 1240
1122 1240
1123 1241
1124 1241
1125 1241
1126 1241
1127 1242
1128 1242
1129 1242
1130 1242
1131 1242
1132 1242
1133 1242
1134 1242
1135 1242
1136 1242
1137 1242
1138 1242
1139 1242
1140 1242
1141 1242
1142 1242
1143 1242
1144 1242
1145 1242
1146 1242
1147 1242
1148 1242
1149 1242
1150 1242
1151 1242
1152 1242
1153 1243
1154 1243
1155 1243
1156 1243
1157 1244
1158 1244
1159 1244
1160 1244
1161 1244
1162 1244
1163 1244
1164 1244
1165 1244
1166 1244
1167 1244
1168 1244
1169 1244
1170 1244
1171 1244
1172 1244
1173 1244
1174 1244
1175 1243
1176 1243
1177 1243
1178 1243
1179 1242
1180 1242
1181 1241
1182 1241
1183 1241
1184 1241
1185 1240
1186 1240
1187 1240
1188 1240
1189 1240
1190 1240
1191 1240
1192 1240
1193 1240
1194 1240
1195 1240
1196 1240
1197 1240
1198 1240
1199 1240
1200 1240
1201 1240
1202 1240
1203 1240
1204 1240
1205 1240
1206 1240
1207 1239
1208 1239
1209 1239
1210 1239
1211 1238
1212 1238
1213 1238
1214 1238
1215 1238
1216 1238
1217 1238
1218 1238
1219 1238
1220 1238
1221 1238
1222 1238
1223 1238
1224 1238
1225 1238
1226 1238
1227 1238
1228 1238
1229 1238
1230 1238
1231 1238
1232 1238
1233 1238
1234 1238
1235 1238
1236 1238
1237 1238
1238 1238
1239 1238
1240 1238
1241 1238
1242 1238
1243 1238
1244 1238
1245 1238
1246 1238
1247 1238
1248 1238
1249 1238
1250 1238
1251 1238
1252 1238
1253 1238
1254 1238
1255 1238
1256 1238
1257 1238
1258 1238
1259 1238
1260 1238
1261 1238
1262 1238
1263 1237
1264 1237
1265 1237
1266 1237
1267 1236
1268 1236
1269 1236
1270 1236
1271 1237
1272 1237
1273 1237
1274 1237
1275 1237
1276 1237
1277 1237
1278 1237
1279 1236
1280 1236
1281 1236
1282 1236
1283 1236
1284 1236
1285 1236
1286 1236
1287 1236
1288 1236
1289 1236
1290 1236
1291 1236
1292 1236
1293 1236
1294 1236
1295 1236
1296 1236
1297 1236
1298 1236
1299 1236
1300 1236
1301 1236
1302 1236
1303 1236
1304 1236
1305 1237
1306 1237
1307 1237
1308 1237
1309 1238
1310 1238
1311 1238
1312 1238
1313 1238
1314 1238
1315 1238
1316 1238
1317 1238
1318 1238
1319 1238
1320 1238
1321 1238
1322 1238
1323 1238
1324 1238
1325 1238
1326 1238
1327 1238
1328 1238
1329 1238
1330 1238
1331 1238
1332 1238
1333 1239
1334 1239
1335 1239
1336 1239
1337 1240
1338 1240
1339 1240
1340 1240
1341 1240
1342 1240
1343 1240
1344 1240
1345 1240
1346 1240
1347 1239
1348 1239
1349 1239
1350 1239
1351 1238
1352 1237
1353 1236
1354 1235
1355 1235
1356 1234
1357 1233
1358 1233
1359 1232
1360 1231
1361 1230
1362 1229
1363 1229
1363 1228
1364 1227
1365 1227
1365 1226
1366 1225
1367 1225
1367 1224
1368 1223
1369 1223
1369 1222
1370 1221
1371 1221
1371 1220
1372 1219
1373 1219
1373 1218
1374 1217
1375 1216
1376 1215
1377 1214
1377 1213
1378 1212
1379 1211
1379 1210
1380 1209
1381 1209
1381 1208
1382 1207
1383 1206
1384 1205
1385 1204
1385 1203
1385 1202
1386 1201
1387 1200
1387 1199
1387 1198
1387 1197
1388 1196
1388 1195
1387 1194
1387 1193
1387 1192
1387 1191
1386 1190
1386 1189
1386 1188
1386 1187
1386 1186
1386 1185
1386 1184
1386 1183
1386 1182
1386 1181
1386 1180
1386 1179
1386 1178
1386 1177
1386 1176
1386 1175
1386 1174
1386 1173
1386 1172
1386 1171
1386 1170
1386 1169
1385 1168
1385 1167
1384 1166
1383 1165
1383 1164
1382 1164
1381 1163
1381 1162
1380 1162
1379 1161
1378 1160
1377 1159
1376 1158
1375 1158
1374 1157
1373 1157
1372 1156
1371 1156
1370 1155
1369 1155
1368 1155
1367 1155
1366 1155
1365 1155
1364 1154
1363 1154
1362 1153
1361 1153
1360 1152
1359 1151
1358 1150
1357 1150
1356 1149
1355 1149
1354 1148
1353 1148
1352 1147
1351 1147
1350 1146
1349 1146
1348 1146
1347 1146
1346 1145
1345 1145
1344 1145
1343 1145
1342 1144
1341 1144
1340 1144
1339 1143
1338 1142
1337 1142
1336 1142
1335 1141
1334 1140
1333 1140
1332 1140
1331 1140
1330 1139
1329 1139
1328 1139
1327 1139
1326 1139
1325 1139
1324 1138
1323 1138
1322 1138
1321 1138
1320 1137
1319 1137
1318 1136
1317 1136
1316 1136
1315 1136
1314 1135
1313 1135
1312 1135
1311 1135
1310 1135
1309 1135
1308 1134
1307 1134
1306 1134
1305 1134
1304 1133
1303 1133
1302 1133
1301 1133
1300 1133
1299 1133
1298 1132
1297 1132
1296 1132
1295 1132
1294 1131
1293 1131
1292 1131
1291 1131
1290 1131
1289 1131
1288 1131
1287 1131
1286 1131
1285 1131
1284 1131
1283 1131
1282 1131
1281 1131
1280 1131
1279 1131
1278 1130
1277 1130
1276 1129
1275 1129
1274 1128
1273 1128
1272 1127
1271 1127
1270 1127
1269 1127
1268 1127
1267 1127
1266 1127
1265 1127
1264 1126
1263 1126
1262 1126
1261 1126
1260 1125
1259 1125
1258 1125
1257 1125
1256 1125
1255 1125
1254 1125
1253 1125
1252 1125
1251 1125
1250 1125
1249 1125
1248 1125
1247 1125
1246 1125
1245 1125
1244 1125
1243 1125
1242 1125
1241 1125
1240 1125
1239 1125
1238 1125
1237 1125
1236 1124
1235 1124
1234 1124
1233 1123
1232 1122
1231 1122
1230 1122
1229 1122
1228 1121
1227 1121
1226 1121
1225 1121
1224 1121
1223 1121
1222 1121
1221 1121
1220 1121
1219 1121
1218 1121
1217 1121
1216 1120
1215 1120
1214 1120
1213 1120
1212 1119
1211 1119
1210 1119
1209 1119
1208 1119
1207 1119
1206 1119
1205 1119
1204 1119
1203 1119
1202 1119
1201 1119
1200 1119
1199 1119
1198 1119
1197 1119
1196 1119
1195 1119
1194 1118
1193 1118
1192 1118
1191 1118
1190 1117
1189 1117
1188 1117
1187 1117
1186 1117
1185 1117
1184 1117
1183 1117
1182 1117
1181 1117
1180 1117
1179 1117
1178 1117
1177 1117
1176 1117
1175 1117
1174 1117
1173 1117
1172 1117
1171 1117
1170 1117
1169 1117
1168 1117
1167 1117
1166 1117
1165 1117
1164 1117
1163 1117
1162 1117
1161 1117
1160 1117
1159 1117
1158 1116
1157 1116
1156 1116
1155 1116
1154 1115
1153 1115
1152 1115
1151 1115
1150 1115
1149 1115
1148 1115
1147 1115
1146 1115
1145 1115
1144 1115
1143 1115
1142 1115
1141 1115
1140 1115
1139 1115
1138 1115
1137 1115
1136 1115
1135 1115
1134 1115
1133 1115
1132 1115
1131 1115
1130 1115
1129 1115
1128 1115
1127 1115
1126 1115
1125 1115
1124 1115
1123 1115
1122 1115
1121 1115
1120 1115
1119 1115
1118 1115
1117 1115
1116 1115
1115 1115
1114 1115
1113 1115
1112 1115
1111 1115
1110 1115
1109 1115
1108 1115
1107 1115
1106 1115
1105 1115
1104 1115
1103 1115
1102 1115
1101 1115
1100 1115
1099 1115
1098 1115
1097 1115
1096 1115
1095 1115
1094 1115
1093 1115
1092 1115
1091 1115
1090 1114
1089 1114
1088 1114
1087 1114
1086 1113
1085 1113
1084 1113
1083 1113
1082 1113
1081 1113
1080 1113
1079 1113
1078 1113
1077 1113
1076 1113
1075 1113
1074 1113
1073 1113
1072 1113
1071 1113
1070 1113
1069 1113
1068 1113
1067 1113
1066 1113
1065 1113
1064 1112
1063 1112
1062 1112
1061 1112
1060 1111
1059 1111
1058 1111
1057 1111
1056 1111
1055 1111
1054 1111
1053 1111
1052 1111
1051 1111
1050 1111
1049 1111
1048 1111
1047 1111
1046 1111
1045 1111
1044 1110
1043 1110
1042 1110
1041 1110
1040 1109
1039 1109
1038 1109
1037 1109
1036 1109
1035 1109
1034 1109
1033 1109
1032 1108
1031 1108
1030 1108
1029 1107
1028 1106
1027 1106
1026 1106
1025 1106
1024 1105
1023 1105
1022 1105
1021 1105
1020 1104
1019 1104
1018 1104
1017 1104
1016 1103
1015 1103
1014 1102
1013 1102
1012 1102
1011 1102
1010 1101
1009 1101
1008 1101
1007 1101
1006 1100
1005 1100
1004 1100
1003 1099
1002 1098
1001 1098
1000 1098
999 1098
998 1097
997 1097
