1049 1061
1048 1062
1047 1062
1046 1062
1045 1062
1044 1063
1043 1063
1042 1064
1041 1064
1040 1064
1039 1064
1038 1065
1037 1066
1036 1067
1035 1067
1034 1068
1033 1068
1032 1069
1031 1069
1030 1069
1029 1069
1028 1069
1027 1069
1026 1068
1025 1068
1024 1068
1023 1068
1022 1067
1021 1067
1020 1068
1019 1068
1018 1068
1017 1068
1016 1069
1015 1069
1014 1070
1013 1070
1012 1070
1011 1070
1010 1071
1009 1071
1008 1071
1007 1071
1006 1072
1005 1072
1004 1072
1003 1072
1002 1073
1001 1073
1000 1073
999 1073
998 1073
997 1073
996 1073
995 1073
994 1073
993 1073
992 1073
991 1073
990 1073
989 1073
988 1073
987 1073
986 1074
985 1074
984 1074
983 1074
982 1075
981 1075
980 1075
979 1075
978 1075
977 1075
976 1075
975 1075
974 1075
973 1075
972 1075
971 1075
970 1075
969 1075
968 1075
967 1075
966 1075
965 1075
964 1076
963 1076
962 1076
961 1076
960 1077
959 1077
958 1077
957 1077
956 1077
955 1077
954 1077
953 1077
952 1077
951 1077
950 1077
949 1077
948 1077
947 1077
946 1077
945 1077
944 1077
943 1077
942 1077
941 1077
940 1077
939 1077
938 1078
937 1078
936 1078
935 1078
934 1079
933 1079
932 1079
931 1079
930 1079
929 1079
928 1079
927 1079
926 1079
925 1079
924 1079
923 1079
922 1079
921 1079
920 1079
919 1079
918 1079
917 1079
916 1079
915 1079
914 1079
913 1079
912 1080
911 1080
910 1080
909 1080
908 1081
907 1081
906 1081
905 1081
904 1081
903 1081
902 1081
901 1081
900 1082
899 1082
898 1082
897 1082
896 1083
895 1083
894 1083
893 1083
892 1083
891 1083
890 1084
889 1084
888 1084
887 1084
886 1085
885 1086
884 1086
883 1086
882 1087
881 1087
880 1087
879 1087
878 1087
877 1087
876 1088
875 1088
874 1088
873 1088
872 1089
871 1089
870 1090
869 1090
868 1091
867 1091
866 1092
865 1092
864 1093
863 1094
862 1095
861 1096
860 1096
860 1097
859 1098
858 1098
858 1099
857 1100
856 1100
856 1101
855 1102
854 1102
854 1103
853 1104
852 1104
852 1105
851 1106
850 1106
850 1107
849 1108
848 1109
848 1110
847 1111
847 1112
847 1113
847 1114
847 1115
847 1116
846 1117
846 1118
846 1119
846 1120
846 1121
846 1122
846 1123
846 1124
847 1125
847 1126
847 1127
847 1128
847 1129
847 1130
847 1131
847 1132
847 1133
847 1134
847 1135
847 1136
847 1137
847 1138
848 1139
848 1140
849 1141
850 1142
850 1143
851 1144
852 1145
852 1146
853 1147
854 1148
855 1149
856 1150
856 1151
857 1151
858 1152
858 1153
859 1153
860 1154
860 1155
861 1155
862 1156
862 1157
863 1158
864 1159
864 1160
865 1161
866 1162
867 1163
868 1164
868 1165
869 1166
870 1167
870 1168
871 1169
872 1170
873 1171
874 1172
874 1173
875 1173
876 1174
877 1175
878 1176
879 1177
880 1177
881 1177
882 1178
883 1179
884 1179
885 1180
886 1180
887 1181
888 1182
889 1183
890 1183
891 1183
892 1184
893 1185
894 1185
895 1185
896 1186
897 1187
898 1187
899 1187
900 1188
901 1189
902 1189
903 1189
904 1190
905 1191
906 1191
907 1191
908 1192
909 1193
910 1193
911 1194
912 1194
913 1195
914 1195
915 1196
916 1196
917 1196
918 1196
919 1196
920 1196
921 1196
922 1196
923 1196
924 1196
925 1197
926 1197
927 1197
928 1198
929 1199
930 1199
931 1199
932 1200
933 1201
934 1201
935 1201
936 1201
937 1202
938 1202
939 1202
940 1202
941 1202
942 1202
943 1202
944 1202
945 1202
946 1202
947 1202
948 1202
949 1202
950 1202
951 1203
952 1203
953 1203
954 1203
955 1204
956 1204
957 1205
958 1205
959 1205
960 1205
961 1206
962 1206
963 1207
964 1207
965 1207
966 1207
967 1208
968 1208
969 1209
970 1209
971 1209
972 1209
973 1210
974 1210
975 1211
976 1211
977 1212
978 1212
979 1213
980 1213
981 1214
982 1214
983 1215
984 1215
985 1216
986 1216
987 1217
988 1218
989 1219
990 1219
991 1219
992 1219
993 1220
994 1220
995 1221
996 1221
997 1221
998 1221
999 1222
1000 1222
1001 1223
1002 1223
1003 1223
1004 1223
1005 1224
1006 1224
1007 1224
1008 1224
1009 1225
1010 1225
1011 1225
1012 1225
1013 1226
1014 1226
1015 1226
1016 1226
1017 1226
1018 1226
1019 1227
1020 1227
1021 1227
1022 1227
1023 1228
1024 1228
1025 1228
1026 1228
1027 1227
1028 1227
1029 1227
1030 1227
1031 1226
1032 1226
1033 1226
1034 1226
1035 1226
1036 1226
1037 1225
1038 1225
1039 1225
1040 1225
1041 1224
1042 1224
1043 1224
1044 1224
1045 1224
1046 1224
1047 1224
1048 1224
1049 1224
1050 1224
1051 1225
1052 1225
1053 1225
1054 1225
1055 1226
1056 1226
1057 1226
1058 1226
1059 1227
1060 1227
1061 1227
1062 1227
1063 1228
1064 1228
1065 1228
1066 1228
1067 1229
1068 1229
1069 1229
1070 1229
1071 1230
1072 1230
1073 1230
1074 1230
1075 1230
1076 1230
1077 1231
1078 1231
1079 1231
1080 1231
1081 1232
1082 1232
1083 1232
1084 1232
1085 1232
1086 1232
1087 1232
1088 1232
1089 1231
1090 1231
1091 1231
1092 1231
1093 1230
1094 1230
1095 1230
1096 1230
1097 1229
1098 1229
1099 1229
1100 1229
1101 1228
1102 1228
1103 1227
1104 1227
1105 1227
1106 1227
1107 1226
1108 1226
1109 1225
1110 1225
1111 1225
1112 1225
1113 1224
1114 1223
1115 1223
1116 1223
1117 1222
1118 1221
1119 1221
1120 1221
1121 1220
1122 1219
1123 1219
1124 1219
1125 1218
1126 1217
1127 1217
1128 1217
1129 1216
1130 1216
1131 1215
1132 1215
1133 1215
1134 1215
1135 1214
1136 1213
1137 1213
1138 1213
1139 1212
1140 1211
1141 1210
1142 1209
1143 1209
1143 1208
1144 1207
1145 1207
1145 1206
1146 1205
1147 1205
1147 1204
1148 1203
1149 1202
1150 1201
1151 1200
1151 1199
1152 1198
1153 1197
1153 1196
1154 1195
1155 1195
1155 1194
1156 1193
1157 1193
1157 1192
1158 1191
1159 1191
1159 1190
1160 1189
1161 1189
1161 1188
1162 1187
1163 1187
1163 1186
1164 1185
1165 1185
1165 1184
1166 1183
1167 1182
1168 1181
1169 1180
1169 1179
1170 1178
1171 1177
1171 1176
1172 1175
1173 1175
1173 1174
1174 1173
1175 1172
1175 1171
1176 1170
1176 1169
1176 1168
1176 1167
1177 1166
1177 1165
1177 1164
1177 1163
1178 1162
1178 1161
1179 1160
1179 1159
1179 1158
1179 1157
1180 1156
1180 1155
1180 1154
1180 1153
1180 1152
1180 1151
1180 1150
1180 1149
1180 1148
1180 1147
1180 1146
1180 1145
1180 1144
1180 1143
1180 1142
1180 1141
1180 1140
1180 1139
1180 1138
1180 1137
1180 1136
1180 1135
1180 1134
1180 1133
1180 1132
1180 1131
1180 1130
1180 1129
1180 1128
1180 1127
1180 1126
1180 1125
1180 1124
1180 1123
1180 1122
1180 1121
1179 1120
1179 1119
1179 1118
1179 1117
1178 1116
1178 1115
1178 1114
1178 1113
1177 1112
1177 1111
1177 1110
1177 1109
1176 1108
1176 1107
1176 1106
1176 1105
1176 1104
1176 1103
1175 1102
1175 1101
1174 1100
1173 1099
1173 1098
1172 1098
1171 1097
1171 1096
1170 1096
1169 1095
1169 1094
1168 1094
1167 1093
1167 1092
1166 1092
1165 1091
1165 1090
1164 1090
1163 1089
1162 1088
1161 1088
1160 1087
1159 1087
1158 1086
1157 1086
1156 1086
1155 1085
1154 1084
1153 1084
1152 1083
1151 1083
1150 1082
1149 1081
1148 1080
1147 1080
1146 1080
1145 1080
1144 1079
1143 1079
1142 1079
1141 1079
1140 1078
1139 1078
1138 1077
1137 1077
1136 1076
1135 1076
1134 1075
1133 1075
1132 1075
1131 1075
1130 1074
1129 1074
1128 1074
1127 1074
1126 1073
1125 1073
1124 1072
1123 1072
1122 1072
1121 1072
1120 1071
1119 1071
1118 1070
1117 1070
1116 1070
1115 1069
1114 1068
1113 1068
1112 1068
1111 1067
1110 1066
1109 1066
1108 1066
1107 1066
1106 1065
1105 1065
1104 1065
1103 1065
1102 1065
1101 1065
1100 1065
1099 1065
1098 1065
1097 1065
1096 1064
1095 1064
1094 1064
1093 1064
1092 1063
1091 1063
1090 1063
1089 1063
1088 1063
1087 1063
1086 1062
1085 1062
1084 1062
1083 1062
1082 1061
1081 1061
1080 1061
1079 1061
1078 1061
1077 1061
1076 1061
1075 1061
1074 1061
1073 1061
1072 1061
1071 1061
1070 1061
1069 1061
1068 1061
1067 1061
1066 1061
1065 1061
1064 1061
1063 1061
1062 1061
1061 1061
1060 1061
1059 1061
1058 1061
1057 1061
1056 1061
1055 1061
1054 1061
1053 1061
1052 1061
1051 1061
1050 1061
1049 1061
