2509 1289
2508 1290
2507 1290
2506 1290
2505 1290
2504 1291
2503 1291
2502 1291
2501 1291
2500 1292
2499 1292
2498 1292
2497 1292
2496 1293
2495 1293
2494 1294
2493 1294
2492 1294
2491 1294
2490 1295
2489 1296
2488 1296
2487 1296
2486 1297
2485 1297
2484 1297
2483 1297
2482 1297
2481 1297
2480 1297
2479 1297
2478 1298
2477 1298
2476 1298
2475 1298
2474 1299
2473 1299
2472 1300
2471 1300
2470 1300
2469 1300
2468 1301
2467 1301
2466 1302
2465 1302
2464 1302
2463 1302
2462 1303
2461 1304
2460 1304
2459 1304
2458 1305
2457 1305
2456 1305
2455 1305
2454 1306
2453 1306
2452 1307
2451 1307
2450 1308
2449 1308
2448 1309
2447 1310
2446 1310
2445 1310
2444 1311
2443 1312
2442 1312
2441 1312
2440 1313
2439 1313
2438 1314
2437 1314
2436 1315
2435 1316
2434 1316
2433 1317
2432 1318
2431 1318
2430 1319
2429 1319
2428 1319
2427 1319
2426 1319
2425 1319
2424 1319
2423 1319
2422 1319
2421 1319
2420 1319
2419 1319
2418 1319
2417 1319
2416 1320
2415 1320
2414 1320
2413 1320
2412 1321
2411 1321
2410 1321
2409 1321
2408 1321
2407 1321
2406 1321
2405 1321
2404 1321
2403 1321
2402 1321
2401 1321
2400 1321
2399 1321
2398 1321
2397 1321
2396 1321
2395 1321
2394 1322
2393 1322
2392 1322
2391 1322
2390 1323
2389 1323
2388 1323
2387 1323
2386 1322
2385 1322
2384 1322
2383 1322
2382 1321
2381 1321
2380 1321
2379 1321
2378 1321
2377 1321
2376 1321
2375 1321
2374 1321
2373 1321
2372 1321
2371 1321
2370 1321
2369 1321
2368 1322
2367 1322
2366 1322
2365 1322
2364 1323
2363 1323
2362 1323
2361 1323
2360 1323
2359 1323
2358 1323
2357 1323
2356 1323
2355 1323
2354 1324
2353 1324
2352 1324
2351 1324
2350 1325
2349 1325
2348 1325
2347 1325
2346 1325
2345 1325
2344 1325
2343 1325
2342 1325
2341 1325
2340 1325
2339 1325
2338 1325
2337 1325
2336 1325
2335 1325
2334 1325
2333 1325
2332 1325
2331 1325
2330 1325
2329 1325
2328 1325
2327 1325
2326 1325
2325 1325
2324 1325
2323 1325
2322 1325
2321 1325
2320 1326
2319 1326
2318 1326
2317 1326
2316 1327
2315 1327
2314 1328
2313 1328
2312 1328
2311 1328
2310 1329
2309 1329
2308 1330
2307 1330
2306 1330
2305 1330
2304 1331
2303 1331
2302 1332
2301 1332
2300 1333
2299 1334
2298 1334
2298 1335
2297 1336
2296 1336
2296 1337
2295 1338
2294 1338
2293 1339
2292 1340
2291 1340
2290 1341
2289 1341
2288 1341
2287 1341
2286 1341
2285 1341
2284 1341
2283 1341
2282 1341
2281 1341
2280 1341
2279 1341
2278 1342
2277 1342
2276 1343
2275 1344
2274 1344
2273 1345
2272 1346
2271 1346
2270 1347
2269 1347
2268 1347
2267 1347
2266 1347
2265 1347
2264 1347
2263 1347
2262 1348
2261 1348
2260 1348
2259 1348
2258 1349
2257 1349
2256 1350
2255 1350
2254 1350
2253 1350
2252 1351
2251 1352
2250 1352
2249 1352
2248 1353
2247 1354
2246 1354
2245 1354
2244 1355
2243 1355
2242 1355
2241 1355
2240 1356
2239 1356
2238 1356
2237 1356
2236 1357
2235 1357
2234 1357
2233 1357
2232 1358
2231 1358
2230 1358
2229 1358
2228 1359
2227 1359
2226 1359
2225 1359
2224 1360
2223 1360
2222 1360
2221 1360
2220 1361
2219 1361
2218 1361
2217 1361
2216 1362
2215 1362
2214 1362
2213 1362
2212 1363
2211 1363
2210 1363
2209 1363
2208 1364
2207 1364
2206 1364
2205 1364
2204 1365
2203 1365
2202 1366
2201 1366
2200 1366
2199 1366
2198 1367
2197 1367
2196 1367
2195 1367
2194 1368
2193 1368
2192 1368
2191 1368
2190 1369
2189 1370
2188 1370
2187 1370
2186 1371
2185 1371
2184 1371
2183 1371
2182 1372
2181 1372
2180 1372
2179 1372
2178 1373
2177 1373
2176 1373
2175 1373
2174 1373
2173 1373
2172 1374
2171 1374
2170 1374
2169 1374
2168 1375
2167 1376
2166 1376
2165 1376
2164 1377
2163 1377
2162 1378
2161 1378
2160 1378
2159 1378
2158 1379
2157 1379
2156 1378
2155 1378
2154 1378
2153 1378
2152 1377
2151 1377
2150 1378
2149 1378
2148 1379
2147 1380
2146 1380
2145 1381
2144 1382
2143 1382
2142 1383
2141 1384
2140 1384
2139 1384
2138 1385
2137 1385
2136 1385
2135 1385
2134 1385
2133 1385
2132 1386
2131 1386
2130 1386
2129 1386
2128 1387
2127 1387
2126 1388
2125 1388
2124 1389
2123 1389
2122 1390
2121 1390
2120 1391
2119 1391
2118 1391
2117 1391
2116 1391
2115 1391
2114 1391
2113 1391
2112 1391
2111 1391
2110 1392
2109 1392
2108 1392
2107 1392
2106 1393
2105 1393
2104 1393
2103 1393
2102 1393
2101 1393
2100 1393
2099 1393
2098 1394
2097 1394
2096 1394
2095 1394
2094 1395
2093 1395
2092 1395
2091 1395
2090 1395
2089 1395
2088 1395
2087 1395
2086 1395
2085 1395
2084 1395
2083 1395
2082 1395
2081 1395
2080 1395
2079 1395
2078 1395
2077 1395
2076 1395
2075 1395
2074 1395
2073 1395
2072 1395
2071 1395
2070 1395
2069 1395
2068 1395
2067 1395
2066 1395
2065 1395
2064 1395
2063 1395
2062 1395
2061 1395
2060 1395
2059 1395
2058 1395
2057 1395
2056 1395
2055 1395
2054 1396
2053 1396
2052 1396
2051 1396
2050 1397
2049 1397
2048 1397
2047 1397
2046 1397
2045 1397
2044 1397
2043 1397
2042 1398
2041 1398
2040 1399
2039 1400
2038 1400
2037 1401
2036 1402
2035 1402
2034 1403
2033 1403
2032 1402
2031 1402
2030 1402
2029 1402
2028 1401
2027 1401
2026 1401
2025 1401
2024 1401
2023 1401
2022 1400
2021 1400
2020 1400
2019 1400
2018 1399
2017 1399
2016 1399
2015 1399
2014 1400
2013 1400
2012 1400
2011 1400
2010 1401
2009 1401
2008 1402
2007 1402
2006 1402
2005 1402
2004 1403
2003 1403
2002 1403
2001 1403
2000 1404
1999 1404
1998 1404
1997 1404
1996 1405
1995 1405
1994 1405
1993 1405
1992 1405
1991 1405
1990 1405
1989 1405
1988 1405
1987 1405
1986 1405
1985 1405
1984 1405
1983 1405
1982 1405
1981 1405
1980 1405
1979 1405
1978 1405
1977 1405
1976 1406
1975 1406
1974 1406
1973 1406
1972 1407
1971 1407
1970 1407
1969 1407
1968 1407
1967 1407
1966 1408
1965 1408
1964 1408
1963 1408
1962 1409
1961 1409
1960 1409
1959 1409
1958 1409
1957 1409
1956 1409
1955 1409
1954 1409
1953 1409
1952 1409
1951 1409
1950 1409
1949 1409
1948 1409
1947 1409
1946 1409
1945 1409
1944 1409
1943 1409
1942 1409
1941 1409
1940 1409
1939 1409
1938 1409
1937 1409
1936 1409
1935 1409
1934 1409
1933 1409
1932 1409
1931 1409
1930 1409
1929 1409
1928 1409
1927 1409
1926 1409
1925 1409
1924 1410
1923 1410
1922 1411
1921 1411
1920 1412
1919 1412
1918 1413
1917 1413
1916 1414
1915 1414
1914 1414
1913 1414
1912 1415
1911 1415
1910 1415
1909 1415
1908 1415
1907 1415
1906 1415
1905 1415
1904 1415
1903 1415
1902 1415
1901 1415
1900 1415
1899 1415
1898 1415
1897 1415
1896 1415
1895 1415
1894 1415
1893 1415
1892 1416
1891 1416
1890 1416
1889 1416
1888 1417
1887 1417
1886 1416
1885 1416
1884 1416
1883 1416
1882 1415
1881 1415
1880 1416
1879 1416
1878 1416
1877 1416
1876 1417
1875 1417
1874 1417
1873 1417
1872 1417
1871 1417
1870 1418
1869 1418
1868 1418
1867 1418
1866 1419
1865 1419
1864 1419
1863 1419
1862 1419
1861 1419
1860 1419
1859 1419
1858 1419
1857 1419
1856 1419
1855 1419
1854 1419
1853 1419
1852 1419
1851 1419
1850 1419
1849 1419
1848 1419
1847 1419
1846 1419
1845 1419
1844 1419
1843 1419
1842 1419
1841 1419
1840 1419
1839 1419
1838 1419
1837 1419
1836 1419
1835 1419
1834 1419
1833 1419
1832 1419
1831 1419
1830 1420
1829 1420
1828 1421
1827 1421
1826 1422
1825 1422
1824 1423
1823 1423
1822 1423
1821 1423
1820 1423
1819 1423
1818 1423
1817 1423
1816 1423
1815 1423
1814 1423
1813 1423
1812 1423
1811 1423
1810 1423
1809 1423
1808 1424
1807 1424
1806 1424
1805 1424
1804 1425
1803 1426
1802 1426
1801 1426
1800 1427
1799 1427
1798 1427
1797 1427
1796 1427
1795 1427
1794 1427
1793 1427
1792 1427
1791 1427
1790 1427
1789 1427
1788 1426
1787 1426
1786 1426
1785 1426
1784 1426
1783 1426
1782 1426
1781 1426
1780 1427
1779 1428
1778 1428
1777 1428
1776 1429
1775 1429
1774 1429
1773 1429
1772 1429
1771 1429
1770 1429
1769 1429
1768 1429
1767 1429
1766 1429
1765 1429
1764 1429
1763 1429
1762 1429
1761 1429
1760 1430
1759 1430
1758 1430
1757 1430
1756 1431
1755 1432
1754 1433
1754 1434
1753 1435
1753 1436
1753 1437
1753 1438
1753 1439
1753 1440
1753 1441
1753 1442
1753 1443
1753 1444
1753 1445
1753 1446
1754 1447
1754 1448
1755 1449
1755 1450
1756 1451
1756 1452
1757 1453
1758 1454
1759 1455
1759 1456
1760 1457
1760 1458
1761 1459
1762 1460
1763 1461
1763 1462
1764 1463
1764 1464
1765 1465
1766 1466
1767 1467
1767 1468
1768 1469
1768 1470
1769 1471
1770 1472
1771 1473
1772 1474
1772 1475
1773 1475
1774 1476
1774 1477
1775 1477
1776 1478
1776 1479
1777 1479
1778 1480
1778 1481
1779 1481
1780 1482
1780 1483
1781 1483
1782 1484
1782 1485
1783 1486
1784 1487
1784 1488
1785 1489
1786 1490
1787 1491
1788 1492
1789 1493
1790 1493
1791 1494
1792 1494
1793 1495
1794 1495
1795 1495
1796 1496
1797 1497
1798 1497
1799 1497
1800 1497
1801 1498
1802 1498
1803 1498
1804 1498
1805 1498
1806 1498
1807 1498
1808 1498
1809 1498
1810 1498
1811 1498
1812 1498
1813 1499
1814 1499
1815 1499
1816 1500
1817 1501
1818 1501
1819 1501
1820 1501
1821 1502
1822 1502
1823 1502
1824 1502
1825 1503
1826 1503
1827 1504
1828 1504
1829 1505
1830 1506
1831 1507
1832 1507
1833 1507
1834 1507
1835 1508
1836 1508
1837 1508
1838 1508
1839 1509
1840 1509
1841 1509
1842 1510
1843 1511
1844 1511
1845 1512
1846 1512
1847 1513
1848 1514
1849 1515
1850 1515
1851 1515
1852 1516
1853 1517
1854 1517
1855 1518
1856 1519
1857 1519
1858 1520
1859 1521
1860 1521
1861 1522
1862 1522
1863 1523
1864 1523
1865 1523
1866 1523
1867 1524
1868 1524
1869 1524
1870 1524
1871 1525
1872 1525
1873 1525
1874 1525
1875 1526
1876 1526
1877 1526
1878 1526
1879 1526
1880 1526
1881 1526
1882 1526
1883 1526
1884 1526
1885 1526
1886 1526
1887 1526
1888 1526
1889 1526
1890 1526
1891 1526
1892 1526
1893 1526
1894 1526
1895 1526
1896 1526
1897 1526
1898 1526
1899 1526
1900 1526
1901 1526
1902 1526
1903 1527
1904 1527
1905 1527
1906 1527
1907 1528
1908 1528
1909 1528
1910 1528
1911 1528
1912 1528
1913 1528
1914 1528
1915 1528
1916 1528
1917 1528
1918 1528
1919 1528
1920 1528
1921 1528
1922 1528
1923 1528
1924 1528
1925 1528
1926 1528
1927 1529
1928 1529
1929 1529
1930 1529
1931 1530
1932 1530
1933 1530
1934 1530
1935 1530
1936 1530
1937 1530
1938 1530
1939 1530
1940 1530
1941 1530
1942 1530
1943 1530
1944 1530
1945 1531
1946 1531
1947 1531
1948 1532
1949 1533
1950 1533
1951 1533
1952 1533
1953 1534
1954 1534
1955 1534
1956 1534
1957 1534
1958 1534
1959 1534
1960 1534
1961 1534
1962 1534
1963 1534
1964 1534
1965 1534
1966 1534
1967 1534
1968 1534
1969 1534
1970 1534
1971 1535
1972 1535
1973 1536
1974 1537
1975 1537
1976 1538
1977 1539
1978 1539
1979 1540
1980 1540
1981 1539
1982 1539
1983 1539
1984 1539
1985 1538
1986 1537
1987 1537
1988 1537
1989 1536
1990 1535
1991 1534
1992 1534
1993 1533
1994 1533
1995 1532
1996 1531
1997 1531
1998 1531
1999 1530
2000 1530
2001 1530
2002 1530
2003 1530
2004 1530
2005 1530
2006 1530
2007 1530
2008 1530
2009 1530
2010 1530
2011 1530
2012 1530
2013 1531
2014 1531
2015 1531
2016 1531
2017 1532
2018 1532
2019 1532
2020 1532
2021 1532
2022 1532
2023 1532
2024 1532
2025 1532
2026 1532
2027 1533
2028 1533
2029 1533
2030 1534
2031 1535
2032 1535
2033 1535
2034 1535
2035 1536
2036 1536
2037 1536
2038 1536
2039 1537
2040 1537
2041 1538
2042 1538
2043 1539
2044 1539
2045 1539
2046 1539
2047 1538
2048 1537
2049 1537
2050 1536
2051 1535
2052 1535
2053 1534
2054 1533
2055 1533
2056 1533
2057 1532
2058 1532
2059 1531
2060 1531
2061 1531
2062 1531
2063 1530
2064 1530
2065 1530
2066 1530
2067 1530
2068 1530
2069 1530
2070 1530
2071 1530
2072 1530
2073 1531
2074 1531
2075 1531
2076 1532
2077 1533
2078 1533
2079 1532
2080 1532
2081 1533
2082 1533
2083 1532
2084 1532
2085 1532
2086 1532
2087 1532
2088 1532
2089 1532
2090 1532
2091 1531
2092 1531
2093 1531
2094 1531
2095 1530
2096 1530
2097 1530
2098 1530
2099 1530
2100 1530
2101 1530
2102 1530
2103 1530
2104 1530
2105 1530
2106 1530
2107 1530
2108 1530
2109 1530
2110 1530
2111 1530
2112 1530
2113 1530
2114 1530
2115 1530
2116 1530
2117 1530
2118 1530
2119 1530
2120 1530
2121 1530
2122 1530
2123 1530
2124 1530
2125 1530
2126 1530
2127 1530
2128 1530
2129 1530
2130 1530
2131 1530
2132 1530
2133 1530
2134 1530
2135 1530
2136 1530
2137 1530
2138 1530
2139 1530
2140 1530
2141 1530
2142 1530
2143 1530
2144 1530
2145 1530
2146 1530
2147 1530
2148 1530
2149 1530
2150 1530
2151 1530
2152 1530
2153 1530
2154 1530
2155 1530
2156 1530
2157 1530
2158 1530
2159 1530
2160 1530
2161 1530
2162 1530
2163 1530
2164 1530
2165 1530
2166 1530
2167 1530
2168 1530
2169 1530
2170 1530
2171 1530
2172 1530
2173 1531
2174 1531
2175 1531
2176 1531
2177 1532
2178 1532
2179 1532
2180 1532
2181 1532
2182 1532
2183 1532
2184 1532
2185 1531
2186 1531
2187 1531
2188 1531
2189 1530
2190 1530
2191 1529
2192 1529
2193 1529
2194 1529
2195 1528
2196 1528
2197 1528
2198 1528
2199 1527
2200 1527
2201 1527
2202 1527
2203 1526
2204 1526
2205 1525
2206 1525
2207 1525
2208 1525
2209 1524
2210 1524
2211 1524
2212 1524
2213 1524
2214 1524
2215 1525
2216 1525
2217 1526
2218 1527
2219 1527
2220 1528
2221 1529
2222 1529
2223 1530
2224 1530
2225 1530
2226 1530
2227 1530
2228 1530
2229 1530
2230 1530
2231 1530
2232 1530
2233 1530
2234 1530
2235 1530
2236 1530
2237 1530
2238 1530
2239 1529
2240 1529
2241 1529
2242 1529
2243 1528
2244 1527
2245 1527
2246 1527
2247 1526
2248 1526
2249 1526
2250 1526
2251 1526
2252 1526
2253 1526
2254 1526
2255 1526
2256 1526
2257 1525
2258 1525
2259 1525
2260 1525
2261 1524
2262 1524
2263 1524
2264 1524
2265 1524
2266 1524
2267 1523
2268 1523
2269 1523
2270 1523
2271 1522
2272 1522
2273 1522
2274 1522
2275 1522
2276 1522
2277 1522
2278 1522
2279 1522
2280 1522
2281 1522
2282 1522
2283 1522
2284 1522
2285 1522
2286 1522
2287 1522
2288 1522
2289 1522
2290 1522
2291 1522
2292 1522
2293 1522
2294 1522
2295 1522
2296 1522
2297 1522
2298 1522
2299 1522
2300 1522
2301 1522
2302 1522
2303 1522
2304 1522
2305 1522
2306 1522
2307 1522
2308 1522
2309 1521
2310 1521
2311 1521
2312 1521
2313 1520
2314 1520
2315 1520
2316 1520
2317 1520
2318 1520
2319 1520
2320 1520
2321 1520
2322 1520
2323 1520
2324 1520
2325 1520
2326 1520
2327 1520
2328 1520
2329 1520
2330 1520
2331 1520
2332 1520
2333 1520
2334 1520
2335 1520
2336 1520
2337 1520
2338 1520
2339 1520
2340 1520
2341 1520
2342 1520
2343 1520
2344 1520
2345 1520
2346 1520
2347 1520
2348 1520
2349 1520
2350 1520
2351 1520
2352 1520
2353 1520
2354 1520
2355 1520
2356 1520
2357 1520
2358 1520
2359 1520
2360 1520
2361 1520
2362 1520
2363 1520
2364 1520
2365 1520
2366 1520
2367 1520
2368 1520
2369 1520
2370 1520
2371 1520
2372 1520
2373 1519
2374 1519
2375 1519
2376 1519
2377 1518
2378 1518
2379 1518
2380 1518
2381 1518
2382 1518
2383 1518
2384 1518
2385 1518
2386 1518
2387 1517
2388 1517
2389 1517
2390 1517
2391 1516
2392 1516
2393 1516
2394 1516
2395 1516
2396 1516
2397 1516
2398 1516
2399 1516
2400 1516
2401 1515
2402 1515
2403 1514
2404 1513
2405 1513
2405 1512
2406 1511
2407 1511
2408 1510
2409 1509
2410 1509
2411 1508
2412 1508
2413 1507
2414 1507
2415 1507
2416 1507
2417 1506
2418 1506
2419 1506
2420 1506
2421 1506
2422 1506
2423 1506
2424 1506
2425 1506
2426 1506
2427 1506
2428 1506
2429 1506
2430 1506
2431 1506
2432 1506
2433 1506
2434 1506
2435 1507
2436 1507
2437 1507
2438 1508
2439 1509
2440 1509
2441 1509
2442 1509
2443 1510
2444 1510
2445 1510
2446 1510
2447 1510
2448 1510
2449 1510
2450 1510
2451 1510
2452 1510
2453 1510
2454 1510
2455 1510
2456 1510
2457 1510
2458 1510
2459 1510
2460 1510
2461 1510
2462 1510
2463 1510
2464 1510
2465 1509
2466 1509
2467 1509
2468 1509
2469 1508
2470 1508
2471 1508
2472 1508
2473 1508
2474 1508
2475 1508
2476 1508
2477 1508
2478 1508
2479 1508
2480 1508
2481 1509
2482 1509
2483 1509
2484 1510
2485 1511
2486 1511
2487 1511
2488 1512
2489 1513
2490 1513
2491 1513
2492 1513
2493 1514
2494 1514
2495 1514
2496 1514
2497 1514
2498 1514
2499 1514
2500 1514
2501 1514
2502 1514
2503 1514
2504 1514
2505 1514
2506 1514
2507 1514
2508 1514
2509 1515
2510 1515
2511 1515
2512 1515
2513 1516
2514 1516
2515 1516
2516 1516
2517 1516
2518 1516
2519 1516
2520 1516
2521 1516
2522 1516
2523 1516
2524 1516
2525 1516
2526 1516
2527 1516
2528 1516
2529 1516
2530 1516
2531 1516
2532 1516
2533 1516
2534 1516
2535 1516
2536 1516
2537 1516
2538 1516
2539 1516
2540 1516
2541 1516
2542 1516
2543 1516
2544 1516
2545 1516
2546 1516
2547 1516
2548 1516
2549 1516
2550 1516
2551 1516
2552 1516
2553 1516
2554 1516
2555 1516
2556 1516
2557 1516
2558 1516
2559 1516
2560 1516
2561 1516
2562 1516
2563 1516
2564 1516
2565 1516
2566 1516
2567 1516
2568 1516
2569 1516
2570 1516
2571 1516
2572 1516
2573 1516
2574 1516
2575 1516
2576 1516
2577 1516
2578 1516
2579 1516
2580 1516
2581 1516
2582 1516
2583 1516
2584 1516
2585 1516
2586 1516
2587 1516
2588 1516
2589 1516
2590 1516
2591 1516
2592 1516
2593 1516
2594 1516
2595 1516
2596 1516
2597 1516
2598 1516
2599 1516
2600 1516
2601 1516
2602 1516
2603 1516
2604 1516
2605 1516
2606 1516
2607 1516
2608 1516
2609 1516
2610 1516
2611 1516
2612 1516
2613 1515
2614 1515
2615 1515
2616 1515
2617 1514
2618 1514
2619 1514
2620 1514
2621 1514
2622 1514
2623 1514
2624 1514
2625 1514
2626 1514
2627 1514
2628 1514
2629 1514
2630 1514
2631 1514
2632 1514
2633 1514
2634 1514
2635 1514
2636 1514
2637 1514
2638 1514
2639 1514
2640 1514
2641 1514
2642 1514
2643 1514
2644 1514
2645 1514
2646 1514
2647 1514
2648 1514
2649 1514
2650 1514
2651 1514
2652 1514
2653 1514
2654 1514
2655 1514
2656 1514
2657 1514
2658 1514
2659 1514
2660 1514
2661 1514
2662 1514
2663 1514
2664 1514
2665 1514
2666 1514
2667 1514
2668 1514
2669 1514
2670 1514
2671 1514
2672 1514
2673 1514
2674 1514
2675 1514
2676 1514
2677 1514
2678 1514
2679 1514
2680 1514
2681 1514
2682 1514
2683 1514
2684 1514
2685 1514
2686 1514
2687 1514
2688 1514
2689 1514
2690 1514
2691 1514
2692 1514
2693 1514
2694 1514
2695 1514
2696 1514
2697 1514
2698 1514
2699 1514
2700 1514
2701 1514
2702 1514
2703 1514
2704 1514
2705 1514
2706 1514
2707 1513
2708 1513
2709 1512
2710 1511
2711 1511
2711 1510
2712 1509
2713 1508
2713 1507
2714 1506
2714 1505
2714 1504
2714 1503
2714 1502
2714 1501
2714 1500
2714 1499
2714 1498
2714 1497
2714 1496
2714 1495
2714 1494
2714 1493
2714 1492
2714 1491
2714 1490
2714 1489
2714 1488
2714 1487
2714 1486
2714 1485
2714 1484
2714 1483
2714 1482
2714 1481
2714 1480
2714 1479
2714 1478
2714 1477
2714 1476
2714 1475
2715 1474
2715 1473
2715 1472
2715 1471
2716 1470
2716 1469
2716 1468
2716 1467
2717 1466
2717 1465
2718 1464
2718 1463
2719 1462
2720 1461
2721 1460
2721 1459
2722 1458
2722 1457
2723 1456
2723 1455
2724 1454
2724 1453
2724 1452
2724 1451
2724 1450
2724 1449
2724 1448
2724 1447
2724 1446
2724 1445
2724 1444
2724 1443
2725 1442
2725 1441
2725 1440
2725 1439
2726 1438
2726 1437
2726 1436
2726 1435
2726 1434
2726 1433
2726 1432
2726 1431
2726 1430
2726 1429
2725 1428
2725 1427
2725 1426
2725 1425
2724 1424
2724 1423
2724 1422
2724 1421
2724 1420
2724 1419
2724 1418
2724 1417
2723 1416
2723 1415
2723 1414
2723 1413
2722 1412
2722 1411
2721 1410
2721 1409
2721 1408
2721 1407
2720 1406
2719 1405
2719 1404
2719 1403
2718 1402
2718 1401
2718 1400
2718 1399
2718 1398
2718 1397
2718 1396
2718 1395
2717 1394
2717 1393
2717 1392
2717 1391
2716 1390
2716 1389
2716 1388
2716 1387
2716 1386
2716 1385
2716 1384
2716 1383
2716 1382
2716 1381
2716 1380
2716 1379
2716 1378
2716 1377
2715 1376
2715 1375
2715 1374
2715 1373
2714 1372
2714 1371
2714 1370
2714 1369
2714 1368
2714 1367
2714 1366
2714 1365
2714 1364
2714 1363
2713 1362
2713 1361
2713 1360
2713 1359
2712 1358
2711 1357
2710 1356
2709 1356
2708 1355
2707 1355
2706 1355
2705 1355
2704 1354
2703 1354
2702 1353
2701 1352
2700 1351
2699 1350
2699 1349
2698 1348
2697 1347
2696 1346
2695 1345
2694 1344
2693 1343
2692 1342
2691 1342
2690 1341
2689 1340
2688 1340
2687 1339
2687 1338
2686 1338
2685 1337
2685 1336
2684 1335
2683 1334
2683 1333
2682 1332
2681 1331
2681 1330
2681 1329
2680 1328
2680 1327
2680 1326
2680 1325
2680 1324
2680 1323
2679 1322
2679 1321
2678 1320
2677 1319
2676 1318
2675 1318
2674 1318
2673 1318
2672 1317
2671 1317
2670 1317
2669 1317
2668 1316
2667 1316
2666 1316
2665 1315
2664 1314
2663 1314
2662 1314
2661 1314
2660 1313
2659 1313
2658 1312
2657 1312
2656 1312
2655 1312
2654 1311
2653 1311
2652 1310
2651 1310
2650 1310
2649 1310
2648 1309
2647 1309
2646 1309
2645 1309
2644 1309
2643 1309
2642 1308
2641 1308
2640 1308
2639 1308
2638 1307
2637 1307
2636 1308
2635 1308
2634 1308
2633 1308
2632 1309
2631 1309
2630 1309
2629 1309
2628 1309
2627 1309
2626 1309
2625 1309
2624 1308
2623 1308
2622 1308
2621 1307
2620 1306
2619 1306
2618 1306
2617 1305
2616 1304
2615 1304
2614 1304
2613 1304
2612 1303
2611 1303
2610 1302
2609 1302
2608 1302
2607 1301
2606 1300
2605 1300
2604 1300
2603 1300
2602 1299
2601 1299
2600 1299
2599 1299
2598 1299
2597 1299
2596 1298
2595 1298
2594 1298
2593 1298
2592 1297
2591 1297
2590 1297
2589 1297
2588 1297
2587 1297
2586 1297
2585 1297
2584 1297
2583 1297
2582 1297
2581 1297
2580 1296
2579 1296
2578 1295
2577 1294
2576 1294
2575 1293
2574 1292
2573 1292
2572 1291
2571 1291
2570 1291
2569 1291
2568 1291
2567 1291
2566 1291
2565 1291
2564 1291
2563 1291
2562 1291
2561 1291
2560 1291
2559 1291
2558 1291
2557 1291
2556 1291
2555 1291
2554 1291
2553 1291
2552 1290
2551 1290
2550 1290
2549 1290
2548 1289
2547 1289
2546 1289
2545 1289
2544 1289
2543 1289
2542 1290
2541 1290
2540 1290
2539 1290
2538 1291
2537 1291
2536 1291
2535 1291
2534 1290
2533 1290
2532 1290
2531 1290
2530 1289
2529 1289
2528 1289
2527 1289
2526 1289
2525 1289
2524 1289
2523 1289
2522 1289
2521 1289
2520 1289
2519 1289
2518 1289
2517 1289
2516 1289
2515 1289
2514 1289
2513 1289
2512 1289
2511 1289
2510 1289
2509 1289
