907 3691
906 3692
905 3692
904 3692
903 3692
902 3693
901 3694
900 3694
899 3694
898 3695
897 3695
896 3695
895 3695
894 3695
893 3695
892 3695
891 3695
890 3695
889 3695
888 3695
887 3695
886 3695
885 3695
884 3695
883 3695
882 3695
881 3695
880 3695
879 3695
878 3695
877 3695
876 3695
875 3695
874 3695
873 3695
872 3695
871 3695
870 3695
869 3695
868 3695
867 3695
866 3695
865 3695
864 3695
863 3695
862 3695
861 3695
860 3695
859 3695
858 3695
857 3695
856 3696
855 3696
854 3696
853 3696
852 3697
851 3698
850 3698
849 3698
848 3699
847 3699
846 3699
845 3699
844 3699
843 3699
842 3700
841 3700
840 3700
839 3700
838 3701
837 3702
836 3702
835 3702
834 3703
833 3703
832 3703
831 3703
830 3703
829 3703
828 3703
827 3703
826 3703
825 3703
824 3704
823 3704
822 3704
821 3704
820 3705
819 3705
818 3705
817 3705
816 3706
815 3706
814 3706
813 3706
812 3707
811 3707
810 3707
809 3707
808 3708
807 3708
806 3708
805 3708
804 3709
803 3709
802 3709
801 3709
800 3709
799 3709
798 3709
797 3709
796 3709
795 3709
794 3708
793 3708
792 3708
791 3708
790 3707
789 3707
788 3707
787 3707
786 3707
785 3707
784 3707
783 3707
782 3707
781 3707
780 3707
779 3707
778 3707
777 3707
776 3707
775 3707
774 3707
773 3707
772 3707
771 3707
770 3707
769 3707
768 3707
767 3707
766 3707
765 3707
764 3707
763 3707
762 3707
761 3707
760 3707
759 3707
758 3707
757 3707
756 3707
755 3707
754 3707
753 3707
752 3707
751 3707
750 3707
749 3707
748 3707
747 3707
746 3707
745 3707
744 3707
743 3707
742 3707
741 3707
740 3708
739 3708
738 3708
737 3708
736 3709
735 3709
734 3709
733 3709
732 3709
731 3709
730 3708
729 3708
728 3708
727 3708
726 3707
725 3707
724 3708
723 3708
722 3708
721 3708
720 3708
719 3708
718 3708
717 3708
716 3708
715 3708
714 3709
713 3710
712 3711
712 3712
711 3713
710 3714
709 3715
708 3716
707 3716
706 3716
705 3716
704 3716
703 3715
702 3714
701 3714
700 3714
699 3713
698 3712
697 3712
696 3711
695 3710
694 3710
693 3709
692 3708
691 3708
690 3707
689 3707
688 3706
687 3706
686 3706
685 3706
684 3705
683 3705
682 3705
681 3705
680 3705
679 3705
678 3705
677 3705
676 3705
675 3705
674 3705
673 3705
672 3705
671 3705
670 3705
669 3705
668 3705
667 3705
666 3705
665 3705
664 3705
663 3705
662 3706
661 3706
660 3707
659 3707
658 3708
657 3708
656 3709
655 3709
654 3709
653 3709
652 3709
651 3709
650 3709
649 3709
648 3709
647 3709
646 3710
645 3710
644 3711
643 3712
642 3712
642 3713
641 3714
640 3714
640 3715
639 3716
638 3716
638 3717
637 3718
636 3718
635 3719
634 3720
633 3720
632 3721
631 3721
630 3721
629 3721
628 3721
627 3721
627 3722
627 3723
627 3724
627 3725
627 3726
627 3727
627 3728
627 3729
627 3730
627 3731
627 3732
627 3733
627 3734
627 3735
627 3736
628 3737
628 3738
629 3739
629 3740
630 3741
630 3742
631 3743
632 3744
633 3745
634 3746
634 3747
635 3748
636 3749
636 3750
637 3751
638 3752
639 3753
639 3754
640 3755
640 3756
641 3757
641 3758
641 3759
641 3760
641 3761
641 3762
641 3763
641 3764
642 3765
642 3766
642 3767
642 3768
643 3769
644 3770
645 3771
646 3772
646 3773
647 3774
648 3775
648 3776
649 3777
649 3778
649 3779
649 3780
650 3781
650 3782
650 3783
650 3784
651 3785
651 3786
651 3787
651 3788
651 3789
651 3790
651 3791
651 3792
651 3793
651 3794
651 3795
651 3796
652 3797
652 3798
652 3799
652 3800
653 3801
654 3802
654 3803
654 3804
655 3805
655 3806
655 3807
655 3808
655 3809
655 3810
655 3811
655 3812
655 3813
655 3814
655 3815
655 3816
656 3817
656 3818
657 3819
658 3820
658 3821
659 3821
660 3822
660 3823
661 3823
662 3824
663 3825
664 3826
665 3827
666 3827
667 3827
668 3828
669 3829
670 3829
671 3829
672 3829
673 3830
674 3830
675 3830
676 3830
677 3831
678 3831
679 3831
680 3831
681 3832
682 3832
683 3832
684 3832
685 3832
686 3832
687 3832
688 3832
689 3832
690 3832
691 3833
692 3833
693 3834
694 3834
695 3835
696 3836
697 3837
698 3837
699 3837
700 3837
701 3838
702 3838
703 3838
704 3838
705 3838
706 3838
707 3838
708 3838
709 3839
710 3839
711 3839
712 3839
713 3840
714 3840
715 3841
716 3841
717 3841
718 3842
719 3843
720 3843
721 3843
722 3843
723 3844
724 3844
725 3844
726 3844
727 3844
728 3844
729 3845
730 3845
731 3845
732 3845
733 3846
734 3846
735 3847
736 3847
737 3847
738 3847
739 3848
740 3848
741 3848
742 3848
743 3849
744 3849
745 3849
746 3849
747 3850
748 3850
749 3850
750 3850
751 3850
752 3850
753 3851
754 3851
755 3851
756 3851
757 3852
758 3852
759 3852
760 3852
761 3852
762 3852
763 3852
764 3852
765 3851
766 3851
767 3851
768 3851
769 3850
770 3850
771 3850
772 3850
773 3850
774 3850
775 3849
776 3849
777 3849
778 3849
779 3848
780 3848
781 3848
782 3848
783 3848
784 3848
785 3849
786 3849
787 3849
788 3849
789 3850
790 3850
791 3850
792 3850
793 3850
794 3850
795 3850
796 3850
797 3851
798 3851
799 3851
800 3851
801 3852
802 3852
803 3852
804 3852
805 3852
806 3852
807 3852
808 3852
809 3852
810 3852
811 3852
812 3852
813 3852
814 3852
815 3852
816 3852
817 3852
818 3852
819 3852
820 3852
821 3852
822 3852
823 3852
824 3852
825 3852
826 3852
827 3852
828 3852
829 3853
830 3853
831 3854
832 3855
833 3855
834 3856
835 3857
836 3858
837 3859
838 3859
839 3859
840 3859
841 3860
842 3860
843 3860
844 3860
845 3860
846 3860
847 3860
848 3860
849 3860
850 3860
851 3860
852 3860
853 3860
854 3860
855 3860
856 3860
857 3860
858 3860
859 3860
860 3860
861 3860
862 3860
863 3860
864 3860
865 3860
866 3860
867 3860
868 3860
869 3860
870 3860
871 3860
872 3860
873 3860
874 3860
875 3860
876 3860
877 3860
878 3860
879 3860
880 3860
881 3860
882 3860
883 3860
884 3860
885 3860
886 3860
887 3860
888 3860
889 3860
890 3860
891 3860
892 3860
893 3860
894 3860
895 3860
896 3860
897 3860
898 3860
899 3860
900 3860
901 3860
902 3860
903 3860
904 3860
905 3861
906 3861
907 3861
908 3861
909 3862
910 3862
911 3862
912 3862
913 3862
914 3862
915 3861
916 3861
917 3861
918 3861
919 3860
920 3860
921 3860
922 3860
923 3860
924 3860
925 3859
926 3859
927 3858
928 3857
929 3857
929 3856
930 3855
931 3854
931 3853
932 3852
932 3851
933 3850
933 3849
933 3848
933 3847
934 3846
934 3845
935 3844
935 3843
936 3842
937 3841
937 3840
938 3839
939 3839
940 3838
941 3837
942 3837
943 3836
944 3835
945 3834
946 3833
947 3833
947 3832
948 3831
949 3831
949 3830
950 3829
951 3828
952 3827
953 3826
953 3825
953 3824
953 3823
954 3822
954 3821
955 3820
955 3819
955 3818
955 3817
956 3816
956 3815
956 3814
956 3813
956 3812
956 3811
956 3810
956 3809
956 3808
956 3807
956 3806
956 3805
956 3804
956 3803
956 3802
956 3801
956 3800
956 3799
956 3798
956 3797
956 3796
956 3795
956 3794
956 3793
956 3792
956 3791
956 3790
956 3789
956 3788
956 3787
956 3786
956 3785
956 3784
956 3783
956 3782
956 3781
956 3780
956 3779
956 3778
956 3777
956 3776
956 3775
955 3774
955 3773
955 3772
955 3771
954 3770
954 3769
954 3768
954 3767
953 3766
953 3765
953 3764
953 3763
952 3762
952 3761
951 3760
951 3759
951 3758
951 3757
950 3756
950 3755
950 3754
950 3753
949 3752
949 3751
949 3750
949 3749
948 3748
948 3747
948 3746
948 3745
947 3744
947 3743
947 3742
947 3741
946 3740
946 3739
945 3738
945 3737
944 3736
944 3735
943 3734
943 3733
942 3732
942 3731
941 3730
941 3729
941 3728
941 3727
940 3726
939 3725
939 3724
939 3723
938 3722
938 3721
938 3720
938 3719
937 3718
937 3717
937 3716
937 3715
936 3714
936 3713
935 3712
935 3711
935 3710
935 3709
934 3708
934 3707
933 3706
933 3705
933 3704
933 3703
932 3702
931 3701
931 3700
931 3699
930 3698
930 3697
930 3696
930 3695
929 3695
928 3695
927 3695
926 3695
925 3695
924 3696
923 3696
922 3696
921 3696
920 3697
919 3697
918 3696
917 3696
916 3695
915 3694
914 3694
913 3693
912 3692
911 3692
910 3691
909 3691
908 3691
907 3691
