1691 1977
1690 1978
1689 1978
1688 1978
1687 1978
1686 1979
1685 1979
1684 1980
1683 1980
1682 1980
1681 1980
1680 1981
1679 1982
1678 1982
1677 1982
1676 1983
1675 1984
1674 1985
1673 1986
1672 1986
1671 1987
1670 1988
1669 1988
1668 1989
1667 1990
1666 1991
1665 1992
1664 1992
1663 1993
1662 1994
1661 1994
1660 1995
1659 1995
1658 1995
1657 1995
1656 1996
1655 1996
1654 1996
1653 1996
1652 1997
1651 1997
1650 1998
1649 1998
1648 1999
1647 1999
1646 2000
1645 2000
1644 2001
1643 2001
1642 2001
1641 2001
1640 2001
1639 2001
1638 2000
1637 2000
1636 2000
1635 2000
1634 1999
1633 1999
1632 1998
1631 1998
1630 1998
1629 1998
1628 1997
1627 1997
1626 1997
1625 1997
1624 1997
1623 1997
1622 1998
1621 1998
1620 1999
1619 1999
1618 2000
1617 2000
1616 2001
1615 2001
1614 2001
1613 2001
1612 2001
1611 2001
1610 2001
1609 2001
1608 2000
1607 2000
1606 2000
1605 2000
1604 1999
1603 1999
1602 1999
1601 1999
1600 1999
1599 1999
1598 1999
1597 1999
1596 1999
1595 1999
1594 1999
1593 1999
1592 1999
1591 1999
1590 1999
1589 1999
1588 1999
1587 1999
1586 1999
1585 1999
1584 2000
1583 2000
1582 2001
1581 2002
1580 2002
1580 2003
1579 2004
1578 2004
1577 2005
1576 2006
1575 2006
1574 2007
1573 2008
1572 2009
1571 2009
1570 2010
1569 2010
1568 2011
1567 2011
1566 2011
1565 2011
1564 2011
1563 2011
1562 2012
1561 2012
1560 2012
1559 2012
1558 2013
1557 2013
1556 2013
1555 2013
1554 2014
1553 2014
1552 2014
1551 2014
1550 2015
1549 2015
1548 2015
1547 2015
1546 2015
1545 2015
1544 2016
1543 2016
1542 2016
1541 2016
1540 2017
1539 2017
1538 2017
1537 2017
1536 2017
1535 2017
1534 2018
1533 2018
1532 2019
1531 2020
1530 2020
1530 2021
1529 2022
1528 2022
1528 2023
1527 2024
1526 2025
1525 2026
1524 2027
1524 2028
1523 2029
1523 2030
1522 2031
1521 2032
1520 2033
1520 2034
1520 2035
1519 2036
1518 2037
1518 2038
1518 2039
1517 2040
1516 2041
1516 2042
1516 2043
1516 2044
1515 2045
1515 2046
1515 2047
1515 2048
1514 2049
1514 2050
1514 2051
1513 2052
1512 2053
1512 2054
1512 2055
1512 2056
1511 2057
1511 2058
1510 2059
1510 2060
1510 2061
1509 2062
1508 2063
1508 2064
1508 2065
1508 2066
1507 2067
1507 2068
1508 2069
1508 2070
1508 2071
1508 2072
1509 2073
1509 2074
1509 2075
1509 2076
1509 2077
1509 2078
1509 2079
1509 2080
1509 2081
1509 2082
1510 2083
1510 2084
1510 2085
1510 2086
1511 2087
1511 2088
1511 2089
1511 2090
1511 2091
1511 2092
1511 2093
1511 2094
1512 2095
1512 2096
1513 2097
1514 2098
1514 2099
1515 2099
1516 2100
1517 2101
1518 2101
1519 2102
1520 2102
1521 2101
1522 2101
1523 2101
1524 2101
1525 2100
1526 2100
1527 2100
1528 2100
1529 2101
1530 2101
1531 2102
1532 2103
1533 2104
1534 2105
1534 2106
1535 2107
1536 2108
1536 2109
1536 2110
1537 2111
1538 2112
1538 2113
1538 2114
1539 2115
1540 2116
1540 2117
1540 2118
1541 2119
1542 2120
1543 2121
1544 2122
1544 2123
1545 2123
1546 2124
1546 2125
1547 2125
1548 2126
1548 2127
1549 2127
1550 2128
1550 2129
1551 2129
1552 2130
1552 2131
1553 2131
1554 2132
1555 2133
1556 2133
1557 2134
1558 2134
1559 2135
1560 2135
1561 2135
1562 2136
1563 2137
1564 2137
1565 2137
1566 2137
1567 2138
1568 2138
1569 2138
1570 2138
1571 2139
1572 2139
1573 2139
1574 2140
1575 2141
1576 2141
1577 2142
1578 2142
1579 2143
1580 2144
1581 2145
1582 2145
1583 2146
1584 2147
1585 2147
1586 2148
1587 2149
1588 2150
1589 2151
1590 2151
1591 2151
1592 2152
1593 2153
1594 2153
1595 2153
1596 2153
1597 2154
1598 2154
1599 2154
1600 2154
1601 2154
1602 2154
1603 2155
1604 2155
1605 2155
1606 2156
1607 2157
1608 2157
1609 2157
1610 2157
1611 2158
1612 2158
1613 2159
1614 2159
1615 2160
1616 2160
1617 2161
1618 2161
1619 2162
1620 2162
1621 2163
1622 2163
1623 2163
1624 2164
1625 2165
1626 2165
1627 2166
1628 2167
1629 2167
1630 2168
1630 2169
1631 2169
1632 2170
1632 2171
1633 2171
1634 2172
1634 2173
1635 2173
1636 2174
1636 2175
1637 2175
1638 2176
1638 2177
1639 2177
1640 2178
1640 2179
1641 2180
1642 2181
1642 2182
1643 2183
1644 2184
1645 2185
1646 2185
1647 2186
1648 2186
1649 2187
1650 2187
1651 2188
1652 2189
1653 2189
1654 2190
1655 2191
1656 2191
1657 2192
1658 2192
1659 2192
1660 2192
1661 2192
1662 2192
1663 2192
1664 2192
1665 2192
1666 2192
1667 2192
1668 2192
1669 2192
1670 2192
1671 2192
1672 2192
1673 2192
1674 2192
1675 2192
1676 2192
1677 2192
1678 2192
1679 2192
1680 2192
1681 2192
1682 2192
1683 2192
1684 2192
1685 2192
1686 2192
1687 2192
1688 2192
1689 2192
1690 2192
1691 2192
1692 2192
1693 2192
1694 2192
1695 2192
1696 2192
1697 2192
1698 2192
1699 2192
1700 2192
1701 2192
1702 2192
1703 2193
1704 2193
1705 2193
1706 2194
1707 2195
1708 2195
1709 2195
1710 2195
1711 2196
1712 2196
1713 2197
1714 2197
1715 2198
1716 2198
1717 2199
1718 2200
1719 2201
1720 2201
1721 2202
1722 2203
1723 2203
1724 2204
1725 2205
1726 2206
1727 2207
1728 2207
1729 2208
1730 2208
1731 2209
1732 2210
1733 2211
1734 2211
1735 2211
1736 2212
1737 2213
1738 2213
1739 2213
1740 2213
1741 2214
1742 2214
1743 2214
1744 2214
1745 2214
1746 2214
1747 2214
1748 2214
1749 2214
1750 2214
1751 2214
1752 2214
1753 2214
1754 2214
1755 2214
1756 2214
1757 2214
1758 2214
1759 2214
1760 2214
1761 2214
1762 2214
1763 2214
1764 2214
1765 2214
1766 2214
1767 2214
1768 2214
1769 2214
1770 2214
1771 2214
1772 2214
1773 2214
1774 2214
1775 2215
1776 2215
1777 2216
1778 2216
1779 2217
1780 2217
1781 2218
1782 2218
1783 2218
1784 2218
1785 2218
1786 2218
1787 2218
1788 2218
1789 2219
1790 2219
1791 2219
1792 2219
1793 2220
1794 2220
1795 2220
1796 2220
1797 2220
1798 2220
1799 2220
1800 2220
1801 2220
1802 2220
1803 2221
1804 2221
1805 2221
1806 2221
1807 2222
1808 2222
1809 2222
1810 2222
1811 2222
1812 2222
1813 2223
1814 2223
1815 2223
1816 2223
1817 2224
1818 2224
1819 2225
1820 2225
1821 2225
1822 2225
1823 2226
1824 2226
1825 2226
1826 2226
1827 2226
1828 2226
1829 2227
1830 2227
1831 2228
1832 2228
1833 2229
1834 2229
1835 2230
1836 2230
1837 2231
1838 2231
1839 2231
1840 2231
1841 2232
1842 2232
1843 2232
1844 2232
1845 2232
1846 2232
1847 2232
1848 2232
1849 2232
1850 2232
1851 2232
1852 2232
1853 2233
1854 2233
1855 2233
1856 2233
1857 2234
1858 2234
1859 2234
1860 2234
1861 2234
1862 2234
1863 2234
1864 2234
1865 2234
1866 2234
1867 2234
1868 2234
1869 2233
1870 2233
1871 2233
1872 2233
1873 2232
1874 2232
1875 2232
1876 2232
1877 2232
1878 2232
1879 2232
1880 2232
1881 2232
1882 2232
1883 2232
1884 2232
1885 2232
1886 2232
1887 2232
1888 2232
1889 2232
1890 2232
1891 2232
1892 2232
1893 2233
1894 2233
1895 2233
1896 2233
1897 2234
1898 2234
1899 2234
1900 2234
1901 2234
1902 2234
1903 2234
1904 2234
1905 2234
1906 2234
1907 2234
1908 2234
1909 2234
1910 2234
1911 2234
1912 2234
1913 2234
1914 2234
1915 2234
1916 2234
1917 2234
1918 2234
1919 2234
1920 2234
1921 2234
1922 2234
1923 2234
1924 2234
1925 2234
1926 2234
1927 2234
1928 2234
1929 2234
1930 2234
1931 2234
1932 2234
1933 2234
1934 2234
1935 2234
1936 2234
1937 2234
1938 2234
1939 2234
1940 2234
1941 2234
1942 2234
1943 2234
1944 2234
1945 2234
1946 2234
1947 2235
1948 2235
1949 2235
1950 2235
1951 2236
1952 2236
1953 2236
1954 2236
1955 2236
1956 2236
1957 2236
1958 2236
1959 2236
1960 2236
1961 2236
1962 2236
1963 2236
1964 2236
1965 2236
1966 2236
1967 2236
1968 2236
1969 2236
1970 2236
1971 2236
1972 2236
1973 2235
1974 2235
1975 2235
1976 2235
1977 2234
1978 2234
1979 2233
1980 2233
1981 2233
1982 2233
1983 2232
1984 2232
1985 2232
1986 2232
1987 2232
1988 2232
1989 2231
1990 2231
1991 2230
1992 2229
1993 2229
1994 2228
1995 2227
1996 2227
1997 2226
1998 2226
1999 2226
2000 2226
2001 2225
2002 2225
2003 2225
2004 2225
2005 2224
2006 2224
2007 2223
2008 2223
2009 2222
2010 2222
2011 2221
2012 2221
2013 2220
2014 2220
2015 2219
2016 2219
2017 2219
2018 2219
2019 2218
2020 2217
2021 2216
2022 2215
2023 2215
2023 2214
2024 2213
2025 2213
2026 2212
2027 2211
2028 2211
2029 2210
2030 2210
2031 2209
2032 2209
2033 2208
2034 2207
2035 2207
2035 2206
2036 2205
2037 2205
2037 2204
2038 2203
2039 2203
2039 2202
2040 2201
2041 2201
2042 2200
2043 2199
2044 2199
2045 2198
2046 2198
2047 2198
2048 2198
2049 2197
2050 2197
2051 2196
2052 2195
2053 2195
2054 2194
2055 2193
2056 2193
2057 2192
2058 2191
2059 2191
2060 2191
2061 2190
2062 2189
2063 2189
2064 2189
2065 2188
2066 2187
2067 2186
2067 2185
2068 2184
2068 2183
2069 2182
2069 2181
2070 2180
2071 2179
2071 2178
2072 2177
2073 2176
2073 2175
2074 2174
2074 2173
2074 2172
2074 2171
2075 2170
2075 2169
2076 2168
2077 2167
2077 2166
2078 2165
2079 2164
2079 2163
2080 2162
2080 2161
2081 2160
2081 2159
2081 2158
2082 2157
2083 2156
2083 2155
2083 2154
2084 2153
2085 2152
2085 2151
2086 2150
2086 2149
2087 2148
2087 2147
2088 2146
2088 2145
2089 2144
2089 2143
2089 2142
2090 2141
2091 2140
2091 2139
2091 2138
2091 2137
2092 2136
2092 2135
2092 2134
2092 2133
2093 2132
2093 2131
2093 2130
2093 2129
2094 2128
2094 2127
2095 2126
2095 2125
2095 2124
2096 2123
2097 2122
2097 2121
2098 2120
2098 2119
2099 2118
2099 2117
2100 2116
2100 2115
2100 2114
2100 2113
2100 2112
2100 2111
2100 2110
2100 2109
2101 2108
2101 2107
2101 2106
2101 2105
2102 2104
2102 2103
2102 2102
2102 2101
2102 2100
2102 2099
2102 2098
2102 2097
2101 2096
2101 2095
2100 2094
2099 2093
2099 2092
2098 2091
2097 2090
2097 2089
2096 2088
2095 2087
2095 2086
2095 2085
2094 2084
2093 2083
2092 2082
2091 2081
2090 2080
2089 2079
2088 2078
2087 2078
2086 2077
2085 2076
2084 2076
2083 2075
2083 2074
2082 2073
2081 2072
2081 2071
2080 2070
2079 2069
2079 2068
2079 2067
2078 2066
2077 2065
2077 2064
2077 2063
2076 2062
2076 2061
2075 2060
2075 2059
2074 2058
2074 2057
2073 2056
2073 2055
2072 2054
2072 2053
2072 2052
2072 2051
2071 2050
2071 2049
2071 2048
2071 2047
2070 2046
2070 2045
2070 2044
2070 2043
2070 2042
2070 2041
2069 2040
2069 2039
2069 2038
2069 2037
2068 2036
2068 2035
2067 2034
2067 2033
2066 2032
2065 2031
2065 2030
2064 2030
2063 2029
2062 2028
2061 2028
2060 2027
2059 2027
2058 2027
2057 2027
2056 2026
2055 2026
2054 2026
2053 2026
2052 2025
2051 2025
2050 2025
2049 2025
2048 2025
2047 2025
2046 2025
2045 2025
2044 2025
2043 2025
2042 2024
2041 2024
2040 2024
2039 2024
2038 2023
2037 2023
2036 2023
2035 2023
2034 2023
2033 2023
2032 2023
2031 2023
2030 2023
2029 2023
2028 2022
2027 2022
2026 2022
2025 2022
2024 2021
2023 2021
2022 2021
2021 2021
2020 2021
2019 2021
2018 2020
2017 2020
2016 2020
2015 2020
2014 2019
2013 2019
2012 2019
2011 2019
2010 2019
2009 2019
2008 2019
2007 2019
2006 2018
2005 2018
2004 2018
2003 2018
2002 2017
2001 2017
2000 2017
1999 2017
1998 2017
1997 2017
1996 2016
1995 2016
1994 2016
1993 2016
1992 2015
1991 2015
1990 2014
1989 2014
1988 2014
1987 2014
1986 2013
1985 2013
1984 2013
1983 2013
1982 2013
1981 2013
1980 2012
1979 2012
1978 2012
1977 2011
1976 2010
1975 2010
1974 2010
1973 2010
1972 2009
1971 2009
1970 2009
1969 2009
1968 2009
1967 2009
1966 2008
1965 2008
1964 2008
1963 2008
1962 2007
1961 2007
1960 2007
1959 2007
1958 2007
1957 2007
1956 2006
1955 2006
1954 2006
1953 2006
1952 2005
1951 2005
1950 2004
1949 2004
1948 2004
1947 2004
1946 2003
1945 2003
1944 2003
1943 2003
1942 2003
1941 2003
1940 2002
1939 2002
1938 2002
1937 2002
1936 2001
1935 2001
1934 2001
1933 2001
1932 2001
1931 2001
1930 2001
1929 2001
1928 2001
1927 2001
1926 2001
1925 2001
1924 2001
1923 2001
1922 2000
1921 2000
1920 2000
1919 2000
1918 1999
1917 1999
1916 1999
1915 1999
1914 1999
1913 1999
1912 1999
1911 1999
1910 1998
1909 1998
1908 1998
1907 1998
1906 1997
1905 1997
1904 1997
1903 1997
1902 1997
1901 1997
1900 1997
1899 1997
1898 1997
1897 1997
1896 1996
1895 1996
1894 1996
1893 1996
1892 1995
1891 1995
1890 1995
1889 1995
1888 1995
1887 1995
1886 1995
1885 1995
1884 1995
1883 1995
1882 1995
1881 1995
1880 1995
1879 1995
1878 1995
1877 1995
1876 1994
1875 1994
1874 1994
1873 1994
1872 1993
1871 1993
1870 1993
1869 1993
1868 1993
1867 1993
1866 1993
1865 1993
1864 1993
1863 1993
1862 1994
1861 1994
1860 1995
1859 1995
1858 1996
1857 1996
1856 1997
1855 1998
1854 1998
1853 1998
1852 1999
1851 1999
1850 1999
1849 1999
1848 1999
1847 1999
1846 1999
1845 1999
1844 1999
1843 1999
1842 1999
1841 1999
1840 1998
1839 1998
1838 1998
1837 1998
1836 1997
1835 1997
1834 1996
1833 1996
1832 1996
1831 1996
1830 1995
1829 1995
1828 1995
1827 1995
1826 1996
1825 1996
1824 1997
1823 1997
1822 1998
1821 1998
1820 1999
1819 1999
1818 1999
1817 1999
1816 1999
1815 1999
1814 1999
1813 1999
1812 1999
1811 1999
1810 1999
1809 1999
1808 1999
1807 1999
1806 1999
1805 1999
1804 1999
1803 1999
1802 1999
1801 1999
1800 1999
1799 1999
1798 1999
1797 1999
1796 1999
1795 1999
1794 1999
1793 1999
1792 1998
1791 1998
1790 1998
1789 1997
1788 1996
1787 1996
1786 1995
1785 1995
1784 1994
1783 1994
1782 1993
1781 1993
1780 1993
1779 1993
1778 1993
1777 1993
1776 1993
1775 1993
1774 1993
1773 1993
1772 1992
1771 1992
1770 1992
1769 1992
1768 1991
1767 1991
1766 1991
1765 1991
1764 1991
1763 1991
1762 1991
1761 1991
1760 1990
1759 1990
1758 1990
1757 1990
1756 1989
1755 1989
1754 1989
1753 1989
1752 1989
1751 1989
1750 1989
1749 1989
1748 1989
1747 1989
1746 1989
1745 1989
1744 1989
1743 1989
1742 1989
1741 1989
1740 1988
1739 1988
1738 1988
1737 1987
1736 1986
1735 1986
1734 1986
1733 1986
1732 1985
1731 1985
1730 1985
1729 1985
1728 1985
1727 1985
1726 1985
1725 1985
1724 1984
1723 1984
1722 1984
1721 1984
1720 1983
1719 1983
1718 1983
1717 1983
1716 1982
1715 1982
1714 1982
1713 1982
1712 1981
1711 1981
1710 1981
1709 1981
1708 1980
1707 1980
1706 1980
1705 1980
1704 1979
1703 1979
1702 1978
1701 1978
1700 1978
1699 1978
1698 1977
1697 1977
1696 1977
1695 1977
1694 1977
1693 1977
1692 1977
1691 1977
