1725 4121
1724 4122
1723 4122
1722 4122
1721 4122
1720 4123
1719 4123
1718 4123
1717 4123
1716 4123
1715 4123
1714 4123
1713 4123
1712 4123
1711 4123
1710 4123
1709 4123
1708 4123
1707 4123
1706 4124
1705 4124
1704 4124
1703 4124
1702 4125
1701 4125
1700 4125
1699 4125
1698 4125
1697 4125
1696 4125
1695 4125
1694 4125
1693 4125
1692 4125
1691 4125
1690 4125
1689 4125
1688 4126
1687 4126
1686 4126
1685 4126
1684 4127
1683 4127
1682 4127
1681 4127
1680 4128
1679 4128
1678 4128
1677 4128
1676 4129
1675 4130
1674 4130
1673 4130
1672 4131
1671 4131
1670 4131
1669 4131
1668 4131
1667 4131
1666 4131
1665 4131
1664 4131
1663 4131
1662 4132
1661 4132
1660 4132
1659 4132
1658 4133
1657 4133
1656 4133
1655 4133
1654 4133
1653 4133
1652 4134
1651 4134
1650 4134
1649 4134
1648 4135
1647 4135
1646 4136
1645 4136
1644 4136
1643 4136
1642 4137
1641 4137
1640 4138
1639 4138
1638 4138
1637 4138
1636 4139
1635 4139
1634 4139
1633 4139
1632 4139
1631 4139
1630 4140
1629 4140
1628 4140
1627 4140
1626 4141
1625 4141
1624 4142
1623 4142
1622 4143
1621 4143
1620 4144
1619 4144
1618 4145
1617 4145
1616 4145
1615 4145
1614 4145
1613 4145
1612 4146
1611 4146
1610 4146
1609 4146
1608 4147
1607 4147
1606 4148
1605 4148
1604 4148
1603 4148
1602 4149
1601 4150
1600 4150
1599 4150
1598 4151
1597 4152
1596 4152
1595 4152
1594 4153
1593 4154
1592 4154
1591 4154
1590 4155
1589 4155
1588 4156
1587 4156
1586 4157
1585 4157
1584 4158
1583 4158
1582 4159
1581 4160
1580 4161
1579 4161
1578 4162
1577 4162
1576 4163
1575 4164
1574 4165
1573 4165
1572 4166
1571 4166
1570 4167
1569 4168
1568 4169
1567 4170
1566 4170
1566 4171
1565 4172
1564 4172
1564 4173
1563 4174
1562 4174
1562 4175
1561 4176
1560 4177
1559 4178
1558 4179
1558 4180
1557 4181
1557 4182
1556 4183
1556 4184
1555 4185
1555 4186
1555 4187
1555 4188
1555 4189
1555 4190
1555 4191
1555 4192
1556 4193
1557 4194
1558 4195
1559 4196
1560 4196
1561 4197
1562 4198
1563 4199
1564 4199
1565 4199
1566 4199
1567 4200
1568 4200
1569 4201
1570 4201
1571 4202
1572 4202
1573 4203
1574 4203
1575 4204
1576 4204
1577 4204
1578 4204
1579 4204
1580 4204
1581 4204
1582 4204
1583 4204
1584 4204
1585 4204
1586 4204
1587 4205
1588 4205
1589 4206
1590 4207
1591 4207
1592 4208
1593 4209
1594 4210
1595 4211
1596 4211
1597 4211
1598 4211
1599 4212
1600 4212
1601 4212
1602 4212
1603 4213
1604 4213
1605 4213
1606 4213
1607 4214
1608 4214
1609 4214
1610 4214
1611 4215
1612 4215
1613 4215
1614 4215
1615 4216
1616 4216
1617 4217
1618 4217
1619 4217
1620 4217
1621 4218
1622 4218
1623 4218
1624 4218
1625 4218
1626 4218
1627 4218
1628 4218
1629 4219
1630 4219
1631 4219
1632 4219
1633 4220
1634 4220
1635 4220
1636 4220
1637 4220
1638 4220
1639 4221
1640 4221
1641 4221
1642 4221
1643 4222
1644 4222
1645 4222
1646 4222
1647 4222
1648 4222
1649 4222
1650 4222
1651 4222
1652 4222
1653 4223
1654 4223
1655 4223
1656 4223
1657 4224
1658 4224
1659 4224
1660 4224
1661 4224
1662 4224
1663 4224
1664 4224
1665 4225
1666 4225
1667 4225
1668 4225
1669 4226
1670 4226
1671 4226
1672 4226
1673 4226
1674 4226
1675 4226
1676 4226
1677 4226
1678 4226
1679 4226
1680 4226
1681 4226
1682 4226
1683 4226
1684 4226
1685 4227
1686 4227
1687 4227
1688 4227
1689 4228
1690 4228
1691 4228
1692 4228
1693 4228
1694 4228
1695 4228
1696 4228
1697 4229
1698 4229
1699 4229
1700 4229
1701 4230
1702 4230
1703 4230
1704 4230
1705 4230
1706 4230
1707 4230
1708 4230
1709 4230
1710 4230
1711 4230
1712 4230
1713 4230
1714 4230
1715 4230
1716 4230
1717 4230
1718 4230
1719 4230
1720 4230
1721 4230
1722 4230
1723 4230
1724 4230
1725 4230
1726 4230
1727 4230
1728 4230
1729 4230
1730 4230
1731 4230
1732 4230
1733 4230
1734 4230
1735 4230
1736 4230
1737 4230
1738 4230
1739 4230
1740 4230
1741 4230
1742 4230
1743 4230
1744 4230
1745 4230
1746 4230
1747 4230
1748 4230
1749 4230
1750 4230
1751 4230
1752 4230
1753 4230
1754 4230
1755 4230
1756 4230
1757 4230
1758 4230
1759 4230
1760 4230
1761 4230
1762 4230
1763 4230
1764 4230
1765 4230
1766 4230
1767 4230
1768 4230
1769 4230
1770 4230
1771 4231
1772 4231
1773 4231
1774 4231
1775 4232
1776 4232
1777 4232
1778 4232
1779 4232
1780 4232
1781 4232
1782 4232
1783 4232
1784 4232
1785 4232
1786 4232
1787 4232
1788 4232
1789 4232
1790 4232
1791 4232
1792 4232
1793 4232
1794 4232
1795 4232
1796 4232
1797 4232
1798 4232
1799 4233
1800 4233
1801 4233
1802 4233
1803 4234
1804 4234
1805 4235
1806 4235
1807 4236
1808 4237
1809 4237
1810 4238
1811 4239
1812 4239
1813 4240
1814 4240
1815 4240
1816 4240
1817 4240
1818 4240
1819 4240
1820 4240
1821 4240
1822 4240
1823 4241
1824 4241
1825 4241
1826 4241
1827 4242
1828 4242
1829 4242
1830 4242
1831 4242
1832 4242
1833 4243
1834 4243
1835 4243
1836 4243
1837 4244
1838 4244
1839 4244
1840 4244
1841 4244
1842 4244
1843 4244
1844 4244
1845 4244
1846 4244
1847 4244
1848 4244
1849 4244
1850 4244
1851 4244
1852 4244
1853 4244
1854 4244
1855 4244
1856 4244
1857 4244
1858 4244
1859 4245
1860 4245
1861 4245
1862 4245
1863 4246
1864 4246
1865 4246
1866 4246
1867 4246
1868 4246
1869 4247
1870 4247
1871 4247
1872 4247
1873 4248
1874 4248
1875 4248
1876 4248
1877 4248
1878 4248
1879 4248
1880 4248
1881 4249
1882 4249
1883 4249
1884 4249
1885 4250
1886 4250
1887 4250
1888 4250
1889 4250
1890 4250
1891 4250
1892 4250
1893 4250
1894 4250
1895 4250
1896 4250
1897 4250
1898 4250
1899 4250
1900 4250
1901 4250
1902 4250
1903 4250
1904 4250
1905 4250
1906 4250
1907 4250
1908 4250
1909 4250
1910 4250
1911 4250
1912 4250
1913 4250
1914 4250
1915 4250
1916 4250
1917 4250
1918 4250
1919 4250
1920 4250
1921 4250
1922 4250
1923 4250
1924 4250
1925 4250
1926 4250
1927 4250
1928 4250
1929 4250
1930 4250
1931 4250
1932 4250
1933 4250
1934 4250
1935 4250
1936 4250
1937 4250
1938 4250
1939 4250
1940 4250
1941 4250
1942 4250
1943 4250
1944 4250
1945 4251
1946 4251
1947 4252
1948 4253
1949 4254
1950 4255
1950 4256
1951 4257
1951 4258
1951 4259
1951 4260
1952 4261
1952 4262
1953 4263
1954 4264
1955 4265
1956 4265
1957 4265
1958 4265
1959 4266
1960 4266
1961 4266
1962 4266
1963 4266
1964 4266
1965 4266
1966 4266
1967 4266
1968 4266
1969 4266
1970 4266
1971 4266
1972 4266
1973 4266
1974 4266
1975 4266
1976 4266
1977 4266
1978 4266
1979 4266
1980 4266
1981 4266
1982 4266
1983 4266
1984 4266
1985 4266
1986 4266
1987 4266
1988 4266
1989 4266
1990 4266
1991 4266
1992 4266
1993 4266
1994 4266
1995 4266
1996 4266
1997 4266
1998 4266
1999 4266
2000 4266
2001 4266
2002 4266
2003 4266
2004 4266
2005 4266
2006 4266
2007 4266
2008 4266
2009 4266
2010 4266
2011 4266
2012 4266
2013 4266
2014 4266
2015 4266
2016 4266
2017 4265
2018 4265
2019 4265
2020 4265
2021 4264
2022 4263
2023 4263
2024 4263
2025 4262
2026 4262
2027 4262
2028 4262
2029 4262
2030 4262
2031 4262
2032 4262
2033 4262
2034 4262
2035 4262
2036 4262
2037 4262
2038 4262
2039 4262
2040 4262
2041 4262
2042 4262
2043 4262
2044 4262
2045 4262
2046 4262
2047 4262
2048 4262
2049 4262
2050 4262
2051 4262
2052 4262
2053 4262
2054 4262
2055 4262
2056 4262
2057 4262
2058 4262
2059 4262
2060 4262
2061 4262
2062 4262
2063 4262
2064 4262
2065 4261
2066 4261
2067 4261
2068 4261
2069 4260
2070 4259
2071 4259
2072 4259
2073 4258
2074 4258
2075 4258
2076 4258
2077 4257
2078 4257
2079 4257
2080 4257
2081 4256
2082 4255
2083 4255
2084 4255
2085 4254
2086 4253
2087 4252
2088 4251
2089 4250
2089 4249
2090 4248
2090 4247
2090 4246
2090 4245
2090 4244
2090 4243
2090 4242
2090 4241
2089 4240
2089 4239
2088 4238
2087 4237
2087 4236
2086 4236
2085 4235
2085 4234
2084 4234
2083 4233
2082 4232
2081 4231
2080 4230
2079 4230
2078 4229
2077 4228
2077 4227
2076 4226
2076 4225
2075 4224
2075 4223
2075 4222
2075 4221
2074 4220
2074 4219
2074 4218
2074 4217
2074 4216
2074 4215
2074 4214
2074 4213
2073 4212
2073 4211
2073 4210
2073 4209
2072 4208
2072 4207
2072 4206
2072 4205
2073 4204
2073 4203
2074 4202
2075 4201
2075 4200
2076 4199
2077 4198
2078 4197
2079 4196
2079 4195
2079 4194
2079 4193
2080 4192
2080 4191
2080 4190
2080 4189
2080 4188
2080 4187
2080 4186
2080 4185
2080 4184
2080 4183
2080 4182
2080 4181
2080 4180
2080 4179
2080 4178
2080 4177
2080 4176
2080 4175
2080 4174
2080 4173
2080 4172
2080 4171
2079 4170
2079 4169
2078 4168
2077 4167
2077 4166
2076 4165
2075 4164
2075 4163
2074 4162
2073 4161
2072 4160
2071 4159
2071 4158
2070 4158
2069 4157
2069 4156
2068 4156
2067 4155
2067 4154
2066 4154
2065 4153
2065 4152
2064 4152
2063 4151
2063 4150
2062 4150
2061 4149
2061 4148
2060 4148
2059 4147
2059 4146
2058 4146
2057 4145
2056 4144
2055 4143
2054 4142
2053 4142
2052 4141
2051 4140
2050 4140
2049 4139
2049 4138
2048 4138
2047 4137
2047 4136
2046 4136
2045 4135
2044 4134
2043 4134
2042 4133
2041 4133
2040 4133
2039 4133
2038 4133
2037 4133
2036 4133
2035 4133
2034 4133
2033 4133
2032 4133
2031 4133
2030 4133
2029 4133
2028 4133
2027 4133
2026 4133
2025 4133
2024 4133
2023 4133
2022 4132
2021 4132
2020 4132
2019 4132
2018 4131
2017 4131
2016 4131
2015 4131
2014 4131
2013 4131
2012 4131
2011 4131
2010 4131
2009 4131
2008 4131
2007 4131
2006 4131
2005 4131
2004 4131
2003 4131
2002 4131
2001 4131
2000 4131
1999 4131
1998 4130
1997 4130
1996 4130
1995 4130
1994 4129
1993 4129
1992 4129
1991 4129
1990 4129
1989 4129
1988 4129
1987 4129
1986 4129
1985 4129
1984 4129
1983 4129
1982 4129
1981 4129
1980 4129
1979 4129
1978 4129
1977 4129
1976 4129
1975 4129
1974 4129
1973 4129
1972 4129
1971 4129
1970 4129
1969 4129
1968 4129
1967 4129
1966 4129
1965 4129
1964 4128
1963 4128
1962 4128
1961 4128
1960 4127
1959 4127
1958 4127
1957 4127
1956 4127
1955 4127
1954 4127
1953 4127
1952 4127
1951 4127
1950 4127
1949 4127
1948 4127
1947 4127
1946 4127
1945 4127
1944 4127
1943 4127
1942 4127
1941 4127
1940 4127
1939 4127
1938 4127
1937 4127
1936 4127
1935 4127
1934 4127
1933 4127
1932 4128
1931 4128
1930 4128
1929 4128
1928 4129
1927 4129
1926 4129
1925 4129
1924 4129
1923 4129
1922 4129
1921 4129
1920 4129
1919 4129
1918 4129
1917 4129
1916 4129
1915 4129
1914 4129
1913 4129
1912 4129
1911 4129
1910 4129
1909 4129
1908 4129
1907 4129
1906 4129
1905 4129
1904 4129
1903 4129
1902 4129
1901 4129
1900 4129
1899 4129
1898 4129
1897 4129
1896 4129
1895 4129
1894 4129
1893 4129
1892 4129
1891 4129
1890 4129
1889 4129
1888 4129
1887 4129
1886 4129
1885 4129
1884 4129
1883 4129
1882 4129
1881 4129
1880 4129
1879 4129
1878 4129
1877 4129
1876 4129
1875 4129
1874 4129
1873 4129
1872 4129
1871 4129
1870 4129
1869 4129
1868 4129
1867 4129
1866 4129
1865 4129
1864 4129
1863 4129
1862 4129
1861 4129
1860 4129
1859 4129
1858 4128
1857 4128
1856 4128
1855 4128
1854 4127
1853 4127
1852 4127
1851 4127
1850 4127
1849 4127
1848 4127
1847 4127
1846 4127
1845 4127
1844 4127
1843 4127
1842 4127
1841 4127
1840 4126
1839 4126
1838 4126
1837 4126
1836 4125
1835 4125
1834 4125
1833 4125
1832 4125
1831 4125
1830 4124
1829 4124
1828 4124
1827 4124
1826 4123
1825 4123
1824 4123
1823 4123
1822 4123
1821 4123
1820 4123
1819 4123
1818 4123
1817 4123
1816 4123
1815 4123
1814 4124
1813 4124
1812 4125
1811 4125
1810 4126
1809 4126
1808 4127
1807 4127
1806 4127
1805 4127
1804 4127
1803 4127
1802 4127
1801 4127
1800 4127
1799 4127
1798 4127
1797 4127
1796 4127
1795 4127
1794 4127
1793 4127
1792 4126
1791 4126
1790 4126
1789 4126
1788 4125
1787 4125
1786 4125
1785 4125
1784 4125
1783 4125
1782 4125
1781 4125
1780 4125
1779 4125
1778 4124
1777 4124
1776 4124
1775 4124
1774 4123
1773 4123
1772 4123
1771 4123
1770 4123
1769 4123
1768 4123
1767 4123
1766 4123
1765 4123
1764 4123
1763 4123
1762 4122
1761 4122
1760 4122
1759 4122
1758 4121
1757 4121
1756 4121
1755 4121
1754 4121
1753 4121
1752 4121
1751 4121
1750 4121
1749 4121
1748 4121
1747 4121
1746 4121
1745 4121
1744 4121
1743 4121
1742 4121
1741 4121
1740 4121
1739 4121
1738 4121
1737 4121
1736 4121
1735 4121
1734 4121
1733 4121
1732 4121
1731 4121
1730 4121
1729 4121
1728 4121
1727 4121
1726 4121
1725 4121
