1853 549
1852 550
1851 550
1850 550
1849 550
1848 551
1847 552
1846 553
1845 554
1844 554
1844 555
1843 556
1842 556
1841 557
1840 558
1839 558
1838 559
1837 559
1836 558
1835 558
1834 558
1833 558
1832 557
1831 557
1830 557
1829 557
1828 557
1827 557
1826 557
1825 557
1824 557
1823 557
1822 557
1821 557
1820 557
1819 557
1818 556
1817 556
1816 556
1815 556
1814 555
1813 555
1812 555
1811 555
1810 555
1809 555
1808 555
1807 555
1806 555
1805 555
1804 555
1803 555
1802 555
1801 555
1800 555
1799 555
1798 555
1797 555
1796 555
1795 555
1794 555
1793 555
1792 556
1791 556
1790 556
1789 556
1788 557
1787 557
1786 557
1785 557
1784 558
1783 558
1782 558
1781 558
1780 559
1779 559
1778 560
1777 560
1776 560
1775 560
1774 561
1773 561
1772 561
1771 561
1770 561
1769 561
1768 561
1767 561
1766 561
1765 561
1764 562
1763 562
1762 562
1761 562
1760 563
1759 563
1758 563
1757 563
1756 564
1755 564
1754 565
1753 565
1752 566
1751 566
1750 567
1749 567
1748 566
1747 566
1746 566
1745 565
1744 564
1743 564
1742 564
1741 564
1740 563
1739 563
1738 563
1737 563
1736 563
1735 563
1734 564
1733 564
1732 564
1731 564
1730 565
1729 566
1728 566
1727 566
1726 567
1725 567
1724 567
1723 567
1722 567
1721 567
1720 567
1719 567
1718 567
1717 567
1716 567
1715 567
1714 568
1713 568
1712 569
1711 569
1710 570
1709 570
1708 571
1707 571
1706 571
1705 571
1704 572
1703 572
1702 573
1701 573
1700 574
1699 574
1698 575
1697 575
1696 575
1695 575
1694 575
1693 575
1692 575
1691 575
1690 575
1689 575
1688 575
1687 575
1686 575
1685 575
1684 575
1683 575
1682 575
1681 575
1680 575
1679 575
1678 575
1677 575
1676 575
1675 575
1674 575
1673 575
1672 575
1671 575
1670 575
1669 575
1668 575
1667 575
1666 575
1665 575
1664 575
1663 575
1662 575
1661 575
1660 575
1659 575
1658 575
1657 575
1656 575
1655 575
1654 575
1653 575
1652 575
1651 575
1650 575
1649 575
1648 575
1647 575
1646 575
1645 575
1644 575
1643 575
1642 576
1641 576
1640 576
1639 576
1638 577
1637 578
1636 579
1635 580
1634 580
1634 581
1633 582
1632 582
1632 583
1631 584
1630 584
1630 585
1629 586
1628 586
1628 587
1627 588
1626 589
1625 590
1624 591
1624 592
1624 593
1624 594
1623 595
1623 596
1623 597
1623 598
1624 599
1624 600
1624 601
1624 602
1625 603
1625 604
1625 605
1625 606
1626 607
1626 608
1626 609
1626 610
1627 611
1627 612
1628 613
1628 614
1628 615
1628 616
1629 617
1629 618
1630 619
1630 620
1630 621
1630 622
1631 623
1632 624
1633 625
1634 626
1634 627
1635 627
1636 628
1637 629
1638 630
1639 631
1640 631
1641 632
1642 633
1643 633
1644 634
1644 635
1645 636
1646 637
1646 638
1647 639
1647 640
1648 641
1648 642
1649 643
1649 644
1650 645
1650 646
1651 647
1652 648
1653 649
1653 650
1654 651
1654 652
1655 653
1656 654
1656 655
1656 656
1657 657
1657 658
1657 659
1657 660
1657 661
1657 662
1658 663
1658 664
1658 665
1658 666
1659 667
1659 668
1658 669
1658 670
1658 671
1658 672
1657 673
1657 674
1657 675
1657 676
1656 677
1656 678
1656 679
1656 680
1656 681
1656 682
1656 683
1656 684
1657 685
1658 686
1658 687
1658 688
1659 689
1660 690
1661 691
1662 692
1662 693
1663 693
1664 694
1664 695
1665 695
1666 696
1666 697
1667 697
1668 698
1668 699
1669 699
1670 700
1670 701
1671 702
1672 703
1672 704
1673 705
1674 706
1675 707
1676 708
1676 709
1677 709
1678 710
1679 711
1680 711
1681 712
1682 712
1683 713
1684 713
1685 714
1686 714
1687 715
1688 715
1689 716
1690 716
1691 716
1692 716
1693 716
1694 716
1695 717
1696 717
1697 717
1698 717
1699 718
1700 718
1701 718
1702 718
1703 718
1704 718
1705 718
1706 718
1707 718
1708 718
1709 718
1710 718
1711 718
1712 718
1713 719
1714 719
1715 719
1716 719
1717 720
1718 720
1719 721
1720 721
1721 722
1722 722
1723 723
1724 723
1725 724
1726 724
1727 724
1728 724
1729 725
1730 725
1731 725
1732 726
1733 727
1734 727
1735 727
1736 728
1737 729
1738 729
1739 730
1740 730
1741 731
1742 731
1743 732
1744 732
1745 732
1746 732
1747 733
1748 733
1749 733
1750 734
1751 735
1752 735
1753 735
1754 735
1755 736
1756 736
1757 736
1758 736
1759 736
1760 736
1761 736
1762 736
1763 737
1764 737
1765 737
1766 737
1767 738
1768 738
1769 738
1770 738
1771 738
1772 738
1773 738
1774 738
1775 738
1776 738
1777 738
1778 738
1779 737
1780 737
1781 737
1782 737
1783 736
1784 735
1785 734
1786 733
1787 733
1787 732
1788 731
1789 731
1790 730
1791 729
1792 729
1793 728
1794 728
1795 728
1796 728
1797 728
1798 728
1799 729
1800 729
1801 729
1802 730
1803 731
1804 731
1805 732
1806 732
1807 733
1808 733
1809 734
1810 734
1811 734
1812 734
1813 734
1814 734
1815 734
1816 734
1817 734
1818 734
1819 734
1820 734
1821 734
1822 734
1823 734
1824 734
1825 734
1826 734
1827 733
1828 733
1829 732
1830 732
1831 731
1832 731
1833 730
1834 729
1835 729
1836 729
1837 728
1838 727
1839 727
1840 727
1841 726
1842 725
1843 725
1844 725
1845 724
1846 723
1847 722
1848 722
1849 721
1850 721
1851 720
1852 719
1853 719
1854 719
1855 718
1856 717
1857 716
1858 716
1859 715
1860 715
1861 714
1862 713
1863 713
1864 713
1865 712
1866 711
1867 710
1868 709
1869 708
1870 707
1871 706
1871 705
1872 704
1872 703
1873 702
1874 701
1875 700
1875 699
1876 698
1877 697
1877 696
1878 695
1879 695
1880 694
1881 693
1882 693
1883 692
1884 692
1885 692
1886 692
1887 692
1888 692
1889 691
1890 691
1891 690
1892 689
1893 688
1893 687
1894 686
1894 685
1894 684
1894 683
1894 682
1894 681
1895 680
1895 679
1896 678
1897 677
1898 677
1899 676
1900 676
1901 676
1902 676
1902 675
1902 674
1902 673
1902 672
1902 671
1902 670
1902 669
1903 668
1903 667
1903 666
1904 665
1905 664
1905 663
1905 662
1906 661
1907 660
1907 659
1907 658
1907 657
1908 656
1908 655
1908 654
1908 653
1908 652
1908 651
1908 650
1908 649
1908 648
1908 647
1908 646
1908 645
1908 644
1908 643
1908 642
1908 641
1908 640
1908 639
1908 638
1908 637
1908 636
1908 635
1908 634
1908 633
1908 632
1908 631
1908 630
1908 629
1908 628
1908 627
1908 626
1908 625
1908 624
1908 623
1908 622
1908 621
1907 620
1907 619
1907 618
1907 617
1906 616
1906 615
1906 614
1906 613
1906 612
1906 611
1906 610
1906 609
1906 608
1906 607
1906 606
1906 605
1906 604
1906 603
1905 602
1905 601
1905 600
1905 599
1904 598
1904 597
1904 596
1904 595
1904 594
1904 593
1903 592
1903 591
1902 590
1901 589
1901 588
1900 588
1899 587
1899 586
1898 586
1897 585
1897 584
1896 584
1895 583
1895 582
1894 581
1893 580
1893 579
1892 578
1892 577
1892 576
1892 575
1891 574
1891 573
1890 572
1889 571
1888 570
1887 569
1886 568
1885 568
1884 567
1883 566
1882 566
1881 565
1881 564
1880 564
1879 563
1879 562
1878 562
1877 561
1877 560
1876 560
1875 559
1874 558
1873 558
1872 557
1871 557
1870 556
1869 556
1868 555
1867 555
1866 554
1865 553
1864 552
1863 552
1862 551
1861 551
1860 550
1859 550
1858 549
1857 549
1856 549
1855 549
1854 549
1853 549
