1317 3369
1316 3370
1315 3370
1314 3371
1313 3371
1312 3372
1311 3372
1310 3372
1309 3372
1308 3372
1307 3372
1306 3371
1305 3371
1304 3371
1303 3371
1302 3372
1301 3372
1300 3372
1299 3372
1298 3373
1297 3374
1296 3374
1295 3374
1294 3375
1293 3375
1292 3374
1291 3374
1290 3374
1289 3373
1288 3372
1287 3372
1286 3372
1285 3372
1284 3371
1283 3371
1282 3371
1281 3371
1280 3371
1279 3371
1278 3372
1277 3372
1276 3372
1275 3372
1274 3373
1273 3373
1272 3373
1271 3373
1270 3373
1269 3373
1268 3373
1267 3373
1266 3373
1265 3373
1264 3373
1263 3373
1262 3373
1261 3373
1260 3373
1259 3373
1258 3374
1257 3374
1256 3374
1255 3374
1254 3375
1253 3376
1252 3376
1251 3376
1250 3377
1249 3377
1248 3377
1247 3377
1246 3377
1245 3377
1244 3377
1243 3377
1242 3377
1241 3377
1240 3377
1239 3377
1238 3377
1237 3377
1236 3377
1235 3377
1234 3377
1233 3377
1232 3378
1231 3378
1230 3378
1229 3378
1228 3379
1227 3379
1226 3378
1225 3378
1224 3378
1223 3378
1222 3377
1221 3377
1220 3377
1219 3377
1218 3378
1217 3378
1216 3378
1215 3378
1214 3379
1213 3379
1212 3379
1211 3379
1210 3379
1209 3379
1208 3380
1207 3380
1206 3381
1205 3382
1204 3382
1204 3383
1203 3384
1202 3384
1201 3385
1200 3386
1199 3386
1198 3387
1197 3387
1196 3387
1195 3387
1194 3387
1193 3387
1192 3387
1191 3387
1190 3387
1189 3387
1188 3388
1187 3388
1186 3388
1185 3388
1184 3389
1183 3389
1182 3389
1181 3389
1180 3389
1179 3389
1178 3389
1177 3389
1176 3389
1175 3389
1174 3389
1173 3389
1172 3388
1171 3388
1170 3388
1169 3388
1168 3387
1167 3387
1166 3387
1165 3387
1164 3387
1163 3387
1162 3387
1161 3387
1160 3387
1159 3387
1158 3387
1157 3387
1156 3387
1155 3387
1154 3387
1153 3387
1152 3387
1151 3387
1150 3387
1149 3387
1148 3387
1147 3387
1146 3387
1145 3387
1144 3387
1143 3387
1142 3388
1141 3388
1140 3388
1139 3388
1138 3389
1137 3389
1136 3389
1135 3389
1134 3389
1133 3389
1132 3389
1131 3389
1130 3389
1129 3389
1128 3389
1127 3389
1126 3389
1125 3389
1124 3388
1123 3388
1122 3388
1121 3388
1120 3387
1119 3387
1118 3387
1117 3387
1116 3387
1115 3387
1114 3388
1113 3388
1112 3388
1111 3388
1110 3389
1109 3389
1108 3389
1107 3389
1106 3389
1105 3389
1104 3389
1103 3389
1102 3389
1101 3389
1100 3389
1099 3389
1098 3389
1097 3389
1096 3389
1095 3389
1094 3389
1093 3389
1092 3389
1091 3389
1090 3389
1089 3389
1088 3389
1087 3389
1086 3389
1085 3389
1084 3389
1083 3389
1082 3389
1081 3389
1080 3389
1079 3389
1078 3389
1077 3389
1076 3390
1075 3390
1074 3390
1073 3390
1072 3391
1071 3391
1070 3391
1069 3391
1068 3391
1067 3391
1066 3391
1065 3391
1064 3391
1063 3391
1062 3391
1061 3391
1060 3391
1059 3391
1058 3392
1057 3392
1056 3392
1055 3392
1054 3393
1053 3393
1052 3394
1051 3394
1050 3394
1049 3394
1048 3395
1047 3395
1046 3396
1045 3396
1044 3397
1043 3397
1042 3398
1041 3398
1040 3399
1039 3399
1038 3400
1037 3400
1036 3401
1035 3401
1034 3402
1033 3402
1032 3403
1031 3404
1030 3405
1029 3406
1028 3407
1028 3408
1027 3409
1027 3410
1027 3411
1027 3412
1028 3413
1028 3414
1029 3415
1029 3416
1030 3417
1030 3418
1031 3419
1032 3420
1033 3421
1034 3422
1034 3423
1035 3423
1036 3424
1036 3425
1037 3426
1038 3427
1038 3428
1039 3429
1040 3430
1041 3431
1042 3432
1042 3433
1043 3433
1044 3434
1044 3435
1045 3435
1046 3436
1046 3437
1047 3437
1048 3438
1048 3439
1049 3439
1050 3440
1050 3441
1051 3441
1052 3442
1052 3443
1053 3444
1054 3445
1054 3446
1055 3447
1056 3448
1057 3449
1057 3450
1058 3451
1058 3452
1059 3453
1060 3454
1061 3455
1062 3456
1062 3457
1063 3457
1064 3458
1064 3459
1065 3459
1066 3460
1066 3461
1067 3461
1068 3462
1068 3463
1069 3464
1070 3465
1070 3466
1071 3467
1071 3468
1072 3469
1072 3470
1073 3471
1074 3472
1074 3473
1075 3473
1076 3474
1076 3475
1077 3475
1078 3476
1078 3477
1079 3477
1080 3478
1080 3479
1081 3479
1082 3480
1082 3481
1083 3481
1084 3482
1085 3483
1086 3484
1087 3485
1088 3485
1089 3486
1090 3487
1091 3487
1092 3488
1092 3489
1093 3489
1094 3490
1094 3491
1095 3491
1096 3492
1097 3493
1098 3493
1099 3494
1100 3494
1101 3495
1102 3495
1103 3495
1104 3495
1105 3496
1106 3496
1107 3496
1108 3496
1109 3496
1110 3496
1111 3497
1112 3497
1113 3497
1114 3497
1115 3498
1116 3498
1117 3498
1118 3498
1119 3499
1120 3499
1121 3499
1122 3499
1123 3500
1124 3500
1125 3501
1126 3501
1127 3501
1128 3501
1129 3502
1130 3502
1131 3502
1132 3502
1133 3502
1134 3502
1135 3502
1136 3502
1137 3502
1138 3502
1139 3502
1140 3502
1141 3503
1142 3503
1143 3503
1144 3503
1145 3504
1146 3504
1147 3504
1148 3504
1149 3504
1150 3504
1151 3504
1152 3504
1153 3504
1154 3504
1155 3504
1156 3504
1157 3504
1158 3504
1159 3504
1160 3504
1161 3504
1162 3504
1163 3504
1164 3504
1165 3504
1166 3504
1167 3504
1168 3504
1169 3504
1170 3504
1171 3504
1172 3504
1173 3503
1174 3503
1175 3503
1176 3503
1177 3502
1178 3502
1179 3502
1180 3502
1181 3502
1182 3502
1183 3502
1184 3502
1185 3503
1186 3503
1187 3503
1188 3503
1189 3504
1190 3504
1191 3504
1192 3504
1193 3504
1194 3504
1195 3504
1196 3504
1197 3504
1198 3504
1199 3504
1200 3504
1201 3504
1202 3504
1203 3504
1204 3504
1205 3504
1206 3504
1207 3504
1208 3504
1209 3504
1210 3504
1211 3504
1212 3504
1213 3504
1214 3504
1215 3504
1216 3504
1217 3504
1218 3504
1219 3504
1220 3504
1221 3503
1222 3503
1223 3503
1224 3503
1225 3502
1226 3502
1227 3502
1228 3502
1229 3502
1230 3502
1231 3502
1232 3502
1233 3502
1234 3502
1235 3502
1236 3502
1237 3502
1238 3502
1239 3502
1240 3502
1241 3502
1242 3502
1243 3502
1244 3502
1245 3502
1246 3502
1247 3502
1248 3502
1249 3502
1250 3502
1251 3502
1252 3502
1253 3503
1254 3503
1255 3503
1256 3503
1257 3504
1258 3504
1259 3504
1260 3504
1261 3504
1262 3504
1263 3504
1264 3504
1265 3504
1266 3504
1267 3504
1268 3504
1269 3504
1270 3504
1271 3504
1272 3504
1273 3504
1274 3504
1275 3504
1276 3504
1277 3504
1278 3504
1279 3504
1280 3504
1281 3504
1282 3504
1283 3503
1284 3503
1285 3503
1286 3503
1287 3502
1288 3502
1289 3502
1290 3502
1291 3502
1292 3502
1293 3502
1294 3502
1295 3502
1296 3502
1297 3501
1298 3501
1299 3501
1300 3501
1301 3500
1302 3500
1303 3500
1304 3500
1305 3499
1306 3499
1307 3499
1308 3499
1309 3498
1310 3498
1311 3497
1312 3497
1313 3497
1314 3497
1315 3496
1316 3495
1317 3494
1318 3493
1319 3493
1319 3492
1320 3491
1321 3491
1321 3490
1322 3489
1323 3489
1324 3488
1325 3487
1326 3487
1327 3486
1328 3486
1329 3485
1330 3485
1331 3485
1332 3485
1333 3484
1334 3484
1335 3484
1336 3484
1337 3484
1338 3484
1339 3484
1340 3484
1341 3484
1342 3484
1343 3484
1344 3484
1345 3483
1346 3483
1347 3482
1348 3482
1349 3481
1350 3481
1351 3480
1352 3480
1353 3480
1354 3480
1355 3480
1356 3480
1357 3480
1358 3480
1359 3480
1360 3480
1361 3480
1362 3480
1363 3480
1364 3480
1365 3479
1366 3479
1367 3479
1368 3479
1369 3478
1370 3477
1371 3477
1372 3477
1373 3476
1374 3476
1375 3476
1376 3476
1377 3475
1378 3475
1379 3474
1380 3474
1381 3473
1382 3473
1383 3472
1384 3472
1385 3472
1386 3472
1387 3472
1388 3472
1389 3471
1390 3471
1391 3471
1392 3471
1393 3470
1394 3470
1395 3470
1396 3470
1397 3469
1398 3469
1399 3469
1400 3469
1401 3468
1402 3468
1403 3467
1404 3467
1405 3467
1406 3467
1407 3466
1408 3465
1409 3464
1410 3463
1411 3463
1412 3462
1413 3461
1414 3461
1415 3460
1416 3460
1417 3459
1418 3459
1419 3459
1420 3459
1421 3458
1422 3457
1423 3457
1424 3457
1425 3456
1426 3456
1427 3455
1428 3455
1429 3455
1430 3455
1431 3454
1432 3453
1433 3452
1434 3451
1435 3451
1435 3450
1436 3449
1437 3448
1438 3447
1439 3446
1439 3445
1439 3444
1439 3443
1440 3442
1440 3441
1440 3440
1440 3439
1440 3438
1440 3437
1440 3436
1440 3435
1440 3434
1440 3433
1440 3432
1440 3431
1440 3430
1440 3429
1440 3428
1440 3427
1440 3426
1440 3425
1440 3424
1440 3423
1440 3422
1440 3421
1440 3420
1440 3419
1440 3418
1440 3417
1440 3416
1440 3415
1439 3414
1439 3413
1438 3412
1437 3412
1436 3411
1435 3411
1434 3411
1433 3411
1432 3410
1431 3410
1430 3409
1429 3409
1428 3408
1427 3408
1426 3407
1425 3407
1424 3406
1423 3406
1422 3406
1421 3405
1420 3404
1419 3404
1418 3404
1417 3403
1416 3402
1415 3402
1414 3402
1413 3401
1412 3400
1411 3400
1410 3399
1409 3398
1409 3397
1408 3396
1408 3395
1408 3394
1408 3393
1407 3392
1407 3391
1406 3390
1405 3389
1404 3388
1403 3388
1402 3387
1401 3387
1400 3387
1399 3387
1398 3387
1397 3387
1396 3387
1395 3387
1394 3387
1393 3387
1392 3386
1391 3386
1390 3385
1389 3385
1388 3384
1387 3384
1386 3383
1385 3383
1384 3382
1383 3382
1382 3382
1381 3382
1380 3381
1379 3381
1378 3381
1377 3381
1376 3381
1375 3381
1374 3381
1373 3381
1372 3381
1371 3381
1370 3381
1369 3381
1368 3380
1367 3380
1366 3379
1365 3379
1364 3378
1363 3378
1362 3377
1361 3377
1360 3376
1359 3376
1358 3376
1357 3376
1356 3375
1355 3375
1354 3375
1353 3375
1352 3375
1351 3375
1350 3375
1349 3375
1348 3374
1347 3374
1346 3374
1345 3373
1344 3372
1343 3372
1342 3372
1341 3372
1340 3371
1339 3371
1338 3371
1337 3371
1336 3371
1335 3371
1334 3371
1333 3371
1332 3371
1331 3371
1330 3370
1329 3370
1328 3370
1327 3370
1326 3369
1325 3369
1324 3369
1323 3369
1322 3369
1321 3369
1320 3369
1319 3369
1318 3369
1317 3369
