1213 4933
1212 4934
1211 4934
1210 4934
1209 4934
1208 4935
1207 4935
1206 4935
1205 4935
1204 4935
1203 4935
1202 4935
1201 4935
1200 4935
1199 4935
1198 4935
1197 4935
1196 4935
1195 4935
1194 4936
1193 4936
1192 4937
1191 4937
1190 4938
1189 4938
1188 4939
1187 4940
1186 4940
1185 4940
1184 4941
1183 4941
1182 4941
1181 4941
1180 4941
1179 4941
1178 4941
1177 4941
1176 4941
1175 4941
1174 4942
1173 4942
1172 4942
1171 4942
1170 4943
1169 4943
1168 4943
1167 4943
1166 4943
1165 4943
1164 4943
1163 4943
1162 4943
1161 4943
1160 4943
1159 4943
1158 4943
1157 4943
1156 4943
1155 4943
1154 4944
1153 4944
1152 4944
1151 4944
1150 4945
1149 4946
1148 4946
1147 4946
1146 4947
1145 4947
1144 4948
1143 4948
1142 4948
1141 4948
1140 4949
1139 4949
1138 4949
1137 4949
1136 4949
1135 4949
1134 4949
1133 4949
1132 4949
1131 4949
1130 4949
1129 4949
1128 4950
1127 4950
1126 4950
1125 4950
1124 4951
1123 4951
1122 4952
1121 4952
1120 4952
1119 4952
1118 4953
1117 4953
1116 4953
1115 4953
1114 4954
1113 4954
1112 4954
1111 4954
1110 4955
1109 4955
1108 4956
1107 4956
1106 4956
1105 4956
1104 4957
1103 4957
1102 4957
1101 4957
1100 4958
1099 4958
1098 4958
1097 4958
1096 4959
1095 4959
1094 4959
1093 4959
1092 4959
1091 4959
1090 4960
1089 4960
1088 4960
1087 4960
1086 4961
1085 4961
1084 4961
1083 4961
1082 4962
1081 4962
1080 4962
1079 4962
1078 4963
1077 4964
1076 4964
1075 4964
1074 4965
1073 4965
1072 4965
1071 4965
1070 4966
1069 4966
1068 4966
1067 4966
1066 4967
1065 4967
1064 4968
1063 4968
1062 4968
1061 4968
1060 4969
1059 4969
1058 4969
1057 4969
1056 4969
1055 4969
1054 4970
1053 4970
1052 4970
1051 4970
1050 4971
1049 4971
1048 4971
1047 4971
1046 4972
1045 4972
1044 4973
1043 4973
1042 4974
1041 4974
1040 4975
1039 4975
1038 4975
1037 4975
1036 4975
1035 4975
1034 4976
1033 4976
1032 4976
1031 4976
1030 4977
1029 4977
1028 4978
1027 4978
1026 4978
1025 4978
1024 4979
1023 4980
1022 4980
1021 4980
1020 4981
1019 4982
1018 4983
1017 4983
1016 4984
1015 4984
1014 4985
1013 4986
1012 4986
1011 4986
1010 4987
1009 4988
1008 4988
1007 4988
1006 4989
1005 4990
1004 4991
1003 4992
1002 4992
1001 4993
1000 4994
999 4994
998 4995
997 4996
996 4997
996 4998
995 4999
995 5000
994 5001
994 5002
993 5003
992 5004
991 5005
990 5006
989 5006
988 5007
987 5008
986 5009
985 5010
984 5010
984 5011
983 5012
982 5013
981 5014
980 5015
980 5016
979 5017
979 5018
978 5019
977 5020
976 5021
976 5022
976 5023
976 5024
975 5025
975 5026
975 5027
975 5028
975 5029
975 5030
975 5031
975 5032
975 5033
975 5034
975 5035
975 5036
975 5037
975 5038
975 5039
975 5040
976 5041
976 5042
977 5043
978 5044
979 5045
980 5045
981 5046
982 5046
983 5046
984 5046
985 5047
986 5047
987 5048
988 5049
989 5049
990 5050
991 5051
992 5051
993 5052
994 5052
995 5053
996 5053
997 5054
998 5055
999 5055
1000 5056
1000 5057
1001 5057
1002 5058
1002 5059
1003 5059
1004 5060
1004 5061
1005 5061
1006 5062
1007 5063
1008 5064
1009 5065
1010 5065
1011 5065
1012 5065
1013 5066
1014 5066
1015 5066
1016 5066
1017 5066
1018 5066
1019 5066
1020 5066
1021 5066
1022 5066
1023 5066
1024 5066
1025 5066
1026 5066
1027 5066
1028 5066
1029 5066
1030 5066
1031 5066
1032 5066
1033 5067
1034 5067
1035 5067
1036 5067
1037 5068
1038 5068
1039 5069
1040 5069
1041 5070
1042 5070
1043 5071
1044 5071
1045 5072
1046 5072
1047 5072
1048 5072
1049 5072
1050 5072
1051 5072
1052 5072
1053 5072
1054 5072
1055 5072
1056 5072
1057 5072
1058 5072
1059 5072
1060 5072
1061 5072
1062 5072
1063 5072
1064 5072
1065 5072
1066 5072
1067 5071
1068 5071
1069 5071
1070 5071
1071 5070
1072 5070
1073 5070
1074 5070
1075 5071
1076 5071
1077 5071
1078 5071
1079 5072
1080 5072
1081 5072
1082 5072
1083 5072
1084 5072
1085 5072
1086 5072
1087 5072
1088 5072
1089 5072
1090 5072
1091 5072
1092 5072
1093 5072
1094 5072
1095 5071
1096 5071
1097 5071
1098 5071
1099 5070
1100 5069
1101 5069
1102 5069
1103 5068
1104 5067
1105 5067
1106 5067
1107 5066
1108 5066
1109 5066
1110 5066
1111 5067
1112 5067
1113 5068
1114 5069
1115 5069
1116 5070
1116 5071
1117 5071
1118 5072
1119 5073
1120 5073
1121 5074
1122 5074
1123 5075
1124 5075
1125 5076
1126 5076
1127 5077
1128 5077
1129 5078
1130 5078
1131 5078
1132 5078
1133 5078
1134 5078
1135 5079
1136 5079
1137 5080
1138 5081
1139 5081
1140 5082
1141 5083
1142 5083
1143 5084
1144 5084
1145 5084
1146 5084
1147 5084
1148 5084
1149 5084
1150 5084
1151 5084
1152 5084
1153 5084
1154 5084
1155 5084
1156 5084
1157 5084
1158 5084
1159 5085
1160 5085
1161 5086
1162 5086
1163 5087
1164 5087
1165 5088
1166 5088
1167 5088
1168 5088
1169 5089
1170 5089
1171 5089
1172 5089
1173 5090
1174 5090
1175 5090
1176 5090
1177 5091
1178 5091
1179 5091
1180 5091
1181 5092
1182 5092
1183 5092
1184 5092
1185 5093
1186 5093
1187 5093
1188 5093
1189 5094
1190 5094
1191 5095
1192 5095
1193 5095
1194 5095
1195 5096
1196 5096
1197 5096
1198 5096
1199 5096
1200 5096
1201 5096
1202 5096
1203 5096
1204 5096
1205 5096
1206 5096
1207 5096
1208 5096
1209 5096
1210 5096
1211 5096
1212 5096
1213 5096
1214 5096
1215 5097
1216 5097
1217 5098
1218 5098
1219 5099
1220 5099
1221 5100
1222 5100
1223 5100
1224 5100
1225 5100
1226 5100
1227 5100
1228 5100
1229 5100
1230 5100
1231 5101
1232 5101
1233 5102
1234 5102
1235 5103
1236 5103
1237 5104
1238 5104
1239 5104
1240 5104
1241 5104
1242 5104
1243 5104
1244 5104
1245 5104
1246 5104
1247 5104
1248 5104
1249 5104
1250 5104
1251 5104
1252 5104
1253 5104
1254 5104
1255 5104
1256 5104
1257 5104
1258 5104
1259 5104
1260 5104
1261 5104
1262 5104
1263 5104
1264 5104
1265 5104
1266 5104
1267 5104
1268 5104
1269 5104
1270 5104
1271 5104
1272 5104
1273 5104
1274 5104
1275 5104
1276 5104
1277 5104
1278 5104
1279 5104
1280 5104
1281 5104
1282 5104
1283 5104
1284 5104
1285 5104
1286 5104
1287 5104
1288 5104
1289 5104
1290 5104
1291 5104
1292 5104
1293 5104
1294 5104
1295 5104
1296 5104
1297 5104
1298 5104
1299 5104
1300 5104
1301 5104
1302 5104
1303 5104
1304 5104
1305 5104
1306 5104
1307 5104
1308 5104
1309 5104
1310 5104
1311 5104
1312 5104
1313 5104
1314 5104
1315 5104
1316 5104
1317 5104
1318 5104
1319 5104
1320 5104
1321 5104
1322 5104
1323 5104
1324 5104
1325 5104
1326 5104
1327 5103
1328 5103
1329 5103
1330 5103
1331 5102
1332 5102
1333 5102
1334 5102
1335 5102
1336 5102
1337 5102
1338 5102
1339 5102
1340 5102
1341 5102
1342 5102
1343 5102
1344 5102
1345 5102
1346 5102
1347 5102
1348 5102
1349 5102
1350 5102
1351 5102
1352 5102
1353 5102
1354 5102
1355 5102
1356 5102
1357 5102
1358 5102
1359 5102
1360 5102
1361 5102
1362 5102
1363 5102
1364 5102
1365 5102
1366 5102
1367 5102
1368 5102
1369 5102
1370 5102
1371 5102
1372 5102
1373 5102
1374 5102
1375 5102
1376 5102
1377 5102
1378 5102
1379 5102
1380 5102
1381 5101
1382 5101
1383 5101
1384 5101
1385 5100
1386 5099
1387 5099
1388 5099
1389 5098
1390 5097
1391 5097
1392 5097
1393 5096
1394 5096
1395 5095
1396 5095
1397 5095
1398 5095
1399 5094
1400 5093
1401 5092
1402 5092
1403 5091
1404 5091
1405 5090
1406 5090
1407 5089
1408 5089
1409 5089
1410 5089
1411 5088
1412 5088
1413 5087
1414 5087
1415 5087
1416 5087
1417 5086
1418 5086
1419 5085
1420 5085
1421 5084
1422 5083
1423 5083
1423 5082
1424 5081
1425 5081
1425 5080
1426 5079
1427 5079
1427 5078
1428 5077
1429 5077
1429 5076
1430 5075
1431 5075
1431 5074
1432 5073
1433 5072
1433 5071
1434 5070
1434 5069
1434 5068
1434 5067
1434 5066
1434 5065
1433 5064
1433 5063
1433 5062
1433 5061
1432 5060
1432 5059
1431 5058
1431 5057
1431 5056
1431 5055
1430 5054
1429 5053
1429 5052
1429 5051
1428 5050
1428 5049
1428 5048
1428 5047
1427 5046
1427 5045
1427 5044
1427 5043
1426 5042
1426 5041
1426 5040
1426 5039
1426 5038
1426 5037
1427 5036
1427 5035
1427 5034
1428 5033
1429 5032
1429 5031
1430 5030
1430 5029
1431 5028
1432 5027
1433 5026
1433 5025
1433 5024
1433 5023
1434 5022
1434 5021
1434 5020
1434 5019
1434 5018
1434 5017
1434 5016
1434 5015
1433 5014
1433 5013
1433 5012
1433 5011
1432 5010
1432 5009
1432 5008
1432 5007
1432 5006
1432 5005
1431 5004
1431 5003
1430 5002
1429 5001
1429 5000
1428 5000
1427 4999
1427 4998
1426 4998
1425 4997
1425 4996
1424 4995
1423 4994
1423 4993
1422 4992
1421 4991
1420 4990
1419 4989
1419 4988
1418 4988
1417 4987
1417 4986
1416 4986
1415 4985
1414 4984
1413 4984
1412 4983
1411 4983
1410 4982
1409 4982
1408 4981
1407 4980
1406 4979
1405 4978
1405 4977
1404 4976
1403 4975
1402 4974
1401 4973
1400 4972
1399 4972
1398 4971
1397 4971
1396 4970
1395 4970
1394 4969
1393 4969
1392 4968
1391 4968
1390 4968
1389 4968
1388 4967
1387 4967
1386 4967
1385 4967
1384 4967
1383 4967
1382 4966
1381 4966
1380 4965
1379 4965
1378 4964
1377 4963
1376 4962
1375 4962
1374 4961
1373 4960
1372 4960
1371 4959
1371 4958
1370 4958
1369 4957
1369 4956
1368 4956
1367 4955
1367 4954
1366 4954
1365 4953
1365 4952
1364 4952
1363 4951
1362 4950
1361 4950
1360 4949
1359 4949
1358 4948
1357 4948
1356 4947
1355 4947
1354 4946
1353 4946
1352 4945
1351 4945
1350 4944
1349 4944
1348 4943
1347 4943
1346 4942
1345 4941
1344 4940
1343 4940
1342 4940
1341 4940
1340 4939
1339 4939
1338 4939
1337 4939
1336 4938
1335 4938
1334 4938
1333 4938
1332 4937
1331 4937
1330 4937
1329 4937
1328 4937
1327 4937
1326 4937
1325 4937
1324 4937
1323 4937
1322 4936
1321 4936
1320 4936
1319 4936
1318 4935
1317 4935
1316 4935
1315 4935
1314 4935
1313 4935
1312 4935
1311 4935
1310 4935
1309 4935
1308 4935
1307 4935
1306 4935
1305 4935
1304 4935
1303 4935
1302 4935
1301 4935
1300 4935
1299 4935
1298 4935
1297 4935
1296 4934
1295 4934
1294 4934
1293 4934
1292 4933
1291 4933
1290 4933
1289 4933
1288 4933
1287 4933
1286 4933
1285 4933
1284 4933
1283 4933
1282 4933
1281 4933
1280 4933
1279 4933
1278 4933
1277 4933
1276 4933
1275 4933
1274 4933
1273 4933
1272 4933
1271 4933
1270 4933
1269 4933
1268 4933
1267 4933
1266 4933
1265 4933
1264 4933
1263 4933
1262 4933
1261 4933
1260 4933
1259 4933
1258 4933
1257 4933
1256 4933
1255 4933
1254 4933
1253 4933
1252 4933
1251 4933
1250 4933
1249 4933
1248 4933
1247 4933
1246 4933
1245 4933
1244 4933
1243 4933
1242 4933
1241 4933
1240 4933
1239 4933
1238 4933
1237 4933
1236 4933
1235 4933
1234 4933
1233 4933
1232 4933
1231 4933
1230 4933
1229 4933
1228 4933
1227 4933
1226 4933
1225 4933
1224 4933
1223 4933
1222 4933
1221 4933
1220 4933
1219 4933
1218 4933
1217 4933
1216 4933
1215 4933
1214 4933
1213 4933
