907 2213
906 2214
905 2214
904 2214
903 2215
902 2215
901 2215
900 2215
899 2215
898 2215
897 2215
896 2215
895 2215
894 2215
893 2215
892 2215
891 2215
890 2216
889 2216
888 2216
887 2217
886 2217
885 2217
884 2217
883 2216
882 2216
881 2216
880 2215
879 2215
878 2215
877 2215
876 2215
875 2215
874 2215
873 2215
872 2215
871 2215
870 2215
869 2215
868 2215
867 2215
866 2215
865 2215
864 2215
863 2215
862 2215
861 2215
860 2215
859 2215
858 2215
857 2215
856 2216
855 2216
854 2216
853 2216
852 2217
851 2217
850 2217
849 2217
848 2217
847 2217
846 2217
845 2217
844 2217
843 2217
842 2217
841 2217
840 2217
839 2217
838 2217
837 2217
836 2217
835 2217
834 2218
833 2218
832 2219
831 2220
830 2220
829 2221
828 2221
827 2221
826 2222
825 2222
824 2222
823 2223
822 2223
821 2223
820 2223
819 2223
818 2224
817 2224
816 2224
815 2225
814 2226
813 2226
812 2226
811 2227
810 2227
809 2227
808 2227
807 2227
806 2228
805 2228
804 2228
803 2229
802 2230
801 2230
800 2231
799 2232
798 2232
797 2233
796 2234
795 2234
794 2234
793 2235
792 2236
791 2236
790 2236
789 2237
788 2238
787 2238
786 2239
785 2240
784 2240
783 2241
782 2241
781 2241
780 2242
779 2242
778 2243
777 2244
776 2245
775 2246
774 2247
773 2248
772 2249
772 2250
771 2251
771 2252
771 2253
771 2254
771 2255
771 2256
771 2257
771 2258
772 2259
772 2260
772 2261
773 2262
774 2263
774 2264
774 2265
775 2266
775 2267
775 2268
776 2269
776 2270
776 2271
777 2272
778 2273
778 2274
779 2275
780 2276
781 2277
782 2278
783 2279
784 2280
784 2281
785 2281
786 2282
787 2283
788 2283
789 2284
790 2285
791 2285
792 2285
793 2286
794 2287
795 2287
796 2287
797 2288
798 2288
799 2288
800 2289
801 2289
802 2289
803 2290
804 2291
805 2291
806 2291
807 2292
808 2293
809 2293
810 2294
811 2295
812 2296
813 2297
814 2297
815 2298
816 2298
817 2298
818 2299
819 2299
820 2299
821 2300
822 2300
823 2300
824 2300
825 2300
826 2300
827 2300
828 2301
829 2301
830 2301
831 2302
832 2303
833 2303
834 2304
835 2305
836 2306
837 2307
838 2308
839 2309
840 2310
840 2311
841 2312
842 2313
842 2314
842 2315
843 2316
844 2317
844 2318
845 2319
846 2320
846 2321
847 2322
848 2323
848 2324
848 2325
849 2326
850 2327
850 2328
851 2329
852 2330
853 2331
854 2332
854 2333
855 2334
856 2335
856 2336
857 2337
858 2338
859 2339
860 2340
861 2341
862 2341
863 2342
864 2343
865 2343
866 2343
867 2344
868 2345
869 2345
870 2345
871 2346
872 2346
873 2346
874 2346
875 2346
876 2346
877 2346
878 2346
879 2346
880 2346
881 2346
882 2346
883 2346
884 2346
885 2345
886 2345
887 2344
888 2343
889 2342
890 2341
891 2341
892 2340
893 2339
894 2339
895 2338
896 2337
897 2337
898 2336
899 2335
900 2335
901 2335
902 2334
903 2334
904 2334
905 2334
906 2335
907 2335
908 2335
909 2336
910 2337
911 2337
912 2338
913 2339
914 2340
915 2341
916 2341
917 2342
918 2343
919 2343
920 2344
921 2345
922 2345
923 2346
924 2346
925 2346
926 2346
927 2346
928 2346
929 2346
930 2346
931 2346
932 2346
933 2346
934 2346
935 2346
936 2346
937 2346
938 2346
939 2346
940 2346
941 2345
942 2345
943 2344
944 2343
945 2342
946 2341
947 2341
948 2340
949 2339
950 2339
951 2339
952 2338
953 2338
954 2338
955 2338
956 2338
957 2338
958 2338
959 2338
960 2338
961 2338
962 2338
963 2338
964 2338
965 2338
966 2338
967 2338
968 2338
969 2338
970 2338
971 2338
972 2338
973 2338
974 2338
975 2338
976 2338
977 2337
978 2337
979 2337
980 2336
981 2336
982 2336
983 2336
984 2336
985 2336
986 2336
987 2336
988 2336
989 2336
990 2336
991 2336
992 2336
993 2335
994 2335
995 2335
996 2334
997 2333
998 2333
999 2333
1000 2332
1001 2331
1002 2331
1003 2331
1004 2330
1005 2330
1006 2330
1007 2330
1008 2330
1009 2329
1010 2329
1011 2329
1012 2329
1013 2328
1014 2328
1015 2328
1016 2328
1017 2328
1018 2328
1019 2328
1020 2328
1021 2328
1022 2328
1023 2328
1024 2328
1025 2328
1026 2328
1027 2328
1028 2328
1029 2328
1030 2328
1031 2328
1032 2328
1033 2328
1034 2328
1035 2328
1036 2328
1037 2328
1038 2328
1039 2328
1040 2328
1041 2328
1042 2328
1043 2328
1044 2328
1045 2328
1046 2328
1047 2328
1048 2328
1049 2328
1050 2328
1051 2328
1052 2328
1053 2328
1054 2328
1055 2328
1056 2328
1057 2328
1058 2328
1059 2328
1060 2328
1061 2328
1062 2328
1063 2328
1064 2328
1065 2328
1066 2328
1067 2328
1068 2328
1069 2328
1070 2328
1071 2328
1072 2328
1073 2328
1074 2328
1075 2328
1076 2328
1077 2328
1078 2328
1079 2327
1080 2327
1081 2326
1082 2325
1083 2325
1084 2324
1085 2324
1086 2324
1087 2324
1088 2324
1089 2324
1090 2324
1091 2324
1092 2324
1093 2324
1094 2324
1095 2324
1096 2324
1097 2324
1098 2324
1099 2324
1100 2324
1101 2324
1102 2324
1103 2324
1104 2324
1105 2323
1106 2323
1107 2322
1107 2321
1108 2320
1108 2319
1109 2318
1109 2317
1109 2316
1109 2315
1110 2314
1110 2313
1110 2312
1110 2311
1110 2310
1111 2309
1111 2308
1111 2307
1112 2306
1112 2305
1112 2304
1112 2303
1112 2302
1112 2301
1112 2300
1112 2299
1112 2298
1112 2297
1112 2296
1112 2295
1112 2294
1112 2293
1112 2292
1112 2291
1112 2290
1112 2289
1112 2288
1112 2287
1112 2286
1112 2285
1112 2284
1112 2283
1112 2282
1112 2281
1112 2280
1112 2279
1112 2278
1112 2277
1112 2276
1112 2275
1112 2274
1112 2273
1112 2272
1112 2271
1112 2270
1112 2269
1111 2268
1111 2267
1110 2266
1109 2265
1109 2264
1108 2263
1108 2262
1108 2261
1108 2260
1108 2259
1108 2258
1108 2257
1108 2256
1108 2255
1108 2254
1108 2253
1108 2252
1108 2251
1108 2250
1108 2249
1108 2248
1108 2247
1107 2246
1107 2245
1106 2244
1105 2243
1104 2242
1103 2241
1102 2240
1101 2239
1101 2238
1100 2237
1099 2236
1099 2235
1098 2234
1097 2233
1096 2232
1095 2232
1094 2231
1093 2231
1092 2231
1091 2231
1090 2231
1089 2231
1088 2231
1087 2230
1086 2230
1085 2230
1084 2229
1083 2229
1082 2229
1081 2229
1080 2229
1079 2229
1078 2229
1077 2229
1076 2230
1075 2230
1074 2230
1073 2231
1072 2231
1071 2231
1070 2231
1069 2231
1068 2231
1067 2231
1066 2231
1065 2231
1064 2231
1063 2231
1062 2231
1061 2231
1060 2231
1059 2231
1058 2231
1057 2231
1056 2231
1055 2230
1054 2230
1053 2230
1052 2229
1051 2228
1050 2228
1049 2227
1048 2226
1047 2226
1046 2225
1045 2225
1044 2225
1043 2224
1042 2224
1041 2224
1040 2223
1039 2223
1038 2223
1037 2223
1036 2223
1035 2223
1034 2223
1033 2223
1032 2223
1031 2223
1030 2223
1029 2223
1028 2223
1027 2223
1026 2223
1025 2223
1024 2223
1023 2223
1022 2223
1021 2223
1020 2223
1019 2223
1018 2223
1017 2223
1016 2223
1015 2223
1014 2223
1013 2223
1012 2223
1011 2223
1010 2223
1009 2223
1008 2223
1007 2223
1006 2223
1005 2223
1004 2223
1003 2223
1002 2223
1001 2223
1000 2223
999 2223
998 2223
997 2223
996 2223
995 2223
994 2222
993 2222
992 2222
991 2222
990 2221
989 2221
988 2221
987 2221
986 2221
985 2221
984 2221
983 2221
982 2221
981 2221
980 2221
979 2221
978 2221
977 2221
976 2221
975 2221
974 2221
973 2221
972 2221
971 2220
970 2220
969 2220
968 2219
967 2219
966 2219
965 2219
964 2219
963 2219
962 2219
961 2219
960 2218
959 2218
958 2218
957 2218
956 2217
955 2217
954 2217
953 2217
952 2217
951 2217
950 2217
949 2217
948 2217
947 2217
946 2217
945 2217
944 2216
943 2216
942 2216
941 2216
940 2215
939 2215
938 2215
937 2215
936 2215
935 2215
934 2215
933 2215
932 2215
931 2215
930 2215
929 2214
928 2214
927 2214
926 2213
925 2213
924 2213
923 2213
922 2213
921 2213
920 2213
919 2213
918 2213
917 2213
916 2213
915 2213
914 2213
913 2213
912 2213
911 2213
910 2213
909 2213
908 2213
907 2213
