701 1027
700 1028
699 1028
698 1028
697 1028
696 1029
695 1029
694 1029
693 1029
692 1029
691 1029
690 1030
689 1030
688 1030
687 1030
686 1031
685 1031
684 1031
683 1031
682 1031
681 1031
680 1031
679 1031
678 1031
677 1031
676 1031
675 1031
674 1031
673 1031
672 1031
671 1031
670 1031
669 1031
668 1031
667 1031
666 1031
665 1031
664 1032
663 1032
662 1033
661 1033
660 1034
659 1034
658 1035
657 1035
656 1036
655 1036
654 1037
653 1038
652 1038
652 1039
651 1040
650 1040
650 1041
649 1042
648 1043
647 1044
646 1045
646 1046
645 1047
644 1048
643 1049
642 1050
641 1050
640 1051
639 1051
638 1052
637 1052
636 1053
635 1054
634 1054
634 1055
633 1056
632 1056
631 1057
630 1058
629 1058
628 1059
627 1059
626 1060
625 1060
624 1061
623 1062
622 1063
622 1064
621 1065
621 1066
620 1067
619 1068
618 1069
618 1070
617 1071
617 1072
616 1073
615 1074
614 1075
614 1076
613 1077
613 1078
612 1079
611 1080
610 1081
610 1082
609 1083
608 1084
608 1085
607 1086
606 1086
606 1087
605 1088
604 1088
604 1089
603 1090
602 1091
601 1092
600 1093
600 1094
599 1095
598 1096
598 1097
597 1098
596 1098
596 1099
595 1100
594 1101
593 1102
592 1103
592 1104
591 1105
591 1106
590 1107
589 1108
588 1109
588 1110
588 1111
588 1112
587 1113
587 1114
586 1115
586 1116
585 1117
585 1118
584 1119
583 1120
582 1121
582 1122
581 1123
581 1124
580 1125
580 1126
579 1127
579 1128
579 1129
579 1130
579 1131
579 1132
578 1133
578 1134
577 1135
576 1136
576 1137
575 1138
574 1139
573 1140
572 1141
572 1142
572 1143
572 1144
571 1145
571 1146
571 1147
571 1148
570 1149
570 1150
570 1151
570 1152
569 1153
569 1154
569 1155
569 1156
568 1157
568 1158
568 1159
568 1160
567 1161
567 1162
566 1163
566 1164
566 1165
566 1166
565 1167
565 1168
565 1169
565 1170
564 1171
564 1172
564 1173
564 1174
563 1175
563 1176
563 1177
563 1178
563 1179
563 1180
562 1181
562 1182
562 1183
562 1184
561 1185
561 1186
561 1187
561 1188
561 1189
561 1190
560 1191
560 1192
560 1193
560 1194
559 1195
559 1196
558 1197
558 1198
558 1199
558 1200
557 1201
557 1202
557 1203
557 1204
557 1205
557 1206
557 1207
557 1208
557 1209
557 1210
557 1211
557 1212
557 1213
557 1214
557 1215
557 1216
557 1217
557 1218
557 1219
557 1220
557 1221
557 1222
557 1223
557 1224
557 1225
557 1226
557 1227
557 1228
557 1229
557 1230
557 1231
557 1232
557 1233
557 1234
557 1235
557 1236
557 1237
557 1238
557 1239
557 1240
557 1241
557 1242
557 1243
557 1244
557 1245
557 1246
557 1247
557 1248
557 1249
557 1250
556 1251
556 1252
556 1253
556 1254
555 1255
555 1256
554 1257
554 1258
554 1259
554 1260
553 1261
553 1262
553 1263
553 1264
553 1265
553 1266
553 1267
553 1268
553 1269
553 1270
553 1271
553 1272
553 1273
553 1274
553 1275
553 1276
553 1277
553 1278
553 1279
553 1280
553 1281
553 1282
553 1283
553 1284
552 1285
552 1286
552 1287
551 1288
550 1289
550 1290
550 1291
550 1292
549 1293
549 1294
549 1295
549 1296
549 1297
549 1298
549 1299
549 1300
549 1301
549 1302
549 1303
549 1304
549 1305
549 1306
549 1307
549 1308
549 1309
549 1310
549 1311
549 1312
549 1313
549 1314
548 1315
548 1316
548 1317
548 1318
547 1319
547 1320
546 1321
546 1322
546 1323
546 1324
545 1325
545 1326
545 1327
545 1328
545 1329
545 1330
545 1331
545 1332
545 1333
545 1334
545 1335
545 1336
545 1337
545 1338
546 1339
546 1340
546 1341
546 1342
547 1343
547 1344
547 1345
547 1346
547 1347
547 1348
547 1349
547 1350
548 1351
548 1352
548 1353
548 1354
549 1355
549 1356
549 1357
549 1358
549 1359
549 1360
549 1361
549 1362
550 1363
550 1364
551 1365
552 1366
552 1367
553 1368
554 1369
554 1370
555 1371
556 1372
556 1373
556 1374
557 1375
558 1376
559 1377
560 1378
561 1379
562 1380
563 1381
564 1381
565 1382
566 1383
567 1383
568 1384
568 1385
569 1385
570 1386
570 1387
571 1387
572 1388
572 1389
573 1389
574 1390
574 1391
575 1391
576 1392
576 1393
577 1393
578 1394
579 1395
580 1395
581 1396
582 1396
583 1397
584 1397
585 1397
586 1398
587 1399
588 1399
589 1399
590 1400
591 1401
592 1401
593 1401
594 1401
595 1402
596 1402
597 1402
598 1402
599 1403
600 1403
601 1404
602 1405
603 1405
604 1406
605 1407
606 1408
607 1409
608 1409
609 1410
610 1411
611 1411
612 1412
612 1413
613 1413
614 1414
615 1415
616 1416
617 1417
618 1417
619 1417
620 1418
621 1419
622 1419
623 1419
624 1419
625 1420
626 1420
627 1421
628 1421
629 1421
630 1421
631 1422
632 1422
633 1422
634 1422
635 1422
636 1422
637 1422
638 1422
639 1421
640 1421
641 1421
642 1421
643 1420
644 1420
645 1420
646 1420
647 1419
648 1419
649 1418
650 1417
651 1417
652 1416
653 1415
654 1415
655 1414
656 1414
657 1414
658 1414
659 1414
660 1414
661 1414
662 1414
663 1414
664 1414
665 1414
666 1414
667 1414
668 1414
669 1414
670 1414
671 1413
672 1413
673 1412
674 1412
675 1411
676 1411
677 1410
678 1410
679 1410
680 1410
681 1410
682 1410
683 1410
684 1410
685 1410
686 1410
687 1410
688 1410
689 1410
690 1410
691 1410
692 1410
693 1410
694 1410
695 1409
696 1409
697 1409
698 1409
699 1408
700 1407
701 1407
702 1407
703 1406
704 1405
705 1405
706 1405
707 1404
708 1404
709 1404
710 1404
711 1404
712 1404
713 1404
714 1404
715 1404
716 1404
717 1404
718 1404
719 1403
720 1403
721 1402
722 1401
723 1401
724 1400
725 1399
726 1399
727 1398
728 1397
729 1397
730 1397
731 1396
732 1395
733 1395
734 1395
735 1394
736 1394
737 1393
738 1393
739 1392
739 1391
740 1390
740 1389
740 1388
740 1387
740 1386
740 1385
740 1384
740 1383
740 1382
740 1381
740 1380
740 1379
740 1378
740 1377
740 1376
740 1375
740 1374
740 1373
740 1372
740 1371
740 1370
740 1369
740 1368
740 1367
740 1366
740 1365
740 1364
740 1363
740 1362
740 1361
741 1360
741 1359
741 1358
741 1357
742 1356
742 1355
743 1354
743 1353
743 1352
743 1351
744 1350
744 1349
745 1348
745 1347
746 1346
746 1345
747 1344
748 1343
749 1342
749 1341
750 1340
750 1339
751 1338
751 1337
752 1336
752 1335
753 1334
753 1333
754 1332
755 1331
755 1330
756 1329
757 1329
757 1328
758 1327
759 1327
759 1326
760 1325
761 1325
761 1324
762 1323
763 1323
763 1322
764 1321
765 1321
765 1320
766 1319
767 1319
767 1318
768 1317
769 1317
770 1316
771 1315
772 1315
773 1314
774 1313
775 1312
776 1311
777 1310
777 1309
778 1308
778 1307
778 1306
778 1305
778 1304
778 1303
778 1302
778 1301
779 1300
779 1299
780 1298
780 1297
781 1296
781 1295
782 1294
782 1293
783 1292
783 1291
783 1290
784 1289
785 1288
785 1287
785 1286
786 1285
787 1284
787 1283
787 1282
788 1281
789 1280
789 1279
789 1278
789 1277
790 1276
790 1275
790 1274
790 1273
790 1272
790 1271
790 1270
790 1269
790 1268
790 1267
790 1266
790 1265
790 1264
790 1263
790 1262
790 1261
790 1260
790 1259
790 1258
790 1257
790 1256
790 1255
790 1254
790 1253
790 1252
790 1251
790 1250
790 1249
790 1248
790 1247
791 1246
791 1245
792 1244
792 1243
793 1242
793 1241
794 1240
794 1239
794 1238
794 1237
794 1236
794 1235
794 1234
794 1233
794 1232
794 1231
794 1230
794 1229
794 1228
794 1227
794 1226
794 1225
795 1224
795 1223
795 1222
795 1221
796 1220
796 1219
796 1218
796 1217
796 1216
796 1215
796 1214
796 1213
796 1212
796 1211
796 1210
796 1209
796 1208
796 1207
796 1206
796 1205
796 1204
796 1203
796 1202
796 1201
796 1200
796 1199
796 1198
796 1197
796 1196
796 1195
796 1194
796 1193
796 1192
796 1191
796 1190
796 1189
796 1188
796 1187
797 1186
797 1185
797 1184
798 1183
799 1182
799 1181
799 1180
799 1179
800 1178
800 1177
800 1176
800 1175
800 1174
800 1173
800 1172
800 1171
800 1170
800 1169
800 1168
800 1167
799 1166
799 1165
798 1164
797 1163
797 1162
796 1162
795 1161
795 1160
794 1160
793 1159
793 1158
792 1158
791 1157
791 1156
790 1156
789 1155
789 1154
788 1153
787 1152
787 1151
786 1150
786 1149
786 1148
786 1147
786 1146
786 1145
786 1144
786 1143
786 1142
786 1141
786 1140
786 1139
786 1138
786 1137
786 1136
786 1135
786 1134
786 1133
785 1132
785 1131
785 1130
785 1129
784 1128
783 1127
783 1126
783 1125
782 1124
782 1123
782 1122
782 1121
782 1120
782 1119
782 1118
782 1117
782 1116
782 1115
782 1114
782 1113
782 1112
782 1111
782 1110
782 1109
782 1108
782 1107
782 1106
782 1105
782 1104
782 1103
782 1102
782 1101
782 1100
782 1099
782 1098
782 1097
781 1096
781 1095
780 1094
779 1093
779 1092
778 1092
777 1091
776 1090
775 1089
774 1088
773 1088
772 1088
771 1087
770 1086
769 1086
768 1085
767 1085
766 1084
765 1083
764 1082
763 1082
762 1081
761 1080
760 1080
759 1079
759 1078
758 1078
757 1077
757 1076
756 1076
755 1075
755 1074
754 1074
753 1073
753 1072
752 1071
751 1070
751 1069
750 1068
749 1067
749 1066
749 1065
748 1064
747 1063
747 1062
747 1061
746 1060
745 1059
745 1058
745 1057
744 1056
744 1055
744 1054
744 1053
744 1052
744 1051
743 1050
743 1049
742 1048
741 1047
741 1046
740 1046
739 1045
739 1044
738 1044
737 1043
737 1042
736 1042
735 1041
734 1040
733 1039
732 1038
731 1038
730 1037
729 1036
728 1036
727 1035
726 1034
725 1033
724 1032
723 1032
722 1032
721 1032
720 1031
719 1031
718 1031
717 1031
716 1030
715 1030
714 1030
713 1029
712 1028
711 1028
710 1028
709 1028
708 1027
707 1027
706 1027
705 1027
704 1027
703 1027
702 1027
701 1027
