1271 787
1270 788
1269 788
1268 788
1267 788
1266 789
1265 789
1264 789
1263 789
1262 789
1261 789
1260 789
1259 789
1258 789
1257 789
1256 789
1255 789
1254 790
1253 790
1252 790
1251 790
1250 791
1249 791
1248 791
1247 791
1246 791
1245 791
1244 791
1243 791
1242 791
1241 791
1240 791
1239 791
1238 791
1237 791
1236 791
1235 791
1234 791
1233 791
1232 792
1231 792
1230 793
1229 793
1228 794
1227 794
1226 795
1225 795
1224 795
1223 795
1222 795
1221 795
1220 795
1219 795
1218 795
1217 795
1216 795
1215 795
1214 795
1213 795
1212 795
1211 795
1210 795
1209 795
1208 795
1207 795
1206 795
1205 795
1204 795
1203 795
1202 795
1201 795
1200 795
1199 795
1198 795
1197 795
1196 795
1195 795
1194 795
1193 795
1192 795
1191 795
1190 795
1189 795
1188 795
1187 795
1186 795
1185 795
1184 795
1183 795
1182 795
1181 795
1180 796
1179 796
1178 796
1177 796
1176 797
1175 798
1174 798
1173 798
1172 799
1171 800
1170 801
1169 802
1168 802
1167 803
1166 804
1165 804
1164 805
1163 805
1162 805
1161 805
1160 805
1159 805
1158 805
1157 805
1156 805
1155 805
1154 805
1153 805
1152 805
1151 805
1150 805
1149 805
1148 806
1147 806
1146 807
1145 808
1144 808
1143 809
1142 810
1141 810
1140 811
1139 811
1138 811
1137 811
1136 811
1135 811
1134 812
1133 812
1132 812
1131 812
1130 813
1129 813
1128 813
1127 813
1126 814
1125 814
1124 814
1123 814
1122 815
1121 815
1120 815
1119 815
1118 816
1117 816
1116 816
1115 816
1114 817
1113 817
1112 818
1111 818
1110 819
1109 819
1108 820
1107 820
1106 821
1105 821
1104 822
1103 822
1102 823
1101 823
1100 824
1099 824
1098 825
1097 825
1096 825
1095 825
1094 825
1093 825
1092 825
1091 825
1090 826
1089 826
1088 826
1087 826
1086 827
1085 828
1084 828
1083 828
1082 829
1081 830
1080 830
1079 830
1078 831
1077 832
1076 832
1075 832
1074 833
1073 833
1072 833
1071 833
1070 833
1069 833
1068 833
1067 833
1066 833
1065 833
1064 833
1063 833
1062 834
1061 834
1060 834
1059 834
1058 835
1057 836
1056 837
1055 837
1054 838
1053 838
1052 839
1051 840
1050 840
1049 840
1048 841
1047 842
1046 842
1045 842
1044 843
1043 843
1042 843
1041 843
1040 843
1039 843
1038 843
1037 843
1036 843
1035 843
1034 843
1033 843
1032 843
1031 843
1030 844
1029 844
1028 845
1027 845
1026 846
1025 846
1024 847
1023 847
1022 847
1021 847
1020 847
1019 847
1018 848
1017 848
1016 848
1015 848
1014 849
1013 850
1012 850
1011 850
1010 851
1009 852
1008 853
1007 854
1006 854
1006 855
1005 856
1004 856
1003 857
1002 858
1001 858
1000 859
999 860
998 861
997 862
996 863
996 864
995 865
995 866
995 867
995 868
995 869
995 870
995 871
995 872
995 873
995 874
995 875
995 876
995 877
995 878
995 879
995 880
995 881
995 882
995 883
995 884
995 885
995 886
995 887
995 888
995 889
995 890
996 891
996 892
997 893
998 894
998 895
999 895
1000 896
1001 897
1002 897
1003 898
1004 898
1005 899
1006 899
1007 899
1008 900
1009 901
1010 901
1011 902
1012 903
1013 903
1014 904
1014 905
1015 905
1016 906
1017 907
1018 907
1019 908
1020 908
1021 908
1022 908
1023 909
1024 909
1025 910
1026 911
1027 911
1028 912
1029 913
1030 914
1031 915
1032 915
1033 916
1034 917
1035 917
1036 918
1037 919
1038 919
1039 920
1040 920
1041 921
1042 921
1043 921
1044 921
1045 922
1046 922
1047 923
1048 923
1049 923
1050 923
1051 924
1052 924
1053 925
1054 925
1055 926
1056 927
1057 927
1058 928
1059 929
1060 930
1061 931
1062 931
1063 931
1064 931
1065 932
1066 932
1067 932
1068 932
1069 933
1070 933
1071 934
1072 934
1073 935
1074 936
1075 937
1076 937
1077 937
1078 938
1079 939
1080 939
1081 939
1082 940
1083 941
1084 941
1085 941
1086 941
1087 942
1088 942
1089 942
1090 942
1091 942
1092 942
1093 942
1094 942
1095 942
1096 942
1097 942
1098 942
1099 942
1100 942
1101 942
1102 942
1103 942
1104 942
1105 943
1106 943
1107 944
1108 945
1109 945
1110 946
1111 947
1112 947
1113 948
1114 948
1115 948
1116 948
1117 949
1118 949
1119 949
1120 950
1121 951
1122 951
1123 951
1124 951
1125 952
1126 952
1127 952
1128 952
1129 952
1130 952
1131 952
1132 952
1133 953
1134 953
1135 953
1136 954
1137 955
1138 955
1139 955
1140 955
1141 956
1142 956
1143 956
1144 956
1145 956
1146 956
1147 956
1148 956
1149 956
1150 956
1151 956
1152 956
1153 956
1154 956
1155 956
1156 956
1157 956
1158 956
1159 956
1160 956
1161 956
1162 956
1163 956
1164 956
1165 956
1166 956
1167 956
1168 956
1169 956
1170 956
1171 957
1172 957
1173 957
1174 957
1175 958
1176 958
1177 958
1178 958
1179 958
1180 958
1181 958
1182 958
1183 958
1184 958
1185 958
1186 958
1187 958
1188 958
1189 958
1190 958
1191 958
1192 958
1193 959
1194 959
1195 959
1196 959
1197 960
1198 960
1199 960
1200 960
1201 960
1202 960
1203 960
1204 960
1205 960
1206 960
1207 961
1208 961
1209 962
1210 962
1211 963
1212 963
1213 964
1214 964
1215 964
1216 964
1217 964
1218 964
1219 964
1220 964
1221 964
1222 964
1223 963
1224 963
1225 963
1226 963
1227 962
1228 962
1229 962
1230 962
1231 962
1232 962
1233 962
1234 962
1235 962
1236 962
1237 962
1238 962
1239 962
1240 962
1241 962
1242 962
1243 962
1244 962
1245 962
1246 962
1247 962
1248 962
1249 963
1250 963
1251 963
1252 963
1253 964
1254 964
1255 964
1256 964
1257 964
1258 964
1259 964
1260 964
1261 964
1262 964
1263 964
1264 964
1265 964
1266 964
1267 964
1268 964
1269 964
1270 964
1271 964
1272 964
1273 964
1274 964
1275 964
1276 964
1277 964
1278 964
1279 965
1280 965
1281 965
1282 965
1283 966
1284 966
1285 966
1286 966
1287 966
1288 966
1289 966
1290 966
1291 966
1292 966
1293 966
1294 966
1295 966
1296 966
1297 966
1298 966
1299 965
1300 965
1301 965
1302 965
1303 964
1304 964
1305 964
1306 964
1307 964
1308 964
1309 963
1310 963
1311 962
1312 961
1313 961
1314 960
1315 959
1316 959
1317 958
1318 957
1319 956
1320 956
1321 955
1322 955
1323 954
1324 953
1325 953
1326 953
1327 952
1328 951
1329 950
1330 950
1331 949
1332 949
1333 948
1334 947
1335 947
1336 947
1337 946
1338 945
1339 944
1340 943
1341 943
1341 942
1342 941
1343 941
1343 940
1344 939
1345 939
1345 938
1346 937
1347 937
1347 936
1348 935
1349 935
1349 934
1350 933
1351 933
1351 932
1352 931
1353 931
1353 930
1354 929
1355 929
1355 928
1356 927
1357 927
1357 926
1358 925
1359 925
1359 924
1360 923
1361 923
1361 922
1362 921
1363 921
1363 920
1364 919
1365 919
1365 918
1366 917
1367 917
1367 916
1368 915
1369 914
1370 913
1371 912
1371 911
1371 910
1371 909
1372 908
1372 907
1373 906
1373 905
1374 904
1374 903
1375 902
1376 901
1377 900
1377 899
1377 898
1377 897
1378 896
1378 895
1378 894
1378 893
1378 892
1378 891
1378 890
1378 889
1378 888
1378 887
1378 886
1378 885
1377 884
1377 883
1376 882
1376 881
1375 880
1375 879
1374 878
1374 877
1374 876
1374 875
1373 874
1373 873
1373 872
1373 871
1372 870
1371 869
1370 868
1369 867
1369 866
1368 865
1367 864
1367 863
1366 862
1366 861
1365 860
1365 859
1364 858
1364 857
1363 856
1363 855
1362 854
1362 853
1361 852
1361 851
1360 850
1360 849
1359 848
1359 847
1358 846
1358 845
1357 844
1357 843
1356 842
1355 841
1355 840
1354 840
1353 839
1353 838
1352 838
1351 837
1351 836
1350 836
1349 835
1349 834
1348 833
1347 832
1347 831
1346 830
1346 829
1345 828
1345 827
1345 826
1345 825
1344 824
1343 823
1342 822
1342 821
1341 820
1341 819
1340 818
1339 817
1338 816
1337 815
1337 814
1336 814
1335 813
1335 812
1334 812
1333 811
1333 810
1332 810
1331 809
1331 808
1330 807
1329 806
1329 805
1328 804
1328 803
1327 802
1327 801
1326 800
1325 799
1325 798
1324 798
1323 797
1323 796
1322 796
1321 795
1320 794
1319 794
1318 793
1317 793
1316 793
1315 793
1314 793
1313 793
1312 793
1311 793
1310 793
1309 793
1308 793
1307 793
1306 793
1305 793
1304 793
1303 793
1302 793
1301 793
1300 793
1299 793
1298 793
1297 793
1296 792
1295 792
1294 791
1293 791
1292 790
1291 790
1290 789
1289 789
1288 788
1287 788
1286 788
1285 788
1284 787
1283 787
1282 787
1281 787
1280 787
1279 787
1278 787
1277 787
1276 787
1275 787
1274 787
1273 787
1272 787
1271 787
