759 4263
758 4264
757 4264
756 4265
755 4266
754 4266
753 4267
752 4268
751 4268
750 4269
749 4269
748 4269
747 4269
746 4269
745 4269
744 4269
743 4269
742 4269
741 4269
740 4269
739 4269
738 4269
737 4269
736 4269
735 4269
734 4269
733 4269
732 4269
731 4269
730 4270
729 4270
728 4270
727 4270
726 4271
725 4271
724 4271
723 4271
722 4272
721 4272
720 4272
719 4272
718 4273
717 4273
716 4273
715 4273
714 4273
713 4273
712 4273
711 4273
710 4273
709 4273
708 4273
707 4273
706 4274
705 4274
704 4274
703 4274
702 4275
701 4275
700 4275
699 4275
698 4275
697 4275
696 4276
695 4276
694 4276
693 4276
692 4277
691 4278
690 4278
689 4278
688 4279
687 4279
686 4279
685 4279
684 4279
683 4279
682 4279
681 4279
680 4279
679 4279
678 4279
677 4279
676 4278
675 4278
674 4278
673 4278
672 4277
671 4277
670 4276
669 4276
668 4276
667 4275
666 4274
665 4274
664 4274
663 4273
662 4272
661 4272
660 4271
659 4271
658 4270
657 4270
656 4269
655 4269
654 4269
653 4269
652 4269
651 4269
650 4270
649 4270
648 4270
647 4270
646 4271
645 4271
644 4271
643 4271
642 4271
641 4271
640 4271
639 4271
638 4271
637 4271
636 4271
635 4271
634 4271
633 4271
632 4271
631 4271
630 4271
629 4271
628 4271
627 4271
626 4271
625 4271
624 4271
623 4271
622 4271
621 4271
620 4271
619 4271
618 4271
617 4271
616 4271
615 4271
614 4271
613 4271
612 4271
611 4271
610 4271
609 4271
608 4271
607 4271
606 4272
605 4272
604 4272
603 4272
602 4273
601 4273
600 4273
599 4273
598 4273
597 4273
596 4273
595 4273
594 4273
593 4273
592 4273
591 4273
590 4273
589 4273
588 4273
587 4273
586 4273
585 4273
584 4273
583 4273
582 4273
581 4273
580 4273
579 4273
578 4273
577 4273
576 4273
575 4273
574 4273
573 4273
572 4273
571 4273
570 4273
569 4273
568 4273
567 4273
566 4273
565 4273
564 4273
563 4273
562 4273
561 4273
560 4273
559 4273
558 4273
557 4273
556 4273
555 4273
554 4273
553 4273
552 4274
551 4274
550 4274
549 4274
548 4275
547 4275
546 4275
545 4275
544 4275
543 4275
542 4275
541 4275
540 4275
539 4275
538 4274
537 4274
536 4273
535 4273
534 4272
533 4272
532 4271
531 4271
530 4271
529 4271
528 4271
527 4271
526 4271
525 4271
524 4271
523 4271
522 4272
521 4272
520 4272
519 4272
518 4273
517 4273
516 4273
515 4273
514 4273
513 4273
512 4273
511 4273
510 4272
509 4272
508 4272
507 4272
506 4271
505 4271
504 4271
503 4271
502 4271
501 4271
500 4271
499 4271
498 4271
497 4271
496 4271
495 4271
494 4272
493 4272
492 4273
491 4274
490 4275
489 4276
488 4277
488 4278
488 4279
488 4280
487 4281
487 4282
487 4283
487 4284
487 4285
487 4286
486 4287
486 4288
486 4289
486 4290
485 4291
485 4292
485 4293
485 4294
485 4295
485 4296
485 4297
485 4298
484 4299
484 4300
484 4301
484 4302
483 4303
483 4304
483 4305
483 4306
482 4307
482 4308
482 4309
481 4310
480 4311
480 4312
480 4313
479 4314
478 4315
478 4316
478 4317
478 4318
477 4319
477 4320
476 4321
476 4322
476 4323
476 4324
475 4325
475 4326
475 4327
475 4328
475 4329
475 4330
476 4331
476 4332
476 4333
476 4334
477 4335
477 4336
477 4337
477 4338
478 4339
478 4340
479 4341
480 4342
480 4343
481 4344
482 4345
482 4346
483 4347
483 4348
483 4349
483 4350
484 4351
484 4352
485 4353
485 4354
486 4355
486 4356
487 4357
488 4358
489 4359
490 4360
491 4361
492 4362
493 4363
494 4363
495 4364
496 4364
497 4365
498 4366
499 4367
500 4367
501 4368
502 4369
503 4370
504 4371
504 4372
505 4373
505 4374
506 4375
506 4376
507 4377
508 4378
508 4379
509 4380
510 4381
510 4382
511 4383
511 4384
512 4385
512 4386
513 4387
513 4388
514 4389
514 4390
515 4391
516 4392
517 4393
518 4394
518 4395
519 4395
520 4396
520 4397
521 4397
522 4398
523 4399
524 4399
525 4400
526 4400
527 4399
528 4399
529 4399
530 4399
531 4398
532 4398
533 4398
534 4398
535 4398
536 4398
537 4398
538 4398
539 4398
540 4398
541 4398
542 4398
543 4398
544 4398
545 4398
546 4398
547 4399
548 4399
549 4399
550 4400
551 4401
552 4401
553 4402
554 4403
555 4403
556 4404
556 4405
557 4405
558 4406
558 4407
559 4407
560 4408
560 4409
561 4410
562 4411
562 4412
563 4413
564 4414
565 4415
566 4416
567 4417
568 4418
569 4419
570 4419
571 4420
572 4421
573 4421
574 4422
575 4423
576 4423
577 4424
578 4424
579 4425
580 4425
581 4426
582 4427
583 4427
584 4428
585 4429
586 4429
587 4430
588 4430
589 4430
590 4430
591 4431
592 4431
593 4432
594 4432
595 4433
596 4434
597 4435
598 4435
599 4435
600 4435
601 4436
602 4436
603 4436
604 4436
605 4436
606 4436
607 4436
608 4436
609 4436
610 4436
611 4437
612 4437
613 4437
614 4437
615 4438
616 4438
617 4438
618 4438
619 4439
620 4439
621 4440
622 4440
623 4441
624 4441
625 4442
626 4442
627 4442
628 4442
629 4443
630 4443
631 4443
632 4443
633 4444
634 4444
635 4444
636 4444
637 4444
638 4444
639 4444
640 4444
641 4444
642 4444
643 4444
644 4444
645 4444
646 4444
647 4444
648 4444
649 4444
650 4444
651 4444
652 4444
653 4445
654 4445
655 4446
656 4446
657 4447
658 4448
659 4449
660 4449
661 4449
662 4449
663 4450
664 4450
665 4451
666 4451
667 4451
668 4451
669 4452
670 4452
671 4452
672 4452
673 4452
674 4452
675 4452
676 4452
677 4452
678 4452
679 4452
680 4452
681 4452
682 4452
683 4452
684 4452
685 4452
686 4452
687 4452
688 4452
689 4452
690 4452
691 4452
692 4452
693 4452
694 4452
695 4452
696 4452
697 4452
698 4452
699 4452
700 4452
701 4452
702 4452
703 4452
704 4452
705 4451
706 4451
707 4451
708 4451
709 4450
710 4450
711 4450
712 4450
713 4450
714 4450
715 4449
716 4449
717 4448
718 4447
719 4447
720 4446
721 4445
722 4445
723 4444
724 4444
725 4444
726 4444
727 4444
728 4444
729 4445
730 4445
731 4446
732 4446
733 4447
734 4447
735 4448
736 4448
737 4448
738 4448
739 4448
740 4448
741 4449
742 4449
743 4449
744 4449
745 4450
746 4450
747 4449
748 4449
749 4448
750 4448
751 4447
752 4447
753 4446
754 4446
755 4446
756 4446
757 4445
758 4445
759 4444
760 4443
761 4442
761 4441
762 4440
762 4439
762 4438
762 4437
763 4436
763 4435
763 4434
763 4433
764 4432
764 4431
764 4430
764 4429
765 4428
765 4427
765 4426
766 4425
767 4424
767 4423
768 4422
769 4421
769 4420
770 4419
771 4419
771 4418
772 4417
773 4417
773 4416
774 4415
775 4415
775 4414
776 4413
777 4413
778 4412
779 4411
780 4411
781 4410
782 4410
783 4409
784 4409
785 4409
786 4409
787 4408
788 4408
789 4408
790 4408
791 4408
792 4408
793 4408
794 4408
795 4408
796 4408
797 4408
798 4408
799 4408
800 4408
801 4408
802 4408
803 4408
804 4408
805 4408
806 4408
807 4408
808 4408
809 4407
810 4407
811 4407
812 4407
813 4406
814 4406
815 4405
816 4405
817 4405
818 4405
819 4404
820 4404
821 4403
822 4403
823 4403
824 4403
825 4402
826 4402
827 4401
828 4401
829 4400
830 4400
831 4399
832 4399
833 4398
834 4397
835 4396
836 4395
837 4395
837 4394
838 4393
839 4393
839 4392
840 4391
841 4391
842 4390
843 4389
844 4389
845 4388
846 4388
847 4388
848 4388
849 4387
850 4387
851 4386
852 4385
853 4385
854 4384
855 4383
856 4383
857 4382
858 4382
859 4381
860 4381
861 4381
862 4381
863 4380
864 4379
865 4379
866 4379
867 4378
868 4377
869 4376
870 4375
871 4374
872 4373
873 4372
873 4371
874 4370
875 4369
875 4368
876 4367
877 4366
877 4365
878 4364
878 4363
878 4362
878 4361
878 4360
878 4359
878 4358
878 4357
878 4356
878 4355
878 4354
878 4353
878 4352
878 4351
878 4350
878 4349
879 4348
879 4347
880 4346
880 4345
881 4344
881 4343
882 4342
882 4341
882 4340
882 4339
882 4338
882 4337
882 4336
882 4335
882 4334
882 4333
882 4332
882 4331
882 4330
882 4329
882 4328
882 4327
881 4326
881 4325
880 4324
879 4323
879 4322
878 4321
877 4320
877 4319
876 4318
876 4317
876 4316
876 4315
876 4314
876 4313
876 4312
876 4311
876 4310
876 4309
876 4308
876 4307
875 4306
875 4305
874 4304
873 4303
873 4302
872 4302
871 4301
870 4300
869 4300
868 4299
867 4299
866 4298
865 4298
864 4298
863 4298
862 4297
861 4297
860 4296
859 4296
858 4295
857 4294
856 4294
855 4293
855 4292
854 4292
853 4291
853 4290
852 4290
851 4289
851 4288
850 4288
849 4287
849 4286
848 4286
847 4285
847 4284
846 4284
845 4283
844 4282
843 4281
842 4280
841 4280
840 4280
839 4279
838 4278
837 4278
836 4278
835 4278
834 4277
833 4277
832 4276
831 4276
830 4276
829 4276
828 4275
827 4275
826 4274
825 4274
824 4274
823 4273
822 4272
821 4272
820 4272
819 4272
818 4271
817 4271
816 4271
815 4271
814 4271
813 4271
812 4270
811 4270
810 4269
809 4269
808 4268
807 4268
806 4267
805 4267
804 4266
803 4266
802 4265
801 4265
800 4264
799 4264
798 4263
797 4263
796 4263
795 4263
794 4264
793 4264
792 4264
791 4264
790 4265
789 4265
788 4265
787 4265
786 4265
785 4265
784 4265
783 4265
782 4265
781 4265
780 4265
779 4265
778 4264
777 4264
776 4264
775 4264
774 4263
773 4263
772 4263
771 4263
770 4263
769 4263
768 4263
767 4263
766 4263
765 4263
764 4263
763 4263
762 4263
761 4263
760 4263
759 4263
