1817 2741
1816 2742
1815 2742
1814 2742
1813 2743
1812 2743
1811 2743
1810 2743
1809 2743
1808 2743
1807 2743
1806 2743
1805 2743
1804 2743
1803 2743
1802 2743
1801 2743
1800 2743
1799 2743
1798 2743
1797 2743
1796 2743
1795 2743
1794 2744
1793 2744
1792 2744
1791 2745
1790 2745
1789 2745
1788 2745
1787 2745
1786 2745
1785 2745
1784 2745
1783 2745
1782 2745
1781 2745
1780 2746
1779 2746
1778 2746
1777 2747
1776 2747
1775 2747
1774 2747
1773 2747
1772 2748
1771 2748
1770 2748
1769 2749
1768 2749
1767 2749
1766 2749
1765 2749
1764 2750
1763 2750
1762 2750
1761 2751
1760 2751
1759 2751
1758 2751
1757 2751
1756 2751
1755 2751
1754 2751
1753 2751
1752 2751
1751 2751
1750 2751
1749 2751
1748 2751
1747 2752
1746 2752
1745 2752
1744 2752
1743 2753
1742 2753
1741 2753
1740 2753
1739 2753
1738 2753
1737 2753
1736 2754
1735 2754
1734 2754
1733 2755
1732 2755
1731 2755
1730 2755
1729 2755
1728 2755
1727 2755
1726 2756
1725 2756
1724 2756
1723 2757
1722 2758
1721 2758
1720 2758
1719 2759
1718 2760
1717 2760
1716 2760
1715 2761
1714 2761
1713 2761
1712 2761
1711 2761
1710 2761
1709 2761
1708 2761
1707 2761
1706 2762
1705 2762
1704 2762
1703 2763
1702 2763
1701 2763
1700 2763
1699 2763
1698 2763
1697 2763
1696 2763
1695 2763
1694 2763
1693 2763
1692 2764
1691 2764
1690 2764
1689 2765
1688 2765
1687 2765
1686 2765
1685 2765
1684 2766
1683 2766
1682 2766
1681 2767
1680 2767
1679 2767
1678 2768
1677 2768
1676 2768
1675 2769
1674 2769
1673 2769
1672 2770
1671 2770
1670 2770
1669 2771
1668 2771
1667 2771
1666 2771
1665 2771
1664 2772
1663 2772
1662 2772
1661 2773
1660 2773
1659 2773
1658 2773
1657 2773
1656 2774
1655 2774
1654 2774
1653 2775
1652 2776
1651 2776
1650 2776
1649 2777
1648 2777
1647 2777
1646 2777
1645 2777
1644 2778
1643 2778
1642 2779
1641 2780
1640 2780
1639 2781
1638 2781
1637 2781
1636 2782
1635 2782
1634 2783
1633 2784
1632 2784
1631 2785
1630 2785
1629 2785
1628 2786
1627 2786
1626 2786
1625 2787
1624 2788
1623 2788
1622 2788
1621 2789
1620 2790
1619 2790
1618 2790
1617 2791
1616 2791
1615 2791
1614 2791
1613 2791
1612 2791
1611 2791
1610 2791
1609 2792
1608 2792
1607 2792
1606 2792
1605 2793
1604 2793
1603 2793
1602 2793
1601 2793
1600 2793
1599 2794
1598 2794
1597 2794
1596 2795
1595 2796
1594 2796
1593 2797
1592 2797
1591 2797
1590 2797
1589 2797
1588 2797
1587 2797
1586 2797
1585 2797
1584 2797
1583 2797
1582 2798
1581 2798
1580 2799
1579 2800
1578 2800
1577 2801
1576 2801
1575 2801
1574 2801
1573 2801
1572 2802
1571 2802
1570 2802
1569 2803
1568 2803
1567 2803
1566 2803
1565 2803
1564 2804
1563 2804
1562 2804
1561 2805
1560 2806
1559 2806
1558 2806
1557 2807
1556 2808
1555 2808
1554 2808
1553 2809
1552 2810
1551 2810
1550 2810
1549 2811
1548 2812
1547 2812
1546 2812
1545 2813
1544 2814
1543 2814
1542 2815
1541 2816
1540 2817
1539 2818
1538 2818
1537 2819
1536 2820
1535 2820
1534 2821
1533 2822
1532 2823
1531 2824
1530 2825
1529 2826
1528 2827
1527 2827
1526 2828
1525 2829
1524 2829
1523 2829
1522 2830
1521 2831
1520 2831
1519 2832
1518 2833
1517 2834
1516 2835
1515 2836
1514 2837
1513 2838
1512 2838
1511 2839
1510 2840
1509 2840
1508 2841
1507 2842
1506 2843
1505 2844
1504 2845
1503 2846
1502 2846
1501 2847
1500 2848
1499 2848
1498 2849
1497 2850
1496 2850
1495 2851
1494 2852
1493 2852
1492 2853
1491 2854
1490 2855
1489 2856
1488 2857
1487 2858
1486 2859
1485 2860
1484 2860
1483 2861
1482 2862
1481 2862
1480 2862
1479 2863
1478 2863
1477 2863
1476 2864
1475 2864
1474 2864
1473 2864
1472 2865
1471 2865
1470 2865
1469 2865
1468 2866
1467 2866
1466 2866
1465 2867
1464 2868
1463 2868
1462 2869
1461 2870
1460 2871
1459 2872
1458 2873
1458 2874
1457 2875
1456 2876
1456 2877
1455 2878
1454 2879
1453 2880
1452 2881
1451 2882
1450 2882
1449 2883
1448 2884
1447 2884
1446 2885
1446 2886
1445 2887
1444 2888
1444 2889
1443 2890
1442 2891
1442 2892
1441 2893
1441 2894
1442 2895
1443 2896
1443 2897
1444 2898
1445 2899
1445 2900
1445 2901
1445 2902
1445 2903
1445 2904
1446 2904
1447 2904
1448 2904
1449 2904
1450 2904
1451 2903
1452 2903
1453 2903
1454 2902
1455 2901
1456 2901
1457 2901
1458 2900
1459 2899
1460 2899
1461 2899
1462 2899
1463 2898
1464 2898
1465 2897
1466 2897
1467 2897
1468 2896
1469 2896
1470 2895
1471 2895
1472 2894
1473 2893
1474 2893
1475 2893
1476 2893
1477 2892
1478 2892
1479 2891
1480 2891
1481 2891
1482 2891
1483 2890
1484 2890
1485 2889
1486 2889
1487 2889
1488 2889
1489 2888
1490 2888
1491 2887
1492 2887
1493 2887
1494 2886
1495 2885
1496 2885
1497 2885
1498 2884
1499 2883
1500 2883
1501 2883
1502 2882
1503 2882
1504 2881
1505 2881
1506 2881
1507 2880
1508 2880
1509 2880
1510 2880
1511 2880
1512 2880
1513 2880
1514 2880
1515 2879
1516 2879
1517 2879
1518 2879
1519 2878
1520 2878
1521 2878
1522 2878
1523 2878
1524 2879
1525 2879
1526 2880
1527 2881
1528 2881
1529 2882
1530 2882
1531 2882
1532 2882
1533 2881
1534 2881
1535 2881
1536 2880
1537 2880
1538 2880
1539 2879
1540 2879
1541 2879
1542 2878
1543 2877
1544 2877
1545 2877
1546 2876
1547 2875
1548 2875
1549 2875
1550 2874
1551 2874
1552 2874
1553 2874
1554 2874
1555 2874
1556 2874
1557 2874
1558 2874
1559 2874
1560 2874
1561 2874
1562 2874
1563 2874
1564 2874
1565 2874
1566 2874
1567 2873
1568 2873
1569 2873
1570 2872
1571 2872
1572 2872
1573 2872
1574 2872
1575 2871
1576 2871
1577 2871
1578 2870
1579 2869
1580 2869
1581 2869
1582 2868
1583 2868
1584 2868
1585 2868
1586 2868
1587 2868
1588 2868
1589 2868
1590 2868
1591 2868
1592 2868
1593 2867
1594 2867
1595 2867
1596 2866
1597 2866
1598 2866
1599 2865
1600 2865
1601 2865
1602 2864
1603 2864
1604 2864
1605 2864
1606 2864
1607 2864
1608 2864
1609 2864
1610 2864
1611 2863
1612 2862
1613 2862
1614 2861
1615 2861
1616 2860
1617 2860
1618 2860
1619 2860
1620 2860
1621 2860
1622 2860
1623 2860
1624 2860
1625 2860
1626 2860
1627 2860
1628 2860
1629 2860
1630 2861
1631 2861
1632 2861
1633 2862
1634 2862
1635 2862
1636 2862
1637 2862
1638 2863
1639 2863
1640 2863
1641 2864
1642 2864
1643 2864
1644 2865
1645 2865
1646 2865
1647 2866
1648 2866
1649 2866
1650 2866
1651 2866
1652 2866
1653 2866
1654 2866
1655 2866
1656 2866
1657 2865
1658 2865
1659 2865
1660 2864
1661 2863
1662 2863
1663 2863
1664 2863
1665 2862
1666 2862
1667 2862
1668 2862
1669 2862
1670 2862
1671 2861
1672 2861
1673 2860
1674 2859
1675 2858
1676 2858
1677 2857
1678 2857
1679 2856
1680 2856
1681 2856
1682 2856
1683 2856
1684 2856
1685 2855
1686 2855
1687 2855
1688 2855
1689 2854
1690 2854
1691 2854
1692 2854
1693 2853
1694 2853
1695 2853
1696 2853
1697 2852
1698 2852
1699 2852
1700 2852
1701 2852
1702 2852
1703 2851
1704 2851
1705 2851
1706 2851
1707 2850
1708 2850
1709 2850
1710 2850
1711 2850
1712 2850
1713 2850
1714 2850
1715 2850
1716 2850
1717 2851
1718 2851
1719 2851
1720 2851
1721 2852
1722 2852
1723 2852
1724 2852
1725 2852
1726 2852
1727 2852
1728 2852
1729 2851
1730 2851
1731 2851
1732 2850
1733 2850
1734 2850
1735 2850
1736 2850
1737 2850
1738 2851
1739 2851
1740 2851
1741 2851
1742 2851
1743 2851
1744 2851
1745 2851
1746 2851
1747 2851
1748 2850
1749 2850
1750 2850
1751 2849
1752 2848
1753 2848
1754 2847
1755 2846
1756 2846
1757 2846
1758 2846
1759 2846
1760 2846
1761 2846
1762 2846
1763 2846
1764 2846
1765 2846
1766 2846
1767 2846
1768 2846
1769 2846
1770 2846
1771 2846
1772 2846
1773 2846
1774 2846
1775 2846
1776 2846
1777 2846
1778 2846
1779 2846
1780 2847
1781 2847
1782 2847
1783 2848
1784 2848
1785 2848
1786 2848
1787 2848
1788 2849
1789 2849
1790 2849
1791 2850
1792 2850
1793 2850
1794 2850
1795 2850
1796 2850
1797 2850
1798 2850
1799 2850
1800 2850
1801 2850
1802 2851
1803 2851
1804 2852
1805 2853
1806 2853
1807 2854
1808 2854
1809 2854
1810 2855
1811 2855
1812 2855
1813 2856
1814 2856
1815 2856
1816 2856
1817 2856
1818 2856
1819 2856
1820 2856
1821 2856
1822 2856
1823 2856
1824 2856
1825 2856
1826 2856
1827 2856
1828 2856
1829 2856
1830 2856
1831 2856
1832 2856
1833 2856
1834 2856
1835 2856
1836 2856
1837 2856
1838 2856
1839 2856
1840 2856
1841 2856
1842 2856
1843 2856
1844 2856
1845 2856
1846 2856
1847 2856
1848 2856
1849 2856
1850 2856
1851 2856
1852 2856
1853 2856
1854 2856
1855 2856
1856 2856
1857 2856
1858 2856
1859 2856
1860 2856
1861 2856
1862 2856
1863 2856
1864 2856
1865 2856
1866 2856
1867 2856
1868 2856
1869 2856
1870 2856
1871 2856
1872 2856
1873 2856
1874 2856
1875 2856
1876 2856
1877 2856
1878 2856
1879 2856
1880 2856
1881 2856
1882 2856
1883 2855
1884 2855
1885 2855
1886 2855
1887 2854
1888 2854
1889 2854
1890 2854
1891 2854
1892 2854
1893 2854
1894 2854
1895 2854
1896 2854
1897 2855
1898 2855
1899 2855
1900 2856
1901 2857
1902 2857
1903 2858
1904 2859
1905 2859
1906 2859
1907 2860
1908 2860
1909 2860
1910 2860
1911 2860
1912 2860
1913 2860
1914 2860
1915 2860
1916 2860
1917 2860
1918 2861
1919 2861
1920 2861
1921 2862
1922 2862
1923 2862
1924 2862
1925 2862
1926 2862
1927 2862
1928 2862
1929 2862
1930 2863
1931 2863
1932 2863
1933 2864
1934 2864
1935 2864
1936 2864
1937 2864
1938 2864
1939 2864
1940 2864
1941 2864
1942 2864
1943 2864
1944 2864
1945 2864
1946 2864
1947 2864
1948 2864
1949 2864
1950 2864
1951 2864
1952 2864
1953 2864
1954 2864
1955 2864
1956 2864
1957 2864
1958 2864
1959 2864
1960 2864
1961 2864
1962 2864
1963 2864
1964 2864
1965 2864
1966 2864
1967 2864
1968 2864
1969 2864
1970 2864
1971 2864
1972 2864
1973 2864
1974 2864
1975 2864
1976 2863
1977 2863
1978 2863
1979 2863
1980 2862
1981 2861
1982 2861
1983 2861
1984 2860
1985 2860
1986 2860
1987 2860
1988 2860
1989 2860
1990 2860
1991 2859
1992 2859
1993 2859
1994 2858
1995 2857
1996 2857
1997 2856
1998 2855
1999 2855
2000 2854
2001 2853
2002 2853
2003 2852
2004 2851
2005 2850
2006 2849
2007 2849
2008 2848
2009 2847
2010 2847
2011 2846
2012 2845
2013 2844
2014 2843
2015 2843
2015 2842
2016 2841
2017 2841
2017 2840
2018 2839
2019 2839
2019 2838
2020 2837
2021 2837
2021 2836
2022 2835
2023 2834
2023 2833
2024 2832
2025 2831
2025 2830
2026 2829
2027 2828
2027 2827
2028 2826
2029 2825
2029 2824
2029 2823
2030 2822
2030 2821
2030 2820
2030 2819
2030 2818
2030 2817
2030 2816
2030 2815
2030 2814
2030 2813
2029 2812
2029 2811
2028 2810
2027 2809
2026 2808
2025 2807
2024 2806
2023 2805
2023 2804
2023 2803
2022 2802
2022 2801
2022 2800
2022 2799
2021 2798
2021 2797
2021 2796
2021 2795
2020 2794
2020 2793
2020 2792
2020 2791
2020 2790
2020 2789
2021 2788
2021 2787
2021 2786
2021 2785
2022 2784
2022 2783
2022 2782
2022 2781
2022 2780
2022 2779
2022 2778
2022 2777
2021 2776
2021 2775
2021 2774
2021 2773
2020 2772
2020 2771
2019 2770
2019 2769
2018 2768
2018 2767
2017 2767
2016 2766
2015 2765
2014 2765
2013 2764
2012 2764
2011 2764
2010 2763
2009 2763
2008 2763
2007 2763
2006 2763
2005 2763
2004 2763
2003 2763
2002 2762
2001 2762
2000 2762
1999 2762
1998 2761
1997 2761
1996 2761
1995 2761
1994 2761
1993 2760
1992 2760
1991 2760
1990 2759
1989 2759
1988 2759
1987 2759
1986 2759
1985 2759
1984 2759
1983 2759
1982 2759
1981 2759
1980 2759
1979 2759
1978 2759
1977 2759
1976 2759
1975 2759
1974 2758
1973 2758
1972 2758
1971 2758
1970 2757
1969 2757
1968 2757
1967 2757
1966 2757
1965 2757
1964 2757
1963 2757
1962 2756
1961 2756
1960 2756
1959 2756
1958 2755
1957 2755
1956 2755
1955 2755
1954 2755
1953 2755
1952 2755
1951 2755
1950 2755
1949 2755
1948 2755
1947 2755
1946 2755
1945 2755
1944 2755
1943 2755
1942 2755
1941 2755
1940 2755
1939 2755
1938 2754
1938 2753
1938 2752
1937 2752
1936 2752
1935 2752
1934 2752
1933 2752
1932 2751
1931 2751
1931 2752
1930 2753
1929 2753
1928 2753
1927 2753
1926 2753
1925 2753
1924 2753
1923 2753
1922 2753
1921 2753
1920 2753
1919 2753
1918 2753
1917 2753
1916 2753
1915 2753
1914 2753
1913 2753
1912 2753
1911 2753
1910 2753
1909 2753
1908 2752
1907 2752
1906 2752
1905 2752
1904 2751
1903 2751
1902 2751
1901 2751
1900 2751
1899 2751
1898 2751
1897 2751
1896 2751
1895 2751
1894 2751
1893 2751
1892 2751
1891 2751
1890 2752
1889 2752
1888 2752
1887 2752
1886 2753
1885 2753
1884 2753
1883 2753
1882 2753
1881 2753
1880 2753
1879 2753
1878 2752
1877 2752
1876 2751
1875 2751
1874 2750
1873 2749
1872 2749
1871 2748
1870 2747
1869 2747
1868 2746
1867 2746
1866 2745
1865 2745
1864 2745
1863 2745
1862 2745
1861 2745
1860 2745
1859 2745
1858 2744
1857 2744
1856 2744
1855 2744
1854 2743
1853 2743
1852 2743
1851 2743
1850 2743
1849 2743
1848 2742
1847 2742
1846 2742
1845 2742
1844 2741
1843 2741
1842 2741
1841 2741
1840 2741
1839 2741
1838 2741
1837 2741
1836 2741
1835 2741
1834 2741
1833 2741
1832 2741
1831 2741
1830 2741
1829 2741
1828 2741
1827 2741
1826 2741
1825 2741
1824 2741
1823 2741
1822 2741
1821 2741
1820 2741
1819 2741
1818 2741
1817 2741
