1073 4693
1072 4694
1071 4694
1070 4694
1069 4694
1068 4695
1067 4695
1066 4695
1065 4695
1064 4695
1063 4695
1062 4695
1061 4695
1060 4695
1059 4695
1058 4695
1057 4695
1056 4695
1055 4695
1054 4695
1053 4695
1052 4695
1051 4695
1050 4696
1049 4696
1048 4696
1047 4696
1046 4697
1045 4697
1044 4697
1043 4697
1042 4698
1041 4698
1040 4699
1039 4699
1038 4700
1037 4700
1036 4701
1035 4701
1034 4701
1033 4701
1032 4701
1031 4701
1030 4701
1029 4701
1028 4702
1027 4702
1026 4702
1025 4702
1024 4703
1023 4703
1022 4704
1021 4704
1020 4705
1019 4705
1018 4706
1017 4706
1016 4707
1015 4707
1014 4707
1013 4707
1012 4707
1011 4707
1010 4708
1009 4708
1008 4709
1007 4709
1006 4710
1005 4710
1004 4711
1003 4711
1002 4711
1001 4711
1000 4711
999 4711
998 4711
997 4711
996 4711
995 4711
994 4711
993 4711
992 4711
991 4711
990 4711
989 4711
988 4711
987 4711
986 4711
985 4711
984 4711
983 4711
982 4711
981 4711
980 4711
979 4711
978 4711
977 4711
976 4711
975 4711
974 4712
973 4712
972 4712
971 4712
970 4713
969 4713
968 4713
967 4713
966 4713
965 4713
964 4713
963 4713
962 4713
961 4713
960 4713
959 4713
958 4713
957 4713
956 4714
955 4714
954 4714
953 4714
952 4715
951 4715
950 4715
949 4715
948 4715
947 4715
946 4716
945 4716
944 4717
944 4718
943 4719
943 4720
943 4721
943 4722
943 4723
943 4724
943 4725
943 4726
943 4727
943 4728
943 4729
943 4730
943 4731
943 4732
943 4733
943 4734
944 4735
944 4736
944 4737
944 4738
945 4739
945 4740
945 4741
945 4742
945 4743
945 4744
945 4745
945 4746
946 4747
946 4748
947 4749
948 4750
948 4751
949 4752
950 4753
950 4754
951 4755
952 4756
953 4757
954 4758
954 4759
955 4759
956 4760
956 4761
957 4761
958 4762
958 4763
959 4763
960 4764
960 4765
961 4765
962 4766
963 4767
964 4767
965 4768
966 4768
967 4768
968 4768
969 4768
970 4768
971 4768
972 4768
973 4768
974 4768
975 4768
976 4768
977 4768
978 4768
979 4769
980 4769
981 4769
982 4770
983 4771
984 4771
985 4771
986 4772
987 4773
988 4773
989 4773
990 4774
991 4775
992 4775
993 4775
994 4776
995 4777
996 4777
997 4778
998 4779
999 4779
1000 4780
1000 4781
1001 4781
1002 4782
1002 4783
1003 4783
1004 4784
1005 4785
1006 4786
1007 4787
1008 4787
1009 4788
1010 4788
1011 4789
1012 4789
1013 4790
1014 4790
1015 4791
1016 4791
1017 4792
1018 4792
1019 4793
1020 4793
1021 4794
1022 4794
1023 4794
1024 4794
1025 4794
1026 4794
1027 4794
1028 4794
1029 4794
1030 4794
1031 4794
1032 4794
1033 4794
1034 4794
1035 4794
1036 4794
1037 4794
1038 4794
1039 4794
1040 4794
1041 4794
1042 4794
1043 4794
1044 4794
1045 4794
1046 4794
1047 4794
1048 4794
1049 4794
1050 4794
1051 4794
1052 4794
1053 4794
1054 4794
1055 4794
1056 4794
1057 4794
1058 4794
1059 4794
1060 4794
1061 4793
1062 4793
1063 4793
1064 4793
1065 4792
1066 4792
1067 4792
1068 4792
1069 4792
1070 4792
1071 4792
1072 4792
1073 4792
1074 4792
1075 4792
1076 4792
1077 4792
1078 4792
1079 4792
1080 4792
1081 4792
1082 4792
1083 4792
1084 4792
1085 4792
1086 4792
1087 4792
1088 4792
1089 4792
1090 4792
1091 4792
1092 4792
1093 4792
1094 4792
1095 4792
1096 4792
1097 4792
1098 4792
1099 4792
1100 4792
1101 4792
1102 4792
1103 4792
1104 4792
1105 4792
1106 4792
1107 4792
1108 4792
1109 4792
1110 4792
1111 4792
1112 4792
1113 4792
1114 4792
1115 4792
1116 4792
1117 4791
1118 4791
1119 4791
1120 4791
1121 4790
1122 4790
1123 4789
1124 4789
1125 4789
1126 4789
1127 4788
1128 4787
1129 4786
1130 4785
1131 4785
1132 4784
1133 4783
1134 4783
1135 4782
1136 4781
1137 4781
1138 4781
1139 4780
1140 4779
1141 4779
1142 4779
1143 4778
1144 4778
1145 4777
1146 4777
1147 4776
1148 4775
1149 4775
1149 4774
1150 4773
1151 4773
1151 4772
1152 4771
1153 4771
1153 4770
1154 4769
1155 4769
1155 4768
1156 4767
1157 4766
1158 4765
1159 4764
1159 4763
1160 4762
1161 4761
1161 4760
1162 4759
1163 4759
1163 4758
1164 4757
1165 4756
1165 4755
1166 4754
1166 4753
1166 4752
1166 4751
1166 4750
1166 4749
1166 4748
1166 4747
1166 4746
1166 4745
1166 4744
1166 4743
1166 4742
1166 4741
1165 4740
1165 4739
1165 4738
1165 4737
1164 4736
1164 4735
1164 4734
1164 4733
1164 4732
1164 4731
1164 4730
1164 4729
1163 4728
1163 4727
1162 4726
1161 4725
1161 4724
1160 4724
1159 4723
1159 4722
1158 4722
1157 4721
1157 4720
1156 4720
1155 4719
1154 4718
1153 4717
1152 4716
1151 4716
1150 4715
1149 4714
1148 4714
1147 4713
1146 4712
1145 4712
1144 4711
1143 4711
1142 4711
1141 4711
1140 4710
1139 4710
1138 4710
1137 4709
1136 4708
1135 4708
1134 4707
1133 4706
1132 4706
1131 4705
1131 4704
1130 4704
1129 4703
1129 4702
1128 4702
1127 4701
1126 4700
1125 4700
1124 4699
1123 4699
1122 4699
1121 4699
1120 4699
1119 4699
1118 4699
1117 4699
1116 4698
1115 4698
1114 4697
1113 4697
1112 4696
1111 4696
1110 4695
1109 4695
1108 4695
1107 4695
1106 4695
1105 4695
1104 4695
1103 4695
1102 4695
1101 4695
1100 4695
1099 4695
1098 4695
1097 4695
1096 4695
1095 4695
1094 4694
1093 4694
1092 4694
1091 4694
1090 4693
1089 4693
1088 4693
1087 4693
1086 4693
1085 4693
1084 4693
1083 4693
1082 4693
1081 4693
1080 4693
1079 4693
1078 4693
1077 4693
1076 4693
1075 4693
1074 4693
1073 4693
