1571 3403
1570 3404
1569 3404
1568 3405
1568 3406
1567 3407
1567 3408
1567 3409
1567 3410
1568 3411
1568 3412
1568 3413
1568 3414
1569 3415
1569 3416
1569 3417
1569 3418
1569 3419
1569 3420
1569 3421
1569 3422
1569 3423
1569 3424
1570 3425
1570 3426
1570 3427
1570 3428
1571 3429
1571 3430
1571 3431
1571 3432
1572 3433
1572 3434
1572 3435
1572 3436
1573 3437
1573 3438
1573 3439
1573 3440
1574 3441
1574 3442
1574 3443
1574 3444
1575 3445
1575 3446
1575 3447
1575 3448
1575 3449
1575 3450
1575 3451
1575 3452
1575 3453
1575 3454
1575 3455
1575 3456
1575 3457
1575 3458
1575 3459
1575 3460
1575 3461
1575 3462
1576 3463
1576 3464
1576 3465
1576 3466
1577 3467
1577 3468
1577 3469
1577 3470
1577 3471
1577 3472
1577 3473
1577 3474
1577 3475
1577 3476
1577 3477
1577 3478
1577 3479
1577 3480
1577 3481
1577 3482
1578 3483
1578 3484
1578 3485
1578 3486
1579 3487
1579 3488
1579 3489
1579 3490
1580 3491
1580 3492
1581 3493
1581 3494
1582 3495
1582 3496
1583 3497
1584 3498
1585 3499
1586 3500
1587 3501
1588 3502
1589 3503
1590 3503
1591 3503
1592 3504
1593 3505
1594 3505
1595 3505
1596 3505
1597 3506
1598 3506
1599 3506
1600 3506
1601 3506
1602 3506
1603 3507
1604 3507
1605 3507
1606 3507
1607 3508
1608 3508
1609 3508
1610 3508
1611 3508
1612 3508
1613 3509
1614 3509
1615 3509
1616 3510
1617 3511
1618 3511
1619 3512
1620 3513
1621 3513
1622 3514
1623 3515
1624 3515
1625 3516
1626 3516
1627 3516
1628 3516
1629 3516
1630 3516
1631 3516
1632 3516
1633 3516
1634 3516
1635 3516
1636 3516
1637 3516
1638 3516
1639 3516
1640 3516
1641 3516
1642 3516
1643 3516
1644 3516
1645 3516
1646 3516
1647 3516
1648 3516
1649 3516
1650 3516
1651 3516
1652 3516
1653 3516
1654 3516
1655 3516
1656 3516
1657 3516
1658 3516
1659 3516
1660 3516
1661 3516
1662 3516
1663 3516
1664 3516
1665 3516
1666 3516
1667 3516
1668 3516
1669 3516
1670 3516
1671 3516
1672 3516
1673 3516
1674 3516
1675 3516
1676 3516
1677 3516
1678 3516
1679 3516
1680 3516
1681 3516
1682 3516
1683 3517
1684 3517
1685 3517
1686 3517
1687 3518
1688 3518
1689 3519
1690 3519
1691 3519
1692 3519
1693 3520
1694 3520
1695 3520
1696 3520
1697 3520
1698 3520
1699 3521
1700 3521
1701 3521
1702 3521
1703 3522
1704 3522
1705 3522
1706 3522
1707 3522
1708 3522
1709 3522
1710 3522
1711 3522
1712 3522
1713 3522
1714 3522
1715 3522
1716 3522
1717 3522
1718 3522
1719 3522
1720 3522
1721 3522
1722 3522
1723 3522
1724 3522
1725 3522
1726 3522
1727 3521
1728 3521
1729 3521
1730 3521
1731 3520
1732 3520
1733 3520
1734 3520
1735 3520
1736 3520
1737 3520
1738 3520
1739 3520
1740 3520
1741 3520
1742 3520
1743 3520
1744 3520
1745 3520
1746 3520
1747 3520
1748 3520
1749 3520
1750 3520
1751 3520
1752 3520
1753 3520
1754 3520
1755 3520
1756 3520
1757 3520
1758 3520
1759 3520
1760 3520
1761 3520
1762 3520
1763 3520
1764 3520
1765 3520
1766 3520
1767 3519
1768 3518
1769 3517
1769 3516
1769 3515
1770 3514
1770 3513
1770 3512
1770 3511
1771 3510
1771 3509
1772 3508
1773 3507
1773 3506
1774 3505
1775 3505
1775 3504
1776 3503
1777 3503
1777 3502
1778 3501
1779 3501
1779 3500
1780 3499
1781 3498
1782 3497
1783 3496
1783 3495
1784 3494
1785 3493
1786 3493
1787 3492
1788 3492
1789 3491
1790 3491
1791 3490
1792 3489
1793 3489
1793 3488
1794 3487
1795 3487
1795 3486
1796 3485
1797 3485
1797 3484
1798 3483
1799 3483
1799 3482
1800 3481
1801 3481
1801 3480
1802 3479
1803 3479
1803 3478
1804 3477
1805 3476
1805 3475
1806 3474
1806 3473
1807 3472
1807 3471
1807 3470
1807 3469
1808 3468
1808 3467
1808 3466
1808 3465
1808 3464
1808 3463
1808 3462
1808 3461
1807 3460
1807 3459
1807 3458
1807 3457
1806 3456
1806 3455
1805 3454
1805 3453
1804 3452
1803 3451
1803 3450
1802 3450
1801 3449
1801 3448
1800 3448
1799 3447
1798 3446
1797 3445
1796 3444
1795 3444
1794 3444
1793 3443
1792 3442
1791 3442
1790 3441
1789 3440
1788 3440
1787 3439
1786 3438
1785 3438
1784 3437
1783 3437
1782 3437
1781 3437
1780 3437
1779 3437
1778 3437
1777 3437
1776 3436
1775 3436
1774 3436
1773 3436
1772 3435
1771 3435
1770 3435
1769 3435
1768 3435
1767 3435
1766 3435
1765 3435
1764 3435
1763 3435
1762 3434
1761 3434
1760 3434
1759 3434
1758 3433
1757 3433
1756 3433
1755 3433
1754 3432
1753 3432
1752 3432
1751 3432
1750 3431
1749 3431
1748 3431
1747 3431
1746 3430
1745 3430
1744 3430
1743 3430
1742 3429
1741 3429
1740 3429
1739 3429
1738 3430
1737 3430
1736 3430
1735 3430
1734 3431
1733 3431
1732 3431
1731 3431
1730 3431
1729 3431
1728 3431
1727 3431
1726 3432
1725 3432
1724 3433
1723 3433
1722 3434
1721 3434
1720 3435
1719 3435
1718 3435
1717 3435
1716 3435
1715 3435
1714 3435
1713 3435
1712 3435
1711 3435
1710 3435
1709 3435
1708 3435
1707 3435
1706 3435
1705 3435
1704 3435
1703 3435
1702 3435
1701 3435
1700 3435
1699 3435
1698 3435
1697 3435
1696 3435
1695 3435
1694 3435
1693 3435
1692 3435
1691 3435
1690 3435
1689 3435
1688 3436
1687 3436
1686 3436
1685 3436
1684 3437
1683 3437
1682 3437
1681 3437
1680 3436
1679 3436
1678 3436
1677 3436
1676 3435
1675 3435
1674 3434
1673 3434
1672 3434
1671 3434
1670 3433
1669 3433
1668 3433
1667 3433
1666 3432
1665 3432
1664 3432
1663 3432
1662 3431
1661 3431
1660 3431
1659 3431
1658 3431
1657 3431
1656 3430
1655 3430
1654 3429
1653 3429
1652 3428
1651 3428
1650 3427
1649 3427
1648 3426
1647 3426
1646 3426
1645 3426
1644 3425
1643 3425
1642 3425
1641 3425
1640 3425
1639 3425
1638 3425
1637 3425
1636 3425
1635 3425
1634 3424
1633 3424
1632 3423
1631 3423
1630 3422
1629 3421
1628 3420
1627 3420
1626 3420
1625 3420
1624 3419
1623 3419
1622 3418
1621 3418
1620 3418
1619 3418
1618 3417
1617 3417
1616 3416
1615 3416
1614 3416
1613 3415
1612 3414
1611 3414
1610 3413
1609 3413
1608 3412
1607 3412
1606 3411
1605 3411
1604 3411
1603 3411
1602 3411
1601 3411
1600 3410
1599 3410
1598 3409
1597 3409
1596 3408
1595 3408
1594 3407
1593 3407
1592 3407
1591 3407
1590 3407
1589 3407
1588 3406
1587 3406
1586 3406
1585 3406
1584 3405
1583 3405
1582 3405
1581 3405
1580 3405
1579 3405
1578 3404
1577 3404
1576 3404
1575 3404
1574 3403
1573 3403
1572 3403
1571 3403
