675 3103
674 3104
673 3104
672 3104
671 3104
670 3105
669 3105
668 3105
667 3105
666 3106
665 3106
664 3106
663 3106
662 3107
661 3107
660 3107
659 3107
658 3108
657 3108
656 3108
655 3108
654 3109
653 3109
652 3109
651 3109
650 3110
649 3110
648 3110
647 3110
646 3111
645 3111
644 3111
643 3111
642 3111
641 3111
640 3111
639 3111
638 3111
637 3111
636 3111
635 3111
634 3111
633 3111
632 3111
631 3111
630 3111
629 3111
628 3112
627 3112
626 3112
625 3112
624 3113
623 3113
622 3113
621 3113
620 3112
619 3112
618 3112
617 3112
616 3111
615 3111
614 3111
613 3111
612 3111
611 3111
610 3111
609 3111
608 3110
607 3110
606 3110
605 3110
604 3109
603 3109
602 3109
601 3109
600 3109
599 3109
598 3109
597 3109
596 3109
595 3109
594 3109
593 3109
592 3109
591 3109
590 3109
589 3109
588 3109
587 3109
586 3110
585 3110
584 3110
583 3110
582 3111
581 3111
580 3112
579 3112
578 3113
577 3113
576 3114
575 3114
574 3115
573 3115
572 3115
571 3115
570 3115
569 3115
568 3116
567 3116
566 3116
565 3116
564 3117
563 3117
562 3117
561 3117
560 3118
559 3118
558 3118
557 3118
556 3119
555 3119
554 3119
553 3119
552 3119
551 3119
550 3120
549 3120
548 3120
547 3120
546 3121
545 3121
544 3122
543 3122
542 3123
541 3123
540 3124
539 3124
538 3125
537 3126
536 3127
535 3127
534 3128
533 3128
532 3129
531 3130
530 3131
529 3132
528 3132
528 3133
527 3134
526 3134
526 3135
525 3136
524 3136
523 3137
522 3138
521 3138
520 3139
519 3140
518 3141
517 3142
516 3142
516 3143
515 3144
514 3145
513 3146
512 3147
512 3148
512 3149
512 3150
511 3151
511 3152
511 3153
511 3154
510 3155
510 3156
510 3157
510 3158
509 3159
509 3160
509 3161
509 3162
509 3163
509 3164
508 3165
508 3166
507 3167
506 3168
506 3169
505 3170
504 3171
504 3172
503 3173
503 3174
503 3175
503 3176
502 3177
502 3178
502 3179
502 3180
501 3181
501 3182
502 3183
502 3184
503 3185
504 3186
504 3187
505 3187
506 3188
506 3189
507 3189
508 3190
508 3191
509 3191
510 3192
510 3193
511 3193
512 3194
513 3195
514 3196
515 3197
516 3197
517 3197
518 3198
519 3199
520 3199
521 3199
522 3199
523 3200
524 3200
525 3200
526 3200
527 3200
528 3200
529 3201
530 3201
531 3201
532 3202
533 3203
534 3203
535 3203
536 3203
537 3204
538 3204
539 3204
540 3204
541 3204
542 3204
543 3204
544 3204
545 3204
546 3204
547 3204
548 3204
549 3205
550 3205
551 3205
552 3206
553 3207
554 3207
555 3207
556 3208
557 3209
558 3209
559 3210
560 3211
561 3211
562 3212
563 3213
564 3213
565 3214
566 3214
567 3214
568 3214
569 3214
570 3214
571 3214
572 3214
573 3214
574 3214
575 3214
576 3214
577 3215
578 3215
579 3216
580 3217
581 3217
582 3218
583 3219
584 3219
585 3220
586 3220
587 3220
588 3220
589 3220
590 3220
591 3220
592 3220
593 3220
594 3220
595 3221
596 3221
597 3222
598 3222
599 3223
600 3223
601 3224
602 3224
603 3224
604 3224
605 3224
606 3224
607 3224
608 3224
609 3225
610 3225
611 3226
612 3227
613 3227
614 3228
614 3229
615 3230
616 3231
616 3232
617 3233
618 3234
619 3235
620 3235
621 3236
622 3236
623 3236
624 3236
625 3236
626 3236
627 3236
628 3236
629 3236
630 3236
631 3236
632 3236
633 3237
634 3237
635 3238
636 3238
637 3239
638 3239
639 3240
640 3240
641 3240
642 3240
643 3241
644 3241
645 3241
646 3241
647 3242
648 3242
649 3242
650 3242
651 3242
652 3242
653 3242
654 3242
655 3242
656 3242
657 3242
658 3242
659 3242
660 3242
661 3242
662 3242
663 3242
664 3242
665 3242
666 3242
667 3242
668 3242
669 3241
670 3241
671 3241
672 3241
673 3240
674 3240
675 3240
676 3240
677 3240
678 3240
679 3240
680 3240
681 3240
682 3240
683 3240
684 3240
685 3240
686 3240
687 3239
688 3239
689 3239
690 3239
691 3238
692 3238
693 3238
694 3238
695 3238
696 3238
697 3238
698 3238
699 3238
700 3238
701 3237
702 3237
703 3237
704 3237
705 3236
706 3236
707 3236
708 3236
709 3236
710 3236
711 3236
712 3236
713 3236
714 3236
715 3236
716 3236
717 3236
718 3236
719 3236
720 3236
721 3236
722 3236
723 3235
724 3235
725 3235
726 3235
727 3234
728 3234
729 3234
730 3234
731 3234
732 3234
733 3233
734 3233
735 3233
736 3233
737 3232
738 3232
739 3232
740 3232
741 3232
742 3232
743 3232
744 3232
745 3232
746 3232
747 3232
748 3232
749 3231
750 3231
751 3231
752 3231
753 3230
754 3230
755 3230
756 3230
757 3230
758 3230
759 3230
760 3230
761 3230
762 3230
763 3230
764 3230
765 3229
766 3229
767 3229
768 3229
769 3228
770 3228
771 3228
772 3228
773 3228
774 3228
775 3227
776 3227
777 3227
778 3227
779 3226
780 3226
781 3226
782 3226
783 3226
784 3226
785 3225
786 3225
787 3225
788 3225
789 3224
790 3224
791 3223
792 3223
793 3223
794 3223
795 3222
796 3222
797 3222
798 3222
799 3221
800 3221
801 3221
802 3221
803 3220
804 3220
805 3220
806 3220
807 3219
808 3219
809 3219
810 3219
811 3218
812 3218
813 3217
814 3217
815 3217
816 3217
817 3216
818 3216
819 3215
820 3215
821 3214
822 3214
823 3213
824 3213
825 3212
826 3212
827 3211
828 3211
829 3211
830 3211
831 3210
832 3210
833 3209
834 3209
835 3209
836 3209
837 3208
838 3207
839 3206
840 3206
841 3205
842 3205
843 3204
844 3203
845 3202
846 3202
847 3201
848 3201
849 3200
850 3199
851 3198
852 3197
853 3197
853 3196
854 3195
855 3195
855 3194
856 3193
857 3192
858 3191
859 3190
859 3189
860 3188
861 3187
861 3186
862 3185
863 3185
863 3184
864 3183
865 3183
865 3182
866 3181
867 3181
867 3180
868 3179
869 3179
869 3178
870 3177
871 3177
871 3176
872 3175
873 3175
873 3174
874 3173
875 3173
875 3172
876 3171
877 3171
877 3170
878 3169
879 3168
879 3167
880 3166
880 3165
880 3164
880 3163
880 3162
880 3161
880 3160
880 3159
880 3158
880 3157
880 3156
880 3155
880 3154
880 3153
880 3152
880 3151
880 3150
880 3149
879 3148
879 3147
878 3146
877 3145
877 3144
876 3144
875 3143
875 3142
874 3141
873 3140
873 3139
872 3138
871 3137
870 3136
869 3135
869 3134
868 3134
867 3133
867 3132
866 3132
865 3131
865 3130
864 3130
863 3129
863 3128
862 3128
861 3127
861 3126
860 3126
859 3125
859 3124
858 3124
857 3123
857 3122
856 3122
855 3121
855 3120
854 3120
853 3119
852 3118
851 3117
850 3116
849 3116
848 3115
847 3115
846 3114
845 3114
844 3113
843 3113
842 3113
841 3113
840 3113
839 3113
838 3113
837 3113
836 3113
835 3113
834 3113
833 3113
832 3113
831 3113
830 3113
829 3113
828 3114
827 3114
826 3114
825 3114
824 3115
823 3115
822 3115
821 3115
820 3115
819 3115
818 3115
817 3115
816 3115
815 3115
814 3115
813 3115
812 3115
811 3115
810 3115
809 3115
808 3115
807 3115
806 3115
805 3115
804 3115
803 3115
802 3115
801 3115
800 3115
799 3115
798 3115
797 3115
796 3115
795 3115
794 3115
793 3115
792 3114
791 3114
790 3114
789 3114
788 3113
787 3113
786 3113
785 3113
784 3113
783 3113
782 3112
781 3112
780 3112
779 3112
778 3111
777 3111
776 3111
775 3111
774 3111
773 3111
772 3111
771 3111
770 3111
769 3111
768 3111
767 3111
766 3111
765 3111
764 3111
763 3111
762 3111
761 3111
760 3111
759 3111
758 3111
757 3111
756 3111
755 3111
754 3111
753 3111
752 3111
751 3111
750 3111
749 3111
748 3110
747 3110
746 3110
745 3110
744 3109
743 3109
742 3108
741 3108
740 3107
739 3107
738 3106
737 3106
736 3105
735 3105
734 3105
733 3105
732 3105
731 3105
730 3105
729 3105
728 3105
727 3105
726 3105
725 3105
724 3106
723 3106
722 3106
721 3106
720 3107
719 3107
718 3107
717 3107
716 3107
715 3107
714 3106
713 3106
712 3105
711 3105
710 3104
709 3104
708 3103
707 3103
706 3103
705 3103
704 3103
703 3103
702 3103
701 3103
700 3103
699 3103
698 3103
697 3103
696 3103
695 3103
694 3103
693 3103
692 3103
691 3103
690 3103
689 3103
688 3103
687 3103
686 3103
685 3103
684 3103
683 3103
682 3103
681 3103
680 3103
679 3103
678 3103
677 3103
676 3103
675 3103
