737 3419
736 3420
735 3420
734 3420
733 3420
732 3421
731 3421
730 3421
729 3421
728 3421
727 3421
726 3421
725 3421
724 3421
723 3421
722 3421
721 3421
720 3421
719 3421
718 3421
717 3421
716 3421
715 3421
714 3421
713 3421
712 3422
711 3422
710 3422
709 3422
708 3423
707 3423
706 3423
705 3423
704 3423
703 3423
702 3423
701 3423
700 3424
699 3424
698 3425
697 3426
696 3426
695 3427
694 3428
693 3428
692 3429
691 3429
690 3429
689 3429
688 3428
687 3428
686 3428
685 3428
684 3427
683 3427
682 3427
681 3427
680 3427
679 3427
678 3427
677 3427
676 3427
675 3427
674 3427
673 3427
672 3427
671 3427
670 3427
669 3427
668 3427
667 3427
666 3427
665 3427
664 3427
663 3427
662 3428
661 3428
660 3428
659 3428
658 3429
657 3429
656 3429
655 3429
654 3429
653 3429
652 3429
651 3429
650 3430
649 3430
648 3430
647 3430
646 3431
645 3431
644 3432
643 3432
642 3432
641 3432
640 3433
639 3433
638 3433
637 3433
636 3433
635 3433
634 3433
633 3433
632 3433
631 3433
630 3433
629 3433
628 3433
627 3433
626 3433
625 3433
624 3433
623 3433
622 3433
621 3433
620 3433
619 3433
618 3433
617 3433
616 3433
615 3433
614 3433
613 3433
612 3434
611 3434
610 3434
609 3434
608 3435
607 3435
606 3436
605 3436
604 3436
603 3436
602 3437
601 3437
600 3437
599 3437
598 3437
597 3437
596 3437
595 3437
594 3437
593 3437
592 3437
591 3437
590 3437
589 3437
588 3437
587 3437
586 3437
585 3437
584 3438
583 3438
582 3438
581 3438
580 3439
579 3440
578 3441
577 3441
576 3442
575 3442
574 3443
573 3443
572 3444
571 3444
570 3444
569 3444
568 3445
567 3445
566 3445
565 3445
564 3445
563 3445
562 3445
561 3445
560 3446
559 3446
558 3446
557 3446
556 3447
555 3447
554 3447
553 3447
552 3448
551 3448
550 3448
549 3448
548 3449
547 3450
546 3450
545 3450
544 3451
543 3451
542 3451
541 3451
540 3451
539 3451
538 3451
537 3451
536 3451
535 3451
534 3452
533 3452
532 3452
531 3452
530 3453
529 3453
528 3453
527 3453
526 3453
525 3453
524 3453
523 3453
522 3453
521 3453
520 3453
519 3453
518 3453
517 3453
516 3454
515 3454
514 3454
513 3454
512 3455
511 3455
510 3456
509 3456
508 3457
507 3457
506 3458
505 3458
504 3459
503 3459
502 3459
501 3459
500 3459
499 3459
498 3459
497 3459
496 3460
495 3460
494 3460
493 3460
492 3461
491 3462
490 3462
489 3462
488 3463
487 3463
486 3464
485 3464
484 3465
483 3466
482 3466
482 3467
481 3468
480 3468
480 3469
479 3470
478 3470
477 3471
476 3472
475 3472
474 3473
473 3474
472 3475
471 3476
470 3476
470 3477
469 3478
468 3479
468 3480
467 3481
467 3482
467 3483
467 3484
467 3485
467 3486
467 3487
467 3488
467 3489
467 3490
466 3491
466 3492
465 3493
464 3494
464 3495
463 3496
462 3497
462 3498
461 3499
461 3500
461 3501
461 3502
461 3503
461 3504
461 3505
461 3506
461 3507
461 3508
461 3509
461 3510
461 3511
461 3512
461 3513
461 3514
462 3515
462 3516
462 3517
462 3518
463 3519
463 3520
463 3521
463 3522
463 3523
463 3524
464 3525
464 3526
464 3527
464 3528
465 3529
466 3530
467 3531
468 3532
468 3533
469 3533
470 3534
470 3535
471 3535
472 3536
473 3537
474 3537
475 3538
476 3538
477 3538
478 3538
479 3539
480 3539
481 3540
482 3541
483 3541
484 3542
485 3543
486 3544
487 3545
488 3545
489 3546
490 3547
491 3547
492 3548
492 3549
493 3549
494 3550
494 3551
495 3551
496 3552
496 3553
497 3553
498 3554
499 3555
500 3556
501 3557
502 3557
503 3558
504 3558
505 3559
506 3559
507 3560
508 3560
509 3560
510 3560
511 3560
512 3560
513 3560
514 3560
515 3560
516 3560
517 3560
518 3560
519 3560
520 3560
521 3560
522 3560
523 3560
524 3560
525 3560
526 3560
527 3561
528 3561
529 3561
530 3561
531 3562
532 3562
533 3562
534 3562
535 3562
536 3562
537 3562
538 3562
539 3562
540 3562
541 3563
542 3563
543 3564
544 3564
545 3565
546 3565
547 3566
548 3566
549 3567
550 3567
551 3567
552 3568
553 3569
554 3569
555 3569
556 3569
557 3570
558 3570
559 3570
560 3570
561 3571
562 3571
563 3571
564 3571
565 3572
566 3572
567 3572
568 3572
569 3573
570 3573
571 3573
572 3574
573 3575
574 3575
575 3575
576 3575
577 3576
578 3576
579 3576
580 3576
581 3576
582 3576
583 3576
584 3576
585 3576
586 3576
587 3576
588 3576
589 3576
590 3576
591 3577
592 3577
593 3577
594 3577
595 3578
596 3578
597 3578
598 3578
599 3578
600 3578
601 3578
602 3578
603 3578
604 3578
605 3578
606 3578
607 3578
608 3578
609 3579
610 3579
611 3579
612 3579
613 3580
614 3580
615 3580
616 3580
617 3580
618 3580
619 3580
620 3580
621 3581
622 3581
623 3582
624 3582
625 3583
626 3583
627 3584
628 3584
629 3584
630 3584
631 3584
632 3584
633 3584
634 3584
635 3584
636 3584
637 3584
638 3584
639 3584
640 3584
641 3585
642 3585
643 3586
644 3586
645 3587
646 3588
647 3589
648 3589
649 3590
650 3590
651 3591
652 3592
653 3593
654 3593
655 3593
656 3593
657 3594
658 3594
659 3594
660 3594
661 3595
662 3595
663 3595
664 3596
665 3597
666 3597
667 3597
668 3597
669 3598
670 3598
671 3599
672 3599
673 3599
674 3599
675 3600
676 3600
677 3600
678 3600
679 3601
680 3601
681 3601
682 3601
683 3602
684 3602
685 3602
686 3602
687 3602
688 3602
689 3603
690 3603
691 3604
692 3604
693 3605
694 3605
695 3606
696 3606
697 3607
698 3607
699 3607
700 3607
701 3608
702 3608
703 3608
704 3608
705 3608
706 3608
707 3608
708 3608
709 3608
710 3608
711 3608
712 3608
713 3609
714 3609
715 3609
716 3609
717 3610
718 3610
719 3610
720 3610
721 3611
722 3611
723 3611
724 3611
725 3612
726 3612
727 3612
728 3612
729 3612
730 3612
731 3612
732 3612
733 3612
734 3612
735 3612
736 3612
737 3612
738 3612
739 3612
740 3612
741 3612
742 3612
743 3612
744 3612
745 3612
746 3612
747 3612
748 3612
749 3612
750 3612
751 3612
752 3612
753 3612
754 3612
755 3612
756 3612
757 3612
758 3612
759 3612
760 3612
761 3612
762 3612
763 3612
764 3612
765 3612
766 3612
767 3612
768 3612
769 3612
770 3612
771 3612
772 3612
773 3612
774 3612
775 3611
776 3611
777 3611
778 3611
779 3610
780 3610
781 3610
782 3610
783 3610
784 3610
785 3610
786 3610
787 3610
788 3610
789 3610
790 3610
791 3610
792 3610
793 3610
794 3610
795 3610
796 3610
797 3610
798 3610
799 3610
800 3610
801 3610
802 3610
803 3610
804 3610
805 3610
806 3610
807 3610
808 3610
809 3610
810 3610
811 3611
812 3611
813 3611
814 3612
815 3613
816 3613
817 3613
818 3613
819 3614
820 3614
821 3614
822 3614
823 3614
824 3614
825 3615
826 3615
827 3615
828 3615
829 3616
830 3616
831 3616
832 3616
833 3616
834 3616
835 3616
836 3616
837 3616
838 3616
839 3617
840 3617
841 3617
842 3617
843 3618
844 3618
845 3618
846 3618
847 3618
848 3618
849 3618
850 3618
851 3618
852 3618
853 3618
854 3618
855 3618
856 3618
857 3618
858 3618
859 3617
860 3617
861 3617
862 3617
863 3616
864 3615
865 3614
866 3613
867 3613
868 3612
869 3611
870 3611
871 3610
872 3609
873 3609
874 3609
875 3608
876 3607
877 3606
878 3606
879 3605
880 3605
881 3604
882 3603
883 3603
884 3603
885 3602
886 3602
887 3601
888 3601
889 3601
890 3601
891 3600
892 3599
893 3598
894 3597
895 3597
895 3596
896 3595
897 3595
897 3594
898 3593
899 3592
900 3591
901 3590
901 3589
901 3588
901 3587
902 3586
902 3585
903 3584
903 3583
903 3582
903 3581
904 3580
904 3579
904 3578
904 3577
905 3576
905 3575
905 3574
906 3573
907 3572
907 3571
907 3570
907 3569
908 3568
908 3567
909 3566
909 3565
909 3564
910 3563
911 3562
911 3561
911 3560
911 3559
912 3558
912 3557
912 3556
912 3555
912 3554
912 3553
912 3552
912 3551
911 3550
911 3549
911 3548
911 3547
910 3546
910 3545
910 3544
910 3543
909 3542
909 3541
909 3540
909 3539
908 3538
908 3537
908 3536
908 3535
908 3534
908 3533
908 3532
908 3531
908 3530
908 3529
908 3528
908 3527
908 3526
908 3525
908 3524
908 3523
907 3522
907 3521
907 3520
907 3519
906 3518
906 3517
906 3516
906 3515
906 3514
906 3513
906 3512
906 3511
906 3510
906 3509
906 3508
906 3507
906 3506
906 3505
905 3504
905 3503
904 3502
903 3501
903 3500
902 3499
901 3498
901 3497
900 3496
900 3495
900 3494
900 3493
900 3492
900 3491
900 3490
900 3489
900 3488
900 3487
900 3486
900 3485
900 3484
900 3483
899 3482
898 3481
897 3480
896 3479
895 3478
894 3477
893 3476
893 3475
892 3474
892 3473
892 3472
892 3471
892 3470
892 3469
892 3468
892 3467
892 3466
892 3465
893 3464
893 3463
893 3462
893 3461
894 3460
894 3459
893 3458
893 3457
892 3456
891 3455
891 3454
890 3454
889 3453
889 3452
888 3452
887 3451
886 3450
885 3449
884 3448
883 3448
882 3448
881 3447
880 3446
879 3446
878 3446
877 3445
876 3444
875 3444
874 3444
873 3443
872 3442
871 3442
870 3442
869 3442
868 3441
867 3441
866 3440
865 3440
864 3440
863 3439
862 3438
861 3438
860 3437
859 3437
858 3436
857 3436
856 3435
855 3435
854 3434
853 3434
852 3434
851 3434
850 3433
849 3433
848 3432
847 3432
846 3431
845 3430
844 3430
843 3429
842 3428
841 3427
840 3426
839 3426
838 3425
837 3425
836 3424
835 3424
834 3423
833 3423
832 3423
831 3423
830 3423
829 3423
828 3422
827 3422
826 3422
825 3422
824 3421
823 3421
822 3421
821 3421
820 3422
819 3422
818 3422
817 3422
816 3423
815 3423
814 3423
813 3423
812 3422
811 3422
810 3422
809 3422
808 3421
807 3421
806 3421
805 3421
804 3421
803 3421
802 3421
801 3421
800 3421
799 3421
798 3421
797 3421
796 3420
795 3420
794 3420
793 3420
792 3419
791 3419
790 3419
789 3419
788 3420
787 3420
786 3421
785 3421
784 3422
783 3422
782 3423
781 3423
780 3423
779 3423
778 3423
777 3423
776 3423
775 3423
774 3423
773 3423
772 3423
771 3423
770 3423
769 3423
768 3424
767 3424
766 3424
765 3424
764 3425
763 3426
762 3426
761 3426
760 3427
759 3427
758 3427
757 3427
756 3426
755 3426
754 3426
753 3426
752 3425
751 3425
750 3425
749 3425
748 3424
747 3423
746 3422
745 3421
744 3420
743 3420
742 3419
741 3419
740 3419
739 3419
738 3419
737 3419
