713 2367
712 2368
711 2368
710 2369
709 2369
708 2370
707 2370
706 2371
705 2371
704 2371
703 2371
702 2372
701 2372
700 2372
699 2372
698 2373
697 2373
696 2373
695 2373
694 2374
693 2374
692 2374
691 2374
690 2375
689 2375
688 2376
687 2376
686 2376
685 2376
684 2377
683 2377
682 2377
681 2377
680 2378
679 2378
678 2378
677 2378
676 2379
675 2379
674 2380
673 2380
672 2380
671 2380
670 2381
669 2382
668 2382
667 2382
666 2383
665 2383
664 2383
663 2383
662 2383
661 2383
660 2383
659 2383
658 2383
657 2383
656 2383
655 2383
654 2383
653 2383
652 2383
651 2383
650 2383
649 2383
648 2384
647 2384
646 2384
645 2384
644 2385
643 2385
642 2385
641 2385
640 2386
639 2386
638 2386
637 2386
636 2387
635 2387
634 2388
633 2388
632 2388
631 2388
630 2389
629 2389
628 2389
627 2389
626 2390
625 2390
624 2390
623 2390
622 2391
621 2391
620 2392
619 2392
618 2392
617 2392
616 2393
615 2393
614 2393
613 2393
612 2394
611 2394
610 2394
609 2394
608 2395
607 2396
606 2396
605 2396
604 2397
603 2397
602 2398
601 2398
600 2398
599 2398
598 2399
597 2400
596 2400
595 2400
594 2401
593 2402
592 2402
591 2402
590 2403
589 2403
588 2404
587 2404
586 2404
585 2404
584 2405
583 2406
582 2406
581 2406
580 2407
579 2407
578 2408
577 2408
576 2409
575 2410
574 2411
574 2412
573 2413
573 2414
574 2415
574 2416
575 2417
576 2418
577 2419
578 2420
579 2421
580 2421
581 2421
582 2422
583 2423
584 2423
585 2423
586 2424
587 2425
588 2425
589 2426
590 2426
591 2427
592 2427
593 2428
594 2428
595 2429
596 2429
597 2430
598 2431
599 2431
600 2432
600 2433
601 2433
602 2434
603 2435
604 2435
605 2436
606 2436
607 2437
608 2437
609 2437
610 2438
611 2439
612 2439
613 2439
614 2439
615 2440
616 2440
617 2440
618 2440
619 2440
620 2440
621 2440
622 2440
623 2440
624 2440
625 2440
626 2440
627 2441
628 2441
629 2441
630 2441
631 2442
632 2442
633 2442
634 2442
635 2442
636 2442
637 2442
638 2442
639 2442
640 2442
641 2443
642 2443
643 2443
644 2443
645 2444
646 2444
647 2444
648 2444
649 2444
650 2444
651 2444
652 2444
653 2444
654 2444
655 2445
656 2445
657 2445
658 2445
659 2446
660 2446
661 2446
662 2446
663 2446
664 2446
665 2446
666 2446
667 2446
668 2446
669 2446
670 2446
671 2446
672 2446
673 2446
674 2446
675 2447
676 2447
677 2447
678 2447
679 2448
680 2448
681 2448
682 2448
683 2448
684 2448
685 2449
686 2449
687 2449
688 2449
689 2450
690 2450
691 2450
692 2450
693 2450
694 2450
695 2450
696 2450
697 2450
698 2450
699 2450
700 2450
701 2450
702 2450
703 2450
704 2450
705 2450
706 2450
707 2450
708 2450
709 2451
710 2451
711 2451
712 2451
713 2452
714 2452
715 2452
716 2452
717 2452
718 2452
719 2452
720 2452
721 2452
722 2452
723 2452
724 2452
725 2452
726 2452
727 2451
728 2451
729 2451
730 2451
731 2450
732 2450
733 2450
734 2450
735 2450
736 2450
737 2450
738 2450
739 2450
740 2450
741 2450
742 2450
743 2450
744 2450
745 2450
746 2450
747 2450
748 2450
749 2450
750 2450
751 2450
752 2450
753 2450
754 2450
755 2449
756 2449
757 2449
758 2449
759 2448
760 2448
761 2448
762 2448
763 2448
764 2448
765 2447
766 2447
767 2447
768 2447
769 2446
770 2446
771 2446
772 2446
773 2445
774 2445
775 2445
776 2445
777 2444
778 2444
779 2443
780 2443
781 2443
782 2443
783 2442
784 2441
785 2440
786 2439
787 2439
788 2438
789 2437
790 2437
791 2436
792 2435
793 2434
794 2433
795 2433
795 2432
796 2431
797 2431
797 2430
798 2429
799 2429
799 2428
800 2427
801 2427
801 2426
802 2425
803 2425
803 2424
804 2423
805 2423
805 2422
806 2421
807 2421
807 2420
808 2419
809 2418
809 2417
810 2416
810 2415
810 2414
810 2413
810 2412
810 2411
810 2410
810 2409
810 2408
810 2407
810 2406
810 2405
810 2404
810 2403
810 2402
810 2401
810 2400
810 2399
809 2398
809 2397
809 2396
809 2395
808 2394
808 2393
807 2392
807 2391
806 2390
805 2389
805 2388
804 2388
803 2387
803 2386
802 2386
801 2385
801 2384
800 2384
799 2383
798 2382
797 2382
796 2381
795 2381
794 2380
793 2380
792 2379
791 2379
790 2378
789 2377
788 2376
787 2376
786 2376
785 2376
784 2375
783 2375
782 2374
781 2374
780 2374
779 2374
778 2373
777 2373
776 2372
775 2372
774 2372
773 2372
772 2371
771 2371
770 2371
769 2371
768 2370
767 2370
766 2370
765 2370
764 2369
763 2369
762 2369
761 2369
760 2369
759 2369
758 2368
757 2368
756 2368
755 2368
754 2367
753 2367
752 2367
751 2367
750 2367
749 2367
748 2367
747 2367
746 2367
745 2367
744 2367
743 2367
742 2367
741 2367
740 2367
739 2367
738 2367
737 2367
736 2367
735 2367
734 2367
733 2367
732 2367
731 2367
730 2367
729 2367
728 2367
727 2367
726 2367
725 2367
724 2367
723 2367
722 2367
721 2367
720 2367
719 2367
718 2367
717 2367
716 2367
715 2367
714 2367
713 2367
