595 1359
594 1360
593 1360
592 1360
591 1360
590 1361
589 1362
588 1362
587 1362
586 1363
585 1364
584 1364
583 1364
582 1365
581 1365
580 1366
579 1366
578 1367
577 1367
576 1368
575 1368
574 1369
573 1369
572 1370
571 1370
570 1371
569 1372
568 1372
567 1373
566 1374
565 1374
564 1375
563 1376
562 1376
561 1376
560 1377
559 1377
558 1377
557 1377
556 1378
555 1378
554 1379
553 1380
552 1380
551 1381
550 1382
549 1382
548 1383
547 1383
546 1384
545 1384
544 1385
543 1386
542 1386
542 1387
541 1388
540 1388
540 1389
539 1390
538 1390
538 1391
537 1392
536 1392
536 1393
535 1394
534 1394
534 1395
533 1396
532 1396
532 1397
531 1398
530 1398
530 1399
529 1400
528 1400
528 1401
527 1402
526 1402
526 1403
525 1404
524 1405
523 1406
522 1407
522 1408
521 1409
520 1410
520 1411
519 1412
518 1413
517 1414
516 1415
516 1416
516 1417
516 1418
515 1419
515 1420
515 1421
515 1422
515 1423
515 1424
515 1425
515 1426
515 1427
515 1428
516 1429
516 1430
517 1431
518 1432
519 1433
520 1433
521 1434
522 1434
523 1434
524 1434
525 1434
526 1434
527 1434
528 1434
529 1434
530 1434
531 1434
532 1434
533 1434
534 1434
535 1433
536 1433
537 1433
538 1433
539 1432
540 1432
541 1432
542 1432
543 1432
544 1432
545 1432
546 1432
547 1432
548 1432
549 1432
550 1432
551 1432
552 1432
553 1432
554 1432
555 1432
556 1432
557 1432
558 1432
559 1431
560 1431
561 1431
562 1431
563 1430
564 1430
565 1429
566 1429
567 1429
568 1429
569 1428
570 1428
571 1428
572 1428
573 1428
574 1428
575 1428
576 1428
577 1428
578 1428
579 1428
580 1428
581 1428
582 1428
583 1428
584 1428
585 1428
586 1428
587 1428
588 1428
589 1428
590 1428
591 1428
592 1428
593 1428
594 1428
595 1427
596 1427
597 1427
598 1427
599 1426
600 1426
601 1426
602 1426
603 1426
604 1426
605 1426
606 1426
607 1426
608 1426
609 1426
610 1426
611 1426
612 1426
613 1426
614 1426
615 1426
616 1426
617 1426
618 1426
619 1426
620 1426
621 1426
622 1426
623 1426
624 1426
625 1426
626 1426
627 1425
628 1425
629 1425
630 1425
631 1424
632 1424
633 1424
634 1424
635 1424
636 1424
637 1424
638 1424
639 1424
640 1424
641 1424
642 1424
643 1424
644 1424
645 1424
646 1424
647 1424
648 1424
649 1424
650 1424
651 1425
652 1425
653 1425
654 1426
655 1427
656 1427
657 1427
658 1427
659 1428
660 1428
661 1428
662 1428
663 1428
664 1428
665 1428
666 1428
667 1428
668 1428
669 1428
670 1428
671 1428
672 1428
673 1428
674 1428
675 1428
676 1428
677 1428
678 1428
679 1428
680 1428
681 1428
682 1428
683 1427
684 1427
685 1426
686 1425
687 1425
687 1424
688 1423
689 1423
690 1422
691 1421
692 1421
693 1420
694 1420
695 1419
696 1419
697 1418
698 1417
699 1416
699 1415
700 1414
700 1413
700 1412
700 1411
700 1410
700 1409
700 1408
700 1407
701 1406
701 1405
701 1404
702 1403
703 1402
703 1401
704 1400
705 1399
705 1398
706 1397
707 1397
707 1396
708 1395
709 1395
709 1394
710 1393
711 1392
711 1391
712 1390
712 1389
712 1388
712 1387
712 1386
712 1385
711 1384
711 1383
710 1382
709 1381
709 1380
708 1380
707 1379
707 1378
706 1378
705 1377
704 1376
703 1376
702 1375
701 1375
700 1374
699 1374
698 1374
697 1373
696 1372
695 1372
694 1372
693 1372
692 1371
691 1371
690 1371
689 1371
688 1370
687 1370
686 1369
685 1368
684 1368
683 1367
682 1366
681 1366
680 1365
679 1365
678 1365
677 1365
676 1365
675 1365
674 1365
673 1365
672 1365
671 1365
670 1365
669 1365
668 1365
667 1365
666 1365
665 1365
664 1365
663 1365
662 1365
661 1365
660 1365
659 1365
658 1365
657 1365
656 1365
655 1365
654 1365
653 1365
652 1365
651 1365
650 1364
649 1364
648 1364
647 1364
646 1363
645 1363
644 1363
643 1363
642 1363
641 1363
640 1363
639 1363
638 1363
637 1363
636 1363
635 1363
634 1363
633 1363
632 1362
631 1362
630 1362
629 1362
628 1361
627 1361
626 1361
625 1361
624 1361
623 1361
622 1360
621 1360
620 1360
619 1360
618 1359
617 1359
616 1359
615 1359
614 1359
613 1359
612 1359
611 1359
610 1359
609 1359
608 1359
607 1359
606 1359
605 1359
604 1359
603 1359
602 1359
601 1359
600 1359
599 1359
598 1359
597 1359
596 1359
595 1359
