1989 3769
1988 3770
1987 3770
1986 3770
1985 3771
1984 3771
1983 3771
1982 3771
1981 3771
1980 3772
1979 3772
1978 3772
1977 3773
1976 3773
1975 3773
1974 3774
1973 3774
1972 3774
1971 3775
1970 3776
1969 3776
1968 3776
1967 3777
1966 3777
1965 3777
1964 3777
1963 3777
1962 3777
1961 3777
1960 3777
1959 3777
1958 3778
1957 3778
1956 3779
1955 3779
1954 3780
1953 3780
1952 3781
1951 3781
1950 3781
1949 3781
1948 3781
1947 3781
1946 3781
1945 3781
1944 3781
1943 3781
1942 3781
1941 3781
1940 3782
1939 3782
1938 3782
1937 3782
1936 3783
1935 3783
1934 3783
1933 3783
1932 3784
1931 3784
1930 3784
1929 3785
1928 3785
1927 3785
1926 3785
1925 3785
1924 3785
1923 3785
1922 3786
1921 3786
1920 3786
1919 3786
1918 3787
1917 3787
1916 3787
1915 3787
1914 3787
1913 3787
1912 3787
1911 3787
1910 3787
1909 3787
1908 3787
1907 3787
1906 3787
1905 3787
1904 3787
1903 3787
1902 3787
1901 3787
1900 3787
1899 3787
1898 3787
1897 3787
1896 3787
1895 3787
1894 3787
1893 3787
1892 3787
1891 3787
1890 3787
1889 3787
1888 3788
1887 3788
1886 3788
1885 3788
1884 3789
1883 3789
1882 3789
1881 3789
1880 3790
1879 3790
1878 3790
1877 3791
1876 3791
1875 3791
1874 3792
1873 3792
1872 3792
1871 3793
1870 3794
1869 3794
1868 3795
1867 3796
1866 3797
1865 3798
1864 3799
1864 3800
1863 3801
1863 3802
1863 3803
1863 3804
1863 3805
1863 3806
1863 3807
1863 3808
1863 3809
1863 3810
1863 3811
1863 3812
1863 3813
1863 3814
1863 3815
1863 3816
1863 3817
1863 3818
1863 3819
1863 3820
1863 3821
1863 3822
1863 3823
1863 3824
1863 3825
1863 3826
1864 3827
1864 3828
1864 3829
1865 3830
1866 3831
1866 3832
1867 3833
1868 3834
1868 3835
1869 3835
1870 3836
1871 3837
1872 3838
1873 3839
1874 3840
1875 3841
1876 3841
1877 3842
1878 3843
1879 3843
1880 3844
1881 3845
1882 3846
1883 3847
1884 3848
1885 3849
1886 3849
1887 3850
1888 3850
1889 3850
1890 3851
1891 3851
1892 3851
1893 3852
1894 3852
1895 3852
1896 3852
1897 3852
1898 3852
1899 3852
1900 3852
1901 3852
1902 3852
1903 3852
1904 3853
1905 3853
1906 3853
1907 3854
1908 3855
1909 3855
1910 3855
1911 3856
1912 3857
1913 3857
1914 3858
1915 3859
1916 3859
1917 3860
1918 3860
1919 3860
1920 3860
1921 3860
1922 3860
1923 3860
1924 3860
1925 3860
1926 3860
1927 3860
1928 3860
1929 3860
1930 3860
1931 3860
1932 3860
1933 3860
1934 3860
1935 3861
1936 3861
1937 3862
1938 3862
1939 3863
1940 3863
1941 3864
1942 3864
1943 3864
1944 3864
1945 3864
1946 3864
1947 3864
1948 3864
1949 3865
1950 3865
1951 3865
1952 3865
1953 3866
1954 3866
1955 3866
1956 3866
1957 3866
1958 3866
1959 3866
1960 3866
1961 3866
1962 3866
1963 3866
1964 3866
1965 3866
1966 3866
1967 3866
1968 3866
1969 3866
1970 3866
1971 3866
1972 3866
1973 3866
1974 3866
1975 3866
1976 3866
1977 3866
1978 3866
1979 3866
1980 3866
1981 3866
1982 3866
1983 3865
1984 3865
1985 3865
1986 3865
1987 3864
1988 3864
1989 3864
1990 3864
1991 3864
1992 3864
1993 3864
1994 3864
1995 3864
1996 3864
1997 3863
1998 3863
1999 3863
2000 3862
2001 3862
2002 3862
2003 3862
2004 3862
2005 3862
2006 3862
2007 3862
2008 3862
2009 3862
2010 3862
2011 3862
2012 3862
2013 3862
2014 3862
2015 3862
2016 3862
2017 3862
2018 3862
2019 3863
2020 3863
2021 3863
2022 3863
2023 3864
2024 3864
2025 3864
2026 3864
2027 3864
2028 3864
2029 3864
2030 3864
2031 3863
2032 3863
2033 3863
2034 3863
2035 3862
2036 3862
2037 3862
2038 3863
2039 3863
2040 3863
2041 3864
2042 3864
2043 3864
2044 3864
2045 3864
2046 3864
2047 3864
2048 3864
2049 3864
2050 3865
2051 3865
2052 3866
2053 3867
2054 3867
2055 3868
2056 3868
2057 3868
2058 3868
2059 3868
2060 3868
2061 3868
2062 3868
2063 3868
2064 3868
2065 3868
2066 3868
2067 3868
2068 3868
2069 3868
2070 3868
2071 3868
2072 3868
2073 3868
2074 3868
2075 3869
2076 3869
2077 3869
2078 3869
2079 3870
2080 3871
2081 3871
2082 3871
2083 3872
2084 3872
2085 3872
2086 3872
2087 3872
2088 3872
2089 3872
2090 3872
2091 3872
2092 3872
2093 3872
2094 3872
2095 3871
2096 3871
2097 3870
2098 3869
2099 3869
2099 3868
2100 3867
2101 3867
2101 3866
2102 3865
2103 3865
2103 3864
2104 3863
2105 3862
2106 3861
2107 3860
2108 3859
2109 3858
2110 3857
2110 3856
2111 3855
2111 3854
2111 3853
2112 3852
2113 3851
2113 3850
2113 3849
2114 3848
2115 3847
2115 3846
2116 3845
2117 3844
2117 3843
2118 3842
2118 3841
2118 3840
2118 3839
2119 3838
2119 3837
2119 3836
2119 3835
2120 3834
2120 3833
2121 3832
2121 3831
2121 3830
2121 3829
2122 3828
2122 3827
2123 3826
2123 3825
2123 3824
2124 3823
2124 3822
2125 3821
2125 3820
2125 3819
2126 3818
2126 3817
2125 3816
2125 3815
2124 3814
2124 3813
2123 3812
2122 3811
2122 3810
2121 3809
2120 3808
2119 3807
2118 3806
2117 3805
2116 3804
2115 3803
2115 3802
2115 3801
2114 3800
2114 3799
2114 3798
2114 3797
2113 3796
2113 3795
2112 3794
2111 3793
2110 3792
2109 3791
2108 3791
2107 3790
2106 3790
2105 3789
2104 3789
2103 3788
2102 3787
2101 3786
2100 3786
2099 3785
2099 3784
2098 3784
2097 3783
2096 3782
2096 3781
2095 3780
2094 3779
2093 3778
2093 3777
2092 3776
2091 3776
2090 3775
2089 3775
2088 3775
2087 3775
2086 3775
2085 3775
2084 3775
2083 3775
2082 3775
2081 3775
2080 3776
2079 3776
2078 3777
2077 3778
2076 3779
2075 3779
2074 3780
2073 3781
2072 3782
2071 3782
2070 3782
2069 3783
2068 3784
2067 3784
2066 3784
2065 3784
2064 3785
2063 3785
2062 3786
2061 3786
2060 3786
2059 3786
2058 3787
2057 3787
2056 3787
2055 3787
2054 3787
2053 3787
2052 3787
2051 3787
2050 3787
2049 3787
2048 3787
2047 3787
2046 3787
2045 3787
2044 3787
2043 3787
2042 3787
2041 3787
2040 3786
2039 3786
2038 3786
2037 3786
2036 3785
2035 3785
2034 3784
2033 3784
2032 3784
2031 3783
2030 3783
2029 3782
2028 3781
2027 3781
2026 3780
2025 3779
2024 3779
2023 3778
2022 3777
2021 3776
2020 3776
2019 3775
2018 3774
2017 3774
2016 3773
2015 3773
2014 3773
2013 3773
2012 3773
2011 3773
2010 3773
2009 3773
2008 3772
2007 3772
2006 3772
2005 3772
2004 3771
2003 3770
2002 3770
2001 3770
2000 3769
1999 3769
1998 3769
1997 3769
1996 3769
1995 3769
1994 3769
1993 3769
1992 3769
1991 3769
1990 3769
1989 3769
