3041 1531
3040 1532
3039 1532
3038 1532
3037 1532
3036 1532
3035 1532
3034 1532
3033 1533
3032 1533
3031 1533
3030 1533
3029 1533
3028 1533
3027 1533
3026 1533
3025 1533
3024 1534
3023 1534
3022 1534
3021 1534
3020 1534
3019 1534
3018 1534
3017 1534
3016 1535
3015 1535
3014 1535
3013 1535
3012 1535
3011 1535
3010 1535
3009 1535
3008 1535
3007 1536
3006 1536
3005 1536
3004 1536
3003 1536
3002 1536
3001 1536
3000 1536
2999 1537
2998 1537
2997 1537
2996 1537
2995 1537
2994 1537
2993 1537
2992 1537
2991 1537
2990 1538
2989 1538
2988 1538
2987 1538
2986 1538
2985 1538
2984 1538
2983 1538
2982 1539
2981 1539
2980 1539
2979 1539
2978 1539
2977 1539
2976 1539
2975 1539
2974 1539
2973 1540
2972 1540
2971 1540
2970 1540
2969 1540
2968 1540
2967 1540
2966 1540
2965 1541
2964 1542
2963 1542
2962 1542
2961 1542
2960 1543
2959 1543
2958 1543
2957 1543
2956 1544
2955 1544
2954 1544
2953 1544
2952 1544
2951 1544
2950 1544
2949 1544
2948 1545
2947 1545
2946 1545
2945 1545
2944 1545
2943 1545
2942 1545
2941 1545
2940 1545
2939 1546
2938 1546
2937 1546
2936 1546
2935 1546
2934 1546
2933 1546
2932 1546
2931 1547
2930 1547
2929 1547
2928 1547
2927 1547
2926 1547
2925 1547
2924 1547
2923 1548
2922 1548
2921 1548
2920 1548
2919 1548
2918 1548
2917 1548
2916 1548
2915 1549
2914 1549
2913 1549
2912 1549
2911 1549
2910 1549
2909 1549
2908 1549
2907 1550
2906 1550
2905 1551
2904 1551
2903 1551
2902 1551
2901 1552
2900 1553
2899 1553
2898 1554
2897 1555
2896 1556
2896 1557
2895 1558
2894 1558
2894 1559
2893 1560
2892 1560
2892 1561
2891 1562
2891 1563
2890 1564
2890 1565
2890 1566
2890 1567
2889 1568
2889 1569
2889 1570
2889 1571
2888 1572
2888 1573
2888 1574
2889 1575
2889 1576
2889 1577
2889 1578
2889 1579
2890 1580
2890 1581
2890 1582
2891 1582
2892 1583
2893 1583
2894 1584
2895 1585
2896 1586
2897 1587
2898 1587
2899 1588
2899 1589
2900 1589
2901 1590
2902 1590
2903 1590
2904 1591
2905 1592
2906 1592
2907 1593
2908 1593
2909 1594
2910 1593
2911 1593
2912 1593
2913 1594
2914 1594
2915 1595
2916 1595
2917 1596
2918 1596
2919 1596
2920 1597
2921 1598
2922 1598
2923 1599
2924 1600
2925 1601
2926 1602
2927 1601
2928 1601
2929 1601
2930 1602
2931 1602
2932 1603
2933 1603
2934 1603
2935 1603
2936 1603
2937 1603
2938 1603
2939 1603
2940 1604
2941 1604
2942 1604
2943 1604
2944 1604
2945 1604
2946 1604
2947 1604
2948 1604
2949 1605
2950 1605
2951 1605
2952 1606
2953 1606
2954 1607
2955 1608
2956 1609
2957 1610
2958 1611
2959 1612
2960 1612
2961 1611
2962 1611
2963 1612
2964 1612
2965 1612
2966 1612
2967 1612
2968 1612
2969 1612
2970 1612
2971 1611
2972 1611
2973 1611
2974 1612
2975 1612
2976 1612
2977 1612
2978 1613
2979 1612
2980 1612
2981 1612
2982 1612
2983 1612
2984 1613
2985 1613
2986 1613
2987 1612
2988 1613
2989 1613
2990 1614
2991 1614
2992 1614
2993 1614
2994 1615
2995 1615
2996 1614
2997 1614
2998 1614
2999 1614
3000 1614
3001 1614
3002 1615
3003 1615
3004 1614
3005 1614
3006 1615
3007 1615
3008 1615
3009 1615
3010 1616
3011 1616
3012 1616
3013 1615
3014 1616
3015 1616
3016 1616
3017 1616
3018 1616
3019 1616
3020 1617
3021 1616
3022 1617
3023 1617
3024 1617
3025 1618
3026 1618
3027 1619
3028 1619
3029 1619
3030 1618
3031 1618
3032 1618
3033 1618
3034 1618
3035 1618
3036 1618
3037 1618
3038 1618
3039 1617
3040 1617
3041 1617
3042 1617
3043 1617
3044 1617
3045 1616
3046 1616
3047 1615
3048 1614
3049 1614
3050 1614
3051 1614
3052 1613
3053 1613
3054 1613
3055 1612
3056 1611
3057 1611
3058 1611
3059 1611
3060 1611
3061 1611
3062 1610
3063 1609
3064 1609
3065 1609
3066 1608
3067 1608
3068 1608
3069 1608
3070 1607
3071 1607
3072 1606
3073 1606
3074 1605
3075 1604
3076 1604
3077 1604
3078 1604
3079 1603
3080 1602
3081 1602
3082 1602
3083 1602
3084 1602
3085 1601
3086 1601
3087 1600
3087 1599
3088 1598
3089 1598
3089 1597
3090 1596
3090 1595
3091 1594
3092 1594
3092 1593
3093 1592
3094 1592
3094 1591
3095 1590
3096 1589
3096 1588
3096 1587
3097 1586
3097 1585
3098 1584
3098 1583
3098 1582
3098 1581
3098 1580
3098 1579
3098 1578
3098 1577
3099 1576
3100 1575
3100 1574
3101 1573
3102 1572
3102 1571
3103 1570
3102 1569
3102 1568
3102 1567
3101 1566
3101 1565
3101 1564
3101 1563
3100 1562
3099 1562
3098 1561
3097 1560
3096 1559
3095 1558
3094 1558
3093 1558
3092 1557
3091 1557
3090 1556
3090 1555
3089 1555
3088 1554
3087 1553
3086 1553
3085 1552
3085 1551
3084 1552
3083 1551
3083 1550
3082 1550
3081 1549
3081 1548
3080 1547
3079 1546
3078 1545
3077 1544
3076 1543
3075 1543
3074 1542
3074 1541
3073 1541
3072 1540
3072 1539
3071 1539
3070 1539
3069 1538
3069 1537
3068 1537
3067 1536
3067 1535
3066 1536
3065 1535
3064 1534
3063 1534
3062 1533
3061 1533
3060 1532
3059 1532
3058 1533
3057 1533
3056 1532
3055 1532
3054 1532
3053 1532
3052 1531
3051 1531
3050 1532
3049 1532
3048 1531
3047 1531
3046 1531
3045 1531
3044 1531
3043 1531
3042 1531
3041 1531
