735 3977
734 3978
733 3978
732 3978
731 3978
730 3979
729 3979
728 3979
727 3979
726 3980
725 3980
724 3980
723 3980
722 3981
721 3981
720 3981
719 3981
718 3982
717 3982
716 3983
715 3983
714 3984
713 3984
712 3985
711 3985
710 3985
709 3985
708 3985
707 3985
706 3985
705 3985
704 3985
703 3985
702 3985
701 3985
700 3985
699 3985
698 3985
697 3985
696 3985
695 3985
694 3985
693 3985
692 3985
691 3985
690 3985
689 3985
688 3985
687 3985
686 3984
685 3984
684 3984
683 3983
682 3982
681 3982
680 3982
679 3982
678 3981
677 3981
676 3982
675 3982
674 3983
673 3984
672 3984
671 3985
670 3986
669 3986
668 3987
667 3987
666 3987
665 3987
664 3987
663 3987
662 3987
661 3987
660 3987
659 3987
658 3987
657 3987
656 3987
655 3987
654 3987
653 3987
652 3987
651 3987
650 3988
649 3988
648 3988
647 3988
646 3989
645 3989
644 3989
643 3989
642 3989
641 3989
640 3989
639 3989
638 3989
637 3989
636 3988
635 3988
634 3988
633 3988
632 3987
631 3987
630 3987
629 3987
628 3987
627 3987
626 3987
625 3987
624 3987
623 3987
622 3987
621 3987
620 3987
619 3987
618 3987
617 3987
616 3987
615 3987
614 3987
613 3987
612 3987
611 3987
610 3987
609 3987
608 3987
607 3987
606 3987
605 3987
604 3987
603 3987
602 3987
601 3987
600 3987
599 3987
598 3987
597 3987
596 3987
595 3987
594 3987
593 3987
592 3987
591 3987
590 3986
589 3986
588 3986
587 3986
586 3985
585 3985
584 3985
583 3985
582 3985
581 3985
580 3985
579 3985
578 3986
577 3986
576 3986
575 3986
574 3987
573 3987
572 3987
571 3987
570 3987
569 3987
568 3988
567 3988
566 3988
565 3988
564 3989
563 3989
562 3990
561 3990
560 3990
559 3990
558 3991
557 3991
556 3991
555 3991
554 3991
553 3991
552 3991
551 3991
550 3991
549 3991
548 3991
547 3991
546 3991
545 3991
544 3992
543 3992
542 3992
541 3992
540 3993
539 3993
538 3994
537 3994
536 3994
535 3994
534 3995
533 3996
532 3997
531 3998
530 3998
530 3999
529 4000
528 4001
528 4002
527 4003
527 4004
527 4005
527 4006
527 4007
527 4008
526 4009
526 4010
526 4011
526 4012
525 4013
525 4014
525 4015
525 4016
524 4017
524 4018
524 4019
524 4020
523 4021
523 4022
523 4023
523 4024
523 4025
523 4026
523 4027
523 4028
523 4029
523 4030
524 4031
524 4032
525 4033
526 4034
526 4035
527 4036
528 4037
528 4038
529 4039
529 4040
530 4041
530 4042
531 4043
531 4044
532 4045
532 4046
533 4047
534 4048
535 4049
535 4050
536 4051
536 4052
537 4053
538 4054
539 4055
540 4056
540 4057
541 4057
542 4058
542 4059
543 4059
544 4060
544 4061
545 4062
546 4063
546 4064
547 4065
548 4066
549 4067
549 4068
550 4069
550 4070
551 4071
552 4072
552 4073
552 4074
553 4075
554 4076
554 4077
554 4078
555 4079
555 4080
556 4081
556 4082
556 4083
556 4084
557 4085
558 4086
559 4087
560 4088
560 4089
561 4090
562 4091
562 4092
563 4093
563 4094
563 4095
563 4096
564 4097
564 4098
565 4099
566 4100
566 4101
567 4101
568 4102
569 4103
570 4103
571 4104
572 4104
573 4104
574 4104
575 4104
576 4104
577 4104
578 4104
579 4104
580 4104
581 4104
582 4104
583 4103
584 4103
585 4103
586 4103
587 4102
588 4102
589 4102
590 4102
591 4101
592 4101
593 4101
594 4101
595 4100
596 4100
597 4101
598 4101
599 4102
600 4102
601 4103
602 4103
603 4104
604 4104
605 4104
606 4104
607 4104
608 4104
609 4104
610 4104
611 4104
612 4104
613 4104
614 4104
615 4104
616 4104
617 4103
618 4103
619 4103
620 4103
621 4102
622 4102
623 4101
624 4101
625 4101
626 4101
627 4100
628 4099
629 4098
630 4098
631 4097
632 4097
633 4096
634 4096
635 4096
636 4096
637 4096
638 4096
639 4096
640 4096
641 4096
642 4096
643 4096
644 4096
645 4096
646 4096
647 4096
648 4096
649 4097
650 4097
651 4098
652 4099
653 4099
654 4100
655 4101
656 4102
657 4103
658 4103
659 4104
660 4105
661 4105
662 4106
662 4107
663 4107
664 4108
665 4109
666 4110
667 4111
668 4111
669 4112
670 4113
671 4113
672 4114
673 4115
674 4115
675 4116
676 4116
677 4117
678 4117
679 4117
680 4117
681 4118
682 4118
683 4118
684 4118
685 4118
686 4118
687 4118
688 4118
689 4118
690 4118
691 4118
692 4118
693 4118
694 4118
695 4118
696 4118
697 4118
698 4118
699 4118
700 4118
701 4118
702 4118
703 4118
704 4118
705 4118
706 4118
707 4117
708 4117
709 4116
710 4116
711 4115
712 4115
713 4114
714 4114
715 4114
716 4114
717 4114
718 4114
719 4113
720 4113
721 4113
722 4113
723 4112
724 4112
725 4112
726 4112
727 4112
728 4112
729 4112
730 4112
731 4112
732 4112
733 4112
734 4112
735 4112
736 4112
737 4112
738 4112
739 4112
740 4112
741 4112
742 4112
743 4112
744 4112
745 4112
746 4112
747 4112
748 4112
749 4112
750 4112
751 4113
752 4113
753 4114
754 4114
755 4115
756 4115
757 4116
758 4116
759 4117
760 4117
761 4117
762 4118
763 4119
764 4119
765 4119
766 4119
767 4120
768 4120
769 4120
770 4120
771 4120
772 4120
773 4120
774 4120
775 4120
776 4120
777 4120
778 4120
779 4120
780 4120
781 4120
782 4120
783 4119
784 4119
785 4119
786 4119
787 4118
788 4118
789 4117
790 4117
791 4116
792 4115
793 4115
793 4114
794 4113
795 4113
795 4112
796 4111
797 4111
797 4110
798 4109
799 4109
799 4108
800 4107
801 4107
801 4106
802 4105
803 4105
803 4104
804 4103
805 4102
805 4101
806 4100
806 4099
806 4098
806 4097
806 4096
806 4095
806 4094
806 4093
806 4092
806 4091
806 4090
806 4089
806 4088
806 4087
807 4086
807 4085
807 4084
807 4083
808 4082
808 4081
808 4080
808 4079
809 4078
809 4077
809 4076
809 4075
810 4074
810 4073
810 4072
810 4071
810 4070
810 4069
810 4068
810 4067
810 4066
810 4065
810 4064
810 4063
810 4062
810 4061
809 4060
809 4059
809 4058
809 4057
808 4056
808 4055
808 4054
808 4053
808 4052
808 4051
808 4050
808 4049
808 4048
808 4047
809 4046
809 4045
809 4044
809 4043
810 4042
810 4041
810 4040
810 4039
810 4038
810 4037
810 4036
810 4035
810 4034
810 4033
809 4032
809 4031
809 4030
809 4029
808 4028
808 4027
808 4026
808 4025
807 4024
807 4023
807 4022
807 4021
806 4020
805 4019
805 4018
805 4017
804 4016
804 4015
803 4014
803 4013
803 4012
803 4011
802 4010
801 4009
800 4008
800 4007
799 4006
799 4005
798 4004
797 4003
797 4002
797 4001
796 4000
796 3999
796 3998
796 3997
795 3996
795 3995
795 3994
795 3993
794 3992
793 3991
792 3990
791 3989
790 3988
789 3988
788 3988
787 3988
786 3987
785 3987
784 3987
783 3987
782 3987
781 3987
780 3987
779 3987
778 3987
777 3987
776 3986
775 3986
774 3986
773 3985
772 3984
771 3984
770 3983
769 3983
768 3982
767 3982
766 3981
765 3981
764 3981
763 3981
762 3981
761 3981
760 3981
759 3981
758 3981
757 3981
756 3981
755 3981
754 3981
753 3981
752 3980
751 3980
750 3980
749 3979
748 3978
747 3978
746 3978
745 3978
744 3977
743 3977
742 3977
741 3977
740 3977
739 3977
738 3977
737 3977
736 3977
735 3977
