581 1823
580 1824
579 1824
578 1825
577 1826
576 1826
576 1827
575 1828
574 1828
574 1829
573 1830
572 1830
572 1831
571 1832
570 1832
570 1833
569 1834
568 1834
568 1835
567 1836
566 1836
566 1837
565 1838
564 1839
563 1840
562 1841
562 1842
562 1843
561 1844
560 1845
560 1846
560 1847
560 1848
559 1849
559 1850
559 1851
559 1852
559 1853
559 1854
558 1855
558 1856
557 1857
556 1858
556 1859
555 1860
554 1860
554 1861
553 1862
552 1862
551 1863
550 1864
549 1864
548 1865
547 1866
546 1867
545 1868
544 1868
544 1869
543 1870
542 1870
542 1871
541 1872
540 1873
539 1874
538 1875
538 1876
537 1877
536 1878
536 1879
535 1880
534 1880
533 1881
532 1882
531 1882
530 1883
529 1883
528 1883
527 1883
526 1884
525 1884
524 1885
523 1886
522 1886
522 1887
521 1888
520 1888
520 1889
519 1890
518 1890
518 1891
517 1892
516 1892
516 1893
515 1894
514 1894
514 1895
513 1896
512 1896
511 1897
510 1898
509 1898
508 1899
507 1899
506 1900
505 1900
504 1900
503 1900
502 1901
501 1902
500 1903
499 1904
498 1904
498 1905
497 1906
496 1907
496 1908
495 1909
495 1910
495 1911
495 1912
495 1913
495 1914
494 1915
494 1916
494 1917
494 1918
493 1919
493 1920
492 1921
492 1922
492 1923
491 1924
490 1925
490 1926
489 1927
488 1928
488 1929
487 1930
486 1931
486 1932
485 1933
485 1934
485 1935
485 1936
485 1937
485 1938
485 1939
485 1940
484 1941
484 1942
484 1943
484 1944
483 1945
483 1946
483 1947
483 1948
483 1949
483 1950
483 1951
483 1952
483 1953
483 1954
483 1955
483 1956
483 1957
483 1958
483 1959
483 1960
483 1961
483 1962
483 1963
483 1964
483 1965
483 1966
483 1967
483 1968
483 1969
483 1970
483 1971
483 1972
483 1973
483 1974
483 1975
483 1976
483 1977
483 1978
483 1979
483 1980
483 1981
483 1982
483 1983
483 1984
483 1985
483 1986
484 1987
484 1988
485 1989
486 1989
487 1990
488 1990
489 1990
490 1990
491 1991
492 1991
493 1991
494 1992
495 1993
496 1993
497 1994
498 1994
499 1995
500 1996
501 1997
502 1997
503 1997
504 1998
505 1999
506 1999
507 1999
508 2000
509 2001
510 2001
511 2001
512 2002
513 2003
514 2003
515 2003
516 2003
517 2004
518 2004
519 2004
520 2004
521 2004
522 2004
523 2005
524 2005
525 2005
526 2006
527 2007
528 2007
529 2007
530 2007
531 2008
532 2008
533 2008
534 2008
535 2008
536 2008
537 2008
538 2008
539 2008
540 2008
541 2008
542 2008
543 2008
544 2008
545 2008
546 2008
547 2008
548 2008
549 2008
550 2008
551 2008
552 2008
553 2009
554 2009
555 2010
556 2011
557 2011
558 2012
559 2013
560 2014
561 2015
562 2015
563 2015
564 2016
565 2017
566 2017
567 2017
568 2017
569 2018
570 2018
571 2019
572 2019
573 2019
574 2019
575 2020
576 2020
577 2020
578 2020
579 2021
580 2021
581 2021
582 2021
583 2022
584 2022
585 2023
586 2023
587 2023
588 2023
589 2024
590 2024
591 2024
592 2024
593 2024
594 2024
595 2025
596 2025
597 2025
598 2025
599 2026
600 2026
601 2026
602 2026
603 2026
604 2026
605 2026
606 2026
607 2026
608 2026
609 2027
610 2027
611 2027
612 2027
613 2028
614 2028
615 2028
616 2028
617 2028
618 2028
619 2028
620 2028
621 2028
622 2028
623 2028
624 2028
625 2028
626 2028
627 2028
628 2028
629 2028
630 2028
631 2028
632 2028
633 2028
634 2028
635 2028
636 2028
637 2028
638 2028
639 2028
640 2028
641 2028
642 2028
643 2028
644 2028
645 2028
646 2028
647 2028
648 2028
649 2028
650 2028
651 2028
652 2028
653 2028
654 2028
655 2028
656 2028
657 2028
658 2028
659 2028
660 2028
661 2028
662 2028
663 2028
664 2028
665 2027
666 2027
667 2027
668 2027
669 2026
670 2025
671 2025
672 2025
673 2024
674 2024
675 2023
676 2023
677 2023
678 2023
679 2022
680 2022
681 2022
682 2022
683 2021
684 2021
685 2021
686 2021
687 2020
688 2020
689 2019
690 2019
691 2019
692 2019
693 2018
694 2018
695 2017
696 2017
697 2017
698 2017
699 2016
700 2016
701 2015
702 2015
703 2015
704 2015
705 2014
706 2014
707 2014
708 2014
709 2014
710 2014
711 2013
712 2013
713 2013
714 2013
715 2012
716 2012
717 2011
718 2011
719 2011
720 2011
721 2010
722 2010
723 2010
724 2010
725 2009
726 2009
727 2009
728 2009
729 2008
730 2008
731 2008
732 2008
733 2007
734 2007
735 2007
736 2007
737 2006
738 2006
739 2005
740 2005
741 2005
742 2005
743 2004
744 2004
745 2004
746 2004
747 2004
748 2004
749 2003
750 2003
751 2003
752 2003
753 2002
754 2002
755 2002
756 2002
757 2001
758 2001
759 2001
760 2001
761 2000
762 2000
763 2000
764 2000
765 1999
766 1999
767 1999
768 1999
769 1998
770 1998
771 1997
772 1997
773 1997
774 1997
775 1996
776 1996
777 1996
778 1996
779 1996
780 1996
781 1996
782 1996
783 1996
784 1996
785 1996
786 1996
787 1996
788 1996
789 1996
790 1996
791 1996
792 1996
793 1996
794 1996
795 1996
796 1996
797 1996
798 1996
799 1996
800 1996
801 1995
802 1995
803 1995
804 1995
805 1994
806 1994
807 1994
808 1994
809 1994
810 1994
811 1994
812 1994
813 1994
814 1994
815 1994
816 1994
817 1994
818 1994
819 1994
820 1994
821 1994
822 1994
823 1994
824 1994
825 1994
826 1994
827 1994
828 1994
829 1994
830 1994
831 1994
832 1994
833 1994
834 1994
835 1994
836 1994
837 1994
838 1994
839 1994
840 1994
841 1994
842 1994
843 1994
844 1994
845 1994
846 1994
847 1994
848 1994
849 1994
850 1994
851 1994
852 1994
853 1994
854 1994
855 1994
856 1994
857 1994
858 1994
859 1994
860 1994
861 1994
862 1994
863 1993
864 1993
865 1993
866 1993
867 1992
868 1992
869 1992
870 1992
871 1992
872 1992
873 1992
874 1992
875 1992
876 1992
877 1992
878 1992
879 1992
880 1992
881 1992
882 1992
883 1992
884 1992
885 1992
886 1992
887 1992
888 1992
889 1991
890 1991
891 1991
892 1991
893 1990
894 1990
895 1990
896 1990
897 1990
898 1990
899 1989
900 1989
901 1989
902 1989
903 1988
904 1988
905 1988
906 1988
907 1988
908 1988
909 1988
910 1988
911 1987
912 1987
913 1987
914 1987
915 1986
916 1986
917 1986
918 1986
919 1986
920 1986
921 1986
922 1986
923 1985
924 1985
925 1985
926 1985
927 1984
928 1984
929 1984
930 1984
931 1984
932 1984
933 1984
934 1984
935 1984
936 1984
937 1984
938 1984
939 1984
940 1984
941 1983
942 1983
943 1983
944 1983
945 1982
946 1982
947 1982
948 1982
949 1982
950 1982
951 1981
952 1981
953 1981
954 1981
955 1980
956 1980
957 1980
958 1980
959 1979
960 1979
961 1979
962 1979
963 1978
964 1978
965 1977
966 1977
967 1977
968 1977
969 1976
970 1976
971 1976
972 1976
973 1976
974 1976
975 1975
976 1975
977 1975
978 1975
979 1974
980 1974
981 1974
982 1974
983 1974
984 1974
985 1974
986 1974
987 1974
988 1974
989 1974
990 1974
991 1974
992 1974
993 1974
994 1974
995 1974
996 1974
997 1973
998 1973
999 1973
1000 1973
1001 1972
1002 1972
1003 1972
1004 1972
1005 1971
1006 1971
1007 1971
1008 1971
1009 1970
1010 1969
1011 1968
1012 1967
1013 1966
1013 1965
1014 1964
1014 1963
1014 1962
1014 1961
1015 1960
1015 1959
1016 1958
1017 1957
1018 1956
1019 1955
1020 1955
1021 1954
1022 1953
1023 1952
1024 1951
1025 1951
1026 1950
1027 1949
1028 1949
1029 1948
1030 1947
1031 1946
1032 1945
1033 1945
1034 1944
1035 1943
1036 1943
1037 1942
1038 1942
1039 1941
1040 1941
1041 1940
1041 1939
1042 1938
1042 1937
1043 1936
1043 1935
1043 1934
1044 1933
1045 1932
1045 1931
1045 1930
1045 1929
1046 1928
1046 1927
1046 1926
1046 1925
1046 1924
1046 1923
1046 1922
1046 1921
1046 1920
1046 1919
1046 1918
1046 1917
1046 1916
1046 1915
1046 1914
1046 1913
1046 1912
1046 1911
1046 1910
1046 1909
1046 1908
1046 1907
1046 1906
1046 1905
1045 1904
1045 1903
1044 1902
1043 1901
1043 1900
1042 1899
1041 1898
1041 1897
1040 1896
1039 1895
1038 1894
1037 1893
1037 1892
1036 1892
1035 1891
1035 1890
1034 1890
1033 1889
1033 1888
1032 1888
1031 1887
1030 1886
1029 1885
1028 1884
1027 1884
1026 1883
1025 1882
1024 1882
1023 1881
1023 1880
1022 1880
1021 1879
1021 1878
1020 1878
1019 1877
1019 1876
1018 1876
1017 1875
1016 1874
1015 1874
1014 1873
1013 1873
1012 1873
1011 1873
1010 1873
1009 1873
1008 1873
1007 1873
1006 1872
1005 1872
1004 1872
1003 1872
1002 1871
1001 1871
1000 1871
999 1871
998 1871
997 1871
996 1871
995 1871
994 1871
993 1871
992 1871
991 1871
990 1871
989 1871
988 1871
987 1871
986 1871
985 1871
984 1871
983 1871
982 1871
981 1871
980 1871
979 1871
978 1871
977 1871
976 1871
975 1871
974 1871
973 1871
972 1871
971 1871
970 1871
969 1871
968 1870
967 1870
966 1869
965 1868
964 1867
963 1866
963 1865
962 1864
961 1863
960 1862
959 1862
958 1861
957 1861
956 1860
955 1860
954 1860
953 1860
952 1859
951 1859
950 1859
949 1859
948 1859
947 1859
946 1859
945 1859
944 1859
943 1859
942 1859
941 1859
940 1859
939 1859
938 1859
937 1859
936 1859
935 1859
934 1859
933 1859
932 1858
931 1858
930 1858
929 1858
928 1857
927 1857
926 1856
925 1856
924 1855
923 1855
922 1854
921 1854
920 1853
919 1853
918 1853
917 1853
916 1853
915 1853
914 1852
913 1852
912 1852
911 1852
910 1851
909 1851
908 1851
907 1851
906 1851
905 1851
904 1851
903 1851
902 1851
901 1851
900 1851
899 1851
898 1851
897 1851
896 1851
895 1851
894 1851
893 1851
892 1851
891 1851
890 1851
889 1851
888 1851
887 1851
886 1851
885 1851
884 1851
883 1851
882 1851
881 1851
880 1851
879 1851
878 1851
877 1851
876 1850
875 1850
874 1850
873 1850
872 1849
871 1849
870 1849
869 1849
868 1849
867 1849
866 1849
865 1849
864 1848
863 1848
862 1848
861 1848
860 1847
859 1847
858 1847
857 1847
856 1847
855 1847
854 1847
853 1847
852 1847
851 1847
850 1847
849 1847
848 1846
847 1846
846 1846
845 1846
844 1845
843 1845
842 1845
841 1845
840 1845
839 1845
838 1845
837 1845
836 1845
835 1845
834 1845
833 1845
832 1845
831 1845
830 1845
829 1845
828 1845
827 1845
826 1845
825 1845
824 1845
823 1845
822 1845
821 1845
820 1845
819 1845
818 1845
817 1845
816 1845
815 1845
814 1845
813 1845
812 1845
811 1845
810 1845
809 1845
808 1845
807 1845
806 1845
805 1845
804 1845
803 1845
802 1846
801 1846
800 1846
799 1846
798 1847
797 1847
796 1847
795 1847
794 1847
793 1847
792 1847
791 1847
790 1847
789 1847
788 1847
787 1847
786 1847
785 1847
784 1847
783 1847
782 1847
781 1847
780 1847
779 1847
778 1847
777 1847
776 1847
775 1847
774 1846
773 1846
772 1846
771 1846
770 1845
769 1845
768 1844
767 1844
766 1844
765 1844
764 1843
763 1843
762 1843
761 1843
760 1843
759 1843
758 1843
757 1843
756 1844
755 1844
754 1844
753 1844
752 1845
751 1845
750 1845
749 1845
748 1845
747 1845
746 1844
745 1844
744 1844
743 1844
742 1843
741 1843
740 1843
739 1843
738 1843
737 1843
736 1843
735 1843
734 1843
733 1843
732 1842
731 1842
730 1842
729 1842
728 1841
727 1841
726 1840
725 1840
724 1840
723 1840
722 1839
721 1839
720 1839
719 1839
718 1839
717 1839
716 1839
715 1839
714 1839
713 1839
712 1839
711 1839
710 1839
709 1839
708 1838
707 1838
706 1838
705 1838
704 1837
703 1837
702 1837
701 1837
700 1837
699 1837
698 1837
697 1837
696 1837
695 1837
694 1836
693 1836
692 1835
691 1835
690 1834
689 1834
688 1833
687 1833
686 1833
685 1833
684 1833
683 1833
682 1833
681 1833
680 1832
679 1832
678 1832
677 1832
676 1831
675 1831
674 1831
673 1831
672 1830
671 1830
670 1829
669 1829
668 1828
667 1828
666 1827
665 1827
664 1827
663 1827
662 1827
661 1827
660 1827
659 1827
658 1827
657 1827
656 1827
655 1827
654 1827
653 1827
652 1827
651 1827
650 1827
649 1827
648 1826
647 1826
646 1826
645 1826
644 1825
643 1825
642 1825
641 1825
640 1825
639 1825
638 1825
637 1825
636 1825
635 1825
634 1825
633 1825
632 1825
631 1825
630 1824
629 1824
628 1824
627 1824
626 1823
625 1823
624 1823
623 1823
622 1823
621 1823
620 1823
619 1823
618 1823
617 1823
616 1823
615 1823
614 1823
613 1823
612 1823
611 1823
610 1823
609 1823
608 1823
607 1823
606 1823
605 1823
604 1823
603 1823
602 1823
601 1823
600 1823
599 1823
598 1823
597 1823
596 1823
595 1823
594 1823
593 1823
592 1823
591 1823
590 1823
589 1823
588 1823
587 1823
586 1823
585 1823
584 1823
583 1823
582 1823
581 1823
