1119 4639
1118 4640
1117 4640
1116 4640
1115 4640
1114 4641
1113 4641
1112 4642
1111 4642
1110 4642
1109 4642
1108 4643
1107 4643
1106 4643
1105 4643
1104 4643
1103 4643
1102 4643
1101 4643
1100 4644
1099 4644
1098 4644
1097 4644
1096 4645
1095 4645
1094 4645
1093 4645
1092 4645
1091 4645
1090 4645
1089 4645
1088 4645
1087 4645
1086 4645
1085 4645
1084 4645
1083 4645
1082 4645
1081 4645
1080 4645
1079 4645
1078 4646
1077 4646
1076 4646
1075 4646
1074 4647
1073 4647
1072 4647
1071 4647
1070 4647
1069 4647
1068 4648
1067 4648
1066 4648
1065 4648
1064 4649
1063 4649
1062 4649
1061 4649
1060 4649
1059 4649
1058 4649
1057 4649
1056 4649
1055 4649
1054 4649
1053 4649
1052 4649
1051 4649
1050 4649
1049 4649
1048 4649
1047 4649
1046 4649
1045 4649
1044 4649
1043 4649
1042 4649
1041 4649
1040 4649
1039 4649
1038 4650
1037 4650
1036 4650
1035 4650
1034 4651
1033 4651
1032 4651
1031 4651
1030 4652
1029 4652
1028 4652
1027 4652
1026 4653
1025 4653
1024 4653
1023 4653
1022 4653
1021 4653
1020 4653
1019 4653
1018 4653
1017 4653
1016 4653
1015 4653
1014 4653
1013 4653
1012 4653
1011 4653
1010 4653
1009 4653
1008 4653
1007 4653
1006 4653
1005 4653
1004 4653
1003 4653
1002 4653
1001 4653
1000 4653
999 4653
998 4653
997 4653
996 4653
995 4653
994 4653
993 4653
992 4653
991 4653
990 4653
989 4653
988 4653
987 4653
986 4652
985 4652
984 4652
983 4652
982 4651
981 4651
980 4651
979 4651
978 4651
977 4651
976 4651
975 4651
974 4651
973 4651
972 4651
971 4651
970 4651
969 4651
968 4651
967 4651
966 4651
965 4651
964 4651
963 4651
962 4652
961 4652
960 4652
959 4652
958 4653
957 4653
956 4654
955 4654
954 4654
953 4654
952 4655
951 4655
950 4655
949 4655
948 4655
947 4655
946 4655
945 4655
944 4655
943 4655
942 4655
941 4655
940 4655
939 4655
938 4655
937 4655
936 4655
935 4655
934 4655
933 4655
932 4655
931 4655
930 4655
929 4655
928 4655
927 4655
926 4655
925 4655
924 4655
923 4655
922 4655
921 4655
920 4655
919 4655
918 4655
917 4655
916 4655
915 4655
914 4656
913 4656
912 4656
911 4656
910 4657
909 4657
908 4657
907 4657
906 4657
905 4657
904 4657
903 4657
902 4657
901 4657
900 4658
899 4658
898 4658
897 4659
896 4659
895 4659
894 4660
893 4660
892 4660
891 4661
890 4661
889 4661
888 4662
887 4662
886 4662
885 4663
884 4664
883 4664
882 4665
882 4666
881 4667
881 4668
881 4669
881 4670
881 4671
881 4672
881 4673
881 4674
881 4675
881 4676
882 4677
882 4678
883 4679
884 4679
885 4680
886 4681
887 4681
888 4681
889 4682
890 4683
891 4684
892 4685
893 4686
894 4687
894 4688
895 4689
896 4690
897 4691
898 4691
899 4692
900 4692
901 4693
902 4693
903 4693
904 4693
905 4694
906 4695
907 4695
908 4695
909 4696
910 4697
911 4697
912 4697
913 4698
914 4698
915 4698
916 4699
917 4699
918 4699
919 4700
920 4700
921 4700
922 4700
923 4700
924 4700
925 4700
926 4700
927 4700
928 4701
929 4701
930 4701
931 4702
932 4702
933 4702
934 4702
935 4702
936 4702
937 4702
938 4702
939 4702
940 4703
941 4703
942 4703
943 4704
944 4704
945 4704
946 4704
947 4704
948 4704
949 4704
950 4704
951 4704
952 4704
953 4704
954 4704
955 4704
956 4704
957 4704
958 4704
959 4704
960 4704
961 4704
962 4704
963 4704
964 4704
965 4704
966 4704
967 4704
968 4704
969 4704
970 4704
971 4704
972 4704
973 4704
974 4704
975 4705
976 4705
977 4705
978 4705
979 4706
980 4706
981 4706
982 4706
983 4706
984 4706
985 4707
986 4707
987 4707
988 4707
989 4708
990 4708
991 4708
992 4708
993 4708
994 4709
995 4709
996 4709
997 4710
998 4710
999 4710
1000 4710
1001 4710
1002 4710
1003 4710
1004 4710
1005 4710
1006 4710
1007 4710
1008 4710
1009 4710
1010 4710
1011 4710
1012 4710
1013 4711
1014 4711
1015 4711
1016 4712
1017 4713
1018 4713
1019 4714
1020 4714
1021 4714
1022 4714
1023 4714
1024 4715
1025 4715
1026 4715
1027 4716
1028 4716
1029 4716
1030 4716
1031 4716
1032 4717
1033 4717
1034 4718
1035 4719
1036 4719
1037 4720
1038 4720
1039 4721
1040 4721
1041 4721
1042 4721
1043 4722
1044 4722
1045 4723
1046 4723
1047 4723
1048 4723
1049 4724
1050 4724
1051 4724
1052 4725
1053 4725
1054 4725
1055 4726
1056 4726
1057 4726
1058 4726
1059 4726
1060 4726
1061 4727
1062 4727
1063 4727
1064 4727
1065 4728
1066 4729
1067 4729
1068 4729
1069 4730
1070 4730
1071 4730
1072 4730
1073 4730
1074 4730
1075 4730
1076 4730
1077 4730
1078 4730
1079 4730
1080 4730
1081 4730
1082 4730
1083 4729
1084 4729
1085 4729
1086 4729
1087 4728
1088 4728
1089 4728
1090 4728
1091 4728
1092 4728
1093 4728
1094 4728
1095 4728
1096 4728
1097 4728
1098 4728
1099 4728
1100 4728
1101 4728
1102 4728
1103 4728
1104 4728
1105 4728
1106 4728
1107 4728
1108 4728
1109 4728
1110 4728
1111 4728
1112 4728
1113 4728
1114 4728
1115 4728
1116 4728
1117 4728
1118 4728
1119 4728
1120 4729
1121 4729
1122 4729
1123 4730
1124 4730
1125 4730
1126 4730
1127 4730
1128 4730
1129 4730
1130 4730
1131 4730
1132 4730
1133 4730
1134 4730
1135 4730
1136 4730
1137 4730
1138 4730
1139 4729
1140 4729
1141 4728
1142 4727
1143 4726
1144 4726
1145 4725
1146 4724
1147 4724
1148 4723
1149 4723
1150 4722
1151 4722
1152 4721
1153 4720
1154 4719
1155 4718
1156 4717
1157 4716
1158 4715
1159 4714
1160 4713
1161 4712
1162 4711
1163 4710
1163 4709
1164 4708
1165 4707
1165 4706
1166 4705
1167 4704
1168 4703
1169 4702
1170 4701
1171 4700
1172 4699
1173 4698
1174 4697
1175 4696
1175 4695
1176 4694
1177 4693
1177 4692
1177 4691
1178 4690
1179 4689
1179 4688
1179 4687
1180 4686
1180 4685
1181 4684
1181 4683
1181 4682
1182 4681
1182 4680
1183 4679
1184 4678
1184 4677
1185 4676
1185 4675
1186 4674
1186 4673
1186 4672
1186 4671
1186 4670
1186 4669
1185 4668
1185 4667
1185 4666
1185 4665
1184 4664
1184 4663
1184 4662
1184 4661
1184 4660
1184 4659
1183 4659
1182 4659
1181 4659
1180 4658
1179 4658
1178 4657
1177 4656
1176 4656
1175 4655
1174 4654
1173 4654
1172 4653
1171 4652
1170 4652
1169 4652
1168 4651
1167 4650
1166 4650
1165 4650
1164 4649
1163 4649
1162 4648
1161 4648
1160 4648
1159 4647
1158 4647
1157 4646
1156 4646
1155 4646
1154 4645
1153 4645
1152 4645
1151 4645
1150 4645
1149 4645
1148 4645
1147 4645
1146 4644
1145 4644
1144 4643
1143 4643
1142 4642
1141 4642
1140 4641
1139 4640
1138 4640
1137 4640
1136 4639
1135 4639
1134 4639
1133 4639
1132 4639
1131 4639
1130 4639
1129 4639
1128 4639
1127 4639
1126 4639
1125 4639
1124 4639
1123 4639
1122 4639
1121 4639
1120 4639
1119 4639
