2233 1517
2232 1518
2231 1518
2230 1519
2229 1520
2228 1520
2227 1520
2226 1521
2225 1521
2224 1522
2223 1522
2222 1523
2221 1524
2220 1524
2219 1524
2218 1525
2217 1525
2216 1526
2215 1526
2214 1526
2213 1527
2212 1528
2211 1528
2210 1528
2209 1528
2208 1529
2207 1529
2206 1529
2205 1529
2204 1529
2203 1529
2202 1529
2201 1529
2200 1529
2199 1529
2198 1529
2197 1529
2196 1529
2195 1529
2194 1529
2193 1529
2192 1529
2191 1529
2190 1529
2189 1529
2188 1528
2187 1528
2186 1528
2185 1528
2184 1527
2183 1527
2182 1526
2181 1526
2180 1526
2179 1526
2178 1525
2177 1524
2176 1524
2175 1524
2174 1523
2173 1523
2172 1522
2171 1522
2170 1522
2169 1521
2168 1520
2167 1520
2166 1519
2165 1519
2164 1519
2163 1519
2162 1519
2161 1519
2160 1519
2159 1519
2158 1520
2157 1520
2156 1520
2155 1521
2154 1521
2153 1521
2152 1521
2151 1521
2150 1522
2149 1522
2148 1523
2147 1524
2146 1524
2145 1525
2144 1526
2143 1526
2142 1526
2141 1527
2140 1527
2139 1527
2138 1528
2137 1528
2136 1529
2135 1530
2134 1530
2133 1530
2132 1531
2131 1531
2130 1531
2129 1531
2128 1531
2127 1531
2126 1531
2125 1531
2124 1531
2123 1531
2122 1532
2121 1532
2120 1532
2119 1533
2118 1533
2117 1533
2116 1533
2115 1533
2114 1533
2113 1533
2112 1533
2111 1533
2110 1533
2109 1533
2108 1533
2107 1533
2106 1534
2105 1534
2104 1534
2103 1534
2102 1535
2101 1535
2100 1535
2099 1535
2098 1535
2097 1535
2096 1535
2095 1535
2094 1535
2093 1535
2092 1535
2091 1535
2090 1535
2089 1535
2088 1535
2087 1535
2086 1535
2085 1535
2084 1535
2083 1535
2082 1535
2081 1535
2080 1535
2079 1535
2078 1535
2077 1535
2076 1535
2075 1535
2074 1535
2073 1535
2072 1535
2071 1535
2070 1535
2069 1535
2068 1535
2067 1535
2066 1536
2065 1536
2064 1536
2063 1537
2062 1537
2061 1537
2060 1538
2059 1538
2058 1538
2057 1538
2056 1539
2055 1539
2054 1539
2053 1539
2052 1539
2051 1539
2050 1539
2049 1539
2048 1540
2047 1540
2046 1540
2045 1541
2044 1541
2043 1541
2042 1541
2041 1541
2040 1541
2039 1541
2038 1541
2037 1541
2036 1541
2035 1541
2034 1542
2033 1542
2032 1542
2031 1543
2030 1543
2029 1543
2028 1543
2027 1543
2026 1543
2025 1543
2024 1543
2023 1543
2022 1542
2021 1542
2020 1542
2019 1542
2018 1541
2017 1541
2016 1541
2015 1541
2014 1541
2013 1541
2012 1541
2011 1541
2010 1541
2009 1541
2008 1541
2007 1541
2006 1541
2005 1541
2004 1541
2003 1541
2002 1541
2001 1540
2000 1540
1999 1540
1998 1539
1997 1539
1996 1539
1995 1539
1994 1539
1993 1539
1992 1540
1991 1540
1990 1540
1989 1540
1988 1541
1987 1541
1986 1541
1985 1541
1984 1541
1983 1541
1982 1541
1981 1541
1980 1541
1979 1541
1978 1541
1977 1541
1976 1541
1975 1541
1974 1542
1973 1542
1972 1542
1971 1543
1970 1543
1969 1543
1968 1544
1967 1544
1966 1544
1965 1545
1964 1545
1963 1545
1962 1546
1961 1546
1960 1547
1959 1548
1958 1549
1957 1550
1956 1551
1955 1552
1954 1553
1953 1554
1952 1555
1951 1556
1950 1556
1949 1557
1948 1558
1947 1558
1946 1559
1945 1560
1944 1561
1943 1562
1942 1563
1941 1564
1940 1565
1940 1566
1939 1567
1938 1568
1938 1569
1937 1570
1936 1571
1935 1572
1934 1573
1933 1574
1932 1575
1932 1576
1931 1577
1930 1578
1930 1579
1930 1580
1929 1581
1928 1582
1928 1583
1927 1584
1926 1585
1925 1586
1924 1587
1923 1588
1922 1589
1921 1590
1920 1591
1919 1592
1918 1593
1917 1594
1916 1595
1915 1596
1914 1597
1913 1598
1912 1598
1911 1599
1910 1599
1909 1599
1908 1599
1907 1599
1906 1599
1905 1599
1904 1599
1903 1599
1902 1600
1901 1600
1900 1600
1899 1601
1898 1602
1897 1602
1896 1603
1895 1604
1894 1605
1893 1606
1892 1607
1891 1608
1890 1609
1889 1610
1888 1610
1887 1611
1886 1611
1885 1611
1884 1612
1883 1612
1882 1613
1881 1614
1880 1615
1879 1616
1878 1616
1877 1617
1876 1618
1875 1618
1874 1619
1873 1620
1872 1621
1871 1622
1870 1623
1869 1624
1868 1625
1867 1626
1866 1627
1865 1628
1864 1629
1863 1630
1862 1631
1861 1632
1860 1632
1859 1633
1858 1634
1857 1634
1856 1635
1855 1636
1854 1637
1853 1638
1852 1639
1851 1640
1850 1641
1849 1642
1848 1643
1848 1644
1847 1645
1846 1646
1846 1647
1845 1648
1844 1649
1844 1650
1843 1651
1842 1652
1842 1653
1842 1654
1841 1655
1841 1656
1841 1657
1840 1658
1840 1659
1840 1660
1839 1661
1839 1662
1839 1663
1839 1664
1839 1665
1839 1666
1839 1667
1839 1668
1839 1669
1839 1670
1839 1671
1839 1672
1839 1673
1839 1674
1839 1675
1839 1676
1840 1677
1840 1678
1841 1679
1842 1680
1843 1681
1844 1682
1845 1683
1846 1684
1847 1685
1848 1685
1849 1686
1850 1687
1851 1687
1852 1688
1853 1689
1854 1689
1855 1690
1856 1691
1857 1691
1858 1692
1859 1693
1860 1694
1861 1695
1862 1695
1863 1696
1864 1697
1865 1697
1866 1697
1867 1698
1868 1699
1869 1699
1870 1700
1871 1701
1872 1701
1873 1702
1874 1703
1875 1703
1876 1703
1877 1704
1878 1705
1879 1705
1880 1705
1881 1706
1882 1706
1883 1706
1884 1707
1885 1707
1886 1708
1887 1709
1888 1709
1889 1710
1890 1711
1891 1711
1892 1711
1893 1712
1894 1713
1895 1713
1896 1713
1897 1714
1898 1715
1899 1715
1900 1716
1901 1717
1902 1717
1903 1718
1904 1719
1905 1719
1906 1719
1907 1720
1908 1720
1909 1720
1910 1721
1911 1721
1912 1721
1913 1722
1914 1722
1915 1722
1916 1722
1917 1723
1918 1723
1919 1723
1920 1723
1921 1724
1922 1725
1923 1725
1924 1725
1925 1726
1926 1726
1927 1726
1928 1726
1929 1726
1930 1726
1931 1727
1932 1727
1933 1727
1934 1727
1935 1728
1936 1728
1937 1728
1938 1728
1939 1728
1940 1728
1941 1729
1942 1729
1943 1729
1944 1729
1945 1730
1946 1731
1947 1731
1948 1731
1949 1732
1950 1732
1951 1732
1952 1732
1953 1732
1954 1732
1955 1732
1956 1732
1957 1732
1958 1732
1959 1732
1960 1732
1961 1732
1962 1732
1963 1733
1964 1733
1965 1733
1966 1733
1967 1734
1968 1734
1969 1735
1970 1735
1971 1735
1972 1735
1973 1736
1974 1736
1975 1736
1976 1736
1977 1736
1978 1737
1979 1737
1980 1737
1981 1738
1982 1738
1983 1738
1984 1739
1985 1739
1986 1739
1987 1740
1988 1740
1989 1740
1990 1741
1991 1741
1992 1741
1993 1742
1994 1742
1995 1742
1996 1742
1997 1743
1998 1743
1999 1743
2000 1743
2001 1744
2002 1744
2003 1745
2004 1745
2005 1745
2006 1745
2007 1746
2008 1746
2009 1746
2010 1746
2011 1746
2012 1746
2013 1747
2014 1747
2015 1747
2016 1747
2017 1748
2018 1748
2019 1748
2020 1749
2021 1749
2022 1749
2023 1750
2024 1750
2025 1750
2026 1751
2027 1751
2028 1751
2029 1752
2030 1753
2031 1753
2032 1753
2033 1754
2034 1754
2035 1754
2036 1755
2037 1755
2038 1755
2039 1756
2040 1756
2041 1756
2042 1757
2043 1757
2044 1757
2045 1758
2046 1758
2047 1758
2048 1758
2049 1759
2050 1759
2051 1759
2052 1759
2053 1760
2054 1760
2055 1760
2056 1760
2057 1760
2058 1761
2059 1761
2060 1761
2061 1762
2062 1762
2063 1762
2064 1762
2065 1762
2066 1762
2067 1763
2068 1763
2069 1763
2070 1763
2071 1764
2072 1765
2073 1765
2074 1765
2075 1766
2076 1766
2077 1766
2078 1766
2079 1766
2080 1766
2081 1766
2082 1766
2083 1767
2084 1767
2085 1767
2086 1767
2087 1768
2088 1768
2089 1768
2090 1769
2091 1769
2092 1769
2093 1770
2094 1770
2095 1770
2096 1770
2097 1770
2098 1770
2099 1770
2100 1771
2101 1771
2102 1771
2103 1772
2104 1772
2105 1772
2106 1772
2107 1772
2108 1772
2109 1772
2110 1772
2111 1772
2112 1772
2113 1772
2114 1772
2115 1772
2116 1772
2117 1772
2118 1772
2119 1772
2120 1772
2121 1772
2122 1772
2123 1772
2124 1772
2125 1772
2126 1772
2127 1772
2128 1772
2129 1772
2130 1772
2131 1772
2132 1772
2133 1772
2134 1772
2135 1772
2136 1772
2137 1772
2138 1772
2139 1773
2140 1773
2141 1773
2142 1773
2143 1774
2144 1774
2145 1774
2146 1774
2147 1774
2148 1774
2149 1774
2150 1774
2151 1774
2152 1774
2153 1774
2154 1774
2155 1774
2156 1774
2157 1774
2158 1774
2159 1774
2160 1774
2161 1774
2162 1774
2163 1774
2164 1774
2165 1774
2166 1774
2167 1774
2168 1774
2169 1774
2170 1774
2171 1774
2172 1774
2173 1774
2174 1774
2175 1774
2176 1774
2177 1774
2178 1774
2179 1774
2180 1774
2181 1774
2182 1774
2183 1774
2184 1774
2185 1774
2186 1774
2187 1774
2188 1774
2189 1774
2190 1774
2191 1774
2192 1774
2193 1774
2194 1774
2195 1775
2196 1775
2197 1775
2198 1775
2199 1776
2200 1776
2201 1776
2202 1776
2203 1776
2204 1776
2205 1776
2206 1776
2207 1776
2208 1776
2209 1776
2210 1776
2211 1776
2212 1776
2213 1776
2214 1776
2215 1776
2216 1776
2217 1776
2218 1776
2219 1776
2220 1776
2221 1776
2222 1776
2223 1776
2224 1776
2225 1776
2226 1776
2227 1776
2228 1776
2229 1776
2230 1776
2231 1776
2232 1776
2233 1776
2234 1776
2235 1776
2236 1776
2237 1776
2238 1776
2239 1776
2240 1776
2241 1776
2242 1776
2243 1776
2244 1776
2245 1776
2246 1776
2247 1776
2248 1776
2249 1776
2250 1776
2251 1775
2252 1775
2253 1775
2254 1775
2255 1774
2256 1774
2257 1774
2258 1774
2259 1774
2260 1774
2261 1773
2262 1773
2263 1773
2264 1773
2265 1772
2266 1772
2267 1772
2268 1772
2269 1772
2270 1772
2271 1771
2272 1771
2273 1771
2274 1771
2275 1770
2276 1770
2277 1770
2278 1770
2279 1770
2280 1770
2281 1769
2282 1769
2283 1769
2284 1769
2285 1768
2286 1768
2287 1767
2288 1767
2289 1767
2290 1766
2291 1765
2292 1765
2293 1764
2294 1764
2295 1763
2296 1763
2297 1762
2298 1762
2299 1762
2300 1762
2301 1761
2302 1761
2303 1760
2304 1759
2305 1759
2306 1759
2307 1758
2308 1758
2309 1757
2310 1757
2311 1756
2312 1756
2313 1755
2314 1755
2315 1754
2316 1754
2317 1753
2318 1753
2319 1753
2320 1753
2321 1752
2322 1752
2323 1752
2324 1752
2325 1752
2326 1752
2327 1752
2328 1752
2329 1751
2330 1751
2331 1750
2332 1749
2333 1748
2334 1748
2335 1747
2336 1747
2337 1746
2338 1746
2339 1745
2340 1745
2341 1744
2342 1744
2343 1743
2344 1743
2345 1742
2346 1742
2347 1741
2348 1741
2349 1741
2350 1740
2351 1739
2352 1739
2353 1738
2353 1737
2354 1736
2354 1735
2355 1734
2355 1733
2355 1732
2355 1731
2356 1730
2357 1729
2357 1728
2358 1727
2359 1726
2360 1726
2361 1725
2362 1725
2363 1724
2364 1724
2365 1723
2366 1723
2367 1722
2368 1721
2369 1721
2370 1720
2371 1719
2372 1719
2373 1718
2374 1717
2375 1717
2376 1717
2377 1716
2378 1716
2379 1716
2380 1716
2381 1716
2382 1716
2383 1715
2384 1715
2385 1714
2386 1713
2387 1713
2387 1712
2388 1711
2389 1710
2389 1709
2390 1708
2390 1707
2391 1706
2391 1705
2391 1704
2391 1703
2392 1702
2392 1701
2393 1700
2393 1699
2394 1698
2394 1697
2395 1696
2395 1695
2396 1694
2396 1693
2396 1692
2396 1691
2397 1690
2397 1689
2398 1688
2398 1687
2399 1686
2400 1685
2401 1684
2401 1683
2402 1682
2402 1681
2402 1680
2402 1679
2402 1678
2402 1677
2401 1676
2401 1675
2401 1674
2401 1673
2400 1672
2400 1671
2400 1670
2400 1669
2400 1668
2400 1667
2400 1666
2400 1665
2399 1664
2399 1663
2399 1662
2398 1661
2397 1660
2397 1659
2397 1658
2396 1657
2395 1656
2395 1655
2394 1654
2393 1653
2393 1652
2392 1651
2391 1650
2390 1649
2390 1648
2389 1647
2389 1646
2389 1645
2388 1644
2388 1643
2387 1642
2387 1641
2387 1640
2387 1639
2386 1638
2386 1637
2386 1636
2386 1635
2385 1634
2385 1633
2385 1632
2385 1631
2384 1630
2384 1629
2384 1628
2384 1627
2384 1626
2384 1625
2384 1624
2384 1623
2384 1622
2384 1621
2384 1620
2384 1619
2384 1618
2384 1617
2383 1616
2383 1615
2383 1614
2382 1613
2381 1612
2381 1611
2380 1610
2380 1609
2379 1608
2378 1607
2378 1606
2377 1605
2377 1604
2376 1603
2376 1602
2375 1601
2375 1600
2374 1599
2373 1598
2373 1597
2372 1596
2371 1595
2371 1594
2370 1594
2369 1593
2368 1592
2367 1592
2366 1591
2365 1591
2364 1590
2363 1590
2362 1589
2361 1589
2360 1588
2359 1587
2358 1586
2357 1585
2356 1584
2355 1584
2354 1583
2353 1582
2352 1582
2351 1582
2350 1581
2349 1581
2348 1580
2347 1580
2346 1580
2345 1580
2344 1579
2343 1578
2342 1578
2341 1578
2340 1577
2339 1576
2338 1575
2337 1575
2336 1574
2335 1574
2334 1573
2333 1573
2332 1572
2331 1572
2330 1571
2329 1570
2328 1570
2327 1569
2327 1568
2326 1568
2325 1567
2325 1566
2324 1566
2323 1565
2322 1564
2321 1564
2320 1563
2319 1563
2318 1562
2317 1562
2316 1561
2315 1561
2314 1560
2313 1560
2312 1559
2311 1559
2310 1558
2309 1558
2308 1558
2307 1558
2306 1557
2305 1557
2304 1556
2303 1556
2302 1556
2301 1555
2300 1554
2299 1554
2298 1553
2297 1553
2296 1552
2295 1552
2294 1552
2293 1552
2292 1551
2291 1550
2290 1550
2289 1549
2288 1548
2287 1548
2286 1547
2285 1547
2284 1547
2283 1546
2282 1546
2281 1546
2280 1545
2279 1545
2278 1545
2277 1545
2276 1544
2275 1544
2274 1543
2273 1542
2272 1542
2271 1541
2271 1540
2270 1540
2269 1539
2269 1538
2268 1538
2267 1537
2266 1536
2265 1535
2264 1534
2263 1533
2262 1532
2261 1531
2260 1530
2259 1529
2258 1528
2257 1528
2256 1527
2255 1526
2254 1526
2253 1525
2252 1524
2251 1523
2250 1522
2249 1522
2248 1521
2247 1521
2246 1521
2245 1521
2244 1521
2243 1520
2242 1520
2241 1520
2240 1519
2239 1518
2238 1518
2237 1518
2236 1517
2235 1517
2234 1517
2233 1517
