2118 2457
2117 2458
2116 2458
2115 2458
2114 2459
2113 2459
2112 2460
2111 2460
2110 2459
2109 2459
2108 2459
2107 2459
2106 2459
2105 2459
2104 2459
2103 2459
2102 2459
2101 2459
2100 2459
2099 2459
2098 2459
2097 2459
2096 2459
2095 2459
2094 2460
2093 2460
2092 2460
2091 2461
2090 2461
2089 2461
2088 2462
2087 2462
2086 2462
2085 2463
2084 2463
2083 2463
2082 2464
2081 2464
2080 2464
2079 2465
2078 2465
2077 2465
2076 2465
2075 2465
2074 2466
2073 2466
2072 2466
2071 2467
2070 2467
2069 2467
2068 2467
2067 2467
2066 2467
2065 2467
2064 2468
2063 2468
2062 2469
2061 2470
2060 2470
2059 2471
2058 2471
2057 2471
2056 2471
2055 2471
2054 2472
2053 2472
2052 2473
2051 2474
2050 2475
2049 2476
2048 2476
2047 2476
2046 2477
2045 2477
2044 2477
2043 2477
2042 2477
2041 2477
2040 2477
2039 2477
2038 2477
2037 2477
2036 2478
2035 2478
2034 2478
2033 2479
2032 2480
2031 2480
2030 2480
2029 2481
2028 2482
2027 2482
2026 2483
2025 2484
2024 2484
2023 2485
2022 2485
2021 2485
2020 2485
2019 2485
2018 2485
2017 2485
2016 2485
2015 2485
2014 2486
2013 2486
2012 2487
2011 2488
2010 2488
2009 2488
2008 2489
2007 2489
2006 2489
2005 2489
2004 2489
2003 2489
2002 2490
2001 2490
2000 2490
1999 2490
1998 2491
1997 2491
1996 2491
1995 2491
1994 2491
1993 2491
1992 2491
1991 2491
1990 2491
1989 2491
1988 2491
1987 2491
1986 2491
1985 2491
1984 2491
1983 2491
1982 2491
1981 2491
1980 2491
1979 2491
1978 2491
1977 2491
1976 2492
1975 2492
1974 2492
1973 2493
1972 2494
1971 2494
1970 2494
1969 2495
1968 2495
1967 2495
1966 2495
1965 2495
1964 2495
1963 2495
1962 2496
1961 2496
1960 2496
1959 2497
1958 2497
1957 2497
1956 2497
1955 2497
1954 2497
1953 2497
1952 2498
1951 2498
1950 2498
1949 2499
1948 2499
1947 2499
1946 2499
1945 2499
1944 2499
1943 2499
1942 2499
1941 2499
1940 2499
1939 2499
1938 2500
1937 2500
1936 2500
1935 2500
1934 2501
1933 2501
1932 2501
1931 2501
1930 2501
1929 2501
1928 2502
1927 2502
1926 2502
1925 2503
1924 2503
1923 2503
1922 2503
1921 2503
1920 2503
1919 2503
1918 2503
1917 2503
1916 2504
1915 2504
1914 2504
1913 2504
1912 2505
1911 2505
1910 2505
1909 2505
1908 2505
1907 2505
1906 2506
1905 2506
1904 2506
1903 2506
1902 2507
1901 2507
1900 2507
1899 2507
1898 2507
1897 2507
1896 2507
1895 2507
1894 2507
1893 2507
1892 2507
1891 2507
1890 2507
1889 2507
1888 2507
1887 2507
1886 2508
1885 2508
1884 2508
1883 2509
1882 2510
1881 2510
1880 2510
1879 2511
1878 2511
1877 2511
1876 2511
1875 2510
1874 2510
1873 2510
1872 2510
1871 2510
1870 2511
1869 2512
1868 2513
1867 2514
1866 2514
1866 2515
1865 2516
1864 2517
1863 2518
1862 2519
1862 2520
1861 2521
1861 2522
1861 2523
1861 2524
1861 2525
1861 2526
1861 2527
1862 2528
1863 2528
1864 2528
1865 2528
1866 2529
1867 2529
1868 2529
1869 2530
1870 2530
1871 2530
1872 2530
1873 2531
1874 2531
1875 2531
1876 2531
1877 2532
1878 2532
1879 2532
1880 2532
1881 2532
1882 2533
1883 2533
1884 2533
1885 2534
1886 2534
1887 2535
1888 2535
1889 2535
1890 2535
1891 2536
1892 2536
1893 2536
1894 2537
1895 2537
1896 2537
1897 2538
1898 2538
1899 2538
1900 2539
1901 2539
1902 2539
1903 2540
1904 2540
1905 2541
1906 2541
1907 2541
1908 2541
1909 2542
1910 2543
1911 2543
1912 2543
1913 2544
1914 2545
1915 2545
1916 2545
1917 2546
1918 2547
1919 2547
1920 2547
1921 2548
1922 2549
1923 2549
1924 2549
1925 2550
1926 2550
1927 2550
1928 2551
1929 2551
1930 2551
1931 2552
1932 2552
1933 2552
1934 2552
1935 2553
1936 2553
1937 2553
1938 2554
1939 2554
1940 2555
1941 2555
1942 2555
1943 2556
1944 2556
1945 2556
1946 2557
1947 2557
1948 2557
1949 2558
1950 2558
1951 2558
1952 2559
1953 2559
1954 2559
1955 2560
1956 2560
1957 2560
1958 2561
1959 2561
1960 2561
1961 2562
1962 2562
1963 2563
1964 2563
1965 2563
1966 2563
1967 2564
1968 2564
1969 2564
1970 2564
1971 2564
1972 2564
1973 2565
1974 2565
1975 2565
1976 2566
1977 2566
1978 2567
1979 2567
1980 2567
1981 2568
1982 2569
1983 2569
1984 2569
1985 2570
1986 2570
1987 2570
1988 2570
1989 2570
1990 2570
1991 2571
1992 2571
1993 2571
1994 2571
1995 2572
1996 2572
1997 2572
1998 2572
1999 2572
2000 2572
2001 2573
2002 2573
2003 2573
2004 2573
2005 2574
2006 2575
2007 2575
2008 2575
2009 2576
2010 2576
2011 2576
2012 2577
2013 2577
2014 2577
2015 2578
2016 2578
2017 2578
2018 2578
2019 2578
2020 2578
2021 2578
2022 2579
2023 2579
2024 2579
2025 2580
2026 2581
2027 2581
2028 2581
2029 2582
2030 2582
2031 2582
2032 2583
2033 2583
2034 2583
2035 2584
2036 2584
2037 2584
2038 2584
2039 2584
2040 2585
2041 2585
2042 2585
2043 2586
2044 2586
2045 2586
2046 2586
2047 2586
2048 2586
2049 2586
2050 2586
2051 2586
2052 2586
2053 2586
2054 2586
2055 2586
2056 2586
2057 2586
2058 2586
2059 2586
2060 2586
2061 2586
2062 2586
2063 2586
2064 2586
2065 2586
2066 2586
2067 2586
2068 2586
2069 2586
2070 2586
2071 2586
2072 2586
2073 2586
2074 2586
2075 2587
2076 2587
2077 2587
2078 2588
2079 2588
2080 2589
2081 2589
2082 2589
2083 2590
2084 2590
2085 2590
2086 2590
2087 2590
2088 2590
2089 2591
2090 2591
2091 2591
2092 2591
2093 2592
2094 2592
2095 2593
2096 2593
2097 2593
2098 2593
2099 2594
2100 2594
2101 2594
2102 2594
2103 2594
2104 2594
2105 2594
2106 2594
2107 2594
2108 2594
2109 2594
2110 2594
2111 2594
2112 2594
2113 2594
2114 2594
2115 2593
2116 2593
2117 2593
2118 2593
2119 2592
2120 2592
2121 2592
2122 2592
2123 2592
2124 2592
2125 2592
2126 2592
2127 2592
2128 2592
2129 2591
2130 2591
2131 2591
2132 2591
2133 2590
2134 2590
2135 2589
2136 2589
2137 2589
2138 2589
2139 2588
2140 2588
2141 2587
2142 2587
2143 2587
2144 2587
2145 2586
2146 2586
2147 2586
2148 2586
2149 2586
2150 2586
2151 2586
2152 2586
2153 2585
2154 2585
2155 2585
2156 2585
2157 2584
2158 2584
2159 2584
2160 2584
2161 2584
2162 2584
2163 2584
2164 2584
2165 2584
2166 2584
2167 2584
2168 2584
2169 2584
2170 2584
2171 2583
2172 2583
2173 2583
2174 2582
2175 2581
2176 2580
2177 2579
2178 2578
2179 2577
2180 2576
2181 2575
2182 2575
2183 2574
2184 2573
2185 2573
2186 2572
2186 2571
2187 2570
2188 2569
2188 2568
2189 2567
2189 2566
2190 2565
2190 2564
2191 2563
2191 2562
2192 2561
2192 2560
2193 2559
2193 2558
2194 2557
2194 2556
2195 2555
2195 2554
2195 2553
2196 2552
2196 2551
2196 2550
2196 2549
2197 2548
2197 2547
2197 2546
2197 2545
2198 2544
2198 2543
2198 2542
2198 2541
2198 2540
2198 2539
2198 2538
2198 2537
2198 2536
2198 2535
2197 2534
2197 2533
2197 2532
2197 2531
2196 2530
2196 2529
2196 2528
2196 2527
2195 2526
2195 2525
2194 2524
2194 2523
2193 2522
2192 2522
2191 2521
2191 2520
2190 2520
2189 2519
2188 2518
2187 2517
2186 2516
2185 2515
2185 2514
2184 2513
2183 2512
2183 2511
2182 2510
2181 2509
2180 2508
2179 2507
2178 2506
2177 2505
2177 2504
2176 2503
2175 2502
2174 2501
2174 2500
2173 2499
2172 2498
2172 2497
2171 2496
2170 2496
2169 2495
2169 2494
2168 2493
2167 2492
2166 2491
2166 2490
2166 2489
2165 2488
2165 2487
2164 2486
2163 2485
2162 2484
2161 2483
2160 2482
2159 2481
2158 2480
2157 2479
2156 2478
2155 2477
2154 2476
2153 2476
2152 2475
2151 2474
2150 2474
2149 2474
2148 2473
2147 2473
2146 2473
2145 2473
2144 2472
2143 2472
2142 2472
2141 2472
2140 2471
2139 2470
2138 2470
2137 2470
2136 2469
2135 2468
2134 2468
2133 2467
2132 2466
2131 2465
2130 2464
2130 2463
2129 2462
2128 2461
2127 2461
2126 2460
2125 2459
2124 2459
2123 2459
2122 2458
2121 2458
2120 2458
2119 2457
2118 2457
