1141 2751
1140 2752
1139 2752
1138 2752
1137 2752
1136 2753
1135 2753
1134 2753
1133 2753
1132 2753
1131 2753
1130 2753
1129 2753
1128 2753
1127 2753
1126 2753
1125 2753
1124 2753
1123 2753
1122 2753
1121 2753
1120 2753
1119 2753
1118 2753
1117 2753
1116 2753
1115 2753
1114 2753
1113 2753
1112 2753
1111 2753
1110 2753
1109 2753
1108 2753
1107 2753
1106 2753
1105 2753
1104 2753
1103 2753
1102 2753
1101 2753
1100 2753
1099 2753
1098 2753
1097 2753
1096 2753
1095 2753
1094 2753
1093 2753
1092 2753
1091 2753
1090 2753
1089 2753
1088 2753
1087 2753
1086 2753
1085 2753
1084 2753
1083 2753
1082 2753
1081 2753
1080 2754
1079 2754
1078 2754
1077 2754
1076 2755
1075 2755
1074 2755
1073 2755
1072 2756
1071 2756
1070 2756
1069 2756
1068 2757
1067 2757
1066 2757
1065 2757
1064 2757
1063 2757
1062 2757
1061 2757
1060 2757
1059 2757
1058 2757
1057 2757
1056 2758
1055 2758
1054 2758
1053 2758
1052 2759
1051 2759
1050 2759
1049 2759
1048 2760
1047 2760
1046 2760
1045 2760
1044 2761
1043 2761
1042 2762
1041 2762
1040 2763
1039 2764
1038 2764
1037 2765
1036 2766
1035 2766
1034 2767
1033 2767
1032 2767
1031 2767
1030 2767
1029 2767
1028 2768
1027 2768
1026 2768
1025 2768
1024 2769
1023 2769
1022 2770
1021 2770
1020 2771
1019 2771
1018 2772
1017 2772
1016 2773
1015 2774
1014 2775
1013 2776
1012 2776
1012 2777
1011 2778
1010 2778
1010 2779
1009 2780
1008 2780
1007 2781
1006 2782
1005 2782
1004 2783
1003 2784
1002 2784
1001 2784
1000 2785
999 2785
998 2785
997 2785
996 2786
995 2786
994 2787
993 2788
992 2788
992 2789
991 2790
990 2791
989 2792
988 2793
988 2794
987 2795
987 2796
986 2797
986 2798
985 2799
985 2800
985 2801
985 2802
985 2803
985 2804
985 2805
985 2806
985 2807
985 2808
985 2809
985 2810
986 2811
986 2812
987 2813
987 2814
988 2815
988 2816
989 2817
990 2818
990 2819
990 2820
991 2821
991 2822
991 2823
991 2824
991 2825
991 2826
991 2827
991 2828
991 2829
991 2830
992 2831
992 2832
992 2833
992 2834
993 2835
994 2836
994 2837
994 2838
995 2839
995 2840
996 2841
996 2842
996 2843
996 2844
997 2845
998 2846
998 2847
998 2848
999 2849
999 2850
1000 2851
1000 2852
1001 2853
1001 2854
1002 2855
1002 2856
1003 2857
1003 2858
1003 2859
1003 2860
1004 2861
1004 2862
1004 2863
1004 2864
1005 2865
1006 2866
1006 2867
1006 2868
1007 2869
1007 2870
1008 2871
1008 2872
1008 2873
1008 2874
1009 2875
1009 2876
1010 2877
1010 2878
1010 2879
1010 2880
1011 2881
1012 2882
1012 2883
1012 2884
1013 2885
1014 2886
1015 2887
1016 2887
1017 2888
1018 2888
1019 2888
1020 2888
1021 2888
1022 2888
1023 2888
1024 2888
1025 2888
1026 2888
1027 2888
1028 2888
1029 2888
1030 2888
1031 2888
1032 2888
1033 2887
1034 2887
1035 2887
1036 2887
1037 2886
1038 2885
1039 2884
1040 2884
1041 2883
1042 2883
1043 2882
1044 2881
1045 2881
1046 2881
1047 2881
1048 2881
1049 2881
1050 2882
1051 2883
1052 2883
1053 2884
1054 2885
1055 2885
1056 2886
1057 2887
1058 2887
1059 2888
1060 2888
1061 2888
1062 2888
1063 2888
1064 2888
1065 2889
1066 2889
1067 2890
1068 2890
1069 2891
1070 2892
1071 2893
1072 2893
1073 2893
1074 2893
1075 2894
1076 2894
1077 2894
1078 2894
1079 2894
1080 2894
1081 2895
1082 2895
1083 2895
1084 2895
1085 2896
1086 2896
1087 2896
1088 2896
1089 2896
1090 2896
1091 2897
1092 2897
1093 2897
1094 2897
1095 2898
1096 2898
1097 2898
1098 2898
1099 2899
1100 2899
1101 2899
1102 2899
1103 2900
1104 2900
1105 2900
1106 2900
1107 2900
1108 2900
1109 2900
1110 2900
1111 2900
1112 2900
1113 2900
1114 2900
1115 2900
1116 2900
1117 2900
1118 2900
1119 2900
1120 2900
1121 2900
1122 2900
1123 2900
1124 2900
1125 2900
1126 2900
1127 2900
1128 2900
1129 2900
1130 2900
1131 2900
1132 2900
1133 2900
1134 2900
1135 2900
1136 2900
1137 2900
1138 2900
1139 2900
1140 2900
1141 2900
1142 2900
1143 2900
1144 2900
1145 2900
1146 2900
1147 2900
1148 2900
1149 2900
1150 2900
1151 2900
1152 2900
1153 2900
1154 2900
1155 2900
1156 2900
1157 2901
1158 2901
1159 2901
1160 2901
1161 2902
1162 2902
1163 2902
1164 2902
1165 2902
1166 2902
1167 2902
1168 2902
1169 2901
1170 2901
1171 2901
1172 2901
1173 2900
1174 2900
1175 2900
1176 2900
1177 2900
1178 2900
1179 2900
1180 2900
1181 2899
1182 2899
1183 2899
1184 2899
1185 2898
1186 2897
1187 2897
1188 2897
1189 2896
1190 2896
1191 2896
1192 2896
1193 2896
1194 2896
1195 2896
1196 2896
1197 2896
1198 2896
1199 2895
1200 2895
1201 2894
1202 2893
1203 2893
1203 2892
1204 2891
1205 2891
1205 2890
1206 2889
1207 2889
1208 2888
1209 2887
1210 2887
1211 2886
1212 2886
1213 2885
1214 2885
1215 2884
1216 2884
1217 2883
1218 2883
1219 2882
1220 2882
1221 2882
1222 2882
1223 2882
1224 2882
1225 2882
1226 2882
1227 2881
1228 2881
1229 2880
1230 2879
1231 2879
1232 2878
1233 2877
1234 2877
1235 2876
1236 2875
1237 2875
1238 2875
1239 2874
1240 2873
1241 2872
1242 2871
1243 2870
1244 2869
1245 2868
1245 2867
1245 2866
1245 2865
1246 2864
1246 2863
1247 2862
1247 2861
1247 2860
1247 2859
1248 2858
1248 2857
1248 2856
1248 2855
1248 2854
1248 2853
1248 2852
1248 2851
1248 2850
1248 2849
1248 2848
1248 2847
1249 2846
1249 2845
1249 2844
1249 2843
1250 2842
1250 2841
1250 2840
1250 2839
1250 2838
1250 2837
1250 2836
1250 2835
1250 2834
1250 2833
1250 2832
1250 2831
1250 2830
1250 2829
1250 2828
1250 2827
1250 2826
1250 2825
1249 2824
1249 2823
1248 2822
1247 2821
1247 2820
1246 2819
1245 2818
1245 2817
1244 2816
1243 2815
1243 2814
1243 2813
1242 2812
1242 2811
1241 2810
1241 2809
1240 2808
1239 2807
1239 2806
1238 2805
1237 2804
1237 2803
1236 2802
1235 2801
1235 2800
1235 2799
1234 2798
1234 2797
1234 2796
1234 2795
1233 2794
1233 2793
1233 2792
1233 2791
1232 2790
1231 2789
1230 2788
1229 2787
1229 2786
1228 2786
1227 2785
1227 2784
1226 2784
1225 2783
1225 2782
1224 2782
1223 2781
1223 2780
1222 2780
1221 2779
1221 2778
1220 2778
1219 2777
1219 2776
1218 2776
1217 2775
1217 2774
1216 2774
1215 2773
1214 2772
1213 2772
1212 2771
1211 2771
1210 2771
1209 2771
1208 2770
1207 2770
1206 2770
1205 2769
1204 2768
1203 2768
1202 2768
1201 2768
1200 2767
1199 2767
1198 2767
1197 2767
1196 2767
1195 2767
1194 2766
1193 2766
1192 2765
1191 2764
1190 2764
1189 2763
1189 2762
1188 2762
1187 2761
1186 2760
1185 2760
1184 2759
1183 2759
1182 2759
1181 2759
1180 2759
1179 2759
1178 2758
1177 2758
1176 2757
1175 2757
1174 2756
1173 2756
1172 2755
1171 2755
1170 2755
1169 2755
1168 2754
1167 2754
1166 2754
1165 2754
1164 2753
1163 2753
1162 2753
1161 2753
1160 2753
1159 2753
1158 2753
1157 2753
1156 2753
1155 2753
1154 2753
1153 2753
1152 2753
1151 2753
1150 2752
1149 2752
1148 2752
1147 2752
1146 2751
1145 2751
1144 2751
1143 2751
1142 2751
1141 2751
