722 2486
721 2487
720 2487
719 2488
718 2487
717 2488
716 2488
715 2489
714 2489
713 2489
712 2489
711 2489
710 2489
709 2489
708 2489
707 2489
706 2489
705 2489
704 2489
703 2489
702 2489
701 2489
700 2489
699 2489
698 2489
697 2488
696 2488
695 2488
694 2488
693 2488
692 2488
691 2488
690 2488
689 2488
688 2488
687 2488
686 2488
685 2488
684 2488
683 2488
682 2488
681 2488
680 2488
679 2488
678 2488
677 2488
676 2487
675 2487
674 2487
673 2487
672 2487
671 2487
670 2487
669 2487
668 2487
667 2487
666 2487
665 2488
664 2488
663 2489
662 2489
661 2490
660 2490
659 2491
658 2492
657 2493
656 2494
655 2493
654 2494
653 2495
652 2495
651 2495
650 2496
649 2497
648 2498
647 2498
646 2499
645 2499
644 2500
643 2500
642 2500
641 2500
640 2500
639 2500
638 2501
637 2501
636 2502
635 2502
634 2503
633 2502
632 2503
631 2503
630 2503
629 2503
628 2503
627 2503
626 2504
625 2504
624 2504
623 2504
622 2505
621 2505
620 2505
619 2505
618 2505
617 2505
616 2506
615 2506
614 2506
613 2506
612 2506
611 2506
610 2507
609 2507
608 2507
607 2507
606 2508
605 2508
604 2508
603 2508
602 2508
601 2508
600 2508
599 2508
598 2509
597 2509
596 2509
595 2509
594 2510
593 2510
592 2510
591 2509
590 2509
589 2509
588 2509
587 2509
586 2509
585 2509
584 2509
583 2509
582 2509
581 2509
580 2509
579 2509
578 2509
577 2509
576 2509
575 2509
574 2509
573 2509
572 2509
571 2509
570 2508
569 2508
568 2508
567 2508
566 2508
565 2508
564 2508
563 2508
562 2508
561 2508
560 2509
559 2509
558 2509
557 2509
556 2510
555 2510
554 2510
553 2510
552 2510
551 2510
550 2510
549 2509
548 2509
547 2509
546 2509
545 2509
544 2509
543 2509
542 2510
541 2510
540 2510
539 2510
538 2511
537 2511
536 2511
535 2511
534 2511
533 2511
532 2511
531 2511
530 2512
529 2512
528 2511
527 2511
526 2512
525 2512
524 2512
523 2512
522 2513
521 2513
520 2513
519 2513
518 2513
517 2514
516 2514
515 2515
514 2515
513 2515
512 2515
511 2516
510 2516
509 2516
508 2516
507 2516
506 2515
505 2515
504 2515
503 2515
502 2515
501 2516
500 2516
499 2516
498 2516
497 2517
496 2517
495 2518
494 2518
493 2518
492 2518
491 2519
490 2519
489 2520
488 2520
487 2520
486 2520
485 2520
484 2520
483 2520
482 2520
481 2520
480 2520
479 2520
478 2520
477 2520
476 2520
475 2520
474 2520
473 2521
472 2521
471 2521
470 2521
469 2522
468 2523
467 2523
466 2523
465 2524
464 2524
463 2525
462 2526
461 2527
461 2528
460 2529
460 2530
460 2531
460 2532
459 2533
459 2534
459 2535
459 2536
459 2537
459 2538
459 2539
459 2540
458 2541
458 2542
457 2543
456 2544
456 2545
455 2546
454 2547
454 2548
453 2549
453 2550
453 2551
453 2552
454 2553
453 2554
454 2555
455 2556
455 2557
456 2557
457 2558
457 2559
458 2559
459 2560
459 2561
460 2561
461 2562
461 2563
462 2564
463 2565
463 2566
464 2567
464 2568
464 2569
464 2570
464 2571
464 2572
464 2573
465 2574
464 2575
465 2576
466 2576
467 2576
468 2576
469 2576
470 2576
471 2575
472 2575
473 2575
474 2574
475 2574
476 2574
477 2574
478 2573
479 2573
480 2573
481 2573
482 2574
483 2574
484 2574
485 2575
485 2576
486 2576
487 2576
488 2576
489 2577
490 2577
491 2577
492 2577
493 2578
494 2578
495 2578
496 2578
497 2578
498 2578
499 2578
500 2578
501 2579
502 2579
503 2579
504 2579
505 2580
505 2581
506 2581
507 2581
508 2581
509 2581
510 2581
511 2581
512 2581
513 2582
514 2582
515 2582
516 2582
517 2583
518 2583
519 2583
520 2583
521 2583
522 2583
523 2583
524 2583
525 2583
526 2584
527 2585
528 2585
529 2585
530 2585
531 2586
532 2586
533 2587
534 2587
535 2587
536 2587
537 2588
538 2588
539 2588
540 2588
541 2588
542 2588
543 2589
544 2589
545 2589
546 2589
547 2590
548 2591
549 2591
550 2591
551 2591
552 2591
553 2592
554 2592
555 2592
556 2592
557 2593
558 2593
559 2593
560 2593
561 2593
562 2593
563 2593
564 2593
565 2594
566 2594
567 2594
568 2594
569 2595
569 2596
570 2596
571 2596
572 2596
573 2596
574 2596
575 2596
576 2596
577 2596
578 2596
579 2596
580 2596
581 2596
582 2596
583 2596
584 2596
585 2596
586 2596
587 2596
588 2596
589 2596
590 2597
591 2597
592 2597
593 2597
594 2597
595 2597
596 2597
597 2597
598 2597
599 2597
600 2597
601 2597
602 2597
603 2597
604 2597
605 2597
606 2597
607 2597
608 2597
609 2597
610 2597
611 2598
612 2598
613 2598
614 2598
615 2598
616 2598
617 2598
618 2598
619 2598
620 2598
621 2598
622 2598
623 2598
624 2598
625 2598
626 2598
627 2598
628 2598
629 2598
630 2598
631 2597
632 2598
633 2598
634 2598
635 2597
636 2597
637 2597
638 2597
639 2597
640 2597
641 2597
642 2597
643 2597
644 2597
645 2597
646 2597
647 2597
648 2597
649 2597
650 2597
651 2597
652 2597
653 2597
654 2598
655 2598
656 2598
657 2598
658 2598
659 2598
660 2598
661 2598
662 2598
663 2598
664 2598
665 2598
666 2598
667 2597
668 2597
669 2597
670 2597
671 2596
672 2596
673 2596
674 2596
675 2597
676 2597
677 2597
678 2597
679 2596
680 2596
681 2596
682 2596
683 2595
684 2595
685 2595
686 2595
687 2595
688 2595
689 2595
690 2595
691 2594
692 2594
693 2594
694 2594
695 2593
696 2594
697 2593
698 2593
699 2593
700 2593
701 2592
702 2592
703 2592
704 2592
705 2592
706 2592
707 2592
708 2592
709 2592
710 2592
711 2592
712 2592
713 2592
714 2592
715 2592
716 2592
717 2593
718 2593
719 2592
720 2592
721 2592
722 2592
723 2591
724 2591
725 2591
726 2591
727 2591
728 2591
729 2591
730 2591
731 2591
732 2591
733 2591
734 2591
735 2590
736 2590
737 2590
738 2591
739 2590
740 2589
741 2589
742 2589
743 2588
744 2588
745 2588
746 2588
747 2588
748 2588
749 2588
750 2588
751 2587
752 2587
753 2587
754 2587
755 2586
756 2586
757 2585
758 2585
759 2586
760 2586
761 2585
762 2585
763 2585
764 2585
765 2584
766 2584
767 2584
768 2584
769 2583
770 2583
771 2583
772 2583
773 2582
774 2582
775 2582
776 2582
777 2582
778 2581
779 2581
780 2581
781 2582
782 2581
783 2581
784 2581
785 2581
786 2580
787 2579
788 2578
789 2577
790 2577
790 2576
791 2575
792 2575
792 2574
793 2573
794 2573
794 2572
795 2571
796 2571
796 2570
797 2569
798 2569
798 2568
799 2567
800 2567
801 2566
802 2566
803 2566
804 2565
805 2564
806 2563
807 2562
808 2562
809 2561
810 2560
811 2559
812 2558
813 2557
813 2556
814 2555
814 2554
815 2553
815 2552
816 2551
816 2550
817 2549
817 2548
817 2547
817 2546
818 2545
818 2544
818 2543
818 2542
818 2541
819 2540
819 2539
819 2538
819 2537
819 2536
819 2535
819 2534
818 2533
818 2532
818 2531
818 2530
817 2529
817 2528
816 2527
816 2526
815 2525
814 2524
813 2523
812 2523
811 2522
810 2522
809 2521
808 2521
807 2520
806 2519
805 2518
804 2517
803 2517
802 2516
802 2515
801 2515
800 2514
799 2513
798 2512
797 2512
796 2512
795 2512
794 2511
793 2511
792 2510
791 2510
790 2510
789 2509
788 2508
787 2508
786 2508
785 2507
784 2506
783 2506
782 2506
781 2505
780 2504
779 2504
778 2503
777 2503
776 2502
775 2501
774 2501
773 2500
772 2499
771 2499
770 2498
769 2498
768 2498
767 2497
766 2497
765 2497
764 2496
763 2495
762 2495
761 2494
760 2494
759 2493
758 2493
757 2493
756 2493
755 2492
754 2492
753 2491
752 2490
751 2490
750 2489
749 2488
748 2488
747 2487
746 2487
745 2487
744 2487
743 2487
742 2487
741 2487
740 2487
739 2486
738 2486
737 2486
736 2486
735 2486
734 2486
733 2486
732 2486
731 2486
730 2486
729 2486
728 2486
727 2486
726 2486
725 2486
724 2486
723 2486
722 2486
