1047 1543
1046 1544
1045 1544
1044 1544
1043 1544
1042 1545
1041 1545
1040 1545
1039 1545
1038 1545
1037 1545
1036 1545
1035 1545
1034 1545
1033 1545
1032 1545
1031 1545
1030 1545
1029 1545
1028 1545
1027 1545
1026 1545
1025 1545
1024 1545
1023 1545
1022 1545
1021 1545
1020 1545
1019 1545
1018 1545
1017 1545
1016 1545
1015 1545
1014 1545
1013 1545
1012 1545
1011 1545
1010 1545
1009 1545
1008 1545
1007 1545
1006 1545
1005 1545
1004 1545
1003 1545
1002 1545
1001 1545
1000 1545
999 1545
998 1545
997 1545
996 1545
995 1545
994 1545
993 1545
992 1545
991 1545
990 1545
989 1545
988 1545
987 1545
986 1545
985 1545
984 1545
983 1545
982 1545
981 1545
980 1545
979 1545
978 1545
977 1545
976 1545
975 1545
974 1546
973 1546
972 1546
971 1546
970 1547
969 1547
968 1547
967 1547
966 1547
965 1547
964 1547
963 1547
962 1548
961 1548
960 1548
959 1548
958 1549
957 1550
956 1550
955 1550
954 1551
953 1551
952 1551
951 1551
950 1552
949 1552
948 1552
947 1552
946 1553
945 1554
944 1554
943 1554
942 1555
941 1556
940 1556
939 1556
938 1557
937 1558
936 1558
935 1558
934 1559
933 1560
932 1560
931 1560
930 1561
929 1561
928 1562
927 1562
926 1562
925 1562
924 1563
923 1564
922 1564
921 1564
920 1565
919 1565
918 1566
917 1566
916 1567
915 1567
914 1568
913 1568
912 1569
911 1570
910 1570
909 1570
908 1571
907 1571
906 1572
905 1572
904 1572
903 1572
902 1573
901 1574
900 1574
899 1574
898 1575
897 1576
896 1576
895 1576
894 1577
893 1577
892 1578
891 1578
890 1578
889 1578
888 1579
887 1579
886 1580
885 1580
884 1580
883 1580
882 1581
881 1581
880 1582
879 1582
878 1582
877 1582
876 1583
875 1583
874 1583
873 1583
872 1583
871 1583
870 1583
869 1583
868 1584
867 1584
866 1584
865 1584
864 1585
863 1585
862 1585
861 1585
860 1586
859 1586
858 1586
857 1586
856 1587
855 1588
854 1588
853 1588
852 1589
851 1590
850 1590
849 1590
848 1590
847 1590
846 1590
845 1590
844 1589
843 1589
842 1589
841 1589
840 1589
839 1589
838 1589
837 1589
836 1590
835 1590
834 1591
833 1592
832 1592
831 1593
830 1594
829 1594
828 1595
827 1596
826 1596
825 1596
824 1597
823 1597
822 1597
821 1597
820 1597
819 1597
818 1597
817 1597
816 1597
815 1597
814 1598
813 1598
812 1598
811 1598
810 1599
809 1599
808 1599
807 1599
806 1600
805 1600
804 1600
803 1600
802 1601
801 1602
800 1603
799 1603
798 1604
797 1604
796 1605
795 1605
794 1606
793 1606
792 1607
791 1607
790 1608
789 1608
788 1609
787 1610
786 1611
785 1612
784 1612
784 1613
783 1614
782 1614
782 1615
781 1616
780 1616
780 1617
779 1618
778 1619
778 1620
777 1621
777 1622
777 1623
777 1624
777 1625
777 1626
777 1627
777 1628
778 1629
778 1630
779 1631
779 1632
780 1633
780 1634
781 1635
782 1636
782 1637
782 1638
783 1639
784 1640
784 1641
784 1642
785 1643
785 1644
786 1645
786 1646
786 1647
786 1648
787 1649
788 1650
788 1651
788 1652
789 1653
789 1654
790 1655
790 1656
791 1657
792 1658
792 1659
793 1659
794 1660
795 1661
796 1662
797 1663
798 1663
799 1663
800 1664
801 1665
802 1665
803 1666
804 1667
805 1667
806 1668
807 1669
808 1669
809 1670
810 1670
811 1670
812 1670
813 1670
814 1670
815 1670
816 1670
817 1671
818 1671
819 1671
820 1671
821 1672
822 1672
823 1672
824 1672
825 1672
826 1672
827 1672
828 1672
829 1673
830 1673
831 1673
832 1673
833 1674
834 1674
835 1674
836 1674
837 1674
838 1674
839 1674
840 1674
841 1675
842 1675
843 1675
844 1675
845 1676
846 1676
847 1676
848 1676
849 1676
850 1676
851 1676
852 1676
853 1676
854 1676
855 1676
856 1676
857 1676
858 1676
859 1676
860 1676
861 1676
862 1676
863 1677
864 1677
865 1677
866 1677
867 1678
868 1678
869 1678
870 1678
871 1678
872 1678
873 1678
874 1678
875 1678
876 1678
877 1679
878 1679
879 1679
880 1679
881 1680
882 1680
883 1680
884 1680
885 1680
886 1680
887 1680
888 1680
889 1681
890 1681
891 1681
892 1682
893 1683
894 1683
895 1683
896 1684
897 1685
898 1685
899 1686
900 1686
901 1687
902 1687
903 1688
904 1688
905 1688
906 1688
907 1688
908 1688
909 1688
910 1688
911 1689
912 1689
913 1689
914 1689
915 1690
916 1690
917 1690
918 1690
919 1690
920 1690
921 1691
922 1691
923 1691
924 1691
925 1692
926 1692
927 1693
928 1693
929 1693
930 1693
931 1694
932 1694
933 1695
934 1695
935 1695
936 1696
937 1697
938 1697
939 1697
940 1698
941 1699
942 1699
943 1699
944 1700
945 1701
946 1701
947 1701
948 1701
949 1702
950 1702
951 1703
952 1703
953 1703
954 1704
955 1705
956 1705
957 1705
958 1705
959 1706
960 1706
961 1706
962 1706
963 1707
964 1707
965 1708
966 1709
967 1709
968 1710
968 1711
969 1711
970 1712
971 1713
972 1714
973 1715
974 1715
975 1715
976 1716
977 1717
978 1717
979 1717
980 1717
981 1718
982 1718
983 1719
984 1719
985 1719
986 1720
987 1721
988 1721
989 1721
990 1722
991 1723
992 1723
993 1723
994 1724
995 1725
996 1725
997 1725
998 1726
999 1727
1000 1727
1001 1728
1002 1728
1003 1729
1004 1730
1005 1731
1006 1731
1007 1731
1008 1732
1009 1733
1010 1733
1011 1733
1012 1734
1013 1735
1014 1735
1015 1736
1016 1736
1017 1737
1018 1737
1019 1738
1020 1738
1021 1738
1022 1738
1023 1739
1024 1739
1025 1739
1026 1739
1027 1740
1028 1740
1029 1741
1030 1741
1031 1741
1032 1741
1033 1742
1034 1742
1035 1742
1036 1742
1037 1742
1038 1742
1039 1742
1040 1742
1041 1742
1042 1742
1043 1743
1044 1743
1045 1744
1046 1744
1047 1745
1048 1745
1049 1746
1050 1746
1051 1747
1052 1747
1053 1747
1054 1747
1055 1748
1056 1748
1057 1748
1058 1748
1059 1748
1060 1748
1061 1748
1062 1748
1063 1749
1064 1749
1065 1749
1066 1749
1067 1750
1068 1750
1069 1750
1070 1750
1071 1750
1072 1750
1073 1750
1074 1750
1075 1750
1076 1750
1077 1750
1078 1750
1079 1750
1080 1750
1081 1750
1082 1750
1083 1750
1084 1750
1085 1750
1086 1750
1087 1750
1088 1750
1089 1750
1090 1750
1091 1750
1092 1750
1093 1750
1094 1750
1095 1750
1096 1750
1097 1750
1098 1750
1099 1750
1100 1750
1101 1750
1102 1750
1103 1750
1104 1750
1105 1750
1106 1750
1107 1750
1108 1750
1109 1750
1110 1750
1111 1749
1112 1749
1113 1749
1114 1749
1115 1748
1116 1748
1117 1748
1118 1748
1119 1747
1120 1747
1121 1747
1122 1747
1123 1746
1124 1746
1125 1746
1126 1746
1127 1746
1128 1746
1129 1746
1130 1746
1131 1746
1132 1746
1133 1746
1134 1746
1135 1746
1136 1746
1137 1746
1138 1746
1139 1746
1140 1746
1141 1746
1142 1746
1143 1746
1144 1746
1145 1746
1146 1746
1147 1746
1148 1746
1149 1746
1150 1746
1151 1746
1152 1746
1153 1746
1154 1746
1155 1746
1156 1746
1157 1746
1158 1746
1159 1746
1160 1746
1161 1746
1162 1746
1163 1746
1164 1746
1165 1746
1166 1746
1167 1746
1168 1746
1169 1746
1170 1746
1171 1746
1172 1746
1173 1746
1174 1746
1175 1746
1176 1746
1177 1746
1178 1746
1179 1746
1180 1746
1181 1746
1182 1746
1183 1746
1184 1746
1185 1745
1186 1745
1187 1745
1188 1745
1189 1744
1190 1743
1191 1743
1192 1743
1193 1742
1194 1742
1195 1742
1196 1742
1197 1742
1198 1742
1199 1742
1200 1742
1201 1742
1202 1742
1203 1742
1204 1742
1205 1742
1206 1742
1207 1742
1208 1742
1209 1742
1210 1742
1211 1742
1212 1742
1213 1742
1214 1742
1215 1742
1216 1742
1217 1742
1218 1742
1219 1742
1220 1742
1221 1742
1222 1742
1223 1742
1224 1742
1225 1742
1226 1742
1227 1742
1228 1742
1229 1742
1230 1742
1231 1742
1232 1742
1233 1742
1234 1742
1235 1742
1236 1742
1237 1742
1238 1742
1239 1742
1240 1742
1241 1742
1242 1742
1243 1742
1244 1742
1245 1742
1246 1742
1247 1742
1248 1742
1249 1741
1250 1741
1251 1741
1252 1741
1253 1740
1254 1740
1255 1739
1256 1739
1257 1739
1258 1739
1259 1738
1260 1738
1261 1738
1262 1738
1263 1738
1264 1738
1265 1738
1266 1738
1267 1738
1268 1738
1269 1737
1270 1737
1271 1737
1272 1737
1273 1736
1274 1736
1275 1736
1276 1736
1277 1736
1278 1736
1279 1736
1280 1736
1281 1735
1282 1735
1283 1734
1284 1734
1285 1733
1286 1733
1287 1732
1288 1732
1289 1732
1290 1732
1291 1732
1292 1732
1293 1732
1294 1732
1295 1731
1296 1731
1297 1731
1298 1731
1299 1730
1300 1729
1301 1729
1302 1729
1303 1728
1304 1728
1305 1727
1306 1727
1307 1727
1308 1727
1309 1726
1310 1726
1311 1725
1312 1725
1313 1725
1314 1725
1315 1724
1316 1723
1317 1722
1318 1722
1319 1721
1320 1721
1321 1720
1322 1719
1323 1719
1324 1719
1325 1718
1326 1717
1327 1717
1328 1717
1329 1716
1330 1716
1331 1715
1332 1715
1333 1715
1334 1715
1335 1714
1336 1713
1337 1713
1338 1713
1339 1712
1340 1711
1341 1711
1342 1711
1343 1710
1344 1709
1345 1708
1346 1707
1347 1707
1347 1706
1348 1705
1349 1705
1349 1704
1350 1703
1351 1703
1351 1702
1352 1701
1353 1701
1353 1700
1354 1699
1355 1699
1355 1698
1356 1697
1357 1697
1357 1696
1358 1695
1359 1695
1360 1694
1361 1693
1362 1693
1363 1692
1364 1691
1365 1690
1366 1689
1367 1689
1367 1688
1368 1687
1369 1686
1370 1685
1371 1684
1371 1683
1372 1682
1373 1681
1373 1680
1374 1679
1375 1679
1375 1678
1376 1677
1377 1677
1377 1676
1378 1675
1379 1675
1379 1674
1380 1673
1381 1672
1381 1671
1382 1670
1382 1669
1382 1668
1382 1667
1382 1666
1382 1665
1382 1664
1382 1663
1382 1662
1382 1661
1382 1660
1382 1659
1382 1658
1382 1657
1382 1656
1382 1655
1382 1654
1382 1653
1382 1652
1382 1651
1382 1650
1382 1649
1381 1648
1381 1647
1380 1646
1379 1645
1379 1644
1378 1644
1377 1643
1377 1642
1376 1642
1375 1641
1374 1640
1373 1639
1372 1638
1371 1638
1370 1637
1369 1636
1368 1636
1367 1635
1366 1634
1365 1633
1364 1632
1363 1632
1362 1631
1361 1630
1360 1630
1359 1629
1359 1628
1358 1628
1357 1627
1357 1626
1356 1626
1355 1625
1355 1624
1354 1624
1353 1623
1353 1622
1352 1622
1351 1621
1351 1620
1350 1620
1349 1619
1348 1618
1347 1617
1346 1616
1345 1616
1344 1615
1343 1614
1342 1614
1341 1613
1341 1612
1340 1612
1339 1611
1339 1610
1338 1610
1337 1609
1336 1608
1335 1607
1334 1606
1333 1606
1332 1606
1331 1606
1330 1605
1329 1605
1328 1604
1327 1604
1326 1604
1325 1603
1324 1602
1323 1602
1322 1602
1321 1601
1320 1600
1319 1600
1318 1600
1317 1599
1316 1598
1315 1598
1314 1598
1313 1598
1312 1597
1311 1597
1310 1596
1309 1596
1308 1596
1307 1596
1306 1595
1305 1595
1304 1594
1303 1594
1302 1594
1301 1594
1300 1593
1299 1593
1298 1592
1297 1592
1296 1592
1295 1591
1294 1590
1293 1590
1292 1590
1291 1590
1290 1589
1289 1589
1288 1589
1287 1589
1286 1589
1285 1589
1284 1588
1283 1588
1282 1588
1281 1587
1280 1586
1279 1586
1278 1586
1277 1586
1276 1585
1275 1585
1274 1584
1273 1584
1272 1584
1271 1584
1270 1583
1269 1583
1268 1583
1267 1583
1266 1583
1265 1583
1264 1582
1263 1582
1262 1582
1261 1582
1260 1581
1259 1581
1258 1581
1257 1581
1256 1580
1255 1580
1254 1580
1253 1580
1252 1579
1251 1579
1250 1578
1249 1578
1248 1578
1247 1578
1246 1577
1245 1577
1244 1577
1243 1577
1242 1577
1241 1577
1240 1577
1239 1577
1238 1577
1237 1577
1236 1576
1235 1576
1234 1576
1233 1576
1232 1575
1231 1575
1230 1575
1229 1575
1228 1575
1227 1575
1226 1575
1225 1575
1224 1575
1223 1575
1222 1574
1221 1574
1220 1574
1219 1574
1218 1573
1217 1573
1216 1573
1215 1573
1214 1573
1213 1573
1212 1573
1211 1573
1210 1573
1209 1573
1208 1573
1207 1573
1206 1573
1205 1573
1204 1573
1203 1573
1202 1572
1201 1572
1200 1572
1199 1572
1198 1571
1197 1571
1196 1571
1195 1571
1194 1571
1193 1571
1192 1571
1191 1571
1190 1571
1189 1571
1188 1571
1187 1571
1186 1571
1185 1571
1184 1571
1183 1571
1182 1571
1181 1571
1180 1571
1179 1571
1178 1571
1177 1571
1176 1571
1175 1571
1174 1571
1173 1571
1172 1571
1171 1571
1170 1571
1169 1571
1168 1571
1167 1571
1166 1572
1165 1572
1164 1572
1163 1572
1162 1573
1161 1573
1160 1573
1159 1573
1158 1573
1157 1573
1156 1573
1155 1573
1154 1573
1153 1573
1152 1573
1151 1573
1150 1573
1149 1573
1148 1573
1147 1573
1146 1573
1145 1573
1144 1573
1143 1573
1142 1573
1141 1573
1140 1573
1139 1573
1138 1573
1137 1573
1136 1573
1135 1573
1134 1573
1133 1573
1132 1573
1131 1573
1130 1573
1129 1573
1128 1573
1127 1573
1126 1573
1125 1573
1124 1573
1123 1573
1122 1573
1121 1573
1120 1572
1119 1572
1118 1572
1117 1572
1116 1571
1115 1571
1114 1570
1113 1570
1112 1570
1111 1569
1110 1568
1109 1568
1108 1568
1107 1567
1106 1566
1105 1566
1104 1565
1103 1565
1102 1564
1101 1563
1100 1562
1099 1562
1098 1561
1097 1561
1096 1560
1095 1559
1094 1558
1093 1558
1092 1557
1091 1556
1090 1556
1089 1555
1089 1554
1088 1553
1087 1552
1087 1551
1086 1550
1085 1549
1084 1548
1083 1548
1082 1547
1081 1547
1080 1547
1079 1547
1078 1546
1077 1546
1076 1545
1075 1545
1074 1544
1073 1544
1072 1543
1071 1543
1070 1543
1069 1543
1068 1543
1067 1543
1066 1543
1065 1543
1064 1543
1063 1543
1062 1543
1061 1543
1060 1543
1059 1543
1058 1543
1057 1543
1056 1543
1055 1543
1054 1543
1053 1543
1052 1543
1051 1543
1050 1543
1049 1543
1048 1543
1047 1543
