1293 1401
1292 1402
1291 1402
1290 1402
1289 1402
1288 1403
1287 1403
1286 1403
1285 1403
1284 1403
1283 1403
1282 1403
1281 1403
1280 1403
1279 1403
1278 1403
1277 1403
1276 1403
1275 1403
1274 1403
1273 1403
1272 1403
1271 1403
1270 1403
1269 1403
1268 1403
1267 1403
1266 1403
1265 1403
1264 1403
1263 1403
1262 1403
1261 1403
1260 1403
1259 1403
1258 1404
1257 1404
1256 1404
1255 1404
1254 1405
1253 1405
1252 1405
1251 1405
1250 1405
1249 1405
1248 1405
1247 1405
1246 1405
1245 1405
1244 1405
1243 1405
1242 1405
1241 1405
1240 1405
1239 1405
1238 1405
1237 1405
1236 1405
1235 1405
1234 1405
1233 1405
1232 1405
1231 1405
1230 1405
1229 1405
1228 1405
1227 1405
1226 1405
1225 1405
1224 1405
1223 1405
1222 1405
1221 1405
1220 1405
1219 1405
1218 1405
1217 1405
1216 1405
1215 1405
1214 1404
1213 1404
1212 1404
1211 1404
1210 1403
1209 1403
1208 1403
1207 1403
1206 1403
1205 1403
1204 1403
1203 1403
1202 1403
1201 1403
1200 1403
1199 1403
1198 1403
1197 1403
1196 1403
1195 1403
1194 1403
1193 1403
1192 1403
1191 1403
1190 1404
1189 1404
1188 1404
1187 1404
1186 1405
1185 1405
1184 1405
1183 1405
1182 1405
1181 1405
1180 1405
1179 1405
1178 1405
1177 1405
1176 1405
1175 1405
1174 1406
1173 1406
1172 1406
1171 1406
1170 1407
1169 1407
1168 1407
1167 1407
1166 1407
1165 1407
1164 1407
1163 1407
1162 1407
1161 1407
1160 1408
1159 1408
1158 1408
1157 1408
1156 1409
1155 1409
1154 1409
1153 1409
1152 1409
1151 1409
1150 1409
1149 1409
1148 1409
1147 1409
1146 1409
1145 1409
1144 1409
1143 1409
1142 1410
1141 1410
1140 1410
1139 1410
1138 1411
1137 1411
1136 1411
1135 1411
1134 1411
1133 1411
1132 1411
1131 1411
1130 1412
1129 1412
1128 1412
1127 1412
1126 1413
1125 1413
1124 1413
1123 1413
1122 1413
1121 1413
1120 1413
1119 1413
1118 1414
1117 1414
1116 1414
1115 1414
1114 1415
1113 1415
1112 1415
1111 1415
1110 1415
1109 1415
1108 1415
1107 1415
1106 1415
1105 1415
1104 1415
1103 1415
1102 1415
1101 1415
1100 1415
1099 1415
1098 1415
1097 1415
1096 1416
1095 1416
1094 1416
1093 1416
1092 1417
1091 1417
1090 1417
1089 1417
1088 1418
1087 1418
1086 1418
1085 1418
1084 1419
1083 1419
1082 1419
1081 1419
1080 1419
1079 1419
1078 1419
1077 1419
1076 1419
1075 1419
1074 1419
1073 1419
1072 1419
1071 1419
1070 1420
1069 1420
1068 1420
1067 1420
1066 1421
1065 1421
1064 1422
1063 1422
1062 1422
1061 1422
1060 1423
1059 1423
1058 1423
1057 1423
1056 1423
1055 1423
1054 1423
1053 1423
1052 1424
1051 1424
1050 1424
1049 1424
1048 1425
1047 1425
1046 1425
1045 1425
1044 1425
1043 1425
1042 1425
1041 1425
1040 1425
1039 1425
1038 1425
1037 1425
1036 1425
1035 1425
1034 1426
1033 1426
1032 1426
1031 1426
1030 1427
1029 1427
1028 1428
1027 1428
1026 1428
1025 1428
1024 1429
1023 1429
1022 1429
1021 1429
1020 1429
1019 1429
1018 1429
1017 1429
1016 1429
1015 1429
1014 1429
1013 1429
1012 1429
1011 1429
1010 1429
1009 1429
1008 1430
1007 1430
1006 1430
1005 1430
1004 1431
1003 1432
1002 1433
1001 1433
1000 1434
999 1434
998 1435
997 1435
996 1436
995 1436
994 1436
993 1436
992 1437
991 1437
990 1438
989 1438
988 1439
987 1439
986 1440
985 1440
984 1441
983 1441
982 1441
981 1441
980 1441
979 1441
978 1441
977 1441
976 1442
975 1442
974 1443
973 1444
972 1444
971 1445
970 1446
969 1446
968 1447
967 1447
966 1447
965 1447
964 1447
963 1447
962 1448
961 1448
960 1449
959 1450
958 1450
958 1451
957 1452
956 1453
956 1454
955 1455
955 1456
955 1457
955 1458
955 1459
955 1460
955 1461
955 1462
956 1463
956 1464
956 1465
956 1466
957 1467
958 1468
959 1469
960 1470
960 1471
961 1471
962 1472
962 1473
963 1473
964 1474
965 1475
966 1475
967 1476
968 1476
969 1476
970 1476
971 1476
972 1476
973 1476
974 1476
975 1476
976 1476
977 1477
978 1477
979 1478
980 1479
981 1479
982 1480
982 1481
983 1481
984 1482
985 1483
986 1484
987 1485
988 1485
989 1485
990 1485
991 1486
992 1486
993 1487
994 1487
995 1487
996 1488
997 1489
998 1489
999 1489
1000 1490
1001 1491
1002 1491
1003 1491
1004 1491
1005 1492
1006 1492
1007 1493
1008 1493
1009 1493
1010 1494
1011 1495
1012 1495
1013 1495
1014 1496
1015 1497
1016 1497
1017 1497
1018 1497
1019 1498
1020 1498
1021 1498
1022 1498
1023 1498
1024 1498
1025 1499
1026 1499
1027 1499
1028 1499
1029 1500
1030 1500
1031 1501
1032 1501
1033 1502
1034 1502
1035 1503
1036 1504
1037 1505
1038 1505
1039 1505
1040 1505
1041 1506
1042 1506
1043 1507
1044 1507
1045 1507
1046 1507
1047 1508
1048 1508
1049 1508
1050 1508
1051 1509
1052 1509
1053 1509
1054 1509
1055 1510
1056 1510
1057 1511
1058 1511
1059 1511
1060 1511
1061 1512
1062 1512
1063 1512
1064 1512
1065 1512
1066 1512
1067 1513
1068 1513
1069 1513
1070 1513
1071 1514
1072 1514
1073 1514
1074 1514
1075 1515
1076 1515
1077 1515
1078 1515
1079 1516
1080 1516
1081 1516
1082 1516
1083 1517
1084 1517
1085 1517
1086 1517
1087 1518
1088 1518
1089 1518
1090 1518
1091 1518
1092 1518
1093 1518
1094 1518
1095 1518
1096 1518
1097 1519
1098 1519
1099 1519
1100 1519
1101 1520
1102 1520
1103 1520
1104 1520
1105 1520
1106 1520
1107 1520
1108 1520
1109 1520
1110 1520
1111 1520
1112 1520
1113 1520
1114 1520
1115 1520
1116 1520
1117 1520
1118 1520
1119 1519
1120 1519
1121 1519
1122 1519
1123 1518
1124 1518
1125 1518
1126 1518
1127 1518
1128 1518
1129 1518
1130 1518
1131 1518
1132 1518
1133 1518
1134 1518
1135 1518
1136 1518
1137 1518
1138 1518
1139 1518
1140 1518
1141 1518
1142 1518
1143 1518
1144 1518
1145 1518
1146 1518
1147 1518
1148 1518
1149 1517
1150 1517
1151 1517
1152 1517
1153 1516
1154 1516
1155 1516
1156 1516
1157 1517
1158 1517
1159 1517
1160 1517
1161 1518
1162 1518
1163 1518
1164 1518
1165 1518
1166 1518
1167 1518
1168 1518
1169 1518
1170 1518
1171 1518
1172 1518
1173 1518
1174 1518
1175 1518
1176 1518
1177 1518
1178 1518
1179 1518
1180 1518
1181 1518
1182 1518
1183 1518
1184 1518
1185 1518
1186 1518
1187 1518
1188 1518
1189 1518
1190 1518
1191 1518
1192 1518
1193 1518
1194 1518
1195 1518
1196 1518
1197 1518
1198 1518
1199 1518
1200 1518
1201 1518
1202 1518
1203 1518
1204 1518
1205 1518
1206 1518
1207 1518
1208 1518
1209 1518
1210 1518
1211 1518
1212 1518
1213 1518
1214 1518
1215 1518
1216 1518
1217 1518
1218 1518
1219 1518
1220 1518
1221 1518
1222 1518
1223 1518
1224 1518
1225 1518
1226 1518
1227 1517
1228 1517
1229 1517
1230 1517
1231 1516
1232 1516
1233 1516
1234 1516
1235 1516
1236 1516
1237 1516
1238 1516
1239 1516
1240 1516
1241 1516
1242 1516
1243 1516
1244 1516
1245 1516
1246 1516
1247 1516
1248 1516
1249 1516
1250 1516
1251 1516
1252 1516
1253 1516
1254 1516
1255 1516
1256 1516
1257 1516
1258 1516
1259 1516
1260 1516
1261 1516
1262 1516
1263 1516
1264 1516
1265 1516
1266 1516
1267 1516
1268 1516
1269 1516
1270 1516
1271 1516
1272 1516
1273 1516
1274 1516
1275 1516
1276 1516
1277 1516
1278 1516
1279 1515
1280 1515
1281 1515
1282 1515
1283 1514
1284 1514
1285 1515
1286 1515
1287 1515
1288 1515
1289 1516
1290 1516
1291 1516
1292 1516
1293 1516
1294 1516
1295 1516
1296 1516
1297 1516
1298 1516
1299 1517
1300 1517
1301 1517
1302 1517
1303 1518
1304 1518
1305 1518
1306 1518
1307 1518
1308 1518
1309 1518
1310 1518
1311 1518
1312 1518
1313 1518
1314 1518
1315 1518
1316 1518
1317 1518
1318 1518
1319 1517
1320 1517
1321 1517
1322 1517
1323 1516
1324 1516
1325 1516
1326 1516
1327 1516
1328 1516
1329 1516
1330 1516
1331 1515
1332 1515
1333 1515
1334 1515
1335 1514
1336 1514
1337 1514
1338 1514
1339 1514
1340 1514
1341 1514
1342 1514
1343 1513
1344 1513
1345 1513
1346 1513
1347 1512
1348 1512
1349 1512
1350 1512
1351 1511
1352 1511
1353 1511
1354 1511
1355 1510
1356 1509
1357 1509
1358 1509
1359 1508
1360 1507
1361 1506
1362 1506
1363 1505
1364 1505
1365 1504
1366 1504
1367 1503
1368 1503
1369 1502
1370 1502
1371 1501
1372 1501
1373 1500
1374 1500
1375 1500
1376 1500
1377 1499
1378 1499
1379 1499
1380 1499
1381 1498
1382 1497
1383 1497
1384 1497
1385 1496
1386 1496
1387 1496
1388 1496
1389 1496
1390 1496
1391 1496
1392 1496
1393 1496
1394 1496
1395 1495
1396 1495
1397 1494
1398 1493
1399 1493
1399 1492
1400 1491
1401 1491
1401 1490
1402 1489
1403 1489
1403 1488
1404 1487
1405 1487
1405 1486
1406 1485
1407 1485
1407 1484
1408 1483
1409 1482
1409 1481
1410 1480
1410 1479
1410 1478
1410 1477
1410 1476
1410 1475
1410 1474
1410 1473
1410 1472
1410 1471
1410 1470
1410 1469
1411 1468
1411 1467
1411 1466
1411 1465
1412 1464
1412 1463
1412 1462
1412 1461
1412 1460
1412 1459
1412 1458
1412 1457
1412 1456
1412 1455
1412 1454
1412 1453
1412 1452
1412 1451
1412 1450
1412 1449
1412 1448
1412 1447
1411 1446
1411 1445
1410 1444
1409 1443
1408 1442
1407 1441
1406 1440
1405 1440
1404 1439
1403 1438
1402 1438
1401 1437
1401 1436
1400 1435
1399 1434
1399 1433
1398 1432
1398 1431
1397 1430
1397 1429
1397 1428
1397 1427
1396 1426
1395 1425
1394 1424
1393 1423
1392 1422
1391 1422
1390 1421
1389 1421
1388 1420
1387 1420
1386 1420
1385 1420
1384 1419
1383 1419
1382 1419
1381 1419
1380 1419
1379 1419
1378 1419
1377 1419
1376 1419
1375 1419
1374 1419
1373 1419
1372 1418
1371 1418
1370 1417
1369 1416
1368 1416
1367 1415
1366 1414
1365 1414
1364 1413
1363 1413
1362 1413
1361 1413
1360 1412
1359 1412
1358 1412
1357 1412
1356 1411
1355 1411
1354 1411
1353 1411
1352 1410
1351 1410
1350 1410
1349 1410
1348 1409
1347 1409
1346 1408
1345 1408
1344 1408
1343 1408
1342 1407
1341 1407
1340 1407
1339 1407
1338 1406
1337 1406
1336 1406
1335 1406
1334 1405
1333 1405
1332 1405
1331 1405
1330 1404
1329 1404
1328 1404
1327 1404
1326 1403
1325 1403
1324 1403
1323 1403
1322 1403
1321 1403
1320 1403
1319 1403
1318 1403
1317 1403
1316 1403
1315 1403
1314 1403
1313 1403
1312 1403
1311 1403
1310 1403
1309 1403
1308 1403
1307 1403
1306 1403
1305 1403
1304 1402
1303 1402
1302 1402
1301 1402
1300 1401
1299 1401
1298 1401
1297 1401
1296 1401
1295 1401
1294 1401
1293 1401
