1889 4739
1888 4740
1887 4740
1886 4740
1885 4740
1884 4741
1883 4741
1882 4741
1881 4741
1880 4741
1879 4741
1878 4741
1877 4741
1876 4741
1875 4741
1874 4741
1873 4741
1872 4741
1871 4741
1870 4742
1869 4742
1868 4742
1867 4742
1866 4743
1865 4743
1864 4743
1863 4743
1862 4743
1861 4743
1860 4743
1859 4743
1858 4743
1857 4743
1856 4743
1855 4743
1854 4743
1853 4743
1852 4743
1851 4743
1850 4743
1849 4743
1848 4743
1847 4743
1846 4743
1845 4743
1844 4743
1843 4743
1842 4744
1841 4744
1840 4744
1839 4744
1838 4745
1837 4745
1836 4745
1835 4745
1834 4745
1833 4745
1832 4745
1831 4745
1830 4745
1829 4745
1828 4745
1827 4745
1826 4745
1825 4745
1824 4745
1823 4745
1822 4745
1821 4745
1820 4745
1819 4745
1818 4745
1817 4745
1816 4745
1815 4745
1814 4745
1813 4745
1812 4745
1811 4745
1810 4745
1809 4745
1808 4745
1807 4745
1806 4745
1805 4745
1804 4745
1803 4745
1802 4745
1801 4745
1800 4745
1799 4745
1798 4745
1797 4745
1796 4745
1795 4745
1794 4745
1793 4745
1792 4745
1791 4745
1790 4745
1789 4745
1788 4745
1787 4745
1786 4745
1785 4745
1784 4745
1783 4745
1782 4745
1781 4745
1780 4744
1779 4744
1778 4744
1777 4744
1776 4743
1775 4743
1774 4743
1773 4743
1772 4743
1771 4743
1770 4743
1769 4743
1768 4743
1767 4743
1766 4743
1765 4743
1764 4743
1763 4743
1762 4743
1761 4743
1760 4743
1759 4743
1758 4743
1757 4743
1756 4743
1755 4743
1754 4743
1753 4743
1752 4743
1751 4743
1750 4743
1749 4743
1748 4743
1747 4743
1746 4743
1745 4743
1744 4743
1743 4743
1742 4743
1741 4743
1740 4743
1739 4743
1738 4743
1737 4743
1736 4743
1735 4743
1734 4743
1733 4743
1732 4743
1731 4743
1730 4743
1729 4743
1728 4743
1727 4743
1726 4743
1725 4743
1724 4743
1723 4743
1722 4743
1721 4743
1720 4743
1719 4743
1718 4743
1717 4743
1716 4744
1715 4744
1714 4744
1713 4744
1712 4745
1711 4745
1710 4745
1709 4745
1708 4745
1707 4745
1706 4745
1705 4745
1704 4745
1703 4745
1702 4745
1701 4745
1700 4745
1699 4745
1698 4745
1697 4745
1696 4746
1695 4746
1694 4746
1693 4746
1692 4747
1691 4747
1690 4747
1689 4747
1688 4747
1687 4747
1686 4747
1685 4747
1684 4747
1683 4747
1682 4748
1681 4748
1680 4748
1679 4748
1678 4749
1677 4749
1676 4750
1675 4750
1674 4750
1673 4750
1672 4751
1671 4751
1670 4751
1669 4751
1668 4751
1667 4751
1666 4752
1665 4752
1664 4753
1663 4753
1662 4754
1661 4754
1660 4755
1659 4755
1658 4755
1657 4755
1656 4755
1655 4755
1654 4755
1653 4755
1652 4755
1651 4755
1650 4756
1649 4756
1648 4757
1647 4757
1646 4758
1645 4758
1644 4759
1643 4759
1642 4759
1641 4759
1640 4759
1639 4759
1638 4759
1637 4759
1636 4759
1635 4759
1634 4759
1633 4759
1632 4760
1631 4760
1630 4760
1629 4760
1628 4761
1627 4762
1626 4762
1625 4762
1624 4763
1623 4764
1622 4764
1621 4764
1620 4765
1619 4766
1618 4767
1617 4767
1616 4768
1615 4768
1614 4769
1613 4769
1612 4769
1611 4769
1610 4770
1609 4770
1608 4770
1607 4770
1606 4771
1605 4771
1604 4772
1603 4772
1602 4773
1601 4774
1600 4774
1600 4775
1599 4776
1598 4776
1597 4777
1596 4778
1595 4778
1594 4779
1593 4779
1592 4779
1591 4779
1590 4779
1589 4779
1588 4779
1587 4779
1586 4779
1585 4779
1584 4779
1583 4779
1582 4780
1581 4780
1580 4780
1579 4780
1578 4781
1577 4781
1576 4782
1575 4782
1574 4783
1573 4784
1572 4784
1572 4785
1571 4786
1570 4786
1570 4787
1569 4788
1568 4788
1568 4789
1567 4790
1566 4790
1566 4791
1565 4792
1564 4792
1564 4793
1563 4794
1562 4795
1562 4796
1561 4797
1561 4798
1561 4799
1561 4800
1561 4801
1561 4802
1561 4803
1561 4804
1562 4805
1562 4806
1563 4807
1564 4808
1564 4809
1565 4809
1566 4810
1566 4811
1567 4811
1568 4812
1569 4813
1570 4814
1571 4815
1572 4815
1573 4816
1574 4817
1575 4817
1576 4818
1576 4819
1577 4819
1578 4820
1579 4821
1580 4822
1581 4823
1582 4823
1583 4824
1584 4825
1585 4825
1586 4826
1586 4827
1587 4827
1588 4828
1588 4829
1589 4829
1590 4830
1590 4831
1591 4831
1592 4832
1593 4833
1594 4834
1595 4835
1596 4835
1597 4836
1598 4837
1599 4837
1600 4838
1600 4839
1601 4839
1602 4840
1603 4841
1604 4842
1605 4843
1606 4843
1607 4844
1608 4844
1609 4845
1610 4846
1611 4847
1612 4847
1613 4848
1614 4849
1615 4849
1616 4850
1616 4851
1617 4851
1618 4852
1618 4853
1619 4853
1620 4854
1621 4855
1622 4855
1623 4856
1624 4856
1625 4856
1626 4856
1627 4856
1628 4856
1629 4856
1630 4856
1631 4856
1632 4856
1633 4857
1634 4857
1635 4857
1636 4857
1637 4858
1638 4858
1639 4858
1640 4858
1641 4858
1642 4858
1643 4858
1644 4858
1645 4858
1646 4858
1647 4858
1648 4858
1649 4858
1650 4858
1651 4858
1652 4858
1653 4858
1654 4858
1655 4858
1656 4858
1657 4858
1658 4858
1659 4858
1660 4858
1661 4858
1662 4858
1663 4859
1664 4859
1665 4860
1666 4860
1667 4861
1668 4861
1669 4862
1670 4862
1671 4862
1672 4862
1673 4862
1674 4862
1675 4863
1676 4863
1677 4864
1678 4864
1679 4865
1680 4865
1681 4866
1682 4866
1683 4866
1684 4866
1685 4867
1686 4867
1687 4868
1688 4868
1689 4869
1690 4869
1691 4870
1692 4870
1693 4870
1694 4870
1695 4870
1696 4870
1697 4870
1698 4870
1699 4870
1700 4870
1701 4870
1702 4870
1703 4871
1704 4871
1705 4871
1706 4872
1707 4873
1708 4873
1709 4873
1710 4873
1711 4874
1712 4874
1713 4874
1714 4874
1715 4874
1716 4874
1717 4874
1718 4874
1719 4874
1720 4874
1721 4874
1722 4874
1723 4874
1724 4874
1725 4874
1726 4874
1727 4874
1728 4874
1729 4874
1730 4874
1731 4874
1732 4874
1733 4874
1734 4874
1735 4874
1736 4874
1737 4874
1738 4874
1739 4874
1740 4874
1741 4874
1742 4874
1743 4874
1744 4874
1745 4874
1746 4874
1747 4874
1748 4874
1749 4874
1750 4874
1751 4874
1752 4874
1753 4874
1754 4874
1755 4874
1756 4874
1757 4874
1758 4874
1759 4874
1760 4874
1761 4874
1762 4874
1763 4875
1764 4875
1765 4875
1766 4875
1767 4876
1768 4876
1769 4876
1770 4876
1771 4876
1772 4876
1773 4876
1774 4876
1775 4876
1776 4876
1777 4876
1778 4876
1779 4876
1780 4876
1781 4876
1782 4876
1783 4876
1784 4876
1785 4876
1786 4876
1787 4876
1788 4876
1789 4876
1790 4876
1791 4876
1792 4876
1793 4877
1794 4877
1795 4877
1796 4877
1797 4878
1798 4878
1799 4878
1800 4878
1801 4878
1802 4878
1803 4878
1804 4878
1805 4878
1806 4878
1807 4878
1808 4878
1809 4878
1810 4878
1811 4879
1812 4879
1813 4879
1814 4879
1815 4880
1816 4880
1817 4880
1818 4880
1819 4880
1820 4880
1821 4880
1822 4880
1823 4881
1824 4881
1825 4881
1826 4881
1827 4882
1828 4882
1829 4882
1830 4882
1831 4882
1832 4882
1833 4882
1834 4882
1835 4882
1836 4882
1837 4883
1838 4883
1839 4883
1840 4883
1841 4884
1842 4884
1843 4884
1844 4884
1845 4884
1846 4884
1847 4884
1848 4884
1849 4884
1850 4884
1851 4884
1852 4884
1853 4884
1854 4884
1855 4884
1856 4884
1857 4884
1858 4884
1859 4884
1860 4884
1861 4884
1862 4884
1863 4883
1864 4883
1865 4883
1866 4883
1867 4882
1868 4882
1869 4881
1870 4881
1871 4881
1872 4881
1873 4880
1874 4880
1875 4880
1876 4880
1877 4880
1878 4880
1879 4880
1880 4880
1881 4880
1882 4880
1883 4880
1884 4880
1885 4880
1886 4880
1887 4880
1888 4880
1889 4880
1890 4880
1891 4880
1892 4880
1893 4880
1894 4880
1895 4879
1896 4879
1897 4879
1898 4879
1899 4878
1900 4878
1901 4877
1902 4877
1903 4877
1904 4877
1905 4876
1906 4876
1907 4875
1908 4875
1909 4874
1910 4874
1911 4873
1912 4873
1913 4872
1914 4872
1915 4871
1916 4871
1917 4871
1918 4871
1919 4870
1920 4869
1921 4868
1922 4867
1923 4867
1923 4866
1924 4865
1925 4865
1926 4864
1927 4863
1928 4863
1929 4862
1930 4862
1931 4861
1932 4861
1933 4860
1934 4859
1935 4859
1935 4858
1936 4857
1937 4857
1937 4856
1938 4855
1939 4855
1939 4854
1940 4853
1941 4853
1941 4852
1942 4851
1943 4850
1943 4849
1944 4848
1944 4847
1944 4846
1944 4845
1945 4844
1945 4843
1946 4842
1946 4841
1947 4840
1948 4839
1949 4838
1949 4837
1950 4836
1951 4835
1952 4835
1953 4834
1954 4833
1955 4832
1956 4831
1957 4830
1957 4829
1958 4828
1958 4827
1958 4826
1958 4825
1958 4824
1958 4823
1958 4822
1958 4821
1957 4820
1957 4819
1957 4818
1957 4817
1956 4816
1956 4815
1955 4814
1955 4813
1955 4812
1955 4811
1954 4810
1953 4809
1953 4808
1953 4807
1952 4806
1952 4805
1952 4804
1952 4803
1951 4802
1951 4801
1951 4800
1951 4799
1950 4798
1950 4797
1950 4796
1950 4795
1949 4794
1949 4793
1949 4792
1949 4791
1948 4790
1948 4789
1948 4788
1948 4787
1947 4786
1947 4785
1947 4784
1947 4783
1946 4782
1946 4781
1946 4780
1946 4779
1946 4778
1946 4777
1946 4776
1946 4775
1945 4774
1945 4773
1945 4772
1945 4771
1944 4770
1943 4769
1943 4768
1943 4767
1942 4766
1942 4765
1941 4764
1941 4763
1941 4762
1941 4761
1940 4760
1939 4759
1939 4758
1939 4757
1938 4756
1937 4755
1936 4754
1935 4753
1935 4752
1934 4751
1933 4750
1933 4749
1932 4748
1932 4747
1931 4746
1931 4745
1930 4744
1929 4744
1928 4743
1927 4743
1926 4743
1925 4743
1924 4744
1923 4744
1922 4744
1921 4744
1920 4745
1919 4745
1918 4745
1917 4745
1916 4745
1915 4745
1914 4745
1913 4745
1912 4745
1911 4745
1910 4744
1909 4744
1908 4743
1907 4743
1906 4742
1905 4741
1904 4740
1903 4740
1902 4740
1901 4740
1900 4739
1899 4739
1898 4739
1897 4739
1896 4739
1895 4739
1894 4739
1893 4739
1892 4739
1891 4739
1890 4739
1889 4739
