805 1899
804 1900
803 1900
802 1901
801 1902
800 1902
800 1903
799 1904
798 1904
798 1905
797 1906
796 1906
796 1907
795 1908
794 1908
794 1909
793 1910
792 1910
792 1911
791 1912
790 1912
790 1913
789 1914
788 1914
788 1915
787 1916
786 1916
786 1917
785 1918
784 1919
784 1920
783 1921
783 1922
784 1923
784 1924
784 1925
784 1926
785 1927
786 1928
787 1929
788 1930
788 1931
789 1931
790 1932
790 1933
791 1934
792 1935
792 1936
793 1937
793 1938
794 1939
794 1940
795 1941
795 1942
796 1943
796 1944
797 1945
798 1946
799 1947
799 1948
800 1949
800 1950
801 1951
802 1952
803 1953
804 1954
804 1955
805 1955
806 1956
806 1957
807 1957
808 1958
808 1959
809 1959
810 1960
810 1961
811 1961
812 1962
812 1963
813 1963
814 1964
814 1965
815 1965
816 1966
816 1967
817 1967
818 1968
819 1969
820 1970
821 1971
822 1971
823 1972
824 1972
825 1973
826 1974
827 1975
828 1975
829 1975
830 1976
831 1977
832 1977
833 1977
834 1977
835 1978
836 1978
837 1979
838 1979
839 1980
840 1981
841 1981
842 1982
842 1983
843 1983
844 1984
844 1985
845 1985
846 1986
847 1987
848 1987
849 1988
850 1988
851 1988
852 1988
853 1988
854 1988
855 1988
856 1988
857 1987
858 1987
859 1987
860 1987
861 1986
862 1985
863 1985
864 1985
865 1984
866 1984
867 1984
868 1984
869 1984
870 1984
871 1984
872 1984
873 1984
874 1984
875 1984
876 1984
877 1984
878 1984
879 1984
880 1984
881 1984
882 1984
883 1984
884 1984
885 1984
886 1984
887 1984
888 1984
889 1985
890 1985
891 1985
892 1985
893 1986
894 1986
895 1986
896 1986
897 1986
898 1986
899 1985
900 1985
901 1985
902 1985
903 1984
904 1984
905 1984
906 1984
907 1984
908 1984
909 1983
910 1983
911 1983
912 1983
913 1982
914 1981
915 1980
916 1980
917 1979
918 1979
919 1978
920 1978
921 1978
922 1978
923 1978
924 1978
925 1978
926 1978
927 1977
928 1977
929 1977
930 1977
931 1976
932 1976
933 1976
934 1976
935 1976
936 1976
937 1976
938 1976
939 1975
940 1975
941 1974
942 1973
943 1973
943 1972
944 1971
945 1971
946 1970
947 1969
948 1969
949 1968
950 1968
951 1967
952 1967
953 1967
954 1967
955 1966
956 1966
957 1966
958 1966
959 1966
960 1966
961 1965
962 1965
963 1964
964 1963
965 1962
965 1961
966 1960
967 1959
967 1958
968 1957
969 1957
969 1956
970 1955
971 1955
971 1954
972 1953
973 1952
973 1951
974 1950
974 1949
974 1948
974 1947
974 1946
974 1945
974 1944
974 1943
974 1942
974 1941
974 1940
974 1939
974 1938
974 1937
973 1936
973 1935
972 1934
971 1933
971 1932
970 1932
969 1931
969 1930
968 1930
967 1929
967 1928
966 1927
965 1926
965 1925
964 1924
963 1923
962 1922
961 1921
960 1920
959 1920
958 1920
957 1920
956 1919
955 1919
954 1919
953 1919
952 1918
951 1918
950 1918
949 1918
948 1917
947 1917
946 1917
945 1917
944 1916
943 1916
942 1916
941 1916
940 1915
939 1915
938 1915
937 1915
936 1915
935 1915
934 1915
933 1915
932 1915
931 1915
930 1915
929 1915
928 1915
927 1915
926 1915
925 1915
924 1915
923 1915
922 1915
921 1915
920 1915
919 1915
918 1915
917 1915
916 1915
915 1915
914 1915
913 1915
912 1915
911 1915
910 1915
909 1915
908 1915
907 1915
906 1915
905 1915
904 1915
903 1915
902 1915
901 1915
900 1915
899 1915
898 1915
897 1915
896 1915
895 1915
894 1915
893 1915
892 1915
891 1915
890 1915
889 1915
888 1915
887 1915
886 1915
885 1915
884 1915
883 1915
882 1915
881 1915
880 1915
879 1915
878 1915
877 1915
876 1915
875 1915
874 1915
873 1915
872 1914
871 1914
870 1914
869 1914
868 1913
867 1913
866 1913
865 1913
864 1913
863 1913
862 1914
861 1914
860 1914
859 1914
858 1915
857 1915
856 1915
855 1915
854 1915
853 1915
852 1915
851 1915
850 1915
849 1915
848 1915
847 1915
846 1915
845 1915
844 1915
843 1915
842 1915
841 1915
840 1915
839 1915
838 1914
837 1914
836 1914
835 1914
834 1913
833 1913
832 1912
831 1912
830 1912
829 1912
828 1911
827 1911
826 1910
825 1910
824 1910
823 1909
822 1908
821 1908
820 1907
819 1906
818 1906
817 1905
817 1904
816 1904
815 1903
815 1902
814 1902
813 1901
812 1900
811 1900
810 1899
809 1899
808 1899
807 1899
806 1899
805 1899
