2109 3067
2108 3068
2107 3068
2106 3068
2105 3069
2104 3069
2103 3069
2102 3069
2101 3069
2100 3069
2099 3069
2098 3069
2097 3069
2096 3070
2095 3070
2094 3070
2093 3071
2092 3071
2091 3071
2090 3071
2089 3071
2088 3071
2087 3071
2086 3071
2085 3071
2084 3071
2083 3071
2082 3071
2081 3071
2080 3071
2079 3071
2078 3071
2077 3071
2076 3071
2075 3071
2074 3071
2073 3071
2072 3071
2071 3071
2070 3072
2069 3072
2068 3072
2067 3073
2066 3073
2065 3073
2064 3073
2063 3073
2062 3073
2061 3072
2060 3072
2059 3072
2058 3071
2057 3071
2056 3071
2055 3071
2054 3071
2053 3071
2052 3071
2051 3071
2050 3071
2049 3071
2048 3071
2047 3071
2046 3071
2045 3071
2044 3072
2043 3072
2042 3072
2041 3072
2040 3073
2039 3073
2038 3073
2037 3073
2036 3073
2035 3073
2034 3073
2033 3073
2032 3073
2031 3073
2030 3073
2029 3073
2028 3073
2027 3073
2026 3073
2025 3073
2024 3073
2023 3073
2022 3074
2021 3074
2020 3074
2019 3075
2018 3075
2017 3075
2016 3075
2015 3075
2014 3076
2013 3076
2012 3076
2011 3077
2010 3077
2009 3077
2008 3077
2007 3077
2006 3077
2005 3077
2004 3077
2003 3077
2002 3077
2001 3077
2000 3077
1999 3077
1998 3077
1997 3077
1996 3077
1995 3077
1994 3078
1993 3078
1992 3078
1991 3079
1990 3079
1989 3079
1988 3079
1987 3079
1986 3079
1985 3079
1984 3079
1983 3079
1982 3080
1981 3080
1980 3080
1979 3081
1978 3081
1977 3081
1976 3082
1975 3082
1974 3082
1973 3083
1972 3083
1971 3083
1970 3084
1969 3084
1968 3084
1967 3085
1966 3085
1965 3085
1964 3085
1963 3085
1962 3085
1961 3085
1960 3086
1959 3086
1958 3087
1957 3088
1956 3088
1955 3089
1954 3089
1953 3089
1952 3090
1951 3090
1950 3091
1949 3092
1948 3092
1947 3093
1946 3093
1945 3093
1944 3093
1943 3093
1942 3094
1941 3094
1940 3094
1939 3095
1938 3096
1937 3096
1936 3096
1935 3097
1934 3098
1933 3098
1932 3099
1931 3100
1930 3101
1929 3102
1928 3102
1927 3102
1926 3103
1925 3103
1924 3103
1923 3103
1922 3103
1921 3103
1920 3103
1919 3103
1918 3103
1917 3103
1916 3103
1915 3103
1914 3104
1913 3104
1912 3104
1911 3105
1910 3105
1909 3105
1908 3105
1907 3105
1906 3105
1905 3105
1904 3105
1903 3105
1902 3105
1901 3105
1900 3105
1899 3105
1898 3105
1897 3105
1896 3105
1895 3105
1894 3105
1893 3105
1892 3105
1891 3105
1890 3105
1889 3105
1888 3105
1887 3105
1886 3105
1885 3105
1884 3105
1883 3105
1882 3105
1881 3105
1880 3105
1879 3105
1878 3106
1877 3106
1876 3107
1876 3108
1875 3109
1875 3110
1875 3111
1875 3112
1875 3113
1875 3114
1875 3115
1875 3116
1875 3117
1875 3118
1876 3119
1877 3120
1878 3121
1879 3121
1880 3122
1881 3123
1882 3123
1883 3124
1884 3125
1885 3125
1886 3125
1887 3126
1888 3127
1889 3127
1890 3127
1891 3128
1892 3128
1893 3128
1894 3128
1895 3128
1896 3128
1897 3128
1898 3129
1899 3129
1900 3129
1901 3130
1902 3130
1903 3130
1904 3131
1905 3131
1906 3131
1907 3132
1908 3132
1909 3132
1910 3133
1911 3133
1912 3133
1913 3134
1914 3134
1915 3134
1916 3134
1917 3134
1918 3135
1919 3135
1920 3135
1921 3136
1922 3136
1923 3136
1924 3136
1925 3136
1926 3136
1927 3136
1928 3137
1929 3137
1930 3137
1931 3138
1932 3138
1933 3138
1934 3138
1935 3138
1936 3138
1937 3138
1938 3138
1939 3138
1940 3138
1941 3138
1942 3138
1943 3138
1944 3138
1945 3138
1946 3138
1947 3138
1948 3138
1949 3138
1950 3138
1951 3138
1952 3138
1953 3138
1954 3138
1955 3138
1956 3138
1957 3138
1958 3138
1959 3138
1960 3139
1961 3139
1962 3139
1963 3140
1964 3141
1965 3141
1966 3141
1967 3142
1968 3142
1969 3142
1970 3143
1971 3143
1972 3143
1973 3144
1974 3144
1975 3144
1976 3144
1977 3144
1978 3144
1979 3144
1980 3144
1981 3144
1982 3144
1983 3144
1984 3144
1985 3144
1986 3144
1987 3144
1988 3144
1989 3145
1990 3145
1991 3145
1992 3145
1993 3146
1994 3146
1995 3146
1996 3146
1997 3146
1998 3146
1999 3146
2000 3146
2001 3146
2002 3146
2003 3147
2004 3147
2005 3147
2006 3147
2007 3148
2008 3148
2009 3148
2010 3148
2011 3148
2012 3149
2013 3149
2014 3149
2015 3150
2016 3150
2017 3150
2018 3151
2019 3151
2020 3151
2021 3152
2022 3152
2023 3152
2024 3152
2025 3152
2026 3152
2027 3152
2028 3153
2029 3153
2030 3153
2031 3154
2032 3155
2033 3155
2034 3155
2035 3156
2036 3156
2037 3156
2038 3156
2039 3156
2040 3157
2041 3157
2042 3157
2043 3158
2044 3158
2045 3158
2046 3159
2047 3159
2048 3159
2049 3160
2050 3160
2051 3160
2052 3160
2053 3160
2054 3160
2055 3160
2056 3160
2057 3160
2058 3161
2059 3161
2060 3161
2061 3162
2062 3162
2063 3162
2064 3163
2065 3163
2066 3163
2067 3164
2068 3164
2069 3164
2070 3164
2071 3164
2072 3164
2073 3164
2074 3164
2075 3164
2076 3164
2077 3164
2078 3164
2079 3164
2080 3164
2081 3164
2082 3164
2083 3164
2084 3164
2085 3164
2086 3164
2087 3164
2088 3164
2089 3164
2090 3164
2091 3164
2092 3164
2093 3164
2094 3164
2095 3164
2096 3164
2097 3164
2098 3164
2099 3164
2100 3164
2101 3164
2102 3164
2103 3164
2104 3164
2105 3164
2106 3164
2107 3164
2108 3164
2109 3163
2110 3163
2111 3163
2112 3162
2113 3162
2114 3162
2115 3162
2116 3162
2117 3162
2118 3162
2119 3161
2120 3161
2121 3160
2122 3159
2123 3158
2124 3157
2125 3157
2126 3156
2127 3155
2128 3155
2129 3154
2130 3154
2131 3153
2132 3152
2133 3151
2134 3151
2135 3150
2136 3149
2137 3148
2138 3147
2139 3146
2139 3145
2140 3144
2140 3143
2140 3142
2141 3141
2141 3140
2141 3139
2142 3138
2142 3137
2142 3136
2142 3135
2142 3134
2142 3133
2142 3132
2142 3131
2143 3130
2143 3129
2143 3128
2143 3127
2143 3126
2143 3125
2143 3124
2143 3123
2142 3122
2142 3121
2142 3120
2142 3119
2143 3118
2143 3117
2144 3116
2144 3115
2145 3114
2145 3113
2146 3112
2147 3111
2147 3110
2147 3109
2148 3108
2149 3107
2149 3106
2149 3105
2150 3104
2151 3103
2151 3102
2151 3101
2152 3100
2152 3099
2152 3098
2152 3097
2152 3096
2152 3095
2151 3094
2151 3093
2151 3092
2150 3091
2150 3090
2150 3089
2150 3088
2151 3087
2151 3086
2151 3085
2152 3084
2152 3083
2152 3082
2152 3081
2151 3080
2151 3079
2150 3078
2149 3078
2148 3077
2147 3076
2146 3075
2145 3075
2144 3074
2143 3073
2142 3072
2141 3072
2140 3071
2139 3070
2138 3070
2137 3070
2136 3069
2135 3069
2134 3069
2133 3069
2132 3069
2131 3068
2130 3068
2129 3068
2128 3067
2127 3067
2126 3067
2125 3067
2124 3067
2123 3067
2122 3067
2121 3067
2120 3067
2119 3067
2118 3067
2117 3067
2116 3067
2115 3067
2114 3067
2113 3067
2112 3067
2111 3067
2110 3067
2109 3067
