645 1807
644 1808
643 1808
642 1808
641 1808
640 1809
639 1809
638 1809
637 1809
636 1810
635 1810
634 1810
633 1810
632 1811
631 1811
630 1811
629 1811
628 1812
627 1812
626 1812
625 1812
624 1813
623 1813
622 1814
621 1814
620 1814
619 1814
618 1815
617 1815
616 1815
615 1815
614 1815
613 1815
612 1816
611 1816
610 1816
609 1816
608 1817
607 1817
606 1818
605 1818
604 1818
603 1818
602 1819
601 1819
600 1819
599 1819
598 1820
597 1820
596 1821
595 1821
594 1822
593 1822
592 1823
591 1823
590 1824
589 1824
588 1824
587 1824
586 1825
585 1826
584 1826
583 1826
582 1827
581 1827
580 1828
579 1828
578 1828
577 1828
576 1829
575 1829
574 1829
573 1829
572 1829
571 1829
570 1830
569 1830
568 1830
567 1830
566 1831
565 1832
564 1833
563 1833
562 1834
561 1834
560 1835
559 1835
558 1835
557 1835
556 1836
555 1836
554 1837
553 1837
552 1838
551 1838
550 1839
549 1839
548 1839
547 1839
546 1840
545 1840
544 1840
543 1840
542 1841
541 1841
540 1842
539 1842
538 1842
537 1842
536 1843
535 1843
534 1844
533 1844
532 1844
531 1844
530 1845
529 1846
528 1847
527 1848
526 1848
526 1849
525 1850
524 1850
523 1851
522 1852
521 1852
520 1853
519 1853
518 1853
517 1853
516 1853
515 1853
514 1854
513 1854
512 1855
511 1855
510 1856
509 1856
508 1857
507 1857
506 1858
505 1858
504 1858
503 1858
502 1859
501 1859
500 1859
499 1859
498 1860
497 1860
496 1861
495 1861
494 1862
493 1862
492 1863
491 1863
490 1864
489 1864
488 1864
487 1864
486 1865
485 1866
484 1866
483 1866
482 1867
481 1867
480 1868
479 1868
478 1869
477 1870
476 1870
476 1871
475 1872
474 1872
473 1873
472 1874
471 1874
470 1875
469 1876
468 1877
467 1878
466 1878
466 1879
465 1880
464 1880
464 1881
463 1882
462 1882
462 1883
461 1884
460 1884
460 1885
459 1886
458 1886
458 1887
457 1888
456 1888
456 1889
455 1890
454 1891
454 1892
453 1893
453 1894
453 1895
453 1896
453 1897
453 1898
454 1899
454 1900
455 1901
456 1902
456 1903
457 1903
458 1904
458 1905
459 1906
460 1907
460 1908
461 1909
462 1910
463 1911
464 1912
464 1913
465 1913
466 1914
467 1915
468 1916
469 1917
470 1917
471 1917
472 1918
473 1919
474 1919
475 1919
476 1919
477 1920
478 1920
479 1920
480 1920
481 1921
482 1921
483 1921
484 1922
485 1923
486 1923
487 1923
488 1923
489 1924
490 1924
491 1924
492 1924
493 1923
494 1923
495 1923
496 1923
497 1922
498 1922
499 1922
500 1922
501 1923
502 1923
503 1923
504 1923
505 1924
506 1924
507 1924
508 1924
509 1925
510 1925
511 1925
512 1925
513 1926
514 1926
515 1926
516 1926
517 1926
518 1926
519 1925
520 1925
521 1925
522 1925
523 1924
524 1924
525 1925
526 1925
527 1925
528 1925
529 1926
530 1926
531 1926
532 1926
533 1926
534 1926
535 1927
536 1927
537 1927
538 1927
539 1928
540 1928
541 1929
542 1929
543 1929
544 1930
545 1931
546 1931
547 1931
548 1931
549 1932
550 1932
551 1933
552 1933
553 1934
554 1934
555 1935
556 1935
557 1936
558 1936
559 1937
560 1937
561 1937
562 1938
563 1939
564 1939
565 1939
566 1940
567 1941
568 1941
569 1941
570 1942
571 1943
572 1943
573 1943
574 1943
575 1944
576 1944
577 1944
578 1944
579 1945
580 1945
581 1945
582 1945
583 1946
584 1946
585 1946
586 1946
587 1946
588 1946
589 1947
590 1947
591 1948
592 1948
593 1949
594 1950
595 1951
596 1951
597 1951
598 1951
599 1952
600 1952
601 1952
602 1952
603 1952
604 1952
605 1953
606 1953
607 1953
608 1954
609 1955
610 1955
611 1955
612 1955
613 1956
614 1956
615 1956
616 1956
617 1956
618 1956
619 1957
620 1957
621 1958
622 1958
623 1959
624 1959
625 1960
626 1960
627 1960
628 1960
629 1960
630 1960
631 1961
632 1961
633 1961
634 1961
635 1962
636 1962
637 1962
638 1962
639 1962
640 1962
641 1961
642 1961
643 1961
644 1961
645 1960
646 1960
647 1960
648 1960
649 1961
650 1961
651 1962
652 1962
653 1963
654 1963
655 1964
656 1964
657 1964
658 1964
659 1964
660 1964
661 1965
662 1965
663 1965
664 1965
665 1965
666 1965
667 1965
668 1965
669 1964
670 1964
671 1964
672 1964
673 1964
674 1964
675 1964
676 1964
677 1964
678 1964
679 1963
680 1963
681 1962
682 1961
683 1961
684 1960
685 1959
686 1959
687 1958
688 1958
689 1958
690 1958
691 1957
692 1957
693 1956
694 1956
695 1955
696 1955
697 1954
698 1954
699 1953
700 1953
701 1953
702 1953
703 1952
704 1952
705 1952
706 1952
707 1952
708 1952
709 1952
710 1952
711 1952
712 1952
713 1952
714 1952
715 1952
716 1952
717 1952
718 1952
719 1952
720 1952
721 1952
722 1952
723 1951
724 1951
725 1951
726 1951
727 1950
728 1949
729 1949
730 1949
731 1948
732 1947
733 1947
734 1947
735 1946
736 1946
737 1946
738 1946
739 1945
740 1945
741 1945
742 1945
743 1944
744 1943
745 1943
746 1943
747 1942
748 1941
749 1941
750 1941
751 1940
752 1939
753 1939
754 1939
755 1938
756 1937
757 1937
758 1937
759 1936
760 1936
761 1935
762 1935
763 1934
764 1934
765 1933
766 1933
767 1932
768 1931
769 1931
770 1931
771 1930
772 1929
773 1928
774 1927
775 1927
775 1926
776 1925
777 1924
777 1923
778 1922
778 1921
778 1920
778 1919
779 1918
779 1917
780 1916
780 1915
781 1914
782 1913
783 1912
783 1911
783 1910
783 1909
784 1908
784 1907
784 1906
784 1905
784 1904
784 1903
784 1902
784 1901
784 1900
784 1899
784 1898
784 1897
784 1896
784 1895
784 1894
784 1893
784 1892
784 1891
784 1890
784 1889
784 1888
784 1887
784 1886
784 1885
784 1884
784 1883
783 1882
783 1881
783 1880
783 1879
782 1878
782 1877
782 1876
782 1875
782 1874
782 1873
782 1872
782 1871
781 1870
781 1869
781 1868
781 1867
780 1866
780 1865
779 1864
779 1863
778 1862
777 1861
776 1860
775 1859
774 1858
773 1858
772 1857
771 1856
770 1856
769 1855
768 1854
767 1853
766 1852
765 1852
764 1851
763 1850
762 1850
761 1849
761 1848
760 1848
759 1847
759 1846
758 1846
757 1845
757 1844
756 1844
755 1843
755 1842
754 1842
753 1841
753 1840
752 1840
751 1839
751 1838
750 1838
749 1837
749 1836
748 1836
747 1835
747 1834
746 1833
745 1832
745 1831
744 1830
743 1829
742 1828
741 1827
740 1826
739 1826
738 1825
737 1825
736 1824
735 1824
734 1824
733 1824
732 1823
731 1823
730 1823
729 1823
728 1823
727 1823
726 1823
725 1823
724 1823
723 1823
722 1823
721 1823
720 1823
719 1823
718 1823
717 1823
716 1822
715 1822
714 1822
713 1822
712 1821
711 1821
710 1821
709 1821
708 1820
707 1820
706 1820
705 1820
704 1819
703 1819
702 1818
701 1818
700 1817
699 1817
698 1816
697 1816
696 1815
695 1815
694 1814
693 1814
692 1814
691 1814
690 1813
689 1813
688 1813
687 1813
686 1813
685 1813
684 1812
683 1812
682 1812
681 1812
680 1811
679 1811
678 1811
677 1811
676 1810
675 1810
674 1810
673 1810
672 1809
671 1809
670 1809
669 1809
668 1809
667 1809
666 1809
665 1809
664 1809
663 1809
662 1809
661 1809
660 1808
659 1808
658 1808
657 1808
656 1807
655 1807
654 1807
653 1807
652 1807
651 1807
650 1807
649 1807
648 1807
647 1807
646 1807
645 1807
