985 1563
984 1564
983 1564
982 1565
982 1566
981 1567
980 1567
979 1568
978 1569
977 1569
976 1569
975 1569
974 1569
973 1569
972 1570
971 1570
970 1570
969 1571
968 1572
967 1572
966 1573
965 1574
964 1575
963 1576
962 1576
961 1577
960 1578
959 1578
958 1579
957 1580
956 1581
955 1582
954 1582
953 1583
952 1584
951 1584
950 1585
949 1586
948 1586
947 1587
946 1587
945 1587
944 1588
943 1588
942 1589
941 1590
940 1591
939 1592
938 1592
937 1593
936 1594
935 1594
934 1595
933 1596
932 1596
931 1597
930 1598
929 1598
928 1598
927 1599
926 1599
925 1599
924 1600
923 1600
922 1600
921 1600
920 1601
919 1601
918 1601
917 1601
916 1601
915 1601
914 1601
913 1601
912 1601
911 1601
910 1601
909 1600
908 1600
907 1600
906 1599
905 1599
904 1599
903 1599
902 1599
901 1599
900 1599
899 1599
898 1599
897 1599
896 1599
895 1599
894 1599
893 1599
892 1599
891 1599
890 1599
889 1599
888 1598
887 1598
886 1598
885 1598
884 1597
883 1597
882 1597
881 1597
880 1597
879 1597
878 1597
877 1597
876 1597
875 1597
874 1597
873 1597
872 1597
871 1597
870 1597
869 1597
868 1597
867 1597
866 1597
865 1597
864 1597
863 1597
862 1597
861 1597
860 1597
859 1597
858 1597
857 1597
856 1597
855 1597
854 1598
853 1598
852 1598
851 1599
850 1600
849 1600
848 1600
847 1601
846 1601
845 1601
844 1602
843 1602
842 1602
841 1603
840 1604
839 1604
838 1604
837 1605
836 1605
835 1605
834 1606
833 1606
832 1606
831 1607
830 1608
829 1608
828 1608
827 1609
826 1609
825 1609
824 1610
823 1610
822 1610
821 1611
820 1611
819 1611
818 1612
817 1612
816 1613
815 1614
814 1614
813 1615
812 1615
811 1615
810 1616
809 1616
808 1617
807 1618
806 1618
805 1619
804 1619
803 1619
802 1619
801 1619
800 1620
799 1620
798 1620
797 1621
796 1621
795 1621
794 1621
793 1621
792 1622
791 1622
790 1623
789 1624
788 1624
787 1624
786 1625
785 1625
784 1625
783 1625
782 1626
781 1626
780 1626
779 1627
778 1627
777 1627
776 1628
775 1628
774 1629
773 1630
772 1630
771 1630
770 1631
769 1631
768 1632
767 1632
766 1633
765 1634
764 1635
764 1636
763 1637
763 1638
763 1639
763 1640
763 1641
763 1642
763 1643
763 1644
763 1645
763 1646
763 1647
763 1648
764 1649
764 1650
764 1651
765 1652
766 1653
766 1654
767 1655
768 1655
769 1656
770 1657
771 1657
772 1657
773 1658
774 1658
775 1658
776 1658
777 1658
778 1658
779 1658
780 1658
781 1658
782 1658
783 1658
784 1658
785 1658
786 1658
787 1658
788 1658
789 1658
790 1658
791 1658
792 1658
793 1658
794 1658
795 1658
796 1658
797 1658
798 1658
799 1658
800 1658
801 1658
802 1658
803 1658
804 1658
805 1658
806 1658
807 1658
808 1658
809 1658
810 1658
811 1658
812 1658
813 1658
814 1658
815 1658
816 1658
817 1658
818 1658
819 1658
820 1658
821 1658
822 1658
823 1658
824 1658
825 1658
826 1658
827 1658
828 1658
829 1658
830 1658
831 1658
832 1658
833 1658
834 1658
835 1657
836 1657
837 1657
838 1656
839 1656
840 1656
841 1656
842 1656
843 1656
844 1656
845 1656
846 1656
847 1656
848 1656
849 1656
850 1656
851 1656
852 1657
853 1657
854 1657
855 1658
856 1658
857 1658
858 1658
859 1658
860 1658
861 1658
862 1658
863 1658
864 1658
865 1658
866 1658
867 1658
868 1658
869 1658
870 1658
871 1658
872 1658
873 1658
874 1658
875 1658
876 1658
877 1658
878 1658
879 1658
880 1658
881 1658
882 1658
883 1658
884 1658
885 1659
886 1659
887 1659
888 1660
889 1661
890 1661
891 1662
892 1663
893 1663
894 1663
895 1664
896 1665
897 1665
898 1666
899 1667
900 1668
901 1669
902 1670
903 1671
904 1671
905 1672
906 1673
907 1673
908 1674
909 1675
910 1676
910 1677
911 1678
911 1679
911 1680
912 1681
912 1682
912 1683
913 1684
913 1685
913 1686
914 1687
914 1688
914 1689
915 1690
915 1691
915 1692
916 1693
916 1694
916 1695
917 1696
917 1697
917 1698
917 1699
917 1700
918 1701
918 1702
918 1703
919 1704
919 1705
919 1706
920 1707
920 1708
920 1709
921 1710
921 1711
921 1712
921 1713
921 1714
922 1715
922 1716
923 1717
924 1718
925 1719
926 1720
927 1721
928 1722
929 1723
930 1724
931 1725
932 1725
933 1726
934 1727
935 1728
936 1729
937 1730
938 1731
938 1732
938 1733
939 1734
940 1735
940 1736
940 1737
940 1738
941 1739
941 1740
941 1741
941 1742
942 1743
942 1744
942 1745
943 1746
943 1747
944 1748
945 1749
946 1750
947 1751
948 1751
949 1752
950 1753
951 1753
952 1753
953 1754
954 1754
955 1754
956 1754
957 1754
958 1754
959 1754
960 1754
961 1754
962 1754
963 1754
964 1754
965 1753
966 1753
967 1753
968 1752
969 1752
970 1752
971 1752
972 1752
973 1751
974 1751
975 1750
976 1749
977 1749
978 1748
979 1747
980 1747
981 1747
982 1746
983 1746
984 1746
985 1746
986 1746
987 1745
988 1745
989 1744
990 1743
991 1743
992 1743
993 1742
994 1742
995 1742
996 1742
997 1742
998 1742
999 1741
1000 1741
1001 1741
1002 1740
1003 1740
1004 1740
1005 1740
1006 1740
1007 1739
1008 1739
1009 1739
1010 1738
1011 1738
1012 1738
1013 1737
1014 1737
1015 1737
1016 1737
1017 1736
1018 1736
1019 1736
1020 1736
1021 1736
1022 1736
1023 1736
1024 1736
1025 1736
1026 1736
1027 1736
1028 1736
1029 1736
1030 1736
1031 1736
1032 1736
1033 1736
1034 1736
1035 1736
1036 1736
1037 1736
1038 1736
1039 1736
1040 1736
1041 1736
1042 1736
1043 1736
1044 1736
1045 1736
1046 1736
1047 1736
1048 1736
1049 1736
1050 1736
1051 1736
1052 1736
1053 1736
1054 1736
1055 1736
1056 1736
1057 1736
1058 1736
1059 1736
1060 1736
1061 1736
1062 1736
1063 1736
1064 1736
1065 1736
1066 1736
1067 1736
1068 1736
1069 1736
1070 1736
1071 1736
1072 1736
1073 1736
1074 1736
1075 1735
1076 1734
1077 1734
1078 1733
1079 1732
1080 1732
1081 1732
1082 1732
1083 1732
1084 1732
1085 1732
1086 1732
1087 1732
1088 1732
1089 1732
1090 1732
1091 1732
1092 1732
1093 1732
1094 1732
1095 1731
1096 1731
1097 1731
1098 1731
1099 1730
1100 1730
1101 1730
1102 1730
1103 1730
1104 1730
1105 1730
1106 1730
1107 1730
1108 1730
1109 1729
1110 1729
1111 1729
1112 1728
1113 1728
1114 1727
1115 1727
1116 1726
1117 1725
1118 1725
1119 1725
1120 1725
1121 1724
1122 1724
1123 1723
1124 1723
1125 1722
1126 1721
1127 1721
1127 1720
1128 1719
1129 1719
1129 1718
1130 1717
1131 1716
1132 1715
1132 1714
1133 1713
1134 1712
1134 1711
1135 1710
1135 1709
1136 1708
1136 1707
1136 1706
1136 1705
1136 1704
1136 1703
1136 1702
1136 1701
1135 1700
1135 1699
1134 1698
1134 1697
1133 1696
1133 1695
1132 1694
1132 1693
1132 1692
1132 1691
1132 1690
1132 1689
1132 1688
1132 1687
1132 1686
1132 1685
1132 1684
1132 1683
1132 1682
1132 1681
1132 1680
1132 1679
1133 1678
1133 1677
1134 1676
1134 1675
1135 1674
1136 1673
1137 1672
1138 1671
1139 1671
1139 1670
1140 1669
1141 1669
1141 1668
1141 1667
1142 1666
1142 1665
1142 1664
1142 1663
1142 1662
1142 1661
1142 1660
1142 1659
1142 1658
1142 1657
1142 1656
1142 1655
1142 1654
1142 1653
1142 1652
1142 1651
1142 1650
1142 1649
1142 1648
1142 1647
1142 1646
1142 1645
1142 1644
1142 1643
1142 1642
1142 1641
1142 1640
1142 1639
1142 1638
1142 1637
1142 1636
1142 1635
1142 1634
1142 1633
1142 1632
1142 1631
1142 1630
1142 1629
1142 1628
1142 1627
1142 1626
1142 1625
1141 1624
1141 1623
1141 1622
1141 1621
1140 1620
1140 1619
1140 1618
1140 1617
1139 1616
1139 1615
1138 1614
1137 1613
1136 1612
1135 1611
1134 1610
1133 1609
1132 1608
1131 1608
1130 1607
1129 1606
1128 1606
1127 1605
1126 1604
1125 1603
1124 1602
1123 1601
1122 1600
1121 1599
1120 1598
1119 1597
1119 1596
1118 1596
1117 1595
1116 1594
1115 1593
1114 1592
1113 1591
1112 1590
1111 1589
1110 1588
1109 1588
1108 1587
1107 1587
1106 1586
1105 1586
1104 1586
1103 1585
1102 1584
1101 1584
1100 1583
1099 1582
1098 1582
1097 1582
1096 1581
1095 1581
1094 1580
1093 1580
1092 1580
1091 1579
1090 1578
1089 1578
1088 1577
1087 1577
1086 1577
1085 1576
1084 1576
1083 1576
1082 1575
1081 1575
1080 1575
1079 1575
1078 1575
1077 1575
1076 1575
1075 1575
1074 1575
1073 1575
1072 1575
1071 1575
1070 1574
1069 1574
1068 1574
1067 1574
1066 1573
1065 1573
1064 1573
1063 1573
1062 1573
1061 1573
1060 1573
1059 1573
1058 1573
1057 1573
1056 1573
1055 1573
1054 1573
1053 1573
1052 1573
1051 1573
1050 1573
1049 1573
1048 1573
1047 1573
1046 1573
1045 1573
1044 1573
1043 1572
1042 1572
1041 1572
1040 1571
1039 1571
1038 1571
1037 1571
1036 1571
1035 1571
1034 1571
1033 1570
1032 1570
1031 1570
1030 1569
1029 1569
1028 1569
1027 1568
1026 1568
1025 1568
1024 1567
1023 1566
1022 1566
1021 1566
1020 1565
1019 1565
1018 1565
1017 1564
1016 1564
1015 1564
1014 1563
1013 1563
1012 1563
1011 1563
1010 1563
1009 1563
1008 1563
1007 1563
1006 1563
1005 1563
1004 1563
1003 1563
1002 1563
1001 1563
1000 1563
999 1563
998 1563
997 1563
996 1563
995 1563
994 1563
993 1563
992 1563
991 1563
990 1563
989 1563
988 1563
987 1563
986 1563
985 1563
