3083 2681
3082 2682
3081 2682
3080 2682
3079 2683
3078 2683
3077 2683
3076 2684
3075 2684
3074 2685
3073 2686
3072 2687
3071 2688
3070 2688
3069 2689
3068 2689
3067 2689
3066 2689
3065 2689
3064 2689
3063 2689
3062 2690
3061 2690
3060 2690
3059 2691
3058 2691
3057 2691
3056 2691
3055 2691
3054 2691
3053 2691
3052 2692
3051 2692
3050 2692
3049 2693
3048 2693
3047 2693
3046 2694
3045 2694
3044 2694
3043 2695
3042 2695
3041 2695
3040 2696
3039 2696
3038 2697
3037 2698
3036 2699
3035 2700
3034 2701
3034 2702
3033 2703
3033 2704
3033 2705
3033 2706
3033 2707
3033 2708
3033 2709
3033 2710
3033 2711
3033 2712
3033 2713
3033 2714
3033 2715
3033 2716
3033 2717
3033 2718
3033 2719
3034 2720
3035 2720
3036 2720
3037 2720
3038 2721
3039 2721
3040 2721
3041 2722
3042 2722
3043 2723
3044 2724
3045 2724
3046 2724
3047 2724
3048 2724
3049 2724
3050 2724
3051 2724
3052 2724
3053 2724
3054 2724
3055 2724
3056 2724
3057 2724
3058 2724
3059 2724
3060 2724
3061 2724
3062 2724
3063 2723
3064 2723
3065 2723
3066 2723
3067 2722
3068 2722
3069 2722
3070 2722
3071 2721
3072 2721
3073 2721
3074 2720
3075 2720
3076 2720
3077 2719
3078 2719
3079 2719
3080 2719
3081 2718
3082 2718
3083 2718
3084 2718
3085 2718
3086 2718
3087 2718
3088 2718
3089 2718
3090 2719
3091 2719
3092 2720
3093 2721
3094 2722
3095 2723
3096 2724
3096 2725
3097 2725
3098 2726
3099 2727
3100 2728
3101 2729
3102 2729
3103 2730
3104 2730
3105 2730
3106 2731
3107 2731
3108 2731
3109 2732
3110 2733
3111 2733
3112 2733
3113 2734
3114 2734
3115 2734
3116 2734
3117 2734
3118 2734
3119 2734
3120 2734
3121 2734
3122 2734
3123 2734
3124 2735
3125 2735
3126 2735
3127 2736
3128 2736
3129 2736
3130 2736
3131 2736
3132 2736
3133 2736
3134 2736
3135 2736
3136 2736
3137 2736
3138 2736
3139 2736
3140 2736
3141 2736
3142 2736
3143 2735
3144 2735
3145 2735
3146 2734
3147 2734
3148 2734
3149 2734
3150 2734
3151 2734
3152 2734
3153 2734
3154 2734
3155 2734
3156 2734
3157 2734
3158 2734
3159 2734
3160 2734
3161 2734
3162 2734
3163 2734
3164 2734
3165 2734
3166 2734
3167 2734
3168 2734
3169 2734
3170 2734
3171 2733
3172 2733
3173 2733
3174 2732
3175 2732
3176 2732
3177 2732
3178 2732
3179 2732
3180 2732
3181 2731
3182 2731
3183 2731
3184 2730
3185 2730
3186 2730
3187 2730
3188 2730
3189 2729
3190 2729
3191 2729
3192 2728
3193 2728
3194 2728
3195 2728
3196 2728
3197 2727
3198 2727
3199 2727
3200 2726
3201 2726
3202 2726
3203 2725
3204 2725
3205 2725
3206 2725
3207 2724
3208 2724
3209 2723
3210 2723
3211 2722
3212 2721
3213 2721
3214 2720
3215 2720
3216 2720
3217 2719
3218 2719
3219 2719
3220 2718
3221 2717
3222 2717
3223 2716
3224 2715
3225 2715
3226 2714
3227 2713
3228 2713
3229 2712
3229 2711
3230 2710
3230 2709
3230 2708
3230 2707
3230 2706
3230 2705
3230 2704
3230 2703
3230 2702
3230 2701
3229 2700
3229 2699
3228 2698
3227 2697
3226 2696
3225 2696
3224 2695
3223 2694
3222 2694
3221 2694
3220 2693
3219 2693
3218 2693
3217 2692
3216 2692
3215 2692
3214 2691
3213 2691
3212 2691
3211 2691
3210 2690
3209 2690
3208 2690
3207 2690
3206 2689
3205 2689
3204 2689
3203 2688
3202 2688
3201 2688
3200 2687
3199 2687
3198 2687
3197 2687
3196 2687
3195 2687
3194 2686
3193 2686
3192 2686
3191 2686
3190 2685
3189 2685
3188 2685
3187 2685
3186 2685
3185 2685
3184 2685
3183 2684
3182 2684
3181 2684
3180 2683
3179 2683
3178 2683
3177 2683
3176 2683
3175 2683
3174 2683
3173 2683
3172 2683
3171 2683
3170 2683
3169 2683
3168 2683
3167 2683
3166 2683
3165 2683
3164 2683
3163 2683
3162 2683
3161 2683
3160 2683
3159 2683
3158 2683
3157 2683
3156 2683
3155 2683
3154 2683
3153 2683
3152 2683
3151 2683
3150 2683
3149 2683
3148 2683
3147 2683
3146 2682
3145 2682
3144 2682
3143 2682
3142 2681
3141 2681
3140 2681
3139 2681
3138 2681
3137 2681
3136 2681
3135 2681
3134 2681
3133 2681
3132 2681
3131 2681
3130 2681
3129 2681
3128 2681
3127 2681
3126 2681
3125 2681
3124 2681
3123 2681
3122 2681
3121 2681
3120 2681
3119 2681
3118 2681
3117 2681
3116 2681
3115 2681
3114 2681
3113 2681
3112 2681
3111 2681
3110 2681
3109 2681
3108 2681
3107 2681
3106 2681
3105 2681
3104 2681
3103 2681
3102 2681
3101 2681
3100 2681
3099 2681
3098 2681
3097 2681
3096 2681
3095 2681
3094 2681
3093 2681
3092 2681
3091 2681
3090 2681
3089 2681
3088 2681
3087 2681
3086 2681
3085 2681
3084 2681
3083 2681
