2193 1721
2192 1722
2191 1722
2190 1722
2189 1722
2188 1723
2187 1723
2186 1723
2185 1723
2184 1723
2183 1723
2182 1723
2181 1723
2180 1723
2179 1723
2178 1723
2177 1723
2176 1723
2175 1723
2174 1723
2173 1723
2172 1723
2171 1723
2170 1723
2169 1723
2168 1723
2167 1723
2166 1723
2165 1723
2164 1723
2163 1723
2162 1723
2161 1723
2160 1723
2159 1723
2158 1723
2157 1723
2156 1723
2155 1723
2154 1724
2153 1724
2152 1724
2151 1724
2150 1725
2149 1725
2148 1725
2147 1725
2146 1725
2145 1725
2144 1725
2143 1725
2142 1725
2141 1725
2140 1725
2139 1725
2138 1725
2137 1725
2136 1725
2135 1725
2134 1725
2133 1725
2132 1725
2131 1725
2130 1725
2129 1725
2128 1725
2127 1725
2126 1725
2125 1725
2124 1725
2123 1725
2122 1725
2121 1725
2120 1725
2119 1725
2118 1725
2117 1725
2116 1725
2115 1725
2114 1726
2113 1726
2112 1726
2111 1726
2110 1727
2109 1727
2108 1727
2107 1727
2106 1727
2105 1727
2104 1727
2103 1727
2102 1727
2101 1727
2100 1727
2099 1727
2098 1727
2097 1727
2096 1727
2095 1727
2094 1727
2093 1727
2092 1727
2091 1727
2090 1727
2089 1727
2088 1728
2087 1728
2086 1728
2085 1729
2084 1729
2083 1729
2082 1729
2081 1729
2080 1729
2079 1729
2078 1729
2077 1729
2076 1729
2075 1729
2074 1730
2073 1730
2072 1730
2071 1730
2070 1731
2069 1731
2068 1731
2067 1731
2066 1731
2065 1731
2064 1731
2063 1731
2062 1731
2061 1731
2060 1731
2059 1731
2058 1731
2057 1731
2056 1731
2055 1731
2054 1731
2053 1731
2052 1731
2051 1731
2050 1731
2049 1731
2048 1731
2047 1731
2046 1731
2045 1731
2044 1731
2043 1731
2042 1731
2041 1731
2040 1731
2039 1731
2038 1731
2037 1731
2036 1731
2035 1731
2034 1731
2033 1731
2032 1731
2031 1731
2030 1731
2029 1731
2028 1731
2027 1731
2026 1732
2025 1732
2024 1732
2023 1732
2022 1733
2021 1733
2020 1733
2019 1733
2018 1733
2017 1733
2016 1733
2015 1733
2014 1733
2013 1733
2012 1733
2011 1733
2010 1733
2009 1733
2008 1733
2007 1733
2006 1733
2005 1733
2004 1733
2003 1733
2002 1733
2001 1733
2000 1734
1999 1734
1998 1734
1997 1734
1996 1735
1995 1735
1994 1735
1993 1735
1992 1735
1991 1735
1990 1735
1989 1735
1988 1735
1987 1735
1986 1735
1985 1735
1984 1735
1983 1735
1982 1735
1981 1735
1980 1735
1979 1735
1978 1735
1977 1735
1976 1735
1975 1735
1974 1735
1973 1735
1972 1735
1971 1735
1970 1735
1969 1735
1968 1735
1967 1735
1966 1735
1965 1735
1964 1735
1963 1735
1962 1735
1961 1735
1960 1736
1959 1736
1958 1736
1957 1736
1956 1737
1955 1737
1954 1737
1953 1737
1952 1737
1951 1737
1950 1737
1949 1737
1948 1737
1947 1737
1946 1737
1945 1737
1944 1737
1943 1737
1942 1737
1941 1737
1940 1737
1939 1737
1938 1737
1937 1737
1936 1737
1935 1737
1934 1738
1933 1738
1932 1738
1931 1739
1930 1739
1929 1739
1928 1739
1927 1739
1926 1739
1925 1739
1924 1739
1923 1739
1922 1739
1921 1739
1920 1739
1919 1739
1918 1739
1917 1739
1916 1739
1915 1739
1914 1740
1913 1740
1912 1740
1911 1741
1910 1741
1909 1741
1908 1741
1907 1741
1906 1741
1905 1741
1904 1741
1903 1741
1902 1741
1901 1741
1900 1742
1899 1742
1898 1742
1897 1743
1896 1743
1895 1743
1894 1743
1893 1743
1892 1743
1891 1743
1890 1743
1889 1743
1888 1744
1887 1744
1886 1744
1885 1745
1884 1745
1883 1745
1882 1745
1881 1745
1880 1745
1879 1745
1878 1746
1877 1746
1876 1746
1875 1747
1874 1747
1873 1747
1872 1747
1871 1747
1870 1747
1869 1747
1868 1748
1867 1748
1866 1748
1865 1749
1864 1749
1863 1749
1862 1749
1861 1749
1860 1749
1859 1749
1858 1749
1857 1749
1856 1749
1855 1749
1854 1749
1853 1749
1852 1749
1851 1749
1850 1749
1849 1749
1848 1750
1847 1750
1846 1750
1845 1751
1844 1751
1843 1751
1842 1751
1841 1751
1840 1752
1839 1752
1838 1753
1838 1754
1837 1755
1836 1756
1836 1757
1835 1758
1834 1759
1833 1760
1832 1761
1832 1762
1831 1763
1830 1764
1830 1765
1830 1766
1829 1767
1829 1768
1829 1769
1829 1770
1829 1771
1829 1772
1829 1773
1829 1774
1829 1775
1829 1776
1829 1777
1829 1778
1829 1779
1829 1780
1829 1781
1829 1782
1829 1783
1829 1784
1829 1785
1829 1786
1829 1787
1828 1788
1828 1789
1828 1790
1827 1791
1827 1792
1827 1793
1827 1794
1827 1795
1827 1796
1827 1797
1827 1798
1828 1799
1828 1800
1829 1801
1830 1802
1831 1803
1832 1803
1833 1804
1834 1804
1835 1804
1836 1804
1837 1804
1838 1804
1839 1804
1840 1804
1841 1804
1842 1804
1843 1804
1844 1804
1845 1804
1846 1804
1847 1804
1848 1804
1849 1804
1850 1804
1851 1804
1852 1804
1853 1804
1854 1804
1855 1804
1856 1804
1857 1804
1858 1804
1859 1804
1860 1804
1861 1804
1862 1804
1863 1804
1864 1804
1865 1804
1866 1804
1867 1804
1868 1804
1869 1804
1870 1804
1871 1804
1872 1804
1873 1804
1874 1804
1875 1804
1876 1804
1877 1804
1878 1804
1879 1804
1880 1804
1881 1804
1882 1804
1883 1804
1884 1804
1885 1804
1886 1804
1887 1804
1888 1804
1889 1804
1890 1804
1891 1804
1892 1804
1893 1804
1894 1804
1895 1804
1896 1804
1897 1804
1898 1804
1899 1804
1900 1804
1901 1804
1902 1804
1903 1804
1904 1804
1905 1804
1906 1804
1907 1803
1908 1803
1909 1803
1910 1803
1911 1802
1912 1802
1913 1802
1914 1802
1915 1802
1916 1802
1917 1802
1918 1802
1919 1802
1920 1802
1921 1802
1922 1802
1923 1802
1924 1802
1925 1802
1926 1802
1927 1802
1928 1802
1929 1802
1930 1802
1931 1802
1932 1802
1933 1802
1934 1802
1935 1801
1936 1801
1937 1801
1938 1801
1939 1800
1940 1800
1941 1800
1942 1800
1943 1800
1944 1800
1945 1800
1946 1800
1947 1800
1948 1800
1949 1799
1950 1799
1951 1799
1952 1799
1953 1798
1954 1798
1955 1798
1956 1798
1957 1797
1958 1797
1959 1797
1960 1797
1961 1796
1962 1796
1963 1796
1964 1796
1965 1796
1966 1796
1967 1796
1968 1796
1969 1795
1970 1795
1971 1795
1972 1794
1973 1794
1974 1794
1975 1794
1976 1794
1977 1794
1978 1794
1979 1794
1980 1794
1981 1794
1982 1794
1983 1794
1984 1794
1985 1794
1986 1794
1987 1794
1988 1794
1989 1794
1990 1794
1991 1794
1992 1794
1993 1794
1994 1794
1995 1794
1996 1794
1997 1794
1998 1794
1999 1794
2000 1794
2001 1793
2002 1793
2003 1793
2004 1793
2005 1792
2006 1792
2007 1792
2008 1792
2009 1792
2010 1792
2011 1792
2012 1792
2013 1792
2014 1792
2015 1792
2016 1792
2017 1792
2018 1792
2019 1792
2020 1792
2021 1791
2022 1791
2023 1791
2024 1791
2025 1790
2026 1790
2027 1790
2028 1790
2029 1790
2030 1790
2031 1790
2032 1790
2033 1790
2034 1790
2035 1790
2036 1790
2037 1789
2038 1789
2039 1789
2040 1789
2041 1788
2042 1788
2043 1788
2044 1788
2045 1788
2046 1788
2047 1788
2048 1788
2049 1788
2050 1788
2051 1788
2052 1788
2053 1788
2054 1788
2055 1788
2056 1788
2057 1788
2058 1788
2059 1788
2060 1788
2061 1788
2062 1788
2063 1788
2064 1788
2065 1788
2066 1788
2067 1788
2068 1788
2069 1788
2070 1788
2071 1788
2072 1788
2073 1788
2074 1788
2075 1788
2076 1788
2077 1788
2078 1788
2079 1788
2080 1788
2081 1788
2082 1788
2083 1788
2084 1788
2085 1788
2086 1788
2087 1788
2088 1788
2089 1788
2090 1788
2091 1788
2092 1788
2093 1788
2094 1788
2095 1789
2096 1789
2097 1789
2098 1789
2099 1790
2100 1790
2101 1790
2102 1790
2103 1790
2104 1790
2105 1790
2106 1790
2107 1790
2108 1790
2109 1790
2110 1790
2111 1790
2112 1790
2113 1790
2114 1790
2115 1790
2116 1790
2117 1790
2118 1790
2119 1790
2120 1790
2121 1790
2122 1790
2123 1790
2124 1790
2125 1790
2126 1790
2127 1790
2128 1790
2129 1790
2130 1790
2131 1790
2132 1790
2133 1790
2134 1790
2135 1790
2136 1790
2137 1790
2138 1790
2139 1790
2140 1790
2141 1790
2142 1790
2143 1790
2144 1790
2145 1790
2146 1790
2147 1791
2148 1791
2149 1791
2150 1791
2151 1792
2152 1792
2153 1792
2154 1792
2155 1792
2156 1792
2157 1792
2158 1792
2159 1792
2160 1792
2161 1792
2162 1792
2163 1793
2164 1793
2165 1793
2166 1793
2167 1794
2168 1794
2169 1795
2170 1795
2171 1795
2172 1795
2173 1796
2174 1796
2175 1796
2176 1796
2177 1796
2178 1796
2179 1797
2180 1797
2181 1797
2182 1797
2183 1798
2184 1798
2185 1798
2186 1798
2187 1799
2188 1799
2189 1799
2190 1799
2191 1800
2192 1800
2193 1800
2194 1800
2195 1800
2196 1800
2197 1800
2198 1800
2199 1800
2200 1800
2201 1801
2202 1801
2203 1801
2204 1801
2205 1802
2206 1802
2207 1802
2208 1802
2209 1802
2210 1802
2211 1802
2212 1802
2213 1802
2214 1802
2215 1802
2216 1802
2217 1802
2218 1802
2219 1802
2220 1802
2221 1802
2222 1802
2223 1802
2224 1802
2225 1802
2226 1802
2227 1802
2228 1802
2229 1802
2230 1802
2231 1802
2232 1802
2233 1802
2234 1802
2235 1802
2236 1802
2237 1802
2238 1802
2239 1802
2240 1802
2241 1802
2242 1802
2243 1802
2244 1802
2245 1802
2246 1802
2247 1802
2248 1802
2249 1802
2250 1802
2251 1802
2252 1802
2253 1802
2254 1802
2255 1801
2256 1801
2257 1801
2258 1801
2259 1800
2260 1800
2261 1800
2262 1800
2263 1800
2264 1800
2265 1800
2266 1800
2267 1799
2268 1799
2269 1799
2270 1798
2271 1797
2272 1797
2273 1797
2274 1796
2275 1796
2276 1795
2277 1794
2278 1793
2279 1792
2280 1791
2280 1790
2281 1789
2281 1788
2281 1787
2282 1786
2282 1785
2283 1784
2283 1783
2283 1782
2284 1781
2285 1780
2285 1779
2286 1778
2286 1777
2286 1776
2286 1775
2286 1774
2286 1773
2286 1772
2286 1771
2286 1770
2286 1769
2285 1768
2285 1767
2285 1766
2284 1765
2283 1764
2283 1763
2282 1762
2282 1761
2281 1760
2281 1759
2280 1758
2280 1757
2280 1756
2280 1755
2280 1754
2280 1753
2279 1752
2279 1751
2279 1750
2279 1749
2278 1748
2278 1747
2278 1746
2278 1745
2278 1744
2278 1743
2277 1742
2277 1741
2276 1740
2275 1739
2274 1738
2273 1737
2273 1736
2272 1735
2272 1734
2272 1733
2272 1732
2273 1731
2273 1730
2273 1729
2273 1728
2273 1727
2272 1726
2271 1725
2270 1724
2269 1724
2268 1723
2267 1723
2266 1723
2265 1722
2264 1722
2263 1722
2262 1721
2261 1721
2260 1721
2259 1721
2258 1721
2257 1721
2256 1721
2255 1721
2254 1721
2253 1721
2252 1721
2251 1721
2250 1721
2249 1721
2248 1721
2247 1721
2246 1721
2245 1721
2244 1721
2243 1721
2242 1721
2241 1721
2240 1721
2239 1721
2238 1721
2237 1721
2236 1721
2235 1721
2234 1721
2233 1721
2232 1721
2231 1721
2230 1721
2229 1721
2228 1721
2227 1721
2226 1721
2225 1721
2224 1721
2223 1721
2222 1721
2221 1721
2220 1721
2219 1721
2218 1721
2217 1721
2216 1721
2215 1721
2214 1721
2213 1721
2212 1721
2211 1721
2210 1721
2209 1721
2208 1721
2207 1721
2206 1721
2205 1721
2204 1721
2203 1721
2202 1721
2201 1721
2200 1721
2199 1721
2198 1721
2197 1721
2196 1721
2195 1721
2194 1721
2193 1721
