1663 765
1662 766
1661 766
1660 766
1659 766
1658 767
1657 767
1656 767
1655 767
1654 767
1653 767
1652 767
1651 767
1650 767
1649 767
1648 767
1647 767
1646 767
1645 767
1644 767
1643 767
1642 768
1641 768
1640 768
1639 768
1638 769
1637 769
1636 770
1635 770
1634 770
1633 770
1632 771
1631 771
1630 771
1629 771
1628 772
1627 772
1626 772
1625 772
1624 773
1623 773
1622 773
1621 773
1620 773
1619 773
1618 773
1617 773
1616 773
1615 773
1614 774
1613 774
1612 774
1611 774
1610 775
1609 775
1608 775
1607 775
1606 775
1605 775
1604 775
1603 775
1602 776
1601 776
1600 776
1599 776
1598 777
1597 777
1596 777
1595 777
1594 777
1593 777
1592 777
1591 777
1590 777
1589 777
1588 777
1587 777
1586 777
1585 777
1584 777
1583 777
1582 777
1581 777
1580 777
1579 777
1578 777
1577 777
1576 777
1575 777
1574 778
1573 778
1572 778
1571 778
1570 779
1569 780
1568 781
1567 782
1566 782
1566 783
1565 784
1564 785
1564 786
1563 787
1563 788
1563 789
1563 790
1563 791
1563 792
1563 793
1563 794
1564 795
1564 796
1564 797
1564 798
1565 799
1565 800
1566 801
1566 802
1566 803
1566 804
1567 805
1567 806
1567 807
1567 808
1568 809
1568 810
1569 811
1570 812
1570 813
1571 813
1572 814
1572 815
1573 816
1574 817
1574 818
1575 819
1575 820
1575 821
1575 822
1576 823
1576 824
1576 825
1576 826
1577 827
1578 828
1578 829
1578 830
1579 831
1580 832
1581 833
1582 834
1582 835
1583 836
1584 837
1584 838
1585 839
1586 840
1587 841
1588 842
1589 843
1590 843
1591 844
1592 845
1593 845
1594 846
1595 847
1596 848
1597 849
1598 849
1599 850
1600 851
1601 851
1602 852
1602 853
1603 853
1604 854
1605 855
1606 856
1607 857
1608 857
1609 857
1610 858
1611 859
1612 859
1613 860
1614 860
1615 861
1616 861
1617 862
1618 862
1619 862
1620 862
1621 862
1622 862
1623 863
1624 863
1625 863
1626 864
1627 865
1628 865
1629 866
1630 866
1631 867
1632 868
1633 869
1634 869
1635 869
1636 870
1637 871
1638 871
1639 871
1640 871
1641 872
1642 872
1643 872
1644 872
1645 872
1646 872
1647 872
1648 872
1649 872
1650 872
1651 872
1652 872
1653 873
1654 873
1655 873
1656 873
1657 874
1658 874
1659 875
1660 875
1661 875
1662 875
1663 876
1664 876
1665 876
1666 876
1667 876
1668 876
1669 876
1670 876
1671 876
1672 876
1673 876
1674 876
1675 876
1676 876
1677 876
1678 876
1679 876
1680 876
1681 876
1682 876
1683 876
1684 876
1685 876
1686 876
1687 876
1688 876
1689 876
1690 876
1691 876
1692 876
1693 876
1694 876
1695 875
1696 875
1697 875
1698 875
1699 874
1700 874
1701 874
1702 874
1703 874
1704 874
1705 874
1706 874
1707 874
1708 874
1709 873
1710 873
1711 873
1712 873
1713 872
1714 872
1715 872
1716 872
1717 872
1718 872
1719 871
1720 871
1721 871
1722 871
1723 870
1724 870
1725 870
1726 870
1727 870
1728 870
1729 869
1730 869
1731 869
1732 869
1733 868
1734 868
1735 868
1736 868
1737 868
1738 868
1739 868
1740 868
1741 867
1742 867
1743 867
1744 867
1745 866
1746 866
1747 866
1748 866
1749 865
1750 865
1751 865
1752 865
1753 864
1754 864
1755 864
1756 864
1757 863
1758 863
1759 863
1760 863
1761 862
1762 861
1763 861
1764 861
1765 860
1766 860
1767 860
1768 860
1769 859
1770 859
1771 859
1772 859
1773 858
1774 857
1775 857
1776 857
1777 856
1778 855
1779 855
1780 855
1781 854
1782 854
1783 853
1784 853
1785 852
1786 851
1787 851
1788 850
1789 849
1790 849
1791 848
1792 848
1793 847
1794 847
1795 847
1796 847
1797 846
1798 846
1799 845
1800 845
1801 844
1802 843
1803 843
1804 842
1805 841
1806 841
1807 840
1808 840
1809 839
1810 839
1811 839
1812 839
1813 838
1814 837
1815 836
1816 836
1817 835
1818 835
1819 834
1820 833
1821 832
1822 832
1823 831
1824 831
1825 830
1826 829
1827 828
1828 827
1829 827
1829 826
1830 825
1831 825
1832 824
1833 823
1834 823
1835 822
1836 821
1837 820
1838 819
1839 819
1839 818
1840 817
1841 817
1841 816
1842 815
1843 815
1843 814
1844 813
1845 812
1846 811
1847 810
1847 809
1848 808
1848 807
1849 806
1849 805
1849 804
1849 803
1849 802
1849 801
1848 800
1847 799
1846 798
1845 797
1845 796
1844 796
1843 795
1843 794
1842 794
1841 793
1841 792
1840 792
1839 791
1839 790
1838 790
1837 789
1837 788
1836 788
1835 787
1835 786
1834 786
1833 785
1832 784
1831 783
1830 782
1829 782
1828 781
1827 780
1826 780
1825 779
1825 778
1824 778
1823 777
1822 776
1821 776
1820 775
1819 775
1818 775
1817 775
1816 774
1815 774
1814 774
1813 774
1812 773
1811 773
1810 773
1809 773
1808 772
1807 772
1806 772
1805 772
1804 771
1803 771
1802 770
1801 770
1800 770
1799 770
1798 769
1797 769
1796 769
1795 769
1794 769
1793 769
1792 769
1791 769
1790 769
1789 769
1788 769
1787 769
1786 769
1785 769
1784 769
1783 769
1782 769
1781 769
1780 769
1779 769
1778 769
1777 769
1776 769
1775 769
1774 769
1773 769
1772 768
1771 768
1770 768
1769 767
1768 766
1767 766
1766 766
1765 766
1764 765
1763 765
1762 765
1761 765
1760 765
1759 765
1758 765
1757 765
1756 765
1755 765
1754 765
1753 765
1752 765
1751 765
1750 765
1749 765
1748 765
1747 765
1746 765
1745 765
1744 765
1743 765
1742 765
1741 765
1740 765
1739 765
1738 765
1737 765
1736 765
1735 765
1734 766
1733 766
1732 767
1731 768
1730 768
1729 769
1728 770
1727 770
1726 771
1725 771
1724 771
1723 771
1722 771
1721 771
1720 771
1719 771
1718 770
1717 770
1716 770
1715 770
1714 769
1713 769
1712 769
1711 769
1710 769
1709 769
1708 768
1707 768
1706 768
1705 767
1704 766
1703 766
1702 766
1701 766
1700 765
1699 765
1698 765
1697 765
1696 765
1695 765
1694 765
1693 765
1692 765
1691 765
1690 765
1689 765
1688 765
1687 765
1686 765
1685 765
1684 765
1683 765
1682 765
1681 765
1680 765
1679 765
1678 765
1677 765
1676 765
1675 765
1674 765
1673 765
1672 765
1671 765
1670 765
1669 765
1668 765
1667 765
1666 765
1665 765
1664 765
1663 765
