1701 1289
1700 1290
1699 1290
1698 1290
1697 1290
1696 1291
1695 1291
1694 1291
1693 1291
1692 1291
1691 1291
1690 1291
1689 1291
1688 1291
1687 1291
1686 1291
1685 1291
1684 1292
1683 1292
1682 1292
1681 1292
1680 1293
1679 1293
1678 1293
1677 1293
1676 1293
1675 1293
1674 1293
1673 1293
1672 1293
1671 1293
1670 1293
1669 1293
1668 1293
1667 1293
1666 1293
1665 1293
1664 1293
1663 1293
1662 1294
1661 1294
1660 1294
1659 1294
1658 1295
1657 1295
1656 1295
1655 1295
1654 1295
1653 1295
1652 1295
1651 1295
1650 1295
1649 1295
1648 1296
1647 1296
1646 1296
1645 1296
1644 1297
1643 1297
1642 1297
1641 1297
1640 1297
1639 1297
1638 1298
1637 1298
1636 1298
1635 1298
1634 1299
1633 1299
1632 1299
1631 1299
1630 1300
1629 1300
1628 1301
1627 1301
1626 1302
1625 1302
1624 1303
1623 1303
1622 1304
1621 1304
1620 1304
1619 1304
1618 1305
1617 1306
1616 1306
1615 1306
1614 1307
1613 1308
1612 1308
1611 1308
1610 1309
1609 1309
1608 1309
1607 1309
1606 1310
1605 1310
1604 1310
1603 1310
1602 1311
1601 1312
1600 1313
1599 1313
1598 1314
1597 1314
1596 1315
1595 1316
1594 1316
1593 1316
1592 1317
1591 1318
1590 1319
1589 1320
1588 1320
1588 1321
1587 1322
1586 1323
1586 1324
1585 1325
1585 1326
1586 1327
1586 1328
1587 1329
1588 1330
1588 1331
1589 1331
1590 1332
1590 1333
1591 1333
1592 1334
1593 1335
1594 1336
1595 1337
1596 1337
1597 1338
1598 1339
1599 1339
1600 1340
1600 1341
1601 1341
1602 1342
1602 1343
1603 1343
1604 1344
1604 1345
1605 1345
1606 1346
1607 1347
1608 1347
1609 1348
1610 1348
1611 1348
1612 1348
1613 1349
1614 1349
1615 1349
1616 1350
1617 1351
1618 1351
1619 1351
1620 1351
1621 1352
1622 1352
1623 1352
1624 1352
1625 1352
1626 1352
1627 1352
1628 1352
1629 1352
1630 1352
1631 1352
1632 1352
1633 1352
1634 1352
1635 1352
1636 1352
1637 1352
1638 1352
1639 1352
1640 1352
1641 1352
1642 1352
1643 1352
1644 1352
1645 1352
1646 1352
1647 1352
1648 1352
1649 1352
1650 1352
1651 1352
1652 1352
1653 1352
1654 1352
1655 1352
1656 1352
1657 1352
1658 1352
1659 1352
1660 1352
1661 1352
1662 1352
1663 1352
1664 1352
1665 1352
1666 1352
1667 1352
1668 1352
1669 1352
1670 1352
1671 1352
1672 1352
1673 1352
1674 1352
1675 1352
1676 1352
1677 1352
1678 1352
1679 1352
1680 1352
1681 1352
1682 1352
1683 1353
1684 1353
1685 1353
1686 1353
1687 1354
1688 1354
1689 1354
1690 1354
1691 1354
1692 1354
1693 1355
1694 1355
1695 1355
1696 1355
1697 1356
1698 1356
1699 1356
1700 1356
1701 1356
1702 1356
1703 1356
1704 1356
1705 1356
1706 1356
1707 1356
1708 1356
1709 1356
1710 1356
1711 1357
1712 1357
1713 1357
1714 1357
1715 1358
1716 1358
1717 1358
1718 1358
1719 1358
1720 1358
1721 1358
1722 1358
1723 1359
1724 1359
1725 1359
1726 1359
1727 1360
1728 1360
1729 1361
1730 1361
1731 1361
1732 1361
1733 1362
1734 1362
1735 1362
1736 1362
1737 1363
1738 1363
1739 1363
1740 1363
1741 1364
1742 1364
1743 1364
1744 1364
1745 1364
1746 1364
1747 1363
1748 1363
1749 1363
1750 1363
1751 1362
1752 1361
1753 1360
1754 1360
1755 1359
1756 1359
1757 1358
1758 1357
1759 1356
1760 1355
1761 1355
1761 1354
1762 1353
1763 1353
1764 1352
1765 1351
1766 1351
1767 1350
1768 1349
1769 1348
1770 1348
1771 1347
1772 1347
1773 1346
1774 1345
1775 1345
1776 1345
1777 1344
1778 1343
1779 1343
1780 1343
1781 1342
1782 1341
1783 1341
1784 1341
1785 1340
1786 1339
1787 1338
1788 1337
1789 1336
1789 1335
1789 1334
1789 1333
1790 1332
1790 1331
1790 1330
1790 1329
1790 1328
1790 1327
1790 1326
1790 1325
1790 1324
1790 1323
1789 1322
1789 1321
1789 1320
1789 1319
1788 1318
1788 1317
1787 1316
1787 1315
1787 1314
1787 1313
1786 1312
1785 1311
1784 1310
1783 1309
1783 1308
1782 1308
1781 1307
1781 1306
1780 1306
1779 1305
1779 1304
1778 1304
1777 1303
1777 1302
1776 1302
1775 1301
1775 1300
1774 1300
1773 1299
1773 1298
1772 1298
1771 1297
1771 1296
1770 1296
1769 1295
1768 1294
1767 1294
1766 1293
1765 1293
1764 1292
1763 1292
1762 1292
1761 1292
1760 1291
1759 1291
1758 1291
1757 1291
1756 1290
1755 1290
1754 1290
1753 1290
1752 1289
1751 1289
1750 1289
1749 1289
1748 1289
1747 1289
1746 1289
1745 1289
1744 1289
1743 1289
1742 1289
1741 1289
1740 1289
1739 1289
1738 1289
1737 1289
1736 1289
1735 1289
1734 1289
1733 1289
1732 1289
1731 1289
1730 1289
1729 1289
1728 1289
1727 1289
1726 1289
1725 1289
1724 1289
1723 1289
1722 1289
1721 1289
1720 1289
1719 1289
1718 1289
1717 1289
1716 1289
1715 1289
1714 1289
1713 1289
1712 1289
1711 1289
1710 1289
1709 1289
1708 1289
1707 1289
1706 1289
1705 1289
1704 1289
1703 1289
1702 1289
1701 1289
