2969 727
2968 728
2967 728
2966 728
2965 728
2964 729
2963 729
2962 730
2961 730
2960 730
2959 730
2958 731
2957 731
2956 731
2955 731
2954 731
2953 731
2952 731
2951 731
2950 731
2949 731
2948 732
2947 732
2946 732
2945 732
2944 733
2943 734
2942 734
2941 734
2940 735
2939 736
2938 736
2937 736
2936 737
2935 737
2934 738
2933 738
2932 738
2931 738
2930 739
2929 739
2928 739
2927 739
2926 739
2925 739
2924 739
2923 739
2922 739
2921 739
2920 739
2919 739
2918 739
2917 739
2916 739
2915 739
2914 740
2913 740
2912 740
2911 740
2910 741
2909 742
2908 742
2907 742
2906 743
2905 743
2904 743
2903 743
2902 743
2901 743
2900 743
2899 743
2898 743
2897 743
2896 743
2895 743
2894 744
2893 744
2892 744
2891 744
2890 745
2889 745
2888 746
2887 746
2886 746
2885 746
2884 747
2883 747
2882 747
2881 747
2880 748
2879 748
2878 748
2877 748
2876 749
2875 749
2874 749
2873 749
2872 749
2871 749
2870 749
2869 749
2868 749
2867 749
2866 750
2865 750
2864 750
2863 750
2862 751
2861 751
2860 751
2859 751
2858 752
2857 752
2856 752
2855 752
2854 753
2853 753
2852 752
2851 752
2850 751
2849 750
2848 750
2847 751
2846 752
2845 753
2844 753
2843 754
2842 754
2841 754
2841 755
2840 756
2839 757
2838 758
2837 759
2836 759
2835 760
2834 760
2833 761
2832 761
2831 761
2830 762
2829 763
2828 764
2827 764
2826 765
2825 765
2824 765
2824 766
2824 767
2824 768
2825 769
2826 770
2827 771
2828 772
2829 773
2830 774
2831 775
2832 776
2833 777
2833 778
2833 779
2833 780
2833 781
2833 782
2833 783
2833 784
2833 785
2833 786
2834 787
2834 788
2835 789
2836 790
2837 791
2838 792
2839 792
2840 793
2841 794
2842 794
2843 794
2844 794
2845 794
2846 794
2847 794
2848 794
2849 794
2850 794
2851 793
2852 793
2853 794
2854 794
2855 793
2856 793
2857 794
2858 794
2859 795
2860 795
2861 795
2862 795
2863 796
2864 796
2865 796
2866 796
2867 797
2868 797
2869 797
2870 797
2871 798
2872 798
2873 798
2874 798
2875 798
2876 798
2877 798
2878 798
2879 798
2880 798
2881 798
2882 798
2883 798
2884 798
2885 798
2886 798
2887 798
2888 798
2889 798
2890 798
2891 798
2892 798
2893 798
2894 798
2895 798
2896 798
2897 797
2898 797
2899 797
2900 797
2901 796
2902 796
2903 796
2904 796
2905 796
2906 796
2907 795
2908 795
2909 794
2910 794
2911 793
2912 793
2913 792
2914 792
2915 792
2916 792
2917 792
2918 792
2919 792
2920 792
2921 792
2922 792
2923 792
2924 792
2925 792
2926 792
2927 792
2928 792
2929 792
2930 792
2931 792
2932 792
2933 792
2934 792
2935 792
2936 792
2937 792
2938 792
2939 792
2940 792
2941 792
2942 792
2943 792
2944 792
2945 792
2946 792
2947 792
2948 792
2949 792
2950 792
2951 793
2952 793
2953 793
2954 793
2955 794
2956 794
2957 794
2958 794
2959 794
2960 794
2961 794
2962 794
2963 794
2964 794
2965 795
2966 795
2967 795
2968 795
2969 796
2970 796
2971 797
2972 797
2973 797
2974 797
2975 798
2976 798
2977 798
2978 798
2979 798
2980 798
2981 798
2982 798
2983 798
2984 798
2985 798
2986 798
2987 798
2988 798
2989 798
2990 798
2991 798
2992 798
2993 798
2994 798
2995 798
2996 798
2997 798
2998 798
2999 798
3000 798
3001 798
3002 798
3003 798
3004 798
3005 798
3006 798
3007 798
3008 798
3009 798
3010 798
3011 798
3012 798
3013 798
3014 798
3015 798
3016 798
3017 798
3018 798
3019 798
3020 798
3021 798
3022 798
3023 798
3024 798
3025 798
3026 798
3027 798
3028 798
3029 798
3030 798
3031 799
3032 799
3033 799
3034 800
3035 801
3036 801
3037 801
3038 802
3039 803
3040 803
3041 803
3042 803
3043 804
3044 804
3045 804
3046 804
3047 804
3048 804
3049 804
3050 804
3051 804
3052 804
3053 804
3054 804
3055 804
3056 804
3057 805
3058 805
3059 805
3060 806
3061 807
3062 807
3063 807
3064 807
3065 808
3066 808
3067 809
3068 809
3069 810
3070 810
3071 811
3072 811
3073 812
3074 812
3075 812
3076 812
3077 812
3078 812
3079 813
3080 813
3081 813
3082 813
3083 814
3084 814
3085 815
3086 815
3087 815
3088 815
3089 816
3090 816
3091 816
3092 816
3093 816
3094 816
3095 816
3096 816
3097 816
3098 816
3099 816
3100 816
3101 816
3102 816
3103 816
3104 816
3105 816
3106 816
3107 817
3108 817
3109 817
3110 817
3111 818
3112 818
3113 818
3114 818
3115 818
3116 818
3117 819
3118 819
3119 819
3120 819
3121 820
3122 820
3123 821
3124 821
3125 821
3126 821
3127 822
3128 822
3129 822
3130 822
3131 822
3132 822
3133 822
3134 822
3135 822
3136 822
3137 823
3138 823
3139 823
3140 823
3141 824
3142 824
3143 824
3144 824
3145 824
3146 824
3147 824
3148 824
3149 824
3150 824
3151 825
3152 825
3153 825
3154 825
3155 826
3156 826
3157 826
3158 826
3159 826
3160 826
3161 826
3162 826
3163 826
3164 826
3165 826
3166 826
3167 826
3168 826
3169 826
3170 826
3171 826
3172 826
3173 826
3174 826
3175 826
3176 826
3177 826
3178 826
3179 825
3180 825
3181 824
3182 824
3183 823
3184 823
3185 822
3186 822
3187 821
3188 821
3189 820
3190 819
3191 818
3192 817
3193 816
3193 815
3194 814
3195 813
3195 812
3196 811
3197 811
3197 810
3198 809
3199 809
3199 808
3200 807
3201 807
3201 806
3202 805
3203 804
3203 803
3204 802
3204 801
3205 800
3205 799
3205 798
3205 797
3206 796
3206 795
3206 794
3206 793
3205 792
3205 791
3205 790
3205 789
3204 788
3204 787
3204 786
3204 785
3204 784
3204 783
3204 782
3204 781
3204 780
3204 779
3204 778
3204 777
3204 776
3204 775
3204 774
3204 773
3204 772
3204 771
3203 770
3203 769
3202 768
3202 767
3201 766
3201 765
3200 764
3199 763
3199 762
3199 761
3198 760
3197 759
3196 758
3195 757
3195 756
3194 756
3193 755
3193 754
3192 754
3191 753
3191 752
3190 752
3189 751
3189 750
3188 750
3187 749
3186 748
3185 747
3184 746
3183 746
3182 746
3181 745
3180 744
3179 744
3178 743
3177 743
3176 742
3175 741
3174 740
3173 740
3172 739
3171 738
3170 738
3169 737
3168 736
3167 736
3166 735
3165 735
3164 734
3163 734
3162 734
3161 734
3160 733
3159 733
3158 733
3157 733
3156 732
3155 732
3154 732
3153 732
3152 731
3151 731
3150 731
3149 731
3148 731
3147 731
3146 731
3145 731
3144 731
3143 731
3142 731
3141 731
3140 731
3139 731
3138 731
3137 731
3136 731
3135 731
3134 731
3133 731
3132 731
3131 731
3130 731
3129 731
3128 731
3127 731
3126 731
3125 731
3124 731
3123 731
3122 731
3121 731
3120 731
3119 731
3118 731
3117 731
3116 731
3115 731
3114 731
3113 731
3112 732
3111 732
3110 732
3109 732
3108 733
3107 733
3106 733
3105 733
3104 733
3103 733
3102 733
3101 733
3100 733
3099 733
3098 733
3097 733
3096 733
3095 733
3094 733
3093 733
3092 733
3091 733
3090 733
3089 733
3088 733
3087 733
3086 732
3085 732
3084 732
3083 732
3082 731
3081 731
3080 731
3079 731
3078 731
3077 731
3076 731
3075 731
3074 731
3073 731
3072 731
3071 731
3070 731
3069 731
3068 731
3067 731
3066 731
3065 731
3064 731
3063 731
3062 730
3061 730
3060 729
3059 729
3058 728
3057 728
3056 727
3055 727
3054 727
3053 727
3052 727
3051 727
3050 727
3049 727
3048 728
3047 728
3046 728
3045 728
3044 729
3043 729
3042 729
3041 729
3040 729
3039 729
3038 729
3037 729
3036 729
3035 729
3034 729
3033 729
3032 728
3031 728
3030 728
3029 728
3028 727
3027 727
3026 727
3025 727
3024 727
3023 727
3022 727
3021 727
3020 727
3019 727
3018 727
3017 727
3016 727
3015 727
3014 727
3013 727
3012 727
3011 727
3010 727
3009 727
3008 727
3007 727
3006 727
3005 727
3004 727
3003 727
3002 727
3001 727
3000 727
2999 727
2998 727
2997 727
2996 727
2995 727
2994 727
2993 727
2992 727
2991 727
2990 727
2989 727
2988 727
2987 727
2986 727
2985 727
2984 727
2983 727
2982 727
2981 727
2980 727
2979 727
2978 727
2977 727
2976 727
2975 727
2974 727
2973 727
2972 727
2971 727
2970 727
2969 727
