887 565
886 566
885 566
884 566
883 566
882 567
881 568
880 569
879 570
878 571
878 572
877 573
877 574
877 575
877 576
877 577
877 578
876 579
876 580
876 581
876 582
875 583
875 584
875 585
875 586
875 587
875 588
875 589
875 590
875 591
875 592
875 593
875 594
875 595
875 596
875 597
875 598
874 599
874 600
874 601
874 602
873 603
873 604
873 605
873 606
873 607
873 608
873 609
873 610
873 611
873 612
874 613
874 614
874 615
874 616
875 617
875 618
875 619
875 620
875 621
875 622
875 623
875 624
875 625
875 626
875 627
875 628
876 629
876 630
876 631
876 632
877 633
877 634
876 635
876 636
876 637
875 638
874 639
874 640
874 641
874 642
873 643
873 644
873 645
873 646
873 647
873 648
873 649
873 650
873 651
873 652
873 653
873 654
873 655
873 656
873 657
873 658
874 659
874 660
874 661
874 662
875 663
875 664
876 665
876 666
876 667
876 668
877 669
878 670
879 671
880 672
880 673
881 673
882 674
882 675
883 676
884 677
884 678
885 679
886 680
887 681
888 682
888 683
889 683
890 684
890 685
891 685
892 686
892 687
893 687
894 688
895 689
896 689
897 690
898 690
899 691
900 691
901 692
902 692
903 693
904 693
905 694
906 694
907 694
908 694
909 694
910 694
911 694
912 694
913 694
914 694
915 694
916 694
917 694
918 694
919 694
920 694
921 694
922 694
923 694
924 694
925 694
926 694
927 694
928 694
929 694
930 694
931 694
932 694
933 694
934 694
935 694
936 694
937 694
938 694
939 695
940 695
941 695
942 695
943 695
944 695
945 695
946 695
947 694
948 694
949 695
950 695
951 695
952 695
953 696
954 696
955 696
956 696
957 696
958 696
959 695
960 695
961 695
962 695
963 694
964 694
965 694
966 694
967 694
968 694
969 695
970 695
971 695
972 695
973 696
974 696
975 696
976 696
977 696
978 696
979 696
980 696
981 696
982 696
983 696
984 696
985 696
986 696
987 696
988 696
989 696
990 696
991 696
992 696
993 696
994 696
995 696
996 696
997 696
998 696
999 696
1000 696
1001 696
1002 696
1003 696
1004 696
1005 696
1006 696
1007 696
1008 696
1009 696
1010 696
1011 696
1012 696
1013 696
1014 696
1015 696
1016 696
1017 696
1018 696
1019 696
1020 696
1021 696
1022 696
1023 696
1024 696
1025 696
1026 696
1027 696
1028 696
1029 697
1030 697
1031 697
1032 697
1033 698
1034 698
1035 698
1036 698
1037 699
1038 699
1039 699
1040 699
1041 700
1042 700
1043 700
1044 700
1045 701
1046 701
1047 701
1048 702
1049 703
1050 703
1051 703
1052 703
1053 704
1054 704
1055 704
1056 704
1057 703
1058 703
1059 703
1060 703
1060 702
1061 701
1062 700
1062 699
1063 698
1063 697
1063 696
1064 695
1065 694
1065 693
1065 692
1066 691
1067 690
1067 689
1068 688
1069 687
1069 686
1070 685
1071 685
1071 684
1072 683
1073 683
1074 682
1075 681
1076 681
1077 680
1078 679
1079 679
1080 679
1081 678
1082 678
1083 678
1084 678
1085 678
1086 678
1087 678
1088 678
1089 677
1090 677
1091 676
1092 676
1093 675
1094 675
1095 674
1096 673
1097 672
1098 671
1099 671
1099 670
1100 669
1101 669
1101 668
1102 667
1103 667
1103 666
1104 665
1105 664
1106 663
1107 662
1107 661
1108 660
1108 659
1109 658
1109 657
1110 656
1110 655
1111 654
1111 653
1111 652
1111 651
1112 650
1112 649
1112 648
1112 647
1112 646
1112 645
1112 644
1112 643
1112 642
1112 641
1112 640
1112 639
1111 638
1111 637
1111 636
1111 635
1110 634
1110 633
1110 632
1110 631
1110 630
1110 629
1110 628
1110 627
1110 626
1110 625
1110 624
1110 623
1110 622
1110 621
1110 620
1110 619
1109 618
1109 617
1108 616
1108 615
1107 614
1107 613
1106 612
1105 611
1104 610
1103 609
1103 608
1102 608
1101 607
1101 606
1100 606
1099 605
1099 604
1098 603
1097 602
1097 601
1096 600
1095 599
1094 598
1093 597
1093 596
1092 596
1091 595
1091 594
1090 594
1089 593
1089 592
1088 592
1087 591
1087 590
1086 590
1085 589
1085 588
1084 588
1083 587
1083 586
1082 586
1081 585
1081 584
1080 584
1079 583
1078 582
1077 582
1076 581
1075 581
1074 581
1073 581
1072 581
1071 581
1070 581
1069 581
1068 581
1067 581
1066 581
1065 581
1064 581
1063 581
1062 581
1061 581
1060 581
1059 581
1058 580
1057 580
1056 580
1055 580
1054 579
1053 579
1052 579
1051 579
1050 579
1049 579
1048 579
1047 579
1046 579
1045 579
1044 578
1043 578
1042 578
1041 578
1040 577
1039 577
1038 576
1037 576
1036 575
1035 575
1034 574
1033 574
1032 573
1031 573
1030 573
1029 573
1028 573
1027 573
1026 573
1025 573
1024 573
1023 573
1022 573
1021 573
1020 573
1019 573
1018 573
1017 573
1016 573
1015 573
1014 573
1013 573
1012 573
1011 573
1010 573
1009 573
1008 573
1007 573
1006 573
1005 573
1004 573
1003 573
1002 573
1001 573
1000 573
999 573
998 573
997 573
996 573
995 573
994 573
993 573
992 574
991 574
990 574
989 574
988 575
987 576
986 576
985 576
984 577
983 578
982 578
981 578
980 579
979 579
978 580
977 580
976 580
975 580
974 581
973 582
972 582
971 582
970 583
969 583
968 583
967 583
966 583
965 583
964 583
963 583
962 583
961 583
960 583
959 583
958 583
957 583
956 583
955 583
954 583
953 583
952 583
951 583
950 583
949 583
948 582
947 582
946 582
945 582
944 581
943 581
942 580
941 580
940 580
939 579
938 578
937 578
936 578
935 578
934 577
933 577
932 577
931 577
930 577
929 577
928 577
927 577
926 577
925 577
924 577
923 577
922 577
921 577
920 576
919 576
918 575
917 575
916 574
915 574
914 573
913 573
912 573
911 573
910 573
909 573
908 573
907 573
906 572
905 572
904 572
903 571
902 570
901 570
900 570
899 569
898 568
897 568
896 568
895 567
894 566
893 566
892 566
891 566
890 565
889 565
888 565
887 565
