1039 1003
1038 1004
1037 1004
1036 1004
1035 1005
1034 1005
1033 1005
1032 1006
1031 1006
1030 1007
1029 1008
1028 1009
1027 1010
1026 1011
1025 1012
1024 1013
1023 1014
1022 1014
1021 1014
1020 1015
1019 1015
1018 1015
1017 1015
1016 1015
1015 1015
1014 1015
1013 1014
1012 1014
1011 1014
1010 1013
1009 1013
1008 1013
1007 1013
1006 1013
1005 1013
1004 1013
1003 1013
1002 1013
1001 1013
1000 1014
999 1014
998 1014
997 1015
996 1015
995 1015
994 1015
993 1015
992 1015
991 1015
990 1015
989 1015
988 1015
987 1015
986 1015
985 1015
984 1015
983 1015
982 1015
981 1015
980 1016
979 1016
978 1016
977 1017
976 1017
975 1017
974 1018
973 1018
972 1018
971 1019
970 1019
969 1019
968 1020
967 1020
966 1020
965 1021
964 1021
963 1021
962 1022
961 1022
960 1022
959 1023
958 1023
957 1023
956 1024
955 1024
954 1024
953 1025
952 1026
951 1026
950 1026
949 1027
948 1027
947 1027
946 1028
945 1028
944 1028
943 1029
942 1029
941 1029
940 1030
939 1030
938 1030
937 1031
936 1031
935 1031
934 1031
933 1031
932 1032
931 1032
930 1032
929 1032
928 1033
927 1033
926 1033
925 1033
924 1033
923 1033
922 1033
921 1033
920 1034
919 1034
918 1034
917 1035
916 1035
915 1035
914 1036
913 1036
912 1036
911 1036
910 1037
909 1037
908 1037
907 1037
906 1037
905 1037
904 1037
903 1037
902 1037
901 1037
900 1037
899 1037
898 1037
897 1037
896 1038
895 1038
894 1038
893 1038
892 1039
891 1039
890 1039
889 1039
888 1039
887 1039
886 1039
885 1039
884 1039
883 1039
882 1039
881 1039
880 1039
879 1039
878 1039
877 1039
876 1039
875 1039
874 1039
873 1039
872 1039
871 1039
870 1039
869 1039
868 1039
867 1039
866 1039
865 1039
864 1039
863 1039
862 1039
861 1039
860 1039
859 1039
858 1039
857 1039
856 1039
855 1039
854 1039
853 1039
852 1039
851 1039
850 1039
849 1039
848 1039
847 1039
846 1039
845 1039
844 1039
843 1039
842 1039
841 1039
840 1039
839 1039
838 1040
837 1040
836 1040
835 1041
834 1042
833 1042
832 1042
831 1043
830 1043
829 1043
828 1044
827 1044
826 1044
825 1045
824 1046
823 1046
822 1046
821 1047
820 1048
819 1048
818 1049
817 1050
816 1051
815 1052
814 1053
813 1054
812 1054
811 1055
810 1056
809 1056
808 1057
807 1058
806 1058
805 1059
804 1060
803 1060
802 1060
801 1061
800 1061
799 1061
798 1062
797 1062
796 1062
795 1063
794 1064
793 1064
792 1064
791 1065
790 1065
789 1065
788 1065
787 1065
786 1066
785 1066
784 1067
783 1068
782 1069
781 1070
780 1071
780 1072
779 1073
778 1074
778 1075
777 1076
776 1077
776 1078
775 1079
775 1080
775 1081
775 1082
775 1083
775 1084
775 1085
775 1086
775 1087
775 1088
775 1089
775 1090
776 1091
776 1092
777 1093
778 1094
779 1095
780 1095
781 1096
782 1097
783 1097
784 1097
785 1098
786 1099
787 1099
788 1099
789 1100
790 1100
791 1100
792 1100
793 1101
794 1101
795 1101
796 1101
797 1102
798 1103
799 1103
800 1103
801 1104
802 1104
803 1105
804 1105
805 1105
806 1105
807 1106
808 1107
809 1107
810 1107
811 1108
812 1108
813 1108
814 1109
815 1109
816 1109
817 1110
818 1111
819 1111
820 1111
821 1112
822 1112
823 1113
824 1113
825 1113
826 1113
827 1114
828 1114
829 1115
830 1115
831 1115
832 1115
833 1116
834 1116
835 1116
836 1117
837 1117
838 1117
839 1118
840 1118
841 1118
842 1119
843 1119
844 1119
845 1120
846 1120
847 1120
848 1120
849 1120
850 1120
851 1121
852 1121
853 1121
854 1121
855 1122
856 1122
857 1122
858 1122
859 1122
860 1122
861 1122
862 1122
863 1122
864 1122
865 1122
866 1122
867 1122
868 1122
869 1123
870 1123
871 1123
872 1123
873 1124
874 1124
875 1124
876 1124
877 1124
878 1124
879 1125
880 1125
881 1125
882 1125
883 1126
884 1126
885 1126
886 1126
887 1127
888 1127
889 1127
890 1127
891 1128
892 1129
893 1129
894 1129
895 1130
896 1131
897 1131
898 1131
899 1132
900 1133
901 1133
902 1134
903 1134
904 1135
905 1136
906 1136
907 1137
908 1138
909 1139
910 1140
911 1141
912 1142
913 1143
914 1144
915 1145
916 1146
917 1147
918 1148
919 1149
920 1150
921 1151
922 1152
923 1153
924 1154
925 1155
926 1156
926 1157
927 1158
927 1159
927 1160
927 1161
927 1162
928 1163
928 1164
929 1165
930 1166
930 1167
931 1167
932 1168
932 1169
933 1169
934 1170
935 1171
936 1172
937 1173
938 1174
939 1175
940 1176
941 1177
942 1178
943 1179
944 1180
945 1181
946 1182
947 1183
948 1184
948 1185
948 1186
949 1187
949 1188
950 1189
950 1190
950 1191
951 1192
952 1193
952 1194
953 1195
954 1196
955 1197
956 1197
957 1198
958 1198
959 1198
960 1198
961 1198
962 1198
963 1198
964 1198
965 1198
966 1198
967 1198
968 1198
969 1197
970 1197
971 1197
972 1197
973 1196
974 1196
975 1196
976 1196
977 1196
978 1196
979 1196
980 1196
981 1195
982 1195
983 1195
984 1195
985 1194
986 1194
987 1194
988 1194
989 1194
990 1194
991 1193
992 1193
993 1193
994 1193
995 1192
996 1192
997 1192
998 1192
999 1192
1000 1192
1001 1192
1002 1192
1003 1192
1004 1192
1005 1191
1006 1191
1007 1191
1008 1190
1009 1190
1010 1190
1011 1190
1012 1190
1013 1190
1014 1190
1015 1190
1016 1190
1017 1190
1018 1190
1019 1190
1020 1190
1021 1190
1022 1190
1023 1190
1024 1190
1025 1190
1026 1190
1027 1190
1028 1190
1029 1190
1030 1190
1031 1190
1032 1190
1033 1190
1034 1190
1035 1190
1036 1190
1037 1189
1038 1189
1039 1189
1040 1189
1041 1188
1042 1188
1043 1188
1044 1188
1045 1188
1046 1188
1047 1187
1048 1187
1049 1186
1050 1186
1051 1185
1052 1184
1053 1184
1054 1183
1055 1183
1056 1182
1057 1182
1058 1181
1059 1181
1060 1181
1061 1180
1062 1180
1063 1180
1064 1180
1065 1180
1066 1180
1067 1180
1068 1180
1069 1180
1070 1180
1071 1180
1072 1180
1073 1180
1074 1180
1075 1180
1076 1180
1077 1180
1078 1180
1079 1180
1080 1180
1081 1180
1082 1180
1083 1180
1084 1180
1085 1180
1086 1180
1087 1180
1088 1180
1089 1181
1090 1181
1091 1181
1092 1181
1093 1182
1094 1182
1095 1182
1096 1182
1097 1182
1098 1182
1099 1182
1100 1182
1101 1182
1102 1182
1103 1182
1104 1182
1105 1182
1106 1182
1107 1181
1108 1181
1109 1180
1110 1179
1111 1178
1112 1177
1113 1176
1114 1175
1115 1174
1116 1173
1117 1172
1118 1171
1119 1170
1120 1169
1121 1169
1122 1169
1123 1168
1124 1168
1125 1167
1126 1167
1127 1166
1128 1165
1129 1165
1130 1164
1131 1163
1132 1162
1133 1161
1134 1160
1135 1159
1136 1158
1137 1157
1137 1156
1138 1155
1139 1155
1139 1154
1140 1153
1141 1153
1141 1152
1142 1151
1143 1151
1144 1150
1145 1149
1146 1148
1147 1147
1148 1147
1149 1146
1150 1145
1151 1145
1152 1145
1153 1144
1154 1143
1155 1142
1156 1141
1157 1141
1157 1140
1158 1139
1159 1138
1159 1137
1160 1136
1160 1135
1161 1134
1161 1133
1161 1132
1161 1131
1162 1130
1162 1129
1162 1128
1162 1127
1162 1126
1162 1125
1162 1124
1162 1123
1162 1122
1162 1121
1162 1120
1162 1119
1162 1118
1162 1117
1162 1116
1162 1115
1162 1114
1162 1113
1162 1112
1162 1111
1162 1110
1162 1109
1162 1108
1162 1107
1162 1106
1162 1105
1162 1104
1162 1103
1162 1102
1162 1101
1162 1100
1162 1099
1162 1098
1162 1097
1161 1096
1161 1095
1161 1094
1160 1093
1159 1092
1159 1091
1159 1090
1159 1089
1159 1088
1159 1087
1160 1086
1160 1085
1161 1084
1161 1083
1162 1082
1162 1081
1162 1080
1162 1079
1163 1078
1163 1077
1164 1076
1164 1075
1165 1074
1165 1073
1166 1072
1166 1071
1166 1070
1166 1069
1167 1068
1167 1067
1167 1066
1167 1065
1168 1064
1168 1063
1168 1062
1168 1061
1167 1060
1167 1059
1167 1058
1167 1057
1166 1056
1166 1055
1166 1054
1166 1053
1166 1052
1166 1051
1166 1050
1166 1049
1166 1048
1166 1047
1166 1046
1166 1045
1166 1044
1166 1043
1166 1042
1166 1041
1166 1040
1166 1039
1166 1038
1166 1037
1166 1036
1166 1035
1166 1034
1166 1033
1166 1032
1166 1031
1166 1030
1166 1029
1165 1028
1165 1027
1164 1026
1163 1026
1162 1025
1161 1025
1160 1025
1159 1025
1158 1025
1157 1024
1156 1024
1155 1024
1154 1023
1153 1023
1152 1023
1151 1023
1150 1023
1149 1023
1148 1023
1147 1023
1146 1022
1145 1022
1144 1022
1143 1021
1142 1020
1141 1019
1140 1018
1139 1017
1138 1016
1137 1015
1136 1014
1135 1013
1134 1012
1133 1012
1132 1011
1131 1011
1130 1011
1129 1010
1128 1010
1127 1009
1126 1008
1125 1008
1124 1007
1123 1007
1122 1007
1121 1007
1120 1006
1119 1006
1118 1006
1117 1005
1116 1004
1115 1004
1114 1003
1113 1003
1112 1003
1111 1003
1110 1004
1109 1004
1108 1004
1107 1005
1106 1005
1105 1005
1104 1006
1103 1006
1102 1006
1101 1007
1100 1007
1099 1007
1098 1007
1097 1007
1096 1007
1095 1007
1094 1006
1093 1006
1092 1006
1091 1006
1090 1005
1089 1005
1088 1005
1087 1005
1086 1005
1085 1005
1084 1006
1083 1006
1082 1006
1081 1007
1080 1007
1079 1007
1078 1007
1077 1007
1076 1007
1075 1007
1074 1007
1073 1007
1072 1007
1071 1007
1070 1007
1069 1007
1068 1007
1067 1007
1066 1007
1065 1007
1064 1007
1063 1007
1062 1007
1061 1006
1060 1006
1059 1006
1058 1005
1057 1005
1056 1005
1055 1005
1054 1004
1053 1004
1052 1004
1051 1004
1050 1003
1049 1003
1048 1003
1047 1003
1046 1003
1045 1003
1044 1003
1043 1003
1042 1003
1041 1003
1040 1003
1039 1003
