2103 4519
2102 4520
2101 4520
2100 4520
2099 4521
2098 4522
2097 4522
2096 4522
2095 4523
2094 4524
2093 4524
2092 4524
2091 4525
2090 4525
2089 4525
2088 4525
2087 4525
2086 4526
2085 4526
2084 4527
2083 4527
2082 4528
2081 4529
2080 4530
2079 4530
2078 4531
2077 4531
2076 4532
2075 4532
2074 4533
2073 4533
2072 4533
2071 4533
2070 4533
2069 4533
2068 4533
2067 4533
2066 4532
2065 4532
2064 4532
2063 4532
2062 4531
2061 4531
2060 4531
2059 4531
2058 4531
2057 4531
2056 4531
2055 4531
2054 4531
2053 4531
2052 4531
2051 4531
2050 4531
2049 4531
2048 4531
2047 4531
2046 4531
2045 4531
2044 4531
2043 4531
2042 4531
2041 4531
2040 4531
2039 4531
2038 4531
2037 4531
2036 4531
2035 4531
2034 4531
2033 4531
2032 4531
2031 4531
2030 4531
2029 4531
2028 4531
2027 4531
2026 4531
2025 4531
2024 4531
2023 4531
2022 4531
2021 4531
2020 4531
2019 4531
2018 4531
2017 4531
2016 4531
2015 4531
2014 4531
2013 4531
2012 4532
2011 4532
2010 4532
2009 4532
2008 4533
2007 4533
2006 4533
2005 4533
2004 4533
2003 4533
2002 4533
2001 4533
2000 4533
1999 4533
1998 4533
1997 4533
1996 4533
1995 4533
1994 4533
1993 4533
1992 4533
1991 4533
1990 4533
1989 4533
1988 4533
1987 4533
1986 4533
1985 4533
1984 4533
1983 4533
1982 4533
1981 4533
1980 4533
1979 4533
1978 4533
1977 4533
1976 4533
1975 4533
1974 4533
1973 4533
1972 4533
1971 4533
1970 4533
1969 4533
1968 4533
1967 4533
1966 4533
1965 4533
1964 4533
1963 4533
1962 4533
1961 4533
1960 4533
1959 4533
1958 4533
1957 4533
1956 4532
1955 4532
1954 4532
1953 4532
1952 4531
1951 4531
1950 4531
1949 4531
1948 4531
1947 4531
1946 4531
1945 4531
1944 4531
1943 4531
1942 4532
1941 4532
1940 4532
1939 4533
1938 4533
1937 4533
1936 4533
1935 4533
1934 4533
1933 4533
1932 4534
1931 4534
1930 4535
1930 4536
1929 4537
1929 4538
1929 4539
1929 4540
1930 4541
1930 4542
1930 4543
1930 4544
1931 4545
1931 4546
1931 4547
1931 4548
1932 4549
1932 4550
1933 4551
1934 4551
1935 4552
1936 4552
1937 4552
1938 4553
1939 4553
1940 4553
1941 4554
1942 4554
1943 4554
1944 4554
1945 4554
1946 4554
1947 4555
1948 4555
1949 4555
1950 4555
1951 4556
1952 4556
1953 4556
1954 4557
1955 4557
1956 4557
1957 4558
1958 4558
1959 4558
1960 4559
1961 4559
1962 4559
1963 4560
1964 4560
1965 4560
1966 4560
1967 4560
1968 4559
1969 4559
1970 4559
1971 4560
1972 4561
1973 4561
1974 4561
1975 4562
1976 4562
1977 4562
1978 4562
1979 4562
1980 4562
1981 4563
1982 4563
1983 4563
1984 4563
1985 4564
1986 4564
1987 4564
1988 4564
1989 4564
1990 4565
1991 4565
1992 4565
1993 4566
1994 4566
1995 4566
1996 4566
1997 4566
1998 4566
1999 4566
2000 4566
2001 4567
2002 4567
2003 4567
2004 4567
2005 4568
2006 4568
2007 4568
2008 4568
2009 4568
2010 4568
2011 4568
2012 4568
2013 4569
2014 4569
2015 4569
2016 4569
2017 4570
2018 4570
2019 4571
2020 4571
2021 4571
2022 4571
2023 4572
2024 4572
2025 4572
2026 4572
2027 4573
2028 4573
2029 4573
2030 4573
2031 4574
2032 4574
2033 4574
2034 4574
2035 4574
2036 4574
2037 4574
2038 4574
2039 4575
2040 4575
2041 4575
2042 4575
2043 4576
2044 4576
2045 4576
2046 4576
2047 4576
2048 4576
2049 4576
2050 4576
2051 4576
2052 4576
2053 4576
2054 4576
2055 4576
2056 4576
2057 4576
2058 4576
2059 4576
2060 4576
2061 4576
2062 4576
2063 4576
2064 4576
2065 4576
2066 4576
2067 4576
2068 4576
2069 4576
2070 4576
2071 4576
2072 4576
2073 4576
2074 4576
2075 4576
2076 4576
2077 4576
2078 4576
2079 4576
2080 4576
2081 4576
2082 4576
2083 4575
2084 4575
2085 4575
2086 4574
2087 4574
2088 4574
2089 4573
2090 4573
2091 4573
2092 4573
2093 4572
2094 4572
2095 4572
2096 4572
2097 4572
2098 4572
2099 4572
2100 4572
2101 4572
2102 4572
2103 4572
2104 4572
2105 4572
2106 4572
2107 4572
2108 4572
2109 4571
2110 4571
2111 4571
2112 4571
2113 4570
2114 4570
2115 4570
2116 4570
2117 4569
2118 4569
2119 4569
2120 4569
2121 4568
2122 4568
2123 4567
2124 4567
2125 4566
2126 4565
2127 4565
2128 4564
2129 4563
2130 4563
2131 4563
2132 4562
2133 4561
2134 4561
2135 4560
2136 4559
2137 4558
2138 4557
2139 4557
2139 4556
2140 4555
2141 4554
2141 4553
2142 4552
2142 4551
2142 4550
2142 4549
2142 4548
2142 4547
2142 4546
2142 4545
2142 4544
2142 4543
2142 4542
2142 4541
2142 4540
2142 4539
2141 4538
2141 4537
2141 4536
2140 4535
2139 4534
2139 4533
2139 4532
2139 4531
2138 4530
2138 4529
2137 4528
2137 4527
2136 4526
2135 4526
2134 4525
2133 4524
2132 4524
2131 4524
2130 4523
2129 4522
2128 4522
2127 4522
2126 4521
2125 4521
2124 4521
2123 4521
2122 4521
2121 4521
2120 4521
2119 4521
2118 4521
2117 4521
2116 4521
2115 4521
2114 4521
2113 4521
2112 4520
2111 4520
2110 4520
2109 4520
2108 4519
2107 4519
2106 4519
2105 4519
2104 4519
2103 4519
