1073 2847
1072 2848
1071 2848
1070 2848
1069 2849
1068 2849
1067 2849
1066 2850
1065 2850
1064 2850
1063 2850
1062 2851
1061 2851
1060 2851
1059 2851
1058 2851
1057 2851
1056 2851
1055 2851
1054 2851
1053 2851
1052 2851
1051 2851
1050 2852
1049 2852
1048 2852
1047 2853
1046 2853
1045 2853
1044 2853
1043 2853
1042 2854
1041 2854
1040 2854
1039 2855
1038 2855
1037 2855
1036 2855
1035 2855
1034 2855
1033 2855
1032 2855
1031 2855
1030 2855
1029 2855
1028 2854
1027 2854
1026 2854
1025 2854
1024 2853
1023 2853
1022 2853
1021 2853
1020 2853
1019 2853
1018 2853
1017 2853
1016 2853
1015 2853
1014 2853
1013 2853
1012 2852
1011 2852
1010 2852
1009 2852
1008 2851
1007 2851
1006 2851
1005 2851
1004 2851
1003 2851
1002 2851
1001 2851
1000 2851
999 2851
998 2851
997 2851
996 2851
995 2851
994 2851
993 2851
992 2851
991 2851
990 2851
989 2851
988 2851
987 2851
986 2851
985 2851
984 2851
983 2851
982 2851
981 2851
980 2851
979 2851
978 2851
977 2851
976 2851
975 2851
974 2851
973 2851
972 2851
971 2851
970 2851
969 2851
968 2851
967 2851
966 2851
965 2851
964 2851
963 2851
962 2851
961 2851
960 2851
959 2851
958 2851
957 2851
956 2851
955 2851
954 2851
953 2851
952 2851
951 2851
950 2851
949 2851
948 2851
947 2851
946 2851
945 2851
944 2851
943 2851
942 2851
941 2851
940 2851
939 2851
938 2851
937 2851
936 2851
935 2851
934 2851
933 2851
932 2851
931 2851
930 2851
929 2851
928 2851
927 2851
926 2851
925 2851
924 2851
923 2851
922 2851
921 2851
920 2851
919 2851
918 2851
917 2851
916 2851
915 2851
914 2851
913 2851
912 2851
911 2851
910 2851
909 2851
908 2852
907 2852
906 2852
905 2852
904 2853
903 2853
902 2853
901 2853
900 2853
899 2853
898 2853
897 2853
896 2854
895 2854
894 2854
893 2855
892 2855
891 2855
890 2855
889 2855
888 2855
887 2855
886 2856
885 2856
884 2856
883 2857
882 2857
881 2857
880 2857
879 2857
878 2858
877 2858
876 2858
875 2859
874 2859
873 2859
872 2859
871 2859
870 2859
869 2859
868 2860
867 2860
866 2860
865 2861
864 2861
863 2861
862 2861
861 2861
860 2861
859 2861
858 2862
857 2862
856 2862
855 2863
854 2863
853 2863
852 2864
851 2864
850 2865
850 2866
849 2867
848 2868
848 2869
848 2870
847 2871
847 2872
847 2873
846 2874
846 2875
845 2876
844 2877
844 2878
843 2879
842 2880
842 2881
842 2882
841 2883
840 2884
840 2885
839 2886
838 2887
837 2888
836 2889
836 2890
835 2891
834 2892
834 2893
834 2894
833 2895
832 2896
832 2897
831 2898
830 2899
829 2900
828 2901
828 2902
827 2903
826 2904
826 2905
825 2906
824 2907
824 2908
823 2909
822 2910
822 2911
821 2912
820 2913
819 2914
818 2915
817 2916
816 2916
815 2917
814 2918
813 2918
812 2919
811 2920
810 2920
809 2921
808 2921
807 2921
806 2921
805 2921
804 2922
803 2922
802 2922
801 2923
800 2924
799 2924
798 2925
797 2926
796 2927
795 2928
794 2928
794 2929
793 2930
792 2931
791 2931
790 2932
789 2933
788 2933
787 2933
786 2933
785 2933
784 2934
783 2934
782 2934
781 2935
780 2936
779 2936
778 2936
777 2937
776 2938
775 2938
774 2938
773 2939
772 2940
771 2940
770 2941
769 2942
768 2942
767 2943
766 2944
765 2944
764 2944
763 2945
762 2946
761 2946
760 2946
759 2947
758 2948
757 2948
756 2949
755 2950
754 2951
753 2952
752 2953
751 2954
750 2955
749 2956
748 2957
748 2958
747 2959
747 2960
747 2961
747 2962
747 2963
747 2964
747 2965
747 2966
747 2967
747 2968
748 2969
748 2970
749 2971
750 2972
751 2973
752 2974
753 2974
754 2975
755 2975
756 2976
757 2977
758 2978
759 2979
760 2979
761 2980
762 2981
763 2981
764 2981
765 2982
766 2983
767 2983
768 2983
769 2984
770 2985
771 2985
772 2985
773 2986
774 2986
775 2987
776 2987
777 2987
778 2987
779 2988
780 2989
781 2989
782 2989
783 2990
784 2990
785 2991
786 2991
787 2991
788 2992
789 2992
790 2993
791 2993
792 2993
793 2994
794 2994
795 2994
796 2995
797 2995
798 2995
799 2996
800 2996
801 2996
802 2997
803 2997
804 2997
805 2998
806 2998
807 2998
808 2998
809 2999
810 2999
811 2999
812 2999
813 3000
814 3000
815 3001
816 3001
817 3001
818 3002
819 3003
820 3003
821 3004
822 3005
823 3005
824 3005
825 3006
826 3006
827 3006
828 3007
829 3007
830 3007
831 3008
832 3008
833 3008
834 3009
835 3009
836 3009
837 3010
838 3010
839 3010
840 3010
841 3011
842 3011
843 3011
844 3012
845 3012
846 3013
847 3013
848 3013
849 3014
850 3014
851 3014
852 3015
853 3015
854 3015
855 3016
856 3016
857 3016
858 3016
859 3016
860 3016
861 3016
862 3016
863 3016
864 3016
865 3017
866 3017
867 3017
868 3017
869 3018
870 3018
871 3018
872 3018
873 3018
874 3018
875 3018
876 3018
877 3019
878 3019
879 3019
880 3019
881 3020
882 3020
883 3020
884 3020
885 3020
886 3020
887 3020
888 3020
889 3020
890 3020
891 3020
892 3020
893 3020
894 3020
895 3020
896 3020
897 3020
898 3020
899 3020
900 3020
901 3020
902 3020
903 3020
904 3020
905 3020
906 3020
907 3020
908 3020
909 3020
910 3020
911 3020
912 3020
913 3020
914 3020
915 3020
916 3020
917 3020
918 3020
919 3020
920 3020
921 3020
922 3020
923 3020
924 3020
925 3020
926 3020
927 3020
928 3020
929 3020
930 3020
931 3020
932 3020
933 3020
934 3020
935 3020
936 3020
937 3020
938 3020
939 3020
940 3020
941 3021
942 3021
943 3021
944 3021
945 3022
946 3022
947 3022
948 3022
949 3022
950 3022
951 3022
952 3022
953 3022
954 3022
955 3022
956 3022
957 3022
958 3022
959 3022
960 3022
961 3022
962 3022
963 3022
964 3022
965 3022
966 3022
967 3022
968 3023
969 3023
970 3023
971 3023
972 3024
973 3024
974 3024
975 3024
976 3024
977 3024
978 3024
979 3024
980 3024
981 3024
982 3024
983 3024
984 3024
985 3024
986 3024
987 3024
988 3024
989 3024
990 3024
991 3024
992 3024
993 3024
994 3024
995 3024
996 3024
997 3024
998 3024
999 3024
1000 3024
1001 3024
1002 3024
1003 3024
1004 3024
1005 3024
1006 3024
1007 3024
1008 3024
1009 3024
1010 3024
1011 3024
1012 3024
1013 3024
1014 3024
1015 3024
1016 3024
1017 3024
1018 3024
1019 3023
1020 3023
1021 3023
1022 3022
1023 3022
1024 3022
1025 3021
1026 3021
1027 3021
1028 3021
1029 3020
1030 3020
1031 3020
1032 3020
1033 3020
1034 3020
1035 3020
1036 3020
1037 3020
1038 3020
1039 3019
1040 3019
1041 3019
1042 3019
1043 3018
1044 3018
1045 3018
1046 3018
1047 3018
1048 3018
1049 3018
1050 3018
1051 3018
1052 3018
1053 3017
1054 3017
1055 3017
1056 3016
1057 3015
1058 3015
1059 3015
1060 3015
1061 3014
1062 3014
1063 3014
1064 3014
1065 3014
1066 3014
1067 3013
1068 3013
1069 3013
1070 3012
1071 3012
1072 3012
1073 3011
1074 3011
1075 3011
1076 3010
1077 3010
1078 3010
1079 3009
1080 3009
1081 3009
1082 3008
1083 3007
1084 3007
1085 3007
1086 3007
1087 3006
1088 3006
1089 3006
1090 3006
1091 3005
1092 3005
1093 3005
1094 3004
1095 3003
1096 3003
1097 3002
1098 3002
1099 3001
1100 3001
1101 3000
1102 3000
1103 2999
1104 2999
1105 2998
1106 2997
1107 2997
1108 2996
1109 2995
1110 2995
1111 2994
1112 2994
1113 2993
1114 2992
1115 2992
1116 2991
1117 2991
1118 2990
1119 2989
1120 2989
1121 2988
1122 2988
1123 2987
1124 2986
1125 2985
1126 2985
1127 2984
1127 2983
1128 2982
1128 2981
1128 2980
1129 2979
1129 2978
1129 2977
1130 2976
1130 2975
1130 2974
1130 2973
1130 2972
1130 2971
1130 2970
1130 2969
1130 2968
1130 2967
1130 2966
1130 2965
1130 2964
1130 2963
1131 2962
1131 2961
1131 2960
1131 2959
1132 2958
1132 2957
1132 2956
1132 2955
1132 2954
1132 2953
1132 2952
1132 2951
1132 2950
1132 2949
1132 2948
1132 2947
1132 2946
1132 2945
1131 2944
1131 2943
1131 2942
1131 2941
1130 2940
1130 2939
1130 2938
1130 2937
1129 2936
1129 2935
1129 2934
1128 2933
1128 2932
1128 2931
1127 2930
1127 2929
1127 2928
1127 2927
1126 2926
1126 2925
1126 2924
1126 2923
1125 2922
1125 2921
1125 2920
1124 2919
1124 2918
1124 2917
1123 2916
1123 2915
1123 2914
1122 2913
1122 2912
1122 2911
1121 2910
1121 2909
1121 2908
1120 2907
1120 2906
1120 2905
1119 2904
1119 2903
1119 2902
1118 2901
1117 2900
1117 2899
1117 2898
1117 2897
1116 2896
1116 2895
1115 2894
1115 2893
1115 2892
1114 2891
1113 2890
1113 2889
1113 2888
1112 2887
1111 2886
1111 2885
1111 2884
1110 2883
1109 2882
1109 2881
1109 2880
1108 2879
1107 2878
1107 2877
1107 2876
1106 2875
1105 2874
1105 2873
1105 2872
1104 2871
1104 2870
1104 2869
1104 2868
1104 2867
1104 2866
1104 2865
1104 2864
1104 2863
1104 2862
1104 2861
1103 2860
1103 2859
1103 2858
1102 2857
1101 2856
1101 2855
1100 2854
1099 2853
1099 2852
1098 2851
1098 2850
1098 2849
1098 2848
1097 2847
1096 2847
1095 2847
1094 2847
1093 2847
1092 2847
1091 2847
1090 2847
1089 2847
1088 2847
1087 2847
1086 2847
1085 2847
1084 2847
1083 2847
1082 2847
1081 2847
1080 2847
1079 2847
1078 2847
1077 2847
1076 2847
1075 2847
1074 2847
1073 2847
