593 3661
592 3662
591 3662
590 3662
589 3662
588 3663
587 3663
586 3663
585 3663
584 3663
583 3663
582 3663
581 3663
580 3663
579 3663
578 3663
577 3663
576 3663
575 3663
574 3663
573 3663
572 3663
571 3663
570 3664
569 3664
568 3664
567 3664
566 3665
565 3665
564 3666
563 3666
562 3667
561 3668
560 3668
560 3669
559 3670
558 3671
558 3672
557 3673
557 3674
557 3675
557 3676
557 3677
557 3678
557 3679
557 3680
557 3681
557 3682
556 3683
556 3684
556 3685
556 3686
555 3687
555 3688
555 3689
555 3690
554 3691
554 3692
554 3693
553 3694
552 3695
552 3696
552 3697
552 3698
551 3699
551 3700
551 3701
551 3702
551 3703
551 3704
550 3705
550 3706
550 3707
550 3708
549 3709
549 3710
548 3711
548 3712
547 3713
547 3714
546 3715
546 3716
545 3717
545 3718
545 3719
545 3720
545 3721
545 3722
545 3723
545 3724
545 3725
545 3726
545 3727
545 3728
545 3729
545 3730
544 3731
544 3732
543 3733
543 3734
542 3735
542 3736
541 3737
541 3738
541 3739
541 3740
541 3741
541 3742
541 3743
541 3744
541 3745
541 3746
542 3747
542 3748
542 3749
542 3750
543 3751
544 3752
545 3753
546 3754
546 3755
547 3755
548 3756
549 3757
550 3757
551 3758
552 3758
553 3758
554 3758
555 3758
556 3758
557 3759
558 3759
559 3759
560 3759
561 3760
562 3760
563 3760
564 3760
565 3760
566 3760
567 3760
568 3760
569 3760
570 3760
571 3760
572 3760
573 3760
574 3760
575 3760
576 3760
577 3759
578 3759
579 3759
580 3759
581 3758
582 3758
583 3758
584 3758
585 3758
586 3758
587 3758
588 3758
589 3757
590 3757
591 3757
592 3757
593 3756
594 3756
595 3755
596 3755
597 3755
598 3755
599 3754
600 3754
601 3754
602 3754
603 3753
604 3753
605 3753
606 3753
607 3752
608 3752
609 3752
610 3752
611 3752
612 3752
613 3752
614 3752
615 3752
616 3752
617 3752
618 3752
619 3752
620 3752
621 3752
622 3752
623 3752
624 3752
625 3752
626 3752
627 3752
628 3752
629 3752
630 3752
631 3752
632 3752
633 3752
634 3752
635 3752
636 3752
637 3752
638 3752
639 3751
640 3751
641 3751
642 3751
643 3750
644 3750
645 3750
646 3750
647 3750
648 3750
649 3750
650 3750
651 3749
652 3749
653 3749
654 3749
655 3748
656 3748
657 3748
658 3748
659 3748
660 3748
661 3748
662 3748
663 3748
664 3748
665 3748
666 3748
667 3748
668 3748
669 3748
670 3748
671 3748
672 3748
673 3748
674 3748
675 3748
676 3748
677 3748
678 3748
679 3748
680 3748
681 3748
682 3748
683 3748
684 3748
685 3748
686 3748
687 3748
688 3748
689 3748
690 3748
691 3748
692 3748
693 3748
694 3748
695 3748
696 3748
697 3748
698 3748
699 3749
700 3749
701 3749
702 3749
703 3750
704 3750
705 3750
706 3750
707 3750
708 3750
709 3750
710 3750
711 3750
712 3750
713 3750
714 3750
715 3750
716 3750
717 3750
718 3750
719 3750
720 3750
721 3750
722 3750
723 3750
724 3750
725 3750
726 3750
727 3750
728 3750
729 3751
730 3751
731 3752
732 3753
733 3753
734 3754
735 3755
736 3755
737 3756
738 3756
739 3756
740 3756
741 3755
742 3755
743 3755
744 3755
745 3754
746 3753
747 3753
748 3753
749 3752
750 3751
751 3751
752 3751
753 3750
754 3749
755 3749
756 3749
757 3748
758 3747
759 3747
760 3747
761 3746
762 3745
763 3745
764 3745
765 3744
766 3744
767 3743
768 3743
769 3743
770 3743
771 3742
772 3742
773 3742
774 3742
775 3742
776 3742
777 3742
778 3742
779 3742
780 3742
781 3742
782 3742
783 3742
784 3742
785 3742
786 3742
787 3742
788 3742
789 3742
790 3742
791 3742
792 3742
793 3742
794 3742
795 3743
796 3743
797 3743
798 3743
799 3744
800 3744
801 3744
802 3744
803 3744
804 3744
805 3744
806 3744
807 3744
808 3744
809 3744
810 3744
811 3744
812 3744
813 3744
814 3744
815 3744
816 3744
817 3744
818 3744
819 3744
820 3744
821 3744
822 3744
823 3745
824 3745
825 3745
826 3745
827 3746
828 3746
829 3746
830 3746
831 3746
832 3746
833 3747
834 3747
835 3747
836 3748
837 3749
838 3749
839 3749
840 3749
841 3750
842 3750
843 3750
844 3750
845 3750
846 3750
847 3749
848 3749
849 3749
850 3749
851 3748
852 3747
853 3747
854 3747
855 3746
856 3745
857 3745
858 3745
859 3744
860 3744
861 3743
862 3743
863 3742
864 3741
865 3740
866 3739
867 3738
867 3737
868 3736
869 3735
869 3734
870 3733
871 3733
871 3732
872 3731
873 3731
873 3730
874 3729
875 3729
876 3728
877 3727
878 3727
879 3726
880 3725
881 3724
882 3723
883 3722
883 3721
884 3720
885 3719
885 3718
886 3717
887 3716
888 3715
889 3714
889 3713
890 3712
890 3711
891 3710
891 3709
892 3708
892 3707
892 3706
892 3705
892 3704
892 3703
892 3702
892 3701
891 3701
890 3701
889 3701
888 3701
887 3701
886 3701
885 3701
884 3701
883 3701
882 3701
881 3701
880 3701
879 3701
878 3700
877 3700
876 3700
875 3700
874 3699
873 3699
872 3699
871 3699
870 3699
869 3699
868 3699
867 3699
866 3699
865 3699
864 3698
863 3698
862 3698
861 3697
860 3696
859 3696
858 3696
857 3696
856 3695
855 3695
854 3695
853 3695
852 3695
851 3695
850 3695
849 3695
848 3694
847 3694
846 3694
845 3694
844 3693
843 3693
842 3693
841 3693
840 3693
839 3693
838 3692
837 3692
836 3692
835 3692
834 3691
833 3691
832 3691
831 3691
830 3690
829 3690
828 3690
827 3690
826 3689
825 3689
824 3688
823 3688
822 3688
821 3688
820 3687
819 3687
818 3687
817 3687
816 3687
815 3687
814 3687
813 3687
812 3687
811 3687
810 3687
809 3687
808 3686
807 3686
806 3685
805 3685
804 3684
803 3684
802 3683
801 3683
800 3683
799 3683
798 3683
797 3683
796 3682
795 3682
794 3682
793 3682
792 3681
791 3681
790 3681
789 3681
788 3681
787 3681
786 3681
785 3681
784 3681
783 3681
782 3680
781 3680
780 3680
779 3680
778 3679
777 3679
776 3679
775 3679
774 3679
773 3679
772 3679
771 3679
770 3679
769 3679
768 3679
767 3679
766 3679
765 3679
764 3679
763 3679
762 3679
761 3679
760 3678
759 3678
758 3677
757 3676
756 3676
755 3675
754 3674
753 3674
752 3673
751 3673
750 3673
749 3673
748 3673
747 3673
746 3673
745 3673
744 3672
743 3672
742 3672
741 3672
740 3671
739 3671
738 3671
737 3671
736 3671
735 3671
734 3671
733 3671
732 3671
731 3671
730 3671
729 3671
728 3671
727 3671
726 3670
725 3670
724 3670
723 3670
722 3669
721 3669
720 3669
719 3669
718 3668
717 3668
716 3668
715 3668
714 3667
713 3667
712 3667
711 3667
710 3667
709 3667
708 3667
707 3667
706 3667
705 3667
704 3667
703 3667
702 3667
701 3667
700 3667
699 3667
698 3667
697 3667
696 3667
695 3667
694 3667
693 3667
692 3667
691 3667
690 3667
689 3667
688 3667
687 3667
686 3667
685 3667
684 3667
683 3667
682 3667
681 3667
680 3667
679 3667
678 3667
677 3667
676 3667
675 3667
674 3667
673 3667
672 3667
671 3667
670 3667
669 3667
668 3667
667 3667
666 3667
665 3667
664 3667
663 3667
662 3666
661 3666
660 3666
659 3666
658 3665
657 3665
656 3665
655 3665
654 3665
653 3665
652 3665
651 3665
650 3664
649 3664
648 3664
647 3664
646 3663
645 3663
644 3663
643 3663
642 3663
641 3663
640 3663
639 3663
638 3663
637 3663
636 3663
635 3663
634 3663
633 3663
632 3663
631 3663
630 3663
629 3663
628 3663
627 3663
626 3663
625 3663
624 3662
623 3662
622 3662
621 3662
620 3661
619 3661
618 3661
617 3661
616 3661
615 3661
614 3661
613 3661
612 3661
611 3661
610 3661
609 3661
608 3661
607 3661
606 3661
605 3661
604 3661
603 3661
602 3661
601 3661
600 3661
599 3661
598 3661
597 3661
596 3661
595 3661
594 3661
593 3661
