759 4839
758 4840
757 4840
756 4841
755 4842
754 4842
753 4843
752 4844
751 4844
750 4845
749 4846
748 4847
747 4847
746 4848
745 4848
744 4849
743 4849
742 4849
741 4849
740 4850
739 4850
738 4850
737 4850
736 4851
735 4851
734 4851
733 4851
732 4851
731 4851
730 4851
729 4851
728 4851
727 4851
726 4851
725 4851
724 4851
723 4851
722 4851
721 4851
720 4851
719 4851
718 4851
717 4851
716 4851
715 4851
714 4851
713 4851
712 4851
711 4851
710 4851
709 4851
708 4852
707 4852
706 4852
705 4852
704 4853
703 4853
702 4854
701 4854
700 4854
699 4854
698 4855
697 4856
696 4856
695 4856
694 4857
693 4857
692 4858
691 4858
690 4859
689 4859
688 4860
687 4860
686 4861
685 4861
684 4861
683 4861
682 4861
681 4861
680 4861
679 4861
678 4861
677 4861
676 4861
675 4861
674 4861
673 4861
672 4861
671 4861
670 4861
669 4861
668 4861
667 4861
666 4862
665 4862
664 4862
663 4862
662 4863
661 4863
660 4863
659 4863
658 4864
657 4864
656 4864
655 4864
654 4865
653 4865
652 4865
651 4865
650 4865
649 4865
648 4865
647 4865
646 4865
645 4865
644 4865
643 4865
642 4865
641 4865
640 4865
639 4865
638 4865
637 4865
636 4865
635 4865
634 4865
633 4865
632 4864
631 4864
630 4864
629 4864
628 4863
627 4863
626 4863
625 4863
624 4863
623 4863
622 4862
621 4862
620 4862
619 4862
618 4861
617 4861
616 4861
615 4861
614 4861
613 4861
612 4861
611 4861
610 4860
609 4860
608 4860
607 4860
606 4859
605 4859
604 4859
603 4859
602 4859
601 4859
600 4859
599 4859
598 4859
597 4859
596 4859
595 4859
594 4859
593 4859
592 4859
591 4859
590 4858
589 4858
588 4858
587 4858
586 4857
585 4857
584 4856
583 4856
582 4856
581 4856
580 4855
579 4855
578 4855
577 4855
576 4855
575 4855
574 4855
573 4855
572 4855
571 4855
570 4855
569 4855
568 4855
567 4855
566 4855
565 4855
564 4855
563 4855
562 4855
561 4855
560 4855
559 4855
558 4855
557 4855
556 4855
555 4855
554 4856
553 4856
552 4856
551 4856
550 4857
549 4857
548 4857
547 4857
546 4857
545 4857
544 4857
543 4857
542 4858
541 4858
540 4858
539 4858
538 4859
537 4859
536 4859
535 4859
534 4859
533 4859
532 4859
531 4859
530 4859
529 4859
528 4859
527 4859
526 4859
525 4859
524 4859
523 4859
522 4860
521 4860
520 4860
519 4860
518 4861
517 4861
516 4862
515 4862
514 4862
513 4862
512 4863
511 4863
510 4863
509 4863
508 4864
507 4864
506 4865
505 4866
504 4866
503 4867
502 4868
501 4868
500 4869
499 4870
498 4871
497 4872
496 4873
495 4874
494 4875
494 4876
494 4877
493 4878
492 4879
492 4880
492 4881
491 4882
490 4883
490 4884
490 4885
489 4886
488 4887
488 4888
488 4889
487 4890
486 4891
486 4892
486 4893
486 4894
485 4895
485 4896
485 4897
485 4898
485 4899
485 4900
485 4901
485 4902
485 4903
485 4904
485 4905
485 4906
485 4907
485 4908
485 4909
485 4910
485 4911
485 4912
485 4913
485 4914
485 4915
485 4916
485 4917
485 4918
485 4919
485 4920
485 4921
485 4922
486 4923
486 4924
486 4925
486 4926
487 4927
487 4928
488 4929
488 4930
488 4931
488 4932
489 4933
489 4934
490 4935
490 4936
490 4937
490 4938
491 4939
492 4940
492 4941
492 4942
493 4943
493 4944
493 4945
493 4946
493 4947
493 4948
493 4949
493 4950
493 4951
493 4952
494 4953
494 4954
495 4955
496 4956
496 4957
497 4957
498 4958
498 4959
499 4959
500 4960
501 4961
502 4962
503 4963
504 4963
505 4963
506 4963
507 4964
508 4964
509 4964
510 4964
511 4965
512 4965
513 4965
514 4965
515 4966
516 4966
517 4966
518 4966
519 4966
520 4966
521 4966
522 4966
523 4966
524 4966
525 4966
526 4966
527 4966
528 4966
529 4966
530 4966
531 4966
532 4966
533 4966
534 4966
535 4966
536 4966
537 4966
538 4966
539 4966
540 4966
541 4966
542 4966
543 4966
544 4966
545 4966
546 4966
547 4966
548 4966
549 4966
550 4966
551 4966
552 4966
553 4966
554 4966
555 4966
556 4966
557 4966
558 4966
559 4966
560 4966
561 4966
562 4966
563 4966
564 4966
565 4966
566 4966
567 4966
568 4966
569 4966
570 4966
571 4966
572 4966
573 4966
574 4966
575 4966
576 4966
577 4966
578 4966
579 4966
580 4966
581 4966
582 4966
583 4966
584 4966
585 4966
586 4966
587 4966
588 4966
589 4966
590 4966
591 4966
592 4966
593 4965
594 4965
595 4965
596 4965
597 4964
598 4964
599 4964
600 4964
601 4964
602 4964
603 4964
604 4964
605 4964
606 4964
607 4963
608 4963
609 4963
610 4963
611 4962
612 4962
613 4961
614 4961
615 4961
616 4961
617 4960
618 4959
619 4959
620 4959
621 4958
622 4958
623 4958
624 4958
625 4958
626 4958
627 4958
628 4958
629 4958
630 4958
631 4958
632 4958
633 4958
634 4958
635 4958
636 4958
637 4958
638 4958
639 4958
640 4958
641 4958
642 4958
643 4958
644 4958
645 4958
646 4958
647 4958
648 4958
649 4958
650 4958
651 4959
652 4959
653 4959
654 4959
655 4960
656 4960
657 4960
658 4960
659 4960
660 4960
661 4960
662 4960
663 4960
664 4960
665 4960
666 4960
667 4960
668 4960
669 4960
670 4960
671 4960
672 4960
673 4960
674 4960
675 4960
676 4960
677 4960
678 4960
679 4960
680 4960
681 4960
682 4960
683 4960
684 4960
685 4960
686 4960
687 4960
688 4960
689 4961
690 4961
691 4961
692 4961
693 4962
694 4962
695 4962
696 4962
697 4962
698 4962
699 4962
700 4962
701 4963
702 4963
703 4963
704 4963
705 4964
706 4964
707 4965
708 4965
709 4965
710 4965
711 4966
712 4966
713 4966
714 4966
715 4966
716 4966
717 4966
718 4966
719 4967
720 4967
721 4967
722 4967
723 4968
724 4968
725 4968
726 4968
727 4968
728 4968
729 4968
730 4968
731 4968
732 4968
733 4968
734 4968
735 4968
736 4968
737 4968
738 4968
739 4968
740 4968
741 4968
742 4968
743 4969
744 4969
745 4969
746 4969
747 4970
748 4970
749 4970
750 4970
751 4970
752 4970
753 4970
754 4970
755 4970
756 4970
757 4971
758 4971
759 4971
760 4971
761 4972
762 4972
763 4972
764 4972
765 4972
766 4972
767 4972
768 4972
769 4972
770 4972
771 4972
772 4972
773 4972
774 4972
775 4972
776 4972
777 4972
778 4972
779 4972
780 4972
781 4972
782 4972
783 4972
784 4972
785 4972
786 4972
787 4972
788 4972
789 4972
790 4972
791 4972
792 4972
793 4972
794 4972
795 4972
796 4972
797 4972
798 4972
799 4972
800 4972
801 4972
802 4972
803 4972
804 4972
805 4972
806 4972
807 4972
808 4972
809 4972
810 4972
811 4972
812 4972
813 4971
814 4971
815 4971
816 4971
817 4970
818 4970
819 4970
820 4970
821 4969
822 4969
823 4969
824 4969
825 4968
826 4967
827 4966
828 4965
829 4965
829 4964
830 4963
831 4962
832 4961
833 4960
833 4959
833 4958
834 4957
835 4956
835 4955
835 4954
835 4953
836 4952
836 4951
836 4950
836 4949
835 4948
835 4947
835 4946
835 4945
834 4944
834 4943
834 4942
834 4941
834 4940
834 4939
834 4938
834 4937
833 4936
833 4935
832 4934
831 4933
831 4932
830 4931
829 4930
829 4929
828 4928
828 4927
828 4926
828 4925
828 4924
828 4923
828 4922
828 4921
828 4920
828 4919
828 4918
828 4917
828 4916
828 4915
829 4914
829 4913
829 4912
829 4911
830 4910
830 4909
830 4908
830 4907
830 4906
830 4905
829 4904
829 4903
829 4902
829 4901
828 4900
828 4899
827 4898
827 4897
827 4896
827 4895
826 4894
826 4893
826 4892
826 4891
827 4890
827 4889
827 4888
827 4887
828 4886
828 4885
828 4884
828 4883
828 4882
828 4881
827 4880
827 4879
827 4878
827 4877
826 4876
826 4875
825 4874
825 4873
825 4872
825 4871
824 4870
824 4869
824 4868
824 4867
824 4866
824 4865
823 4864
823 4863
822 4862
821 4861
821 4860
820 4860
819 4859
819 4858
818 4858
817 4857
817 4856
816 4856
815 4855
815 4854
814 4854
813 4853
813 4852
812 4852
811 4851
810 4850
809 4850
808 4849
807 4849
806 4849
805 4849
804 4848
803 4848
802 4847
801 4847
800 4846
799 4846
798 4845
797 4845
796 4845
795 4845
794 4845
793 4845
792 4845
791 4845
790 4845
789 4845
788 4844
787 4844
786 4844
785 4843
784 4842
783 4842
782 4842
781 4842
780 4841
779 4841
778 4840
777 4840
776 4840
775 4840
774 4839
773 4839
772 4839
771 4839
770 4839
769 4839
768 4839
767 4839
766 4839
765 4839
764 4839
763 4839
762 4839
761 4839
760 4839
759 4839
