2057 1033
2056 1034
2055 1034
2054 1034
2053 1035
2052 1036
2051 1036
2050 1036
2049 1037
2048 1038
2047 1038
2046 1038
2045 1039
2044 1040
2043 1040
2042 1040
2041 1041
2040 1042
2039 1042
2038 1042
2037 1043
2036 1044
2035 1045
2034 1045
2033 1046
2032 1046
2031 1047
2030 1048
2029 1048
2028 1048
2027 1049
2026 1049
2025 1049
2024 1050
2023 1050
2022 1050
2021 1051
2020 1052
2019 1053
2018 1053
2017 1054
2016 1054
2015 1055
2014 1055
2013 1055
2012 1056
2011 1056
2010 1056
2009 1057
2008 1057
2007 1057
2006 1058
2005 1058
2004 1058
2003 1059
2002 1059
2001 1059
2000 1060
1999 1060
1998 1061
1997 1062
1996 1062
1995 1063
1994 1063
1993 1063
1992 1064
1991 1064
1990 1064
1989 1065
1988 1065
1987 1065
1986 1065
1985 1065
1984 1066
1983 1066
1982 1066
1981 1067
1980 1068
1979 1068
1978 1068
1977 1069
1976 1069
1975 1069
1974 1069
1973 1069
1972 1070
1971 1070
1970 1070
1969 1071
1968 1072
1967 1072
1966 1072
1965 1073
1964 1073
1963 1073
1962 1074
1961 1074
1960 1074
1959 1075
1958 1075
1957 1075
1956 1076
1955 1076
1954 1076
1953 1077
1952 1078
1951 1078
1950 1078
1949 1079
1948 1080
1947 1080
1946 1080
1945 1081
1944 1081
1943 1081
1942 1081
1941 1081
1940 1082
1939 1083
1938 1083
1937 1084
1936 1084
1935 1085
1934 1086
1933 1086
1932 1086
1931 1087
1930 1087
1929 1087
1928 1087
1927 1087
1926 1088
1925 1089
1924 1089
1923 1090
1922 1090
1921 1091
1920 1092
1919 1092
1918 1092
1917 1093
1916 1093
1915 1093
1914 1093
1913 1093
1912 1093
1911 1093
1910 1093
1909 1093
1908 1093
1907 1093
1906 1094
1905 1095
1904 1095
1903 1096
1902 1097
1902 1098
1901 1099
1901 1100
1901 1101
1901 1102
1901 1103
1901 1104
1901 1105
1901 1106
1901 1107
1901 1108
1901 1109
1901 1110
1901 1111
1901 1112
1902 1113
1902 1114
1902 1115
1903 1116
1903 1117
1903 1118
1904 1119
1904 1120
1905 1121
1906 1121
1907 1122
1908 1122
1909 1122
1910 1122
1911 1122
1912 1122
1913 1122
1914 1122
1915 1122
1916 1123
1917 1123
1918 1123
1919 1124
1920 1124
1921 1124
1922 1124
1923 1124
1924 1124
1925 1124
1926 1124
1927 1124
1928 1124
1929 1124
1930 1124
1931 1124
1932 1124
1933 1124
1934 1124
1935 1124
1936 1124
1937 1124
1938 1124
1939 1124
1940 1124
1941 1124
1942 1124
1943 1124
1944 1124
1945 1124
1946 1124
1947 1124
1948 1124
1949 1124
1950 1124
1951 1124
1952 1124
1953 1124
1954 1124
1955 1124
1956 1124
1957 1124
1958 1124
1959 1124
1960 1124
1961 1124
1962 1124
1963 1124
1964 1124
1965 1124
1966 1124
1967 1124
1968 1124
1969 1124
1970 1124
1971 1124
1972 1124
1973 1124
1974 1124
1975 1124
1976 1125
1977 1125
1978 1125
1979 1126
1980 1126
1981 1126
1982 1126
1983 1126
1984 1126
1985 1126
1986 1126
1987 1126
1988 1126
1989 1126
1990 1126
1991 1126
1992 1126
1993 1126
1994 1126
1995 1126
1996 1127
1997 1127
1998 1127
1999 1128
2000 1128
2001 1128
2002 1128
2003 1128
2004 1128
2005 1128
2006 1128
2007 1128
2008 1128
2009 1128
2010 1128
2011 1128
2012 1129
2013 1129
2014 1129
2015 1130
2016 1130
2017 1130
2018 1130
2019 1130
2020 1130
2021 1130
2022 1131
2023 1131
2024 1131
2025 1132
2026 1132
2027 1132
2028 1132
2029 1132
2030 1132
2031 1132
2032 1133
2033 1133
2034 1133
2035 1134
2036 1134
2037 1134
2038 1134
2039 1134
2040 1134
2041 1134
2042 1135
2043 1135
2044 1135
2045 1136
2046 1136
2047 1136
2048 1136
2049 1136
2050 1136
2051 1136
2052 1137
2053 1137
2054 1137
2055 1138
2056 1138
2057 1138
2058 1138
2059 1138
2060 1139
2061 1139
2062 1139
2063 1140
2064 1140
2065 1140
2066 1140
2067 1140
2068 1141
2069 1141
2070 1142
2071 1143
2072 1144
2073 1144
2074 1145
2075 1146
2076 1147
2077 1147
2078 1147
2079 1148
2080 1148
2081 1148
2082 1149
2083 1149
2084 1150
2085 1151
2086 1152
2087 1153
2088 1154
2089 1154
2090 1155
2091 1156
2092 1157
2093 1157
2094 1157
2095 1158
2096 1159
2097 1159
2098 1159
2099 1160
2100 1160
2101 1160
2102 1160
2103 1160
2104 1160
2105 1160
2106 1160
2107 1160
2108 1160
2109 1160
2110 1160
2111 1160
2112 1160
2113 1160
2114 1160
2115 1160
2116 1160
2117 1160
2118 1160
2119 1159
2120 1159
2121 1158
2121 1157
2122 1156
2123 1155
2124 1155
2125 1154
2126 1154
2127 1154
2128 1154
2129 1154
2130 1154
2131 1154
2132 1155
2133 1155
2134 1155
2135 1156
2136 1156
2137 1156
2138 1156
2139 1156
2140 1156
2141 1156
2142 1156
2143 1156
2144 1157
2145 1157
2146 1157
2147 1158
2148 1158
2149 1157
2150 1157
2151 1157
2152 1156
2153 1155
2154 1155
2155 1155
2156 1154
2157 1153
2158 1153
2159 1153
2160 1153
2161 1152
2162 1152
2163 1151
2164 1151
2165 1151
2166 1150
2167 1149
2168 1149
2169 1149
2170 1148
2171 1147
2172 1147
2173 1147
2174 1147
2175 1146
2176 1146
2177 1146
2178 1146
2179 1145
2180 1145
2181 1145
2182 1145
2183 1144
2184 1144
2185 1144
2186 1144
2187 1144
2188 1144
2189 1144
2190 1145
2191 1145
2192 1145
2193 1146
2194 1146
2195 1146
2196 1146
2197 1146
2198 1146
2199 1146
2200 1146
2201 1145
2202 1145
2203 1144
2204 1143
2205 1142
2205 1141
2206 1140
2206 1139
2207 1138
2207 1137
2208 1136
2208 1135
2209 1134
2209 1133
2210 1132
2210 1131
2210 1130
2210 1129
2211 1128
2211 1127
2212 1126
2212 1125
2213 1124
2213 1123
2214 1122
2214 1121
2214 1120
2214 1119
2214 1118
2214 1117
2214 1116
2214 1115
2214 1114
2214 1113
2214 1112
2214 1111
2214 1110
2214 1109
2214 1108
2214 1107
2214 1106
2214 1105
2214 1104
2214 1103
2214 1102
2214 1101
2214 1100
2214 1099
2214 1098
2214 1097
2213 1096
2213 1095
2213 1094
2212 1093
2211 1092
2211 1091
2210 1090
2209 1089
2208 1088
2207 1087
2206 1086
2205 1085
2204 1084
2203 1083
2202 1082
2201 1081
2200 1080
2199 1080
2198 1079
2197 1078
2196 1078
2195 1078
2194 1077
2193 1077
2192 1077
2191 1076
2190 1076
2189 1076
2188 1075
2187 1075
2186 1075
2185 1074
2184 1074
2183 1074
2182 1073
2181 1073
2180 1073
2179 1072
2178 1072
2177 1072
2176 1071
2175 1070
2174 1070
2173 1070
2172 1069
2171 1069
2170 1069
2169 1069
2168 1069
2167 1068
2166 1068
2165 1068
2164 1067
2163 1066
2162 1066
2161 1066
2160 1065
2159 1065
2158 1065
2157 1065
2156 1065
2155 1064
2154 1064
2153 1064
2152 1063
2151 1062
2150 1062
2149 1062
2148 1061
2147 1061
2146 1061
2145 1061
2144 1061
2143 1061
2142 1061
2141 1060
2140 1060
2139 1059
2138 1058
2137 1058
2136 1057
2135 1057
2134 1057
2133 1057
2132 1057
2131 1056
2130 1056
2129 1056
2128 1055
2127 1054
2126 1054
2125 1054
2124 1053
2123 1053
2122 1053
2121 1053
2120 1053
2119 1052
2118 1052
2117 1051
2116 1050
2115 1050
2114 1049
2113 1049
2112 1049
2111 1049
2110 1049
2109 1049
2108 1049
2107 1049
2106 1049
2105 1049
2104 1049
2103 1048
2102 1048
2101 1048
2100 1047
2099 1047
2098 1047
2097 1047
2096 1047
2095 1047
2094 1047
2093 1047
2092 1047
2091 1047
2090 1047
2089 1046
2088 1046
2087 1046
2086 1045
2085 1045
2084 1045
2083 1045
2082 1045
2081 1044
2080 1044
2079 1044
2078 1043
2077 1043
2076 1043
2075 1043
2074 1043
2073 1042
2072 1042
2071 1041
2070 1040
2069 1040
2068 1039
2067 1038
2066 1038
2065 1038
2064 1037
2063 1036
2062 1036
2061 1035
2060 1034
2059 1034
2058 1033
2057 1033
