1749 911
1748 912
1747 912
1746 912
1745 913
1744 913
1743 913
1742 913
1741 913
1740 913
1739 913
1738 913
1737 913
1736 913
1735 913
1734 913
1733 913
1732 913
1731 913
1730 913
1729 913
1728 914
1727 914
1726 914
1725 915
1724 915
1723 915
1722 915
1721 915
1720 915
1719 915
1718 915
1717 915
1716 915
1715 915
1714 915
1713 915
1712 915
1711 915
1710 916
1709 916
1708 916
1707 917
1706 917
1705 917
1704 918
1703 918
1702 918
1701 919
1700 919
1699 919
1698 919
1697 919
1696 919
1695 919
1694 919
1693 919
1692 919
1691 919
1690 919
1689 919
1688 919
1687 919
1686 919
1685 919
1684 919
1683 919
1682 919
1681 919
1680 919
1679 919
1678 920
1677 920
1676 920
1675 921
1674 921
1673 921
1672 921
1671 921
1670 921
1669 921
1668 921
1667 921
1666 921
1665 921
1664 922
1663 922
1662 922
1661 923
1660 923
1659 923
1658 923
1657 923
1656 923
1655 923
1654 923
1653 923
1652 923
1651 923
1650 924
1649 924
1648 924
1647 925
1646 925
1645 925
1644 925
1643 925
1642 925
1641 925
1640 925
1639 925
1638 925
1637 925
1636 926
1635 926
1634 926
1633 927
1632 927
1631 927
1630 927
1629 927
1628 927
1627 927
1626 927
1625 927
1624 927
1623 927
1622 927
1621 927
1620 927
1619 927
1618 928
1617 928
1616 928
1615 929
1614 929
1613 929
1612 929
1611 929
1610 929
1609 929
1608 929
1607 929
1606 929
1605 929
1604 930
1603 930
1602 930
1601 931
1600 931
1599 931
1598 931
1597 931
1596 931
1595 931
1594 931
1593 931
1592 931
1591 931
1590 931
1589 931
1588 931
1587 931
1586 932
1585 932
1584 932
1583 933
1582 933
1581 933
1580 933
1579 933
1578 933
1577 933
1576 933
1575 933
1574 933
1573 933
1572 933
1571 933
1570 933
1569 933
1568 933
1567 933
1566 933
1565 933
1564 933
1563 933
1562 933
1561 933
1560 933
1559 933
1558 933
1557 933
1556 933
1555 933
1554 933
1553 933
1552 933
1551 933
1550 933
1549 933
1548 933
1547 933
1546 933
1545 933
1544 933
1543 933
1542 933
1541 933
1540 933
1539 933
1538 933
1537 933
1536 933
1535 933
1534 933
1533 933
1532 933
1531 933
1530 933
1529 933
1528 933
1527 933
1526 933
1525 933
1524 934
1523 934
1522 934
1521 935
1520 935
1519 935
1518 935
1517 935
1516 936
1515 936
1514 936
1513 937
1512 937
1511 937
1510 937
1509 937
1508 937
1507 937
1506 937
1505 937
1504 938
1503 938
1502 938
1501 939
1500 939
1499 939
1498 939
1497 939
1496 939
1495 939
1494 940
1493 940
1492 940
1491 941
1490 941
1489 941
1488 941
1487 941
1486 941
1485 941
1484 941
1483 941
1482 941
1481 941
1480 942
1479 942
1478 942
1477 943
1476 943
1475 943
1474 943
1473 943
1472 943
1471 943
1470 943
1469 943
1468 943
1467 943
1466 944
1465 944
1464 944
1463 945
1462 945
1461 945
1460 945
1459 945
1458 945
1457 945
1456 945
1455 945
1454 945
1453 945
1452 946
1451 946
1450 946
1449 947
1448 947
1447 947
1446 947
1445 947
1444 947
1443 947
1442 947
1441 947
1440 948
1439 948
1438 948
1437 949
1436 949
1435 949
1434 949
1433 949
1432 949
1431 949
1430 950
1429 950
1428 950
1427 951
1426 951
1425 951
1424 952
1423 952
1422 952
1421 953
1420 953
1419 953
1418 954
1417 954
1416 954
1415 955
1414 955
1413 955
1412 955
1411 955
1410 956
1409 956
1408 956
1407 957
1406 957
1405 957
1404 958
1403 958
1402 959
1401 959
1400 959
1399 960
1398 960
1397 961
1396 961
1395 962
1394 962
1393 963
1392 964
1391 964
1390 964
1389 965
1388 966
1387 966
1386 966
1385 967
1384 967
1383 967
1382 968
1381 968
1380 969
1379 969
1378 969
1377 970
1376 970
1375 971
1374 971
1373 971
1372 972
1371 972
1370 973
1369 974
1368 974
1367 973
1366 972
1365 972
1364 972
1363 972
1362 972
1361 973
1360 974
1359 974
1358 975
1357 975
1356 975
1355 975
1354 976
1353 976
1352 976
1351 977
1350 978
1349 979
1348 979
1347 979
1346 979
1345 980
1344 980
1343 981
1342 981
1341 981
1340 981
1339 982
1338 982
1337 983
1336 983
1335 984
1334 985
1333 986
1333 987
1333 988
1333 989
1333 990
1334 991
1335 992
1335 993
1335 994
1335 995
1336 996
1337 997
1338 997
1339 998
1339 999
1339 1000
1339 1001
1339 1002
1340 1003
1340 1004
1340 1005
1340 1006
1341 1007
1342 1008
1343 1009
1344 1010
1345 1010
1346 1011
1347 1012
1347 1013
1348 1014
1349 1015
1350 1016
1351 1017
1351 1018
1352 1019
1353 1020
1354 1020
1355 1020
1356 1021
1356 1022
1356 1023
1357 1024
1358 1025
1359 1025
1360 1025
1361 1026
1361 1027
1361 1028
1362 1028
1363 1028
1364 1028
1365 1028
1366 1028
1367 1028
1368 1028
1369 1028
1370 1028
1371 1029
1372 1029
1373 1030
1374 1030
1375 1030
1376 1030
1377 1029
1378 1029
1379 1029
1380 1028
1381 1028
1382 1028
1383 1028
1384 1028
1385 1028
1386 1028
1387 1028
1388 1029
1389 1029
1390 1029
1391 1030
1392 1030
1393 1030
1394 1030
1395 1031
1396 1031
1397 1032
1398 1032
1399 1032
1400 1032
1401 1032
1402 1032
1403 1032
1404 1032
1405 1032
1406 1032
1407 1032
1408 1032
1409 1032
1410 1032
1411 1032
1412 1032
1413 1032
1414 1032
1415 1032
1416 1032
1417 1032
1418 1032
1419 1032
1420 1032
1421 1032
1422 1032
1423 1032
1424 1032
1425 1032
1426 1032
1427 1032
1428 1032
1429 1032
1430 1032
1431 1032
1432 1032
1433 1032
1434 1032
1435 1032
1436 1032
1437 1032
1438 1032
1439 1032
1440 1032
1441 1032
1442 1032
1443 1032
1444 1032
1445 1031
1446 1031
1447 1031
1448 1030
1449 1030
1450 1030
1451 1030
1452 1030
1453 1030
1454 1030
1455 1030
1456 1030
1457 1030
1458 1030
1459 1030
1460 1030
1461 1030
1462 1030
1463 1030
1464 1030
1465 1029
1466 1029
1467 1029
1468 1028
1469 1028
1470 1028
1471 1028
1472 1028
1473 1028
1474 1028
1475 1028
1476 1028
1477 1028
1478 1028
1479 1028
1480 1028
1481 1028
1482 1028
1483 1028
1484 1028
1485 1028
1486 1028
1487 1028
1488 1028
1489 1028
1490 1028
1491 1028
1492 1028
1493 1028
1494 1028
1495 1028
1496 1028
1497 1028
1498 1028
1499 1028
1500 1028
1501 1028
1502 1028
1503 1028
1504 1028
1505 1028
1506 1028
1507 1028
1508 1028
1509 1028
1510 1028
1511 1028
1512 1028
1513 1028
1514 1028
1515 1028
1516 1028
1517 1028
1518 1028
1519 1028
1520 1028
1521 1028
1522 1028
1523 1028
1524 1028
1525 1028
1526 1029
1527 1029
1528 1030
1528 1031
1529 1032
1530 1033
1530 1034
1531 1034
1532 1035
1533 1036
1534 1036
1535 1036
1536 1036
1537 1036
1538 1036
1539 1036
1540 1036
1541 1036
1542 1036
1543 1037
1544 1038
1545 1038
1546 1039
1547 1040
1548 1040
1549 1040
1550 1040
1551 1040
1552 1040
1553 1040
1554 1041
1555 1041
1556 1041
1557 1042
1558 1042
1559 1042
1560 1042
1561 1042
1562 1042
1563 1042
1564 1042
1565 1042
1566 1042
1567 1042
1568 1042
1569 1042
1570 1042
1571 1042
1572 1042
1573 1042
1574 1042
1575 1042
1576 1042
1577 1042
1578 1042
1579 1042
1580 1042
1581 1042
1582 1043
1583 1043
1584 1043
1585 1044
1586 1044
1587 1044
1588 1044
1589 1044
1590 1045
1591 1045
1592 1045
1593 1046
1594 1046
1595 1046
1596 1046
1597 1046
1598 1046
1599 1046
1600 1046
1601 1046
1602 1046
1603 1046
1604 1046
1605 1046
1606 1046
1607 1046
1608 1046
1609 1046
1610 1046
1611 1046
1612 1046
1613 1046
1614 1046
1615 1046
1616 1046
1617 1046
1618 1046
1619 1046
1620 1046
1621 1046
1622 1046
1623 1046
1624 1046
1625 1046
1626 1046
1627 1046
1628 1046
1629 1046
1630 1046
1631 1046
1632 1046
1633 1046
1634 1046
1635 1046
1636 1046
1637 1046
1638 1046
1639 1046
1640 1046
1641 1046
1642 1046
1643 1046
1644 1046
1645 1046
1646 1046
1647 1046
1648 1046
1649 1046
1650 1046
1651 1046
1652 1046
1653 1046
1654 1046
1655 1046
1656 1046
1657 1046
1658 1046
1659 1046
1660 1046
1661 1046
1662 1046
1663 1046
1664 1046
1665 1046
1666 1046
1667 1046
1668 1046
1669 1046
1670 1046
1671 1046
1672 1046
1673 1046
1674 1046
1675 1046
1676 1046
1677 1046
1678 1046
1679 1046
1680 1046
1681 1046
1682 1046
1683 1046
1684 1046
1685 1046
1686 1046
1687 1046
1688 1046
1689 1046
1690 1046
1691 1046
1692 1046
1693 1046
1694 1046
1695 1046
1696 1046
1697 1046
1698 1046
1699 1046
1700 1046
1701 1046
1702 1046
1703 1046
1704 1046
1705 1046
1706 1046
1707 1046
1708 1046
1709 1046
1710 1046
1711 1045
1712 1045
1713 1045
1714 1044
1715 1044
1716 1044
1717 1044
1718 1044
1719 1044
1720 1044
1721 1044
1722 1044
1723 1044
1724 1044
1725 1044
1726 1044
1727 1044
1728 1044
1729 1044
1730 1044
1731 1044
1732 1044
1733 1044
1734 1044
1735 1044
1736 1044
1737 1044
1738 1044
1739 1044
1740 1044
1741 1044
1742 1044
1743 1044
1744 1044
1745 1044
1746 1044
1747 1044
1748 1044
1749 1044
1750 1044
1751 1044
1752 1045
1753 1045
1754 1045
1755 1046
1756 1046
1757 1046
1758 1046
1759 1046
1760 1046
1761 1046
1762 1046
1763 1046
1764 1046
1765 1046
1766 1046
1767 1046
1768 1046
1769 1046
1770 1046
1771 1046
1772 1046
1773 1046
1774 1047
1775 1047
1776 1047
1777 1048
1778 1048
1779 1048
1780 1048
1781 1048
1782 1048
1783 1048
1784 1048
1785 1048
1786 1048
1787 1048
1788 1049
1789 1049
1790 1049
1791 1050
1792 1050
1793 1050
1794 1050
1795 1050
1796 1050
1797 1050
1798 1050
1799 1050
1800 1050
1801 1050
1802 1050
1803 1050
1804 1050
1805 1050
1806 1050
1807 1050
1808 1050
1809 1050
1810 1050
1811 1050
1812 1050
1813 1050
1814 1051
1815 1051
1816 1051
1817 1052
1818 1052
1819 1052
1820 1052
1821 1052
1822 1052
1823 1052
1824 1053
1825 1053
1826 1053
1827 1054
1828 1054
1829 1054
1830 1054
1831 1054
1832 1054
1833 1054
1834 1054
1835 1054
1836 1054
1837 1054
1838 1055
1839 1055
1840 1055
1841 1056
1842 1057
1843 1057
1844 1057
1845 1058
1846 1058
1847 1058
1848 1058
1849 1058
1850 1058
1851 1058
1852 1058
1853 1058
1854 1059
1855 1059
1856 1059
1857 1060
1858 1060
1859 1060
1860 1060
1861 1060
1862 1060
1863 1060
1864 1060
1865 1060
1866 1061
1867 1061
1868 1061
1869 1062
1870 1062
1871 1062
1872 1063
1873 1063
1874 1063
1875 1064
1876 1064
1877 1064
1878 1064
1879 1064
1880 1064
1881 1064
1882 1064
1883 1064
1884 1064
1885 1064
1886 1064
1887 1064
1888 1064
1889 1064
1890 1064
1891 1064
1892 1064
1893 1064
1894 1064
1895 1063
1896 1063
1897 1063
1898 1062
1899 1062
1900 1062
1901 1061
1902 1061
1903 1061
1904 1060
1905 1059
1906 1059
1907 1059
1908 1058
1909 1057
1910 1057
1911 1056
1912 1055
1913 1055
1914 1054
1915 1054
1916 1054
1917 1053
1918 1053
1919 1053
1920 1052
1921 1051
1922 1051
1923 1050
1924 1049
1925 1048
1926 1047
1927 1046
1928 1045
1929 1044
1930 1043
1931 1042
1931 1041
1932 1040
1932 1039
1933 1038
1933 1037
1934 1036
1935 1035
1935 1034
1936 1033
1937 1033
1937 1032
1938 1031
1939 1030
1939 1029
1940 1028
1941 1027
1941 1026
1941 1025
1942 1024
1942 1023
1942 1022
1942 1021
1943 1020
1943 1019
1944 1018
1944 1017
1945 1016
1945 1015
1946 1014
1946 1013
1946 1012
1946 1011
1946 1010
1946 1009
1945 1008
1945 1007
1945 1006
1945 1005
1944 1004
1944 1003
1944 1002
1944 1001
1943 1000
1943 999
1943 998
1943 997
1942 996
1942 995
1942 994
1942 993
1942 992
1942 991
1942 990
1942 989
1942 988
1942 987
1942 986
1942 985
1942 984
1942 983
1942 982
1942 981
1942 980
1942 979
1942 978
1942 977
1942 976
1942 975
1941 974
1941 973
1940 972
1939 971
1938 970
1937 969
1936 968
1935 967
1934 966
1934 965
1933 964
1932 963
1931 962
1931 961
1930 960
1929 959
1928 958
1927 958
1926 957
1925 957
1924 957
1923 956
1922 955
1921 954
1920 953
1919 952
1919 951
1918 950
1917 949
1916 948
1915 947
1914 946
1913 945
1912 944
1911 943
1910 942
1909 941
1908 940
1907 939
1906 938
1905 937
1904 936
1903 935
1902 934
1901 934
1900 933
1899 932
1898 932
1897 931
1896 930
1895 930
1894 929
1893 928
1892 928
1891 927
1890 926
1889 925
1888 924
1887 923
1886 922
1885 921
1884 920
1883 920
1882 919
1881 919
1880 919
1879 918
1878 918
1877 918
1876 917
1875 917
1874 917
1873 917
1872 917
1871 917
1870 917
1869 917
1868 917
1867 917
1866 917
1865 916
1864 916
1863 916
1862 915
1861 915
1860 915
1859 915
1858 915
1857 915
1856 915
1855 914
1854 914
1853 914
1852 913
1851 913
1850 913
1849 913
1848 913
1847 913
1846 913
1845 913
1844 913
1843 912
1842 912
1841 912
1840 911
1839 911
1838 911
1837 911
1836 911
1835 911
1834 911
1833 911
1832 911
1831 911
1830 911
1829 911
1828 911
1827 911
1826 911
1825 911
1824 911
1823 911
1822 911
1821 911
1820 911
1819 911
1818 911
1817 911
1816 911
1815 911
1814 911
1813 911
1812 911
1811 911
1810 911
1809 911
1808 911
1807 911
1806 911
1805 911
1804 911
1803 911
1802 911
1801 911
1800 911
1799 911
1798 911
1797 911
1796 911
1795 911
1794 911
1793 911
1792 911
1791 911
1790 911
1789 911
1788 911
1787 911
1786 911
1785 911
1784 911
1783 911
1782 911
1781 911
1780 911
1779 911
1778 911
1777 911
1776 911
1775 911
1774 911
1773 911
1772 911
1771 911
1770 911
1769 911
1768 911
1767 911
1766 911
1765 911
1764 911
1763 911
1762 911
1761 911
1760 911
1759 911
1758 911
1757 911
1756 911
1755 911
1754 911
1753 911
1752 911
1751 911
1750 911
1749 911
