1515 3919
1514 3920
1513 3920
1512 3920
1511 3920
1510 3921
1509 3921
1508 3921
1507 3921
1506 3922
1505 3922
1504 3923
1504 3924
1503 3925
1503 3926
1503 3927
1503 3928
1502 3929
1502 3930
1501 3931
1500 3932
1499 3933
1498 3934
1497 3934
1496 3935
1495 3935
1494 3935
1493 3935
1492 3935
1491 3935
1490 3936
1489 3936
1488 3936
1487 3936
1486 3937
1485 3938
1484 3939
1483 3940
1482 3941
1481 3942
1480 3943
1480 3944
1479 3945
1478 3946
1477 3947
1476 3948
1475 3948
1474 3949
1473 3949
1472 3948
1471 3948
1470 3948
1469 3948
1468 3947
1467 3947
1466 3948
1465 3948
1464 3948
1463 3948
1462 3949
1461 3950
1460 3950
1459 3950
1458 3951
1457 3951
1456 3951
1455 3951
1454 3951
1453 3951
1452 3951
1451 3951
1450 3951
1449 3951
1448 3951
1447 3951
1446 3951
1445 3951
1444 3951
1443 3951
1442 3951
1441 3951
1440 3951
1439 3951
1438 3951
1437 3951
1436 3951
1435 3951
1434 3951
1433 3951
1432 3951
1431 3951
1430 3950
1429 3950
1428 3950
1427 3950
1426 3949
1425 3949
1424 3949
1423 3949
1422 3949
1421 3949
1420 3950
1419 3951
1418 3952
1417 3953
1416 3954
1416 3955
1415 3956
1414 3956
1414 3957
1413 3958
1412 3958
1412 3959
1411 3960
1410 3960
1410 3961
1409 3962
1408 3962
1408 3963
1407 3964
1406 3964
1406 3965
1405 3966
1404 3967
1403 3968
1402 3969
1402 3970
1402 3971
1402 3972
1401 3973
1401 3974
1402 3975
1402 3976
1403 3977
1404 3978
1404 3979
1405 3979
1406 3980
1406 3981
1407 3981
1408 3982
1408 3983
1409 3983
1410 3984
1410 3985
1411 3985
1412 3986
1412 3987
1413 3987
1414 3988
1414 3989
1415 3989
1416 3990
1416 3991
1417 3992
1418 3993
1418 3994
1419 3995
1420 3996
1421 3997
1422 3998
1422 3999
1423 4000
1424 4001
1424 4002
1425 4003
1425 4004
1425 4005
1425 4006
1426 4007
1426 4008
1427 4009
1428 4010
1429 4011
1430 4012
1431 4013
1432 4014
1432 4015
1432 4016
1433 4017
1434 4018
1434 4019
1434 4020
1435 4021
1435 4022
1436 4023
1436 4024
1436 4025
1436 4026
1437 4027
1438 4028
1438 4029
1438 4030
1439 4031
1440 4032
1441 4033
1441 4034
1442 4035
1442 4036
1443 4037
1444 4038
1445 4039
1446 4040
1446 4041
1447 4041
1448 4042
1448 4043
1449 4043
1450 4044
1450 4045
1451 4045
1452 4046
1452 4047
1453 4047
1454 4048
1454 4049
1455 4049
1456 4050
1456 4051
1457 4051
1458 4052
1458 4053
1459 4053
1460 4054
1460 4055
1461 4055
1462 4056
1462 4057
1463 4057
1464 4058
1464 4059
1465 4059
1466 4060
1467 4061
1468 4061
1469 4062
1470 4062
1471 4062
1472 4062
1473 4062
1474 4062
1475 4062
1476 4062
1477 4062
1478 4062
1479 4063
1480 4063
1481 4063
1482 4063
1483 4064
1484 4064
1485 4064
1486 4064
1487 4064
1488 4064
1489 4065
1490 4065
1491 4065
1492 4065
1493 4066
1494 4066
1495 4066
1496 4066
1497 4066
1498 4066
1499 4066
1500 4066
1501 4066
1502 4066
1503 4066
1504 4066
1505 4066
1506 4066
1507 4066
1508 4066
1509 4066
1510 4066
1511 4066
1512 4066
1513 4066
1514 4066
1515 4066
1516 4066
1517 4066
1518 4066
1519 4066
1520 4066
1521 4066
1522 4066
1523 4066
1524 4066
1525 4066
1526 4066
1527 4066
1528 4066
1529 4066
1530 4066
1531 4066
1532 4066
1533 4066
1534 4066
1535 4066
1536 4066
1537 4066
1538 4066
1539 4066
1540 4066
1541 4066
1542 4066
1543 4066
1544 4066
1545 4066
1546 4066
1547 4066
1548 4066
1549 4066
1550 4066
1551 4066
1552 4066
1553 4066
1554 4066
1555 4066
1556 4066
1557 4066
1558 4066
1559 4066
1560 4066
1561 4066
1562 4066
1563 4066
1564 4066
1565 4066
1566 4066
1567 4066
1568 4066
1569 4067
1570 4067
1571 4067
1572 4067
1573 4068
1574 4068
1575 4068
1576 4068
1577 4068
1578 4068
1579 4068
1580 4068
1581 4068
1582 4068
1583 4068
1584 4068
1585 4068
1586 4068
1587 4068
1588 4068
1589 4068
1590 4068
1591 4068
1592 4068
1593 4068
1594 4068
1595 4068
1596 4068
1597 4068
1598 4068
1599 4068
1600 4068
1601 4068
1602 4068
1603 4068
1604 4068
1605 4069
1606 4069
1607 4069
1608 4069
1609 4070
1610 4070
1611 4070
1612 4070
1613 4070
1614 4070
1615 4070
1616 4070
1617 4070
1618 4070
1619 4070
1620 4070
1621 4070
1622 4070
1623 4071
1624 4071
1625 4071
1626 4071
1627 4072
1628 4072
1629 4072
1630 4072
1631 4072
1632 4072
1633 4072
1634 4072
1635 4072
1636 4072
1637 4072
1638 4072
1639 4072
1640 4072
1641 4072
1642 4072
1643 4072
1644 4072
1645 4072
1646 4072
1647 4072
1648 4072
1649 4072
1650 4072
1651 4073
1652 4073
1653 4073
1654 4073
1655 4074
1656 4074
1657 4074
1658 4074
1659 4074
1660 4074
1661 4074
1662 4074
1663 4074
1664 4074
1665 4074
1666 4074
1667 4075
1668 4075
1669 4075
1670 4075
1671 4076
1672 4076
1673 4076
1674 4076
1675 4076
1676 4076
1677 4076
1678 4076
1679 4076
1680 4076
1681 4076
1682 4076
1683 4076
1684 4076
1685 4076
1686 4076
1687 4076
1688 4076
1689 4077
1690 4077
1691 4077
1692 4077
1693 4078
1694 4078
1695 4078
1696 4078
1697 4078
1698 4078
1699 4078
1700 4078
1701 4078
1702 4078
1703 4078
1704 4078
1705 4078
1706 4078
1707 4078
1708 4078
1709 4078
1710 4078
1711 4078
1712 4078
1713 4078
1714 4078
1715 4078
1716 4078
1717 4079
1718 4079
1719 4079
1720 4079
1721 4080
1722 4080
1723 4080
1724 4080
1725 4081
1726 4081
1727 4081
1728 4081
1729 4082
1730 4082
1731 4082
1732 4082
1733 4082
1734 4082
1735 4082
1736 4082
1737 4082
1738 4082
1739 4082
1740 4082
1741 4082
1742 4082
1743 4082
1744 4082
1745 4082
1746 4082
1747 4082
1748 4082
1749 4082
1750 4082
1751 4082
1752 4082
1753 4083
1754 4083
1755 4083
1756 4083
1757 4084
1758 4084
1759 4085
1760 4085
1761 4085
1762 4085
1763 4086
1764 4086
1765 4086
1766 4086
1767 4086
1768 4086
1769 4086
1770 4086
1771 4086
1772 4086
1773 4086
1774 4086
1775 4086
1776 4086
1777 4086
1778 4086
1779 4086
1780 4086
1781 4086
1782 4086
1783 4086
1784 4086
1785 4086
1786 4086
1787 4087
1788 4087
1789 4087
1790 4087
1791 4088
1792 4088
1793 4088
1794 4088
1795 4088
1796 4088
1797 4088
1798 4088
1799 4088
1800 4088
1801 4088
1802 4088
1803 4088
1804 4088
1805 4088
1806 4088
1807 4088
1808 4088
1809 4088
1810 4088
1811 4088
1812 4088
1813 4088
1814 4088
1815 4088
1816 4088
1817 4088
1818 4088
1819 4088
1820 4088
1821 4087
1822 4087
1823 4087
1824 4087
1825 4086
1826 4086
1827 4086
1828 4086
1829 4086
1830 4086
1831 4086
1832 4086
1833 4085
1834 4085
1835 4085
1836 4085
1837 4084
1838 4084
1839 4084
1840 4084
1841 4083
1842 4083
1843 4082
1844 4082
1845 4081
1846 4081
1847 4080
1848 4080
1849 4080
1850 4080
1851 4080
1852 4080
1853 4080
1854 4080
1855 4079
1856 4079
1857 4079
1858 4079
1859 4078
1860 4078
1861 4077
1862 4077
1863 4077
1864 4077
1865 4076
1866 4076
1867 4075
1868 4075
1869 4075
1870 4075
1871 4074
1872 4074
1873 4073
1874 4073
1875 4073
1876 4073
1877 4072
1878 4072
1879 4071
1880 4071
1881 4071
1882 4071
1883 4070
1884 4070
1885 4069
1886 4069
1887 4069
1888 4069
1889 4068
1890 4068
1891 4067
1892 4067
1893 4067
1894 4067
1895 4066
1896 4066
1897 4065
1898 4065
1899 4064
1900 4063
1901 4063
1901 4062
1902 4061
1903 4061
1903 4060
1904 4059
1905 4059
1905 4058
1906 4057
1907 4057
1907 4056
1908 4055
1909 4055
1909 4054
1910 4053
1911 4053
1911 4052
1912 4051
1913 4051
1913 4050
1914 4049
1915 4048
1916 4047
1917 4046
1917 4045
1918 4044
1919 4043
1920 4042
1921 4041
1922 4040
1923 4039
1923 4038
1924 4037
1925 4036
1925 4035
1925 4034
1925 4033
1926 4032
1926 4031
1926 4030
1926 4029
1926 4028
1926 4027
1926 4026
1926 4025
1925 4024
1925 4023
1924 4022
1924 4021
1923 4020
1923 4019
1922 4018
1922 4017
1922 4016
1922 4015
1921 4014
1921 4013
1921 4012
1921 4011
1920 4010
1919 4009
1918 4008
1918 4007
1917 4006
1917 4005
1916 4004
1915 4003
1915 4002
1915 4001
1914 4000
1913 3999
1912 3998
1911 3997
1911 3996
1910 3995
1909 3994
1909 3993
1908 3992
1907 3991
1907 3990
1907 3989
1906 3988
1905 3987
1904 3986
1903 3985
1903 3984
1902 3984
1901 3983
1901 3982
1900 3982
1899 3981
1899 3980
1898 3980
1897 3979
1897 3978
1896 3978
1895 3977
1894 3976
1893 3975
1892 3974
1891 3974
1890 3973
1889 3973
1888 3972
1887 3972
1886 3971
1885 3971
1884 3970
1883 3970
1882 3969
1881 3969
1880 3968
1879 3968
1878 3967
1877 3967
1876 3966
1875 3966
1874 3965
1873 3964
1872 3964
1871 3963
1870 3962
1869 3961
1868 3960
1867 3960
1866 3960
1865 3959
1864 3958
1863 3958
1862 3957
1861 3956
1860 3956
1859 3955
1859 3954
1858 3954
1857 3953
1856 3952
1855 3951
1854 3950
1853 3950
1852 3949
1851 3949
1850 3948
1849 3948
1848 3947
1847 3947
1846 3946
1845 3946
1844 3946
1843 3945
1842 3944
1841 3944
1840 3944
1839 3943
1838 3942
1837 3942
1836 3942
1835 3941
1834 3940
1833 3940
1832 3940
1831 3939
1830 3938
1829 3938
1828 3938
1827 3938
1826 3937
1825 3937
1824 3937
1823 3937
1822 3937
1821 3937
1820 3937
1819 3937
1818 3937
1817 3937
1816 3937
1815 3937
1814 3937
1813 3937
1812 3937
1811 3937
1810 3937
1809 3937
1808 3937
1807 3937
1806 3937
1805 3937
1804 3937
1803 3937
1802 3937
1801 3937
1800 3937
1799 3937
1798 3936
1797 3936
1796 3936
1795 3936
1794 3935
1793 3935
1792 3935
1791 3935
1790 3935
1789 3935
1788 3935
1787 3935
1786 3934
1785 3934
1784 3934
1783 3934
1782 3933
1781 3933
1780 3933
1779 3933
1778 3933
1777 3933
1776 3933
1775 3933
1774 3933
1773 3933
1772 3933
1771 3933
1770 3933
1769 3933
1768 3934
1767 3934
1766 3934
1765 3934
1764 3935
1763 3935
1762 3935
1761 3935
1760 3935
1759 3935
1758 3935
1757 3935
1756 3935
1755 3935
1754 3935
1753 3935
1752 3935
1751 3935
1750 3935
1749 3935
1748 3935
1747 3935
1746 3935
1745 3935
1744 3935
1743 3935
1742 3935
1741 3935
1740 3935
1739 3935
1738 3935
1737 3935
1736 3934
1735 3934
1734 3934
1733 3934
1732 3933
1731 3933
1730 3933
1729 3933
1728 3933
1727 3933
1726 3933
1725 3933
1724 3933
1723 3933
1722 3933
1721 3933
1720 3933
1719 3933
1718 3933
1717 3933
1716 3933
1715 3933
1714 3933
1713 3933
1712 3933
1711 3933
1710 3933
1709 3933
1708 3933
1707 3933
1706 3933
1705 3933
1704 3933
1703 3933
1702 3933
1701 3933
1700 3933
1699 3933
1698 3933
1697 3933
1696 3933
1695 3933
1694 3934
1693 3934
1692 3934
1691 3934
1690 3935
1689 3935
1688 3935
1687 3935
1686 3935
1685 3935
1684 3935
1683 3935
1682 3935
1681 3935
1680 3936
1679 3936
1678 3937
1677 3937
1676 3938
1675 3938
1674 3938
1673 3938
1672 3938
1671 3937
1670 3936
1669 3936
1668 3935
1667 3934
1666 3934
1665 3933
1664 3932
1663 3932
1662 3931
1661 3931
1660 3931
1659 3931
1658 3931
1657 3931
1656 3931
1655 3931
1654 3931
1653 3931
1652 3931
1651 3931
1650 3931
1649 3931
1648 3931
1647 3931
1646 3931
1645 3931
1644 3931
1643 3931
1642 3931
1641 3931
1640 3931
1639 3931
1638 3931
1637 3931
1636 3931
1635 3931
1634 3932
1633 3932
1632 3932
1631 3932
1630 3933
1629 3933
1628 3933
1627 3933
1626 3933
1625 3933
1624 3933
1623 3933
1622 3934
1621 3934
1620 3934
1619 3934
1618 3935
1617 3935
1616 3935
1615 3935
1614 3935
1613 3935
1612 3935
1611 3935
1610 3936
1609 3936
1608 3936
1607 3936
1606 3937
1605 3937
1604 3937
1603 3937
1602 3937
1601 3937
1600 3937
1599 3937
1598 3937
1597 3937
1596 3937
1595 3937
1594 3937
1593 3937
1592 3937
1591 3937
1590 3937
1589 3937
1588 3937
1587 3937
1586 3937
1585 3937
1584 3937
1583 3937
1582 3937
1581 3937
1580 3937
1579 3937
1578 3936
1577 3936
1576 3936
1575 3935
1574 3934
1573 3934
1572 3934
1571 3934
1570 3933
1569 3933
1568 3932
1567 3932
1566 3932
1565 3931
1564 3930
1563 3930
1562 3930
1561 3929
1560 3928
1559 3928
1558 3928
1557 3927
1556 3926
1555 3926
1554 3925
1553 3925
1552 3924
1551 3924
1550 3923
1549 3923
1548 3922
1547 3922
1546 3922
1545 3921
1544 3920
1543 3920
1542 3920
1541 3920
1540 3919
1539 3919
1538 3919
1537 3919
1536 3919
1535 3919
1534 3919
1533 3919
1532 3919
1531 3919
1530 3919
1529 3919
1528 3919
1527 3919
1526 3919
1525 3919
1524 3919
1523 3919
1522 3919
1521 3919
1520 3919
1519 3919
1518 3919
1517 3919
1516 3919
1515 3919
