963 1301
962 1302
961 1302
960 1302
959 1302
958 1303
957 1303
956 1303
955 1303
954 1303
953 1303
952 1303
951 1303
950 1303
949 1303
948 1304
947 1304
946 1305
945 1305
944 1306
943 1306
942 1307
941 1308
940 1308
939 1308
938 1309
937 1309
936 1309
935 1309
934 1309
933 1309
932 1309
931 1309
930 1309
929 1309
928 1310
927 1310
926 1311
925 1311
924 1312
923 1312
922 1313
921 1313
920 1313
919 1313
918 1313
917 1313
916 1313
915 1313
914 1314
913 1314
912 1315
911 1315
910 1316
909 1316
908 1317
907 1317
906 1317
905 1317
904 1318
903 1318
902 1318
901 1318
900 1319
899 1319
898 1320
897 1320
896 1321
895 1321
894 1322
893 1322
892 1323
891 1323
890 1324
889 1324
888 1325
887 1325
886 1326
885 1326
884 1327
883 1328
882 1328
881 1328
880 1329
879 1330
878 1331
877 1331
876 1332
875 1332
874 1333
873 1334
872 1334
871 1334
870 1335
869 1335
868 1336
867 1336
866 1337
865 1338
864 1338
864 1339
863 1340
862 1340
862 1341
861 1342
860 1342
860 1343
859 1344
858 1344
857 1345
856 1346
855 1346
854 1347
853 1347
852 1347
851 1347
850 1347
849 1347
848 1348
847 1348
846 1349
845 1349
844 1350
843 1350
842 1351
841 1351
840 1352
839 1352
838 1353
837 1354
836 1354
836 1355
835 1356
834 1356
834 1357
833 1358
832 1358
832 1359
831 1360
830 1360
830 1361
829 1362
828 1362
827 1363
826 1364
825 1364
824 1365
823 1365
822 1365
821 1365
820 1365
819 1365
818 1365
817 1365
816 1366
815 1366
814 1366
813 1366
812 1367
811 1368
810 1368
809 1368
808 1369
807 1370
806 1370
805 1370
804 1371
803 1372
802 1372
801 1372
800 1373
799 1374
798 1374
797 1374
796 1375
795 1375
794 1375
793 1375
792 1376
791 1376
790 1377
789 1378
788 1378
787 1379
786 1380
785 1380
784 1381
783 1381
782 1382
781 1382
780 1383
779 1383
778 1384
777 1384
776 1385
775 1385
774 1385
773 1385
772 1385
771 1385
770 1385
769 1385
768 1385
767 1385
766 1385
765 1385
764 1385
763 1385
762 1386
761 1386
760 1386
759 1386
758 1387
757 1387
756 1387
755 1387
754 1387
753 1387
752 1387
751 1387
750 1387
749 1387
748 1388
747 1388
746 1389
745 1389
744 1390
743 1391
742 1392
741 1393
741 1394
741 1395
741 1396
741 1397
741 1398
741 1399
741 1400
741 1401
741 1402
741 1403
741 1404
741 1405
741 1406
741 1407
741 1408
741 1409
741 1410
741 1411
741 1412
741 1413
741 1414
741 1415
741 1416
741 1417
741 1418
741 1419
741 1420
742 1421
742 1422
743 1423
744 1424
745 1425
746 1425
747 1426
748 1427
749 1427
750 1428
750 1429
751 1429
752 1430
753 1431
754 1431
755 1432
756 1432
757 1433
758 1433
759 1433
760 1433
761 1434
762 1434
763 1434
764 1434
765 1435
766 1435
767 1435
768 1435
769 1436
770 1436
771 1437
772 1437
773 1437
774 1438
775 1439
776 1439
777 1439
778 1440
779 1441
780 1441
781 1442
782 1442
783 1443
784 1444
785 1445
786 1445
787 1446
788 1446
789 1447
790 1447
791 1448
792 1448
793 1448
794 1448
795 1448
796 1448
797 1449
798 1449
799 1449
800 1449
801 1450
802 1450
803 1450
804 1450
805 1451
806 1451
807 1451
808 1451
809 1452
810 1452
811 1452
812 1452
813 1452
814 1452
815 1453
816 1453
817 1453
818 1453
819 1454
820 1454
821 1454
822 1454
823 1454
824 1454
825 1454
826 1454
827 1454
828 1454
829 1454
830 1454
831 1454
832 1454
833 1454
834 1454
835 1454
836 1454
837 1454
838 1454
839 1454
840 1454
841 1454
842 1454
843 1454
844 1454
845 1453
846 1453
847 1452
848 1452
849 1451
850 1451
851 1450
852 1450
853 1449
854 1449
855 1449
856 1449
857 1448
858 1447
859 1447
860 1447
861 1446
862 1445
863 1445
864 1445
865 1444
866 1444
867 1443
868 1443
869 1442
870 1442
871 1441
872 1441
873 1440
874 1440
875 1440
876 1440
877 1439
878 1439
879 1438
880 1437
881 1437
882 1436
883 1435
884 1435
885 1434
886 1434
887 1433
888 1433
889 1432
890 1432
891 1431
892 1431
893 1430
894 1430
895 1430
896 1430
897 1430
898 1430
899 1429
900 1429
901 1428
902 1428
903 1427
904 1427
905 1426
906 1426
907 1426
908 1426
909 1426
910 1426
911 1426
912 1426
913 1426
914 1426
915 1426
916 1426
917 1425
918 1425
919 1425
920 1425
921 1424
922 1424
923 1424
924 1424
925 1423
926 1423
927 1423
928 1423
929 1422
930 1422
931 1422
932 1422
933 1421
934 1421
935 1420
936 1420
937 1419
938 1419
939 1418
940 1417
941 1417
942 1417
943 1416
944 1416
945 1416
946 1416
947 1415
948 1415
949 1415
950 1415
951 1414
952 1414
953 1414
954 1414
955 1414
956 1414
957 1413
958 1413
959 1413
960 1413
961 1412
962 1411
963 1411
964 1411
965 1410
966 1409
967 1408
968 1407
969 1407
969 1406
970 1405
971 1405
971 1404
972 1403
973 1402
973 1401
974 1400
974 1399
974 1398
974 1397
975 1396
975 1395
975 1394
975 1393
976 1392
976 1391
976 1390
976 1389
976 1388
976 1387
977 1386
977 1385
977 1384
978 1383
979 1382
979 1381
980 1380
981 1379
981 1378
982 1377
983 1376
983 1375
984 1374
984 1373
984 1372
984 1371
984 1370
984 1369
984 1368
984 1367
984 1366
984 1365
984 1364
984 1363
984 1362
984 1361
984 1360
984 1359
984 1358
984 1357
984 1356
984 1355
984 1354
984 1353
984 1352
984 1351
984 1350
984 1349
984 1348
984 1347
984 1346
984 1345
984 1344
984 1343
984 1342
984 1341
984 1340
984 1339
984 1338
984 1337
984 1336
984 1335
984 1334
984 1333
984 1332
984 1331
984 1330
984 1329
985 1328
985 1327
985 1326
985 1325
986 1324
986 1323
986 1322
986 1321
986 1320
986 1319
986 1318
986 1317
986 1316
986 1315
986 1314
986 1313
986 1312
986 1311
986 1310
986 1309
986 1308
986 1307
985 1306
985 1305
984 1304
983 1304
982 1303
981 1303
980 1303
979 1303
978 1302
977 1302
976 1302
975 1302
974 1301
973 1301
972 1301
971 1301
970 1301
969 1301
968 1301
967 1301
966 1301
965 1301
964 1301
963 1301
