1881 3735
1880 3736
1879 3736
1878 3736
1877 3736
1876 3737
1875 3737
1874 3737
1873 3737
1872 3737
1871 3737
1870 3738
1869 3738
1868 3738
1867 3738
1866 3739
1865 3739
1864 3739
1863 3739
1862 3739
1861 3739
1860 3739
1859 3739
1858 3739
1857 3739
1856 3740
1855 3740
1854 3740
1853 3741
1852 3741
1851 3741
1850 3741
1849 3741
1848 3741
1847 3741
1846 3742
1845 3742
1844 3742
1843 3743
1842 3743
1841 3743
1840 3743
1839 3743
1838 3743
1837 3743
1836 3744
1835 3744
1834 3744
1833 3745
1832 3745
1831 3745
1830 3745
1829 3745
1828 3745
1827 3745
1826 3745
1825 3745
1824 3745
1823 3745
1822 3745
1821 3745
1820 3745
1819 3745
1818 3745
1817 3745
1816 3745
1815 3745
1814 3746
1813 3746
1812 3746
1811 3747
1810 3747
1809 3747
1808 3747
1807 3747
1806 3747
1805 3747
1804 3747
1803 3747
1802 3747
1801 3747
1800 3747
1799 3747
1798 3747
1797 3747
1796 3747
1795 3747
1794 3747
1793 3747
1792 3747
1791 3747
1790 3747
1789 3747
1788 3748
1787 3748
1786 3748
1785 3749
1784 3749
1783 3749
1782 3749
1781 3749
1780 3749
1779 3749
1778 3749
1777 3749
1776 3749
1775 3749
1774 3749
1773 3749
1772 3749
1771 3749
1770 3749
1769 3749
1768 3750
1767 3750
1766 3750
1765 3751
1764 3751
1763 3751
1762 3751
1761 3751
1760 3751
1759 3751
1758 3751
1757 3751
1756 3751
1755 3751
1754 3751
1753 3751
1752 3751
1751 3751
1750 3751
1749 3751
1748 3752
1747 3752
1746 3752
1745 3753
1744 3753
1743 3753
1742 3753
1741 3753
1740 3753
1739 3753
1738 3754
1737 3754
1736 3754
1735 3755
1734 3755
1733 3755
1732 3756
1731 3756
1730 3756
1729 3757
1728 3757
1727 3757
1726 3757
1725 3757
1724 3758
1723 3758
1722 3758
1721 3759
1720 3759
1719 3759
1718 3760
1717 3760
1716 3760
1715 3761
1714 3761
1713 3761
1712 3762
1711 3762
1710 3762
1709 3763
1708 3763
1707 3763
1706 3763
1705 3763
1704 3763
1703 3763
1702 3764
1701 3764
1700 3764
1699 3765
1698 3765
1697 3765
1696 3765
1695 3765
1694 3765
1693 3765
1692 3765
1691 3765
1690 3765
1689 3765
1688 3765
1687 3765
1686 3765
1685 3765
1684 3765
1683 3765
1682 3765
1681 3765
1680 3765
1679 3765
1678 3765
1677 3765
1676 3765
1675 3765
1674 3765
1673 3765
1672 3765
1671 3765
1670 3765
1669 3765
1668 3765
1667 3765
1666 3765
1665 3765
1664 3765
1663 3765
1662 3765
1661 3765
1660 3765
1659 3765
1658 3765
1657 3765
1656 3765
1655 3765
1654 3765
1653 3765
1652 3765
1651 3765
1650 3765
1649 3765
1648 3765
1647 3765
1646 3765
1645 3765
1644 3765
1643 3765
1642 3765
1641 3765
1640 3765
1639 3765
1638 3765
1637 3765
1636 3765
1635 3765
1634 3766
1633 3766
1632 3766
1631 3767
1630 3767
1629 3767
1628 3767
1627 3767
1626 3767
1625 3767
1624 3767
1623 3767
1622 3767
1621 3767
1620 3767
1619 3767
1618 3767
1617 3767
1616 3767
1615 3767
1614 3767
1613 3767
1612 3767
1611 3767
1610 3767
1609 3767
1608 3767
1607 3766
1606 3766
1605 3766
1604 3765
1603 3765
1602 3765
1601 3765
1600 3765
1599 3765
1598 3765
1597 3765
1596 3765
1595 3765
1594 3765
1593 3765
1592 3765
1591 3765
1590 3766
1589 3766
1588 3766
1587 3767
1586 3767
1585 3767
1584 3767
1583 3767
1582 3768
1581 3768
1580 3769
1579 3770
1578 3771
1577 3772
1576 3773
1575 3774
1574 3775
1573 3776
1572 3776
1571 3777
1570 3778
1569 3778
1568 3779
1567 3780
1566 3780
1565 3781
1564 3782
1563 3782
1562 3783
1561 3784
1560 3785
1559 3786
1558 3787
1557 3788
1556 3789
1555 3790
1554 3790
1553 3791
1552 3792
1551 3792
1550 3793
1550 3794
1549 3795
1549 3796
1549 3797
1549 3798
1549 3799
1549 3800
1549 3801
1549 3802
1549 3803
1549 3804
1549 3805
1549 3806
1549 3807
1549 3808
1549 3809
1549 3810
1549 3811
1549 3812
1549 3813
1549 3814
1549 3815
1549 3816
1549 3817
1549 3818
1549 3819
1549 3820
1549 3821
1549 3822
1549 3823
1550 3824
1550 3825
1551 3826
1552 3827
1553 3828
1554 3829
1555 3829
1556 3829
1557 3830
1558 3831
1559 3831
1560 3831
1561 3832
1562 3832
1563 3832
1564 3832
1565 3832
1566 3832
1567 3832
1568 3832
1569 3832
1570 3832
1571 3832
1572 3832
1573 3832
1574 3833
1575 3833
1576 3833
1577 3834
1578 3834
1579 3834
1580 3834
1581 3834
1582 3834
1583 3834
1584 3835
1585 3835
1586 3835
1587 3836
1588 3836
1589 3836
1590 3836
1591 3836
1592 3836
1593 3836
1594 3837
1595 3837
1596 3837
1597 3838
1598 3838
1599 3838
1600 3838
1601 3838
1602 3838
1603 3838
1604 3839
1605 3839
1606 3839
1607 3840
1608 3840
1609 3840
1610 3840
1611 3840
1612 3840
1613 3840
1614 3840
1615 3840
1616 3840
1617 3840
1618 3841
1619 3841
1620 3841
1621 3841
1622 3842
1623 3842
1624 3842
1625 3842
1626 3842
1627 3842
1628 3842
1629 3842
1630 3842
1631 3842
1632 3842
1633 3842
1634 3842
1635 3842
1636 3842
1637 3842
1638 3842
1639 3842
1640 3842
1641 3842
1642 3842
1643 3843
1644 3843
1645 3843
1646 3843
1647 3844
1648 3844
1649 3844
1650 3844
1651 3844
1652 3844
1653 3844
1654 3844
1655 3844
1656 3844
1657 3844
1658 3844
1659 3844
1660 3844
1661 3844
1662 3844
1663 3844
1664 3844
1665 3844
1666 3844
1667 3844
1668 3844
1669 3844
1670 3844
1671 3844
1672 3844
1673 3844
1674 3844
1675 3844
1676 3844
1677 3844
1678 3844
1679 3844
1680 3844
1681 3844
1682 3844
1683 3844
1684 3844
1685 3844
1686 3844
1687 3844
1688 3844
1689 3844
1690 3844
1691 3844
1692 3844
1693 3844
1694 3844
1695 3844
1696 3844
1697 3844
1698 3844
1699 3844
1700 3844
1701 3844
1702 3844
1703 3844
1704 3844
1705 3844
1706 3844
1707 3844
1708 3843
1709 3843
1710 3843
1711 3843
1712 3842
1713 3842
1714 3842
1715 3842
1716 3842
1717 3841
1718 3841
1719 3841
1720 3841
1721 3840
1722 3840
1723 3840
1724 3840
1725 3840
1726 3840
1727 3840
1728 3840
1729 3840
1730 3840
1731 3840
1732 3840
1733 3840
1734 3840
1735 3840
1736 3840
1737 3840
1738 3840
1739 3840
1740 3840
1741 3840
1742 3840
1743 3840
1744 3840
1745 3840
1746 3840
1747 3840
1748 3840
1749 3840
1750 3841
1751 3841
1752 3841
1753 3842
1754 3842
1755 3842
1756 3842
1757 3842
1758 3842
1759 3842
1760 3842
1761 3842
1762 3842
1763 3842
1764 3842
1765 3843
1766 3843
1767 3843
1768 3843
1769 3844
1770 3844
1771 3844
1772 3844
1773 3844
1774 3845
1775 3845
1776 3845
1777 3845
1778 3846
1779 3846
1780 3846
1781 3846
1782 3846
1783 3846
1784 3846
1785 3846
1786 3846
1787 3846
1788 3846
1789 3846
1790 3846
1791 3846
1792 3846
1793 3847
1794 3847
1795 3847
1796 3847
1797 3848
1798 3848
1799 3848
1800 3848
1801 3848
1802 3848
1803 3848
1804 3848
1805 3848
1806 3848
1807 3848
1808 3848
1809 3848
1810 3848
1811 3848
1812 3848
1813 3848
1814 3848
1815 3848
1816 3848
1817 3848
1818 3848
1819 3848
1820 3848
1821 3848
1822 3848
1823 3848
1824 3848
1825 3848
1826 3848
1827 3848
1828 3848
1829 3848
1830 3848
1831 3848
1832 3848
1833 3848
1834 3848
1835 3848
1836 3848
1837 3848
1838 3848
1839 3848
1840 3848
1841 3848
1842 3848
1843 3848
1844 3848
1845 3848
1846 3848
1847 3848
1848 3848
1849 3848
1850 3848
1851 3848
1852 3848
1853 3848
1854 3848
1855 3848
1856 3848
1857 3848
1858 3848
1859 3848
1860 3848
1861 3848
1862 3848
1863 3848
1864 3848
1865 3848
1866 3848
1867 3848
1868 3848
1869 3848
1870 3848
1871 3848
1872 3848
1873 3848
1874 3848
1875 3848
1876 3847
1877 3847
1878 3847
1879 3847
1880 3846
1881 3846
1882 3846
1883 3846
1884 3846
1885 3846
1886 3846
1887 3846
1888 3846
1889 3846
1890 3846
1891 3846
1892 3846
1893 3846
1894 3846
1895 3846
1896 3845
1897 3845
1898 3845
1899 3845
1900 3844
1901 3843
1902 3843
1903 3843
1904 3843
1905 3842
1906 3842
1907 3842
1908 3842
1909 3842
1910 3842
1911 3842
1912 3842
1913 3842
1914 3842
1915 3842
1916 3842
1917 3841
1918 3841
1919 3841
1920 3841
1921 3840
1922 3840
1923 3840
1924 3840
1925 3840
1926 3840
1927 3840
1928 3840
1929 3840
1930 3840
1931 3840
1932 3840
1933 3839
1934 3839
1935 3839
1936 3838
1937 3838
1938 3838
1939 3838
1940 3838
1941 3838
1942 3838
1943 3837
1944 3837
1945 3837
1946 3836
1947 3836
1948 3836
1949 3835
1950 3834
1951 3833
1952 3832
1952 3831
1952 3830
1953 3829
1953 3828
1953 3827
1954 3826
1954 3825
1954 3824
1954 3823
1954 3822
1954 3821
1954 3820
1954 3819
1953 3818
1953 3817
1953 3816
1953 3815
1952 3814
1952 3813
1951 3812
1951 3811
1951 3810
1951 3809
1951 3808
1951 3807
1951 3806
1951 3805
1952 3804
1953 3803
1953 3802
1954 3801
1955 3800
1956 3799
1957 3798
1957 3797
1958 3796
1959 3795
1959 3794
1959 3793
1960 3792
1960 3791
1960 3790
1960 3789
1960 3788
1960 3787
1960 3786
1960 3785
1960 3784
1960 3783
1960 3782
1960 3781
1959 3780
1959 3779
1959 3778
1959 3777
1958 3776
1958 3775
1958 3774
1958 3773
1958 3772
1958 3771
1958 3770
1958 3769
1958 3768
1958 3767
1958 3766
1958 3765
1958 3764
1958 3763
1958 3762
1958 3761
1958 3760
1958 3759
1958 3758
1958 3757
1957 3756
1957 3755
1956 3754
1955 3753
1954 3752
1953 3752
1952 3751
1951 3750
1950 3750
1949 3750
1948 3749
1947 3748
1946 3747
1945 3747
1944 3746
1943 3746
1942 3745
1941 3745
1940 3745
1939 3744
1938 3744
1937 3744
1936 3743
1935 3743
1934 3743
1933 3743
1932 3742
1931 3742
1930 3742
1929 3742
1928 3741
1927 3741
1926 3741
1925 3741
1924 3740
1923 3740
1922 3740
1921 3740
1920 3739
1919 3739
1918 3739
1917 3738
1916 3738
1915 3738
1914 3737
1913 3737
1912 3737
1911 3737
1910 3737
1909 3737
1908 3737
1907 3737
1906 3736
1905 3736
1904 3736
1903 3736
1902 3735
1901 3735
1900 3735
1899 3735
1898 3735
1897 3735
1896 3735
1895 3735
1894 3735
1893 3735
1892 3735
1891 3735
1890 3735
1889 3735
1888 3735
1887 3735
1886 3735
1885 3735
1884 3735
1883 3735
1882 3735
1881 3735
