3191 1881
3190 1882
3189 1882
3188 1882
3187 1882
3186 1883
3185 1883
3184 1883
3183 1883
3182 1883
3181 1883
3180 1883
3179 1883
3178 1883
3177 1883
3176 1883
3175 1883
3174 1883
3173 1883
3172 1883
3171 1883
3170 1883
3169 1883
3168 1883
3167 1883
3166 1883
3165 1883
3164 1884
3163 1884
3162 1884
3161 1884
3160 1885
3159 1885
3158 1885
3157 1885
3156 1885
3155 1885
3154 1885
3153 1885
3152 1885
3151 1885
3150 1885
3149 1885
3148 1885
3147 1885
3146 1886
3145 1886
3144 1886
3143 1886
3142 1887
3141 1887
3140 1887
3139 1887
3138 1887
3137 1887
3136 1887
3135 1887
3134 1888
3133 1888
3132 1888
3131 1888
3130 1889
3129 1889
3128 1889
3127 1889
3126 1889
3125 1889
3124 1889
3123 1889
3122 1889
3121 1889
3120 1889
3119 1889
3118 1889
3117 1889
3116 1889
3115 1889
3114 1890
3113 1890
3112 1890
3111 1890
3110 1891
3109 1891
3108 1891
3107 1891
3106 1891
3105 1891
3104 1891
3103 1891
3102 1891
3101 1891
3100 1891
3099 1891
3098 1891
3097 1891
3096 1891
3095 1891
3094 1891
3093 1891
3092 1891
3091 1891
3090 1891
3089 1891
3088 1891
3087 1891
3086 1891
3085 1891
3084 1892
3083 1892
3082 1892
3081 1893
3080 1893
3079 1893
3078 1893
3077 1893
3076 1893
3075 1893
3074 1893
3073 1893
3072 1893
3071 1893
3070 1893
3069 1893
3068 1893
3067 1893
3066 1893
3065 1893
3064 1893
3063 1893
3062 1893
3061 1893
3060 1893
3059 1893
3058 1893
3057 1893
3056 1893
3055 1893
3054 1893
3053 1893
3052 1893
3051 1893
3050 1893
3049 1893
3048 1893
3047 1893
3046 1893
3045 1893
3044 1893
3043 1893
3042 1894
3041 1894
3040 1895
3040 1896
3039 1897
3038 1897
3037 1898
3036 1898
3035 1899
3034 1899
3033 1900
3032 1900
3031 1900
3030 1900
3029 1900
3028 1900
3027 1900
3026 1901
3025 1901
3024 1902
3023 1902
3022 1903
3022 1904
3021 1905
3020 1906
3019 1906
3018 1907
3018 1908
3017 1909
3017 1910
3016 1911
3016 1912
3016 1913
3016 1914
3016 1915
3016 1916
3016 1917
3017 1918
3017 1919
3018 1920
3018 1921
3019 1922
3020 1922
3021 1923
3022 1923
3023 1924
3024 1924
3025 1925
3026 1925
3027 1926
3028 1926
3029 1926
3030 1927
3031 1927
3032 1928
3033 1929
3034 1930
3035 1930
3036 1931
3037 1931
3038 1932
3039 1933
3039 1934
3040 1934
3041 1934
3042 1934
3043 1934
3044 1934
3045 1935
3046 1935
3047 1935
3048 1935
3049 1936
3050 1936
3051 1936
3052 1936
3053 1936
3054 1936
3055 1936
3056 1936
3057 1936
3058 1936
3059 1936
3060 1936
3061 1937
3062 1937
3063 1937
3064 1937
3065 1938
3066 1938
3067 1938
3068 1938
3069 1938
3070 1938
3071 1938
3072 1938
3073 1938
3074 1938
3075 1938
3076 1938
3077 1938
3078 1938
3079 1938
3080 1938
3081 1938
3082 1938
3083 1939
3084 1939
3085 1939
3086 1939
3087 1940
3088 1940
3089 1940
3090 1940
3091 1940
3092 1940
3093 1940
3094 1940
3095 1940
3096 1940
3097 1940
3098 1940
3099 1940
3100 1940
3101 1940
3102 1940
3103 1939
3104 1939
3105 1939
3106 1939
3107 1938
3108 1938
3109 1938
3110 1938
3111 1939
3112 1939
3113 1939
3114 1939
3115 1940
3116 1940
3117 1941
3118 1941
3119 1941
3120 1942
3121 1943
3122 1943
3123 1943
3124 1943
3125 1944
3126 1944
3127 1944
3128 1944
3129 1945
3130 1945
3131 1945
3132 1945
3133 1946
3134 1946
3135 1946
3136 1947
3137 1947
3138 1947
3139 1948
3140 1948
3141 1948
3142 1948
3143 1948
3144 1948
3145 1948
3146 1948
3147 1948
3148 1948
3149 1948
3150 1948
3151 1948
3152 1948
3153 1948
3154 1948
3155 1948
3156 1948
3157 1948
3158 1948
3159 1948
3160 1948
3161 1948
3162 1948
3163 1948
3164 1948
3165 1948
3166 1948
3167 1948
3168 1948
3169 1948
3170 1948
3171 1948
3172 1948
3173 1948
3174 1948
3175 1948
3176 1948
3177 1948
3178 1948
3179 1948
3180 1948
3181 1948
3182 1948
3183 1947
3184 1947
3185 1947
3186 1947
3187 1946
3188 1946
3189 1946
3190 1946
3191 1945
3192 1945
3193 1945
3194 1945
3195 1944
3196 1944
3197 1944
3198 1944
3199 1944
3200 1944
3201 1944
3202 1944
3203 1944
3204 1944
3205 1943
3206 1943
3207 1943
3208 1943
3209 1942
3210 1942
3211 1942
3212 1942
3213 1942
3214 1942
3215 1941
3216 1941
3217 1941
3218 1940
3219 1940
3220 1939
3221 1938
3222 1938
3223 1937
3224 1937
3225 1936
3226 1935
3227 1935
3228 1935
3229 1934
3230 1933
3231 1933
3232 1933
3233 1932
3234 1931
3235 1931
3236 1931
3237 1930
3238 1930
3239 1929
3240 1929
3241 1928
3242 1927
3243 1927
3244 1926
3245 1925
3246 1924
3247 1924
3248 1923
3249 1922
3250 1921
3251 1921
3252 1920
3253 1919
3254 1918
3255 1918
3256 1917
3257 1916
3258 1915
3258 1914
3259 1913
3259 1912
3259 1911
3260 1910
3260 1909
3260 1908
3260 1907
3260 1906
3260 1905
3259 1904
3259 1903
3259 1902
3258 1901
3258 1900
3257 1899
3257 1898
3257 1897
3256 1896
3256 1895
3255 1894
3255 1893
3254 1892
3253 1891
3253 1890
3252 1890
3251 1889
3250 1888
3249 1888
3248 1887
3247 1887
3246 1887
3245 1887
3244 1887
3243 1887
3242 1887
3241 1887
3240 1887
3239 1887
3238 1887
3237 1887
3236 1887
3235 1887
3234 1887
3233 1887
3232 1887
3231 1887
3230 1886
3229 1886
3228 1886
3227 1886
3226 1885
3225 1885
3224 1884
3223 1884
3222 1884
3221 1884
3220 1883
3219 1883
3218 1882
3217 1882
3216 1882
3215 1882
3214 1881
3213 1881
3212 1881
3211 1881
3210 1881
3209 1881
3208 1881
3207 1881
3206 1881
3205 1881
3204 1881
3203 1881
3202 1881
3201 1881
3200 1881
3199 1881
3198 1881
3197 1881
3196 1881
3195 1881
3194 1881
3193 1881
3192 1881
3191 1881
