1057 3425
1056 3426
1055 3426
1054 3426
1053 3426
1052 3427
1051 3428
1050 3429
1049 3430
1048 3430
1047 3431
1046 3432
1045 3432
1044 3433
1043 3433
1042 3434
1041 3434
1040 3435
1039 3436
1038 3436
1037 3437
1036 3438
1035 3438
1034 3439
1033 3439
1032 3440
1031 3440
1030 3440
1029 3440
1028 3441
1027 3442
1026 3442
1025 3442
1024 3443
1023 3443
1022 3443
1021 3443
1020 3444
1019 3444
1018 3445
1017 3445
1016 3446
1015 3446
1014 3447
1013 3447
1012 3448
1011 3448
1010 3448
1009 3448
1008 3449
1007 3450
1006 3450
1005 3450
1004 3451
1003 3452
1002 3453
1001 3454
1000 3455
1000 3456
999 3457
999 3458
999 3459
999 3460
999 3461
999 3462
999 3463
999 3464
999 3465
999 3466
999 3467
999 3468
999 3469
999 3470
999 3471
999 3472
999 3473
999 3474
999 3475
999 3476
999 3477
999 3478
999 3479
999 3480
999 3481
999 3482
999 3483
999 3484
999 3485
999 3486
999 3487
999 3488
1000 3489
1000 3490
1000 3491
1000 3492
1001 3493
1001 3494
1002 3495
1002 3496
1002 3497
1002 3498
1003 3499
1003 3500
1003 3501
1003 3502
1003 3503
1003 3504
1004 3505
1004 3506
1004 3507
1004 3508
1005 3509
1006 3510
1007 3511
1008 3512
1009 3513
1010 3514
1011 3515
1012 3515
1013 3516
1014 3517
1015 3517
1016 3518
1016 3519
1017 3519
1018 3520
1019 3521
1020 3521
1021 3522
1022 3522
1023 3522
1024 3522
1025 3522
1026 3522
1027 3523
1028 3523
1029 3524
1030 3525
1031 3525
1032 3526
1033 3527
1034 3528
1035 3529
1036 3529
1037 3529
1038 3529
1039 3530
1040 3530
1041 3530
1042 3530
1043 3530
1044 3530
1045 3530
1046 3530
1047 3530
1048 3530
1049 3530
1050 3530
1051 3531
1052 3531
1053 3531
1054 3531
1055 3532
1056 3532
1057 3532
1058 3532
1059 3533
1060 3533
1061 3534
1062 3534
1063 3535
1064 3535
1065 3536
1066 3536
1067 3536
1068 3536
1069 3536
1070 3536
1071 3536
1072 3536
1073 3536
1074 3536
1075 3536
1076 3536
1077 3536
1078 3536
1079 3536
1080 3536
1081 3536
1082 3536
1083 3536
1084 3536
1085 3536
1086 3536
1087 3536
1088 3536
1089 3536
1090 3536
1091 3536
1092 3536
1093 3536
1094 3536
1095 3537
1096 3537
1097 3537
1098 3538
1099 3539
1100 3539
1101 3539
1102 3539
1103 3539
1104 3539
1105 3539
1106 3539
1107 3539
1108 3539
1109 3539
1110 3539
1111 3540
1112 3540
1113 3540
1114 3540
1115 3540
1116 3540
1117 3540
1118 3540
1119 3539
1120 3539
1121 3539
1122 3539
1123 3538
1124 3538
1125 3538
1126 3538
1127 3537
1128 3537
1129 3537
1130 3537
1131 3536
1132 3536
1133 3536
1134 3536
1135 3536
1136 3536
1137 3536
1138 3536
1139 3536
1140 3536
1141 3536
1142 3536
1143 3536
1144 3536
1145 3536
1146 3536
1147 3536
1148 3536
1149 3536
1150 3536
1150 3535
1151 3534
1152 3534
1152 3533
1153 3532
1154 3532
1155 3532
1156 3532
1157 3532
1158 3532
1159 3532
1160 3532
1161 3531
1162 3531
1163 3531
1164 3531
1165 3531
1166 3532
1167 3532
1168 3533
1169 3533
1170 3533
1171 3533
1172 3533
1173 3532
1174 3531
1175 3531
1176 3531
1177 3530
1178 3530
1179 3529
1180 3529
1181 3529
1182 3529
1183 3528
1184 3528
1185 3528
1186 3528
1187 3527
1188 3527
1189 3527
1190 3527
1191 3526
1192 3525
1193 3524
1194 3524
1195 3523
1196 3523
1197 3522
1198 3521
1199 3521
1200 3521
1201 3520
1202 3519
1203 3518
1204 3517
1205 3517
1205 3516
1206 3515
1207 3514
1207 3513
1208 3512
1208 3511
1208 3510
1208 3509
1208 3508
1208 3507
1208 3506
1208 3505
1208 3504
1208 3503
1208 3502
1208 3501
1207 3500
1207 3499
1207 3498
1207 3497
1206 3496
1206 3495
1206 3494
1206 3493
1206 3492
1206 3491
1206 3490
1206 3489
1206 3488
1206 3487
1206 3486
1206 3485
1206 3484
1206 3483
1206 3482
1206 3481
1206 3480
1206 3479
1206 3478
1206 3477
1206 3476
1206 3475
1206 3474
1206 3473
1205 3472
1205 3471
1205 3470
1205 3469
1204 3468
1203 3467
1202 3466
1201 3465
1201 3464
1200 3464
1199 3463
1199 3462
1198 3462
1197 3461
1197 3460
1196 3460
1195 3459
1194 3458
1193 3457
1192 3456
1191 3456
1190 3455
1189 3454
1188 3454
1187 3453
1187 3452
1186 3452
1185 3451
1185 3450
1184 3450
1183 3449
1183 3448
1182 3448
1181 3447
1181 3446
1180 3446
1179 3445
1179 3444
1178 3444
1177 3443
1177 3442
1176 3442
1175 3441
1174 3440
1173 3439
1172 3438
1171 3438
1170 3437
1169 3436
1168 3436
1167 3435
1166 3434
1165 3433
1164 3432
1163 3432
1162 3432
1161 3431
1160 3430
1159 3430
1158 3430
1157 3429
1156 3428
1155 3428
1154 3428
1153 3428
1152 3427
1151 3427
1150 3426
1149 3426
1148 3426
1147 3426
1146 3425
1145 3425
1144 3425
1143 3425
1142 3425
1141 3425
1140 3425
1139 3425
1138 3425
1137 3425
1136 3426
1135 3426
1134 3427
1133 3428
1132 3428
1131 3429
1130 3430
1129 3430
1128 3431
1127 3431
1126 3432
1125 3432
1124 3432
1123 3432
1122 3433
1121 3433
1120 3432
1119 3432
1118 3432
1117 3431
1116 3430
1115 3430
1114 3429
1113 3428
1112 3428
1111 3427
1110 3426
1109 3426
1108 3425
1107 3425
1106 3425
1105 3425
1104 3425
1103 3425
1102 3425
1101 3425
1100 3425
1099 3425
1098 3425
1097 3425
1096 3425
1095 3425
1094 3425
1093 3425
1092 3425
1091 3425
1090 3425
1089 3425
1088 3425
1087 3425
1086 3425
1085 3425
1084 3425
1083 3425
1082 3425
1081 3425
1080 3425
1079 3425
1078 3425
1077 3425
1076 3425
1075 3425
1074 3425
1073 3425
1072 3425
1071 3425
1070 3425
1069 3425
1068 3425
1067 3425
1066 3425
1065 3425
1064 3425
1063 3425
1062 3425
1061 3425
1060 3425
1059 3425
1058 3425
1057 3425
