1549 1703
1548 1704
1547 1704
1546 1705
1545 1706
1544 1706
1543 1707
1542 1708
1541 1708
1540 1709
1539 1710
1538 1711
1537 1712
1536 1712
1536 1713
1535 1714
1534 1714
1534 1715
1533 1716
1532 1717
1532 1718
1531 1719
1531 1720
1531 1721
1531 1722
1531 1723
1531 1724
1530 1725
1530 1726
1529 1727
1528 1728
1528 1729
1527 1730
1526 1730
1526 1731
1525 1732
1524 1732
1524 1733
1523 1734
1522 1735
1521 1736
1520 1737
1520 1738
1520 1739
1520 1740
1519 1741
1519 1742
1518 1743
1518 1744
1517 1745
1517 1746
1516 1747
1516 1748
1515 1749
1515 1750
1515 1751
1515 1752
1515 1753
1515 1754
1515 1755
1515 1756
1515 1757
1515 1758
1515 1759
1515 1760
1515 1761
1515 1762
1515 1763
1515 1764
1515 1765
1515 1766
1515 1767
1515 1768
1515 1769
1515 1770
1515 1771
1515 1772
1515 1773
1515 1774
1515 1775
1515 1776
1515 1777
1515 1778
1515 1779
1515 1780
1516 1781
1516 1782
1516 1783
1516 1784
1517 1785
1517 1786
1516 1787
1516 1788
1516 1789
1516 1790
1515 1791
1515 1792
1515 1793
1515 1794
1515 1795
1515 1796
1515 1797
1515 1798
1515 1799
1515 1800
1515 1801
1515 1802
1515 1803
1515 1804
1515 1805
1515 1806
1516 1807
1516 1808
1517 1809
1518 1810
1518 1811
1519 1812
1520 1813
1520 1814
1521 1815
1521 1816
1522 1817
1522 1818
1522 1819
1523 1820
1524 1821
1525 1822
1525 1823
1526 1824
1527 1825
1527 1826
1528 1827
1528 1828
1529 1829
1530 1829
1531 1830
1532 1830
1533 1831
1534 1831
1535 1832
1536 1832
1537 1833
1538 1833
1539 1834
1540 1834
1541 1834
1542 1834
1543 1834
1544 1834
1545 1833
1546 1833
1547 1832
1548 1832
1549 1831
1550 1831
1551 1830
1552 1830
1553 1830
1554 1830
1555 1830
1556 1830
1557 1830
1558 1830
1559 1830
1560 1830
1561 1830
1562 1830
1563 1830
1564 1830
1565 1829
1566 1829
1567 1829
1568 1829
1569 1828
1570 1828
1571 1829
1572 1829
1573 1829
1574 1829
1575 1830
1576 1830
1577 1830
1578 1830
1579 1830
1580 1830
1581 1830
1582 1830
1583 1830
1584 1830
1585 1829
1586 1829
1587 1829
1588 1829
1589 1828
1590 1828
1591 1828
1592 1828
1593 1828
1594 1828
1595 1828
1596 1828
1597 1828
1598 1828
1599 1828
1600 1828
1601 1828
1602 1828
1603 1828
1604 1828
1605 1828
1606 1828
1607 1828
1608 1828
1609 1828
1610 1828
1611 1828
1612 1828
1613 1828
1614 1828
1615 1827
1616 1827
1617 1827
1618 1827
1619 1826
1620 1826
1621 1827
1622 1827
1623 1827
1624 1827
1625 1828
1626 1828
1627 1828
1628 1828
1629 1828
1630 1828
1631 1828
1632 1828
1633 1828
1634 1828
1635 1828
1636 1828
1637 1828
1638 1828
1639 1829
1640 1829
1641 1829
1642 1829
1643 1830
1644 1830
1645 1830
1646 1830
1647 1830
1648 1830
1649 1830
1650 1830
1651 1830
1652 1830
1653 1830
1654 1830
1655 1830
1656 1830
1657 1829
1658 1829
1659 1828
1660 1828
1661 1827
1662 1827
1663 1826
1664 1826
1665 1827
1666 1827
1667 1827
1668 1827
1669 1828
1670 1828
1671 1828
1672 1828
1673 1828
1674 1828
1675 1828
1676 1828
1677 1827
1678 1827
1679 1826
1680 1825
1681 1825
1681 1824
1682 1823
1683 1823
1683 1822
1684 1821
1685 1821
1685 1820
1686 1819
1687 1819
1688 1818
1689 1817
1690 1817
1691 1816
1692 1816
1693 1816
1694 1816
1695 1816
1696 1816
1697 1816
1698 1816
1699 1816
1700 1816
1701 1816
1702 1816
1703 1816
1704 1816
1705 1815
1706 1815
1707 1815
1708 1815
1709 1814
1710 1813
1711 1813
1712 1813
1713 1812
1714 1812
1715 1811
1716 1811
1717 1810
1717 1809
1718 1808
1718 1807
1718 1806
1718 1805
1718 1804
1718 1803
1719 1802
1719 1801
1720 1800
1721 1799
1721 1798
1722 1797
1723 1796
1723 1795
1724 1794
1724 1793
1724 1792
1724 1791
1724 1790
1724 1789
1724 1788
1724 1787
1725 1786
1725 1785
1725 1784
1725 1783
1726 1782
1726 1781
1726 1780
1726 1779
1726 1778
1726 1777
1726 1776
1726 1775
1726 1774
1726 1773
1726 1772
1726 1771
1726 1770
1726 1769
1726 1768
1726 1767
1726 1766
1726 1765
1726 1764
1726 1763
1726 1762
1726 1761
1726 1760
1726 1759
1726 1758
1726 1757
1725 1756
1725 1755
1724 1754
1723 1754
1722 1753
1721 1753
1720 1753
1719 1753
1718 1752
1717 1752
1716 1752
1715 1751
1714 1750
1713 1750
1712 1749
1711 1748
1711 1747
1710 1746
1709 1745
1708 1744
1707 1743
1707 1742
1706 1742
1705 1741
1705 1740
1704 1739
1703 1738
1703 1737
1702 1736
1701 1735
1700 1734
1699 1733
1698 1732
1697 1731
1696 1730
1695 1730
1694 1730
1693 1730
1692 1729
1691 1729
1690 1728
1689 1728
1688 1728
1687 1728
1686 1727
1685 1727
1684 1727
1683 1727
1682 1727
1681 1727
1680 1727
1679 1727
1678 1726
1677 1726
1676 1726
1675 1726
1674 1725
1673 1725
1672 1725
1671 1725
1670 1725
1669 1725
1668 1725
1667 1725
1666 1725
1665 1725
1664 1724
1663 1724
1662 1724
1661 1724
1660 1723
1659 1723
1658 1723
1657 1723
1656 1723
1655 1723
1654 1722
1653 1722
1652 1722
1651 1722
1650 1721
1649 1721
1648 1721
1647 1721
1646 1721
1645 1721
1644 1720
1643 1720
1642 1720
1641 1719
1640 1718
1639 1718
1638 1718
1637 1718
1636 1717
1635 1717
1634 1717
1633 1717
1632 1716
1631 1716
1630 1716
1629 1716
1628 1715
1627 1715
1626 1715
1625 1715
1624 1714
1623 1714
1622 1714
1621 1714
1620 1713
1619 1713
1618 1713
1617 1713
1616 1713
1615 1713
1614 1713
1613 1713
1612 1712
1611 1712
1610 1711
1609 1711
1608 1710
1607 1710
1606 1709
1605 1709
1604 1708
1603 1708
1602 1708
1601 1708
1600 1707
1599 1707
1598 1706
1597 1706
1596 1706
1595 1706
1594 1705
1593 1705
1592 1704
1591 1704
1590 1704
1589 1704
1588 1703
1587 1703
1586 1703
1585 1703
1584 1703
1583 1703
1582 1703
1581 1703
1580 1703
1579 1703
1578 1703
1577 1703
1576 1703
1575 1703
1574 1703
1573 1703
1572 1704
1571 1704
1570 1704
1569 1704
1568 1705
1567 1705
1566 1706
1565 1706
1564 1706
1563 1706
1562 1707
1561 1707
1560 1706
1559 1706
1558 1705
1557 1705
1556 1704
1555 1704
1554 1703
1553 1703
1552 1703
1551 1703
1550 1703
1549 1703
