989 2459
988 2460
987 2460
986 2461
985 2461
984 2462
983 2462
982 2463
981 2463
980 2463
979 2463
978 2463
977 2463
976 2462
975 2462
974 2462
973 2462
972 2461
971 2461
970 2461
969 2461
968 2461
967 2461
966 2461
965 2461
964 2461
963 2461
962 2461
961 2461
960 2461
959 2461
958 2461
957 2461
956 2461
955 2461
954 2461
953 2461
952 2461
951 2461
950 2461
949 2461
948 2461
947 2461
946 2461
945 2461
944 2461
943 2461
942 2461
941 2461
940 2461
939 2461
938 2461
937 2461
936 2462
935 2462
934 2463
933 2463
932 2464
931 2464
930 2465
929 2465
928 2465
927 2465
926 2465
925 2465
924 2465
923 2465
922 2465
921 2465
920 2465
919 2465
918 2465
917 2465
916 2465
915 2465
914 2465
913 2465
912 2465
911 2465
910 2465
909 2465
908 2465
907 2465
906 2465
905 2465
904 2466
903 2466
902 2466
901 2466
900 2467
899 2468
898 2468
897 2468
896 2469
895 2469
894 2468
893 2468
892 2468
891 2468
890 2467
889 2467
888 2467
887 2467
886 2467
885 2467
884 2467
883 2467
882 2467
881 2467
880 2467
879 2467
878 2467
877 2467
876 2467
875 2467
874 2467
873 2467
872 2467
871 2467
870 2467
869 2467
868 2467
867 2467
866 2467
865 2467
864 2467
863 2467
862 2467
861 2467
860 2467
859 2467
858 2467
857 2467
856 2467
855 2467
854 2467
853 2467
852 2467
851 2467
850 2468
849 2468
848 2468
847 2468
846 2469
845 2469
844 2469
843 2469
842 2469
841 2469
840 2469
839 2469
838 2469
837 2469
836 2469
835 2469
834 2469
833 2469
832 2469
831 2469
830 2469
829 2469
828 2469
827 2469
826 2469
825 2469
824 2469
823 2469
822 2469
821 2469
820 2470
819 2470
818 2470
817 2470
816 2471
815 2471
814 2471
813 2471
812 2471
811 2471
810 2471
809 2471
808 2471
807 2471
806 2471
805 2471
804 2471
803 2471
802 2471
801 2471
800 2472
799 2472
798 2472
797 2472
796 2473
795 2473
794 2473
793 2473
792 2473
791 2473
790 2473
789 2473
788 2473
787 2473
786 2473
785 2473
784 2473
783 2473
782 2473
781 2473
780 2473
779 2473
778 2473
777 2473
776 2473
775 2473
774 2473
773 2473
772 2473
771 2473
770 2473
769 2473
768 2473
767 2473
766 2473
765 2473
764 2473
763 2473
762 2473
761 2473
760 2472
759 2472
758 2472
757 2472
756 2471
755 2471
754 2471
753 2471
752 2471
751 2471
750 2471
749 2471
748 2471
747 2471
746 2471
745 2471
744 2471
743 2471
742 2471
741 2471
740 2471
739 2471
738 2471
737 2471
736 2470
735 2470
734 2470
733 2470
732 2469
731 2469
730 2469
729 2469
728 2469
727 2469
726 2469
725 2469
724 2469
723 2469
722 2469
721 2469
720 2469
719 2469
718 2469
717 2469
716 2469
715 2469
714 2469
713 2469
712 2469
711 2469
710 2470
709 2470
708 2471
708 2472
707 2473
707 2474
706 2475
706 2476
706 2477
705 2478
704 2479
704 2480
704 2481
704 2482
703 2483
703 2484
702 2485
702 2486
702 2487
702 2488
701 2489
701 2490
701 2491
701 2492
701 2493
701 2494
701 2495
701 2496
701 2497
701 2498
702 2499
702 2500
702 2501
702 2502
703 2503
703 2504
704 2505
704 2506
704 2507
704 2508
705 2509
705 2510
705 2511
705 2512
705 2513
705 2514
706 2515
706 2516
706 2517
706 2518
707 2519
707 2520
708 2521
708 2522
708 2523
708 2524
709 2525
709 2526
710 2527
710 2528
710 2529
710 2530
711 2531
712 2532
713 2533
714 2533
715 2534
716 2534
717 2534
718 2534
719 2534
720 2534
721 2534
722 2534
723 2535
724 2535
725 2536
726 2537
726 2538
727 2539
727 2540
728 2541
728 2542
729 2543
730 2544
730 2545
731 2545
732 2546
733 2547
734 2548
735 2549
736 2549
737 2549
738 2549
739 2550
740 2550
741 2551
742 2551
743 2551
744 2551
745 2552
746 2552
747 2553
748 2553
749 2553
750 2553
751 2554
752 2554
753 2555
754 2555
755 2556
756 2557
757 2557
758 2558
759 2559
760 2559
761 2560
762 2560
763 2560
764 2560
765 2559
766 2559
767 2559
768 2559
769 2558
770 2558
771 2557
772 2557
773 2557
774 2557
775 2556
776 2556
777 2556
778 2556
779 2556
780 2556
781 2556
782 2556
783 2556
784 2556
785 2556
786 2556
787 2556
788 2556
789 2556
790 2556
791 2556
792 2556
793 2556
794 2556
795 2556
796 2556
797 2556
798 2556
799 2556
800 2556
801 2556
802 2556
803 2556
804 2556
805 2556
806 2556
807 2556
808 2556
809 2556
810 2556
811 2556
812 2556
813 2555
814 2555
815 2555
816 2555
817 2554
818 2554
819 2554
820 2554
821 2554
822 2554
823 2554
824 2554
825 2554
826 2554
827 2554
828 2554
829 2554
830 2554
831 2554
832 2554
833 2554
834 2554
835 2554
836 2554
837 2554
838 2554
839 2553
840 2553
841 2553
842 2553
843 2552
844 2552
845 2552
846 2552
847 2552
848 2552
849 2552
850 2552
851 2552
852 2552
853 2552
854 2552
855 2552
856 2552
857 2552
858 2552
859 2551
860 2551
861 2551
862 2551
863 2550
864 2550
865 2550
866 2550
867 2550
868 2550
869 2550
870 2550
871 2550
872 2550
873 2550
874 2550
875 2550
876 2550
877 2550
878 2550
879 2550
880 2550
881 2550
882 2550
883 2550
884 2550
885 2549
886 2549
887 2549
888 2549
889 2548
890 2548
891 2548
892 2548
893 2548
894 2548
895 2548
896 2548
897 2548
898 2548
899 2548
900 2548
901 2548
902 2548
903 2548
904 2548
905 2548
906 2548
907 2548
908 2548
909 2548
910 2548
911 2548
912 2548
913 2548
914 2548
915 2548
916 2548
917 2548
918 2548
919 2547
920 2547
921 2547
922 2547
923 2546
924 2546
925 2546
926 2546
927 2546
928 2546
929 2545
930 2545
931 2545
932 2545
933 2544
934 2544
935 2544
936 2544
937 2543
938 2543
939 2543
940 2543
941 2542
942 2542
943 2542
944 2542
945 2541
946 2541
947 2541
948 2541
949 2540
950 2540
951 2540
952 2540
953 2540
954 2540
955 2540
956 2540
957 2539
958 2539
959 2539
960 2539
961 2538
962 2538
963 2537
964 2537
965 2537
966 2537
967 2536
968 2536
969 2536
970 2536
971 2536
972 2536
973 2536
974 2536
975 2535
976 2535
977 2535
978 2535
979 2534
980 2534
981 2534
982 2534
983 2533
984 2533
985 2533
986 2533
987 2532
988 2532
989 2532
990 2532
991 2532
992 2532
993 2532
994 2532
995 2531
996 2531
997 2531
998 2531
999 2530
1000 2530
1001 2530
1002 2530
1003 2530
1004 2530
1005 2529
1006 2529
1007 2529
1008 2529
1009 2528
1010 2528
1011 2528
1012 2528
1013 2528
1014 2528
1015 2527
1016 2527
1017 2527
1018 2527
1019 2526
1020 2526
1021 2526
1022 2526
1023 2526
1024 2526
1025 2526
1026 2526
1027 2526
1028 2526
1029 2526
1030 2526
1031 2525
1032 2525
1033 2525
1034 2525
1035 2524
1036 2524
1037 2524
1038 2524
1039 2524
1040 2524
1041 2524
1042 2524
1043 2524
1044 2524
1045 2524
1046 2524
1047 2524
1048 2524
1049 2524
1050 2524
1051 2523
1052 2523
1053 2523
1054 2523
1055 2522
1056 2522
1057 2522
1058 2522
1059 2522
1060 2522
1061 2522
1062 2522
1063 2522
1064 2522
1065 2521
1066 2521
1067 2521
1068 2521
1069 2520
1070 2520
1071 2520
1072 2520
1073 2519
1074 2519
1075 2519
1076 2519
1077 2518
1078 2518
1079 2518
1080 2518
1081 2517
1082 2517
1083 2517
1084 2517
1085 2516
1086 2516
1087 2515
1088 2515
1089 2514
1090 2513
1091 2513
1092 2512
1093 2511
1094 2511
1095 2510
1096 2510
1097 2510
1098 2510
1099 2510
1100 2510
1101 2510
1102 2510
1103 2510
1104 2510
1105 2510
1106 2510
1107 2510
1108 2510
1109 2509
1110 2509
1111 2509
1112 2509
1113 2508
1114 2507
1115 2507
1116 2507
1117 2506
1118 2506
1119 2505
1120 2505
1121 2504
1122 2503
1123 2503
1123 2502
1124 2501
1125 2500
1125 2499
1126 2498
1126 2497
1126 2496
1126 2495
1126 2494
1126 2493
1125 2492
1125 2491
1124 2490
1123 2489
1122 2488
1121 2488
1120 2487
1119 2487
1118 2487
1117 2487
1116 2487
1115 2487
1114 2487
1113 2487
1112 2487
1111 2487
1110 2487
1109 2487
1108 2487
1107 2487
1106 2487
1105 2487
1104 2486
1103 2486
1102 2485
1101 2484
1100 2484
1099 2483
1099 2482
1098 2482
1097 2481
1097 2480
1096 2479
1095 2478
1095 2477
1094 2476
1093 2475
1092 2474
1091 2473
1091 2472
1090 2472
1089 2471
1088 2470
1087 2469
1086 2468
1085 2468
1084 2468
1083 2468
1082 2467
1081 2467
1080 2467
1079 2467
1078 2467
1077 2467
1076 2467
1075 2467
1074 2467
1073 2467
1072 2467
1071 2467
1070 2466
1069 2466
1068 2466
1067 2466
1066 2465
1065 2465
1064 2465
1063 2465
1062 2464
1061 2464
1060 2464
1059 2464
1058 2463
1057 2463
1056 2463
1055 2463
1054 2463
1053 2463
1052 2462
1051 2462
1050 2462
1049 2462
1048 2461
1047 2461
1046 2461
1045 2461
1044 2461
1043 2461
1042 2461
1041 2461
1040 2461
1039 2461
1038 2460
1037 2460
1036 2460
1035 2460
1034 2459
1033 2459
1032 2459
1031 2459
1030 2459
1029 2459
1028 2459
1027 2459
1026 2459
1025 2459
1024 2459
1023 2459
1022 2459
1021 2459
1020 2459
1019 2459
1018 2459
1017 2459
1016 2459
1015 2459
1014 2459
1013 2459
1012 2459
1011 2459
1010 2460
1009 2460
1008 2460
1007 2460
1006 2460
1005 2460
1004 2460
1003 2460
1002 2459
1001 2459
1000 2459
999 2459
998 2459
997 2459
996 2459
995 2459
994 2459
993 2459
992 2459
991 2459
990 2459
989 2459
