1929 1933
1928 1934
1927 1934
1926 1934
1925 1935
1924 1935
1923 1935
1922 1935
1921 1935
1920 1935
1919 1935
1918 1935
1917 1935
1916 1935
1915 1935
1914 1935
1913 1935
1912 1935
1911 1935
1910 1935
1909 1935
1908 1936
1907 1936
1906 1936
1905 1936
1904 1937
1903 1937
1902 1937
1901 1937
1900 1937
1899 1937
1898 1937
1897 1937
1896 1937
1895 1937
1894 1937
1893 1937
1892 1937
1891 1937
1890 1937
1889 1937
1888 1937
1887 1937
1886 1938
1885 1938
1884 1938
1883 1939
1882 1939
1881 1939
1880 1939
1879 1939
1878 1939
1877 1939
1876 1939
1875 1939
1874 1939
1873 1939
1872 1939
1871 1939
1870 1940
1869 1940
1868 1940
1867 1940
1866 1941
1865 1941
1864 1941
1863 1941
1862 1941
1861 1941
1860 1941
1859 1941
1858 1941
1857 1941
1856 1941
1855 1941
1854 1941
1853 1941
1852 1941
1851 1941
1850 1941
1849 1941
1848 1941
1847 1941
1846 1941
1845 1941
1844 1941
1843 1941
1842 1941
1841 1941
1840 1941
1839 1941
1838 1941
1837 1941
1836 1941
1835 1942
1834 1942
1833 1942
1832 1943
1831 1944
1830 1944
1829 1944
1828 1945
1827 1945
1826 1945
1825 1945
1824 1945
1823 1945
1822 1945
1821 1945
1820 1945
1819 1945
1818 1946
1817 1946
1816 1946
1815 1946
1814 1946
1813 1946
1812 1946
1811 1946
1810 1946
1809 1946
1808 1946
1807 1946
1806 1946
1805 1946
1804 1945
1803 1945
1802 1945
1801 1945
1800 1945
1799 1945
1798 1945
1797 1945
1796 1945
1795 1945
1794 1945
1793 1945
1792 1945
1791 1945
1790 1945
1789 1945
1788 1945
1787 1945
1786 1945
1785 1945
1784 1945
1783 1945
1782 1945
1781 1945
1780 1945
1779 1945
1778 1945
1777 1945
1776 1945
1775 1945
1774 1945
1773 1945
1772 1945
1771 1945
1770 1945
1769 1945
1768 1945
1767 1945
1766 1945
1765 1945
1764 1945
1763 1945
1762 1945
1761 1945
1760 1945
1759 1945
1758 1945
1757 1945
1756 1946
1755 1946
1754 1946
1753 1946
1752 1947
1751 1947
1750 1947
1749 1947
1748 1947
1747 1947
1746 1947
1745 1947
1744 1947
1743 1947
1742 1947
1741 1947
1740 1947
1739 1947
1738 1947
1737 1947
1736 1947
1735 1947
1734 1946
1733 1946
1732 1946
1731 1946
1730 1945
1729 1945
1728 1945
1727 1945
1726 1944
1725 1944
1724 1944
1723 1944
1722 1943
1721 1943
1720 1943
1719 1943
1718 1943
1717 1943
1716 1943
1715 1943
1714 1943
1713 1943
1712 1943
1711 1943
1710 1943
1709 1943
1708 1943
1707 1943
1706 1943
1705 1943
1704 1943
1703 1943
1702 1943
1701 1943
1700 1943
1699 1943
1698 1943
1697 1943
1696 1943
1695 1943
1694 1943
1693 1943
1692 1944
1691 1944
1690 1944
1689 1945
1688 1945
1687 1945
1686 1946
1685 1946
1684 1946
1683 1946
1682 1947
1681 1947
1680 1947
1679 1947
1678 1947
1677 1947
1676 1947
1675 1947
1674 1947
1673 1947
1672 1947
1671 1947
1670 1947
1669 1947
1668 1947
1667 1947
1666 1947
1665 1947
1664 1947
1663 1947
1662 1947
1661 1947
1660 1947
1659 1947
1658 1948
1657 1948
1656 1948
1655 1949
1654 1950
1653 1950
1652 1950
1651 1951
1650 1952
1649 1952
1648 1953
1647 1954
1646 1954
1645 1954
1644 1955
1643 1955
1642 1955
1641 1955
1640 1955
1639 1955
1638 1955
1637 1955
1636 1955
1635 1955
1634 1955
1633 1955
1632 1955
1631 1955
1630 1955
1629 1955
1628 1955
1627 1955
1626 1956
1625 1956
1624 1956
1623 1957
1622 1957
1621 1957
1620 1958
1619 1958
1618 1958
1617 1959
1616 1959
1615 1959
1614 1959
1613 1959
1612 1960
1611 1960
1610 1961
1609 1962
1608 1963
1608 1964
1607 1965
1606 1966
1606 1967
1605 1968
1604 1968
1603 1969
1602 1969
1601 1969
1600 1969
1599 1969
1598 1969
1597 1968
1596 1968
1595 1968
1594 1967
1593 1967
1592 1967
1591 1967
1590 1968
1589 1968
1588 1968
1587 1969
1586 1970
1585 1970
1584 1970
1583 1971
1582 1971
1581 1971
1580 1972
1579 1972
1578 1972
1577 1973
1576 1974
1575 1974
1574 1974
1573 1975
1572 1976
1571 1976
1570 1976
1569 1977
1568 1977
1567 1977
1566 1978
1565 1978
1564 1979
1563 1980
1562 1980
1561 1981
1560 1982
1559 1982
1558 1982
1557 1983
1556 1983
1555 1983
1554 1984
1553 1984
1552 1985
1551 1986
1550 1987
1549 1988
1548 1989
1548 1990
1547 1991
1546 1992
1546 1993
1545 1994
1544 1995
1544 1996
1543 1997
1543 1998
1543 1999
1543 2000
1543 2001
1543 2002
1544 2003
1544 2004
1545 2005
1546 2005
1547 2006
1548 2007
1549 2007
1550 2007
1551 2008
1552 2008
1553 2008
1554 2008
1555 2009
1556 2009
1557 2009
1558 2009
1559 2010
1560 2010
1561 2010
1562 2010
1563 2010
1564 2010
1565 2010
1566 2010
1567 2011
1568 2011
1569 2011
1570 2011
1571 2012
1572 2012
1573 2012
1574 2012
1575 2012
1576 2012
1577 2013
1578 2013
1579 2013
1580 2013
1581 2014
1582 2014
1583 2014
1584 2015
1585 2015
1586 2015
1587 2016
1588 2017
1589 2017
1590 2017
1591 2018
1592 2018
1593 2018
1594 2019
1595 2019
1596 2019
1597 2020
1598 2020
1599 2021
1600 2021
1601 2021
1602 2021
1603 2022
1604 2022
1605 2022
1606 2022
1607 2022
1608 2022
1609 2022
1610 2022
1611 2022
1612 2022
1613 2022
1614 2022
1615 2022
1616 2023
1617 2023
1618 2023
1619 2024
1620 2025
1621 2025
1622 2025
1623 2026
1624 2027
1625 2027
1626 2027
1627 2028
1628 2029
1629 2029
1630 2029
1631 2030
1632 2031
1633 2031
1634 2031
1635 2032
1636 2033
1637 2033
1638 2033
1639 2034
1640 2035
1641 2035
1642 2035
1643 2036
1644 2036
1645 2037
1646 2037
1647 2038
1648 2038
1649 2039
1650 2039
1651 2040
1652 2041
1653 2041
1654 2041
1655 2042
1656 2043
1657 2043
1658 2043
1659 2044
1660 2044
1661 2044
1662 2044
1663 2044
1664 2045
1665 2045
1666 2045
1667 2046
1668 2046
1669 2046
1670 2047
1671 2048
1672 2049
1673 2049
1674 2050
1675 2051
1676 2052
1677 2053
1678 2054
1679 2055
1680 2055
1681 2056
1682 2056
1683 2057
1684 2057
1685 2057
1686 2058
1687 2059
1688 2059
1689 2060
1690 2061
1691 2061
1692 2061
1693 2062
1694 2063
1695 2063
1696 2063
1697 2064
1698 2065
1699 2065
1700 2065
1701 2066
1702 2067
1703 2067
1704 2067
1705 2068
1706 2069
1707 2069
1708 2069
1709 2070
1710 2070
1711 2070
1712 2071
1713 2071
1714 2071
1715 2072
1716 2073
1717 2073
1718 2073
1719 2074
1720 2074
1721 2074
1722 2075
1723 2075
1724 2075
1725 2076
1726 2076
1727 2076
1728 2076
1729 2077
1730 2077
1731 2077
1732 2077
1733 2078
1734 2078
1735 2078
1736 2078
1737 2079
1738 2079
1739 2079
1740 2079
1741 2080
1742 2081
1743 2081
1744 2081
1745 2082
1746 2082
1747 2082
1748 2082
1749 2082
1750 2082
1751 2082
1752 2082
1753 2082
1754 2082
1755 2082
1756 2082
1757 2082
1758 2082
1759 2082
1760 2082
1761 2082
1762 2082
1763 2082
1764 2083
1765 2083
1766 2083
1767 2084
1768 2084
1769 2084
1770 2084
1771 2084
1772 2084
1773 2084
1774 2084
1775 2084
1776 2084
1777 2084
1778 2084
1779 2084
1780 2085
1781 2085
1782 2085
1783 2086
1784 2086
1785 2086
1786 2086
1787 2086
1788 2086
1789 2086
1790 2086
1791 2086
1792 2086
1793 2086
1794 2086
1795 2086
1796 2086
1797 2086
1798 2086
1799 2086
1800 2086
1801 2086
1802 2086
1803 2086
1804 2086
1805 2086
1806 2086
1807 2086
1808 2086
1809 2086
1810 2086
1811 2086
1812 2086
1813 2086
1814 2086
1815 2086
1816 2086
1817 2086
1818 2087
1819 2087
1820 2087
1821 2088
1822 2088
1823 2088
1824 2088
1825 2088
1826 2088
1827 2088
1828 2088
1829 2088
1830 2088
1831 2088
1832 2088
1833 2088
1834 2088
1835 2088
1836 2088
1837 2088
1838 2088
1839 2088
1840 2088
1841 2088
1842 2088
1843 2088
1844 2088
1845 2088
1846 2088
1847 2088
1848 2088
1849 2088
1850 2089
1851 2089
1852 2089
1853 2090
1854 2090
1855 2090
1856 2090
1857 2090
1858 2090
1859 2090
1860 2090
1861 2090
1862 2090
1863 2090
1864 2090
1865 2090
1866 2090
1867 2090
1868 2090
1869 2090
1870 2090
1871 2090
1872 2090
1873 2090
1874 2090
1875 2090
1876 2090
1877 2090
1878 2090
1879 2090
1880 2091
1881 2091
1882 2091
1883 2092
1884 2092
1885 2092
1886 2092
1887 2092
1888 2092
1889 2092
1890 2092
1891 2092
1892 2092
1893 2092
1894 2092
1895 2092
1896 2092
1897 2092
1898 2092
1899 2092
1900 2092
1901 2092
1902 2092
1903 2092
1904 2092
1905 2092
1906 2092
1907 2092
1908 2092
1909 2092
1910 2092
1911 2092
1912 2092
1913 2092
1914 2092
1915 2092
1916 2092
1917 2092
1918 2092
1919 2092
1920 2092
1921 2091
1922 2091
1923 2091
1924 2090
1925 2090
1926 2090
1927 2090
1928 2090
1929 2090
1930 2090
1931 2090
1932 2090
1933 2090
1934 2090
1935 2090
1936 2090
1937 2090
1938 2090
1939 2090
1940 2090
1941 2090
1942 2090
1943 2090
1944 2090
1945 2090
1946 2090
1947 2090
1948 2090
1949 2090
1950 2090
1951 2090
1952 2090
1953 2090
1954 2090
1955 2090
1956 2090
1957 2090
1958 2090
1959 2090
1960 2090
1961 2090
1962 2090
1963 2090
1964 2090
1965 2090
1966 2090
1967 2090
1968 2090
1969 2089
1970 2089
1971 2088
1972 2087
1973 2087
1974 2086
1975 2086
1976 2086
1977 2086
1978 2086
1979 2085
1980 2085
1981 2085
1982 2084
1983 2083
1984 2083
1985 2083
1986 2082
1987 2082
1988 2082
1989 2082
1990 2082
1991 2082
1992 2082
1993 2081
1994 2081
1995 2081
1996 2080
1997 2080
1998 2080
1999 2079
2000 2079
2001 2079
2002 2078
2003 2078
2004 2078
2005 2077
2006 2077
2007 2077
2008 2076
2009 2076
2010 2076
2011 2075
2012 2075
2013 2075
2014 2074
2015 2074
2016 2074
2017 2073
2018 2073
2019 2072
2020 2071
2021 2071
2022 2070
2023 2070
2024 2070
2025 2070
2026 2070
2027 2069
2028 2069
2029 2069
2030 2068
2031 2068
2032 2068
2033 2067
2034 2067
2035 2066
2036 2065
2037 2064
2038 2063
2039 2062
2040 2061
2041 2060
2042 2059
2043 2058
2043 2057
2044 2056
2044 2055
2044 2054
2045 2053
2045 2052
2046 2051
2047 2050
2048 2049
2049 2048
2050 2047
2051 2046
2052 2045
2053 2044
2054 2043
2055 2043
2056 2042
2057 2041
2058 2041
2059 2041
2060 2040
2061 2039
2062 2039
2063 2039
2064 2038
2065 2037
2066 2037
2067 2036
2068 2035
2069 2034
2069 2033
2070 2032
2070 2031
2070 2030
2070 2029
2070 2028
2070 2027
2070 2026
2070 2025
2071 2024
2071 2023
2072 2022
2072 2021
2073 2020
2073 2019
2074 2018
2075 2017
2075 2016
2076 2015
2077 2015
2078 2014
2079 2014
2080 2014
2081 2014
2082 2014
2083 2014
2084 2014
2085 2014
2086 2014
2087 2014
2088 2014
2089 2013
2090 2013
2091 2012
2091 2011
2092 2010
2093 2009
2093 2008
2094 2007
2095 2006
2095 2005
2096 2004
2096 2003
2097 2002
2097 2001
2097 2000
2098 1999
2098 1998
2099 1997
2100 1996
2100 1995
2101 1994
2101 1993
2102 1992
2102 1991
2102 1990
2102 1989
2102 1988
2102 1987
2102 1986
2102 1985
2101 1984
2101 1983
2101 1982
2101 1981
2100 1980
2100 1979
2100 1978
2100 1977
2100 1976
2100 1975
2100 1974
2100 1973
2099 1972
2099 1971
2099 1970
2098 1969
2097 1968
2097 1967
2096 1966
2095 1965
2095 1964
2094 1964
2093 1963
2092 1962
2091 1961
2090 1960
2089 1960
2088 1959
2087 1958
2086 1957
2085 1956
2084 1956
2083 1955
2082 1954
2081 1954
2080 1953
2079 1952
2078 1952
2077 1952
2076 1951
2075 1951
2074 1951
2073 1950
2072 1950
2071 1950
2070 1949
2069 1949
2068 1949
2067 1949
2066 1949
2065 1948
2064 1948
2063 1948
2062 1947
2061 1947
2060 1947
2059 1947
2058 1947
2057 1947
2056 1947
2055 1947
2054 1947
2053 1946
2052 1946
2051 1946
2050 1945
2049 1945
2048 1945
2047 1945
2046 1945
2045 1945
2044 1945
2043 1945
2042 1945
2041 1945
2040 1945
2039 1945
2038 1944
2037 1944
2036 1944
2035 1944
2034 1943
2033 1943
2032 1943
2031 1943
2030 1943
2029 1942
2028 1942
2027 1941
2026 1940
2025 1940
2024 1939
2023 1939
2022 1939
2021 1938
2020 1938
2019 1938
2018 1938
2017 1937
2016 1937
2015 1937
2014 1937
2013 1937
2012 1937
2011 1937
2010 1937
2009 1937
2008 1937
2007 1937
2006 1937
2005 1936
2004 1936
2003 1936
2002 1935
2001 1935
2000 1935
1999 1935
1998 1935
1997 1935
1996 1935
1995 1935
1994 1935
1993 1935
1992 1935
1991 1935
1990 1935
1989 1935
1988 1935
1987 1935
1986 1935
1985 1935
1984 1935
1983 1935
1982 1935
1981 1935
1980 1935
1979 1935
1978 1935
1977 1935
1976 1935
1975 1935
1974 1935
1973 1935
1972 1935
1971 1935
1970 1935
1969 1935
1968 1935
1967 1935
1966 1935
1965 1935
1964 1935
1963 1935
1962 1935
1961 1935
1960 1935
1959 1935
1958 1935
1957 1935
1956 1935
1955 1935
1954 1935
1953 1935
1952 1935
1951 1935
1950 1935
1949 1935
1948 1935
1947 1934
1946 1934
1945 1934
1944 1933
1943 1933
1942 1933
1941 1933
1940 1933
1939 1933
1938 1933
1937 1933
1936 1933
1935 1933
1934 1933
1933 1933
1932 1933
1931 1933
1930 1933
1929 1933
