1203 2027
1202 2028
1201 2028
1200 2028
1199 2028
1198 2029
1197 2029
1196 2029
1195 2029
1194 2030
1193 2030
1192 2030
1191 2030
1190 2031
1189 2031
1188 2031
1187 2031
1186 2031
1185 2031
1184 2031
1183 2031
1182 2031
1181 2031
1180 2031
1179 2031
1178 2031
1177 2031
1176 2031
1175 2031
1174 2031
1173 2031
1172 2032
1171 2032
1170 2032
1169 2032
1168 2033
1167 2033
1166 2033
1165 2033
1164 2033
1163 2033
1162 2033
1161 2033
1160 2033
1159 2033
1158 2034
1157 2034
1156 2034
1155 2034
1154 2035
1153 2035
1152 2035
1151 2035
1150 2036
1149 2036
1148 2036
1147 2036
1146 2037
1145 2037
1144 2037
1143 2037
1142 2038
1141 2038
1140 2038
1139 2038
1138 2039
1137 2039
1136 2039
1135 2039
1134 2040
1133 2040
1132 2040
1131 2040
1130 2041
1129 2041
1128 2042
1127 2042
1126 2042
1125 2042
1124 2043
1123 2043
1122 2043
1121 2043
1120 2044
1119 2044
1118 2044
1117 2044
1116 2045
1115 2045
1114 2045
1113 2045
1112 2045
1111 2045
1110 2046
1109 2046
1108 2046
1107 2046
1106 2047
1105 2047
1104 2047
1103 2047
1102 2047
1101 2047
1100 2048
1099 2048
1098 2048
1097 2048
1096 2049
1095 2049
1094 2050
1093 2050
1092 2050
1091 2050
1090 2051
1089 2051
1088 2051
1087 2051
1086 2051
1085 2051
1084 2052
1083 2052
1082 2052
1081 2052
1080 2053
1079 2053
1078 2053
1077 2053
1076 2053
1075 2053
1074 2053
1073 2053
1072 2053
1071 2053
1070 2053
1069 2053
1068 2053
1067 2053
1066 2053
1065 2053
1064 2053
1063 2053
1062 2053
1061 2053
1060 2053
1059 2053
1058 2053
1057 2053
1056 2053
1055 2053
1054 2053
1053 2053
1052 2054
1051 2054
1050 2054
1049 2054
1048 2055
1047 2055
1046 2055
1045 2055
1044 2055
1043 2055
1042 2054
1041 2054
1040 2054
1039 2054
1038 2053
1037 2053
1036 2053
1035 2053
1034 2053
1033 2053
1032 2053
1031 2053
1030 2053
1029 2053
1028 2053
1027 2053
1026 2053
1025 2053
1024 2053
1023 2053
1022 2053
1021 2053
1020 2053
1019 2053
1018 2053
1017 2053
1016 2053
1015 2053
1014 2053
1013 2053
1012 2053
1011 2053
1010 2053
1009 2053
1008 2053
1007 2053
1006 2054
1005 2054
1004 2055
1003 2055
1002 2056
1001 2056
1000 2057
999 2057
998 2057
997 2057
996 2058
995 2058
994 2058
993 2058
992 2059
991 2059
990 2060
989 2060
988 2061
987 2062
986 2062
985 2063
984 2064
983 2064
982 2065
981 2065
980 2065
979 2065
978 2065
977 2065
976 2065
975 2065
974 2065
973 2065
972 2065
971 2065
970 2065
969 2065
968 2065
967 2065
966 2065
965 2065
964 2066
963 2066
962 2067
961 2067
960 2068
959 2068
958 2069
957 2069
956 2069
955 2069
954 2069
953 2069
952 2069
951 2069
950 2069
949 2069
948 2069
947 2069
946 2070
945 2070
944 2070
943 2070
942 2071
941 2071
940 2071
939 2071
938 2071
937 2071
936 2071
935 2071
934 2071
933 2071
932 2071
931 2071
930 2072
929 2072
928 2073
927 2074
926 2074
925 2075
924 2076
923 2076
922 2077
921 2077
920 2077
919 2077
918 2077
917 2077
916 2078
915 2078
914 2078
913 2078
912 2079
911 2080
910 2081
909 2082
908 2083
908 2084
907 2085
907 2086
907 2087
907 2088
908 2089
908 2090
908 2091
908 2092
909 2093
909 2094
909 2095
909 2096
909 2097
909 2098
909 2099
909 2100
910 2101
910 2102
910 2103
910 2104
911 2105
911 2106
911 2107
911 2108
912 2109
912 2110
912 2111
912 2112
913 2113
913 2114
913 2115
913 2116
912 2117
912 2118
912 2119
911 2120
910 2121
910 2122
910 2123
910 2124
909 2125
909 2126
908 2127
908 2128
908 2129
908 2130
907 2131
907 2132
907 2133
907 2134
907 2135
907 2136
907 2137
907 2138
907 2139
907 2140
908 2141
908 2142
909 2143
909 2144
910 2145
910 2146
911 2147
912 2148
913 2149
913 2150
914 2151
914 2152
915 2153
916 2154
917 2155
918 2156
918 2157
919 2158
920 2159
920 2160
921 2161
922 2162
923 2163
924 2164
924 2165
925 2165
926 2166
926 2167
927 2167
928 2168
928 2169
929 2169
930 2170
930 2171
931 2171
932 2172
932 2173
933 2173
934 2174
934 2175
935 2175
936 2176
936 2177
937 2177
938 2178
939 2179
940 2180
941 2181
942 2181
943 2181
944 2182
945 2183
946 2183
947 2183
948 2183
949 2184
950 2184
951 2184
952 2184
953 2185
954 2185
955 2185
956 2185
957 2186
958 2186
959 2186
960 2186
961 2186
962 2186
963 2186
964 2186
965 2186
966 2186
967 2186
968 2186
969 2186
970 2186
971 2186
972 2186
973 2186
974 2186
975 2186
976 2186
977 2186
978 2186
979 2186
980 2186
981 2186
982 2186
983 2187
984 2187
985 2187
986 2188
987 2189
988 2189
989 2189
990 2190
991 2191
992 2191
993 2191
994 2191
995 2192
996 2192
997 2192
998 2192
999 2192
1000 2192
1001 2192
1002 2192
1003 2192
1004 2192
1005 2192
1006 2192
1007 2192
1008 2192
1009 2192
1010 2192
1011 2192
1012 2192
1013 2192
1014 2192
1015 2192
1016 2192
1017 2192
1018 2192
1019 2192
1020 2192
1021 2192
1022 2192
1023 2192
1024 2192
1025 2192
1026 2192
1027 2192
1028 2192
1029 2192
1030 2192
1031 2192
1032 2192
1033 2192
1034 2192
1035 2192
1036 2192
1037 2192
1038 2192
1039 2192
1040 2192
1041 2192
1042 2192
1043 2192
1044 2192
1045 2192
1046 2192
1047 2192
1048 2192
1049 2192
1050 2192
1051 2191
1052 2191
1053 2191
1054 2191
1055 2190
1056 2190
1057 2190
1058 2190
1059 2190
1060 2190
1061 2190
1062 2190
1063 2190
1064 2190
1065 2190
1066 2190
1067 2190
1068 2190
1069 2190
1070 2190
1071 2190
1072 2190
1073 2190
1074 2190
1075 2190
1076 2190
1077 2190
1078 2190
1079 2190
1080 2190
1081 2190
1082 2190
1083 2190
1084 2190
1085 2190
1086 2190
1087 2190
1088 2190
1089 2190
1090 2190
1091 2190
1092 2190
1093 2189
1094 2189
1095 2188
1096 2188
1097 2187
1098 2187
1099 2186
1100 2186
1101 2186
1102 2186
1103 2186
1104 2186
1105 2186
1106 2186
1107 2186
1108 2186
1109 2186
1110 2186
1111 2186
1112 2186
1113 2186
1114 2186
1115 2186
1116 2186
1117 2187
1118 2187
1119 2187
1120 2187
1121 2188
1122 2188
1123 2188
1124 2188
1125 2189
1126 2189
1127 2189
1128 2189
1129 2190
1130 2190
1131 2190
1132 2190
1133 2190
1134 2190
1135 2190
1136 2190
1137 2190
1138 2190
1139 2190
1140 2190
1141 2190
1142 2190
1143 2190
1144 2190
1145 2190
1146 2190
1147 2190
1148 2190
1149 2190
1150 2190
1151 2190
1152 2190
1153 2190
1154 2190
1155 2189
1156 2189
1157 2189
1158 2189
1159 2188
1160 2188
1161 2188
1162 2188
1163 2188
1164 2188
1165 2188
1166 2188
1167 2188
1168 2188
1169 2188
1170 2188
1171 2188
1172 2188
1173 2188
1174 2188
1175 2189
1176 2189
1177 2189
1178 2189
1179 2190
1180 2190
1181 2190
1182 2190
1183 2191
1184 2191
1185 2191
1186 2191
1187 2192
1188 2192
1189 2192
1190 2192
1191 2192
1192 2192
1193 2192
1194 2192
1195 2193
1196 2193
1197 2193
1198 2193
1199 2194
1200 2194
1201 2194
1202 2194
1203 2194
1204 2194
1205 2195
1206 2195
1207 2195
1208 2195
1209 2196
1210 2196
1211 2196
1212 2196
1213 2197
1214 2197
1215 2197
1216 2197
1217 2198
1218 2198
1219 2198
1220 2198
1221 2199
1222 2199
1223 2199
1224 2200
1225 2201
1226 2201
1227 2201
1228 2202
1229 2203
1230 2203
1231 2203
1232 2204
1233 2205
1234 2205
1235 2205
1236 2205
1237 2206
1238 2206
1239 2207
1240 2207
1241 2207
1242 2207
1243 2208
1244 2208
1245 2208
1246 2208
1247 2209
1248 2209
1249 2210
1250 2211
1251 2211
1252 2212
1253 2213
1254 2214
1255 2215
1256 2215
1257 2215
1258 2215
1259 2216
1260 2216
1261 2217
1262 2217
1263 2217
1264 2217
1265 2218
1266 2218
1267 2218
1268 2218
1269 2218
1270 2218
1271 2218
1272 2218
1273 2219
1274 2219
1275 2219
1276 2219
1277 2220
1278 2220
1279 2220
1280 2220
1281 2220
1282 2220
1283 2220
1284 2220
1285 2220
1286 2220
1287 2220
1288 2220
1289 2220
1290 2220
1291 2220
1292 2220
1293 2220
1294 2220
1295 2220
1296 2220
1297 2220
1298 2220
1299 2220
1300 2220
1301 2220
1302 2220
1303 2220
1304 2220
1305 2220
1306 2220
1307 2220
1308 2220
1309 2220
1310 2220
1311 2220
1312 2220
1313 2221
1314 2221
1315 2221
1316 2221
1317 2222
1318 2222
1319 2222
1320 2222
1321 2222
1322 2222
1323 2222
1324 2222
1325 2221
1326 2221
1327 2220
1327 2219
1328 2218
1328 2217
1329 2216
1329 2215
1330 2214
1331 2213
1331 2212
1332 2211
1333 2211
1333 2210
1334 2209
1335 2209
1335 2208
1336 2207
1337 2206
1338 2205
1339 2204
1339 2203
1340 2202
1341 2201
1341 2200
1342 2199
1343 2199
1343 2198
1344 2197
1345 2196
1346 2195
1347 2194
1347 2193
1348 2192
1349 2191
1349 2190
1350 2189
1351 2188
1352 2187
1353 2186
1353 2185
1354 2184
1354 2183
1355 2182
1356 2181
1357 2180
1357 2179
1358 2178
1359 2177
1359 2176
1360 2175
1361 2175
1361 2174
1362 2173
1363 2173
1363 2172
1364 2171
1365 2170
1365 2169
1366 2168
1366 2167
1366 2166
1366 2165
1367 2164
1367 2163
1368 2162
1369 2161
1369 2160
1370 2159
1371 2158
1371 2157
1372 2156
1372 2155
1372 2154
1372 2153
1372 2152
1372 2151
1371 2150
1371 2149
1371 2148
1371 2147
1370 2146
1370 2145
1370 2144
1370 2143
1370 2142
1370 2141
1370 2140
1370 2139
1370 2138
1370 2137
1370 2136
1370 2135
1370 2134
1370 2133
1370 2132
1370 2131
1370 2130
1370 2129
1370 2128
1370 2127
1370 2126
1370 2125
1369 2124
1369 2123
1369 2122
1369 2121
1368 2120
1368 2119
1368 2118
1368 2117
1368 2116
1368 2115
1367 2114
1367 2113
1367 2112
1367 2111
1366 2110
1366 2109
1365 2108
1365 2107
1365 2106
1365 2105
1364 2104
1364 2103
1363 2102
1363 2101
1362 2100
1361 2099
1361 2098
1360 2098
1359 2097
1359 2096
1358 2095
1357 2094
1357 2093
1356 2092
1356 2091
1355 2090
1355 2089
1354 2088
1353 2087
1353 2086
1352 2086
1351 2085
1351 2084
1350 2084
1349 2083
1349 2082
1348 2082
1347 2081
1347 2080
1346 2080
1345 2079
1344 2078
1343 2078
1342 2077
1341 2077
1340 2076
1339 2076
1338 2075
1337 2075
1336 2074
1335 2074
1334 2073
1333 2073
1332 2072
1331 2072
1330 2072
1329 2071
1328 2070
1327 2070
1326 2069
1325 2068
1324 2068
1323 2067
1323 2066
1322 2066
1321 2065
1320 2064
1319 2063
1318 2062
1317 2062
1316 2062
1315 2061
1314 2060
1313 2060
1312 2060
1311 2059
1310 2058
1309 2058
1308 2058
1307 2058
1306 2057
1305 2057
1304 2057
1303 2057
1302 2056
1301 2056
1300 2056
1299 2056
1298 2055
1297 2055
1296 2055
1295 2055
1294 2055
1293 2055
1292 2054
1291 2054
1290 2053
1289 2052
1288 2052
1287 2051
1286 2050
1285 2049
1284 2048
1283 2048
1282 2048
1281 2048
1280 2047
1279 2047
1278 2047
1277 2047
1276 2047
1275 2047
1274 2047
1273 2047
1272 2046
1271 2046
1270 2045
1269 2044
1268 2044
1267 2043
1267 2042
1266 2042
1265 2041
1264 2040
1263 2039
1262 2038
1261 2038
1260 2038
1259 2038
1258 2037
1257 2037
1256 2037
1255 2037
1254 2036
1253 2036
1252 2035
1251 2035
1250 2034
1249 2034
1248 2033
1247 2033
1246 2032
1245 2032
1244 2032
1243 2032
1242 2031
1241 2031
1240 2031
1239 2031
1238 2031
1237 2031
1236 2031
1235 2031
1234 2031
1233 2031
1232 2030
1231 2030
1230 2030
1229 2030
1228 2029
1227 2029
1226 2028
1225 2028
1224 2028
1223 2028
1222 2027
1221 2027
1220 2027
1219 2027
1218 2027
1217 2027
1216 2027
1215 2027
1214 2027
1213 2027
1212 2027
1211 2027
1210 2027
1209 2027
1208 2027
1207 2027
1206 2027
1205 2027
1204 2027
1203 2027
