933 4491
932 4492
931 4492
930 4492
929 4492
928 4493
927 4493
926 4493
925 4493
924 4493
923 4493
922 4494
921 4494
920 4494
919 4494
918 4495
917 4495
916 4495
915 4495
914 4495
913 4495
912 4495
911 4495
910 4495
909 4495
908 4495
907 4495
906 4495
905 4495
904 4495
903 4495
902 4495
901 4495
900 4495
899 4495
898 4496
897 4496
896 4496
895 4496
894 4497
893 4497
892 4497
891 4497
890 4497
889 4497
888 4497
887 4497
886 4497
885 4497
884 4497
883 4497
882 4497
881 4497
880 4497
879 4497
878 4498
877 4498
876 4499
876 4500
875 4501
875 4502
875 4503
875 4504
875 4505
875 4506
875 4507
875 4508
875 4509
875 4510
876 4511
876 4512
876 4513
876 4514
877 4515
877 4516
877 4517
877 4518
877 4519
877 4520
878 4521
878 4522
879 4523
880 4524
880 4525
881 4525
882 4526
882 4527
883 4527
884 4528
884 4529
885 4529
886 4530
886 4531
887 4531
888 4532
888 4533
889 4533
890 4534
890 4535
891 4535
892 4536
892 4537
893 4537
894 4538
894 4539
895 4539
896 4540
897 4541
898 4542
899 4543
900 4543
901 4543
902 4544
903 4545
904 4545
905 4546
906 4547
907 4547
908 4548
909 4549
910 4549
911 4550
912 4550
913 4551
914 4551
915 4552
916 4553
917 4553
918 4554
919 4555
920 4556
921 4557
922 4557
923 4558
924 4559
925 4559
926 4560
927 4561
928 4562
929 4563
930 4563
931 4563
932 4564
933 4565
934 4565
935 4566
936 4566
937 4567
938 4567
939 4568
940 4568
941 4569
942 4569
943 4570
944 4571
945 4571
946 4572
947 4573
948 4574
949 4575
950 4575
951 4576
952 4576
953 4577
954 4578
955 4579
956 4579
957 4579
958 4580
959 4581
960 4581
961 4582
962 4583
963 4583
964 4584
964 4585
965 4585
966 4586
967 4587
968 4588
969 4589
970 4589
971 4590
972 4590
973 4591
974 4592
975 4593
976 4593
977 4594
978 4594
979 4595
980 4595
981 4596
982 4596
983 4597
984 4597
985 4598
986 4599
987 4599
988 4600
988 4601
989 4601
990 4602
991 4603
992 4604
993 4605
994 4605
995 4606
996 4607
997 4607
998 4608
999 4609
1000 4610
1001 4611
1002 4611
1003 4611
1004 4611
1005 4612
1006 4612
1007 4613
1008 4613
1009 4614
1010 4614
1011 4615
1012 4615
1013 4616
1014 4616
1015 4616
1016 4616
1017 4617
1018 4617
1019 4618
1020 4619
1021 4619
1022 4620
1023 4621
1024 4622
1025 4623
1026 4623
1027 4624
1028 4625
1029 4625
1030 4626
1031 4627
1032 4627
1033 4628
1034 4628
1035 4629
1036 4629
1037 4630
1038 4630
1039 4631
1040 4632
1041 4633
1042 4633
1043 4633
1044 4634
1045 4635
1046 4635
1047 4636
1048 4636
1049 4637
1050 4638
1051 4639
1052 4639
1053 4639
1054 4640
1055 4641
1056 4641
1057 4642
1058 4642
1059 4643
1060 4644
1061 4645
1062 4645
1063 4645
1064 4646
1065 4647
1066 4647
1067 4647
1068 4647
1069 4648
1070 4648
1071 4648
1072 4648
1073 4648
1074 4648
1075 4648
1076 4648
1077 4648
1078 4648
1079 4649
1080 4649
1081 4649
1082 4650
1083 4651
1084 4651
1085 4651
1086 4651
1087 4652
1088 4652
1089 4653
1090 4653
1091 4654
1092 4654
1093 4655
1094 4655
1095 4656
1096 4656
1097 4656
1098 4656
1099 4656
1100 4656
1101 4656
1102 4656
1103 4656
1104 4656
1105 4656
1106 4656
1107 4656
1108 4656
1109 4656
1110 4656
1111 4656
1112 4656
1113 4656
1114 4656
1115 4656
1116 4656
1117 4656
1118 4656
1119 4656
1120 4656
1121 4656
1122 4656
1123 4656
1124 4656
1125 4656
1126 4656
1127 4656
1128 4656
1129 4656
1130 4656
1131 4656
1132 4656
1133 4656
1134 4656
1135 4656
1136 4656
1137 4656
1138 4656
1139 4656
1140 4656
1141 4655
1142 4655
1143 4655
1144 4655
1145 4654
1146 4654
1147 4654
1148 4654
1149 4654
1150 4654
1151 4654
1152 4654
1153 4654
1154 4654
1155 4654
1156 4654
1157 4654
1158 4654
1159 4654
1160 4654
1161 4654
1162 4654
1163 4654
1164 4654
1165 4654
1166 4654
1167 4654
1168 4654
1169 4654
1170 4654
1171 4653
1172 4653
1173 4653
1174 4653
1175 4652
1176 4652
1177 4652
1178 4652
1179 4652
1180 4652
1181 4652
1182 4652
1183 4652
1184 4652
1185 4652
1186 4652
1187 4651
1188 4651
1189 4651
1190 4651
1191 4650
1192 4650
1193 4650
1194 4650
1195 4650
1196 4650
1197 4649
1198 4649
1199 4649
1200 4649
1201 4648
1202 4648
1203 4648
1204 4648
1205 4648
1206 4648
1207 4648
1208 4648
1209 4648
1210 4648
1211 4648
1212 4648
1213 4648
1214 4648
1215 4648
1216 4648
1217 4648
1218 4648
1219 4648
1220 4648
1221 4648
1222 4648
1223 4648
1224 4648
1225 4648
1226 4648
1227 4648
1228 4648
1229 4648
1230 4648
1231 4648
1232 4648
1233 4648
1234 4648
1235 4648
1236 4648
1237 4648
1238 4648
1239 4647
1240 4647
1241 4647
1242 4647
1243 4646
1244 4646
1245 4646
1246 4646
1247 4646
1248 4646
1249 4646
1250 4646
1251 4646
1252 4646
1253 4646
1254 4646
1255 4646
1256 4646
1257 4646
1258 4646
1259 4646
1260 4646
1261 4646
1262 4646
1263 4645
1264 4645
1265 4645
1266 4645
1267 4644
1268 4644
1269 4644
1270 4644
1271 4644
1272 4644
1273 4644
1274 4644
1275 4644
1276 4644
1277 4643
1278 4643
1279 4643
1280 4643
1281 4642
1282 4642
1283 4642
1284 4642
1285 4642
1286 4642
1287 4642
1288 4642
1289 4642
1290 4642
1291 4642
1292 4642
1293 4642
1294 4642
1295 4642
1296 4642
1297 4642
1298 4642
1299 4642
1300 4642
1301 4642
1302 4642
1303 4641
1304 4641
1305 4641
1306 4641
1307 4640
1308 4640
1309 4640
1310 4640
1311 4640
1312 4640
1313 4639
1314 4639
1315 4639
1316 4639
1317 4638
1318 4638
1319 4638
1320 4638
1321 4638
1322 4638
1323 4637
1324 4637
1325 4637
1326 4637
1327 4636
1328 4636
1329 4636
1330 4636
1331 4635
1332 4635
1333 4635
1334 4635
1335 4634
1336 4634
1337 4634
1338 4634
1339 4633
1340 4633
1341 4633
1342 4633
1343 4632
1344 4632
1345 4632
1346 4632
1347 4632
1348 4632
1349 4632
1350 4632
1351 4632
1352 4632
1353 4631
1354 4631
1355 4631
1356 4631
1357 4630
1358 4630
1359 4630
1360 4630
1361 4629
1362 4629
1363 4629
1364 4629
1365 4628
1366 4628
1367 4628
1368 4628
1369 4628
1370 4628
1371 4628
1372 4628
1373 4628
1374 4628
1375 4628
1376 4628
1377 4628
1378 4628
1379 4628
1380 4628
1381 4627
1382 4627
1383 4627
1384 4627
1385 4626
1386 4626
1387 4626
1388 4626
1389 4625
1390 4625
1391 4624
1392 4624
1393 4623
1394 4623
1395 4622
1396 4622
1397 4621
1398 4621
1399 4621
1400 4621
1401 4620
1402 4620
1403 4620
1404 4620
1405 4620
1406 4620
1407 4619
1408 4619
1409 4619
1410 4619
1411 4618
1412 4618
1413 4618
1414 4618
1415 4618
1416 4618
1417 4618
1418 4618
1419 4618
1420 4618
1421 4618
1422 4618
1423 4617
1424 4617
1425 4617
1426 4617
1427 4616
1428 4616
1429 4616
1430 4616
1431 4615
1432 4615
1433 4615
1434 4615
1435 4614
1436 4614
1437 4613
1438 4613
1439 4613
1440 4613
1441 4612
1442 4612
1443 4611
1444 4611
1445 4611
1446 4611
1447 4610
1448 4610
1449 4610
1450 4610
1451 4610
1452 4610
1453 4610
1454 4610
1455 4610
1456 4610
1457 4610
1458 4610
1459 4610
1460 4610
1461 4610
1462 4610
1463 4610
1464 4610
1465 4609
1466 4609
1467 4608
1468 4608
1469 4607
1470 4607
1471 4606
1472 4606
1473 4605
1474 4605
1475 4605
1476 4605
1477 4604
1478 4603
1479 4603
1480 4603
1481 4602
1482 4601
1483 4601
1484 4601
1485 4600
1486 4600
1487 4599
1488 4599
1489 4599
1490 4599
1491 4598
1492 4598
1493 4597
1494 4597
1495 4597
1496 4597
1497 4596
1498 4595
1499 4594
1500 4593
1501 4593
1501 4592
1502 4591
1503 4591
1504 4590
1505 4589
1506 4589
1507 4588
1508 4588
1509 4588
1510 4588
1511 4587
1512 4587
1513 4586
1514 4585
1515 4585
1515 4584
1516 4583
1517 4583
1517 4582
1518 4581
1519 4580
1519 4579
1520 4578
1520 4577
1520 4576
1520 4575
1520 4574
1520 4573
1520 4572
1520 4571
1520 4570
1520 4569
1520 4568
1520 4567
1520 4566
1520 4565
1520 4564
1520 4563
1520 4562
1520 4561
1520 4560
1520 4559
1520 4558
1520 4557
1520 4556
1520 4555
1520 4554
1520 4553
1519 4552
1519 4551
1519 4550
1519 4549
1518 4548
1517 4547
1517 4546
1517 4545
1516 4544
1515 4543
1515 4542
1515 4541
1514 4540
1514 4539
1514 4538
1514 4537
1513 4536
1513 4535
1512 4534
1511 4533
1511 4532
1510 4532
1509 4531
1508 4530
1507 4530
1506 4529
1505 4529
1504 4529
1503 4529
1502 4529
1501 4529
1500 4528
1499 4528
1498 4528
1497 4528
1496 4527
1495 4527
1494 4527
1493 4527
1492 4526
1491 4526
1490 4526
1489 4526
1488 4525
1487 4525
1486 4525
1485 4525
1484 4525
1483 4525
1482 4525
1481 4525
1480 4525
1479 4525
1478 4524
1477 4524
1476 4524
1475 4524
1474 4523
1473 4523
1472 4523
1471 4523
1470 4523
1469 4523
1468 4523
1467 4523
1466 4523
1465 4523
1464 4523
1463 4523
1462 4523
1461 4523
1460 4523
1459 4523
1458 4523
1457 4523
1456 4523
1455 4523
1454 4523
1453 4523
1452 4523
1451 4523
1450 4523
1449 4523
1448 4523
1447 4523
1446 4524
1445 4524
1444 4524
1443 4524
1442 4525
1441 4525
1440 4525
1439 4525
1438 4525
1437 4525
1436 4525
1435 4525
1434 4525
1433 4525
1432 4525
1431 4525
1430 4525
1429 4525
1428 4526
1427 4526
1426 4526
1425 4526
1424 4527
1423 4527
1422 4527
1421 4527
1420 4527
1419 4527
1418 4527
1417 4527
1416 4527
1415 4527
1414 4527
1413 4527
1412 4528
1411 4528
1410 4528
1409 4528
1408 4529
1407 4529
1406 4529
1405 4529
1404 4529
1403 4529
1402 4529
1401 4529
1400 4529
1399 4529
1398 4529
1397 4529
1396 4529
1395 4529
1394 4529
1393 4529
1392 4529
1391 4529
1390 4529
1389 4529
1388 4529
1387 4529
1386 4529
1385 4529
1384 4529
1383 4529
1382 4529
1381 4529
1380 4529
1379 4529
1378 4529
1377 4529
1376 4529
1375 4529
1374 4530
1373 4530
1372 4530
1371 4530
1370 4531
1369 4531
1368 4531
1367 4531
1366 4531
1365 4531
1364 4531
1363 4531
1362 4531
1361 4531
1360 4531
1359 4531
1358 4531
1357 4531
1356 4531
1355 4531
1354 4532
1353 4532
1352 4532
1351 4532
1350 4533
1349 4533
1348 4533
1347 4533
1346 4533
1345 4533
1344 4533
1343 4533
1342 4533
1341 4533
1340 4533
1339 4533
1338 4533
1337 4533
1336 4533
1335 4533
1334 4533
1333 4533
1332 4533
1331 4533
1330 4533
1329 4533
1328 4533
1327 4533
1326 4533
1325 4533
1324 4533
1323 4533
1322 4533
1321 4533
1320 4533
1319 4533
1318 4533
1317 4533
1316 4533
1315 4533
1314 4533
1313 4533
1312 4533
1311 4533
1310 4533
1309 4533
1308 4533
1307 4533
1306 4533
1305 4533
1304 4533
1303 4533
1302 4533
1301 4533
1300 4533
1299 4533
1298 4533
1297 4533
1296 4533
1295 4533
1294 4533
1293 4533
1292 4533
1291 4533
1290 4533
1289 4533
1288 4533
1287 4533
1286 4533
1285 4533
1284 4533
1283 4533
1282 4533
1281 4533
1280 4533
1279 4533
1278 4533
1277 4533
1276 4533
1275 4533
1274 4533
1273 4533
1272 4533
1271 4533
1270 4533
1269 4533
1268 4533
1267 4533
1266 4533
1265 4533
1264 4533
1263 4533
1262 4533
1261 4533
1260 4533
1259 4533
1258 4533
1257 4533
1256 4533
1255 4533
1254 4533
1253 4533
1252 4533
1251 4533
1250 4533
1249 4533
1248 4533
1247 4533
1246 4533
1245 4533
1244 4533
1243 4533
1242 4533
1241 4533
1240 4533
1239 4533
1238 4533
1237 4533
1236 4533
1235 4533
1234 4533
1233 4533
1232 4533
1231 4533
1230 4533
1229 4533
1228 4533
1227 4533
1226 4533
1225 4533
1224 4533
1223 4533
1222 4533
1221 4533
1220 4533
1219 4533
1218 4532
1217 4532
1216 4532
1215 4532
1214 4531
1213 4531
1212 4531
1211 4531
1210 4531
1209 4531
1208 4531
1207 4531
1206 4531
1205 4531
1204 4531
1203 4531
1202 4531
1201 4531
1200 4530
1199 4530
1198 4530
1197 4530
1196 4529
1195 4529
1194 4529
1193 4529
1192 4529
1191 4529
1190 4529
1189 4529
1188 4528
1187 4528
1186 4528
1185 4528
1184 4527
1183 4527
1182 4527
1181 4527
1180 4527
1179 4527
1178 4527
1177 4527
1176 4527
1175 4527
1174 4526
1173 4526
1172 4526
1171 4526
1170 4525
1169 4525
1168 4525
1167 4525
1166 4525
1165 4525
1164 4525
1163 4525
1162 4525
1161 4525
1160 4524
1159 4524
1158 4524
1157 4524
1156 4523
1155 4523
1154 4523
1153 4523
1152 4523
1151 4523
1150 4522
1149 4522
1148 4522
1147 4522
1146 4521
1145 4521
1144 4521
1143 4521
1142 4521
1141 4521
1140 4520
1139 4520
1138 4520
1137 4520
1136 4519
1135 4519
1134 4519
1133 4519
1132 4519
1131 4519
1130 4519
1129 4519
1128 4519
1127 4519
1126 4518
1125 4518
1124 4518
1123 4518
1122 4517
1121 4517
1120 4517
1119 4517
1118 4517
1117 4517
1116 4516
1115 4516
1114 4516
1113 4516
1112 4515
1111 4515
1110 4515
1109 4515
1108 4515
1107 4515
1106 4514
1105 4514
1104 4514
1103 4514
1102 4513
1101 4513
1100 4513
1099 4513
1098 4513
1097 4513
1096 4513
1095 4513
1094 4513
1093 4513
1092 4513
1091 4513
1090 4513
1089 4513
1088 4513
1087 4513
1086 4513
1085 4513
1084 4513
1083 4513
1082 4513
1081 4513
1080 4513
1079 4513
1078 4513
1077 4513
1076 4513
1075 4513
1074 4513
1073 4513
1072 4512
1071 4512
1070 4512
1069 4512
1068 4511
1067 4511
1066 4511
1065 4511
1064 4511
1063 4511
1062 4511
1061 4511
1060 4511
1059 4511
1058 4511
1057 4511
1056 4510
1055 4510
1054 4510
1053 4510
1052 4509
1051 4509
1050 4509
1049 4509
1048 4509
1047 4509
1046 4509
1045 4509
1044 4509
1043 4509
1042 4509
1041 4509
1040 4509
1039 4509
1038 4509
1037 4509
1036 4508
1035 4508
1034 4508
1033 4508
1032 4507
1031 4507
1030 4507
1029 4507
1028 4507
1027 4507
1026 4507
1025 4507
1024 4506
1023 4506
1022 4506
1021 4506
1020 4505
1019 4505
1018 4505
1017 4505
1016 4505
1015 4505
1014 4505
1013 4505
1012 4504
1011 4504
1010 4504
1009 4504
1008 4503
1007 4503
1006 4503
1005 4503
1004 4503
1003 4503
1002 4503
1001 4503
1000 4503
999 4503
998 4502
997 4502
996 4502
995 4502
994 4501
993 4501
992 4501
991 4501
990 4500
989 4500
988 4500
987 4500
986 4499
985 4499
984 4499
983 4499
982 4498
981 4498
980 4498
979 4498
978 4497
977 4497
976 4497
975 4497
974 4497
973 4497
972 4497
971 4497
970 4497
969 4497
968 4496
967 4496
966 4496
965 4496
964 4495
963 4495
962 4495
961 4495
960 4495
959 4495
958 4494
957 4494
956 4494
955 4494
954 4493
953 4493
952 4493
951 4493
950 4493
949 4493
948 4493
947 4493
946 4492
945 4492
944 4492
943 4492
942 4491
941 4491
940 4491
939 4491
938 4491
937 4491
936 4491
935 4491
934 4491
933 4491
