205 186
204 187
203 187
202 187
201 187
200 187
199 187
198 187
197 187
196 188
195 188
194 188
193 188
192 188
191 188
190 189
189 189
188 190
187 190
186 190
185 190
184 190
183 190
182 190
181 190
180 190
179 190
178 191
177 191
176 192
175 192
174 192
173 192
172 192
171 192
170 192
169 192
168 193
167 193
166 193
165 193
164 194
163 194
162 195
161 195
160 195
159 195
158 196
157 196
156 197
155 197
154 197
153 197
152 197
151 197
150 197
149 197
148 197
147 197
146 197
145 197
144 197
143 197
142 197
141 197
140 197
139 198
138 198
137 198
136 198
135 199
134 199
133 199
132 199
131 199
130 199
129 199
128 199
127 200
126 200
125 200
124 200
123 201
122 202
121 202
120 202
119 203
118 203
117 203
116 204
115 204
114 205
113 205
112 206
111 207
110 207
109 208
108 208
107 209
107 210
106 211
105 212
105 213
104 214
103 215
102 216
102 217
101 218
101 219
100 220
100 221
100 222
99 223
99 224
98 225
98 226
98 227
98 228
98 229
98 230
99 231
99 232
100 233
100 234
101 235
101 236
101 237
101 238
101 239
102 240
102 241
103 242
103 243
104 244
104 245
105 246
105 247
105 248
106 249
106 250
106 251
106 252
106 253
107 253
108 254
109 255
110 255
111 255
112 255
113 256
114 256
115 256
116 256
117 256
118 256
119 256
120 256
121 257
122 257
123 257
124 257
125 257
126 258
127 258
128 258
129 258
130 258
131 258
132 259
133 259
134 260
135 260
136 260
137 261
138 261
139 262
140 262
141 263
142 263
143 264
144 264
145 265
146 265
147 266
148 266
149 267
150 267
151 268
152 269
153 270
154 270
155 270
156 270
157 270
158 270
159 270
160 270
161 270
162 271
163 271
164 272
165 272
166 273
167 274
168 275
169 275
170 275
171 275
172 276
173 276
174 276
175 276
176 276
177 276
178 276
179 276
180 277
181 277
182 277
183 277
184 278
185 278
186 278
187 278
188 278
189 278
190 278
191 278
192 278
193 278
194 279
195 279
196 279
197 279
198 280
199 280
200 281
201 281
202 281
203 281
204 282
205 282
206 282
207 282
208 283
209 283
210 283
211 283
212 284
213 284
214 284
215 284
216 284
217 284
218 284
219 284
220 284
221 284
222 284
223 284
224 284
225 284
226 284
227 284
228 284
229 284
230 284
231 284
232 285
233 285
234 286
235 287
236 287
237 288
238 288
239 288
240 288
241 288
242 288
243 288
244 288
245 288
246 289
247 289
248 289
249 289
250 289
251 290
252 290
253 290
254 290
255 290
256 290
257 291
258 291
259 291
260 291
261 291
262 291
263 291
264 291
265 291
266 291
267 291
268 291
269 291
270 291
271 291
272 291
273 291
274 292
275 292
276 292
277 292
278 292
279 292
280 292
281 292
282 292
283 292
284 292
285 292
286 292
287 292
288 292
289 292
290 292
291 292
292 292
293 292
294 292
295 292
296 292
297 292
298 292
299 292
300 291
301 291
302 291
303 291
304 291
305 291
306 290
307 290
308 290
309 290
310 290
311 290
312 290
313 290
314 290
315 290
316 290
317 289
318 289
319 289
320 289
321 289
322 288
323 287
324 286
324 285
325 284
325 283
325 282
325 281
325 280
325 279
325 278
325 277
326 276
326 275
327 274
327 273
328 272
328 271
328 270
328 269
328 268
328 267
327 266
327 265
327 264
328 263
328 262
328 261
328 260
328 259
329 258
329 257
329 256
329 255
329 254
330 253
330 252
330 251
330 250
331 249
331 248
331 247
331 246
331 245
331 244
330 243
330 242
330 241
330 240
331 239
331 238
331 237
331 236
331 235
331 234
332 233
332 232
333 231
333 230
333 229
333 228
333 227
333 226
333 225
334 224
334 223
335 222
335 221
335 220
335 219
335 218
335 217
335 216
335 215
336 214
336 213
335 213
334 212
333 211
332 210
331 209
331 208
330 207
329 207
328 206
327 206
326 205
325 204
324 204
323 203
322 203
321 202
320 201
319 201
318 200
317 200
316 199
315 199
314 199
313 199
312 198
311 198
310 197
309 197
308 197
307 197
306 196
305 196
304 195
303 195
302 195
301 195
300 194
299 194
298 194
297 194
296 194
295 194
294 193
293 193
292 192
291 192
290 192
289 192
288 192
287 192
286 192
285 192
284 192
283 191
282 191
281 191
280 191
279 191
278 191
277 191
276 191
275 191
274 191
273 191
272 191
271 191
270 191
269 191
268 191
267 191
266 191
265 191
264 191
263 191
262 191
261 191
260 191
259 191
258 191
257 191
256 191
255 191
254 191
253 191
252 191
251 191
250 191
249 191
248 191
247 191
246 191
245 191
244 191
243 191
242 191
241 190
240 190
239 190
238 190
237 190
236 190
235 189
234 189
233 189
232 189
231 189
230 189
229 189
228 189
227 189
226 189
225 189
224 189
223 188
222 188
221 188
220 188
219 188
218 188
217 187
216 187
215 187
214 187
213 187
212 187
211 186
210 186
209 186
208 186
207 186
206 186
205 186
