1671 1227
1670 1228
1669 1228
1668 1228
1667 1228
1666 1229
1665 1229
1664 1229
1663 1229
1662 1229
1661 1229
1660 1229
1659 1229
1658 1229
1657 1229
1656 1230
1655 1230
1654 1230
1653 1230
1652 1231
1651 1231
1650 1231
1649 1231
1648 1231
1647 1231
1646 1231
1645 1231
1644 1231
1643 1231
1642 1231
1641 1231
1640 1231
1639 1231
1638 1231
1637 1231
1636 1231
1635 1231
1634 1232
1633 1232
1632 1232
1631 1232
1630 1233
1629 1233
1628 1233
1627 1233
1626 1233
1625 1233
1624 1233
1623 1233
1622 1233
1621 1233
1620 1234
1619 1234
1618 1234
1617 1234
1616 1235
1615 1235
1614 1235
1613 1235
1612 1235
1611 1235
1610 1235
1609 1235
1608 1236
1607 1236
1606 1236
1605 1236
1604 1237
1603 1237
1602 1237
1601 1237
1600 1237
1599 1237
1598 1238
1597 1238
1596 1238
1595 1238
1594 1239
1593 1239
1592 1239
1591 1239
1590 1239
1589 1239
1588 1240
1587 1240
1586 1240
1585 1240
1584 1241
1583 1241
1582 1241
1581 1241
1580 1241
1579 1241
1578 1242
1577 1242
1576 1242
1575 1242
1574 1243
1573 1243
1572 1243
1571 1243
1570 1243
1569 1243
1568 1243
1567 1243
1566 1244
1565 1244
1564 1244
1563 1244
1562 1245
1561 1245
1560 1245
1559 1245
1558 1246
1557 1246
1556 1246
1555 1246
1554 1247
1553 1247
1552 1247
1551 1247
1550 1248
1549 1248
1548 1248
1547 1248
1546 1249
1545 1249
1544 1249
1543 1249
1542 1250
1541 1250
1540 1250
1539 1250
1538 1251
1537 1252
1536 1253
1535 1254
1534 1254
1534 1255
1533 1256
1532 1256
1532 1257
1531 1258
1530 1258
1530 1259
1529 1260
1528 1260
1528 1261
1527 1262
1526 1262
1526 1263
1525 1264
1524 1264
1524 1265
1523 1266
1522 1267
1522 1268
1521 1269
1521 1270
1520 1271
1520 1272
1520 1273
1520 1274
1519 1275
1519 1276
1519 1277
1519 1278
1518 1279
1518 1280
1518 1281
1518 1282
1517 1283
1517 1284
1516 1285
1516 1286
1516 1287
1516 1288
1515 1289
1515 1290
1515 1291
1515 1292
1515 1293
1515 1294
1514 1295
1514 1296
1514 1297
1513 1298
1512 1299
1512 1300
1512 1301
1512 1302
1511 1303
1511 1304
1511 1305
1511 1306
1511 1307
1511 1308
1511 1309
1511 1310
1511 1311
1511 1312
1511 1313
1511 1314
1511 1315
1511 1316
1511 1317
1511 1318
1510 1319
1510 1320
1510 1321
1510 1322
1509 1323
1509 1324
1509 1325
1509 1326
1509 1327
1509 1328
1509 1329
1509 1330
1509 1331
1509 1332
1509 1333
1509 1334
1509 1335
1509 1336
1509 1337
1509 1338
1509 1339
1509 1340
1510 1341
1510 1342
1510 1343
1510 1344
1511 1345
1512 1346
1513 1347
1514 1348
1514 1349
1515 1349
1516 1350
1517 1351
1518 1352
1519 1353
1520 1353
1521 1354
1522 1354
1523 1355
1524 1355
1525 1356
1526 1356
1527 1357
1528 1357
1529 1357
1530 1357
1531 1358
1532 1358
1533 1358
1534 1358
1535 1358
1536 1358
1537 1358
1538 1358
1539 1358
1540 1358
1541 1358
1542 1358
1543 1359
1544 1359
1545 1359
1546 1359
1547 1360
1548 1360
1549 1360
1550 1360
1551 1360
1552 1360
1553 1360
1554 1360
1555 1361
1556 1361
1557 1361
1558 1361
1559 1362
1560 1362
1561 1363
1562 1363
1563 1363
1564 1363
1565 1364
1566 1364
1567 1364
1568 1364
1569 1364
1570 1364
1571 1365
1572 1365
1573 1365
1574 1365
1575 1366
1576 1366
1577 1366
1578 1366
1579 1366
1580 1366
1581 1366
1582 1366
1583 1366
1584 1366
1585 1366
1586 1366
1587 1366
1588 1366
1589 1366
1590 1366
1591 1366
1592 1366
1593 1366
1594 1366
1595 1366
1596 1366
1597 1367
1598 1367
1599 1367
1600 1367
1601 1368
1602 1368
1603 1369
1604 1369
1605 1369
1606 1370
1607 1371
1608 1371
1609 1371
1610 1371
1611 1372
1612 1372
1613 1373
1614 1373
1615 1374
1616 1374
1617 1375
1618 1375
1619 1376
1620 1376
1621 1377
1622 1377
1623 1377
1624 1377
1625 1378
1626 1378
1627 1378
1628 1378
1629 1379
1630 1379
1631 1379
1632 1379
1633 1380
1634 1380
1635 1380
1636 1380
1637 1380
1638 1380
1639 1379
1640 1379
1641 1378
1642 1378
1643 1377
1644 1377
1645 1376
1646 1375
1647 1375
1648 1375
1649 1374
1650 1374
1651 1373
1652 1373
1653 1373
1654 1373
1655 1372
1656 1371
1657 1371
1658 1371
1659 1370
1660 1370
1661 1369
1662 1369
1663 1369
1664 1369
1665 1368
1666 1368
1667 1367
1668 1367
1669 1367
1670 1367
1671 1366
1672 1366
1673 1365
1674 1365
1675 1365
1676 1365
1677 1364
1678 1364
1679 1364
1680 1364
1681 1364
1682 1364
1683 1364
1684 1364
1685 1364
1686 1364
1687 1364
1688 1364
1689 1364
1690 1364
1691 1364
1692 1364
1693 1364
1694 1364
1695 1364
1696 1364
1697 1364
1698 1364
1699 1364
1700 1364
1701 1364
1702 1364
1703 1364
1704 1364
1705 1364
1706 1364
1707 1364
1708 1364
1709 1364
1710 1364
1711 1364
1712 1364
1713 1364
1714 1364
1715 1364
1716 1364
1717 1364
1718 1364
1719 1364
1720 1364
1721 1364
1722 1364
1723 1364
1724 1364
1725 1364
1726 1364
1727 1364
1728 1364
1729 1364
1730 1364
1731 1364
1732 1364
1733 1364
1734 1364
1735 1364
1736 1364
1737 1364
1738 1364
1739 1363
1740 1363
1741 1363
1742 1363
1743 1362
1744 1362
1745 1362
1746 1362
1747 1362
1748 1362
1749 1362
1750 1362
1751 1362
1752 1362
1753 1362
1754 1362
1755 1362
1756 1362
1757 1361
1758 1361
1759 1361
1760 1361
1761 1360
1762 1360
1763 1360
1764 1360
1765 1360
1766 1360
1767 1360
1768 1360
1769 1360
1770 1360
1771 1360
1772 1360
1773 1360
1774 1360
1775 1360
1776 1360
1777 1360
1778 1360
1779 1360
1780 1360
1781 1359
1782 1359
1783 1359
1784 1359
1785 1358
1786 1358
1787 1358
1788 1358
1789 1358
1790 1358
1791 1358
1792 1358
1793 1358
1794 1358
1795 1358
1796 1358
1797 1358
1798 1358
1799 1357
1800 1357
1801 1357
1802 1357
1803 1356
1804 1356
1805 1356
1806 1356
1807 1356
1808 1356
1809 1356
1810 1356
1811 1356
1812 1356
1813 1356
1814 1356
1815 1356
1816 1356
1817 1356
1818 1356
1819 1356
1820 1356
1821 1356
1822 1356
1823 1356
1824 1356
1825 1356
1826 1356
1827 1356
1828 1356
1829 1356
1830 1356
1831 1356
1832 1356
1833 1356
1834 1356
1835 1356
1836 1356
1837 1356
1838 1356
1839 1356
1840 1356
1841 1356
1842 1356
1843 1355
1844 1355
1845 1355
1846 1355
1847 1354
1848 1354
1849 1354
1850 1354
1851 1354
1852 1354
1853 1354
1854 1354
1855 1354
1856 1354
1857 1354
1858 1354
1859 1355
1860 1355
1861 1355
1862 1355
1863 1356
1864 1356
1865 1356
1866 1356
1867 1356
1868 1356
1869 1356
1870 1356
1871 1356
1872 1356
1873 1356
1874 1356
1875 1356
1876 1356
1877 1356
1878 1356
1879 1356
1880 1356
1881 1356
1882 1356
1883 1356
1884 1356
1885 1356
1886 1356
1887 1356
1888 1356
1889 1356
1890 1356
1891 1356
1892 1356
1893 1356
1894 1356
1895 1356
1896 1356
1897 1356
1898 1356
1899 1356
1900 1356
1901 1356
1902 1356
1903 1356
1904 1356
1905 1356
1906 1356
1907 1355
1908 1355
1909 1355
1910 1355
1911 1354
1912 1354
1913 1354
1914 1354
1915 1354
1916 1354
1917 1354
1918 1354
1919 1354
1920 1354
1921 1354
1922 1354
1923 1354
1924 1354
1925 1354
1926 1354
1927 1354
1928 1354
1929 1354
1930 1354
1931 1354
1932 1354
1933 1354
1934 1354
1935 1354
1936 1354
1937 1354
1938 1354
1939 1354
1940 1354
1941 1353
1942 1353
1943 1353
1944 1353
1945 1352
1946 1352
1947 1352
1948 1352
1949 1352
1950 1352
1951 1352
1952 1352
1953 1352
1954 1352
1955 1352
1956 1352
1957 1352
1958 1352
1959 1352
1960 1352
1961 1352
1962 1352
1963 1352
1964 1352
1965 1352
1966 1352
1967 1352
1968 1352
1969 1352
1970 1352
1971 1352
1972 1352
1973 1352
1974 1352
1975 1352
1976 1352
1977 1351
1978 1351
1979 1351
1980 1351
1981 1351
1982 1351
1983 1351
1984 1351
1985 1352
1986 1352
1987 1352
1988 1352
1989 1352
1990 1352
1991 1352
1992 1352
1993 1352
1994 1352
1995 1351
1996 1351
1997 1351
1998 1351
1999 1350
2000 1350
2001 1349
2002 1349
2003 1349
2004 1349
2005 1348
2006 1347
2007 1347
2008 1347
2009 1346
2010 1345
2011 1344
2012 1343
2013 1343
2013 1342
2014 1341
2015 1341
2015 1340
2016 1339
2017 1339
2017 1338
2018 1337
2019 1337
2019 1336
2020 1335
2021 1335
2021 1334
2022 1333
2023 1333
2023 1332
2024 1331
2025 1331
2025 1330
2026 1329
2027 1329
2028 1328
2029 1327
2030 1327
2031 1326
2032 1325
2033 1324
2034 1323
2035 1322
2035 1321
2036 1320
2036 1319
2037 1318
2037 1317
2038 1316
2038 1315
2039 1314
2039 1313
2040 1312
2040 1311
2040 1310
2040 1309
2040 1308
2040 1307
2040 1306
2040 1305
2040 1304
2040 1303
2040 1302
2040 1301
2040 1300
2040 1299
2039 1298
2039 1297
2039 1296
2039 1295
2038 1294
2037 1293
2037 1292
2037 1291
2036 1290
2036 1289
2035 1288
2035 1287
2034 1286
2034 1285
2033 1284
2033 1283
2032 1282
2031 1281
2030 1280
2029 1279
2029 1278
2028 1278
2027 1277
2027 1276
2026 1276
2025 1275
2025 1274
2024 1274
2023 1273
2023 1272
2022 1272
2021 1271
2021 1270
2020 1270
2019 1269
2019 1268
2018 1268
2017 1267
2016 1266
2015 1265
2014 1264
2013 1264
2012 1263
2011 1262
2010 1262
2009 1261
2008 1260
2007 1259
2006 1258
2005 1258
2004 1258
2003 1258
2002 1257
2001 1257
2000 1256
1999 1256
1998 1256
1997 1256
1996 1255
1995 1255
1994 1255
1993 1255
1992 1255
1991 1255
1990 1254
1989 1254
1988 1254
1987 1254
1986 1253
1985 1253
1984 1253
1983 1253
1982 1253
1981 1253
1980 1253
1979 1253
1978 1253
1977 1253
1976 1253
1975 1253
1974 1253
1973 1253
1972 1253
1971 1253
1970 1253
1969 1253
1968 1253
1967 1253
1966 1253
1965 1253
1964 1253
1963 1253
1962 1253
1961 1253
1960 1253
1959 1253
1958 1253
1957 1253
1956 1253
1955 1253
1954 1253
1953 1253
1952 1253
1951 1253
1950 1252
1949 1252
1948 1252
1947 1252
1946 1251
1945 1251
1944 1251
1943 1251
1942 1251
1941 1251
1940 1251
1939 1251
1938 1251
1937 1251
1936 1251
1935 1251
1934 1251
1933 1251
1932 1251
1931 1251
1930 1251
1929 1251
1928 1251
1927 1251
1926 1251
1925 1251
1924 1251
1923 1251
1922 1251
1921 1251
1920 1251
1919 1251
1918 1251
1917 1251
1916 1251
1915 1251
1914 1251
1913 1251
1912 1252
1911 1252
1910 1252
1909 1252
1908 1253
1907 1253
1906 1253
1905 1253
1904 1253
1903 1253
1902 1253
1901 1253
1900 1253
1899 1253
1898 1253
1897 1253
1896 1253
1895 1253
1894 1254
1893 1254
1892 1254
1891 1254
1890 1255
1889 1255
1888 1255
1887 1255
1886 1255
1885 1255
1884 1256
1883 1256
1882 1256
1881 1256
1880 1257
1879 1257
1878 1258
1877 1258
1876 1258
1875 1258
1874 1259
1873 1259
1872 1259
1871 1259
1870 1259
1869 1259
1868 1259
1867 1259
1866 1259
1865 1259
1864 1259
1863 1259
1862 1259
1861 1259
1860 1258
1859 1258
1858 1258
1857 1258
1856 1257
1855 1257
1854 1256
1853 1256
1852 1256
1851 1256
1850 1255
1849 1255
1848 1255
1847 1255
1846 1255
1845 1255
1844 1255
1843 1255
1842 1255
1841 1255
1840 1255
1839 1255
1838 1255
1837 1255
1836 1255
1835 1255
1834 1255
1833 1255
1832 1254
1831 1254
1830 1254
1829 1254
1828 1253
1827 1253
1826 1253
1825 1253
1824 1253
1823 1253
1822 1253
1821 1253
1820 1252
1819 1252
1818 1252
1817 1252
1816 1251
1815 1251
1814 1251
1813 1251
1812 1251
1811 1251
1810 1251
1809 1251
1808 1251
1807 1251
1806 1251
1805 1251
1804 1251
1803 1251
1802 1251
1801 1251
1800 1251
1799 1251
1798 1251
1797 1251
1796 1251
1795 1251
1794 1251
1793 1251
1792 1251
1791 1251
1790 1251
1789 1251
1788 1251
1787 1251
1786 1251
1785 1251
1784 1251
1783 1251
1782 1251
1781 1251
1780 1251
1779 1251
1778 1251
1777 1251
1776 1251
1775 1251
1774 1251
1773 1251
1772 1251
1771 1251
1770 1251
1769 1251
1768 1251
1767 1251
1766 1251
1765 1251
1764 1251
1763 1251
1762 1251
1761 1251
1760 1250
1759 1250
1758 1250
1757 1250
1756 1249
1755 1249
1754 1249
1753 1249
1752 1249
1751 1249
1750 1248
1749 1248
1748 1248
1747 1248
1746 1247
1745 1247
1744 1247
1743 1247
1742 1247
1741 1247
1740 1247
1739 1247
1738 1247
1737 1247
1736 1246
1735 1246
1734 1246
1733 1246
1732 1245
1731 1245
1730 1245
1729 1245
1728 1245
1727 1245
1726 1244
1725 1244
1724 1244
1723 1244
1722 1243
1721 1243
1720 1243
1719 1243
1718 1242
1717 1242
1716 1242
1715 1242
1714 1241
1713 1241
1712 1241
1711 1241
1710 1240
1709 1240
1708 1239
1707 1239
1706 1238
1705 1237
1704 1236
1703 1236
1702 1236
1701 1236
1700 1235
1699 1235
1698 1234
1697 1234
1696 1233
1695 1233
1694 1232
1693 1232
1692 1231
1691 1231
1690 1231
1689 1231
1688 1230
1687 1230
1686 1230
1685 1229
1684 1228
1683 1228
1682 1228
1681 1228
1680 1227
1679 1227
1678 1227
1677 1227
1676 1227
1675 1227
1674 1227
1673 1227
1672 1227
1671 1227
