705 593
704 594
703 594
702 594
701 594
700 595
699 595
698 596
697 596
696 596
695 596
694 597
693 597
692 597
691 597
690 597
689 597
688 596
687 596
686 596
685 596
684 595
683 595
682 595
681 595
680 595
679 595
678 595
677 595
676 595
675 595
674 595
673 595
672 595
671 595
670 595
669 595
668 595
667 595
666 596
665 596
664 597
663 598
662 598
662 599
661 600
660 600
660 601
659 602
658 602
658 603
657 604
656 604
656 605
655 606
654 606
654 607
653 608
652 608
651 609
650 610
649 610
648 611
647 612
646 613
645 614
644 614
643 615
642 616
641 616
640 617
639 617
638 617
637 617
636 618
635 618
634 619
633 619
632 620
631 620
630 621
629 622
628 623
627 624
626 624
626 625
625 626
624 626
624 627
623 628
622 628
622 629
621 630
620 630
620 631
619 632
618 632
618 633
617 634
616 634
616 635
615 636
614 637
613 638
612 639
612 640
611 641
610 642
610 643
609 644
608 645
608 646
607 647
607 648
607 649
607 650
607 651
607 652
608 653
608 654
609 655
610 656
611 657
612 657
613 658
614 658
615 658
616 658
617 658
618 658
619 658
620 658
621 658
622 658
623 658
624 658
625 658
626 658
627 659
628 659
629 660
630 661
631 661
632 662
633 663
634 663
635 664
636 664
637 664
638 664
639 664
640 664
641 664
642 664
643 664
644 664
645 664
646 664
647 664
648 664
649 665
650 665
651 665
652 665
653 666
654 666
655 666
656 666
657 667
658 667
659 667
660 667
661 668
662 668
663 669
664 669
665 669
666 669
667 670
668 670
669 670
670 670
671 670
672 670
673 670
674 670
675 671
676 671
677 672
678 673
679 673
680 674
680 675
681 675
682 676
683 677
684 678
685 679
686 679
687 679
688 679
689 680
690 680
691 680
692 680
693 680
694 680
695 680
696 680
697 680
698 680
699 680
700 680
701 680
702 680
703 680
704 680
705 680
706 680
707 681
708 681
709 681
710 682
711 683
712 683
713 683
714 683
715 684
716 684
717 684
718 684
719 685
720 685
721 685
722 686
723 687
724 687
725 687
726 687
727 688
728 688
729 688
730 688
731 688
732 688
733 688
734 688
735 688
736 688
737 688
738 688
739 688
740 688
741 688
742 688
743 688
744 688
745 688
746 688
747 688
748 688
749 688
750 688
751 688
752 688
753 687
754 687
755 687
756 687
757 686
758 686
759 685
760 685
761 684
762 683
763 683
763 682
764 681
765 681
765 680
766 679
767 679
768 678
769 677
770 677
771 676
772 676
773 675
774 675
775 675
776 675
777 674
778 674
779 673
780 673
781 672
782 672
783 671
784 671
785 670
786 669
787 669
788 669
789 668
790 667
791 666
792 665
793 665
793 664
794 663
795 663
795 662
796 661
797 661
797 660
798 659
799 659
799 658
800 657
801 657
801 656
802 655
803 655
803 654
804 653
805 653
806 652
807 651
808 651
809 650
810 649
811 648
811 647
812 646
812 645
812 644
812 643
812 642
812 641
812 640
812 639
811 638
811 637
811 636
811 635
810 634
810 633
810 632
810 631
810 630
810 629
810 628
810 627
809 626
809 625
808 624
807 623
807 622
806 621
805 620
805 619
804 618
804 617
803 616
803 615
802 614
801 613
801 612
800 612
799 611
798 610
797 610
796 609
795 609
794 608
793 608
792 607
791 606
790 606
789 605
789 604
788 604
787 603
786 602
785 601
784 600
783 600
782 600
781 600
780 599
779 599
778 598
777 598
776 598
775 597
774 596
773 596
772 596
771 596
770 595
769 595
768 595
767 595
766 594
765 594
764 594
763 594
762 593
761 593
760 593
759 593
758 593
757 593
756 593
755 593
754 593
753 593
752 593
751 593
750 593
749 593
748 593
747 593
746 593
745 593
744 593
743 593
742 593
741 593
740 593
739 593
738 593
737 593
736 593
735 593
734 593
733 593
732 593
731 593
730 593
729 593
728 593
727 593
726 593
725 593
724 593
723 593
722 593
721 593
720 593
719 593
718 593
717 593
716 593
715 593
714 593
713 593
712 593
711 593
710 593
709 593
708 593
707 593
706 593
705 593
