1795 2703
1794 2704
1793 2704
1792 2704
1791 2704
1790 2705
1789 2705
1788 2706
1787 2706
1786 2706
1785 2706
1784 2707
1783 2707
1782 2707
1781 2707
1780 2707
1779 2707
1778 2708
1777 2708
1776 2708
1775 2708
1774 2709
1773 2709
1772 2710
1771 2710
1770 2710
1769 2710
1768 2711
1767 2711
1766 2712
1765 2712
1764 2713
1763 2713
1762 2714
1761 2714
1760 2715
1759 2716
1758 2716
1757 2716
1756 2717
1755 2717
1754 2718
1753 2718
1752 2718
1751 2718
1750 2719
1749 2720
1748 2721
1747 2722
1746 2723
1745 2724
1744 2725
1744 2726
1743 2727
1743 2728
1742 2729
1741 2730
1740 2731
1740 2732
1739 2733
1738 2734
1738 2735
1737 2736
1736 2736
1735 2737
1734 2738
1733 2738
1732 2739
1731 2740
1730 2740
1729 2740
1728 2741
1727 2741
1726 2741
1725 2741
1724 2741
1723 2741
1722 2741
1721 2741
1720 2741
1719 2741
1718 2740
1717 2740
1716 2740
1715 2740
1714 2739
1713 2739
1712 2739
1711 2739
1710 2739
1709 2739
1708 2739
1707 2739
1706 2739
1705 2739
1704 2740
1703 2740
1702 2740
1701 2740
1700 2741
1699 2741
1698 2741
1697 2741
1696 2741
1695 2741
1694 2742
1693 2742
1692 2742
1691 2742
1690 2743
1689 2744
1688 2745
1687 2745
1686 2746
1685 2746
1684 2747
1683 2748
1682 2748
1681 2748
1680 2749
1679 2749
1678 2749
1677 2749
1676 2749
1675 2749
1674 2750
1673 2750
1672 2750
1671 2750
1670 2751
1669 2751
1668 2751
1667 2751
1666 2751
1665 2751
1664 2752
1663 2752
1662 2752
1661 2752
1660 2753
1659 2753
1658 2753
1657 2753
1656 2753
1655 2753
1654 2753
1653 2753
1652 2754
1651 2754
1650 2755
1650 2756
1649 2757
1649 2758
1649 2759
1649 2760
1648 2761
1648 2762
1647 2763
1646 2764
1645 2765
1644 2766
1643 2766
1642 2767
1641 2767
1640 2768
1639 2768
1638 2769
1637 2770
1636 2770
1636 2771
1635 2772
1634 2772
1634 2773
1633 2774
1632 2774
1632 2775
1631 2776
1630 2777
1630 2778
1629 2779
1629 2780
1629 2781
1629 2782
1629 2783
1629 2784
1629 2785
1629 2786
1628 2787
1628 2788
1628 2789
1628 2790
1627 2791
1627 2792
1627 2793
1627 2794
1626 2795
1626 2796
1626 2797
1626 2798
1625 2799
1625 2800
1624 2801
1624 2802
1624 2803
1623 2804
1622 2805
1622 2806
1622 2807
1622 2808
1621 2809
1621 2810
1621 2811
1621 2812
1621 2813
1621 2814
1621 2815
1621 2816
1621 2817
1621 2818
1620 2819
1620 2820
1620 2821
1619 2822
1618 2823
1618 2824
1618 2825
1618 2826
1617 2827
1617 2828
1617 2829
1617 2830
1617 2831
1617 2832
1617 2833
1617 2834
1617 2835
1617 2836
1617 2837
1617 2838
1618 2839
1618 2840
1619 2841
1620 2842
1621 2843
1622 2843
1623 2844
1624 2844
1625 2844
1626 2844
1627 2844
1628 2844
1629 2844
1630 2844
1631 2844
1632 2844
1633 2844
1634 2844
1635 2844
1636 2844
1637 2844
1638 2844
1639 2844
1640 2844
1641 2844
1642 2844
1643 2844
1644 2844
1645 2844
1646 2844
1647 2844
1648 2844
1649 2844
1650 2844
1651 2845
1652 2845
1653 2845
1654 2846
1655 2847
1656 2847
1657 2847
1658 2847
1659 2848
1660 2848
1661 2849
1662 2849
1663 2849
1664 2849
1665 2850
1666 2850
1667 2850
1668 2850
1669 2850
1670 2850
1671 2850
1672 2850
1673 2851
1674 2851
1675 2851
1676 2851
1677 2852
1678 2852
1679 2852
1680 2852
1681 2852
1682 2852
1683 2852
1684 2852
1685 2852
1686 2852
1687 2852
1688 2852
1689 2852
1690 2852
1691 2853
1692 2853
1693 2853
1694 2854
1695 2855
1696 2855
1697 2855
1698 2855
1699 2856
1700 2856
1701 2857
1702 2857
1703 2858
1704 2858
1705 2859
1706 2859
1707 2860
1708 2860
1709 2861
1710 2861
1711 2862
1712 2862
1713 2863
1714 2863
1715 2864
1716 2864
1717 2865
1718 2865
1719 2866
1720 2866
1721 2867
1722 2867
1723 2868
1724 2868
1725 2868
1726 2868
1727 2868
1728 2868
1729 2867
1730 2867
1731 2867
1732 2867
1733 2866
1734 2866
1735 2866
1736 2866
1737 2866
1738 2866
1739 2865
1740 2865
1741 2866
1742 2866
1743 2866
1744 2867
1745 2868
1746 2869
1746 2870
1747 2871
1748 2872
1749 2873
1750 2874
1751 2875
1752 2876
1753 2877
1754 2877
1755 2877
1756 2878
1757 2879
1758 2879
1759 2879
1760 2880
1761 2881
1762 2881
1763 2881
1764 2881
1765 2882
1766 2882
1767 2882
1768 2882
1769 2882
1770 2882
1771 2882
1772 2882
1773 2882
1774 2882
1775 2882
1776 2882
1777 2882
1778 2882
1779 2882
1780 2882
1781 2882
1782 2882
1783 2881
1784 2881
1785 2881
1786 2881
1787 2880
1788 2880
1789 2880
1790 2880
1791 2879
1792 2879
1793 2879
1794 2879
1795 2878
1796 2878
1797 2878
1798 2878
1799 2878
1800 2878
1801 2877
1802 2877
1803 2877
1804 2877
1805 2876
1806 2876
1807 2876
1808 2876
1809 2875
1810 2875
1811 2875
1812 2875
1813 2874
1814 2874
1815 2874
1816 2874
1817 2874
1818 2874
1819 2874
1820 2874
1821 2874
1822 2874
1823 2874
1824 2874
1825 2874
1826 2874
1827 2873
1828 2873
1829 2873
1830 2873
1831 2872
1832 2872
1833 2872
1834 2872
1835 2871
1836 2871
1837 2871
1838 2871
1839 2870
1840 2870
1841 2870
1842 2870
1843 2870
1844 2870
1845 2869
1846 2869
1847 2869
1848 2869
1849 2868
1850 2867
1851 2866
1852 2866
1853 2865
1854 2865
1855 2864
1856 2864
1857 2863
1858 2863
1859 2863
1860 2863
1861 2862
1862 2862
1863 2862
1864 2862
1865 2861
1866 2861
1867 2860
1868 2859
1869 2858
1870 2857
1871 2856
1871 2855
1872 2854
1873 2853
1874 2852
1875 2851
1876 2851
1877 2850
1878 2849
1879 2848
1879 2847
1880 2846
1880 2845
1880 2844
1880 2843
1881 2842
1881 2841
1881 2840
1882 2839
1883 2838
1883 2837
1884 2836
1884 2835
1885 2834
1885 2833
1886 2832
1886 2831
1886 2830
1886 2829
1886 2828
1886 2827
1886 2826
1886 2825
1886 2824
1886 2823
1886 2822
1886 2821
1886 2820
1886 2819
1886 2818
1886 2817
1886 2816
1886 2815
1886 2814
1886 2813
1886 2812
1886 2811
1886 2810
1886 2809
1886 2808
1886 2807
1886 2806
1886 2805
1887 2804
1887 2803
1887 2802
1887 2801
1888 2800
1888 2799
1888 2798
1888 2797
1888 2796
1888 2795
1888 2794
1888 2793
1888 2792
1888 2791
1888 2790
1888 2789
1888 2788
1888 2787
1888 2786
1888 2785
1888 2784
1888 2783
1888 2782
1888 2781
1888 2780
1888 2779
1888 2778
1888 2777
1888 2776
1888 2775
1888 2774
1888 2773
1887 2772
1887 2771
1886 2770
1885 2769
1885 2768
1884 2768
1883 2767
1883 2766
1882 2766
1881 2765
1881 2764
1880 2764
1879 2763
1879 2762
1878 2762
1877 2761
1877 2760
1876 2759
1875 2758
1875 2757
1874 2756
1873 2755
1873 2754
1873 2753
1872 2752
1871 2751
1870 2750
1869 2749
1869 2748
1868 2747
1867 2746
1867 2745
1866 2744
1865 2743
1864 2742
1864 2741
1863 2740
1863 2739
1862 2738
1861 2737
1861 2736
1861 2735
1860 2734
1860 2733
1860 2732
1860 2731
1859 2731
1858 2731
1857 2731
1856 2731
1855 2731
1854 2730
1853 2730
1852 2729
1851 2728
1851 2727
1850 2726
1849 2725
1849 2724
1849 2723
1848 2722
1847 2721
1846 2720
1845 2720
1844 2719
1843 2719
1842 2718
1841 2718
1840 2717
1839 2717
1838 2716
1837 2715
1836 2714
1835 2714
1834 2713
1833 2712
1832 2712
1831 2711
1830 2710
1829 2710
1828 2709
1827 2709
1826 2709
1825 2709
1824 2708
1823 2708
1822 2708
1821 2707
1820 2706
1819 2706
1818 2706
1817 2706
1816 2705
1815 2705
1814 2705
1813 2705
1812 2705
1811 2705
1810 2705
1809 2705
1808 2704
1807 2704
1806 2704
1805 2704
1804 2703
1803 2703
1802 2703
1801 2703
1800 2703
1799 2703
1798 2703
1797 2703
1796 2703
1795 2703
