899 777
898 778
897 778
896 778
895 778
894 779
893 780
892 780
891 780
890 781
889 782
888 783
887 783
886 784
885 784
884 785
883 785
882 786
881 786
880 787
879 788
878 788
878 789
877 790
876 790
876 791
875 792
874 792
873 793
872 794
871 794
870 795
869 795
868 795
867 795
866 796
865 796
864 797
863 797
862 798
861 798
860 799
859 799
858 799
857 799
856 799
855 799
854 799
853 799
852 799
851 799
850 799
849 799
848 799
847 799
846 799
845 799
844 800
843 800
842 800
841 800
840 801
839 802
838 802
837 802
836 803
835 803
834 804
833 804
832 804
831 804
830 805
829 806
828 806
827 806
826 807
825 807
824 808
823 808
822 808
821 808
820 809
819 810
818 810
817 810
816 811
815 811
814 811
813 811
812 812
811 812
810 812
809 812
808 813
807 814
806 814
805 814
804 815
803 815
802 816
801 816
800 816
799 816
798 817
797 818
796 819
795 819
794 820
793 820
792 821
791 821
790 822
789 822
788 823
787 824
786 824
786 825
785 826
784 827
784 828
783 829
783 830
783 831
783 832
783 833
783 834
783 835
783 836
783 837
783 838
784 839
784 840
785 841
786 842
787 843
788 843
789 844
790 844
791 845
792 845
793 846
794 846
795 846
796 846
797 846
798 846
799 847
800 847
801 848
802 849
803 849
804 850
804 851
805 851
806 852
807 853
808 853
809 854
810 854
811 855
812 855
813 855
814 855
815 856
816 856
817 857
818 857
819 857
820 857
821 858
822 858
823 859
824 859
825 859
826 859
827 860
828 860
829 860
830 860
831 860
832 860
833 861
834 861
835 861
836 861
837 862
838 862
839 862
840 862
841 862
842 862
843 862
844 862
845 863
846 863
847 863
848 863
849 864
850 864
851 864
852 864
853 864
854 864
855 864
856 864
857 864
858 864
859 864
860 864
861 864
862 864
863 864
864 864
865 863
866 863
867 863
868 863
869 862
870 862
871 862
872 862
873 862
874 862
875 862
876 862
877 861
878 861
879 860
880 860
881 859
882 859
883 858
884 858
885 858
886 858
887 858
888 858
889 858
890 858
891 858
892 858
893 858
894 858
895 858
896 858
897 858
898 858
899 858
900 858
901 858
902 858
903 858
904 858
905 858
906 858
907 858
908 858
909 858
910 858
911 858
912 858
913 858
914 858
915 858
916 858
917 858
918 858
919 858
920 858
921 858
922 858
923 858
924 858
925 858
926 858
927 858
928 858
929 858
930 858
931 858
932 858
933 858
934 858
935 858
936 858
937 858
938 858
939 858
940 858
941 858
942 858
943 858
944 858
945 858
946 858
947 858
948 858
949 858
950 858
951 858
952 858
953 858
954 858
955 858
956 858
957 858
958 858
959 858
960 858
961 859
962 859
963 859
964 859
965 860
966 860
967 860
968 860
969 860
970 860
971 860
972 860
973 860
974 860
975 860
976 860
977 860
978 860
979 860
980 860
981 860
982 860
983 859
984 859
985 859
986 859
987 858
988 858
989 858
990 858
991 858
992 858
993 858
994 858
995 858
996 858
997 858
998 858
999 858
1000 858
1001 857
1002 857
1003 857
1004 857
1005 856
1006 856
1007 856
1008 856
1009 856
1010 856
1011 856
1012 856
1013 856
1014 856
1015 856
1016 856
1017 856
1018 856
1019 856
1020 856
1021 856
1022 856
1023 856
1024 856
1025 855
1026 855
1027 855
1028 855
1029 854
1030 854
1031 854
1032 854
1033 854
1034 854
1035 853
1036 853
1037 853
1038 853
1039 852
1040 852
1041 851
1042 851
1043 851
1044 851
1045 850
1046 849
1047 849
1048 849
1049 848
1050 848
1051 848
1052 848
1053 848
1054 848
1055 847
1056 847
1057 846
1058 845
1059 845
1059 844
1060 843
1061 843
1061 842
1062 841
1063 841
1063 840
1064 839
1065 839
1066 838
1067 837
1068 837
1069 836
1070 835
1071 834
1072 833
1073 832
1074 831
1075 830
1075 829
1076 828
1077 827
1077 826
1078 825
1079 824
1079 823
1080 822
1080 821
1080 820
1080 819
1080 818
1080 817
1080 816
1080 815
1080 814
1080 813
1080 812
1080 811
1080 810
1080 809
1079 808
1079 807
1078 806
1077 805
1076 804
1075 803
1074 802
1073 802
1072 801
1071 800
1070 800
1069 799
1069 798
1068 798
1067 797
1066 796
1065 796
1064 795
1063 795
1062 795
1061 795
1060 795
1059 795
1058 795
1057 795
1056 795
1055 795
1054 794
1053 794
1052 794
1051 794
1050 793
1049 793
1048 793
1047 793
1046 793
1045 793
1044 793
1043 793
1042 792
1041 792
1040 792
1039 792
1038 791
1037 791
1036 791
1035 791
1034 790
1033 790
1032 790
1031 790
1030 789
1029 789
1028 788
1027 788
1026 788
1025 788
1024 787
1023 787
1022 787
1021 787
1020 787
1019 787
1018 787
1017 787
1016 787
1015 787
1014 787
1013 787
1012 787
1011 787
1010 787
1009 787
1008 787
1007 787
1006 786
1005 786
1004 786
1003 786
1002 785
1001 785
1000 785
999 785
998 785
997 785
996 784
995 784
994 784
993 784
992 783
991 783
990 783
989 783
988 783
987 783
986 783
985 783
984 783
983 783
982 783
981 783
980 782
979 782
978 782
977 782
976 781
975 781
974 781
973 781
972 780
971 780
970 780
969 780
968 779
967 779
966 779
965 779
964 779
963 779
962 779
961 779
960 778
959 778
958 778
957 778
956 777
955 777
954 777
953 777
952 777
951 777
950 777
949 777
948 777
947 777
946 777
945 777
944 777
943 777
942 777
941 777
940 777
939 777
938 777
937 777
936 777
935 777
934 777
933 777
932 777
931 777
930 777
929 777
928 777
927 777
926 777
925 777
924 777
923 777
922 777
921 777
920 777
919 777
918 777
917 777
916 777
915 777
914 777
913 777
912 777
911 777
910 777
909 777
908 777
907 777
906 777
905 777
904 777
903 777
902 777
901 777
900 777
899 777
