1011 2071
1010 2072
1009 2072
1008 2073
1007 2074
1006 2074
1006 2075
1005 2076
1004 2076
1004 2077
1003 2078
1002 2078
1002 2079
1001 2080
1000 2080
1000 2081
999 2082
998 2082
998 2083
997 2084
996 2085
995 2086
994 2087
994 2088
994 2089
993 2090
992 2091
992 2092
992 2093
991 2094
990 2095
990 2096
989 2097
988 2098
988 2099
987 2100
986 2100
986 2101
985 2102
984 2102
984 2103
983 2104
982 2105
982 2106
981 2107
981 2108
981 2109
981 2110
981 2111
981 2112
982 2113
982 2114
982 2115
982 2116
983 2117
983 2118
984 2119
984 2120
985 2121
986 2122
986 2123
987 2123
988 2124
988 2125
989 2125
990 2126
990 2127
991 2127
992 2128
992 2129
993 2129
994 2130
994 2131
995 2131
996 2132
996 2133
997 2133
998 2134
998 2135
999 2135
1000 2136
1001 2137
1002 2137
1003 2138
1004 2138
1005 2139
1006 2139
1007 2140
1008 2140
1009 2141
1010 2142
1011 2143
1012 2143
1013 2143
1014 2144
1015 2145
1016 2145
1017 2146
1018 2147
1019 2147
1020 2148
1021 2149
1022 2149
1023 2150
1024 2150
1025 2150
1026 2150
1027 2150
1028 2150
1029 2150
1030 2150
1031 2151
1032 2151
1033 2151
1034 2151
1035 2152
1036 2152
1037 2152
1038 2152
1039 2152
1040 2152
1041 2152
1042 2152
1043 2152
1044 2152
1045 2152
1046 2152
1047 2152
1048 2152
1049 2152
1050 2152
1051 2152
1052 2152
1053 2152
1054 2152
1055 2152
1056 2152
1057 2151
1058 2151
1059 2151
1060 2151
1061 2150
1062 2150
1063 2150
1064 2150
1065 2150
1066 2150
1067 2150
1068 2150
1069 2150
1070 2150
1071 2149
1072 2149
1073 2149
1074 2149
1075 2148
1076 2148
1077 2147
1078 2147
1079 2147
1080 2147
1081 2146
1082 2146
1083 2146
1084 2146
1085 2146
1086 2146
1087 2146
1088 2146
1089 2145
1090 2145
1091 2144
1092 2143
1093 2143
1093 2142
1094 2141
1095 2141
1095 2140
1096 2139
1097 2139
1097 2138
1098 2137
1099 2137
1099 2136
1100 2135
1101 2134
1101 2133
1102 2132
1102 2131
1102 2130
1102 2129
1102 2128
1102 2127
1102 2126
1102 2125
1102 2124
1102 2123
1102 2122
1102 2121
1103 2120
1103 2119
1103 2118
1103 2117
1104 2116
1104 2115
1105 2114
1105 2113
1105 2112
1105 2111
1106 2110
1106 2109
1106 2108
1106 2107
1106 2106
1106 2105
1106 2104
1106 2103
1106 2102
1106 2101
1106 2100
1106 2099
1106 2098
1106 2097
1105 2096
1105 2095
1104 2094
1103 2093
1103 2092
1102 2092
1101 2091
1101 2090
1100 2090
1099 2089
1099 2088
1098 2088
1097 2087
1097 2086
1096 2085
1095 2084
1095 2083
1094 2082
1093 2081
1092 2080
1091 2079
1090 2078
1089 2078
1088 2077
1087 2077
1086 2076
1085 2076
1084 2075
1083 2075
1082 2075
1081 2075
1080 2074
1079 2074
1078 2074
1077 2074
1076 2073
1075 2073
1074 2073
1073 2073
1072 2073
1071 2073
1070 2073
1069 2073
1068 2073
1067 2073
1066 2073
1065 2073
1064 2073
1063 2073
1062 2073
1061 2073
1060 2072
1059 2072
1058 2072
1057 2072
1056 2071
1055 2071
1054 2071
1053 2071
1052 2071
1051 2071
1050 2071
1049 2071
1048 2071
1047 2071
1046 2071
1045 2071
1044 2071
1043 2071
1042 2071
1041 2071
1040 2071
1039 2071
1038 2071
1037 2071
1036 2071
1035 2071
1034 2071
1033 2071
1032 2071
1031 2071
1030 2071
1029 2071
1028 2071
1027 2071
1026 2071
1025 2071
1024 2071
1023 2071
1022 2071
1021 2071
1020 2071
1019 2071
1018 2071
1017 2071
1016 2071
1015 2071
1014 2071
1013 2071
1012 2071
1011 2071
