999 3491
998 3492
997 3492
996 3492
995 3493
994 3493
993 3493
992 3493
991 3493
990 3493
989 3493
988 3493
987 3493
986 3493
985 3493
984 3493
983 3493
982 3493
981 3493
980 3493
979 3493
978 3493
977 3493
976 3493
975 3493
974 3493
973 3493
972 3493
971 3493
970 3493
969 3493
968 3493
967 3493
966 3493
965 3493
964 3493
963 3493
962 3493
961 3493
960 3493
959 3493
958 3493
957 3493
956 3493
955 3493
954 3493
953 3493
952 3493
951 3493
950 3493
949 3493
948 3493
947 3493
946 3493
945 3493
944 3493
943 3493
942 3493
941 3493
940 3493
939 3493
938 3493
937 3493
936 3493
935 3493
934 3493
933 3493
932 3493
931 3493
930 3493
929 3493
928 3493
927 3493
926 3493
925 3493
924 3493
923 3493
922 3493
921 3493
920 3493
919 3493
918 3493
917 3493
916 3493
915 3493
914 3493
913 3493
912 3493
911 3493
910 3494
909 3494
908 3494
907 3495
906 3495
905 3495
904 3495
903 3495
902 3496
901 3496
900 3497
899 3497
898 3497
897 3497
896 3497
895 3497
894 3498
893 3498
892 3498
891 3499
890 3499
889 3499
888 3499
887 3499
886 3500
885 3500
884 3500
883 3501
882 3501
881 3501
880 3501
879 3501
878 3501
877 3501
876 3502
875 3502
874 3502
873 3503
872 3504
871 3504
870 3504
869 3505
868 3505
867 3505
866 3506
865 3507
864 3507
863 3508
862 3509
861 3510
860 3510
859 3511
858 3512
857 3512
856 3512
855 3513
854 3514
853 3515
852 3515
851 3516
850 3517
849 3518
848 3519
847 3520
846 3521
845 3522
844 3523
843 3524
842 3525
841 3526
840 3527
839 3528
838 3529
837 3530
836 3531
835 3532
834 3533
833 3534
832 3535
831 3536
830 3537
829 3538
828 3539
827 3540
826 3541
825 3542
824 3543
823 3544
823 3545
822 3546
821 3547
820 3548
820 3549
820 3550
819 3551
819 3552
819 3553
819 3554
819 3555
819 3556
819 3557
819 3558
819 3559
819 3560
819 3561
819 3562
819 3563
819 3564
819 3565
819 3566
819 3567
819 3568
819 3569
819 3570
820 3571
820 3572
821 3573
822 3574
823 3575
824 3576
825 3577
826 3577
827 3578
828 3578
829 3578
830 3578
831 3578
832 3578
833 3578
834 3579
835 3579
836 3580
837 3581
838 3582
839 3583
840 3584
841 3585
842 3586
843 3587
844 3587
845 3588
846 3589
847 3589
848 3589
849 3590
850 3590
851 3590
852 3591
853 3591
854 3591
855 3592
856 3592
857 3592
858 3592
859 3592
860 3593
861 3593
862 3593
863 3594
864 3594
865 3594
866 3594
867 3594
868 3594
869 3594
870 3594
871 3594
872 3594
873 3594
874 3595
875 3595
876 3595
877 3596
878 3596
879 3596
880 3597
881 3597
882 3597
883 3598
884 3598
885 3598
886 3598
887 3598
888 3598
889 3598
890 3598
891 3598
892 3598
893 3598
894 3598
895 3598
896 3598
897 3598
898 3598
899 3598
900 3598
901 3598
902 3598
903 3598
904 3598
905 3598
906 3598
907 3598
908 3598
909 3598
910 3598
911 3598
912 3598
913 3598
914 3598
915 3598
916 3599
917 3599
918 3599
919 3600
920 3600
921 3600
922 3600
923 3600
924 3600
925 3600
926 3600
927 3600
928 3600
929 3600
930 3601
931 3601
932 3601
933 3602
934 3602
935 3602
936 3602
937 3602
938 3602
939 3602
940 3603
941 3603
942 3603
943 3604
944 3604
945 3604
946 3605
947 3605
948 3605
949 3606
950 3606
951 3606
952 3606
953 3606
954 3607
955 3607
956 3607
957 3608
958 3608
959 3608
960 3608
961 3608
962 3608
963 3608
964 3608
965 3608
966 3609
967 3609
968 3609
969 3610
970 3610
971 3610
972 3610
973 3610
974 3610
975 3610
976 3610
977 3610
978 3610
979 3610
980 3610
981 3610
982 3610
983 3610
984 3610
985 3610
986 3611
987 3611
988 3611
989 3612
990 3612
991 3612
992 3612
993 3612
994 3612
995 3612
996 3612
997 3612
998 3612
999 3612
1000 3612
1001 3612
1002 3612
1003 3612
1004 3613
1005 3613
1006 3613
1007 3614
1008 3614
1009 3614
1010 3614
1011 3614
1012 3614
1013 3614
1014 3614
1015 3614
1016 3614
1017 3614
1018 3614
1019 3614
1020 3614
1021 3614
1022 3614
1023 3614
1024 3614
1025 3614
1026 3614
1027 3614
1028 3614
1029 3613
1030 3613
1031 3613
1032 3612
1033 3612
1034 3612
1035 3612
1036 3612
1037 3612
1038 3612
1039 3612
1040 3612
1041 3612
1042 3612
1043 3612
1044 3612
1045 3612
1046 3612
1047 3611
1048 3611
1049 3611
1050 3610
1051 3610
1052 3610
1053 3610
1054 3610
1055 3610
1056 3610
1057 3609
1058 3609
1059 3609
1060 3608
1061 3608
1062 3608
1063 3608
1064 3608
1065 3608
1066 3608
1067 3608
1068 3608
1069 3608
1070 3608
1071 3608
1072 3608
1073 3608
1074 3608
1075 3607
1076 3607
1077 3607
1078 3606
1079 3605
1080 3605
1081 3605
1082 3604
1083 3604
1084 3604
1085 3604
1086 3604
1087 3603
1088 3603
1089 3603
1090 3602
1091 3602
1092 3602
1093 3602
1094 3602
1095 3602
1096 3602
1097 3601
1098 3601
1099 3600
1100 3599
1101 3599
1102 3598
1103 3597
1104 3597
1105 3597
1106 3597
1107 3596
1108 3596
1109 3596
1110 3596
1111 3595
1112 3595
1113 3594
1114 3593
1115 3592
1115 3591
1116 3590
1116 3589
1116 3588
1116 3587
1116 3586
1116 3585
1115 3584
1115 3583
1115 3582
1114 3581
1114 3580
1114 3579
1114 3578
1114 3577
1114 3576
1114 3575
1114 3574
1115 3573
1115 3572
1116 3571
1117 3570
1117 3569
1118 3568
1118 3567
1118 3566
1118 3565
1118 3564
1118 3563
1118 3562
1118 3561
1118 3560
1118 3559
1119 3558
1119 3557
1119 3556
1119 3555
1120 3554
1120 3553
1120 3552
1120 3551
1120 3550
1120 3549
1120 3548
1120 3547
1120 3546
1120 3545
1120 3544
1120 3543
1120 3542
1120 3541
1120 3540
1120 3539
1120 3538
1120 3537
1120 3536
1120 3535
1119 3534
1119 3533
1118 3532
1117 3531
1116 3530
1115 3530
1114 3529
1113 3528
1112 3527
1111 3526
1110 3526
1109 3525
1108 3524
1107 3524
1106 3523
1105 3522
1104 3522
1103 3521
1102 3520
1101 3520
1100 3519
1099 3518
1098 3518
1097 3517
1096 3516
1095 3516
1094 3515
1093 3514
1092 3514
1091 3514
1090 3513
1089 3512
1088 3512
1087 3512
1086 3511
1085 3510
1084 3510
1083 3510
1082 3509
1081 3508
1080 3508
1079 3508
1078 3507
1077 3506
1076 3506
1075 3505
1074 3504
1073 3504
1072 3503
1071 3502
1070 3502
1069 3502
1068 3501
1067 3501
1066 3501
1065 3500
1064 3500
1063 3500
1062 3499
1061 3498
1060 3498
1059 3498
1058 3497
1057 3497
1056 3497
1055 3497
1054 3497
1053 3496
1052 3496
1051 3496
1050 3495
1049 3495
1048 3495
1047 3494
1046 3494
1045 3494
1044 3493
1043 3493
1042 3493
1041 3493
1040 3493
1039 3493
1038 3493
1037 3493
1036 3493
1035 3492
1034 3492
1033 3492
1032 3492
1031 3491
1030 3491
1029 3491
1028 3491
1027 3491
1026 3491
1025 3491
1024 3491
1023 3491
1022 3491
1021 3491
1020 3491
1019 3491
1018 3491
1017 3491
1016 3491
1015 3491
1014 3491
1013 3491
1012 3491
1011 3491
1010 3491
1009 3491
1008 3491
1007 3491
1006 3491
1005 3491
1004 3491
1003 3491
1002 3491
1001 3491
1000 3491
999 3491
