577 4977
576 4978
575 4978
574 4978
573 4978
572 4979
571 4979
570 4979
569 4979
568 4980
567 4980
566 4980
565 4980
564 4981
563 4981
562 4981
561 4981
560 4981
559 4981
558 4981
557 4981
556 4981
555 4981
554 4981
553 4981
552 4981
551 4981
550 4981
549 4981
548 4981
547 4981
546 4981
545 4981
544 4981
543 4981
542 4981
541 4981
540 4982
539 4982
538 4983
537 4984
536 4984
536 4985
535 4986
534 4986
534 4987
533 4988
532 4988
532 4989
531 4990
530 4990
530 4991
529 4992
528 4992
528 4993
527 4994
526 4995
525 4996
524 4997
524 4998
524 4999
524 5000
523 5001
523 5002
522 5003
522 5004
521 5005
520 5006
520 5007
519 5008
518 5008
518 5009
517 5010
516 5010
516 5011
515 5012
514 5012
514 5013
513 5014
512 5014
512 5015
511 5016
510 5017
510 5018
509 5019
509 5020
510 5021
510 5022
511 5023
511 5024
512 5025
512 5026
513 5027
513 5028
513 5029
513 5030
513 5031
513 5032
513 5033
513 5034
513 5035
513 5036
514 5037
514 5038
514 5039
514 5040
515 5041
516 5042
517 5043
517 5044
518 5045
518 5046
519 5047
520 5048
521 5049
522 5050
522 5051
523 5051
524 5052
524 5053
525 5053
526 5054
526 5055
527 5055
528 5056
528 5057
529 5057
530 5058
530 5059
531 5059
532 5060
532 5061
533 5061
534 5062
534 5063
535 5063
536 5064
536 5065
537 5065
538 5066
538 5067
539 5067
540 5068
541 5069
542 5069
543 5070
544 5070
545 5070
546 5070
547 5071
548 5071
549 5071
550 5071
551 5072
552 5072
553 5072
554 5072
555 5072
556 5072
557 5072
558 5072
559 5072
560 5072
561 5072
562 5072
563 5072
564 5072
565 5072
566 5072
567 5072
568 5072
569 5072
570 5072
571 5072
572 5072
573 5072
574 5072
575 5073
576 5073
577 5073
578 5073
579 5074
580 5074
581 5074
582 5074
583 5075
584 5075
585 5075
586 5075
587 5076
588 5076
589 5076
590 5076
591 5076
592 5076
593 5076
594 5076
595 5076
596 5076
597 5076
598 5076
599 5077
600 5077
601 5077
602 5077
603 5078
604 5078
605 5078
606 5078
607 5078
608 5078
609 5078
610 5078
611 5079
612 5079
613 5079
614 5079
615 5080
616 5080
617 5080
618 5080
619 5080
620 5080
621 5080
622 5080
623 5080
624 5080
625 5080
626 5080
627 5080
628 5080
629 5080
630 5080
631 5080
632 5080
633 5080
634 5080
635 5081
636 5081
637 5081
638 5081
639 5082
640 5082
641 5082
642 5082
643 5082
644 5082
645 5082
646 5082
647 5081
648 5081
649 5080
650 5080
651 5079
652 5079
653 5078
654 5077
655 5077
656 5077
657 5076
658 5076
659 5076
660 5076
661 5076
662 5076
663 5076
664 5076
665 5076
666 5076
667 5076
668 5076
669 5076
670 5076
671 5076
672 5076
673 5076
674 5076
675 5076
676 5076
677 5076
678 5076
679 5076
680 5076
681 5076
682 5076
683 5076
684 5076
685 5076
686 5076
687 5076
688 5076
689 5076
690 5076
691 5076
692 5076
693 5076
694 5076
695 5076
696 5076
697 5076
698 5076
699 5076
700 5076
701 5077
702 5077
703 5077
704 5077
705 5078
706 5078
707 5078
708 5078
709 5078
710 5078
711 5078
712 5078
713 5078
714 5078
715 5078
716 5078
717 5078
718 5078
719 5078
720 5078
721 5077
722 5077
723 5077
724 5077
725 5076
726 5075
727 5074
728 5073
729 5073
729 5072
730 5071
731 5071
731 5070
732 5069
733 5069
733 5068
734 5067
735 5067
735 5066
736 5065
737 5065
737 5064
738 5063
739 5063
739 5062
740 5061
741 5061
741 5060
742 5059
743 5058
744 5057
745 5056
745 5055
746 5054
747 5053
747 5052
748 5051
749 5051
749 5050
750 5049
751 5048
751 5047
752 5046
752 5045
752 5044
752 5043
752 5042
752 5041
752 5040
752 5039
752 5038
752 5037
752 5036
752 5035
752 5034
752 5033
751 5032
751 5031
751 5030
751 5029
750 5028
750 5027
750 5026
750 5025
749 5024
749 5023
749 5022
749 5021
748 5020
748 5019
748 5018
748 5017
748 5016
748 5015
748 5014
748 5013
747 5012
747 5011
746 5010
745 5009
745 5008
744 5008
743 5007
743 5006
742 5006
741 5005
741 5004
740 5004
739 5003
739 5002
738 5002
737 5001
737 5000
736 5000
735 4999
735 4998
734 4998
733 4997
733 4996
732 4996
731 4995
731 4994
730 4994
729 4993
728 4992
727 4992
726 4991
725 4991
724 4991
723 4991
722 4990
721 4990
720 4989
719 4989
718 4988
717 4988
716 4987
715 4987
714 4986
713 4986
712 4986
711 4986
710 4985
709 4985
708 4984
707 4984
706 4984
705 4983
704 4982
703 4982
702 4981
701 4981
700 4980
699 4980
698 4979
697 4979
696 4978
695 4978
694 4978
693 4978
692 4977
691 4977
690 4977
689 4977
688 4977
687 4977
686 4977
685 4977
684 4977
683 4977
682 4977
681 4977
680 4977
679 4977
678 4977
677 4977
676 4977
675 4977
674 4977
673 4977
672 4978
671 4978
670 4978
669 4978
668 4979
667 4979
666 4979
665 4979
664 4979
663 4979
662 4979
661 4979
660 4979
659 4979
658 4979
657 4979
656 4979
655 4979
654 4979
653 4979
652 4979
651 4979
650 4979
649 4979
648 4979
647 4979
646 4979
645 4979
644 4979
643 4979
642 4979
641 4979
640 4979
639 4979
638 4979
637 4979
636 4979
635 4979
634 4979
633 4979
632 4979
631 4979
630 4979
629 4979
628 4979
627 4979
626 4979
625 4979
624 4978
623 4978
622 4978
621 4978
620 4977
619 4977
618 4977
617 4977
616 4977
615 4977
614 4977
613 4977
612 4977
611 4977
610 4977
609 4977
608 4977
607 4977
606 4977
605 4977
604 4977
603 4977
602 4977
601 4977
600 4977
599 4977
598 4977
597 4977
596 4977
595 4977
594 4977
593 4977
592 4977
591 4977
590 4977
589 4977
588 4977
587 4977
586 4977
585 4977
584 4977
583 4977
582 4977
581 4977
580 4977
579 4977
578 4977
577 4977
