899 2951
898 2952
897 2952
896 2953
895 2953
894 2954
893 2954
892 2955
891 2955
890 2955
889 2955
888 2955
887 2955
886 2955
885 2955
884 2955
883 2955
882 2955
881 2955
880 2955
879 2955
878 2955
877 2955
876 2955
875 2955
874 2955
873 2955
872 2955
871 2955
870 2955
869 2955
868 2955
867 2955
866 2955
865 2955
864 2955
863 2955
862 2955
861 2955
860 2954
859 2954
858 2954
857 2954
856 2953
855 2953
854 2953
853 2953
852 2953
851 2953
850 2953
849 2953
848 2953
847 2953
846 2953
845 2953
844 2953
843 2953
842 2953
841 2953
840 2953
839 2953
838 2953
837 2953
836 2953
835 2953
834 2953
833 2953
832 2953
831 2953
830 2953
829 2953
828 2953
827 2953
826 2953
825 2953
824 2953
823 2953
822 2954
821 2954
820 2954
819 2954
818 2955
817 2955
816 2955
815 2955
814 2955
813 2955
812 2955
811 2955
810 2955
809 2955
808 2955
807 2955
806 2956
805 2956
804 2956
803 2956
802 2957
801 2958
800 2958
799 2958
798 2959
797 2959
796 2959
795 2959
794 2959
793 2959
792 2960
791 2960
790 2960
789 2960
788 2961
787 2962
786 2962
785 2962
784 2963
783 2963
782 2964
781 2964
780 2964
779 2964
778 2965
777 2966
776 2967
775 2968
774 2968
773 2969
772 2970
771 2970
770 2971
769 2972
768 2972
767 2972
766 2973
765 2973
764 2973
763 2973
762 2973
761 2973
760 2973
759 2973
758 2974
757 2974
756 2975
755 2975
754 2976
753 2976
752 2977
751 2978
750 2979
749 2980
748 2981
748 2982
747 2983
747 2984
747 2985
747 2986
747 2987
747 2988
747 2989
747 2990
747 2991
747 2992
748 2993
748 2994
748 2995
748 2996
749 2997
749 2998
749 2999
749 3000
749 3001
749 3002
749 3003
749 3004
749 3005
749 3006
749 3007
749 3008
749 3009
749 3010
749 3011
749 3012
749 3013
749 3014
749 3015
749 3016
749 3017
749 3018
749 3019
749 3020
749 3021
749 3022
749 3023
749 3024
749 3025
749 3026
749 3027
749 3028
749 3029
749 3030
749 3031
749 3032
749 3033
749 3034
749 3035
749 3036
749 3037
749 3038
749 3039
749 3040
749 3041
749 3042
749 3043
749 3044
749 3045
749 3046
749 3047
749 3048
749 3049
749 3050
749 3051
749 3052
749 3053
749 3054
749 3055
749 3056
749 3057
749 3058
749 3059
749 3060
750 3061
750 3062
751 3063
752 3064
752 3065
753 3066
754 3067
754 3068
755 3069
755 3070
756 3071
756 3072
756 3073
756 3074
757 3075
757 3076
757 3077
757 3078
758 3079
758 3080
758 3081
758 3082
759 3083
759 3084
760 3085
760 3086
760 3087
760 3088
761 3089
762 3090
762 3091
762 3092
763 3093
763 3094
763 3095
763 3096
763 3097
763 3098
764 3099
764 3100
764 3101
764 3102
765 3103
765 3104
765 3105
765 3106
766 3107
766 3108
766 3109
766 3110
767 3111
767 3112
767 3113
767 3114
767 3115
767 3116
767 3117
767 3118
768 3119
768 3120
768 3121
768 3122
769 3123
770 3124
770 3125
770 3126
771 3127
772 3128
773 3129
774 3130
774 3131
775 3131
776 3132
776 3133
777 3133
778 3134
778 3135
779 3135
780 3136
780 3137
781 3137
782 3138
782 3139
783 3139
784 3140
785 3141
786 3142
787 3143
788 3143
789 3143
790 3143
791 3144
792 3144
793 3145
794 3145
795 3146
796 3147
797 3147
798 3148
799 3149
800 3149
801 3150
802 3150
803 3151
804 3151
805 3151
806 3152
807 3153
808 3153
809 3153
810 3153
811 3154
812 3154
813 3155
814 3155
815 3155
816 3156
817 3157
818 3157
819 3157
820 3157
821 3158
822 3158
823 3158
824 3158
825 3159
826 3159
827 3159
828 3159
829 3160
830 3160
831 3160
832 3160
833 3160
834 3160
835 3161
836 3161
837 3161
838 3161
839 3162
840 3162
841 3162
842 3162
843 3162
844 3162
845 3162
846 3162
847 3163
848 3163
849 3163
850 3163
851 3164
852 3164
853 3164
854 3164
855 3164
856 3164
857 3164
858 3164
859 3164
860 3164
861 3164
862 3164
863 3164
864 3164
865 3164
866 3164
867 3164
868 3164
869 3164
870 3164
871 3164
872 3164
873 3164
874 3164
875 3164
876 3164
877 3165
878 3165
879 3165
880 3165
881 3166
882 3166
883 3166
884 3166
885 3166
886 3166
887 3166
888 3166
889 3166
890 3166
891 3167
892 3167
893 3167
894 3167
895 3168
896 3168
897 3168
898 3168
899 3168
900 3168
901 3168
902 3168
903 3168
904 3168
905 3169
906 3169
907 3169
908 3170
909 3171
910 3171
911 3171
912 3171
913 3172
914 3172
915 3172
916 3172
917 3172
918 3172
919 3172
920 3172
921 3172
922 3172
923 3172
924 3172
925 3172
926 3172
927 3172
928 3172
929 3172
930 3172
931 3172
932 3172
933 3172
934 3172
935 3172
936 3172
937 3172
938 3172
939 3172
940 3172
941 3172
942 3172
943 3172
944 3172
945 3172
946 3172
947 3172
948 3172
949 3172
950 3172
951 3172
952 3172
953 3172
954 3172
955 3171
956 3171
957 3171
958 3171
959 3170
960 3170
961 3170
962 3170
963 3170
964 3170
965 3170
966 3170
967 3170
968 3170
969 3171
970 3171
971 3171
972 3171
973 3172
974 3172
975 3172
976 3172
977 3173
978 3173
979 3173
980 3173
981 3174
982 3174
983 3174
984 3174
985 3174
986 3174
987 3174
988 3174
989 3174
990 3174
991 3174
992 3174
993 3173
994 3173
995 3173
996 3173
997 3172
998 3171
999 3171
1000 3171
1001 3170
1002 3170
1003 3169
1004 3169
1005 3169
1006 3169
1007 3168
1008 3168
1009 3168
1010 3168
1011 3168
1012 3168
1013 3168
1014 3168
1015 3167
1016 3167
1017 3166
1018 3166
1019 3165
1020 3165
1021 3164
1022 3164
1023 3163
1024 3163
1025 3162
1026 3162
1027 3161
1028 3161
1029 3160
1030 3160
1031 3160
1032 3160
1033 3160
1034 3160
1035 3160
1036 3160
1037 3160
1038 3160
1039 3160
1040 3160
1041 3160
1042 3160
1043 3159
1044 3159
1045 3159
1046 3159
1047 3158
1048 3158
1049 3158
1050 3158
1051 3158
1052 3158
1053 3157
1054 3157
1055 3157
1056 3157
1057 3156
1058 3156
1059 3156
1060 3156
1061 3156
1062 3156
1063 3156
1064 3156
1065 3156
1066 3156
1067 3156
1068 3156
1069 3156
1070 3156
1071 3155
1072 3155
1073 3155
1074 3155
1075 3154
1076 3154
1077 3154
1078 3154
1079 3154
1080 3154
1081 3154
1082 3154
1083 3154
1084 3154
1085 3153
1086 3153
1087 3153
1088 3153
1089 3152
1090 3152
1091 3152
1092 3152
1093 3152
1094 3152
1095 3152
1096 3152
1097 3152
1098 3152
1099 3151
1100 3151
1101 3151
1102 3151
1103 3150
1104 3150
1105 3150
1106 3150
1107 3150
1108 3150
1109 3150
1110 3150
1111 3150
1112 3150
1113 3150
1114 3150
1115 3149
1116 3149
1117 3149
1118 3149
1119 3148
1120 3148
1121 3148
1122 3148
1123 3148
1124 3148
1125 3148
1126 3148
1127 3148
1128 3148
1129 3147
1130 3147
1131 3147
1132 3147
1133 3146
1134 3146
1135 3146
1136 3146
1137 3146
1138 3146
1139 3146
1140 3146
1141 3146
1142 3146
1143 3146
1144 3146
1145 3146
1146 3146
1147 3146
1148 3146
1149 3146
1150 3146
1151 3145
1152 3145
1153 3145
1154 3145
1155 3144
1156 3144
1157 3143
1158 3143
1159 3143
1160 3143
1161 3142
1162 3141
1163 3141
1164 3141
1165 3140
1166 3139
1167 3139
1168 3139
1169 3138
1170 3138
1171 3138
1172 3138
1173 3138
1174 3138
1175 3138
1176 3138
1177 3138
1178 3138
1179 3139
1180 3139
1181 3139
1182 3140
1183 3141
1184 3141
1185 3141
1186 3142
1187 3143
1188 3143
1189 3144
1190 3144
1191 3145
1192 3145
1193 3146
1194 3146
1195 3146
1196 3146
1197 3146
1198 3146
1199 3146
1200 3146
1201 3146
1202 3146
1203 3146
1204 3146
1205 3145
1206 3145
1207 3145
1208 3145
1209 3144
1210 3144
1211 3144
1212 3144
1213 3144
1214 3144
1215 3144
1216 3144
1217 3144
1218 3144
1219 3144
1220 3144
1221 3144
1222 3144
1223 3144
1224 3144
1225 3144
1226 3144
1227 3144
1228 3144
1229 3143
1230 3143
1231 3143
1232 3143
1233 3142
1234 3141
1235 3141
1236 3141
1237 3140
1238 3140
1239 3140
1240 3140
1241 3140
1242 3140
1243 3140
1244 3140
1245 3140
1246 3140
1247 3140
1248 3140
1249 3140
1250 3140
1251 3140
1252 3140
1253 3140
1254 3140
1255 3140
1256 3140
1257 3140
1258 3140
1259 3140
1260 3140
1261 3140
1262 3140
1263 3140
1264 3140
1265 3140
1266 3140
1267 3140
1268 3140
1269 3140
1270 3140
1271 3140
1272 3140
1273 3140
1274 3140
1275 3139
1276 3139
1277 3139
1278 3139
1279 3138
1280 3137
1281 3137
1282 3137
1283 3136
1284 3135
1285 3134
1286 3134
1287 3133
1288 3133
1289 3132
1290 3131
1291 3131
1292 3131
1293 3130
1294 3130
1295 3130
1296 3130
1297 3130
1298 3130
1299 3130
1300 3130
1301 3130
1302 3130
1303 3130
1304 3130
1305 3130
1306 3130
1307 3130
1308 3130
1309 3130
1310 3130
1311 3130
1312 3130
1313 3129
1314 3129
1315 3128
1316 3127
1317 3127
1317 3126
1318 3125
1319 3125
1320 3124
1321 3123
1322 3123
1323 3122
1324 3122
1325 3122
1326 3122
1327 3121
1328 3121
1329 3120
1330 3120
1331 3119
1332 3119
1333 3118
1334 3118
1335 3118
1336 3118
1337 3118
1338 3118
1339 3118
1340 3118
1341 3117
1342 3117
1343 3117
1344 3117
1345 3116
1346 3115
1347 3114
1348 3114
1349 3113
1350 3113
1351 3112
1352 3111
1353 3110
1354 3110
1355 3109
1356 3109
1357 3108
1358 3107
1359 3107
1360 3107
1361 3106
1362 3105
1363 3104
1364 3104
1365 3103
1366 3103
1367 3102
1368 3102
1369 3101
1370 3101
1371 3101
1372 3101
1373 3100
1374 3100
1375 3100
1376 3100
1377 3099
1378 3099
1379 3098
1380 3097
1381 3096
1382 3095
1383 3094
1383 3093
1383 3092
1383 3091
1384 3090
1384 3089
1384 3088
1384 3087
1384 3086
1384 3085
1384 3084
1384 3083
1384 3082
1384 3081
1384 3080
1384 3079
1384 3078
1384 3077
1384 3076
1384 3075
1384 3074
1384 3073
1384 3072
1384 3071
1384 3070
1384 3069
1384 3068
1384 3067
1384 3066
1384 3065
1384 3064
1384 3063
1384 3062
1384 3061
1384 3060
1384 3059
1384 3058
1384 3057
1384 3056
1384 3055
1384 3054
1384 3053
1384 3052
1384 3051
1384 3050
1384 3049
1384 3048
1384 3047
1384 3046
1384 3045
1384 3044
1384 3043
1383 3042
1383 3041
1383 3040
1383 3039
1382 3038
1381 3037
1380 3036
1379 3035
1379 3034
1378 3034
1377 3033
1377 3032
1376 3032
1375 3031
1375 3030
1374 3030
1373 3029
1373 3028
1372 3028
1371 3027
1371 3026
1370 3026
1369 3025
1369 3024
1368 3024
1367 3023
1367 3022
1366 3022
1365 3021
1365 3020
1364 3020
1363 3019
1363 3018
1362 3018
1361 3017
1361 3016
1360 3016
1359 3015
1358 3014
1357 3013
1356 3012
1355 3012
1354 3011
1353 3010
1352 3010
1351 3009
1350 3008
1349 3007
1348 3006
1347 3006
1346 3005
1345 3005
1344 3004
1343 3003
1342 3002
1341 3002
1340 3002
1339 3002
1338 3001
1337 3001
1336 3000
1335 3000
1334 3000
1333 3000
1332 2999
1331 2999
1330 2999
1329 2999
1328 2998
1327 2998
1326 2997
1325 2997
1324 2996
1323 2996
1322 2995
1321 2995
1320 2995
1319 2995
1318 2995
1317 2995
1316 2995
1315 2995
1314 2994
1313 2994
1312 2994
1311 2994
1310 2993
1309 2993
1308 2993
1307 2993
1306 2993
1305 2993
1304 2992
1303 2992
1302 2992
1301 2992
1300 2991
1299 2991
1298 2991
1297 2991
1296 2991
1295 2991
1294 2991
1293 2991
1292 2991
1291 2991
1290 2991
1289 2991
1288 2991
1287 2991
1286 2990
1285 2990
1284 2989
1283 2989
1282 2988
1281 2988
1280 2987
1279 2987
1278 2987
1277 2987
1276 2987
1275 2987
1274 2987
1273 2987
1272 2986
1271 2986
1270 2985
1269 2985
1268 2984
1267 2984
1266 2983
1265 2983
1264 2983
1263 2983
1262 2983
1261 2983
1260 2983
1259 2983
1258 2983
1257 2983
1256 2983
1255 2983
1254 2983
1253 2983
1252 2982
1251 2982
1250 2982
1249 2982
1248 2981
1247 2981
1246 2981
1245 2981
1244 2981
1243 2981
1242 2981
1241 2981
1240 2981
1239 2981
1238 2981
1237 2981
1236 2981
1235 2981
1234 2981
1233 2981
1232 2980
1231 2980
1230 2980
1229 2980
1228 2979
1227 2979
1226 2979
1225 2979
1224 2979
1223 2979
1222 2979
1221 2979
1220 2978
1219 2978
1218 2978
1217 2978
1216 2977
1215 2977
1214 2977
1213 2977
1212 2977
1211 2977
1210 2977
1209 2977
1208 2977
1207 2977
1206 2977
1205 2977
1204 2976
1203 2976
1202 2976
1201 2976
1200 2975
1199 2975
1198 2975
1197 2975
1196 2975
1195 2975
1194 2975
1193 2975
1192 2975
1191 2975
1190 2975
1189 2975
1188 2975
1187 2975
1186 2975
1185 2975
1184 2975
1183 2975
1182 2975
1181 2975
1180 2975
1179 2975
1178 2975
1177 2975
1176 2974
1175 2974
1174 2974
1173 2974
1172 2973
1171 2973
1170 2973
1169 2973
1168 2973
1167 2973
1166 2972
1165 2972
1164 2972
1163 2971
1162 2970
1161 2970
1160 2970
1159 2970
1158 2969
1157 2969
1156 2969
1155 2969
1154 2969
1153 2969
1152 2969
1151 2969
1150 2970
1149 2970
1148 2970
1147 2970
1146 2971
1145 2971
1144 2970
1143 2970
1142 2970
1141 2970
1140 2969
1139 2969
1138 2969
1137 2969
1136 2969
1135 2969
1134 2968
1133 2968
1132 2968
1131 2968
1130 2967
1129 2967
1128 2967
1127 2967
1126 2967
1125 2967
1124 2967
1123 2967
1122 2967
1121 2967
1120 2967
1119 2967
1118 2967
1117 2967
1116 2967
1115 2967
1114 2967
1113 2967
1112 2968
1111 2968
1110 2969
1109 2969
1108 2970
1107 2970
1106 2971
1105 2971
1104 2972
1103 2972
1102 2972
1101 2972
1100 2973
1099 2974
1098 2974
1097 2974
1096 2975
1095 2975
1094 2975
1093 2975
1092 2974
1091 2974
1090 2974
1089 2974
1088 2973
1087 2973
1086 2972
1085 2972
1084 2971
1083 2971
1082 2970
1081 2970
1080 2969
1079 2969
1078 2969
1077 2969
1076 2969
1075 2969
1074 2969
1073 2969
1072 2969
1071 2969
1070 2969
1069 2969
1068 2969
1067 2969
1066 2968
1065 2968
1064 2968
1063 2968
1062 2967
1061 2967
1060 2967
1059 2967
1058 2967
1057 2967
1056 2967
1055 2967
1054 2967
1053 2967
1052 2966
1051 2966
1050 2966
1049 2966
1048 2965
1047 2965
1046 2964
1045 2964
1044 2964
1043 2964
1042 2963
1041 2963
1040 2963
1039 2963
1038 2963
1037 2963
1036 2962
1035 2962
1034 2962
1033 2962
1032 2961
1031 2961
1030 2961
1029 2961
1028 2961
1027 2961
1026 2961
1025 2961
1024 2961
1023 2961
1022 2961
1021 2961
1020 2960
1019 2960
1018 2960
1017 2960
1016 2959
1015 2959
1014 2959
1013 2959
1012 2959
1011 2959
1010 2959
1009 2959
1008 2959
1007 2959
1006 2959
1005 2959
1004 2959
1003 2959
1002 2959
1001 2959
1000 2959
999 2959
998 2959
997 2959
996 2958
995 2958
994 2958
993 2958
992 2957
991 2957
990 2957
989 2957
988 2957
987 2957
986 2957
985 2957
984 2957
983 2957
982 2957
981 2957
980 2957
979 2957
978 2957
977 2957
976 2956
975 2956
974 2956
973 2956
972 2955
971 2955
970 2955
969 2955
968 2955
967 2955
966 2954
965 2954
964 2954
963 2954
962 2953
961 2953
960 2953
959 2953
958 2953
957 2953
956 2953
955 2953
954 2953
953 2953
952 2953
951 2953
950 2952
949 2952
948 2952
947 2952
946 2951
945 2951
944 2951
943 2951
942 2951
941 2951
940 2951
939 2951
938 2951
937 2951
936 2951
935 2951
934 2951
933 2951
932 2951
931 2951
930 2951
929 2951
928 2951
927 2951
926 2951
925 2951
924 2951
923 2951
922 2951
921 2951
920 2951
919 2951
918 2951
917 2951
916 2951
915 2951
914 2951
913 2951
912 2951
911 2951
910 2951
909 2951
908 2951
907 2951
906 2951
905 2951
904 2951
903 2951
902 2951
901 2951
900 2951
899 2951
