849 4631
848 4632
847 4632
846 4632
845 4632
844 4633
843 4633
842 4633
841 4633
840 4633
839 4633
838 4634
837 4634
836 4635
835 4635
834 4636
833 4636
832 4637
831 4637
830 4637
829 4637
828 4638
827 4638
826 4639
825 4639
824 4640
823 4640
822 4641
821 4641
820 4642
819 4642
818 4643
817 4643
816 4644
815 4644
814 4645
813 4645
812 4645
811 4645
810 4645
809 4645
808 4645
807 4645
806 4645
805 4645
804 4646
803 4646
802 4646
801 4646
800 4647
799 4647
798 4647
797 4647
796 4647
795 4647
794 4647
793 4647
792 4647
791 4647
790 4647
789 4647
788 4647
787 4647
786 4647
785 4647
784 4647
783 4647
782 4647
781 4647
780 4647
779 4647
778 4647
777 4647
776 4647
775 4647
774 4647
773 4647
772 4647
771 4647
770 4647
769 4647
768 4647
767 4647
766 4647
765 4647
764 4647
763 4647
762 4647
761 4647
760 4647
759 4647
758 4647
757 4647
756 4647
755 4647
754 4646
753 4646
752 4645
751 4645
750 4644
749 4644
748 4643
747 4643
746 4643
745 4643
744 4642
743 4642
742 4642
741 4642
740 4641
739 4641
738 4641
737 4641
736 4640
735 4640
734 4640
733 4640
732 4639
731 4639
730 4639
729 4639
728 4640
727 4640
726 4640
725 4640
724 4641
723 4641
722 4641
721 4641
720 4641
719 4641
718 4642
717 4642
716 4642
715 4642
714 4643
713 4643
712 4644
711 4644
710 4645
709 4646
708 4646
708 4647
707 4648
706 4648
706 4649
705 4650
704 4650
704 4651
703 4652
702 4652
702 4653
701 4654
700 4654
700 4655
699 4656
698 4656
697 4657
696 4658
695 4658
694 4659
693 4659
692 4660
691 4660
690 4661
689 4662
688 4662
688 4663
687 4664
686 4665
686 4666
685 4667
685 4668
685 4669
685 4670
684 4671
684 4672
684 4673
683 4674
682 4675
682 4676
682 4677
681 4678
680 4679
680 4680
679 4681
679 4682
678 4683
677 4684
676 4685
676 4686
675 4687
675 4688
674 4689
673 4690
672 4691
672 4692
671 4693
670 4694
670 4695
669 4696
668 4696
668 4697
667 4698
666 4698
666 4699
665 4700
664 4700
664 4701
663 4702
662 4702
662 4703
661 4704
660 4705
660 4706
659 4707
659 4708
660 4709
660 4710
660 4711
660 4712
661 4713
662 4714
663 4715
664 4716
665 4717
666 4717
667 4718
668 4718
669 4719
670 4719
671 4719
672 4720
673 4721
674 4721
675 4721
676 4721
677 4722
678 4722
679 4722
680 4722
681 4722
682 4722
683 4722
684 4722
685 4722
686 4722
687 4722
688 4722
689 4722
690 4722
691 4722
692 4722
693 4722
694 4722
695 4723
696 4723
697 4724
698 4724
699 4725
700 4725
701 4726
702 4726
703 4726
704 4726
705 4726
706 4726
707 4726
708 4726
709 4726
710 4726
711 4726
712 4726
713 4727
714 4727
715 4727
716 4727
717 4728
718 4728
719 4728
720 4728
721 4728
722 4728
723 4728
724 4728
725 4728
726 4728
727 4728
728 4728
729 4728
730 4728
731 4728
732 4728
733 4728
734 4728
735 4728
736 4728
737 4728
738 4728
739 4728
740 4728
741 4728
742 4728
743 4728
744 4728
745 4728
746 4728
747 4727
748 4727
749 4727
750 4727
751 4726
752 4726
753 4726
754 4726
755 4726
756 4726
757 4726
758 4726
759 4726
760 4726
761 4726
762 4726
763 4727
764 4727
765 4727
766 4727
767 4728
768 4728
769 4728
770 4728
771 4728
772 4728
773 4728
774 4728
775 4728
776 4728
777 4729
778 4729
779 4729
780 4729
781 4730
782 4730
783 4730
784 4730
785 4730
786 4730
787 4730
788 4730
789 4730
790 4730
791 4730
792 4730
793 4730
794 4730
795 4730
796 4730
797 4730
798 4730
799 4730
800 4730
801 4730
802 4730
803 4730
804 4730
805 4730
806 4730
807 4730
808 4730
809 4730
810 4730
811 4730
812 4730
813 4730
814 4730
815 4729
816 4729
817 4728
818 4728
819 4727
820 4727
821 4726
822 4726
823 4726
824 4726
825 4725
826 4725
827 4725
828 4725
829 4724
830 4723
831 4723
832 4723
833 4722
834 4722
835 4722
836 4722
837 4722
838 4722
839 4722
840 4722
841 4722
842 4722
843 4722
844 4722
845 4722
846 4722
847 4722
848 4722
849 4722
850 4722
851 4722
852 4722
853 4722
854 4722
855 4722
856 4722
857 4722
858 4722
859 4721
860 4721
861 4721
862 4721
863 4720
864 4720
865 4720
866 4720
867 4720
868 4720
869 4720
870 4720
871 4720
872 4720
873 4720
874 4720
875 4720
876 4720
877 4720
878 4720
879 4720
880 4720
881 4720
882 4720
883 4720
884 4720
885 4720
886 4720
887 4719
888 4719
889 4718
890 4717
891 4717
891 4716
892 4715
893 4714
894 4713
895 4712
895 4711
896 4710
897 4709
897 4708
898 4707
899 4707
899 4706
900 4705
901 4704
902 4703
903 4702
903 4701
903 4700
903 4699
904 4698
904 4697
905 4696
905 4695
905 4694
905 4693
906 4692
906 4691
907 4690
907 4689
908 4688
909 4687
909 4686
910 4685
911 4684
911 4683
912 4682
912 4681
912 4680
912 4679
912 4678
912 4677
913 4676
913 4675
913 4674
913 4673
914 4672
914 4671
914 4670
914 4669
914 4668
914 4667
914 4666
914 4665
914 4664
914 4663
914 4662
914 4661
914 4660
914 4659
913 4658
913 4657
912 4656
911 4655
911 4654
910 4654
909 4653
909 4652
908 4652
907 4651
907 4650
906 4650
905 4649
905 4648
904 4648
903 4647
902 4646
901 4646
900 4645
899 4645
898 4645
897 4645
896 4644
895 4644
894 4644
893 4643
892 4642
891 4642
890 4641
889 4641
888 4640
887 4639
886 4638
885 4638
884 4637
883 4636
882 4636
881 4635
880 4634
879 4634
878 4633
877 4633
876 4633
875 4633
874 4633
873 4633
872 4632
871 4632
870 4632
869 4632
868 4631
867 4631
866 4631
865 4631
864 4631
863 4631
862 4631
861 4631
860 4631
859 4631
858 4631
857 4631
856 4631
855 4631
854 4631
853 4631
852 4631
851 4631
850 4631
849 4631
