1681 1717
1680 1718
1679 1718
1678 1718
1677 1718
1676 1719
1675 1719
1674 1719
1673 1719
1672 1720
1671 1720
1670 1720
1669 1720
1668 1721
1667 1721
1666 1721
1665 1721
1664 1721
1663 1721
1662 1721
1661 1721
1660 1721
1659 1721
1658 1721
1657 1721
1656 1721
1655 1721
1654 1721
1653 1721
1652 1721
1651 1721
1650 1721
1649 1721
1648 1721
1647 1721
1646 1722
1645 1722
1644 1722
1643 1722
1642 1723
1641 1723
1640 1723
1639 1723
1638 1723
1637 1723
1636 1723
1635 1723
1634 1723
1633 1723
1632 1723
1631 1723
1630 1723
1629 1723
1628 1723
1627 1723
1626 1723
1625 1723
1624 1723
1623 1723
1622 1723
1621 1723
1620 1723
1619 1723
1618 1723
1617 1723
1616 1723
1615 1723
1614 1723
1613 1723
1612 1723
1611 1723
1610 1723
1609 1723
1608 1723
1607 1723
1606 1723
1605 1723
1604 1723
1603 1723
1602 1723
1601 1723
1600 1723
1599 1723
1598 1723
1597 1723
1596 1723
1595 1723
1594 1723
1593 1723
1592 1723
1591 1723
1590 1723
1589 1723
1588 1723
1587 1723
1586 1723
1585 1723
1584 1723
1583 1723
1582 1723
1581 1723
1580 1723
1579 1723
1578 1723
1577 1723
1576 1723
1575 1723
1574 1722
1573 1722
1572 1722
1571 1722
1570 1721
1569 1721
1568 1721
1567 1721
1566 1721
1565 1721
1564 1721
1563 1721
1562 1721
1561 1721
1560 1721
1559 1721
1558 1721
1557 1721
1556 1721
1555 1721
1554 1721
1553 1721
1552 1721
1551 1721
1550 1721
1549 1721
1548 1721
1547 1721
1546 1721
1545 1721
1544 1721
1543 1721
1542 1721
1541 1721
1540 1721
1539 1721
1538 1721
1537 1721
1536 1721
1535 1721
1534 1721
1533 1721
1532 1721
1531 1721
1530 1721
1529 1721
1528 1722
1527 1722
1526 1722
1525 1722
1524 1723
1523 1723
1522 1723
1521 1723
1520 1724
1519 1724
1518 1725
1517 1726
1516 1726
1516 1727
1515 1728
1514 1729
1514 1730
1513 1731
1513 1732
1512 1733
1511 1734
1510 1735
1509 1736
1508 1736
1507 1736
1506 1737
1505 1737
1504 1738
1503 1738
1502 1738
1501 1738
1500 1739
1499 1739
1498 1739
1497 1739
1496 1739
1495 1739
1494 1739
1493 1739
1492 1739
1491 1739
1490 1739
1489 1739
1488 1739
1487 1739
1486 1739
1485 1739
1484 1739
1483 1739
1482 1739
1481 1739
1480 1739
1479 1739
1478 1739
1477 1739
1476 1739
1475 1739
1474 1739
1473 1739
1472 1739
1471 1739
1470 1739
1469 1739
1468 1739
1467 1739
1466 1739
1465 1739
1464 1739
1463 1739
1462 1739
1461 1739
1460 1738
1459 1738
1458 1738
1457 1738
1456 1737
1455 1737
1454 1737
1453 1737
1452 1737
1451 1737
1450 1737
1449 1737
1448 1736
1447 1736
1446 1736
1445 1736
1444 1735
1443 1735
1442 1735
1441 1735
1440 1735
1439 1735
1438 1734
1437 1734
1436 1734
1435 1734
1434 1733
1433 1733
1432 1733
1431 1733
1430 1733
1429 1733
1428 1732
1427 1732
1426 1732
1425 1732
1424 1731
1423 1731
1422 1731
1421 1731
1420 1730
1419 1730
1418 1730
1417 1730
1416 1729
1415 1729
1414 1729
1413 1729
1412 1729
1411 1729
1410 1728
1409 1728
1408 1728
1407 1728
1406 1727
1405 1727
1404 1727
1403 1727
1402 1727
1401 1727
1400 1727
1399 1727
1398 1727
1397 1727
1396 1727
1395 1727
1394 1727
1393 1727
1392 1727
1391 1727
1390 1726
1389 1726
1388 1726
1387 1726
1386 1725
1385 1725
1384 1725
1383 1725
1382 1725
1381 1725
1380 1724
1379 1724
1378 1724
1377 1724
1376 1723
1375 1723
1374 1723
1373 1723
1372 1723
1371 1723
1370 1723
1369 1723
1368 1723
1367 1723
1366 1722
1365 1722
1364 1722
1363 1722
1362 1721
1361 1721
1360 1721
1359 1721
1358 1721
1357 1721
1356 1721
1355 1721
1354 1722
1353 1722
1352 1723
1351 1724
1350 1724
1350 1725
1349 1726
1348 1726
1348 1727
1347 1728
1346 1728
1346 1729
1345 1730
1344 1730
1344 1731
1343 1732
1342 1733
1341 1734
1340 1735
1340 1736
1340 1737
1339 1738
1338 1739
1338 1740
1337 1741
1337 1742
1336 1743
1335 1744
1334 1745
1334 1746
1333 1747
1332 1748
1332 1749
1331 1750
1330 1750
1329 1751
1328 1752
1327 1752
1326 1753
1325 1754
1324 1755
1323 1756
1322 1756
1322 1757
1321 1758
1320 1758
1320 1759
1319 1760
1318 1760
1318 1761
1317 1762
1316 1762
1316 1763
1315 1764
1314 1764
1314 1765
1313 1766
1312 1766
1311 1767
1310 1768
1309 1768
1308 1769
1307 1770
1306 1771
1305 1772
1304 1772
1304 1773
1303 1774
1302 1774
1302 1775
1301 1776
1300 1776
1300 1777
1299 1778
1298 1778
1298 1779
1297 1780
1296 1780
1296 1781
1295 1782
1294 1782
1294 1783
1293 1784
1292 1784
1292 1785
1291 1786
1290 1786
1290 1787
1289 1788
1288 1789
1287 1790
1286 1791
1286 1792
1286 1793
1285 1794
1284 1795
1284 1796
1283 1797
1282 1798
1282 1799
1281 1800
1280 1801
1279 1802
1278 1803
1278 1804
1278 1805
1277 1806
1276 1807
1276 1808
1276 1809
1275 1810
1274 1811
1274 1812
1274 1813
1274 1814
1273 1815
1273 1816
1273 1817
1273 1818
1273 1819
1273 1820
1273 1821
1273 1822
1273 1823
1273 1824
1274 1825
1274 1826
1274 1827
1274 1828
1275 1829
1275 1830
1275 1831
1275 1832
1275 1833
1275 1834
1275 1835
1275 1836
1275 1837
1275 1838
1276 1839
1276 1840
1276 1841
1276 1842
1277 1843
1277 1844
1277 1845
1277 1846
1278 1847
1278 1848
1278 1849
1278 1850
1279 1851
1279 1852
1280 1853
1280 1854
1281 1855
1282 1856
1282 1857
1283 1857
1284 1858
1284 1859
1285 1859
1286 1860
1286 1861
1287 1861
1288 1862
1289 1863
1290 1864
1291 1865
1292 1865
1293 1865
1294 1866
1295 1867
1296 1867
1297 1868
1298 1868
1299 1869
1300 1870
1301 1871
1302 1871
1303 1871
1304 1871
1305 1872
1306 1872
1307 1873
1308 1873
1309 1874
1310 1874
1311 1875
1312 1876
1313 1877
1314 1877
1315 1877
1316 1878
1317 1879
1318 1879
1319 1879
1320 1879
1321 1880
1322 1880
1323 1880
1324 1880
1325 1881
1326 1881
1327 1882
1328 1882
1329 1883
1330 1883
1331 1884
1332 1884
1333 1884
1334 1884
1335 1885
1336 1885
1337 1885
1338 1886
1339 1887
1340 1887
1341 1887
1342 1887
1343 1888
1344 1888
1345 1889
1346 1889
1347 1889
1348 1889
1349 1890
1350 1890
1351 1890
1352 1890
1353 1891
1354 1891
1355 1891
1356 1891
1357 1892
1358 1892
1359 1892
1360 1892
1361 1892
1362 1892
1363 1892
1364 1892
1365 1893
1366 1893
1367 1893
1368 1893
1369 1894
1370 1894
1371 1894
1372 1894
1373 1894
1374 1894
1375 1894
1376 1894
1377 1894
1378 1894
1379 1894
1380 1894
1381 1895
1382 1895
1383 1895
1384 1896
1385 1897
1386 1897
1387 1897
1388 1897
1389 1898
1390 1898
1391 1898
1392 1898
1393 1899
1394 1899
1395 1899
1396 1899
1397 1900
1398 1900
1399 1900
1400 1900
1401 1900
1402 1900
1403 1901
1404 1901
1405 1901
1406 1901
1407 1902
1408 1902
1409 1902
1410 1902
1411 1902
1412 1902
1413 1903
1414 1903
1415 1903
1416 1903
1417 1904
1418 1904
1419 1904
1420 1904
1421 1904
1422 1904
1423 1904
1424 1904
1425 1904
1426 1904
1427 1904
1428 1904
1429 1905
1430 1905
1431 1905
1432 1905
1433 1906
1434 1906
1435 1906
1436 1906
1437 1906
1438 1906
1439 1906
1440 1906
1441 1906
1442 1906
1443 1906
1444 1906
1445 1906
1446 1906
1447 1906
1448 1906
1449 1906
1450 1906
1451 1906
1452 1906
1453 1906
1454 1906
1455 1906
1456 1906
1457 1906
1458 1906
1459 1907
1460 1907
1461 1907
1462 1907
1463 1908
1464 1908
1465 1908
1466 1908
1467 1908
1468 1908
1469 1908
1470 1908
1471 1908
1472 1908
1473 1908
1474 1908
1475 1909
1476 1909
1477 1909
1478 1909
1479 1910
1480 1910
1481 1910
1482 1910
1483 1910
1484 1910
1485 1910
1486 1910
1487 1910
1488 1910
1489 1910
1490 1910
1491 1910
1492 1910
1493 1910
1494 1910
1495 1910
1496 1910
1497 1910
1498 1910
1499 1910
1500 1910
1501 1910
1502 1910
1503 1910
1504 1910
1505 1911
1506 1911
1507 1911
1508 1911
1509 1912
1510 1912
1511 1912
1512 1912
1513 1912
1514 1912
1515 1912
1516 1912
1517 1912
1518 1912
1519 1912
1520 1912
1521 1912
1522 1912
1523 1913
1524 1913
1525 1913
1526 1913
1527 1914
1528 1914
1529 1914
1530 1914
1531 1914
1532 1914
1533 1914
1534 1914
1535 1914
1536 1914
1537 1914
1538 1914
1539 1914
1540 1914
1541 1914
1542 1914
1543 1914
1544 1914
1545 1914
1546 1914
1547 1915
1548 1915
1549 1915
1550 1915
1551 1916
1552 1916
1553 1916
1554 1916
1555 1916
1556 1916
1557 1917
1558 1917
1559 1917
1560 1917
1561 1918
1562 1918
1563 1918
1564 1918
1565 1919
1566 1919
1567 1919
1568 1919
1569 1920
1570 1920
1571 1921
1572 1921
1573 1921
1574 1921
1575 1922
1576 1922
1577 1923
1578 1923
1579 1923
1580 1923
1581 1924
1582 1924
1583 1924
1584 1924
1585 1925
1586 1925
1587 1925
1588 1925
1589 1926
1590 1926
1591 1927
1592 1927
1593 1927
1594 1927
1595 1928
1596 1928
1597 1928
1598 1928
1599 1929
1600 1929
1601 1929
1602 1929
1603 1930
1604 1930
1605 1930
1606 1930
1607 1931
1608 1931
1609 1931
1610 1931
1611 1932
1612 1932
1613 1932
1614 1932
1615 1931
1616 1931
1617 1930
1618 1929
1619 1929
1620 1928
1621 1927
1622 1927
1623 1926
1624 1925
1625 1925
1626 1925
1627 1924
1628 1924
1629 1924
1630 1924
1631 1924
1632 1924
1633 1924
1634 1924
1635 1924
1636 1924
1637 1924
1638 1924
1639 1924
1640 1924
1641 1924
1642 1924
1643 1924
1644 1924
1645 1923
1646 1923
1647 1923
1648 1923
1649 1922
1650 1921
1651 1921
1652 1921
1653 1920
1654 1919
1655 1919
1656 1919
1657 1918
1658 1917
1659 1917
1660 1917
1661 1916
1662 1915
1663 1915
1664 1915
1665 1914
1666 1914
1667 1914
1668 1914
1669 1914
1670 1914
1671 1914
1672 1914
1673 1914
1674 1914
1675 1914
1676 1914
1677 1914
1678 1914
1679 1914
1680 1914
1681 1914
1682 1914
1683 1914
1684 1914
1685 1914
1686 1914
1687 1914
1688 1914
1689 1914
1690 1914
1691 1914
1692 1914
1693 1914
1694 1914
1695 1914
1696 1914
1697 1913
1698 1913
1699 1913
1700 1913
1701 1912
1702 1912
1703 1912
1704 1912
1705 1912
1706 1912
1707 1912
1708 1912
1709 1912
1710 1912
1711 1912
1712 1912
1713 1912
1714 1912
1715 1912
1716 1912
1717 1911
1718 1911
1719 1911
1720 1911
1721 1910
1722 1910
1723 1910
1724 1910
1725 1910
1726 1910
1727 1910
1728 1910
1729 1910
1730 1910
1731 1910
1732 1910
1733 1910
1734 1910
1735 1910
1736 1910
1737 1910
1738 1910
1739 1910
1740 1910
1741 1910
1742 1910
1743 1910
1744 1910
1745 1910
1746 1910
1747 1910
1748 1910
1749 1910
1750 1910
1751 1910
1752 1910
1753 1910
1754 1910
1755 1910
1756 1910
1757 1910
1758 1910
1759 1910
1760 1910
1761 1910
1762 1910
1763 1910
1764 1910
1765 1910
1766 1910
1767 1910
1768 1910
1769 1910
1770 1910
1771 1910
1772 1910
1773 1910
1774 1910
1775 1910
1776 1910
1777 1910
1778 1910
1779 1910
1780 1910
1781 1910
1782 1910
1783 1910
1784 1910
1785 1910
1786 1910
1787 1910
1788 1910
1789 1910
1790 1910
1791 1909
1792 1909
1793 1908
1794 1907
1795 1907
1795 1906
1796 1905
1797 1905
1798 1904
1799 1903
1800 1903
1801 1902
1802 1901
1803 1900
1804 1899
1805 1898
1805 1897
1806 1896
1806 1895
1806 1894
1806 1893
1806 1892
1806 1891
1806 1890
1806 1889
1806 1888
1806 1887
1807 1886
1807 1885
1807 1884
1807 1883
1808 1882
1808 1881
1808 1880
1808 1879
1808 1878
1808 1877
1808 1876
1808 1875
1808 1874
1808 1873
1808 1872
1808 1871
1808 1870
1808 1869
1808 1868
1808 1867
1808 1866
1808 1865
1808 1864
1808 1863
1808 1862
1808 1861
1808 1860
1808 1859
1808 1858
1808 1857
1809 1856
1809 1855
1809 1854
1809 1853
1810 1852
1810 1851
1810 1850
1810 1849
1810 1848
1810 1847
1810 1846
1810 1845
1810 1844
1810 1843
1810 1842
1810 1841
1810 1840
1810 1839
1810 1838
1810 1837
1810 1836
1810 1835
1810 1834
1810 1833
1810 1832
1810 1831
1810 1830
1810 1829
1810 1828
1810 1827
1810 1826
1810 1825
1810 1824
1810 1823
1810 1822
1810 1821
1810 1820
1810 1819
1810 1818
1810 1817
1810 1816
1810 1815
1809 1814
1809 1813
1809 1812
1809 1811
1808 1810
1807 1809
1806 1808
1806 1807
1805 1806
1805 1805
1804 1804
1804 1803
1804 1802
1804 1801
1804 1800
1804 1799
1803 1798
1803 1797
1802 1796
1802 1795
1801 1794
1801 1793
1800 1792
1800 1791
1800 1790
1800 1789
1800 1788
1800 1787
1800 1786
1800 1785
1800 1784
1800 1783
1800 1782
1800 1781
1800 1780
1800 1779
1800 1778
1800 1777
1800 1776
1800 1775
1799 1774
1799 1773
1798 1772
1797 1771
1797 1770
1796 1770
1795 1769
1794 1768
1793 1768
1792 1767
1791 1767
1790 1767
1789 1767
1788 1767
1787 1767
1786 1766
1785 1766
1784 1765
1783 1764
1782 1764
1781 1763
1781 1762
1780 1762
1779 1761
1779 1760
1778 1760
1777 1759
1776 1758
1775 1758
1774 1757
1773 1757
1772 1757
1771 1757
1770 1756
1769 1756
1768 1756
1767 1755
1766 1754
1765 1754
1764 1753
1763 1753
1762 1752
1761 1752
1760 1751
1759 1751
1758 1750
1757 1750
1756 1750
1755 1749
1754 1748
1753 1748
1752 1748
1751 1748
1750 1747
1749 1747
1748 1746
1747 1746
1746 1746
1745 1745
1744 1744
1743 1744
1742 1744
1741 1743
1740 1742
1739 1742
1738 1741
1737 1741
1736 1740
1735 1739
1734 1738
1733 1738
1732 1738
1731 1737
1730 1736
1729 1736
1728 1736
1727 1735
1726 1734
1725 1734
1724 1734
1723 1733
1722 1732
1721 1732
1720 1732
1719 1731
1718 1730
1717 1730
1716 1729
1715 1729
1714 1728
1713 1727
1712 1726
1711 1726
1710 1725
1709 1725
1708 1724
1707 1724
1706 1723
1705 1723
1704 1723
1703 1723
1702 1723
1701 1723
1700 1723
1699 1723
1698 1723
1697 1723
1696 1722
1695 1722
1694 1722
1693 1721
1692 1720
1691 1720
1690 1719
1689 1719
1688 1718
1687 1718
1686 1717
1685 1717
1684 1717
1683 1717
1682 1717
1681 1717
