519 2523
518 2524
517 2524
516 2524
515 2524
514 2525
513 2525
512 2525
511 2525
510 2525
509 2525
508 2526
507 2526
506 2527
505 2528
504 2528
503 2529
502 2530
501 2530
500 2531
499 2532
498 2533
497 2534
496 2534
496 2535
495 2536
494 2536
494 2537
493 2538
492 2538
492 2539
491 2540
490 2541
489 2542
488 2543
488 2544
487 2545
487 2546
486 2547
485 2548
484 2549
484 2550
483 2551
482 2552
482 2553
481 2554
480 2554
480 2555
479 2556
478 2556
478 2557
477 2558
476 2558
475 2559
474 2560
473 2560
472 2561
471 2562
470 2563
469 2563
468 2564
467 2564
466 2565
465 2566
464 2567
463 2567
462 2568
461 2568
460 2569
459 2570
458 2570
457 2570
456 2571
455 2571
454 2572
453 2572
452 2572
451 2572
450 2573
449 2573
448 2573
447 2573
446 2573
445 2573
444 2573
443 2573
442 2573
441 2573
440 2573
439 2573
438 2573
437 2573
436 2573
435 2573
434 2574
433 2574
432 2574
431 2574
430 2575
429 2575
428 2575
427 2575
426 2576
425 2576
424 2577
423 2578
422 2578
422 2579
421 2580
420 2581
419 2582
418 2583
418 2584
417 2585
416 2586
416 2587
415 2588
414 2589
414 2590
413 2591
413 2592
414 2593
414 2594
415 2595
416 2596
416 2597
417 2597
418 2598
418 2599
419 2599
420 2600
420 2601
421 2601
422 2602
422 2603
423 2603
424 2604
425 2605
426 2606
427 2607
428 2607
429 2608
430 2609
431 2609
432 2610
433 2611
434 2612
435 2613
436 2613
437 2614
438 2615
439 2615
440 2616
440 2617
441 2617
442 2618
443 2619
444 2620
445 2621
446 2621
447 2621
448 2621
449 2622
450 2622
451 2622
452 2622
453 2622
454 2622
455 2622
456 2622
457 2622
458 2622
459 2622
460 2622
461 2622
462 2622
463 2622
464 2622
465 2622
466 2622
467 2621
468 2621
469 2620
470 2620
471 2619
472 2619
473 2618
474 2618
475 2618
476 2618
477 2617
478 2617
479 2616
480 2616
481 2615
482 2615
483 2614
484 2614
485 2614
486 2614
487 2615
488 2616
489 2617
490 2618
491 2619
492 2619
493 2620
494 2620
495 2620
496 2620
497 2620
498 2620
499 2621
500 2621
501 2621
502 2621
503 2622
504 2622
505 2622
506 2622
507 2622
508 2622
509 2622
510 2622
511 2622
512 2622
513 2622
514 2622
515 2622
516 2622
517 2622
518 2622
519 2621
520 2621
521 2621
522 2621
523 2620
524 2620
525 2620
526 2620
527 2621
528 2621
529 2621
530 2621
531 2622
532 2622
533 2623
534 2623
535 2623
536 2623
537 2624
538 2624
539 2624
540 2624
541 2625
542 2625
543 2625
544 2626
545 2627
546 2627
547 2627
548 2627
549 2628
550 2628
551 2629
552 2629
553 2629
554 2629
555 2630
556 2630
557 2631
558 2631
559 2631
560 2631
561 2632
562 2632
563 2632
564 2632
565 2632
566 2632
567 2632
568 2632
569 2632
570 2632
571 2633
572 2633
573 2633
574 2633
575 2634
576 2634
577 2634
578 2634
579 2634
580 2634
581 2634
582 2634
583 2634
584 2634
585 2634
586 2634
587 2634
588 2634
589 2634
590 2634
591 2635
592 2635
593 2635
594 2635
595 2636
596 2636
597 2636
598 2636
599 2636
600 2636
601 2636
602 2636
603 2637
604 2637
605 2637
606 2637
607 2638
608 2638
609 2638
610 2638
611 2638
612 2638
613 2638
614 2638
615 2638
616 2638
617 2638
618 2638
619 2638
620 2638
621 2638
622 2638
623 2639
624 2639
625 2639
626 2639
627 2640
628 2640
629 2640
630 2640
631 2641
632 2641
633 2641
634 2642
635 2643
636 2643
637 2643
638 2643
639 2644
640 2644
641 2644
642 2644
643 2645
644 2645
645 2645
646 2645
647 2646
648 2646
649 2646
650 2646
651 2646
652 2646
653 2646
654 2646
655 2646
656 2646
657 2646
658 2646
659 2646
660 2646
661 2646
662 2646
663 2646
664 2646
665 2646
666 2646
667 2646
668 2646
669 2646
670 2646
671 2647
672 2647
673 2647
674 2647
675 2648
676 2648
677 2649
678 2649
679 2649
680 2650
681 2651
682 2651
683 2651
684 2651
685 2652
686 2652
687 2652
688 2652
689 2652
690 2652
691 2652
692 2652
693 2652
694 2652
695 2652
696 2652
697 2651
698 2651
699 2651
700 2651
701 2650
702 2649
703 2649
704 2649
705 2648
706 2647
707 2646
708 2645
709 2645
710 2644
711 2643
712 2643
713 2642
714 2641
715 2640
716 2640
717 2639
718 2639
719 2638
720 2637
721 2637
722 2637
723 2636
724 2636
725 2635
726 2635
727 2634
728 2633
729 2633
729 2632
730 2631
731 2631
731 2630
732 2629
733 2629
733 2628
734 2627
735 2627
735 2626
736 2625
737 2625
737 2624
738 2623
739 2623
739 2622
740 2621
741 2620
741 2619
742 2618
742 2617
742 2616
742 2615
742 2614
742 2613
742 2612
742 2611
742 2610
742 2609
742 2608
742 2607
742 2606
742 2605
742 2604
742 2603
742 2602
742 2601
742 2600
742 2599
741 2598
741 2597
741 2596
741 2595
740 2594
740 2593
740 2592
740 2591
739 2590
739 2589
739 2588
739 2587
738 2586
737 2585
736 2584
735 2583
735 2582
734 2582
733 2581
733 2580
732 2579
731 2578
731 2577
730 2576
729 2575
728 2574
727 2573
727 2572
726 2572
725 2571
724 2570
723 2569
722 2568
721 2568
720 2567
719 2566
719 2565
718 2564
717 2563
716 2562
715 2561
715 2560
714 2560
713 2559
713 2558
712 2558
711 2557
710 2556
709 2556
708 2555
707 2555
706 2554
705 2554
704 2554
703 2553
702 2552
701 2552
700 2552
699 2552
698 2551
697 2551
696 2551
695 2551
694 2551
693 2551
692 2551
691 2551
690 2551
689 2551
688 2551
687 2551
686 2551
685 2551
684 2551
683 2551
682 2551
681 2551
680 2551
679 2551
678 2550
677 2550
676 2549
675 2548
674 2547
673 2546
673 2545
672 2544
671 2543
670 2542
670 2541
669 2540
669 2539
668 2538
667 2537
667 2536
667 2535
666 2534
665 2533
665 2532
665 2531
664 2530
664 2529
664 2528
664 2527
663 2526
663 2525
662 2524
661 2524
660 2523
659 2523
658 2523
657 2523
656 2523
655 2523
654 2523
653 2523
652 2523
651 2523
650 2523
649 2523
648 2523
647 2523
646 2523
645 2523
644 2523
643 2523
642 2523
641 2523
640 2523
639 2523
638 2523
637 2523
636 2523
635 2523
634 2523
633 2523
632 2523
631 2523
630 2523
629 2523
628 2523
627 2523
626 2523
625 2523
624 2523
623 2523
622 2523
621 2523
620 2523
619 2523
618 2523
617 2523
616 2524
615 2524
614 2524
613 2524
612 2525
611 2525
610 2525
609 2525
608 2525
607 2525
606 2525
605 2525
604 2525
603 2525
602 2525
601 2525
600 2525
599 2525
598 2526
597 2526
596 2526
595 2526
594 2527
593 2528
592 2528
591 2528
590 2529
589 2529
588 2529
587 2529
586 2529
585 2529
584 2529
583 2529
582 2529
581 2529
580 2529
579 2529
578 2529
577 2529
576 2530
575 2530
574 2530
573 2530
572 2531
571 2531
570 2531
569 2531
568 2531
567 2531
566 2531
565 2531
564 2531
563 2531
562 2531
561 2531
560 2531
559 2531
558 2531
557 2531
556 2531
555 2531
554 2531
553 2531
552 2531
551 2531
550 2531
549 2531
548 2531
547 2531
546 2531
545 2531
544 2531
543 2531
542 2530
541 2530
540 2529
539 2529
538 2528
537 2527
536 2526
535 2526
534 2525
533 2525
532 2524
531 2524
530 2523
529 2523
528 2523
527 2523
526 2523
525 2523
524 2523
523 2523
522 2523
521 2523
520 2523
519 2523
