1281 260
1280 261
1279 261
1278 262
1277 262
1276 263
1275 263
1274 264
1273 264
1272 265
1271 265
1270 265
1269 265
1268 266
1267 267
1266 268
1265 269
1264 269
1264 270
1263 271
1262 271
1262 272
1261 273
1260 273
1259 274
1258 275
1257 275
1256 276
1255 276
1254 276
1253 276
1252 277
1251 277
1250 277
1249 277
1248 278
1247 278
1246 279
1245 279
1244 280
1243 280
1242 281
1241 281
1240 282
1239 282
1238 282
1237 282
1236 282
1235 282
1234 282
1233 282
1232 283
1231 283
1230 283
1229 283
1228 284
1227 284
1226 284
1225 284
1224 284
1223 284
1222 284
1221 284
1220 284
1219 284
1218 284
1217 284
1216 285
1215 285
1214 286
1213 287
1212 287
1211 288
1210 289
1209 289
1208 290
1207 290
1206 290
1205 290
1204 291
1203 291
1202 291
1201 291
1200 292
1199 293
1198 294
1197 295
1196 295
1196 296
1195 297
1194 298
1194 299
1193 300
1193 301
1193 302
1193 303
1193 304
1193 305
1193 306
1193 307
1193 308
1193 309
1193 310
1193 311
1193 312
1193 313
1193 314
1193 315
1193 316
1193 317
1193 318
1193 319
1193 320
1193 321
1193 322
1193 323
1193 324
1193 325
1193 326
1193 327
1192 328
1192 329
1192 330
1192 331
1191 332
1191 333
1192 334
1192 335
1193 336
1194 337
1195 338
1196 338
1197 339
1198 339
1199 339
1200 339
1201 339
1202 339
1203 339
1204 339
1205 340
1206 340
1207 340
1208 340
1209 341
1210 341
1211 341
1212 341
1213 341
1214 341
1215 341
1216 341
1217 341
1218 341
1219 341
1220 341
1221 341
1222 341
1223 341
1224 341
1225 341
1226 341
1227 341
1228 341
1229 342
1230 342
1231 342
1232 342
1233 343
1234 343
1235 343
1236 343
1237 343
1238 343
1239 343
1240 343
1241 343
1242 343
1243 343
1244 343
1245 343
1246 343
1247 343
1248 343
1249 343
1250 343
1251 343
1252 343
1253 343
1254 343
1255 344
1256 344
1257 344
1258 344
1259 345
1260 345
1261 345
1262 345
1263 345
1264 345
1265 345
1266 345
1267 345
1268 345
1269 345
1270 345
1271 345
1272 345
1273 345
1274 345
1275 345
1276 345
1277 345
1278 345
1279 346
1280 346
1281 346
1282 346
1283 347
1284 347
1285 347
1286 347
1287 347
1288 347
1289 347
1290 347
1291 347
1292 347
1293 346
1294 346
1295 346
1296 346
1297 345
1298 344
1299 343
1300 343
1301 342
1302 342
1303 341
1304 341
1305 341
1306 341
1307 341
1308 341
1309 342
1310 342
1311 342
1312 342
1313 343
1314 343
1315 343
1316 343
1317 344
1318 344
1319 344
1320 345
1321 346
1322 346
1323 346
1324 346
1325 347
1326 347
1327 347
1328 347
1329 347
1330 347
1331 347
1332 347
1333 347
1334 347
1335 347
1336 347
1337 348
1338 348
1339 348
1340 348
1341 349
1342 349
1343 349
1344 349
1345 349
1346 349
1347 350
1348 350
1349 350
1350 350
1351 351
1352 351
1353 351
1354 351
1355 351
1356 351
1357 351
1358 351
1359 351
1360 351
1361 351
1362 351
1363 351
1364 351
1365 351
1366 351
1367 350
1368 350
1369 349
1370 349
1371 348
1372 348
1373 347
1374 347
1375 347
1376 347
1377 347
1378 347
1379 347
1380 347
1381 347
1382 347
1383 347
1384 347
1385 346
1386 346
1387 346
1388 346
1389 345
1390 345
1391 345
1392 345
1393 344
1394 344
1395 344
1396 344
1397 343
1398 343
1399 343
1400 343
1401 343
1402 343
1403 343
1404 343
1405 343
1406 343
1407 342
1408 342
1409 341
1410 340
1411 340
1411 339
1412 338
1413 337
1413 336
1414 335
1414 334
1415 333
1415 332
1416 331
1417 330
1417 329
1418 328
1419 328
1419 327
1420 326
1421 326
1421 325
1422 324
1423 323
1423 322
1424 321
1424 320
1424 319
1424 318
1424 317
1424 316
1424 315
1424 314
1424 313
1424 312
1425 311
1425 310
1425 309
1426 308
1427 307
1427 306
1427 305
1427 304
1428 303
1428 302
1428 301
1428 300
1428 299
1428 298
1428 297
1428 296
1427 295
1427 294
1427 293
1427 292
1426 291
1425 290
1424 289
1423 288
1423 287
1422 287
1421 286
1421 285
1420 285
1419 284
1419 283
1418 283
1417 282
1416 281
1415 281
1414 280
1413 280
1412 279
1411 279
1410 279
1409 279
1408 278
1407 278
1406 278
1405 278
1404 278
1403 278
1402 278
1401 278
1400 278
1399 278
1398 278
1397 278
1396 277
1395 277
1394 277
1393 277
1392 276
1391 276
1390 276
1389 276
1388 276
1387 276
1386 276
1385 276
1384 276
1383 276
1382 276
1381 276
1380 275
1379 275
1378 274
1377 274
1376 273
1375 273
1374 272
1373 272
1372 272
1371 272
1370 272
1369 272
1368 271
1367 271
1366 270
1365 270
1364 269
1363 269
1362 268
1361 268
1360 268
1359 268
1358 268
1357 268
1356 268
1355 268
1354 267
1353 267
1352 267
1351 266
1350 265
1349 265
1348 265
1347 265
1346 264
1345 264
1344 264
1343 264
1342 263
1341 263
1340 263
1339 263
1338 262
1337 262
1336 262
1335 262
1334 262
1333 262
1332 262
1331 262
1330 262
1329 262
1328 262
1327 262
1326 261
1325 261
1324 261
1323 261
1322 260
1321 260
1320 260
1319 260
1318 260
1317 260
1316 260
1315 260
1314 260
1313 260
1312 260
1311 260
1310 260
1309 260
1308 260
1307 260
1306 260
1305 260
1304 260
1303 260
1302 260
1301 260
1300 260
1299 260
1298 260
1297 260
1296 260
1295 260
1294 260
1293 260
1292 260
1291 260
1290 260
1289 260
1288 260
1287 260
1286 260
1285 260
1284 260
1283 260
1282 260
1281 260
