557 2997
556 2998
555 2998
554 2998
553 2998
552 2999
551 2999
550 2999
549 2999
548 2999
547 2999
546 2999
545 2999
544 3000
543 3000
542 3000
541 3000
540 3001
539 3001
538 3001
537 3001
536 3001
535 3001
534 3002
533 3002
532 3002
531 3002
530 3003
529 3004
528 3005
527 3005
526 3006
525 3006
524 3007
523 3007
522 3008
521 3008
520 3008
519 3008
518 3009
517 3009
516 3009
515 3009
514 3009
513 3009
512 3009
511 3009
510 3009
509 3009
508 3009
507 3009
506 3009
505 3009
504 3009
503 3009
502 3009
501 3009
500 3009
499 3009
498 3009
497 3009
496 3009
495 3009
494 3009
493 3009
492 3009
491 3009
490 3009
489 3009
488 3009
487 3009
486 3010
485 3010
484 3010
483 3010
482 3011
481 3011
480 3011
479 3011
478 3011
477 3011
476 3012
475 3012
474 3012
473 3012
472 3013
471 3014
470 3015
469 3015
468 3016
467 3016
466 3017
465 3017
464 3017
463 3017
462 3018
461 3018
460 3019
459 3020
458 3020
458 3021
457 3022
456 3022
455 3023
454 3024
453 3024
452 3025
451 3025
450 3026
449 3026
448 3027
447 3028
446 3028
446 3029
445 3030
444 3030
444 3031
443 3032
442 3032
442 3033
441 3034
440 3034
440 3035
439 3036
438 3036
438 3037
437 3038
436 3038
436 3039
435 3040
434 3040
434 3041
433 3042
432 3042
432 3043
431 3044
430 3044
430 3045
429 3046
428 3046
428 3047
427 3048
426 3049
426 3050
425 3051
425 3052
424 3053
424 3054
424 3055
423 3056
422 3057
422 3058
422 3059
421 3060
420 3061
420 3062
420 3063
420 3064
419 3065
419 3066
418 3067
418 3068
418 3069
418 3070
417 3071
417 3072
417 3073
417 3074
416 3075
416 3076
415 3077
415 3078
414 3079
413 3080
412 3081
412 3082
412 3083
412 3084
411 3085
411 3086
410 3087
410 3088
410 3089
409 3090
408 3091
408 3092
408 3093
408 3094
407 3095
407 3096
406 3097
406 3098
406 3099
405 3100
404 3101
404 3102
404 3103
404 3104
403 3105
403 3106
403 3107
403 3108
403 3109
403 3110
403 3111
403 3112
403 3113
403 3114
402 3115
402 3116
402 3117
401 3118
400 3119
400 3120
399 3121
398 3122
398 3123
397 3124
396 3125
395 3126
394 3127
394 3128
393 3129
393 3130
392 3131
392 3132
391 3133
391 3134
390 3135
390 3136
390 3137
390 3138
389 3139
389 3140
389 3141
389 3142
389 3143
389 3144
389 3145
389 3146
389 3147
389 3148
390 3149
390 3150
391 3151
391 3152
392 3153
392 3154
393 3155
393 3156
393 3157
393 3158
393 3159
393 3160
394 3161
394 3162
395 3163
396 3164
396 3165
397 3166
398 3167
398 3168
399 3169
399 3170
399 3171
399 3172
399 3173
399 3174
400 3175
400 3176
401 3177
402 3178
402 3179
403 3179
404 3180
404 3181
405 3181
406 3182
407 3183
408 3184
409 3185
410 3185
411 3186
412 3187
413 3187
414 3188
414 3189
415 3189
416 3190
417 3191
418 3191
419 3192
420 3192
421 3192
422 3192
423 3192
424 3192
425 3192
426 3192
427 3192
428 3192
429 3192
430 3192
431 3192
432 3192
433 3192
434 3192
435 3192
436 3192
437 3192
438 3192
439 3191
440 3191
441 3191
442 3191
443 3190
444 3190
445 3190
446 3190
447 3190
448 3190
449 3190
450 3190
451 3190
452 3190
453 3190
454 3190
455 3190
456 3190
457 3190
458 3190
459 3190
460 3190
461 3190
462 3190
463 3190
464 3190
465 3190
466 3190
467 3191
468 3191
469 3191
470 3191
471 3192
472 3192
473 3193
474 3193
475 3193
476 3193
477 3194
478 3194
479 3195
480 3195
481 3196
482 3196
483 3197
484 3198
485 3199
486 3199
487 3200
488 3200
489 3201
490 3201
491 3202
492 3202
493 3202
494 3202
495 3202
496 3202
497 3202
498 3202
499 3203
500 3203
501 3203
502 3203
503 3204
504 3204
505 3205
506 3205
507 3205
508 3205
509 3206
510 3206
511 3206
512 3206
513 3206
514 3206
515 3206
516 3206
517 3206
518 3206
519 3206
520 3206
521 3206
522 3206
523 3206
524 3206
525 3206
526 3206
527 3206
528 3206
529 3206
530 3206
531 3206
532 3206
533 3206
534 3206
535 3206
536 3206
537 3206
538 3206
539 3206
540 3206
541 3206
542 3206
543 3206
544 3206
545 3206
546 3206
547 3206
548 3206
549 3206
550 3206
551 3206
552 3206
553 3206
554 3206
555 3206
556 3206
557 3206
558 3206
559 3206
560 3206
561 3206
562 3206
563 3206
564 3206
565 3206
566 3206
567 3206
568 3206
569 3206
570 3206
571 3206
572 3206
573 3207
574 3207
575 3207
576 3207
577 3208
578 3208
579 3208
580 3208
581 3208
582 3208
583 3208
584 3208
585 3209
586 3209
587 3209
588 3209
589 3210
590 3210
591 3211
592 3211
593 3211
594 3211
595 3212
596 3212
597 3212
598 3212
599 3212
600 3212
601 3212
602 3212
603 3212
604 3212
605 3212
606 3212
607 3212
608 3212
609 3212
610 3212
611 3212
612 3212
613 3212
614 3212
615 3212
616 3212
617 3212
618 3212
619 3212
620 3212
621 3212
622 3212
623 3212
624 3212
625 3212
626 3212
627 3212
628 3212
629 3212
630 3212
631 3211
632 3211
633 3211
634 3211
635 3210
636 3210
637 3210
638 3210
639 3210
640 3210
641 3210
642 3210
643 3209
644 3209
645 3209
646 3209
647 3208
648 3208
649 3208
650 3208
651 3208
652 3208
653 3208
654 3208
655 3208
656 3208
657 3207
658 3207
659 3206
660 3205
661 3205
661 3204
662 3203
663 3203
663 3202
664 3201
665 3201
665 3200
666 3199
667 3198
668 3197
669 3196
669 3195
670 3194
671 3193
671 3192
672 3191
673 3191
673 3190
674 3189
675 3189
676 3188
677 3187
678 3187
679 3186
680 3186
681 3186
682 3186
683 3186
684 3186
685 3186
686 3186
687 3186
688 3186
689 3185
690 3185
691 3184
692 3184
693 3183
694 3183
695 3182
696 3182
697 3182
698 3182
699 3182
700 3182
701 3181
702 3181
703 3181
704 3181
705 3180
706 3179
707 3178
708 3178
709 3177
710 3177
711 3176
712 3176
713 3175
714 3175
715 3174
716 3173
717 3173
717 3172
718 3171
719 3170
720 3169
721 3168
721 3167
722 3166
722 3165
723 3164
724 3163
725 3162
725 3161
726 3160
727 3159
727 3158
728 3157
729 3157
729 3156
730 3155
731 3154
732 3153
733 3152
733 3151
734 3150
735 3149
735 3148
736 3147
737 3147
737 3146
738 3145
739 3145
739 3144
740 3143
741 3143
741 3142
742 3141
743 3141
743 3140
744 3139
745 3139
745 3138
746 3137
747 3137
747 3136
748 3135
749 3135
749 3134
750 3133
751 3133
751 3132
752 3131
753 3131
753 3130
754 3129
755 3129
756 3128
757 3127
758 3127
759 3126
760 3125
761 3125
762 3125
763 3124
764 3123
765 3122
766 3122
767 3121
768 3121
769 3120
770 3119
771 3119
772 3119
773 3118
774 3117
775 3117
776 3117
777 3116
778 3116
779 3115
780 3115
781 3115
782 3115
783 3114
784 3114
785 3113
786 3113
787 3112
788 3111
789 3110
790 3109
791 3108
791 3107
792 3106
792 3105
793 3104
793 3103
794 3102
794 3101
794 3100
794 3099
794 3098
794 3097
794 3096
794 3095
794 3094
794 3093
794 3092
794 3091
793 3090
793 3089
792 3088
791 3087
791 3086
790 3086
789 3085
789 3084
788 3084
787 3083
787 3082
786 3082
785 3081
785 3080
784 3080
783 3079
783 3078
782 3078
781 3077
780 3076
779 3075
778 3074
777 3074
776 3074
775 3073
774 3072
773 3072
772 3071
771 3071
770 3070
769 3069
768 3068
767 3068
766 3067
765 3066
764 3066
763 3065
762 3064
761 3064
760 3063
759 3063
758 3063
757 3063
756 3062
755 3062
754 3062
753 3061
752 3060
751 3060
750 3060
749 3060
748 3059
747 3059
746 3059
745 3059
744 3059
743 3059
742 3058
741 3058
740 3058
739 3058
738 3057
737 3057
736 3057
735 3057
734 3056
733 3056
732 3055
731 3054
730 3054
729 3053
729 3052
728 3051
727 3050
727 3049
726 3048
726 3047
725 3046
725 3045
725 3044
725 3043
724 3042
723 3041
723 3040
723 3039
722 3038
721 3037
720 3036
719 3035
718 3034
717 3033
716 3032
715 3032
714 3032
713 3032
712 3031
711 3031
710 3032
709 3032
708 3032
707 3032
706 3032
705 3032
704 3032
703 3032
702 3032
701 3032
700 3033
699 3033
698 3034
697 3034
696 3035
695 3035
694 3035
693 3035
692 3034
691 3034
690 3034
689 3033
688 3032
687 3032
686 3031
685 3030
684 3030
683 3029
683 3028
682 3028
681 3027
680 3026
679 3026
678 3025
677 3025
676 3024
675 3024
674 3023
673 3023
672 3022
671 3021
670 3020
669 3020
668 3019
667 3018
666 3018
665 3017
664 3016
663 3016
662 3015
661 3015
660 3014
659 3014
658 3013
657 3013
656 3012
655 3012
654 3011
653 3011
652 3011
651 3011
650 3011
649 3011
648 3011
647 3011
646 3010
645 3010
644 3010
643 3010
642 3009
641 3009
640 3009
639 3009
638 3009
637 3009
636 3008
635 3008
634 3008
633 3007
632 3006
631 3006
630 3006
629 3006
628 3005
627 3005
626 3005
625 3005
624 3005
623 3005
622 3005
621 3005
620 3005
619 3005
618 3004
617 3004
616 3003
615 3002
614 3002
613 3001
612 3000
611 3000
610 2999
609 2999
608 2999
607 2999
606 2999
605 2999
604 2998
603 2998
602 2998
601 2998
600 2997
599 2997
598 2997
597 2997
596 2997
595 2997
594 2997
593 2997
592 2997
591 2997
590 2997
589 2997
588 2997
587 2997
586 2997
585 2997
584 2997
583 2997
582 2997
581 2997
580 2997
579 2997
578 2997
577 2997
576 2997
575 2997
574 2997
573 2997
572 2997
571 2997
570 2997
569 2997
568 2997
567 2997
566 2997
565 2997
564 2997
563 2997
562 2997
561 2997
560 2997
559 2997
558 2997
557 2997
