853 3901
852 3902
851 3902
850 3902
849 3902
848 3903
847 3903
846 3904
845 3904
844 3905
843 3905
842 3906
841 3906
840 3907
839 3907
838 3908
837 3908
836 3908
835 3908
834 3909
833 3909
832 3910
831 3910
830 3910
829 3910
828 3911
827 3912
826 3913
825 3913
824 3914
823 3914
822 3915
821 3916
820 3917
819 3918
818 3918
817 3919
816 3920
815 3920
814 3921
813 3922
812 3923
811 3923
810 3924
809 3924
808 3925
807 3926
806 3926
805 3926
804 3927
803 3928
802 3929
801 3930
800 3931
800 3932
800 3933
800 3934
799 3935
799 3936
799 3937
799 3938
799 3939
799 3940
799 3941
799 3942
799 3943
799 3944
799 3945
799 3946
800 3947
800 3948
800 3949
800 3950
801 3951
801 3952
801 3953
801 3954
801 3955
801 3956
801 3957
801 3958
801 3959
801 3960
802 3961
802 3962
802 3963
802 3964
803 3965
804 3966
804 3967
804 3968
805 3969
806 3970
807 3971
808 3972
808 3973
809 3973
810 3974
811 3975
812 3975
813 3976
814 3976
815 3976
816 3976
817 3976
818 3976
819 3976
820 3976
821 3977
822 3977
823 3977
824 3978
825 3979
826 3979
827 3980
828 3980
829 3981
830 3981
831 3982
832 3982
833 3982
834 3982
835 3982
836 3982
837 3982
838 3982
839 3982
840 3982
841 3982
842 3982
843 3982
844 3982
845 3982
846 3982
847 3983
848 3983
849 3983
850 3983
851 3984
852 3984
853 3984
854 3984
855 3984
856 3984
857 3985
858 3985
859 3985
860 3985
861 3986
862 3986
863 3986
864 3986
865 3986
866 3986
867 3986
868 3986
869 3986
870 3986
871 3986
872 3986
873 3986
874 3986
875 3986
876 3986
877 3986
878 3986
879 3986
880 3986
881 3986
882 3986
883 3986
884 3986
885 3986
886 3986
887 3986
888 3986
889 3986
890 3986
891 3986
892 3986
893 3986
894 3986
895 3986
896 3986
897 3986
898 3986
899 3986
900 3986
901 3986
902 3986
903 3986
904 3986
905 3986
906 3986
907 3986
908 3986
909 3986
910 3986
911 3986
912 3986
913 3986
914 3986
915 3986
916 3986
917 3986
918 3986
919 3986
920 3986
921 3987
922 3987
923 3987
924 3987
925 3988
926 3988
927 3988
928 3988
929 3988
930 3988
931 3988
932 3988
933 3988
934 3988
935 3988
936 3988
937 3988
938 3988
939 3988
940 3988
941 3988
942 3988
943 3987
944 3987
945 3987
946 3987
947 3986
948 3986
949 3986
950 3986
951 3986
952 3986
953 3985
954 3985
955 3985
956 3985
957 3984
958 3984
959 3984
960 3984
961 3984
962 3984
963 3984
964 3984
965 3984
966 3984
967 3984
968 3984
969 3984
970 3984
971 3984
972 3984
973 3983
974 3983
975 3983
976 3983
977 3982
978 3982
979 3981
980 3981
981 3980
982 3980
983 3979
984 3979
985 3978
986 3977
987 3977
988 3977
989 3976
990 3976
991 3976
992 3976
993 3976
994 3976
995 3976
996 3976
997 3975
998 3975
999 3975
1000 3975
1001 3974
1002 3973
1003 3972
1004 3971
1005 3970
1005 3969
1006 3968
1006 3967
1006 3966
1006 3965
1006 3964
1006 3963
1006 3962
1006 3961
1007 3960
1007 3959
1007 3958
1007 3957
1007 3956
1007 3955
1007 3954
1007 3953
1006 3952
1006 3951
1006 3950
1006 3949
1007 3948
1007 3947
1008 3946
1009 3945
1009 3944
1010 3943
1011 3943
1011 3942
1012 3941
1013 3940
1013 3939
1014 3938
1014 3937
1014 3936
1014 3935
1014 3934
1014 3933
1014 3932
1014 3931
1014 3930
1014 3929
1013 3928
1013 3927
1012 3926
1011 3925
1011 3924
1010 3924
1009 3923
1009 3922
1008 3922
1007 3921
1007 3920
1006 3920
1005 3919
1005 3918
1004 3918
1003 3917
1002 3916
1001 3916
1000 3915
999 3915
998 3915
997 3915
996 3915
995 3915
994 3915
993 3915
992 3915
991 3915
990 3915
989 3915
988 3914
987 3914
986 3914
985 3914
984 3913
983 3913
982 3913
981 3913
980 3913
979 3913
978 3913
977 3913
976 3913
975 3913
974 3913
973 3913
972 3913
971 3913
970 3913
969 3913
968 3914
967 3914
966 3914
965 3914
964 3915
963 3915
962 3915
961 3915
960 3914
959 3914
958 3914
957 3914
956 3913
955 3913
954 3912
953 3912
952 3912
951 3912
950 3911
949 3911
948 3911
947 3911
946 3911
945 3911
944 3911
943 3911
942 3911
941 3911
940 3911
939 3911
938 3911
937 3911
936 3911
935 3911
934 3911
933 3911
932 3911
931 3911
930 3911
929 3911
928 3911
927 3911
926 3911
925 3911
924 3911
923 3911
922 3911
921 3911
920 3911
919 3911
918 3911
917 3911
916 3911
915 3911
914 3911
913 3911
912 3911
911 3911
910 3911
909 3911
908 3911
907 3911
906 3911
905 3911
904 3911
903 3911
902 3911
901 3911
900 3911
899 3911
898 3910
897 3910
896 3910
895 3910
894 3909
893 3909
892 3909
891 3909
890 3909
889 3909
888 3909
887 3909
886 3909
885 3909
884 3909
883 3909
882 3909
881 3909
880 3909
879 3909
878 3909
877 3909
876 3909
875 3909
874 3908
873 3908
872 3908
871 3907
870 3906
869 3906
868 3906
867 3905
866 3904
865 3904
864 3903
863 3903
862 3902
861 3902
860 3901
859 3901
858 3901
857 3901
856 3901
855 3901
854 3901
853 3901
