853 1443
852 1444
851 1444
850 1445
849 1446
848 1446
847 1447
846 1448
845 1448
844 1449
843 1450
842 1450
841 1450
840 1451
839 1452
838 1453
837 1453
836 1454
835 1454
834 1455
833 1455
832 1456
831 1456
830 1457
829 1457
828 1458
827 1458
826 1459
825 1459
824 1459
823 1459
822 1459
821 1459
820 1459
819 1459
818 1459
817 1459
816 1458
815 1458
814 1457
813 1456
813 1455
812 1454
812 1453
812 1452
812 1451
811 1450
811 1449
810 1448
809 1448
808 1447
807 1447
806 1447
805 1447
804 1447
803 1447
802 1447
801 1447
800 1447
799 1447
798 1447
797 1447
796 1447
795 1447
794 1447
793 1447
792 1447
791 1447
790 1447
789 1447
788 1447
787 1447
786 1447
785 1447
784 1448
783 1448
782 1448
781 1448
780 1449
779 1449
778 1449
777 1449
776 1450
775 1450
774 1450
773 1450
772 1451
771 1451
770 1452
769 1452
768 1453
767 1453
766 1454
765 1454
764 1455
763 1455
762 1455
761 1455
760 1455
759 1455
758 1454
757 1454
756 1454
755 1454
754 1453
753 1453
752 1453
751 1453
750 1453
749 1453
748 1452
747 1452
746 1452
745 1452
744 1451
743 1451
742 1451
741 1451
740 1451
739 1451
738 1451
737 1451
736 1451
735 1451
734 1452
733 1452
732 1452
731 1452
730 1453
729 1453
728 1453
727 1453
726 1453
725 1453
724 1453
723 1453
722 1453
721 1453
720 1453
719 1453
718 1453
717 1453
716 1453
715 1453
714 1453
713 1453
712 1453
711 1453
710 1453
709 1453
708 1452
707 1452
706 1451
705 1451
704 1450
703 1450
702 1449
701 1449
700 1449
699 1449
698 1449
697 1449
696 1448
695 1448
694 1448
693 1448
692 1447
691 1447
690 1447
689 1447
688 1447
687 1447
686 1447
685 1447
684 1447
683 1447
682 1447
681 1447
680 1447
679 1447
678 1447
677 1447
676 1447
675 1447
674 1448
673 1448
672 1448
671 1448
670 1449
669 1449
668 1449
667 1449
666 1450
665 1450
664 1450
663 1450
662 1451
661 1451
660 1451
659 1451
658 1451
657 1451
656 1451
655 1451
654 1452
653 1452
652 1452
651 1452
650 1453
649 1453
648 1454
647 1454
646 1455
645 1455
644 1456
643 1456
642 1457
641 1457
640 1457
639 1457
638 1457
637 1457
636 1458
635 1458
634 1459
633 1460
632 1460
631 1461
630 1462
629 1462
628 1463
627 1464
626 1464
625 1464
624 1465
623 1466
622 1466
621 1466
620 1467
619 1468
618 1468
617 1468
616 1469
615 1469
614 1470
613 1470
612 1471
611 1472
610 1472
610 1473
609 1474
608 1474
608 1475
607 1476
606 1476
606 1477
605 1478
604 1478
604 1479
603 1480
602 1480
601 1481
600 1482
599 1482
598 1483
597 1484
596 1485
595 1486
594 1486
594 1487
593 1488
592 1489
591 1490
590 1491
590 1492
589 1493
588 1494
588 1495
587 1496
586 1497
585 1498
584 1499
584 1500
583 1501
582 1502
582 1503
581 1504
580 1504
580 1505
579 1506
578 1507
578 1508
577 1509
577 1510
577 1511
577 1512
577 1513
577 1514
577 1515
577 1516
577 1517
577 1518
576 1519
576 1520
575 1521
575 1522
574 1523
574 1524
573 1525
573 1526
572 1527
572 1528
572 1529
571 1530
570 1531
570 1532
570 1533
570 1534
569 1535
569 1536
569 1537
569 1538
569 1539
569 1540
568 1541
568 1542
567 1543
566 1544
566 1545
565 1546
564 1547
564 1548
563 1549
563 1550
562 1551
562 1552
562 1553
562 1554
561 1555
561 1556
561 1557
561 1558
561 1559
561 1560
560 1561
560 1562
559 1563
559 1564
558 1565
558 1566
557 1567
557 1568
556 1569
556 1570
556 1571
556 1572
555 1573
555 1574
555 1575
555 1576
555 1577
555 1578
555 1579
555 1580
555 1581
555 1582
555 1583
555 1584
555 1585
555 1586
556 1587
556 1588
556 1589
556 1590
557 1591
557 1592
557 1593
557 1594
558 1595
558 1596
558 1597
558 1598
559 1599
559 1600
559 1601
559 1602
560 1603
560 1604
561 1605
562 1606
563 1607
564 1607
565 1607
566 1607
567 1608
568 1608
569 1608
570 1608
571 1609
572 1609
573 1609
574 1610
575 1611
576 1611
577 1612
578 1613
579 1613
580 1614
581 1615
582 1616
583 1617
584 1617
585 1617
586 1618
587 1619
588 1619
589 1620
590 1621
591 1621
592 1622
593 1623
594 1624
595 1625
596 1625
597 1626
598 1626
599 1627
600 1628
601 1629
602 1629
603 1630
604 1630
605 1631
606 1632
607 1633
608 1633
609 1633
610 1634
611 1635
612 1635
613 1636
614 1637
615 1637
616 1638
616 1639
617 1639
618 1640
618 1641
619 1641
620 1642
620 1643
621 1643
622 1644
622 1645
623 1645
624 1646
624 1647
625 1647
626 1648
626 1649
627 1649
628 1650
628 1651
629 1651
630 1652
631 1653
632 1653
633 1654
634 1654
635 1654
636 1654
637 1654
638 1654
639 1655
640 1655
641 1655
642 1655
643 1656
644 1656
645 1657
646 1657
647 1657
648 1657
649 1658
650 1658
651 1658
652 1658
653 1659
654 1659
655 1659
656 1659
657 1660
658 1660
659 1660
660 1660
661 1660
662 1660
663 1660
664 1660
665 1660
666 1660
667 1661
668 1661
669 1661
670 1661
671 1662
672 1662
673 1662
674 1662
675 1662
676 1662
677 1662
678 1662
679 1662
680 1662
681 1662
682 1662
683 1662
684 1662
685 1662
686 1662
687 1662
688 1662
689 1662
690 1662
691 1662
692 1662
693 1662
694 1662
695 1662
696 1662
697 1662
698 1662
699 1662
700 1662
701 1662
702 1662
703 1662
704 1662
705 1662
706 1662
707 1662
708 1662
709 1662
710 1662
711 1662
712 1662
713 1662
714 1662
715 1662
716 1662
717 1661
718 1661
719 1661
720 1661
721 1660
722 1660
723 1660
724 1660
725 1660
726 1660
727 1660
728 1660
729 1660
730 1660
731 1660
732 1660
733 1659
734 1659
735 1659
736 1659
737 1658
738 1658
739 1658
740 1658
741 1657
742 1657
743 1657
744 1657
745 1656
746 1656
747 1656
748 1656
749 1656
750 1656
751 1655
752 1655
753 1655
754 1655
755 1654
756 1654
757 1654
758 1654
759 1654
760 1654
761 1654
762 1654
763 1654
764 1654
765 1654
766 1654
767 1654
768 1654
769 1653
770 1653
771 1653
772 1653
773 1652
774 1652
775 1652
776 1652
777 1652
778 1652
779 1652
780 1652
781 1652
782 1652
783 1652
784 1652
785 1652
786 1652
787 1652
788 1652
789 1652
790 1652
791 1652
792 1652
793 1652
794 1652
795 1652
796 1652
797 1652
798 1652
799 1651
800 1651
801 1651
802 1651
803 1650
804 1650
805 1650
806 1650
807 1650
808 1650
809 1650
810 1650
811 1650
812 1650
813 1650
814 1650
815 1650
816 1650
817 1650
818 1650
819 1650
820 1650
821 1650
822 1650
823 1650
824 1650
825 1650
826 1650
827 1650
828 1650
829 1650
830 1650
831 1650
832 1650
833 1650
834 1650
835 1650
836 1650
837 1650
838 1650
839 1650
840 1650
841 1649
842 1649
843 1649
844 1649
845 1648
846 1648
847 1648
848 1648
849 1648
850 1648
851 1648
852 1648
853 1647
854 1647
855 1647
856 1647
857 1646
858 1645
859 1645
860 1645
861 1644
862 1644
863 1644
864 1644
865 1643
866 1643
867 1642
868 1642
869 1641
870 1641
871 1640
872 1640
873 1640
874 1640
875 1640
876 1640
877 1639
878 1639
879 1639
880 1639
881 1638
882 1638
883 1638
884 1638
885 1638
886 1638
887 1638
888 1638
889 1638
890 1638
891 1638
892 1638
893 1638
894 1638
895 1639
896 1639
897 1639
898 1639
899 1640
900 1640
901 1640
902 1640
903 1640
904 1640
905 1639
906 1639
907 1639
908 1639
909 1638
910 1638
911 1638
912 1638
913 1638
914 1638
915 1638
916 1638
917 1637
918 1637
919 1637
920 1637
921 1636
922 1635
923 1635
924 1635
925 1634
926 1634
927 1633
928 1633
929 1632
930 1631
931 1631
931 1630
932 1629
933 1629
934 1628
935 1627
936 1627
937 1626
938 1625
939 1625
940 1625
941 1624
942 1623
943 1623
944 1623
945 1622
946 1622
947 1621
948 1621
949 1621
950 1621
951 1620
952 1620
953 1621
954 1621
955 1621
956 1622
957 1623
958 1623
959 1623
960 1624
961 1625
962 1625
963 1625
964 1625
965 1626
966 1626
967 1626
968 1626
969 1626
970 1626
971 1626
972 1626
973 1626
974 1626
975 1626
976 1626
977 1626
978 1626
979 1626
980 1626
981 1626
982 1626
983 1626
984 1626
985 1626
986 1626
987 1626
988 1626
989 1625
990 1625
991 1625
992 1625
993 1624
994 1624
995 1623
996 1623
997 1622
998 1621
999 1621
999 1620
1000 1619
1001 1619
1002 1618
1003 1617
1004 1617
1005 1616
1006 1616
1007 1616
1008 1616
1009 1616
1010 1616
1011 1616
1012 1616
1013 1616
1014 1616
1015 1616
1016 1616
1017 1616
1018 1616
1019 1617
1020 1617
1021 1617
1022 1617
1023 1618
1024 1618
1025 1619
1026 1619
1027 1619
1028 1619
1029 1620
1030 1620
1031 1619
1032 1619
1033 1619
1034 1619
1035 1618
1036 1618
1037 1617
1038 1617
1039 1617
1040 1617
1041 1616
1042 1615
1043 1615
1044 1615
1045 1614
1046 1613
1047 1612
1048 1611
1049 1611
1050 1610
1051 1609
1052 1609
1053 1608
1054 1608
1055 1608
1056 1608
1057 1608
1058 1608
1059 1607
1060 1607
1061 1607
1062 1607
1063 1606
1064 1606
1065 1606
1066 1606
1067 1605
1068 1605
1069 1605
1070 1605
1071 1604
1072 1604
1073 1604
1074 1604
1075 1604
1076 1604
1077 1604
1078 1604
1079 1604
1080 1604
1081 1603
1082 1603
1083 1603
1084 1603
1085 1602
1086 1602
1087 1602
1088 1602
1089 1602
1090 1602
1091 1602
1092 1602
1093 1601
1094 1601
1095 1600
1096 1600
1097 1599
1098 1599
1099 1598
1100 1598
1101 1598
1102 1598
1103 1598
1104 1598
1105 1598
1106 1598
1107 1598
1108 1598
1109 1598
1110 1598
1111 1598
1112 1598
1113 1597
1114 1597
1115 1596
1116 1595
1117 1595
1118 1594
1119 1593
1120 1593
1121 1592
1122 1591
1123 1590
1124 1590
1125 1589
1126 1589
1127 1588
1128 1587
1129 1586
1130 1585
1131 1585
1131 1584
1132 1583
1133 1582
1134 1581
1135 1580
1135 1579
1136 1578
1137 1577
1137 1576
1138 1575
1139 1575
1139 1574
1140 1573
1141 1573
1141 1572
1142 1571
1143 1570
1143 1569
1144 1568
1144 1567
1145 1566
1145 1565
1146 1564
1146 1563
1147 1562
1148 1561
1149 1560
1149 1559
1149 1558
1149 1557
1150 1556
1150 1555
1150 1554
1150 1553
1150 1552
1150 1551
1151 1550
1151 1549
1151 1548
1152 1547
1153 1546
1153 1545
1153 1544
1153 1543
1154 1542
1154 1541
1154 1540
1154 1539
1154 1538
1154 1537
1154 1536
1154 1535
1154 1534
1154 1533
1153 1532
1153 1531
1153 1530
1153 1529
1152 1528
1152 1527
1151 1526
1151 1525
1151 1524
1151 1523
1150 1522
1150 1521
1150 1520
1150 1519
1150 1518
1150 1517
1150 1516
1150 1515
1150 1514
1150 1513
1149 1512
1149 1511
1148 1510
1147 1509
1147 1508
1146 1508
1145 1507
1145 1506
1144 1506
1143 1505
1143 1504
1142 1504
1141 1503
1141 1502
1140 1502
1139 1501
1139 1500
1138 1500
1137 1499
1137 1498
1136 1498
1135 1497
1135 1496
1134 1496
1133 1495
1132 1494
1131 1493
1130 1492
1129 1492
1128 1492
1127 1491
1126 1490
1125 1490
1124 1489
1123 1489
1122 1488
1121 1487
1120 1486
1119 1486
1118 1485
1117 1485
1116 1484
1115 1483
1114 1482
1113 1482
1112 1482
1111 1481
1110 1480
1109 1480
1108 1480
1107 1480
1106 1479
1105 1479
1104 1478
1103 1478
1102 1477
1101 1477
1100 1476
1099 1475
1098 1474
1097 1474
1096 1474
1095 1474
1094 1473
1093 1473
1092 1472
1091 1472
1090 1471
1089 1471
1088 1470
1087 1470
1086 1469
1085 1469
1084 1468
1083 1468
1082 1467
1081 1467
1080 1466
1079 1466
1078 1465
1077 1465
1076 1465
1075 1465
1074 1465
1073 1465
1072 1464
1071 1464
1070 1464
1069 1463
1068 1462
1067 1462
1066 1462
1065 1462
1064 1461
1063 1461
1062 1461
1061 1461
1060 1461
1059 1461
1058 1460
1057 1460
1056 1460
1055 1460
1054 1459
1053 1459
1052 1459
1051 1459
1050 1459
1049 1459
1048 1459
1047 1459
1046 1459
1045 1459
1044 1459
1043 1459
1042 1459
1041 1459
1040 1459
1039 1459
1038 1459
1037 1459
1036 1459
1035 1459
1034 1459
1033 1459
1032 1459
1031 1459
1030 1459
1029 1459
1028 1459
1027 1459
1026 1459
1025 1459
1024 1459
1023 1459
1022 1459
1021 1459
1020 1458
1019 1458
1018 1458
1017 1458
1016 1457
1015 1457
1014 1456
1013 1456
1012 1456
1011 1456
1010 1455
1009 1455
1008 1455
1007 1455
1006 1455
1005 1455
1004 1455
1003 1455
1002 1455
1001 1455
1000 1455
999 1455
998 1455
997 1455
996 1455
995 1455
994 1455
993 1455
992 1455
991 1455
990 1455
989 1455
988 1455
987 1455
986 1454
985 1454
984 1454
983 1454
982 1453
981 1453
980 1453
979 1453
978 1453
977 1453
976 1453
975 1453
974 1453
973 1453
972 1453
971 1453
970 1453
969 1453
968 1453
967 1453
966 1453
965 1453
964 1453
963 1453
962 1453
961 1453
960 1453
959 1453
958 1452
957 1452
956 1452
955 1452
954 1451
953 1451
952 1451
951 1451
950 1451
949 1451
948 1451
947 1451
946 1451
945 1451
944 1451
943 1451
942 1451
941 1451
940 1451
939 1451
938 1450
937 1450
936 1450
935 1450
934 1449
933 1449
932 1449
931 1449
930 1449
929 1449
928 1448
927 1448
926 1448
925 1448
924 1447
923 1447
922 1447
921 1447
920 1447
919 1447
918 1447
917 1447
916 1447
915 1447
914 1447
913 1447
912 1447
911 1447
910 1447
909 1447
908 1446
907 1446
906 1446
905 1446
904 1445
903 1445
902 1446
901 1446
900 1446
899 1446
898 1447
897 1447
896 1447
895 1447
894 1447
893 1447
892 1447
891 1447
890 1446
889 1446
888 1446
887 1446
886 1445
885 1445
884 1445
883 1445
882 1445
881 1445
880 1445
879 1445
878 1445
877 1445
876 1444
875 1444
874 1444
873 1444
872 1443
871 1443
870 1443
869 1443
868 1443
867 1443
866 1443
865 1443
864 1443
863 1443
862 1443
861 1443
860 1443
859 1443
858 1443
857 1443
856 1443
855 1443
854 1443
853 1443
