731 2112
730 2113
729 2114
728 2115
727 2115
726 2115
725 2115
724 2115
723 2115
722 2115
721 2115
720 2115
719 2115
718 2115
717 2115
716 2115
715 2115
714 2115
713 2115
712 2115
711 2115
710 2115
709 2115
708 2115
707 2115
706 2115
705 2115
704 2115
703 2115
702 2115
701 2115
700 2115
699 2115
698 2115
697 2115
696 2115
695 2115
694 2116
693 2116
692 2116
691 2116
690 2117
689 2118
688 2118
687 2118
686 2119
685 2120
684 2120
683 2120
682 2121
681 2121
680 2121
679 2121
678 2121
677 2121
676 2121
675 2121
674 2122
673 2122
672 2123
671 2124
670 2124
670 2125
669 2126
668 2127
667 2128
666 2129
666 2130
666 2131
666 2132
665 2133
665 2134
665 2135
665 2136
665 2137
665 2138
664 2139
664 2140
664 2141
664 2142
663 2143
663 2144
663 2145
663 2146
663 2147
663 2148
662 2149
662 2150
661 2151
661 2152
660 2153
660 2154
659 2155
659 2156
659 2157
659 2158
659 2159
659 2160
658 2161
658 2162
657 2163
656 2164
656 2165
655 2166
654 2167
654 2168
654 2169
654 2170
655 2171
656 2172
656 2173
657 2173
658 2174
658 2175
659 2176
660 2177
660 2178
661 2179
661 2180
662 2181
662 2182
663 2183
664 2184
664 2185
665 2185
666 2186
667 2187
668 2187
669 2188
670 2188
671 2188
672 2188
673 2188
674 2188
675 2188
676 2188
677 2188
678 2188
679 2188
680 2188
681 2188
682 2188
683 2188
684 2188
685 2188
686 2188
687 2188
688 2188
689 2188
690 2188
691 2187
692 2187
693 2187
694 2187
695 2186
696 2186
697 2187
698 2187
699 2187
700 2188
701 2189
702 2189
703 2190
704 2190
705 2191
706 2191
707 2192
708 2192
709 2192
710 2192
711 2192
712 2192
713 2192
714 2192
715 2193
716 2193
717 2193
718 2193
719 2194
720 2194
721 2194
722 2194
723 2194
724 2194
725 2194
726 2194
727 2194
728 2194
729 2195
730 2195
731 2195
732 2195
733 2196
734 2196
735 2196
736 2196
737 2196
738 2196
739 2196
740 2196
741 2197
742 2197
743 2197
744 2198
745 2199
746 2199
747 2199
748 2199
749 2200
750 2200
751 2201
752 2201
753 2201
754 2201
755 2202
756 2202
757 2202
758 2202
759 2201
760 2201
761 2201
762 2201
763 2200
764 2200
765 2200
766 2200
767 2201
768 2201
769 2202
770 2203
771 2203
772 2204
773 2205
774 2205
775 2206
776 2206
777 2206
778 2206
779 2207
780 2207
781 2207
782 2208
783 2209
784 2209
785 2209
786 2209
787 2210
788 2210
789 2210
790 2210
791 2210
792 2210
793 2210
794 2210
795 2211
796 2211
797 2211
798 2211
799 2212
800 2212
801 2212
802 2212
803 2212
804 2212
805 2212
806 2212
807 2212
808 2212
809 2212
810 2212
811 2212
812 2212
813 2212
814 2212
815 2212
816 2212
817 2213
818 2213
819 2213
820 2214
821 2215
822 2215
823 2215
824 2215
825 2216
826 2216
827 2216
828 2216
829 2216
830 2216
831 2216
832 2216
833 2216
834 2216
835 2216
836 2216
837 2216
838 2216
839 2216
840 2216
841 2216
842 2216
843 2216
844 2216
845 2216
846 2216
847 2215
848 2215
849 2215
850 2215
851 2214
852 2214
853 2213
854 2213
855 2213
856 2213
857 2212
858 2212
859 2212
860 2212
861 2211
862 2211
863 2211
864 2211
865 2210
866 2210
867 2209
868 2209
869 2209
870 2209
871 2208
872 2208
873 2208
874 2208
875 2208
876 2208
877 2207
878 2207
879 2207
880 2207
881 2206
882 2206
883 2206
884 2206
885 2206
886 2206
887 2205
888 2205
889 2204
890 2204
891 2203
892 2203
893 2202
894 2202
895 2202
896 2202
897 2202
898 2202
899 2202
900 2202
901 2202
902 2202
903 2201
904 2201
905 2200
906 2199
907 2198
907 2197
908 2196
909 2195
909 2194
910 2193
911 2193
911 2192
912 2191
913 2191
913 2190
914 2189
915 2189
915 2188
916 2187
917 2187
917 2186
918 2185
919 2185
919 2184
920 2183
921 2182
922 2181
923 2180
923 2179
924 2178
925 2177
925 2176
926 2175
927 2175
927 2174
928 2173
929 2173
929 2172
930 2171
931 2171
931 2170
932 2169
933 2169
933 2168
934 2167
935 2166
936 2165
937 2164
937 2163
937 2162
938 2161
939 2160
939 2159
939 2158
940 2157
941 2156
941 2155
941 2154
941 2153
942 2152
942 2151
942 2150
942 2149
942 2148
942 2147
942 2146
942 2145
942 2144
942 2143
942 2142
942 2141
941 2140
941 2139
940 2138
939 2137
938 2136
937 2136
936 2135
935 2135
934 2135
933 2135
932 2134
931 2134
930 2134
929 2133
928 2132
927 2132
926 2132
925 2131
924 2130
923 2130
922 2130
921 2130
920 2129
919 2129
918 2129
917 2129
916 2128
915 2128
914 2128
913 2127
912 2126
911 2126
910 2126
909 2126
908 2125
907 2125
906 2124
905 2124
904 2124
903 2124
902 2123
901 2123
900 2122
899 2122
898 2122
897 2122
896 2121
895 2121
894 2121
893 2121
892 2121
891 2121
890 2121
889 2121
888 2121
887 2121
886 2121
885 2121
884 2121
883 2121
882 2121
881 2121
880 2121
879 2121
878 2121
877 2121
876 2121
875 2121
874 2121
873 2121
872 2121
871 2121
870 2121
869 2121
868 2121
867 2121
866 2121
865 2121
864 2121
863 2121
862 2121
861 2121
860 2121
859 2121
858 2121
857 2121
856 2121
855 2121
854 2121
853 2121
852 2121
851 2121
850 2121
849 2121
848 2121
847 2121
846 2121
845 2121
844 2121
843 2121
842 2121
841 2121
840 2121
839 2121
838 2121
837 2121
836 2121
835 2121
834 2121
833 2121
832 2121
831 2121
830 2121
829 2121
828 2121
827 2121
826 2120
825 2120
824 2120
823 2120
822 2119
821 2119
820 2119
819 2119
818 2119
817 2119
816 2119
815 2119
814 2119
813 2119
812 2119
811 2119
810 2119
809 2119
808 2119
807 2119
806 2119
805 2119
804 2118
803 2118
802 2118
801 2118
800 2117
799 2117
798 2117
797 2117
796 2117
795 2117
794 2117
793 2117
792 2117
791 2117
790 2117
789 2117
788 2117
787 2117
786 2117
785 2117
784 2117
783 2117
782 2117
781 2117
780 2117
779 2117
778 2117
777 2117
776 2116
775 2116
774 2116
773 2116
772 2115
771 2115
770 2115
769 2115
768 2115
767 2115
766 2115
765 2115
764 2115
763 2115
762 2115
761 2115
760 2114
760 2113
760 2112
759 2112
758 2112
757 2112
756 2112
755 2112
754 2112
753 2112
752 2112
751 2112
750 2112
749 2112
748 2112
747 2112
746 2112
745 2112
744 2112
743 2112
742 2112
741 2112
740 2112
739 2112
738 2112
737 2112
736 2112
735 2112
734 2112
733 2112
732 2112
731 2112
