431 2909
430 2910
429 2910
428 2911
427 2911
426 2912
425 2912
424 2913
423 2913
422 2913
421 2913
420 2914
419 2914
418 2914
417 2914
416 2915
415 2916
414 2917
413 2917
412 2918
411 2918
410 2919
409 2920
408 2921
407 2922
406 2922
406 2923
405 2924
404 2925
403 2926
402 2927
402 2928
402 2929
402 2930
401 2931
401 2932
401 2933
401 2934
402 2935
402 2936
402 2937
402 2938
403 2939
404 2940
404 2941
404 2942
405 2943
406 2944
406 2945
406 2946
407 2947
408 2948
409 2949
409 2950
410 2951
410 2952
411 2953
412 2954
413 2955
414 2956
415 2957
416 2958
417 2959
418 2959
419 2960
420 2960
421 2961
422 2962
423 2963
424 2963
425 2964
426 2965
427 2966
428 2967
428 2968
429 2969
430 2970
430 2971
430 2972
431 2973
432 2974
432 2975
432 2976
433 2977
433 2978
433 2979
433 2980
433 2981
433 2982
433 2983
433 2984
434 2985
434 2986
435 2987
436 2988
437 2989
438 2989
439 2989
440 2989
441 2990
442 2990
443 2991
444 2991
445 2991
446 2991
447 2992
448 2992
449 2993
450 2993
451 2993
452 2994
453 2995
454 2995
455 2995
456 2995
457 2996
458 2996
459 2997
460 2997
461 2997
462 2997
463 2998
464 2998
465 2998
466 2998
467 2998
468 2998
469 2997
470 2997
471 2997
472 2997
473 2996
474 2995
475 2995
476 2995
477 2994
478 2994
479 2994
480 2994
481 2994
482 2994
483 2994
484 2994
485 2994
486 2994
487 2994
488 2994
489 2993
490 2993
491 2992
492 2991
493 2991
494 2990
495 2989
496 2989
497 2988
498 2988
499 2988
500 2988
501 2988
502 2988
503 2988
504 2988
505 2988
506 2988
507 2988
508 2988
509 2987
510 2987
511 2987
512 2987
513 2986
514 2986
515 2985
516 2985
517 2985
518 2985
519 2984
520 2984
521 2984
522 2984
523 2985
524 2985
525 2985
526 2985
527 2986
528 2986
529 2986
530 2986
531 2987
532 2987
533 2987
534 2987
535 2988
536 2988
537 2989
538 2989
539 2989
540 2989
541 2990
542 2990
543 2990
544 2990
545 2990
546 2990
547 2991
548 2991
549 2991
550 2992
551 2993
552 2993
553 2993
554 2993
555 2994
556 2994
557 2994
558 2994
559 2994
560 2994
561 2994
562 2994
563 2994
564 2994
565 2994
566 2994
567 2994
568 2994
569 2994
570 2994
571 2994
572 2994
573 2994
574 2994
575 2994
576 2994
577 2994
578 2994
579 2994
580 2994
581 2994
582 2994
583 2994
584 2994
585 2994
586 2994
587 2994
588 2994
589 2995
590 2995
591 2995
592 2995
593 2996
594 2996
595 2996
596 2996
597 2996
598 2996
599 2996
600 2996
601 2997
602 2997
603 2997
604 2997
605 2998
606 2998
607 2998
608 2998
609 2998
610 2998
611 2998
612 2998
613 2998
614 2998
615 2998
616 2998
617 2998
618 2998
619 2998
620 2998
621 2998
622 2998
623 2998
624 2998
625 2998
626 2998
627 2997
628 2997
629 2997
630 2997
631 2996
632 2996
633 2996
634 2996
635 2996
636 2996
637 2995
638 2995
639 2994
640 2993
641 2993
641 2992
642 2991
643 2990
643 2989
644 2988
644 2987
644 2986
644 2985
645 2984
645 2983
646 2982
647 2981
647 2980
648 2979
649 2979
649 2978
650 2977
651 2977
652 2976
653 2975
654 2975
655 2974
656 2973
657 2973
658 2973
659 2972
660 2972
661 2971
662 2971
663 2971
664 2970
665 2969
666 2968
666 2967
666 2966
666 2965
666 2964
666 2963
666 2962
666 2961
665 2960
665 2959
665 2958
665 2957
664 2956
664 2955
664 2954
664 2953
664 2952
664 2951
664 2950
664 2949
664 2948
664 2947
664 2946
664 2945
664 2944
664 2943
664 2942
664 2941
664 2940
664 2939
664 2938
664 2937
664 2936
664 2935
663 2934
663 2933
662 2932
661 2931
660 2930
659 2929
658 2928
657 2928
656 2927
655 2926
654 2926
653 2925
652 2924
651 2924
650 2923
649 2923
648 2922
647 2922
646 2922
645 2922
644 2921
643 2921
642 2921
641 2921
640 2921
639 2921
638 2922
637 2922
636 2922
635 2922
634 2923
633 2923
632 2924
631 2924
630 2925
629 2926
628 2926
628 2927
627 2928
626 2928
625 2929
624 2930
623 2930
622 2931
621 2931
620 2931
619 2931
618 2931
617 2931
616 2931
615 2931
614 2930
613 2930
612 2930
611 2929
610 2928
609 2928
608 2927
607 2927
606 2926
605 2925
604 2924
603 2924
602 2924
601 2923
600 2922
599 2922
598 2922
597 2922
596 2921
595 2921
594 2921
593 2921
592 2920
591 2920
590 2920
589 2919
588 2918
587 2918
586 2918
585 2917
584 2916
583 2916
582 2916
581 2916
580 2915
579 2915
578 2914
577 2914
576 2914
575 2914
574 2913
573 2913
572 2913
571 2913
570 2913
569 2913
568 2913
567 2913
566 2913
565 2913
564 2913
563 2913
562 2913
561 2913
560 2913
559 2913
558 2913
557 2913
556 2913
555 2913
554 2913
553 2913
552 2913
551 2913
550 2913
549 2913
548 2913
547 2913
546 2913
545 2913
544 2913
543 2913
542 2913
541 2913
540 2913
539 2913
538 2913
537 2913
536 2913
535 2913
534 2913
533 2913
532 2913
531 2913
530 2913
529 2913
528 2913
527 2913
526 2913
525 2913
524 2913
523 2913
522 2913
521 2913
520 2913
519 2913
518 2913
517 2913
516 2913
515 2913
514 2913
513 2913
512 2913
511 2913
510 2913
509 2913
508 2913
507 2913
506 2913
505 2913
504 2913
503 2913
502 2913
501 2913
500 2913
499 2913
498 2913
497 2913
496 2913
495 2913
494 2913
493 2913
492 2913
491 2913
490 2913
489 2913
488 2914
487 2914
486 2914
485 2914
484 2915
483 2915
482 2915
481 2915
480 2915
479 2915
478 2914
477 2914
476 2914
475 2914
474 2913
473 2913
472 2913
471 2913
470 2913
469 2913
468 2913
467 2913
466 2913
465 2913
464 2913
463 2913
462 2913
461 2913
460 2913
459 2913
458 2913
457 2913
456 2913
455 2913
454 2913
453 2913
452 2913
451 2913
450 2912
449 2912
448 2912
447 2912
446 2911
445 2911
444 2911
443 2911
442 2910
441 2910
440 2910
439 2910
438 2909
437 2909
436 2909
435 2909
434 2909
433 2909
432 2909
431 2909
