1469 2355
1468 2356
1467 2356
1466 2356
1465 2356
1464 2357
1463 2357
1462 2357
1461 2357
1460 2357
1459 2357
1458 2357
1457 2357
1456 2357
1455 2357
1454 2357
1453 2357
1452 2357
1451 2357
1450 2357
1449 2357
1448 2357
1447 2357
1446 2357
1445 2357
1444 2358
1443 2358
1442 2358
1441 2358
1440 2359
1439 2359
1438 2359
1437 2359
1436 2359
1435 2359
1434 2360
1433 2360
1432 2361
1431 2361
1430 2362
1429 2362
1428 2363
1427 2363
1426 2363
1425 2363
1424 2363
1423 2363
1422 2364
1421 2364
1420 2365
1419 2365
1418 2366
1417 2366
1416 2367
1415 2367
1414 2367
1413 2367
1412 2367
1411 2367
1410 2368
1409 2368
1408 2368
1407 2368
1406 2369
1405 2369
1404 2370
1403 2370
1402 2371
1401 2372
1400 2372
1399 2373
1398 2374
1397 2374
1396 2375
1395 2375
1394 2375
1393 2375
1392 2375
1391 2375
1390 2376
1389 2376
1388 2377
1387 2378
1386 2378
1385 2379
1384 2380
1383 2380
1382 2381
1381 2381
1380 2382
1379 2382
1378 2383
1377 2384
1376 2384
1376 2385
1375 2386
1374 2387
1374 2388
1373 2389
1373 2390
1372 2391
1372 2392
1372 2393
1372 2394
1371 2395
1371 2396
1370 2397
1370 2398
1370 2399
1370 2400
1369 2401
1369 2402
1369 2403
1369 2404
1368 2405
1368 2406
1368 2407
1368 2408
1367 2409
1367 2410
1367 2411
1367 2412
1366 2413
1366 2414
1366 2415
1366 2416
1365 2417
1365 2418
1364 2419
1364 2420
1364 2421
1364 2422
1363 2423
1363 2424
1362 2425
1362 2426
1362 2427
1361 2428
1360 2429
1360 2430
1360 2431
1360 2432
1359 2433
1359 2434
1359 2435
1359 2436
1359 2437
1359 2438
1359 2439
1359 2440
1359 2441
1359 2442
1359 2443
1359 2444
1360 2445
1360 2446
1361 2447
1361 2448
1362 2449
1362 2450
1363 2451
1364 2452
1365 2453
1366 2454
1366 2455
1367 2455
1368 2456
1368 2457
1369 2457
1370 2458
1370 2459
1371 2459
1372 2460
1372 2461
1373 2461
1374 2462
1374 2463
1375 2463
1376 2464
1377 2465
1378 2466
1379 2467
1380 2467
1381 2468
1382 2469
1383 2469
1384 2470
1384 2471
1385 2471
1386 2472
1386 2473
1387 2473
1388 2474
1388 2475
1389 2475
1390 2476
1390 2477
1391 2477
1392 2478
1392 2479
1393 2479
1394 2480
1394 2481
1395 2481
1396 2482
1396 2483
1397 2483
1398 2484
1399 2485
1400 2485
1401 2486
1402 2486
1403 2486
1404 2486
1405 2486
1406 2486
1407 2486
1408 2486
1409 2486
1410 2486
1411 2486
1412 2486
1413 2485
1414 2485
1415 2485
1416 2485
1417 2484
1418 2484
1419 2484
1420 2484
1421 2484
1422 2484
1423 2485
1424 2485
1425 2485
1426 2485
1427 2486
1428 2486
1429 2486
1430 2486
1431 2486
1432 2486
1433 2486
1434 2486
1435 2486
1436 2486
1437 2486
1438 2486
1439 2486
1440 2486
1441 2486
1442 2486
1443 2487
1444 2487
1445 2487
1446 2487
1447 2488
1448 2488
1449 2488
1450 2488
1451 2488
1452 2488
1453 2488
1454 2488
1455 2488
1456 2488
1457 2488
1458 2488
1459 2488
1460 2488
1461 2488
1462 2488
1463 2488
1464 2488
1465 2488
1466 2488
1467 2489
1468 2489
1469 2489
1470 2489
1471 2490
1472 2490
1473 2490
1474 2490
1475 2490
1476 2490
1477 2490
1478 2490
1479 2490
1480 2490
1481 2490
1482 2490
1483 2490
1484 2490
1485 2490
1486 2490
1487 2490
1488 2490
1489 2490
1490 2490
1491 2490
1492 2490
1493 2490
1494 2490
1495 2490
1496 2490
1497 2490
1498 2490
1499 2490
1500 2490
1501 2491
1502 2491
1503 2491
1504 2491
1505 2492
1506 2492
1507 2492
1508 2492
1509 2492
1510 2492
1511 2492
1512 2492
1513 2492
1514 2492
1515 2492
1516 2492
1517 2492
1518 2492
1519 2492
1520 2492
1521 2492
1522 2492
1523 2492
1524 2492
1525 2492
1526 2492
1527 2492
1528 2492
1529 2493
1530 2493
1531 2494
1532 2494
1533 2495
1534 2495
1535 2496
1536 2496
1537 2496
1538 2496
1539 2496
1540 2496
1541 2496
1542 2496
1543 2496
1544 2496
1545 2497
1546 2497
1547 2497
1548 2497
1549 2498
1550 2498
1551 2498
1552 2498
1553 2499
1554 2499
1555 2499
1556 2499
1557 2500
1558 2500
1559 2500
1560 2500
1561 2500
1562 2500
1563 2501
1564 2501
1565 2501
1566 2501
1567 2502
1568 2502
1569 2503
1570 2503
1571 2503
1572 2503
1573 2504
1574 2504
1575 2504
1576 2504
1577 2505
1578 2505
1579 2505
1580 2505
1581 2506
1582 2506
1583 2506
1584 2506
1585 2506
1586 2506
1587 2506
1588 2506
1589 2507
1590 2507
1591 2507
1592 2507
1593 2508
1594 2508
1595 2508
1596 2508
1597 2508
1598 2508
1599 2508
1600 2508
1601 2508
1602 2508
1603 2508
1604 2508
1605 2508
1606 2508
1607 2508
1608 2508
1609 2508
1610 2508
1611 2508
1612 2508
1613 2508
1614 2508
1615 2507
1616 2507
1617 2506
1618 2505
1619 2505
1619 2504
1620 2503
1621 2503
1622 2502
1623 2501
1624 2501
1625 2500
1626 2499
1627 2498
1628 2497
1629 2496
1630 2495
1631 2494
1631 2493
1632 2492
1633 2491
1633 2490
1634 2489
1635 2489
1635 2488
1636 2487
1637 2487
1638 2486
1639 2485
1640 2485
1641 2484
1642 2483
1643 2483
1644 2483
1645 2482
1646 2481
1647 2481
1648 2481
1649 2480
1650 2479
1651 2478
1652 2477
1653 2476
1654 2475
1655 2474
1655 2473
1656 2472
1657 2471
1657 2470
1658 2469
1659 2469
1659 2468
1660 2467
1661 2467
1661 2466
1662 2465
1663 2464
1664 2463
1665 2462
1665 2461
1665 2460
1665 2459
1666 2458
1666 2457
1667 2456
1667 2455
1668 2454
1668 2453
1669 2452
1670 2451
1671 2450
1671 2449
1671 2448
1672 2447
1673 2446
1673 2445
1674 2444
1675 2443
1675 2442
1676 2441
1677 2441
1677 2440
1678 2439
1679 2438
1680 2437
1681 2436
1681 2435
1682 2434
1683 2433
1683 2432
1684 2431
1685 2431
1685 2430
1686 2429
1687 2428
1687 2427
1688 2426
1688 2425
1688 2424
1688 2423
1688 2422
1688 2421
1688 2420
1688 2419
1688 2418
1688 2417
1688 2416
1688 2415
1688 2414
1688 2413
1688 2412
1688 2411
1688 2410
1688 2409
1687 2408
1687 2407
1687 2406
1687 2405
1686 2404
1686 2403
1685 2402
1685 2401
1685 2400
1685 2399
1684 2398
1683 2397
1683 2396
1683 2395
1682 2394
1682 2393
1681 2392
1681 2391
1680 2390
1679 2389
1679 2388
1678 2388
1677 2387
1677 2386
1676 2385
1675 2384
1675 2383
1674 2382
1673 2381
1672 2380
1671 2379
1671 2378
1670 2378
1669 2377
1668 2376
1667 2375
1666 2374
1665 2374
1664 2374
1663 2374
1662 2373
1661 2373
1660 2372
1659 2372
1658 2372
1657 2371
1656 2370
1655 2370
1654 2370
1653 2370
1652 2369
1651 2369
1650 2369
1649 2369
1648 2368
1647 2368
1646 2368
1645 2368
1644 2367
1643 2367
1642 2367
1641 2367
1640 2366
1639 2366
1638 2366
1637 2365
1636 2364
1635 2364
1634 2364
1633 2364
1632 2363
1631 2363
1630 2362
1629 2362
1628 2362
1627 2362
1626 2361
1625 2361
1624 2360
1623 2360
1622 2360
1621 2360
1620 2359
1619 2359
1618 2359
1617 2359
1616 2359
1615 2359
1614 2359
1613 2359
1612 2359
1611 2359
1610 2359
1609 2359
1608 2358
1607 2358
1606 2358
1605 2358
1604 2357
1603 2357
1602 2357
1601 2357
1600 2357
1599 2357
1598 2357
1597 2357
1596 2357
1595 2357
1594 2357
1593 2357
1592 2357
1591 2357
1590 2357
1589 2357
1588 2357
1587 2357
1586 2357
1585 2357
1584 2357
1583 2357
1582 2357
1581 2357
1580 2357
1579 2357
1578 2357
1577 2357
1576 2357
1575 2357
1574 2357
1573 2357
1572 2357
1571 2357
1570 2357
1569 2357
1568 2357
1567 2357
1566 2357
1565 2357
1564 2357
1563 2357
1562 2357
1561 2357
1560 2357
1559 2357
1558 2357
1557 2357
1556 2357
1555 2357
1554 2357
1553 2357
1552 2357
1551 2357
1550 2357
1549 2357
1548 2356
1547 2356
1546 2356
1545 2356
1544 2355
1543 2355
1542 2355
1541 2355
1540 2355
1539 2355
1538 2355
1537 2355
1536 2355
1535 2355
1534 2355
1533 2355
1532 2355
1531 2355
1530 2355
1529 2355
1528 2355
1527 2355
1526 2355
1525 2355
1524 2355
1523 2355
1522 2355
1521 2355
1520 2355
1519 2355
1518 2355
1517 2355
1516 2355
1515 2355
1514 2355
1513 2355
1512 2355
1511 2355
1510 2355
1509 2355
1508 2355
1507 2355
1506 2355
1505 2355
1504 2355
1503 2355
1502 2355
1501 2355
1500 2355
1499 2355
1498 2355
1497 2355
1496 2355
1495 2355
1494 2355
1493 2355
1492 2355
1491 2355
1490 2355
1489 2355
1488 2355
1487 2355
1486 2355
1485 2355
1484 2355
1483 2355
1482 2355
1481 2355
1480 2355
1479 2355
1478 2355
1477 2355
1476 2355
1475 2355
1474 2355
1473 2355
1472 2355
1471 2355
1470 2355
1469 2355
