777 3119
776 3120
775 3120
774 3121
774 3122
773 3123
773 3124
773 3125
773 3126
773 3127
773 3128
773 3129
773 3130
774 3131
774 3132
774 3133
774 3134
775 3135
775 3136
776 3137
776 3138
776 3139
776 3140
777 3141
777 3142
777 3143
777 3144
777 3145
777 3146
777 3147
777 3148
777 3149
777 3150
777 3151
777 3152
776 3153
776 3154
775 3155
774 3156
774 3157
773 3158
772 3158
772 3159
771 3160
770 3160
770 3161
769 3162
768 3162
767 3163
766 3164
765 3164
764 3165
763 3165
762 3166
761 3166
760 3166
759 3166
758 3167
757 3168
756 3168
755 3168
754 3169
753 3170
752 3170
751 3170
750 3171
749 3172
748 3173
747 3174
746 3175
746 3176
746 3177
746 3178
745 3179
745 3180
745 3181
745 3182
745 3183
745 3184
745 3185
745 3186
745 3187
745 3188
745 3189
745 3190
745 3191
745 3192
745 3193
745 3194
745 3195
745 3196
745 3197
745 3198
746 3199
746 3200
747 3201
748 3202
748 3203
749 3203
750 3204
751 3205
752 3206
753 3207
754 3207
755 3208
756 3209
757 3209
758 3210
758 3211
759 3211
760 3212
761 3213
762 3214
763 3215
764 3215
765 3216
766 3217
766 3218
767 3219
767 3220
767 3221
767 3222
767 3223
767 3224
767 3225
767 3226
768 3227
768 3228
768 3229
768 3230
769 3231
770 3232
770 3233
770 3234
771 3235
772 3236
772 3237
772 3238
773 3239
773 3240
774 3241
774 3242
774 3243
774 3244
775 3245
776 3246
776 3247
776 3248
777 3249
777 3250
778 3251
778 3252
779 3253
779 3254
780 3255
780 3256
781 3257
782 3258
783 3259
784 3260
784 3261
785 3261
786 3262
786 3263
787 3263
788 3264
789 3265
790 3266
791 3267
792 3267
793 3267
794 3268
795 3269
796 3269
797 3269
798 3269
799 3270
800 3270
801 3270
802 3270
803 3271
804 3271
805 3271
806 3271
807 3272
808 3272
809 3272
810 3272
811 3272
812 3272
813 3272
814 3272
815 3272
816 3272
817 3272
818 3272
819 3272
820 3272
821 3272
822 3272
823 3272
824 3272
825 3272
826 3272
827 3272
828 3272
829 3271
830 3271
831 3271
832 3271
833 3270
834 3270
835 3270
836 3270
837 3270
838 3270
839 3270
840 3270
841 3270
842 3270
843 3270
844 3270
845 3269
846 3269
847 3269
848 3269
849 3268
850 3268
851 3268
852 3268
853 3268
854 3268
855 3267
856 3267
857 3267
858 3267
859 3266
860 3266
861 3266
862 3266
863 3266
864 3266
865 3266
866 3266
867 3266
868 3266
869 3266
870 3266
871 3266
872 3266
873 3266
874 3266
875 3266
876 3266
877 3266
878 3266
879 3266
880 3266
881 3266
882 3266
883 3266
884 3266
885 3265
886 3265
887 3265
888 3265
889 3264
890 3264
891 3264
892 3264
893 3264
894 3264
895 3264
896 3264
897 3264
898 3264
899 3264
900 3264
901 3263
902 3263
903 3263
904 3263
905 3262
906 3262
907 3261
908 3261
909 3261
910 3261
911 3260
912 3260
913 3260
914 3260
915 3259
916 3259
917 3259
918 3259
919 3258
920 3258
921 3258
922 3258
923 3258
924 3258
925 3257
926 3257
927 3257
928 3257
929 3256
930 3256
931 3256
932 3256
933 3255
934 3255
935 3255
936 3255
937 3254
938 3254
939 3254
940 3254
941 3254
942 3254
943 3253
944 3253
945 3253
946 3253
947 3252
948 3252
949 3252
950 3252
951 3252
952 3252
953 3252
954 3252
955 3252
956 3252
957 3252
958 3252
959 3252
960 3252
961 3252
962 3252
963 3252
964 3252
965 3251
966 3251
967 3251
968 3251
969 3250
970 3250
971 3250
972 3250
973 3250
974 3250
975 3250
976 3250
977 3250
978 3250
979 3250
980 3250
981 3249
982 3249
983 3249
984 3249
985 3248
986 3247
987 3247
988 3247
989 3246
990 3246
991 3246
992 3246
993 3246
994 3246
995 3246
996 3246
997 3246
998 3246
999 3246
1000 3246
1001 3246
1002 3246
1003 3246
1004 3246
1005 3246
1006 3246
1007 3245
1008 3245
1009 3245
1010 3245
1011 3244
1012 3243
1013 3243
1014 3243
1015 3242
1016 3241
1017 3241
1018 3241
1019 3240
1020 3240
1021 3239
1022 3239
1023 3239
1024 3239
1025 3238
1026 3237
1027 3237
1028 3237
1029 3236
1030 3235
1031 3234
1032 3234
1033 3233
1034 3233
1035 3232
1036 3231
1037 3231
1038 3231
1039 3230
1040 3230
1041 3229
1042 3229
1043 3229
1044 3229
1045 3228
1046 3228
1047 3227
1048 3227
1049 3227
1050 3227
1051 3226
1052 3226
1053 3225
1054 3225
1055 3224
1056 3224
1057 3223
1058 3223
1059 3222
1060 3221
1061 3221
1062 3221
1063 3220
1064 3219
1065 3219
1066 3219
1067 3218
1068 3217
1069 3217
1070 3217
1071 3216
1072 3215
1073 3215
1074 3215
1075 3214
1076 3214
1077 3213
1078 3213
1079 3212
1080 3211
1081 3211
1081 3210
1082 3209
1083 3208
1083 3207
1084 3206
1084 3205
1084 3204
1084 3203
1084 3202
1084 3201
1084 3200
1084 3199
1084 3198
1084 3197
1084 3196
1084 3195
1084 3194
1084 3193
1084 3192
1084 3191
1084 3190
1084 3189
1083 3188
1083 3187
1082 3186
1082 3185
1081 3184
1081 3183
1080 3182
1080 3181
1079 3180
1079 3179
1078 3178
1077 3177
1077 3176
1076 3175
1075 3174
1075 3173
1074 3172
1073 3171
1073 3170
1073 3169
1072 3168
1072 3167
1071 3166
1071 3165
1071 3164
1071 3163
1070 3162
1069 3161
1069 3160
1069 3159
1068 3158
1067 3157
1066 3156
1065 3155
1065 3154
1064 3154
1063 3153
1063 3152
1062 3152
1061 3151
1060 3150
1059 3150
1058 3149
1057 3149
1056 3148
1055 3148
1054 3148
1053 3148
1052 3147
1051 3147
1050 3147
1049 3147
1048 3147
1047 3147
1046 3147
1045 3147
1044 3147
1043 3147
1042 3147
1041 3147
1040 3147
1039 3147
1038 3147
1037 3147
1036 3147
1035 3147
1034 3147
1033 3147
1032 3147
1031 3147
1030 3147
1029 3147
1028 3147
1027 3147
1026 3147
1025 3147
1024 3147
1023 3147
1022 3146
1021 3146
1020 3146
1019 3146
1018 3145
1017 3145
1016 3144
1015 3144
1014 3143
1013 3143
1012 3142
1011 3142
1010 3141
1009 3141
1008 3142
1007 3142
1006 3143
1005 3143
1004 3144
1003 3144
1002 3145
1001 3145
1000 3145
999 3145
998 3145
997 3145
996 3145
995 3145
994 3145
993 3145
992 3145
991 3145
990 3145
989 3145
988 3144
987 3144
986 3143
985 3142
984 3142
983 3141
982 3140
981 3140
980 3139
979 3139
978 3139
977 3139
976 3139
975 3139
974 3139
973 3139
972 3139
971 3139
970 3139
969 3139
968 3139
967 3139
966 3139
965 3139
964 3139
963 3139
962 3139
961 3139
960 3139
959 3139
958 3139
957 3139
956 3139
955 3139
954 3139
953 3139
952 3139
951 3139
950 3139
949 3139
948 3139
947 3139
946 3140
945 3140
944 3140
943 3140
942 3141
941 3141
940 3141
939 3141
938 3141
937 3141
936 3141
935 3141
934 3141
933 3141
932 3141
931 3141
930 3141
929 3141
928 3141
927 3141
926 3141
925 3141
924 3141
923 3141
922 3141
921 3141
920 3141
919 3141
918 3141
917 3141
916 3141
915 3141
914 3141
913 3141
912 3141
911 3141
910 3141
909 3141
908 3141
907 3141
906 3141
905 3141
904 3141
903 3141
902 3140
901 3140
900 3140
899 3140
898 3139
897 3139
896 3139
895 3139
894 3139
893 3139
892 3138
891 3138
890 3138
889 3138
888 3137
887 3137
886 3136
885 3136
884 3136
883 3136
882 3135
881 3135
880 3135
879 3135
878 3134
877 3134
876 3134
875 3133
874 3132
873 3132
872 3132
871 3132
870 3131
869 3131
868 3131
867 3131
866 3131
865 3131
864 3131
863 3131
862 3131
861 3131
860 3131
859 3131
858 3131
857 3131
856 3131
855 3131
854 3131
853 3131
852 3131
851 3131
850 3131
849 3131
848 3131
847 3131
846 3131
845 3131
844 3131
843 3131
842 3131
841 3131
840 3130
839 3130
838 3130
837 3130
836 3129
835 3129
834 3129
833 3129
832 3129
831 3129
830 3129
829 3129
828 3129
827 3129
826 3128
825 3128
824 3128
823 3127
822 3126
821 3126
820 3126
819 3126
818 3125
817 3125
816 3125
815 3125
814 3125
813 3125
812 3124
811 3124
810 3123
809 3123
808 3122
807 3122
806 3121
805 3121
804 3121
803 3121
802 3120
801 3120
800 3120
799 3120
798 3119
797 3119
796 3119
795 3119
794 3119
793 3119
792 3119
791 3119
790 3119
789 3119
788 3119
787 3119
786 3119
785 3119
784 3119
783 3119
782 3119
781 3119
780 3119
779 3119
778 3119
777 3119
