687 764
686 765
685 765
684 765
683 765
682 766
681 766
680 766
679 766
678 767
677 767
676 767
675 767
674 768
673 768
672 768
671 768
670 769
669 769
668 769
667 769
666 770
665 770
664 771
663 771
662 771
661 771
660 772
659 772
658 772
657 772
656 773
655 773
654 774
653 775
652 775
652 776
651 777
650 777
650 778
649 779
648 779
648 780
647 781
646 782
645 783
644 784
644 785
644 786
643 787
642 788
642 789
641 790
640 791
639 791
639 792
638 793
637 794
636 794
636 795
635 796
635 797
634 798
633 799
632 800
632 801
631 802
631 803
630 804
629 805
628 806
628 807
628 808
627 809
626 810
626 811
625 812
624 813
624 814
623 815
622 816
622 817
621 818
621 819
620 820
620 821
620 822
620 823
619 824
619 825
619 826
619 827
619 828
619 829
618 830
618 831
617 832
617 833
616 834
616 835
615 836
615 837
616 838
616 839
617 840
618 841
618 842
619 842
620 843
620 844
621 844
622 845
622 846
623 846
624 847
624 848
625 848
626 849
626 850
627 850
628 851
628 852
629 852
630 853
631 854
632 854
633 855
634 855
635 855
636 855
637 855
638 855
639 855
640 855
641 855
642 855
643 855
644 855
645 855
646 855
647 855
648 855
649 855
650 855
651 855
652 855
653 855
654 855
655 855
656 855
657 855
658 855
659 855
660 855
661 855
662 855
663 854
664 854
665 854
666 854
667 853
668 852
669 852
670 852
671 851
672 851
673 850
674 850
675 850
676 850
677 849
678 849
679 849
680 849
681 848
682 848
683 848
684 848
685 847
686 847
687 847
688 847
689 847
690 847
691 847
692 847
693 847
694 847
695 847
696 847
697 846
698 846
699 846
700 846
701 845
702 845
703 844
704 844
705 844
706 844
707 843
708 843
709 843
710 843
711 843
712 843
713 843
714 843
715 843
716 843
717 843
718 843
719 843
720 843
721 843
722 843
723 843
724 843
725 843
726 843
727 843
728 843
729 844
730 844
731 844
732 844
733 845
734 845
735 845
736 845
737 845
738 845
739 845
740 845
741 845
742 845
743 845
744 845
745 845
746 845
747 845
748 845
749 845
750 845
751 846
752 846
753 846
754 846
755 847
756 847
757 847
758 847
759 847
760 847
761 847
762 847
763 847
764 847
765 847
766 847
767 847
768 847
769 847
770 847
771 847
772 847
773 847
774 847
775 847
776 847
777 847
778 847
779 847
780 847
781 847
782 847
783 847
784 847
785 847
786 847
787 847
788 847
789 847
790 847
791 847
792 847
793 847
794 847
795 847
796 847
797 847
798 847
799 847
800 847
801 847
802 847
803 847
804 847
805 847
806 847
807 847
808 847
809 847
810 847
811 847
812 847
813 847
814 847
815 847
816 847
817 847
818 847
819 847
820 847
821 847
822 847
823 847
824 847
825 847
826 847
827 847
828 847
829 847
830 847
831 847
832 847
833 847
834 847
835 847
836 847
837 847
838 847
839 847
840 847
841 847
842 847
843 847
844 847
845 847
846 847
847 847
848 847
849 847
850 847
851 847
852 847
853 847
854 847
855 847
856 847
857 847
858 847
859 847
860 847
861 847
862 847
863 847
864 847
865 847
866 847
867 847
868 847
869 847
870 847
871 847
872 847
873 847
874 847
875 847
876 847
877 847
878 847
879 847
880 847
881 847
882 847
883 847
884 847
885 847
886 847
887 847
888 847
889 847
890 847
891 846
892 846
893 845
894 844
895 844
895 843
896 842
897 842
897 841
898 840
899 840
899 839
900 838
901 838
901 837
902 836
903 836
904 835
905 834
906 834
907 833
908 832
909 832
910 832
911 831
912 830
913 829
914 829
915 828
916 828
917 827
918 827
919 827
920 827
921 827
922 827
923 826
924 826
925 826
926 826
927 825
928 825
929 825
930 825
931 825
932 825
933 825
934 825
935 826
936 826
937 826
938 827
939 828
940 828
941 828
942 828
943 829
944 829
945 829
946 829
947 830
948 830
949 830
950 830
951 831
952 831
953 830
954 830
955 829
956 828
957 827
957 826
957 825
958 824
959 823
959 822
959 821
959 820
960 819
960 818
960 817
960 816
961 815
961 814
961 813
961 812
962 811
962 810
962 809
962 808
963 807
963 806
963 805
963 804
964 803
964 802
964 801
964 800
964 799
964 798
963 797
963 796
962 795
961 794
961 793
960 793
959 792
958 791
957 791
956 790
955 790
954 789
953 789
952 789
951 789
950 788
949 788
948 787
947 787
946 787
945 787
944 786
943 786
942 786
941 786
940 785
939 785
938 784
937 784
936 783
935 782
934 781
933 781
932 781
931 781
930 780
929 780
928 779
927 779
926 779
925 779
924 778
923 778
922 778
921 778
920 778
919 778
918 779
917 779
916 779
915 779
914 780
913 780
912 780
911 780
910 780
909 780
908 781
907 781
906 781
905 781
904 782
903 782
902 782
901 782
900 782
899 782
898 782
897 782
896 782
895 782
894 781
893 781
892 780
891 779
891 778
890 777
889 776
888 775
887 774
886 773
885 773
884 772
883 772
882 772
881 772
880 772
879 772
878 772
877 772
876 772
875 772
874 771
873 771
872 771
871 771
870 770
869 770
868 770
867 770
866 770
865 770
864 770
863 770
862 770
861 770
860 770
859 770
858 770
857 770
856 769
855 769
854 769
853 769
852 768
851 768
850 768
849 768
848 768
847 768
846 768
845 768
844 768
843 768
842 768
841 768
840 768
839 768
838 768
837 768
836 768
835 768
834 768
833 768
832 768
831 768
830 768
829 768
828 768
827 768
826 769
825 769
824 769
823 769
822 770
821 770
820 770
819 770
818 770
817 770
816 769
815 769
814 768
813 768
812 767
811 767
810 766
809 766
808 766
807 766
806 766
805 766
804 766
803 766
802 767
801 767
800 768
799 769
798 769
797 770
796 771
795 771
794 772
793 773
792 774
791 774
790 775
789 775
788 776
787 776
786 776
785 776
784 776
783 776
782 776
781 776
780 775
779 775
778 774
777 774
776 773
775 773
774 772
773 772
772 771
771 771
770 771
769 770
768 769
767 769
766 769
765 768
764 767
763 767
762 767
761 767
760 766
759 766
758 766
757 766
756 766
755 766
754 766
753 766
752 766
751 766
750 766
749 766
748 767
747 767
746 768
745 768
744 769
743 769
742 770
741 770
740 770
739 770
738 770
737 770
736 770
735 770
734 771
733 771
732 771
731 771
730 772
729 772
728 771
727 771
726 771
725 771
724 770
723 770
722 770
721 770
720 770
719 770
718 770
717 770
716 769
715 769
714 769
713 768
712 767
711 767
710 767
709 767
708 766
707 766
706 766
705 766
704 766
703 766
702 765
701 765
700 765
699 765
698 764
697 764
696 764
695 764
694 764
693 764
692 764
691 764
690 764
689 764
688 764
687 764
