1095 1809
1094 1810
1093 1810
1092 1810
1091 1810
1090 1811
1089 1811
1088 1811
1087 1811
1086 1811
1085 1811
1084 1812
1083 1812
1082 1812
1081 1812
1080 1813
1079 1813
1078 1813
1077 1813
1076 1813
1075 1813
1074 1813
1073 1813
1072 1814
1071 1814
1070 1814
1069 1814
1068 1815
1067 1815
1066 1815
1065 1815
1064 1815
1063 1815
1062 1815
1061 1815
1060 1815
1059 1815
1058 1815
1057 1815
1056 1816
1055 1816
1054 1816
1053 1816
1052 1817
1051 1817
1050 1817
1049 1817
1048 1817
1047 1817
1046 1817
1045 1817
1044 1817
1043 1817
1042 1817
1041 1817
1040 1817
1039 1817
1038 1817
1037 1817
1036 1817
1035 1817
1034 1817
1033 1817
1032 1817
1031 1817
1030 1817
1029 1817
1028 1817
1027 1817
1026 1817
1025 1817
1024 1817
1023 1817
1022 1817
1021 1817
1020 1817
1019 1817
1018 1817
1017 1817
1016 1817
1015 1817
1014 1817
1013 1817
1012 1817
1011 1817
1010 1817
1009 1817
1008 1818
1007 1818
1006 1818
1005 1818
1004 1819
1003 1819
1002 1819
1001 1819
1000 1819
999 1819
998 1819
997 1819
996 1819
995 1819
994 1819
993 1819
992 1819
991 1819
990 1819
989 1819
988 1819
987 1819
986 1820
985 1820
984 1820
983 1820
982 1821
981 1821
980 1821
979 1821
978 1821
977 1821
976 1821
975 1821
974 1821
973 1821
972 1821
971 1821
970 1821
969 1821
968 1821
967 1821
966 1821
965 1821
964 1821
963 1821
962 1821
961 1821
960 1821
959 1821
958 1821
957 1821
956 1821
955 1821
954 1821
953 1821
952 1821
951 1821
950 1821
949 1821
948 1821
947 1821
946 1821
945 1821
944 1821
943 1821
942 1821
941 1821
940 1821
939 1821
938 1821
937 1821
936 1821
935 1821
934 1821
933 1821
932 1821
931 1821
930 1822
929 1822
928 1822
927 1822
926 1823
925 1823
924 1823
923 1823
922 1823
921 1823
920 1823
919 1823
918 1824
917 1824
916 1824
915 1824
914 1825
913 1826
912 1827
911 1828
910 1829
910 1830
909 1831
909 1832
908 1833
908 1834
908 1835
908 1836
907 1837
907 1838
907 1839
907 1840
906 1841
906 1842
906 1843
906 1844
905 1845
905 1846
905 1847
905 1848
905 1849
905 1850
905 1851
905 1852
905 1853
905 1854
905 1855
905 1856
905 1857
905 1858
905 1859
905 1860
905 1861
905 1862
905 1863
905 1864
906 1865
906 1866
907 1867
908 1868
909 1869
910 1869
911 1869
912 1870
913 1871
914 1871
915 1871
916 1872
917 1873
918 1873
919 1874
920 1874
921 1875
922 1875
923 1876
924 1876
925 1877
926 1877
927 1878
928 1878
929 1879
930 1880
931 1881
932 1881
933 1882
934 1882
935 1883
936 1883
937 1884
938 1884
939 1885
940 1885
941 1885
942 1885
943 1886
944 1886
945 1886
946 1886
947 1886
948 1886
949 1886
950 1886
951 1886
952 1886
953 1886
954 1886
955 1887
956 1887
957 1888
958 1888
959 1889
960 1889
961 1890
962 1890
963 1890
964 1890
965 1890
966 1890
967 1891
968 1891
969 1891
970 1891
971 1892
972 1892
973 1892
974 1892
975 1893
976 1893
977 1893
978 1893
979 1894
980 1894
981 1894
982 1894
983 1894
984 1894
985 1894
986 1894
987 1894
988 1894
989 1894
990 1894
991 1895
992 1895
993 1895
994 1895
995 1896
996 1896
997 1896
998 1896
999 1896
1000 1896
1001 1896
1002 1896
1003 1897
1004 1897
1005 1897
1006 1897
1007 1898
1008 1898
1009 1898
1010 1898
1011 1899
1012 1899
1013 1899
1014 1899
1015 1900
1016 1900
1017 1900
1018 1900
1019 1901
1020 1901
1021 1901
1022 1901
1023 1902
1024 1902
1025 1902
1026 1902
1027 1902
1028 1902
1029 1902
1030 1902
1031 1902
1032 1902
1033 1902
1034 1902
1035 1902
1036 1902
1037 1902
1038 1902
1039 1903
1040 1903
1041 1903
1042 1903
1043 1904
1044 1904
1045 1904
1046 1904
1047 1904
1048 1904
1049 1904
1050 1904
1051 1904
1052 1904
1053 1904
1054 1904
1055 1904
1056 1904
1057 1904
1058 1904
1059 1904
1060 1904
1061 1904
1062 1904
1063 1904
1064 1904
1065 1904
1066 1904
1067 1904
1068 1904
1069 1904
1070 1904
1071 1904
1072 1904
1073 1904
1074 1904
1075 1903
1076 1903
1077 1903
1078 1903
1079 1902
1080 1902
1081 1902
1082 1902
1083 1902
1084 1902
1085 1902
1086 1902
1087 1902
1088 1902
1089 1902
1090 1902
1091 1902
1092 1902
1093 1902
1094 1902
1095 1902
1096 1902
1097 1902
1098 1902
1099 1902
1100 1902
1101 1902
1102 1902
1103 1902
1104 1902
1105 1902
1106 1902
1107 1902
1108 1902
1109 1902
1110 1902
1111 1902
1112 1902
1113 1902
1114 1902
1115 1902
1116 1902
1117 1902
1118 1902
1119 1902
1120 1902
1121 1902
1122 1902
1123 1902
1124 1902
1125 1902
1126 1902
1127 1902
1128 1902
1129 1902
1130 1902
1131 1902
1132 1902
1133 1902
1134 1902
1135 1902
1136 1902
1137 1901
1138 1901
1139 1901
1140 1901
1141 1900
1142 1899
1143 1899
1144 1899
1145 1898
1146 1898
1147 1898
1148 1898
1149 1899
1150 1899
1151 1899
1152 1899
1153 1900
1154 1900
1155 1900
1156 1900
1157 1899
1158 1899
1159 1899
1160 1899
1161 1898
1162 1898
1163 1898
1164 1898
1165 1897
1166 1897
1167 1897
1168 1897
1169 1896
1170 1896
1171 1896
1172 1896
1173 1895
1174 1895
1175 1895
1176 1895
1177 1894
1178 1893
1179 1893
1180 1893
1181 1892
1182 1892
1183 1892
1184 1892
1185 1892
1186 1892
1187 1892
1188 1892
1189 1892
1190 1892
1191 1891
1192 1891
1193 1891
1194 1891
1195 1890
1196 1890
1197 1890
1198 1890
1199 1890
1200 1890
1201 1889
1202 1889
1203 1888
1203 1887
1204 1886
1204 1885
1204 1884
1204 1883
1204 1882
1204 1881
1204 1880
1204 1879
1205 1878
1205 1877
1205 1876
1205 1875
1206 1874
1206 1873
1206 1872
1206 1871
1206 1870
1206 1869
1206 1868
1206 1867
1206 1866
1206 1865
1207 1864
1207 1863
1207 1862
1207 1861
1208 1860
1208 1859
1208 1858
1208 1857
1208 1856
1208 1855
1208 1854
1208 1853
1208 1852
1208 1851
1208 1850
1208 1849
1208 1848
1208 1847
1208 1846
1208 1845
1208 1844
1208 1843
1208 1842
1208 1841
1208 1840
1208 1839
1208 1838
1208 1837
1207 1836
1207 1835
1206 1834
1205 1833
1205 1832
1204 1832
1203 1831
1203 1830
1202 1829
1201 1828
1201 1827
1200 1826
1199 1825
1198 1824
1197 1823
1196 1822
1195 1822
1194 1821
1193 1821
1192 1820
1191 1820
1190 1820
1189 1820
1188 1819
1187 1819
1186 1818
1185 1818
1184 1818
1183 1818
1182 1817
1181 1817
1180 1817
1179 1817
1178 1816
1177 1816
1176 1816
1175 1816
1174 1815
1173 1815
1172 1814
1171 1814
1170 1813
1169 1813
1168 1812
1167 1812
1166 1811
1165 1811
1164 1811
1163 1811
1162 1811
1161 1811
1160 1811
1159 1811
1158 1811
1157 1811
1156 1811
1155 1811
1154 1811
1153 1811
1152 1811
1151 1811
1150 1812
1149 1812
1148 1812
1147 1812
1146 1813
1145 1813
1144 1813
1143 1813
1142 1813
1141 1813
1140 1813
1139 1813
1138 1813
1137 1813
1136 1814
1135 1814
1134 1814
1133 1814
1132 1815
1131 1815
1130 1815
1129 1815
1128 1815
1127 1815
1126 1815
1125 1815
1124 1815
1123 1815
1122 1815
1121 1815
1120 1815
1119 1815
1118 1815
1117 1815
1116 1815
1115 1815
1114 1814
1113 1814
1112 1813
1111 1812
1110 1812
1109 1811
1108 1810
1107 1810
1106 1809
1105 1809
1104 1809
1103 1809
1102 1809
1101 1809
1100 1809
1099 1809
1098 1809
1097 1809
1096 1809
1095 1809
