993 2077
992 2078
991 2078
990 2078
989 2078
988 2079
987 2079
986 2079
985 2079
984 2079
983 2079
982 2079
981 2079
980 2080
979 2080
978 2080
977 2080
976 2081
975 2081
974 2081
973 2081
972 2082
971 2082
970 2083
969 2083
968 2084
967 2084
966 2085
965 2085
964 2085
963 2085
962 2085
961 2085
960 2085
959 2085
958 2086
957 2086
956 2086
955 2086
954 2087
953 2087
952 2087
951 2087
950 2087
949 2087
948 2088
947 2088
946 2088
945 2088
944 2089
943 2089
942 2089
941 2089
940 2090
939 2090
938 2090
937 2090
936 2091
935 2091
934 2092
933 2092
932 2093
931 2094
930 2094
929 2095
928 2096
927 2096
926 2097
925 2098
924 2098
923 2098
922 2099
921 2099
920 2100
919 2100
918 2101
917 2102
916 2102
916 2103
915 2104
914 2104
914 2105
913 2106
912 2106
912 2107
911 2108
910 2108
910 2109
909 2110
908 2110
907 2111
906 2112
905 2112
904 2113
903 2113
902 2114
901 2114
900 2114
899 2114
898 2115
897 2116
896 2117
896 2118
895 2119
895 2120
895 2121
895 2122
895 2123
895 2124
895 2125
895 2126
894 2127
894 2128
894 2129
894 2130
893 2131
893 2132
892 2133
892 2134
892 2135
892 2136
891 2137
891 2138
891 2139
891 2140
891 2141
891 2142
891 2143
891 2144
890 2145
890 2146
890 2147
890 2148
889 2149
889 2150
889 2151
889 2152
889 2153
889 2154
889 2155
889 2156
889 2157
889 2158
889 2159
889 2160
889 2161
889 2162
889 2163
889 2164
890 2165
890 2166
890 2167
890 2168
891 2169
892 2170
893 2171
894 2172
895 2173
896 2174
897 2175
898 2175
899 2175
900 2175
901 2176
902 2176
903 2176
904 2176
905 2176
906 2176
907 2176
908 2176
909 2176
910 2176
911 2176
912 2176
913 2176
914 2176
915 2175
916 2175
917 2175
918 2175
919 2174
920 2174
921 2174
922 2174
923 2174
924 2174
925 2173
926 2173
927 2173
928 2173
929 2172
930 2172
931 2172
932 2172
933 2172
934 2172
935 2172
936 2172
937 2172
938 2172
939 2172
940 2172
941 2172
942 2172
943 2172
944 2172
945 2171
946 2171
947 2171
948 2171
949 2170
950 2170
951 2170
952 2170
953 2170
954 2170
955 2170
956 2170
957 2170
958 2170
959 2169
960 2169
961 2169
962 2169
963 2168
964 2168
965 2168
966 2168
967 2168
968 2168
969 2168
970 2168
971 2169
972 2169
973 2169
974 2169
975 2170
976 2170
977 2170
978 2170
979 2170
980 2170
981 2170
982 2170
983 2171
984 2171
985 2171
986 2171
987 2172
988 2172
989 2172
990 2172
991 2171
992 2171
993 2171
994 2171
995 2170
996 2170
997 2170
998 2170
999 2170
1000 2170
1001 2170
1002 2170
1003 2170
1004 2170
1005 2170
1006 2170
1007 2170
1008 2170
1009 2170
1010 2170
1011 2171
1012 2171
1013 2171
1014 2172
1015 2173
1016 2173
1017 2173
1018 2173
1019 2174
1020 2174
1021 2174
1022 2174
1023 2175
1024 2175
1025 2176
1026 2176
1027 2177
1028 2178
1029 2179
1030 2179
1031 2179
1032 2179
1033 2180
1034 2180
1035 2181
1036 2181
1037 2181
1038 2181
1039 2182
1040 2182
1041 2182
1042 2182
1043 2183
1044 2183
1045 2183
1046 2183
1047 2184
1048 2184
1049 2184
1050 2184
1051 2185
1052 2185
1053 2185
1054 2186
1055 2187
1056 2187
1057 2187
1058 2187
1059 2188
1060 2188
1061 2188
1062 2188
1063 2188
1064 2188
1065 2188
1066 2188
1067 2189
1068 2189
1069 2189
1070 2190
1071 2191
1072 2191
1073 2191
1074 2191
1075 2192
1076 2192
1077 2192
1078 2192
1079 2192
1080 2192
1081 2192
1082 2192
1083 2193
1084 2193
1085 2193
1086 2194
1087 2195
1088 2195
1089 2195
1090 2195
1091 2196
1092 2196
1093 2196
1094 2196
1095 2196
1096 2196
1097 2196
1098 2196
1099 2196
1100 2196
1101 2196
1102 2196
1103 2195
1104 2195
1105 2195
1106 2195
1107 2194
1108 2194
1109 2193
1110 2193
1111 2193
1112 2193
1113 2192
1114 2192
1115 2191
1116 2191
1117 2190
1118 2190
1119 2189
1120 2189
1121 2188
1122 2188
1123 2188
1124 2188
1125 2188
1126 2188
1127 2188
1128 2188
1129 2187
1130 2187
1131 2186
1132 2186
1133 2185
1134 2185
1135 2184
1136 2184
1137 2183
1138 2183
1139 2183
1140 2183
1141 2182
1142 2182
1143 2181
1144 2181
1145 2181
1146 2181
1147 2180
1148 2179
1149 2178
1150 2178
1151 2177
1152 2177
1153 2176
1154 2175
1155 2174
1156 2174
1157 2173
1158 2173
1159 2172
1160 2171
1161 2170
1162 2170
1163 2169
1164 2169
1165 2168
1166 2167
1167 2166
1168 2165
1169 2165
1169 2164
1170 2163
1171 2163
1171 2162
1172 2161
1173 2161
1173 2160
1174 2159
1175 2159
1175 2158
1176 2157
1177 2157
1177 2156
1178 2155
1179 2154
1179 2153
1180 2152
1180 2151
1180 2150
1180 2149
1180 2148
1180 2147
1180 2146
1180 2145
1180 2144
1180 2143
1180 2142
1180 2141
1179 2140
1179 2139
1179 2138
1179 2137
1178 2136
1178 2135
1178 2134
1178 2133
1178 2132
1178 2131
1178 2130
1178 2129
1178 2128
1178 2127
1177 2126
1177 2125
1177 2124
1177 2123
1176 2122
1175 2121
1174 2120
1174 2119
1173 2118
1173 2117
1172 2116
1171 2115
1171 2114
1171 2113
1170 2112
1169 2111
1168 2110
1168 2109
1167 2108
1167 2107
1166 2106
1165 2105
1164 2104
1163 2103
1163 2102
1162 2102
1161 2101
1161 2100
1160 2100
1159 2099
1158 2098
1157 2098
1156 2097
1155 2097
1154 2097
1153 2097
1152 2096
1151 2096
1150 2096
1149 2095
1148 2094
1147 2094
1146 2093
1145 2093
1144 2092
1143 2091
1142 2090
1141 2090
1140 2090
1139 2089
1138 2088
1137 2088
1136 2088
1135 2088
1134 2087
1133 2087
1132 2087
1131 2087
1130 2087
1129 2087
1128 2087
1127 2087
1126 2088
1125 2088
1124 2088
1123 2088
1122 2089
1121 2089
1120 2089
1119 2089
1118 2089
1117 2089
1116 2089
1115 2089
1114 2088
1113 2088
1112 2087
1111 2086
1110 2086
1109 2085
1109 2084
1108 2084
1107 2083
1107 2082
1106 2082
1105 2081
1105 2080
1104 2080
1103 2079
1102 2078
1101 2078
1100 2077
1099 2077
1098 2077
1097 2077
1096 2077
1095 2077
1094 2077
1093 2077
1092 2077
1091 2077
1090 2077
1089 2077
1088 2077
1087 2077
1086 2077
1085 2077
1084 2077
1083 2077
1082 2077
1081 2077
1080 2077
1079 2077
1078 2077
1077 2077
1076 2077
1075 2077
1074 2077
1073 2077
1072 2077
1071 2077
1070 2077
1069 2077
1068 2077
1067 2077
1066 2077
1065 2077
1064 2077
1063 2077
1062 2077
1061 2077
1060 2077
1059 2077
1058 2077
1057 2077
1056 2077
1055 2077
1054 2077
1053 2077
1052 2077
1051 2077
1050 2077
1049 2077
1048 2077
1047 2077
1046 2077
1045 2077
1044 2077
1043 2077
1042 2077
1041 2077
1040 2077
1039 2077
1038 2078
1037 2078
1036 2078
1035 2078
1034 2079
1033 2079
1032 2079
1031 2079
1030 2079
1029 2079
1028 2079
1027 2079
1026 2079
1025 2079
1024 2079
1023 2079
1022 2079
1021 2079
1020 2079
1019 2079
1018 2079
1017 2079
1016 2079
1015 2079
1014 2078
1013 2078
1012 2078
1011 2078
1010 2077
1009 2077
1008 2077
1007 2077
1006 2077
1005 2077
1004 2077
1003 2077
1002 2077
1001 2077
1000 2077
999 2077
998 2077
997 2077
996 2077
995 2077
994 2077
993 2077
