831 1323
830 1324
829 1324
828 1324
827 1324
826 1325
825 1326
824 1327
823 1328
822 1328
822 1329
821 1330
820 1330
819 1331
818 1332
817 1332
816 1333
815 1333
814 1333
813 1333
812 1333
811 1333
810 1333
809 1333
808 1334
807 1334
806 1335
805 1335
804 1336
803 1336
802 1337
801 1337
800 1337
799 1337
798 1337
797 1337
796 1337
795 1337
794 1337
793 1337
792 1337
791 1337
790 1337
789 1337
788 1338
787 1338
786 1339
785 1339
784 1340
783 1340
782 1341
781 1341
780 1341
779 1341
778 1342
777 1342
776 1343
775 1344
774 1345
773 1346
772 1347
772 1348
772 1349
772 1350
771 1351
771 1352
771 1353
771 1354
771 1355
771 1356
771 1357
771 1358
771 1359
771 1360
771 1361
771 1362
771 1363
771 1364
771 1365
771 1366
772 1367
772 1368
773 1369
773 1370
774 1371
774 1372
775 1373
776 1374
777 1375
778 1376
778 1377
779 1377
780 1378
781 1379
782 1380
783 1381
784 1381
785 1381
786 1381
787 1382
788 1382
789 1382
790 1382
791 1382
792 1382
793 1382
794 1382
795 1382
796 1382
797 1383
798 1383
799 1383
800 1383
801 1384
802 1384
803 1384
804 1384
805 1384
806 1384
807 1384
808 1384
809 1384
810 1384
811 1384
812 1384
813 1385
814 1385
815 1385
816 1386
817 1387
818 1387
819 1388
820 1389
821 1389
822 1390
822 1391
823 1391
824 1392
824 1393
825 1393
826 1394
827 1395
828 1396
829 1397
830 1397
831 1397
832 1397
833 1398
834 1398
835 1398
836 1398
837 1398
838 1398
839 1398
840 1398
841 1398
842 1398
843 1398
844 1398
845 1399
846 1399
847 1399
848 1400
849 1401
850 1401
851 1402
852 1402
853 1403
854 1403
855 1404
856 1404
857 1404
858 1404
859 1404
860 1404
861 1405
862 1405
863 1405
864 1405
865 1406
866 1406
867 1406
868 1406
869 1406
870 1406
871 1406
872 1406
873 1406
874 1406
875 1406
876 1406
877 1406
878 1406
879 1406
880 1406
881 1406
882 1406
883 1406
884 1406
885 1406
886 1406
887 1406
888 1406
889 1407
890 1407
891 1407
892 1407
893 1408
894 1408
895 1408
896 1408
897 1408
898 1408
899 1408
900 1408
901 1408
902 1408
903 1408
904 1408
905 1408
906 1408
907 1408
908 1408
909 1408
910 1408
911 1408
912 1408
913 1408
914 1408
915 1408
916 1408
917 1408
918 1408
919 1408
920 1408
921 1408
922 1408
923 1408
924 1408
925 1408
926 1408
927 1408
928 1408
929 1408
930 1408
931 1408
932 1408
933 1408
934 1408
935 1408
936 1408
937 1408
938 1408
939 1408
940 1408
941 1408
942 1408
943 1407
944 1407
945 1407
946 1407
947 1406
948 1406
949 1405
950 1405
951 1404
952 1403
953 1402
953 1401
954 1400
954 1399
955 1398
955 1397
956 1396
956 1395
957 1394
958 1393
959 1392
959 1391
960 1390
961 1389
961 1388
962 1387
963 1387
964 1386
965 1385
966 1385
967 1384
968 1383
969 1382
970 1381
971 1380
971 1379
971 1378
971 1377
972 1376
972 1375
973 1374
973 1373
973 1372
974 1371
975 1370
975 1369
975 1368
975 1367
976 1366
976 1365
976 1364
976 1363
976 1362
976 1361
976 1360
976 1359
976 1358
976 1357
976 1356
976 1355
975 1354
975 1353
974 1352
973 1351
973 1350
972 1350
971 1349
971 1348
970 1348
969 1347
969 1346
968 1346
967 1345
967 1344
966 1344
965 1343
965 1342
964 1342
963 1341
963 1340
962 1340
961 1339
960 1338
959 1338
958 1337
957 1337
956 1336
955 1336
954 1335
953 1335
952 1334
951 1334
950 1333
949 1333
948 1333
947 1333
946 1332
945 1332
944 1331
943 1330
942 1330
941 1329
940 1328
939 1327
938 1326
937 1326
936 1326
935 1326
934 1325
933 1325
932 1325
931 1325
930 1325
929 1325
928 1324
927 1324
926 1324
925 1324
924 1323
923 1323
922 1323
921 1323
920 1323
919 1323
918 1323
917 1323
916 1323
915 1323
914 1323
913 1323
912 1323
911 1323
910 1323
909 1323
908 1323
907 1323
906 1323
905 1323
904 1323
903 1323
902 1323
901 1323
900 1323
899 1323
898 1323
897 1323
896 1323
895 1323
894 1323
893 1323
892 1323
891 1323
890 1323
889 1323
888 1323
887 1323
886 1323
885 1323
884 1323
883 1323
882 1323
881 1323
880 1323
879 1323
878 1323
877 1323
876 1323
875 1323
874 1323
873 1323
872 1323
871 1323
870 1323
869 1323
868 1323
867 1323
866 1323
865 1323
864 1323
863 1323
862 1323
861 1323
860 1323
859 1323
858 1323
857 1323
856 1323
855 1323
854 1323
853 1323
852 1323
851 1323
850 1323
849 1323
848 1323
847 1323
846 1323
845 1323
844 1323
843 1323
842 1323
841 1323
840 1323
839 1323
838 1323
837 1323
836 1323
835 1323
834 1323
833 1323
832 1323
831 1323
