435 2267
434 2268
433 2268
432 2268
431 2268
430 2269
429 2269
428 2270
427 2270
426 2270
425 2270
424 2271
423 2271
422 2271
421 2271
420 2271
419 2271
418 2271
417 2271
416 2272
415 2272
414 2272
413 2272
412 2273
411 2274
410 2275
409 2276
408 2276
407 2277
406 2278
405 2278
404 2279
403 2279
402 2280
401 2280
400 2280
399 2280
398 2281
397 2282
396 2283
395 2284
394 2285
394 2286
394 2287
394 2288
393 2289
393 2290
393 2291
393 2292
393 2293
393 2294
394 2295
394 2296
394 2297
394 2298
395 2299
396 2300
397 2301
397 2302
398 2303
398 2304
399 2305
400 2306
401 2307
402 2308
402 2309
403 2309
404 2310
404 2311
405 2311
406 2312
406 2313
407 2313
408 2314
408 2315
409 2315
410 2316
410 2317
411 2317
412 2318
412 2319
413 2319
414 2320
414 2321
415 2321
416 2322
416 2323
417 2323
418 2324
418 2325
419 2325
420 2326
420 2327
421 2327
422 2328
422 2329
423 2329
424 2330
424 2331
425 2331
426 2332
426 2333
427 2333
428 2334
429 2335
430 2335
431 2336
432 2336
433 2337
434 2337
435 2337
436 2337
437 2338
438 2338
439 2338
440 2338
441 2338
442 2338
443 2338
444 2338
445 2339
446 2339
447 2339
448 2340
449 2341
450 2341
451 2341
452 2341
453 2342
454 2342
455 2342
456 2342
457 2343
458 2343
459 2343
460 2344
461 2345
462 2345
463 2345
464 2345
465 2346
466 2346
467 2346
468 2346
469 2346
470 2346
471 2346
472 2346
473 2346
474 2346
475 2347
476 2347
477 2347
478 2348
479 2349
480 2349
481 2349
482 2349
483 2350
484 2350
485 2351
486 2351
487 2351
488 2351
489 2352
490 2352
491 2352
492 2352
493 2353
494 2353
495 2353
496 2353
497 2354
498 2354
499 2354
500 2354
501 2354
502 2354
503 2354
504 2354
505 2354
506 2354
507 2354
508 2354
509 2354
510 2354
511 2355
512 2355
513 2355
514 2355
515 2356
516 2356
517 2356
518 2356
519 2356
520 2356
521 2356
522 2356
523 2357
524 2357
525 2357
526 2357
527 2358
528 2358
529 2358
530 2358
531 2358
532 2358
533 2358
534 2358
535 2358
536 2358
537 2358
538 2358
539 2359
540 2359
541 2360
542 2360
543 2361
544 2362
545 2363
546 2363
547 2363
548 2363
549 2364
550 2364
551 2365
552 2365
553 2365
554 2366
555 2367
556 2367
557 2367
558 2367
559 2368
560 2368
561 2368
562 2368
563 2369
564 2369
565 2369
566 2369
567 2370
568 2370
569 2371
570 2371
571 2371
572 2371
573 2372
574 2372
575 2372
576 2372
577 2372
578 2372
579 2373
580 2373
581 2373
582 2374
583 2375
584 2375
585 2375
586 2375
587 2376
588 2376
589 2376
590 2376
591 2376
592 2376
593 2376
594 2376
595 2376
596 2376
597 2376
598 2376
599 2376
600 2376
601 2377
602 2377
603 2377
604 2377
605 2378
606 2378
607 2378
608 2378
609 2378
610 2378
611 2377
612 2377
613 2377
614 2377
615 2376
616 2376
617 2376
618 2376
619 2377
620 2377
621 2377
622 2377
623 2378
624 2378
625 2378
626 2378
627 2378
628 2378
629 2378
630 2378
631 2378
632 2378
633 2378
634 2378
635 2378
636 2378
637 2379
638 2379
639 2379
640 2379
641 2380
642 2380
643 2380
644 2380
645 2380
646 2380
647 2380
648 2380
649 2380
650 2380
651 2380
652 2380
653 2380
654 2380
655 2380
656 2380
657 2380
658 2380
659 2380
660 2380
661 2380
662 2380
663 2380
664 2380
665 2380
666 2380
667 2380
668 2380
669 2380
670 2380
671 2380
672 2380
673 2379
674 2379
675 2378
676 2377
677 2377
678 2376
679 2375
680 2375
681 2374
682 2374
683 2373
684 2373
685 2373
686 2373
687 2372
688 2372
689 2372
690 2372
691 2372
692 2372
693 2372
694 2372
695 2372
696 2372
697 2372
698 2372
699 2372
700 2372
701 2372
702 2372
703 2372
704 2372
705 2372
706 2372
707 2372
708 2372
709 2372
710 2372
711 2372
712 2372
713 2372
714 2372
715 2371
716 2371
717 2371
718 2371
719 2370
720 2369
721 2369
722 2369
723 2368
724 2368
725 2368
726 2368
727 2368
728 2368
729 2368
730 2368
731 2368
732 2368
733 2368
734 2368
735 2368
736 2368
737 2368
738 2368
739 2368
740 2368
741 2368
742 2368
743 2368
744 2368
745 2368
746 2368
747 2367
748 2367
749 2367
750 2367
751 2366
752 2366
753 2366
754 2366
755 2366
756 2366
757 2366
758 2366
759 2366
760 2366
761 2366
762 2366
763 2366
764 2366
765 2366
766 2366
767 2365
768 2365
769 2365
770 2365
771 2364
772 2364
773 2364
774 2364
775 2364
776 2364
777 2364
778 2364
779 2363
780 2363
781 2363
782 2363
783 2362
784 2362
785 2362
786 2362
787 2361
788 2361
789 2361
790 2361
791 2360
792 2360
793 2359
794 2359
795 2359
796 2359
797 2358
798 2357
799 2356
800 2356
801 2355
802 2355
803 2354
804 2354
805 2353
806 2353
807 2353
808 2353
809 2352
810 2352
811 2351
812 2351
813 2350
814 2349
815 2349
815 2348
816 2347
817 2346
818 2345
819 2344
819 2343
820 2342
821 2341
821 2340
822 2339
823 2339
823 2338
824 2337
825 2336
825 2335
826 2334
826 2333
827 2332
827 2331
827 2330
827 2329
828 2328
828 2327
829 2326
829 2325
829 2324
830 2323
831 2322
831 2321
831 2320
831 2319
832 2318
832 2317
832 2316
832 2315
832 2314
832 2313
832 2312
832 2311
832 2310
832 2309
831 2308
831 2307
831 2306
831 2305
830 2304
829 2303
829 2302
829 2301
828 2300
827 2299
826 2298
825 2297
825 2296
824 2296
823 2295
823 2294
822 2294
821 2293
821 2292
820 2292
819 2291
819 2290
818 2290
817 2289
817 2288
816 2288
815 2287
814 2286
813 2285
812 2284
811 2284
810 2283
809 2283
808 2282
807 2281
806 2280
805 2280
804 2280
803 2279
802 2278
801 2278
800 2278
799 2277
798 2276
797 2276
796 2276
795 2276
794 2275
793 2275
792 2275
791 2275
790 2275
789 2275
788 2275
787 2275
786 2275
785 2275
784 2275
783 2275
782 2275
781 2275
780 2275
779 2275
778 2275
777 2275
776 2276
775 2276
774 2276
773 2276
772 2277
771 2277
770 2277
769 2277
768 2276
767 2276
766 2276
765 2276
764 2275
763 2275
762 2275
761 2275
760 2275
759 2275
758 2275
757 2275
756 2275
755 2275
754 2276
753 2276
752 2276
751 2276
750 2277
749 2277
748 2277
747 2277
746 2276
745 2276
744 2276
743 2276
742 2275
741 2275
740 2275
739 2275
738 2275
737 2275
736 2275
735 2275
734 2275
733 2275
732 2275
731 2275
730 2275
729 2275
728 2275
727 2275
726 2275
725 2275
724 2275
723 2275
722 2275
721 2275
720 2276
719 2276
718 2277
717 2277
716 2278
715 2278
714 2279
713 2280
712 2280
711 2280
710 2281
709 2281
708 2281
707 2281
706 2281
705 2281
704 2281
703 2281
702 2281
701 2281
700 2281
699 2281
698 2281
697 2281
696 2281
695 2281
694 2281
693 2281
692 2281
691 2281
690 2281
689 2281
688 2281
687 2281
686 2280
685 2280
684 2280
683 2280
682 2279
681 2279
680 2279
679 2279
678 2279
677 2279
676 2279
675 2279
674 2279
673 2279
672 2279
671 2279
670 2279
669 2279
668 2279
667 2279
666 2279
665 2279
664 2279
663 2279
662 2279
661 2279
660 2279
659 2279
658 2278
657 2278
656 2278
655 2278
654 2277
653 2277
652 2277
651 2277
650 2277
649 2277
648 2277
647 2277
646 2277
645 2277
644 2277
643 2277
642 2277
641 2277
640 2277
639 2277
638 2277
637 2277
636 2276
635 2276
634 2276
633 2276
632 2275
631 2275
630 2275
629 2275
628 2275
627 2275
626 2275
625 2275
624 2275
623 2275
622 2275
621 2275
620 2275
619 2275
618 2275
617 2275
616 2275
615 2275
614 2275
613 2275
612 2275
611 2275
610 2275
609 2275
608 2275
607 2275
606 2275
605 2275
604 2275
603 2275
602 2275
601 2275
600 2275
599 2275
598 2275
597 2275
596 2275
595 2275
594 2275
593 2275
592 2275
591 2275
590 2275
589 2275
588 2275
587 2275
586 2275
585 2275
584 2275
583 2275
582 2275
581 2275
580 2275
579 2275
578 2275
577 2275
576 2275
575 2275
574 2275
573 2275
572 2275
571 2275
570 2275
569 2275
568 2275
567 2275
566 2275
565 2275
564 2276
563 2276
562 2276
561 2276
560 2277
559 2277
558 2277
557 2277
556 2277
555 2277
554 2277
553 2277
552 2276
551 2276
550 2276
549 2276
548 2275
547 2275
546 2275
545 2275
544 2275
543 2275
542 2275
541 2275
540 2276
539 2276
538 2277
537 2278
536 2278
535 2279
534 2280
533 2280
532 2281
531 2281
530 2281
529 2281
528 2281
527 2281
526 2281
525 2281
524 2281
523 2281
522 2281
521 2281
520 2280
519 2280
518 2279
517 2279
516 2278
515 2278
514 2277
513 2277
512 2277
511 2277
510 2277
509 2277
508 2277
507 2277
506 2276
505 2276
504 2275
503 2275
502 2274
501 2274
500 2273
499 2273
498 2273
497 2273
496 2274
495 2274
494 2274
493 2274
492 2275
491 2275
490 2275
489 2275
488 2275
487 2275
486 2275
485 2275
484 2275
483 2275
482 2275
481 2275
480 2275
479 2275
478 2275
477 2275
476 2275
475 2275
474 2275
473 2275
472 2275
471 2275
470 2275
469 2275
468 2274
467 2274
466 2274
465 2274
464 2273
463 2273
462 2272
461 2272
460 2272
459 2272
458 2271
457 2271
456 2270
455 2270
454 2270
453 2270
452 2269
451 2269
450 2269
449 2269
448 2269
447 2269
446 2269
445 2269
444 2268
443 2268
442 2268
441 2268
440 2267
439 2267
438 2267
437 2267
436 2267
435 2267
