969 407
968 408
967 408
966 408
965 408
964 409
963 409
962 409
961 409
960 409
959 409
958 409
957 409
956 409
955 409
954 410
953 410
952 410
951 410
950 411
949 411
948 411
947 411
946 412
945 412
944 412
943 412
942 413
941 413
940 413
939 413
938 414
937 414
936 414
935 414
934 415
933 415
932 415
931 415
930 415
929 415
928 415
927 415
926 415
925 415
924 415
923 415
922 415
921 415
920 415
919 415
918 415
917 415
916 415
915 415
914 415
913 415
912 415
911 415
910 415
909 415
908 415
907 415
906 415
905 415
904 415
903 415
902 415
901 415
900 415
899 415
898 415
897 415
896 416
895 416
894 416
893 416
892 417
891 417
890 417
889 417
888 417
887 417
886 417
885 417
884 417
883 417
882 417
881 417
880 417
879 417
878 417
877 417
876 418
875 418
874 418
873 418
872 419
871 419
870 419
869 419
868 420
867 420
866 420
865 420
864 421
863 422
862 422
861 422
860 423
859 423
858 423
857 423
856 423
855 423
854 423
853 423
852 423
851 423
850 424
849 424
848 425
847 425
846 426
845 426
844 427
843 427
842 427
841 427
840 427
839 427
838 427
837 427
836 427
835 427
834 427
833 427
832 427
831 427
830 427
829 427
828 427
827 427
826 428
825 428
824 429
823 429
822 430
821 430
820 431
819 432
818 432
817 432
816 433
815 433
814 433
813 433
812 433
811 433
810 433
809 433
808 433
807 433
806 432
805 432
804 432
803 432
802 431
801 431
800 431
799 431
798 431
797 431
796 431
795 431
794 431
793 431
792 431
791 431
790 431
789 431
788 432
787 432
786 433
785 433
784 434
783 434
782 435
781 435
780 436
779 436
778 437
777 438
776 438
776 439
775 440
774 440
774 441
773 442
772 442
772 443
771 444
770 444
770 445
769 446
768 446
768 447
767 448
766 448
766 449
765 450
764 450
763 451
762 452
761 452
760 453
759 453
758 454
757 454
756 455
755 456
754 456
754 457
753 458
752 458
752 459
751 460
750 460
750 461
749 462
748 462
747 463
746 464
745 464
744 465
743 466
742 466
741 466
740 467
739 468
738 468
737 468
736 469
735 470
734 471
733 472
732 472
732 473
731 474
730 474
730 475
729 476
728 476
728 477
727 478
726 478
726 479
725 480
724 480
724 481
723 482
722 482
722 483
721 484
720 484
720 485
719 486
718 487
717 488
716 489
716 490
715 491
714 492
714 493
713 494
712 494
712 495
711 496
710 496
710 497
709 498
708 498
708 499
707 500
706 501
705 502
704 503
704 504
704 505
704 506
703 507
703 508
703 509
703 510
703 511
703 512
703 513
703 514
703 515
703 516
703 517
703 518
703 519
703 520
703 521
703 522
703 523
703 524
703 525
703 526
703 527
703 528
704 529
704 530
705 531
706 531
707 532
708 532
709 532
710 532
711 532
712 532
713 533
714 533
715 533
716 533
717 534
718 534
719 534
720 534
721 534
722 534
723 534
724 534
725 534
726 534
727 534
728 534
729 534
730 534
731 534
732 534
733 534
734 534
735 535
736 535
737 535
738 535
739 536
740 536
741 537
742 537
743 537
744 538
745 539
746 539
747 539
748 539
749 540
750 540
751 540
752 540
753 541
754 541
755 541
756 541
757 542
758 542
759 542
760 542
761 542
762 542
763 542
764 542
765 543
766 543
767 543
768 543
769 544
770 544
771 544
772 544
773 544
774 544
775 544
776 544
777 544
778 544
779 544
780 544
781 544
782 544
783 544
784 544
785 544
786 544
787 544
788 544
789 544
790 544
791 544
792 544
793 544
794 544
795 544
796 544
797 544
798 544
799 544
800 544
801 544
802 544
803 544
804 544
805 544
806 544
807 544
808 544
809 544
810 544
811 544
812 544
813 543
814 543
815 543
816 543
817 542
818 542
819 543
820 543
821 543
822 543
823 544
824 544
825 544
826 544
827 544
828 544
829 544
830 544
831 544
832 544
833 544
834 544
835 544
836 544
837 544
838 544
839 544
840 544
841 544
842 544
843 544
844 544
845 544
846 544
847 544
848 544
849 544
850 544
851 544
852 544
853 544
854 544
855 544
856 544
857 544
858 544
859 544
860 544
861 544
862 544
863 544
864 544
865 544
866 544
867 544
868 544
869 544
870 544
871 544
872 544
873 544
874 544
875 544
876 544
877 544
878 544
879 544
880 544
881 544
882 544
883 544
884 544
885 545
886 545
887 545
888 545
889 546
890 546
891 546
892 546
893 546
894 546
895 546
896 546
897 546
898 546
899 546
900 546
901 547
902 547
903 548
904 548
905 549
906 549
907 550
908 550
909 550
910 550
911 550
912 550
913 551
914 551
915 551
916 551
917 552
918 552
919 552
920 552
921 552
922 552
923 553
924 553
925 553
926 553
927 554
928 554
929 554
930 554
931 554
932 554
933 555
934 555
935 555
936 555
937 556
938 556
939 556
940 556
941 556
942 556
943 556
944 556
945 556
946 556
947 556
948 556
949 556
950 556
951 556
952 556
953 556
954 556
955 556
956 556
957 556
958 556
959 556
960 556
961 556
962 556
963 556
964 556
965 556
966 556
967 556
968 556
969 556
970 556
971 555
972 555
973 555
974 555
975 554
976 553
977 552
978 551
979 551
980 550
981 549
982 549
983 548
984 548
985 548
986 548
987 547
988 547
989 546
990 545
991 545
991 544
992 543
993 543
993 542
994 541
995 541
995 540
996 539
997 539
997 538
998 537
999 537
999 536
1000 535
1001 535
1001 534
1002 533
1003 533
1003 532
1004 531
1005 531
1005 530
1006 529
1007 529
1008 528
1009 527
1010 527
1011 526
1012 526
1013 526
1014 526
1015 526
1016 526
1017 525
1018 525
1019 524
1020 524
1021 523
1022 523
1023 522
1024 521
1025 520
1026 520
1027 519
1028 519
1029 518
1030 517
1031 516
1032 515
1033 515
1033 514
1034 513
1035 513
1035 512
1036 511
1037 510
1038 509
1039 508
1039 507
1039 506
1039 505
1040 504
1040 503
1040 502
1040 501
1040 500
1040 499
1040 498
1040 497
1040 496
1040 495
1040 494
1040 493
1040 492
1040 491
1040 490
1040 489
1040 488
1040 487
1040 486
1040 485
1039 484
1039 483
1039 482
1039 481
1038 480
1038 479
1037 478
1037 477
1036 476
1035 475
1035 474
1034 474
1033 473
1033 472
1032 472
1031 471
1031 470
1030 470
1029 469
1029 468
1028 468
1027 467
1027 466
1026 466
1025 465
1025 464
1024 463
1023 462
1023 461
1022 460
1021 459
1020 458
1019 457
1019 456
1018 456
1017 455
1016 454
1015 454
1014 453
1013 453
1012 453
1011 453
1010 453
1009 453
1008 453
1007 453
1006 452
1005 452
1004 451
1003 450
1002 449
1001 448
1001 447
1000 446
1000 445
1000 444
1000 443
1000 442
1000 441
1000 440
1000 439
1000 438
1000 437
1000 436
1000 435
1000 434
1000 433
1000 432
1000 431
1000 430
1000 429
1000 428
1000 427
1000 426
1000 425
1000 424
1000 423
1000 422
1000 421
999 420
999 419
998 418
997 417
997 416
996 416
995 415
995 414
994 414
993 413
993 412
992 412
991 411
991 410
990 410
989 409
988 408
987 408
986 407
985 407
984 407
983 407
982 407
981 407
980 407
979 407
978 407
977 407
976 407
975 407
974 407
973 407
972 407
971 407
970 407
969 407
