735 1109
734 1110
733 1110
732 1111
731 1111
730 1112
729 1112
728 1113
727 1113
726 1113
725 1113
724 1113
723 1113
722 1113
721 1113
720 1113
719 1113
718 1113
717 1113
716 1113
715 1113
714 1113
713 1113
712 1113
711 1113
710 1113
709 1113
708 1113
707 1113
706 1113
705 1113
704 1113
703 1113
702 1113
701 1113
700 1113
699 1113
698 1113
697 1113
696 1113
695 1113
694 1114
693 1114
692 1114
691 1114
690 1115
689 1116
688 1117
687 1118
686 1118
685 1119
684 1120
683 1120
682 1121
681 1121
680 1120
679 1120
678 1120
677 1120
676 1119
675 1119
674 1119
673 1119
672 1119
671 1119
670 1119
669 1119
668 1119
667 1119
666 1120
665 1120
664 1120
663 1120
662 1121
661 1121
660 1121
659 1121
658 1121
657 1121
656 1121
655 1121
654 1121
653 1121
652 1121
651 1121
650 1121
649 1121
648 1121
647 1121
646 1121
645 1121
644 1121
643 1121
642 1121
641 1121
640 1121
639 1121
638 1121
637 1121
636 1121
635 1121
634 1121
633 1121
632 1121
631 1121
630 1121
629 1121
628 1121
627 1121
626 1121
625 1121
624 1121
623 1121
622 1121
621 1121
620 1121
619 1121
618 1121
617 1121
616 1120
615 1120
614 1120
613 1120
612 1119
611 1119
610 1119
609 1119
608 1119
607 1119
606 1119
605 1119
604 1119
603 1119
602 1119
601 1119
600 1119
599 1119
598 1120
597 1120
596 1120
595 1120
594 1121
593 1121
592 1122
591 1122
590 1123
589 1123
588 1124
587 1124
586 1125
585 1126
584 1127
583 1128
582 1129
582 1130
582 1131
582 1132
581 1133
581 1134
581 1135
581 1136
581 1137
581 1138
581 1139
581 1140
581 1141
581 1142
581 1143
581 1144
581 1145
581 1146
582 1147
583 1148
583 1149
584 1149
585 1150
586 1151
587 1151
588 1152
588 1153
589 1153
590 1154
590 1155
591 1155
592 1156
592 1157
593 1157
594 1158
594 1159
595 1159
596 1160
596 1161
597 1161
598 1162
599 1163
600 1163
601 1164
602 1164
603 1165
604 1165
605 1166
606 1167
607 1168
608 1169
608 1170
609 1171
610 1172
611 1173
612 1174
613 1175
614 1175
615 1175
616 1176
617 1177
618 1177
619 1177
620 1177
621 1178
622 1178
623 1178
624 1178
625 1179
626 1179
627 1179
628 1179
629 1180
630 1180
631 1181
632 1181
633 1181
634 1181
635 1182
636 1182
637 1182
638 1182
639 1183
640 1183
641 1183
642 1183
643 1184
644 1184
645 1184
646 1184
647 1185
648 1185
649 1186
650 1187
651 1187
652 1188
653 1189
654 1190
655 1191
656 1191
657 1191
658 1191
659 1192
660 1192
661 1192
662 1192
663 1193
664 1193
665 1193
666 1194
667 1195
668 1195
669 1195
670 1195
671 1196
672 1196
673 1196
674 1196
675 1196
676 1196
677 1196
678 1196
679 1196
680 1196
681 1197
682 1197
683 1197
684 1197
685 1198
686 1198
687 1198
688 1198
689 1198
690 1198
691 1199
692 1199
693 1199
694 1199
695 1200
696 1200
697 1200
698 1200
699 1200
700 1200
701 1200
702 1200
703 1200
704 1200
705 1201
706 1201
707 1201
708 1201
709 1202
710 1202
711 1202
712 1202
713 1202
714 1202
715 1201
716 1201
717 1200
718 1200
719 1199
720 1199
721 1199
722 1199
723 1199
724 1200
725 1201
726 1201
727 1202
728 1203
729 1203
730 1204
731 1205
732 1206
733 1207
734 1207
735 1207
736 1207
737 1208
738 1208
739 1208
740 1208
741 1208
742 1208
743 1208
744 1208
745 1208
746 1208
747 1208
748 1208
749 1208
750 1208
751 1208
752 1208
753 1208
754 1208
755 1208
756 1208
757 1208
758 1208
759 1208
760 1208
761 1208
762 1208
763 1207
764 1207
765 1206
765 1205
766 1204
766 1203
766 1202
766 1201
767 1200
768 1199
769 1198
770 1197
771 1196
772 1196
773 1195
774 1195
775 1194
776 1194
777 1194
778 1194
779 1194
780 1194
781 1194
782 1194
783 1193
784 1193
785 1192
786 1191
787 1191
787 1190
788 1189
789 1189
789 1188
790 1187
791 1186
791 1185
792 1184
792 1183
793 1182
793 1181
793 1180
794 1179
795 1178
795 1177
795 1176
796 1175
797 1174
797 1173
798 1172
799 1171
799 1170
800 1169
801 1169
802 1168
803 1167
804 1167
805 1166
806 1165
807 1164
808 1164
809 1163
810 1163
811 1162
812 1162
813 1161
814 1161
815 1160
816 1159
817 1158
817 1157
818 1156
818 1155
818 1154
818 1153
818 1152
818 1151
818 1150
818 1149
818 1148
818 1147
818 1146
818 1145
818 1144
818 1143
817 1142
817 1141
816 1140
815 1139
814 1138
813 1137
812 1136
811 1136
810 1135
809 1135
808 1134
807 1133
806 1132
805 1132
804 1131
803 1130
802 1130
801 1129
801 1128
800 1128
799 1127
799 1126
798 1126
797 1125
796 1124
795 1123
794 1122
793 1122
792 1122
791 1122
790 1121
789 1121
788 1121
787 1121
786 1121
785 1121
784 1120
783 1120
782 1119
781 1118
780 1118
779 1117
778 1116
777 1116
776 1115
775 1115
774 1114
773 1114
772 1114
771 1113
770 1112
769 1112
768 1112
767 1112
766 1111
765 1111
764 1111
763 1111
762 1111
761 1111
760 1111
759 1111
758 1111
757 1111
756 1111
755 1111
754 1110
753 1110
752 1110
751 1110
750 1109
749 1109
748 1109
747 1109
746 1109
745 1109
744 1109
743 1109
742 1109
741 1109
740 1109
739 1109
738 1109
737 1109
736 1109
735 1109
