403 5061
402 5062
401 5062
400 5063
399 5064
398 5064
398 5065
397 5066
396 5066
396 5067
395 5068
394 5068
394 5069
393 5070
392 5070
392 5071
391 5072
390 5072
390 5073
389 5074
388 5075
388 5076
387 5077
387 5078
387 5079
387 5080
386 5081
386 5082
386 5083
386 5084
385 5085
385 5086
385 5087
385 5088
384 5089
384 5090
384 5091
384 5092
383 5093
383 5094
383 5095
383 5096
383 5097
383 5098
383 5099
383 5100
383 5101
383 5102
383 5103
383 5104
383 5105
383 5106
383 5107
383 5108
383 5109
383 5110
383 5111
383 5112
383 5113
383 5114
383 5115
383 5116
383 5117
383 5118
383 5119
383 5120
383 5121
383 5122
383 5123
383 5124
383 5125
383 5126
383 5127
383 5128
384 5129
384 5130
385 5131
385 5132
386 5133
386 5134
387 5135
387 5136
387 5137
387 5138
387 5139
387 5140
388 5141
388 5142
389 5143
390 5144
390 5145
391 5145
392 5146
392 5147
393 5147
394 5148
394 5149
395 5149
396 5150
396 5151
397 5151
398 5152
399 5153
400 5154
401 5155
402 5155
403 5155
404 5155
405 5156
406 5156
407 5157
408 5157
409 5158
410 5158
411 5159
412 5159
413 5160
414 5160
415 5160
416 5160
417 5161
418 5161
419 5161
420 5161
421 5162
422 5162
423 5163
424 5163
425 5164
426 5165
427 5165
428 5166
428 5167
429 5167
430 5168
431 5169
432 5169
433 5170
434 5170
435 5170
436 5170
437 5170
438 5170
439 5170
440 5170
441 5171
442 5171
443 5171
444 5172
445 5173
446 5173
447 5173
448 5173
449 5174
450 5174
451 5174
452 5174
453 5174
454 5174
455 5174
456 5174
457 5175
458 5175
459 5176
460 5176
461 5177
462 5177
463 5178
464 5178
465 5179
466 5179
467 5179
468 5179
469 5180
470 5180
471 5180
472 5180
473 5180
474 5180
475 5180
476 5180
477 5180
478 5180
479 5181
480 5181
481 5181
482 5181
483 5182
484 5182
485 5182
486 5182
487 5182
488 5182
489 5182
490 5182
491 5182
492 5182
493 5182
494 5182
495 5182
496 5182
497 5182
498 5182
499 5183
500 5183
501 5183
502 5184
503 5185
504 5185
505 5185
506 5185
507 5186
508 5186
509 5186
510 5186
511 5186
512 5186
513 5186
514 5186
515 5186
516 5186
517 5187
518 5187
519 5187
520 5187
521 5188
522 5188
523 5188
524 5188
525 5188
526 5188
527 5188
528 5188
529 5188
530 5188
531 5188
532 5188
533 5188
534 5188
535 5188
536 5188
537 5188
538 5188
539 5188
540 5188
541 5188
542 5188
543 5188
544 5188
545 5188
546 5188
547 5188
548 5188
549 5188
550 5188
551 5188
552 5188
553 5188
554 5188
555 5188
556 5188
557 5188
558 5188
559 5188
560 5188
561 5188
562 5188
563 5188
564 5188
565 5188
566 5188
567 5188
568 5188
569 5187
570 5187
571 5187
572 5187
573 5186
574 5186
575 5186
576 5186
577 5186
578 5186
579 5186
580 5186
581 5186
582 5186
583 5185
584 5185
585 5185
586 5185
587 5184
588 5184
589 5184
590 5184
591 5184
592 5184
593 5184
594 5184
595 5184
596 5184
597 5183
598 5183
599 5183
600 5183
601 5182
602 5182
603 5182
604 5182
605 5182
606 5182
607 5182
608 5182
609 5182
610 5182
611 5182
612 5182
613 5182
614 5182
615 5182
616 5182
617 5182
618 5182
619 5181
620 5181
621 5181
622 5181
623 5180
624 5180
625 5180
626 5180
627 5180
628 5180
629 5180
630 5180
631 5180
632 5180
633 5180
634 5180
635 5180
636 5180
637 5179
638 5179
639 5179
640 5179
641 5178
642 5178
643 5178
644 5178
645 5178
646 5178
647 5178
648 5178
649 5178
650 5178
651 5178
652 5178
653 5178
654 5178
655 5178
656 5178
657 5177
658 5177
659 5176
660 5175
661 5175
662 5174
663 5173
664 5173
665 5172
666 5172
667 5172
668 5172
669 5171
670 5171
671 5171
672 5171
673 5170
674 5169
675 5168
676 5167
677 5167
677 5166
678 5165
679 5165
679 5164
680 5163
681 5163
681 5162
682 5161
683 5161
683 5160
684 5159
685 5159
685 5158
686 5157
687 5156
687 5155
688 5154
688 5153
688 5152
688 5151
687 5150
687 5149
687 5148
687 5147
686 5146
686 5145
685 5144
685 5143
685 5142
685 5141
684 5140
684 5139
684 5138
684 5137
684 5136
684 5135
683 5134
683 5133
683 5132
683 5131
682 5130
682 5129
681 5128
681 5127
681 5126
681 5125
680 5124
680 5123
680 5122
680 5121
680 5120
680 5119
679 5118
679 5117
679 5116
679 5115
678 5114
678 5113
678 5112
678 5111
678 5110
678 5109
678 5108
678 5107
678 5106
678 5105
678 5104
678 5103
677 5102
677 5101
676 5100
675 5099
675 5098
674 5098
673 5097
673 5096
672 5096
671 5095
671 5094
670 5094
669 5093
669 5092
668 5092
667 5091
667 5090
666 5089
665 5088
665 5087
664 5086
664 5085
663 5084
663 5083
662 5082
661 5082
660 5081
659 5081
658 5080
657 5080
656 5079
655 5078
654 5078
653 5077
653 5076
652 5076
651 5075
651 5074
650 5074
649 5073
648 5072
647 5071
646 5070
645 5070
644 5070
643 5070
642 5069
641 5069
640 5069
639 5069
638 5069
637 5069
636 5070
635 5070
634 5070
633 5070
632 5071
631 5072
630 5072
629 5072
628 5073
627 5073
626 5073
625 5073
624 5073
623 5073
622 5073
621 5073
620 5073
619 5073
618 5073
617 5073
616 5073
615 5073
614 5073
613 5073
612 5073
611 5073
610 5072
609 5072
608 5072
607 5072
606 5071
605 5071
604 5071
603 5071
602 5070
601 5070
600 5070
599 5070
598 5069
597 5069
596 5069
595 5069
594 5069
593 5069
592 5069
591 5069
590 5069
589 5069
588 5069
587 5069
586 5069
585 5069
584 5069
583 5069
582 5068
581 5068
580 5068
579 5068
578 5067
577 5067
576 5067
575 5067
574 5067
573 5067
572 5067
571 5067
570 5067
569 5067
568 5067
567 5067
566 5068
565 5068
564 5068
563 5068
562 5069
561 5069
560 5069
559 5069
558 5069
557 5069
556 5070
555 5070
554 5070
553 5070
552 5071
551 5071
550 5071
549 5071
548 5071
547 5071
546 5071
545 5071
544 5071
543 5071
542 5071
541 5071
540 5071
539 5071
538 5071
537 5071
536 5071
535 5071
534 5071
533 5071
532 5071
531 5071
530 5071
529 5071
528 5071
527 5071
526 5071
525 5071
524 5071
523 5071
522 5071
521 5071
520 5071
519 5071
518 5071
517 5071
516 5071
515 5071
514 5071
513 5071
512 5071
511 5071
510 5071
509 5071
508 5071
507 5071
506 5071
505 5071
504 5071
503 5071
502 5070
501 5070
500 5069
499 5069
498 5068
497 5068
496 5067
495 5067
494 5066
493 5066
492 5066
491 5066
490 5065
489 5065
488 5065
487 5065
486 5065
485 5065
484 5065
483 5065
482 5065
481 5065
480 5065
479 5065
478 5065
477 5065
476 5065
475 5065
474 5065
473 5065
472 5064
471 5064
470 5064
469 5064
468 5063
467 5063
466 5063
465 5063
464 5064
463 5064
462 5064
461 5064
460 5065
459 5065
458 5065
457 5065
456 5064
455 5064
454 5064
453 5063
452 5062
451 5062
450 5062
449 5062
448 5061
447 5061
446 5061
445 5061
444 5061
443 5061
442 5061
441 5061
440 5061
439 5061
438 5061
437 5061
436 5061
435 5061
434 5061
433 5061
432 5061
431 5061
430 5061
429 5061
428 5061
427 5061
426 5061
425 5061
424 5061
423 5061
422 5061
421 5061
420 5061
419 5061
418 5061
417 5061
416 5061
415 5061
414 5061
413 5061
412 5061
411 5061
410 5061
409 5061
408 5061
407 5061
406 5061
405 5061
404 5061
403 5061
