887 827
886 828
885 828
884 828
883 828
882 829
881 829
880 829
879 829
878 829
877 829
876 829
875 829
874 829
873 829
872 829
871 829
870 829
869 829
868 830
867 830
866 830
865 830
864 831
863 831
862 831
861 831
860 831
859 831
858 831
857 831
856 831
855 831
854 831
853 831
852 831
851 831
850 831
849 831
848 831
847 831
846 832
845 832
844 832
843 832
842 833
841 833
840 833
839 833
838 833
837 833
836 833
835 833
834 833
833 833
832 834
831 834
830 834
829 834
828 835
827 835
826 835
825 835
824 835
823 835
822 835
821 835
820 836
819 836
818 836
817 836
816 837
815 837
814 837
813 837
812 837
811 837
810 837
809 837
808 838
807 838
806 838
805 838
804 839
803 839
802 840
801 840
800 840
799 840
798 841
797 841
796 842
795 842
794 842
793 842
792 843
791 843
790 843
789 843
788 844
787 844
786 844
785 844
784 845
783 845
782 845
781 845
780 846
779 846
778 847
777 847
776 848
775 848
774 849
773 849
772 849
771 849
770 849
769 849
768 849
767 849
766 850
765 850
764 850
763 850
762 851
761 852
760 852
759 852
758 853
757 853
756 854
755 854
754 854
753 854
752 855
751 855
750 855
749 855
748 856
747 856
746 856
745 856
744 857
743 857
742 858
741 858
740 858
739 858
738 859
737 860
736 860
735 860
734 861
733 861
732 861
731 861
730 862
729 862
728 862
727 862
726 863
725 863
724 864
723 864
722 864
721 864
720 865
719 865
718 866
717 866
716 866
715 866
714 867
713 867
712 868
711 868
710 868
709 868
708 869
707 870
706 870
705 870
704 871
703 871
702 872
701 872
700 872
699 872
698 873
697 874
696 874
695 874
694 875
693 875
692 876
691 876
690 876
689 876
688 877
687 878
686 878
685 878
684 879
683 879
682 880
681 880
680 881
679 881
678 882
677 882
676 883
675 884
674 884
673 884
672 885
671 886
670 886
669 886
668 887
667 888
666 889
665 890
664 890
664 891
663 892
662 892
662 893
661 894
660 894
660 895
659 896
658 897
657 898
656 899
656 900
656 901
655 902
654 903
654 904
653 905
653 906
652 907
652 908
651 909
651 910
651 911
651 912
651 913
651 914
651 915
651 916
651 917
651 918
651 919
651 920
651 921
651 922
652 923
652 924
653 925
654 925
655 926
656 926
657 926
658 926
659 927
660 927
661 927
662 927
663 928
664 928
665 928
666 928
667 929
668 929
669 929
670 929
671 930
672 930
673 930
674 930
675 930
676 930
677 930
678 930
679 931
680 931
681 931
682 931
683 932
684 932
685 932
686 932
687 932
688 932
689 932
690 932
691 932
692 932
693 933
694 933
695 933
696 933
697 934
698 934
699 935
700 935
701 935
702 935
703 936
704 936
705 936
706 936
707 936
708 936
709 936
710 936
711 936
712 936
713 936
714 936
715 936
716 936
717 936
718 936
719 936
720 936
721 936
722 936
723 936
724 936
725 936
726 936
727 936
728 936
729 936
730 936
731 936
732 936
733 936
734 936
735 936
736 936
737 936
738 936
739 936
740 936
741 936
742 936
743 936
744 936
745 936
746 936
747 936
748 936
749 936
750 936
751 936
752 936
753 936
754 936
755 936
756 936
757 936
758 936
759 936
760 936
761 936
762 936
763 936
764 936
765 935
766 935
767 935
768 935
769 934
770 934
771 934
772 934
773 934
774 934
775 934
776 934
777 934
778 934
779 934
780 934
781 934
782 934
783 934
784 934
785 934
786 934
787 934
788 934
789 934
790 934
791 934
792 934
793 934
794 934
795 934
796 934
797 934
798 934
799 934
800 934
801 934
802 934
803 934
804 934
805 934
806 934
807 934
808 934
809 934
810 934
811 934
812 934
813 934
814 934
815 934
816 934
817 934
818 934
819 934
820 934
821 934
822 934
823 934
824 934
825 934
826 934
827 934
828 934
829 935
830 935
831 935
832 935
833 936
834 936
835 936
836 936
837 936
838 936
839 936
840 936
841 936
842 936
843 936
844 936
845 937
846 937
847 937
848 937
849 938
850 938
851 938
852 938
853 938
854 938
855 939
856 939
857 939
858 939
859 940
860 940
861 940
862 940
863 940
864 940
865 940
866 940
867 941
868 941
869 942
870 942
871 943
872 943
873 944
874 944
875 944
876 944
877 944
878 944
879 945
880 945
881 945
882 945
883 946
884 946
885 946
886 946
887 946
888 946
889 946
890 946
891 946
892 946
893 946
894 946
895 946
896 946
897 946
898 946
899 946
900 946
901 946
902 946
903 946
904 946
905 946
906 946
907 946
908 946
909 946
910 946
911 946
912 946
913 947
914 947
915 947
916 947
917 948
918 948
919 948
920 948
921 948
922 948
923 948
924 948
925 948
926 948
927 948
928 948
929 948
930 948
931 948
932 948
933 948
934 948
935 948
936 948
937 948
938 948
939 947
940 947
941 947
942 947
943 946
944 946
945 946
946 946
947 946
948 946
949 946
950 946
951 946
952 946
953 946
954 946
955 946
956 946
957 946
958 946
959 945
960 945
961 945
962 945
963 944
964 944
965 944
966 944
967 944
968 944
969 943
970 943
971 943
972 943
973 942
974 942
975 942
976 942
977 942
978 942
979 942
980 942
981 942
982 942
983 942
984 942
985 941
986 941
987 941
988 941
989 940
990 940
991 940
992 940
993 940
994 940
995 939
996 939
997 938
998 938
999 937
1000 937
1001 936
1002 935
1003 934
1004 933
1005 932
1006 931
1007 930
1007 929
1008 928
1009 927
1009 926
1010 925
1011 924
1011 923
1012 922
1012 921
1012 920
1012 919
1013 918
1013 917
1013 916
1014 915
1015 914
1015 913
1015 912
1015 911
1016 910
1016 909
1016 908
1016 907
1016 906
1016 905
1016 904
1016 903
1016 902
1016 901
1016 900
1016 899
1015 898
1015 897
1015 896
1015 895
1014 894
1014 893
1013 892
1013 891
1013 890
1013 889
1012 888
1012 887
1012 886
1012 885
1012 884
1012 883
1012 882
1012 881
1012 880
1012 879
1011 878
1011 877
1011 876
1011 875
1010 874
1010 873
1009 872
1009 871
1008 870
1007 870
1006 869
1005 869
1004 868
1003 868
1002 868
1001 867
1000 866
999 866
998 865
997 864
996 863
995 862
995 861
994 860
993 859
993 858
993 857
992 856
991 855
991 854
991 853
990 852
989 851
989 850
989 849
988 848
988 847
988 846
988 845
988 844
988 843
988 842
988 841
988 840
988 839
987 838
987 837
986 836
985 836
984 835
983 835
982 835
981 835
980 834
979 834
978 834
977 834
976 833
975 833
974 832
973 832
972 832
971 832
970 831
969 831
968 831
967 831
966 830
965 830
964 830
963 830
962 829
961 829
960 828
959 828
958 828
957 828
956 827
955 827
954 827
953 827
952 827
951 827
950 827
949 827
948 827
947 827
946 827
945 827
944 827
943 827
942 827
941 827
940 827
939 827
938 827
937 827
936 827
935 827
934 827
933 827
932 827
931 827
930 827
929 827
928 827
927 827
926 827
925 827
924 827
923 827
922 827
921 827
920 827
919 827
918 827
917 827
916 827
915 827
914 827
913 827
912 827
911 827
910 827
909 827
908 827
907 827
906 827
905 827
904 827
903 827
902 827
901 827
900 827
899 827
898 827
897 827
896 827
895 827
894 827
893 827
892 827
891 827
890 827
889 827
888 827
887 827
