365 1038
364 1039
363 1039
362 1039
361 1039
360 1040
359 1040
358 1040
357 1040
356 1040
355 1040
354 1040
353 1040
352 1040
351 1040
350 1040
349 1040
348 1040
347 1040
346 1040
345 1040
344 1040
343 1040
342 1040
341 1040
340 1040
339 1040
338 1040
337 1040
336 1040
335 1040
334 1040
333 1040
332 1040
331 1040
330 1040
329 1040
328 1040
327 1040
326 1040
325 1040
324 1040
323 1040
322 1040
321 1040
320 1040
319 1040
318 1040
317 1040
316 1040
315 1040
314 1040
313 1040
312 1040
311 1040
310 1040
309 1040
308 1040
307 1040
306 1040
305 1040
304 1041
303 1041
302 1042
301 1043
300 1043
300 1044
299 1045
298 1045
298 1046
297 1047
296 1047
296 1048
295 1049
294 1049
294 1050
293 1051
292 1051
292 1052
291 1053
290 1054
289 1055
288 1056
288 1057
287 1058
286 1059
286 1060
285 1061
284 1061
284 1062
283 1063
282 1063
282 1064
281 1065
280 1065
280 1066
279 1067
278 1067
278 1068
277 1069
276 1069
276 1070
275 1071
274 1072
273 1073
272 1074
272 1075
271 1076
270 1077
270 1078
269 1079
268 1079
268 1080
267 1081
266 1081
266 1082
265 1083
264 1084
264 1085
263 1086
263 1087
263 1088
263 1089
262 1090
262 1091
261 1092
260 1093
260 1094
259 1095
258 1096
257 1097
256 1098
256 1099
255 1100
254 1101
254 1102
253 1103
252 1103
252 1104
251 1105
250 1105
249 1106
248 1107
247 1107
246 1108
245 1109
244 1110
243 1111
242 1112
242 1113
241 1114
240 1115
240 1116
239 1117
238 1118
237 1119
236 1120
236 1121
236 1122
236 1123
235 1124
235 1125
234 1126
234 1127
234 1128
233 1129
232 1130
232 1131
232 1132
231 1133
230 1134
230 1135
229 1136
229 1137
228 1138
228 1139
227 1140
227 1141
226 1142
226 1143
226 1144
225 1145
224 1146
224 1147
224 1148
224 1149
223 1150
223 1151
224 1152
224 1153
225 1154
226 1155
227 1156
228 1157
229 1158
230 1158
231 1159
232 1160
233 1160
234 1161
234 1162
235 1162
236 1163
236 1164
237 1164
238 1165
239 1166
240 1166
241 1167
242 1167
243 1168
244 1168
245 1168
246 1168
247 1169
248 1169
249 1170
250 1170
251 1170
252 1170
253 1171
254 1171
255 1171
256 1171
257 1171
258 1171
259 1171
260 1171
261 1171
262 1171
263 1171
264 1171
265 1171
266 1171
267 1171
268 1171
269 1171
270 1171
271 1171
272 1171
273 1171
274 1171
275 1171
276 1171
277 1171
278 1171
279 1171
280 1171
281 1171
282 1171
283 1171
284 1171
285 1172
286 1172
287 1172
288 1172
289 1173
290 1173
291 1173
292 1173
293 1173
294 1173
295 1173
296 1173
297 1174
298 1174
299 1174
300 1174
301 1175
302 1175
303 1175
304 1175
305 1175
306 1175
307 1175
308 1175
309 1176
310 1176
311 1176
312 1177
313 1178
314 1178
315 1178
316 1178
317 1179
318 1179
319 1179
320 1179
321 1180
322 1180
323 1180
324 1180
325 1181
326 1181
327 1182
328 1182
329 1182
330 1182
331 1183
332 1183
333 1183
334 1183
335 1184
336 1184
337 1184
338 1185
339 1186
340 1186
341 1186
342 1186
343 1187
344 1187
345 1187
346 1187
347 1187
348 1187
349 1188
350 1188
351 1188
352 1188
353 1189
354 1189
355 1189
356 1189
357 1189
358 1189
359 1189
360 1189
361 1189
362 1189
363 1189
364 1189
365 1189
366 1189
367 1189
368 1189
369 1189
370 1189
371 1189
372 1189
373 1189
374 1189
375 1189
376 1189
377 1188
378 1188
379 1188
380 1188
381 1187
382 1187
383 1187
384 1187
385 1187
386 1187
387 1186
388 1186
389 1186
390 1186
391 1185
392 1184
393 1184
394 1184
395 1183
396 1182
397 1182
398 1182
399 1181
400 1180
401 1180
402 1180
403 1179
404 1178
405 1178
406 1178
407 1177
408 1176
409 1176
410 1176
411 1175
412 1175
413 1175
414 1175
415 1174
416 1174
417 1174
418 1174
419 1173
420 1172
421 1172
422 1172
423 1171
424 1171
425 1170
426 1170
427 1170
428 1170
429 1169
430 1169
431 1168
432 1168
433 1167
434 1167
435 1166
436 1166
437 1165
438 1164
439 1163
440 1163
441 1162
442 1162
443 1161
444 1161
445 1161
446 1161
447 1160
448 1160
449 1160
450 1160
451 1159
452 1158
453 1157
454 1157
455 1156
456 1156
457 1155
458 1154
459 1153
460 1152
461 1152
461 1151
462 1150
463 1150
463 1149
464 1148
465 1148
465 1147
466 1146
467 1146
467 1145
468 1144
469 1143
469 1142
470 1141
470 1140
471 1139
471 1138
472 1137
472 1136
473 1135
473 1134
474 1133
474 1132
474 1131
474 1130
474 1129
474 1128
474 1127
474 1126
474 1125
474 1124
473 1123
473 1122
473 1121
473 1120
472 1119
472 1118
472 1117
472 1116
472 1115
472 1114
472 1113
472 1112
472 1111
472 1110
472 1109
472 1108
472 1107
472 1106
471 1105
471 1104
471 1103
471 1102
470 1101
470 1100
470 1099
470 1098
469 1097
469 1096
469 1095
469 1094
468 1093
468 1092
468 1091
468 1090
468 1089
468 1088
468 1087
468 1086
468 1085
468 1084
468 1083
468 1082
468 1081
468 1080
468 1079
468 1078
468 1077
468 1076
468 1075
468 1074
467 1073
467 1072
466 1071
465 1070
465 1069
464 1068
463 1067
463 1066
462 1065
461 1064
461 1063
461 1062
460 1061
459 1060
459 1059
459 1058
458 1057
457 1056
456 1055
455 1054
454 1053
453 1053
452 1052
451 1052
450 1052
449 1052
448 1052
447 1052
446 1051
445 1051
444 1050
443 1050
442 1049
441 1048
440 1047
439 1047
438 1047
437 1047
436 1046
435 1046
434 1045
433 1045
432 1045
431 1045
430 1044
429 1044
428 1044
427 1044
426 1044
425 1044
424 1044
423 1044
422 1044
421 1044
420 1043
419 1043
418 1043
417 1043
416 1042
415 1042
414 1042
413 1042
412 1042
411 1042
410 1042
409 1042
408 1042
407 1042
406 1042
405 1042
404 1041
403 1041
402 1041
401 1041
400 1040
399 1040
398 1040
397 1040
396 1039
395 1039
394 1039
393 1039
392 1038
391 1038
390 1038
389 1038
388 1038
387 1038
386 1038
385 1038
384 1038
383 1038
382 1038
381 1038
380 1038
379 1038
378 1038
377 1038
376 1038
375 1038
374 1038
373 1038
372 1038
371 1038
370 1038
369 1038
368 1038
367 1038
366 1038
365 1038
