1415 1405
1414 1406
1413 1406
1412 1406
1411 1406
1410 1407
1409 1407
1408 1407
1407 1407
1406 1407
1405 1407
1404 1407
1403 1407
1402 1407
1401 1407
1400 1407
1399 1407
1398 1408
1397 1408
1396 1408
1395 1408
1394 1409
1393 1409
1392 1409
1391 1409
1390 1409
1389 1409
1388 1409
1387 1409
1386 1410
1385 1410
1384 1410
1383 1410
1382 1411
1381 1412
1380 1412
1379 1412
1378 1413
1377 1413
1376 1413
1375 1413
1374 1414
1373 1414
1372 1414
1371 1414
1370 1415
1369 1416
1368 1416
1367 1416
1366 1417
1365 1417
1364 1417
1363 1417
1362 1418
1361 1418
1360 1418
1359 1418
1358 1419
1357 1420
1356 1420
1355 1420
1354 1421
1353 1421
1352 1421
1351 1421
1350 1422
1349 1422
1348 1422
1347 1422
1346 1423
1345 1423
1344 1423
1343 1423
1342 1424
1341 1424
1340 1425
1339 1425
1338 1426
1337 1426
1336 1427
1335 1427
1334 1428
1333 1428
1332 1428
1331 1428
1330 1429
1329 1430
1328 1431
1327 1431
1326 1432
1325 1432
1324 1433
1323 1434
1322 1434
1321 1434
1320 1435
1319 1436
1318 1437
1317 1438
1316 1438
1315 1439
1314 1440
1313 1440
1312 1441
1311 1442
1310 1443
1309 1444
1308 1444
1308 1445
1307 1446
1306 1446
1306 1447
1305 1448
1304 1448
1303 1449
1302 1450
1301 1450
1300 1451
1299 1452
1298 1452
1297 1452
1296 1453
1295 1454
1294 1455
1293 1455
1292 1456
1291 1456
1290 1457
1289 1458
1288 1459
1287 1460
1286 1460
1286 1461
1285 1462
1284 1462
1284 1463
1283 1464
1282 1465
1282 1466
1281 1467
1281 1468
1281 1469
1281 1470
1281 1471
1281 1472
1281 1473
1281 1474
1281 1475
1281 1476
1281 1477
1281 1478
1281 1479
1281 1480
1281 1481
1281 1482
1281 1483
1281 1484
1281 1485
1281 1486
1281 1487
1281 1488
1282 1489
1282 1490
1283 1491
1284 1491
1285 1492
1286 1492
1287 1492
1288 1492
1289 1492
1290 1492
1291 1492
1292 1492
1293 1492
1294 1492
1295 1492
1296 1492
1297 1492
1298 1492
1299 1492
1300 1492
1301 1492
1302 1492
1303 1491
1304 1491
1305 1491
1306 1491
1307 1490
1308 1490
1309 1490
1310 1490
1311 1490
1312 1490
1313 1490
1314 1490
1315 1490
1316 1490
1317 1490
1318 1490
1319 1490
1320 1490
1321 1490
1322 1490
1323 1489
1324 1489
1325 1489
1326 1489
1327 1488
1328 1488
1329 1488
1330 1488
1331 1488
1332 1488
1333 1487
1334 1487
1335 1487
1336 1487
1337 1486
1338 1486
1339 1486
1340 1486
1341 1486
1342 1486
1343 1486
1344 1486
1345 1486
1346 1486
1347 1486
1348 1486
1349 1487
1350 1487
1351 1487
1352 1487
1353 1488
1354 1488
1355 1488
1356 1488
1357 1488
1358 1488
1359 1488
1360 1488
1361 1488
1362 1488
1363 1488
1364 1488
1365 1488
1366 1488
1367 1488
1368 1488
1369 1488
1370 1488
1371 1488
1372 1488
1373 1488
1374 1488
1375 1488
1376 1488
1377 1488
1378 1488
1379 1488
1380 1488
1381 1488
1382 1488
1383 1488
1384 1488
1385 1488
1386 1488
1387 1488
1388 1488
1389 1488
1390 1488
1391 1488
1392 1488
1393 1488
1394 1488
1395 1488
1396 1488
1397 1488
1398 1488
1399 1488
1400 1488
1401 1488
1402 1488
1403 1488
1404 1488
1405 1488
1406 1488
1407 1488
1408 1488
1409 1488
1410 1488
1411 1488
1412 1488
1413 1488
1414 1488
1415 1488
1416 1488
1417 1488
1418 1488
1419 1488
1420 1488
1421 1488
1422 1488
1423 1488
1424 1488
1425 1488
1426 1488
1427 1488
1428 1488
1429 1488
1430 1488
1431 1489
1432 1489
1433 1489
1434 1489
1435 1490
1436 1490
1437 1490
1438 1490
1439 1490
1440 1490
1441 1490
1442 1490
1443 1490
1444 1490
1445 1490
1446 1490
1447 1490
1448 1490
1449 1491
1450 1491
1451 1491
1452 1491
1453 1492
1454 1492
1455 1492
1456 1492
1457 1492
1458 1492
1459 1492
1460 1492
1461 1492
1462 1492
1463 1493
1464 1493
1465 1493
1466 1493
1467 1494
1468 1494
1469 1494
1470 1494
1471 1494
1472 1494
1473 1495
1474 1495
1475 1495
1476 1496
1477 1497
1478 1497
1479 1497
1480 1497
1481 1498
1482 1498
1483 1498
1484 1498
1485 1498
1486 1498
1487 1498
1488 1498
1489 1498
1490 1498
1491 1498
1492 1498
1493 1498
1494 1498
1495 1498
1496 1498
1497 1498
1498 1498
1499 1498
1500 1498
1501 1498
1502 1498
1503 1497
1504 1497
1505 1497
1506 1497
1507 1496
1508 1496
1509 1496
1510 1496
1511 1495
1512 1495
1513 1495
1514 1495
1515 1494
1516 1493
1517 1493
1518 1493
1519 1492
1520 1491
1521 1490
1522 1489
1523 1489
1523 1488
1524 1487
1525 1487
1525 1486
1526 1485
1527 1485
1527 1484
1528 1483
1529 1483
1530 1482
1531 1481
1532 1481
1533 1480
1534 1480
1535 1480
1536 1480
1537 1480
1538 1480
1539 1480
1540 1480
1541 1480
1542 1480
1543 1480
1544 1480
1545 1480
1546 1480
1547 1480
1548 1480
1549 1480
1550 1480
1551 1480
1552 1480
1553 1480
1554 1480
1555 1480
1556 1480
1557 1480
1558 1480
1559 1480
1560 1480
1561 1480
1562 1480
1563 1480
1564 1480
1565 1480
1566 1480
1567 1480
1568 1480
1569 1480
1570 1480
1571 1480
1572 1480
1573 1480
1574 1480
1575 1480
1576 1480
1577 1479
1578 1479
1579 1478
1580 1477
1581 1477
1581 1476
1582 1475
1583 1474
1583 1473
1584 1472
1584 1471
1584 1470
1584 1469
1584 1468
1584 1467
1584 1466
1584 1465
1584 1464
1584 1463
1584 1462
1584 1461
1585 1460
1585 1459
1585 1458
1585 1457
1586 1456
1586 1455
1586 1454
1586 1453
1586 1452
1586 1451
1586 1450
1586 1449
1586 1448
1586 1447
1585 1446
1585 1445
1584 1444
1583 1443
1583 1442
1582 1442
1581 1441
1581 1440
1580 1440
1579 1439
1579 1438
1578 1438
1577 1437
1577 1436
1576 1436
1575 1435
1574 1434
1573 1433
1572 1432
1571 1432
1570 1432
1569 1431
1568 1430
1567 1430
1566 1430
1565 1429
1564 1428
1563 1428
1562 1428
1561 1428
1560 1427
1559 1427
1558 1427
1557 1427
1556 1426
1555 1426
1554 1426
1553 1425
1552 1424
1551 1424
1550 1424
1549 1424
1548 1423
1547 1423
1546 1422
1545 1422
1544 1422
1543 1421
1542 1420
1541 1420
1540 1419
1539 1419
1538 1418
1537 1418
1536 1417
1535 1417
1534 1417
1533 1417
1532 1417
1531 1417
1530 1416
1529 1416
1528 1416
1527 1416
1526 1415
1525 1415
1524 1415
1523 1415
1522 1414
1521 1414
1520 1413
1519 1412
1518 1412
1517 1411
1516 1410
1515 1410
1514 1409
1513 1409
1512 1408
1511 1408
1510 1408
1509 1408
1508 1407
1507 1407
1506 1407
1505 1407
1504 1406
1503 1406
1502 1406
1501 1406
1500 1405
1499 1405
1498 1405
1497 1405
1496 1405
1495 1405
1494 1405
1493 1405
1492 1405
1491 1405
1490 1405
1489 1405
1488 1405
1487 1405
1486 1405
1485 1405
1484 1405
1483 1405
1482 1405
1481 1405
1480 1405
1479 1405
1478 1405
1477 1405
1476 1405
1475 1405
1474 1405
1473 1405
1472 1405
1471 1405
1470 1405
1469 1405
1468 1406
1467 1406
1466 1406
1465 1406
1464 1407
1463 1407
1462 1406
1461 1406
1460 1406
1459 1406
1458 1405
1457 1405
1456 1405
1455 1405
1454 1405
1453 1405
1452 1405
1451 1405
1450 1405
1449 1405
1448 1405
1447 1405
1446 1405
1445 1405
1444 1405
1443 1405
1442 1405
1441 1405
1440 1405
1439 1405
1438 1405
1437 1405
1436 1405
1435 1405
1434 1405
1433 1405
1432 1405
1431 1405
1430 1405
1429 1405
1428 1405
1427 1405
1426 1405
1425 1405
1424 1405
1423 1405
1422 1405
1421 1405
1420 1405
1419 1405
1418 1405
1417 1405
1416 1405
1415 1405
