1117 747
1116 748
1115 748
1114 749
1113 749
1112 750
1111 750
1110 751
1109 752
1108 753
1107 754
1106 754
1106 755
1105 756
1104 756
1104 757
1103 758
1102 758
1101 759
1100 760
1099 760
1098 761
1097 761
1096 761
1095 761
1094 761
1093 761
1092 761
1091 761
1090 761
1089 761
1088 762
1087 762
1086 762
1085 762
1084 763
1083 763
1082 764
1081 764
1080 764
1079 764
1078 765
1077 766
1076 766
1075 766
1074 767
1073 767
1072 767
1071 767
1070 768
1069 768
1068 768
1067 768
1066 769
1065 770
1064 770
1063 770
1062 771
1061 771
1060 771
1059 771
1058 771
1057 771
1056 771
1055 771
1054 771
1053 771
1052 772
1051 772
1050 772
1049 772
1048 773
1047 773
1046 773
1045 773
1044 773
1043 773
1042 773
1041 773
1040 773
1039 773
1038 773
1037 773
1036 773
1035 773
1034 773
1033 773
1032 773
1031 773
1030 773
1029 773
1028 773
1027 773
1026 773
1025 773
1024 773
1023 773
1022 773
1021 773
1020 773
1019 773
1018 773
1017 773
1016 773
1015 773
1014 773
1013 773
1012 773
1011 773
1010 773
1009 773
1008 773
1007 773
1006 773
1005 773
1004 773
1003 773
1002 773
1001 773
1000 773
999 773
998 773
997 773
996 773
995 773
994 773
993 773
992 773
991 773
990 773
989 773
988 773
987 773
986 773
985 773
984 773
983 773
982 773
981 773
980 773
979 773
978 773
977 773
976 773
975 773
974 773
973 773
972 772
971 772
970 772
969 771
968 770
967 770
966 770
965 769
964 768
963 768
962 768
961 768
960 767
959 767
958 766
957 766
956 766
955 765
954 764
953 764
952 763
951 762
950 762
949 761
948 760
947 760
946 759
945 759
944 759
943 759
942 759
941 759
940 759
939 759
938 759
937 759
936 759
935 759
934 759
933 759
932 759
931 759
930 758
929 758
928 758
927 758
926 757
925 757
924 757
923 757
922 757
921 757
920 757
919 757
918 758
917 758
916 758
915 758
914 759
913 759
912 760
911 760
910 760
909 760
908 761
907 761
906 761
905 761
904 762
903 762
902 763
901 764
900 764
900 765
899 766
898 766
898 767
897 768
896 768
896 769
895 770
894 770
894 771
893 772
892 772
891 773
890 774
889 774
888 775
887 776
886 776
885 776
884 777
883 777
882 777
881 777
880 778
879 778
878 779
877 780
876 780
876 781
875 782
874 783
874 784
873 785
873 786
872 787
872 788
871 789
870 790
870 791
869 792
868 792
868 793
867 794
866 794
866 795
865 796
864 797
864 798
863 799
863 800
863 801
863 802
863 803
863 804
862 805
862 806
862 807
862 808
861 809
861 810
861 811
861 812
860 813
860 814
860 815
860 816
859 817
859 818
859 819
859 820
859 821
859 822
859 823
859 824
859 825
859 826
859 827
859 828
859 829
859 830
860 830
861 830
862 830
863 830
864 830
865 830
866 830
867 831
868 831
869 832
870 832
871 833
872 833
873 834
874 834
875 835
876 835
877 836
878 837
879 837
880 838
880 839
881 839
882 840
882 841
883 841
884 842
884 843
885 843
886 844
887 845
888 845
889 846
890 846
891 846
892 846
893 846
894 846
895 846
896 846
897 846
898 846
899 846
900 846
901 846
902 846
903 846
904 846
905 847
906 847
907 848
908 848
909 849
910 849
911 850
912 850
913 851
914 851
915 851
916 851
917 852
918 852
919 852
920 852
921 853
922 853
923 853
924 853
925 854
926 854
927 854
928 854
929 854
930 854
931 854
932 854
933 854
934 854
935 854
936 854
937 855
938 855
939 855
940 855
941 855
942 855
943 855
944 855
945 854
946 854
947 854
948 854
949 854
950 854
951 854
952 854
953 854
954 854
955 854
956 854
957 854
958 854
959 854
960 854
961 854
962 854
963 854
964 854
965 854
966 854
967 855
968 855
969 855
970 855
971 856
972 856
973 856
974 856
975 856
976 856
977 856
978 856
979 857
980 857
981 857
982 857
983 858
984 858
985 858
986 858
987 859
988 859
989 859
990 859
991 860
992 860
993 860
994 860
995 860
996 860
997 860
998 860
999 860
1000 860
1001 860
1002 860
1003 861
1004 861
1005 861
1006 861
1007 862
1008 862
1009 863
1010 863
1011 863
1012 863
1013 864
1014 864
1015 864
1016 864
1017 865
1018 865
1019 866
1020 867
1021 867
1022 868
1022 869
1023 869
1024 870
1025 871
1026 871
1027 872
1028 872
1029 872
1030 872
1031 872
1032 872
1033 872
1034 872
1035 871
1036 871
1037 871
1038 871
1039 870
1040 870
1041 870
1042 870
1043 870
1044 870
1045 870
1046 870
1047 870
1048 870
1049 870
1050 870
1051 870
1052 870
1053 870
1054 870
1055 870
1056 870
1057 870
1058 870
1059 871
1060 871
1061 871
1062 871
1063 872
1064 872
1065 872
1066 872
1067 872
1068 872
1069 872
1070 872
1071 872
1072 872
1073 873
1074 873
1075 873
1076 873
1077 874
1078 874
1079 874
1080 874
1081 875
1082 875
1083 875
1084 875
1085 876
1086 876
1087 876
1088 876
1089 876
1090 876
1091 876
1092 876
1093 876
1094 876
1095 876
1096 876
1097 876
1098 876
1099 876
1100 876
1101 876
1102 876
1103 875
1104 875
1105 875
1106 875
1107 874
1108 874
1109 874
1110 874
1111 874
1112 874
1113 873
1114 873
1115 873
1116 873
1117 872
1118 872
1119 872
1120 872
1121 872
1122 872
1123 872
1124 872
1125 872
1126 872
1127 872
1128 872
1129 872
1130 872
1131 872
1132 872
1133 871
1134 871
1135 871
1136 871
1137 870
1138 870
1139 870
1140 870
1141 869
1142 869
1143 868
1144 867
1145 867
1146 866
1147 865
1148 865
1149 864
1150 864
1151 864
1152 864
1153 864
1154 864
1155 863
1156 863
1157 862
1158 861
1159 860
1159 859
1160 858
1161 857
1161 856
1162 855
1163 855
1163 854
1164 853
1165 853
1165 852
1166 851
1167 850
1167 849
1168 848
1168 847
1169 846
1169 845
1169 844
1169 843
1170 842
1170 841
1171 840
1171 839
1171 838
1171 837
1172 836
1172 835
1173 834
1173 833
1173 832
1173 831
1174 830
1174 829
1174 828
1174 827
1174 826
1174 825
1174 824
1174 823
1174 822
1174 821
1174 820
1174 819
1173 818
1173 817
1173 816
1173 815
1172 814
1172 813
1171 812
1171 811
1171 810
1171 809
1170 808
1169 807
1168 806
1167 805
1167 804
1166 804
1165 803
1165 802
1164 802
1163 801
1163 800
1162 800
1161 799
1161 798
1160 797
1159 796
1159 795
1158 794
1158 793
1158 792
1158 791
1158 790
1158 789
1158 788
1158 787
1158 786
1158 785
1157 784
1157 783
1156 782
1155 781
1155 780
1154 779
1153 778
1153 777
1152 776
1151 775
1151 774
1151 773
1150 772
1149 771
1149 770
1149 769
1148 768
1147 767
1146 766
1146 765
1145 764
1145 763
1144 762
1144 761
1144 760
1144 759
1143 758
1143 757
1142 756
1141 755
1140 754
1139 753
1138 752
1137 752
1136 752
1135 752
1134 751
1133 751
1132 751
1131 751
1130 751
1129 751
1128 750
1127 750
1126 749
1125 749
1124 748
1123 748
1122 747
1121 747
1120 747
1119 747
1118 747
1117 747
