813 3687
812 3688
811 3688
810 3688
809 3688
808 3689
807 3690
806 3690
805 3690
804 3691
803 3692
802 3693
801 3693
800 3694
799 3694
798 3695
797 3696
796 3697
795 3697
794 3698
793 3698
792 3699
791 3699
790 3700
789 3700
788 3700
787 3700
786 3701
785 3701
784 3702
783 3702
782 3703
781 3703
780 3704
779 3704
778 3705
777 3705
776 3705
775 3705
774 3705
773 3705
772 3705
771 3705
770 3706
769 3706
768 3707
768 3708
767 3709
767 3710
766 3711
766 3712
765 3713
764 3714
764 3715
763 3716
762 3716
762 3717
761 3718
760 3718
760 3719
759 3720
758 3721
757 3722
756 3723
756 3724
755 3725
754 3726
754 3727
753 3728
752 3728
752 3729
751 3730
750 3730
750 3731
749 3732
748 3732
748 3733
747 3734
746 3734
746 3735
745 3736
744 3737
743 3738
742 3739
742 3740
741 3741
740 3742
740 3743
739 3744
738 3744
737 3745
736 3746
735 3746
734 3747
733 3748
732 3748
731 3748
730 3749
729 3750
728 3751
727 3752
726 3752
725 3753
724 3754
723 3754
722 3755
721 3756
720 3757
719 3758
718 3758
718 3759
717 3760
716 3760
716 3761
715 3762
714 3762
714 3763
713 3764
712 3765
712 3766
711 3767
711 3768
710 3769
710 3770
710 3771
710 3772
709 3773
709 3774
709 3775
709 3776
709 3777
709 3778
709 3779
709 3780
708 3781
707 3782
706 3783
705 3784
704 3785
703 3786
702 3786
702 3787
701 3788
700 3788
700 3789
699 3790
698 3790
698 3791
697 3792
696 3792
696 3793
695 3794
694 3795
694 3796
693 3797
693 3798
693 3799
693 3800
693 3801
693 3802
693 3803
693 3804
693 3805
693 3806
694 3807
694 3808
694 3809
694 3810
695 3811
695 3812
695 3813
695 3814
696 3815
696 3816
696 3817
696 3818
697 3819
697 3820
697 3821
697 3822
697 3823
697 3824
697 3825
697 3826
697 3827
697 3828
697 3829
697 3830
697 3831
697 3832
698 3833
698 3834
699 3835
700 3836
700 3837
701 3837
702 3838
702 3839
703 3840
704 3841
704 3842
705 3843
705 3844
706 3845
706 3846
707 3847
708 3848
708 3849
709 3849
710 3850
710 3851
711 3851
712 3852
712 3853
713 3853
714 3854
714 3855
715 3856
716 3857
716 3858
717 3859
718 3860
718 3861
718 3862
719 3863
719 3864
719 3865
719 3866
720 3867
720 3868
721 3869
722 3870
722 3871
723 3871
724 3872
724 3873
725 3873
726 3874
726 3875
727 3875
728 3876
729 3877
730 3877
731 3878
732 3878
733 3878
734 3878
735 3878
736 3878
737 3878
738 3878
739 3878
740 3878
741 3878
742 3878
743 3879
744 3879
745 3879
746 3879
747 3880
748 3880
749 3880
750 3880
751 3881
752 3881
753 3881
754 3882
755 3883
756 3883
757 3883
758 3883
759 3884
760 3884
761 3885
762 3885
763 3885
764 3885
765 3886
766 3886
767 3886
768 3886
769 3886
770 3886
771 3886
772 3886
773 3887
774 3887
775 3887
776 3887
777 3888
778 3888
779 3888
780 3888
781 3888
782 3888
783 3888
784 3888
785 3888
786 3888
787 3888
788 3888
789 3888
790 3888
791 3889
792 3889
793 3889
794 3889
795 3890
796 3890
797 3890
798 3890
799 3890
800 3890
801 3890
802 3890
803 3890
804 3890
805 3890
806 3890
807 3891
808 3891
809 3891
810 3891
811 3892
812 3892
813 3892
814 3892
815 3892
816 3892
817 3892
818 3892
819 3892
820 3892
821 3891
822 3891
823 3891
824 3891
825 3890
826 3890
827 3890
828 3890
829 3890
830 3890
831 3891
832 3891
833 3891
834 3891
835 3892
836 3892
837 3892
838 3892
839 3892
840 3892
841 3892
842 3892
843 3892
844 3892
845 3892
846 3892
847 3892
848 3892
849 3892
850 3892
851 3892
852 3892
853 3892
854 3892
855 3892
856 3892
857 3892
858 3892
859 3892
860 3892
861 3893
862 3893
863 3893
864 3893
865 3894
866 3894
867 3894
868 3894
869 3894
870 3894
871 3894
872 3894
873 3894
874 3894
875 3894
876 3894
877 3894
878 3894
879 3894
880 3894
881 3894
882 3894
883 3894
884 3894
885 3894
886 3894
887 3894
888 3894
889 3894
890 3894
891 3894
892 3894
893 3894
894 3894
895 3894
896 3894
897 3894
898 3894
899 3894
900 3894
901 3893
902 3893
903 3892
904 3892
905 3891
906 3891
907 3890
908 3890
909 3889
910 3889
911 3889
912 3889
913 3888
914 3888
915 3888
916 3888
917 3887
918 3887
919 3886
920 3886
921 3885
922 3885
923 3884
924 3884
925 3884
926 3884
927 3884
928 3884
929 3883
930 3883
931 3883
932 3883
933 3882
934 3882
935 3881
936 3881
937 3880
938 3880
939 3879
940 3879
941 3878
942 3878
943 3878
944 3878
945 3877
946 3877
947 3876
948 3875
949 3875
949 3874
950 3873
951 3873
951 3872
952 3871
953 3871
953 3870
954 3869
955 3868
955 3867
956 3866
956 3865
956 3864
956 3863
956 3862
956 3861
956 3860
956 3859
956 3858
956 3857
957 3856
957 3855
958 3854
958 3853
959 3852
960 3851
961 3850
961 3849
962 3848
963 3847
963 3846
964 3845
965 3845
966 3844
967 3843
968 3843
969 3842
970 3842
971 3842
972 3842
973 3841
974 3841
975 3841
976 3841
977 3840
978 3840
979 3839
980 3839
981 3838
981 3837
982 3836
982 3835
983 3834
983 3833
983 3832
983 3831
984 3830
984 3829
984 3828
984 3827
984 3826
984 3825
984 3824
984 3823
985 3822
985 3821
985 3820
985 3819
986 3818
986 3817
986 3816
986 3815
986 3814
986 3813
986 3812
986 3811
986 3810
986 3809
986 3808
986 3807
987 3806
987 3805
987 3804
988 3803
989 3802
989 3801
989 3800
990 3799
991 3798
991 3797
991 3796
991 3795
992 3794
992 3793
992 3792
992 3791
993 3790
993 3789
993 3788
994 3787
995 3786
995 3785
995 3784
996 3783
997 3782
997 3781
997 3780
997 3779
998 3778
998 3777
998 3776
998 3775
998 3774
998 3773
998 3772
998 3771
997 3770
997 3769
997 3768
997 3767
996 3766
996 3765
995 3764
995 3763
995 3762
995 3761
994 3760
993 3759
993 3758
993 3757
992 3756
991 3755
991 3754
991 3753
990 3752
989 3751
988 3750
988 3749
987 3748
987 3747
986 3746
985 3745
985 3744
985 3743
984 3742
983 3741
983 3740
983 3739
982 3738
981 3737
981 3736
981 3735
980 3734
980 3733
979 3732
979 3731
978 3730
977 3729
976 3728
975 3727
974 3726
973 3726
972 3725
971 3725
970 3724
969 3723
968 3722
967 3722
966 3721
965 3720
964 3720
963 3719
963 3718
962 3718
961 3717
960 3716
959 3716
958 3715
957 3715
956 3714
955 3714
954 3713
953 3712
952 3712
951 3711
951 3710
950 3710
949 3709
948 3708
947 3707
946 3706
945 3706
944 3706
943 3705
942 3704
941 3704
940 3704
939 3703
938 3702
937 3702
936 3702
935 3702
934 3701
933 3701
932 3700
931 3700
930 3700
929 3699
928 3698
927 3698
926 3698
925 3698
924 3697
923 3697
922 3696
921 3696
920 3696
919 3695
918 3694
917 3694
916 3694
915 3694
914 3693
913 3693
912 3693
911 3693
910 3693
909 3693
908 3692
907 3692
906 3692
905 3692
904 3691
903 3691
902 3691
901 3691
900 3690
899 3690
898 3690
897 3690
896 3689
895 3689
894 3689
893 3689
892 3689
891 3689
890 3689
889 3689
888 3689
887 3689
886 3688
885 3688
884 3688
883 3688
882 3687
881 3687
880 3687
879 3687
878 3687
877 3687
876 3687
875 3687
874 3687
873 3687
872 3687
871 3687
870 3687
869 3687
868 3687
867 3687
866 3687
865 3687
864 3687
863 3687
862 3687
861 3687
860 3687
859 3687
858 3687
857 3687
856 3687
855 3687
854 3687
853 3687
852 3687
851 3687
850 3687
849 3687
848 3688
847 3688
846 3688
845 3688
844 3689
843 3689
842 3689
841 3689
840 3688
839 3688
838 3688
837 3688
836 3687
835 3687
834 3687
833 3687
832 3687
831 3687
830 3687
829 3687
828 3687
827 3687
826 3687
825 3687
824 3687
823 3687
822 3687
821 3687
820 3687
819 3687
818 3687
817 3687
816 3687
815 3687
814 3687
813 3687
