574 3760
573 3761
572 3761
571 3761
570 3761
569 3762
568 3762
567 3763
566 3763
565 3763
564 3763
563 3764
562 3764
561 3765
560 3765
559 3765
558 3765
557 3766
556 3766
555 3766
554 3766
553 3767
552 3767
551 3767
550 3767
549 3768
548 3768
547 3768
546 3768
545 3768
544 3768
543 3768
542 3768
541 3768
540 3768
539 3769
538 3769
537 3769
536 3769
535 3770
534 3770
533 3770
532 3770
531 3770
530 3770
529 3770
528 3770
527 3770
526 3770
525 3770
524 3770
523 3771
522 3771
521 3771
520 3771
519 3772
518 3772
517 3772
516 3772
515 3772
514 3772
513 3772
512 3772
511 3773
510 3773
509 3773
508 3773
507 3774
506 3774
505 3774
504 3774
503 3774
502 3774
501 3774
500 3774
499 3774
498 3774
497 3774
496 3774
495 3774
494 3774
493 3774
492 3774
491 3774
490 3774
489 3774
488 3774
487 3774
486 3774
485 3774
484 3774
483 3774
482 3774
481 3774
480 3774
479 3774
478 3774
477 3774
476 3774
475 3774
474 3774
473 3774
472 3774
471 3774
470 3774
469 3774
468 3774
467 3774
466 3774
465 3774
464 3774
463 3775
462 3775
461 3775
460 3775
459 3776
458 3777
457 3777
456 3777
455 3778
454 3778
453 3778
452 3778
451 3778
450 3778
449 3778
448 3778
447 3778
446 3778
445 3778
444 3778
443 3778
442 3778
441 3779
440 3779
439 3779
438 3779
437 3780
436 3780
435 3780
434 3780
433 3780
432 3780
431 3780
430 3780
429 3780
428 3780
427 3780
426 3780
425 3780
424 3780
423 3780
422 3780
421 3780
420 3780
419 3780
418 3780
417 3780
416 3780
415 3780
414 3780
413 3780
412 3780
411 3780
410 3780
409 3780
408 3780
407 3780
406 3780
405 3780
404 3780
403 3780
402 3780
401 3780
400 3780
399 3780
398 3780
397 3779
396 3779
395 3779
394 3779
393 3778
392 3778
391 3778
390 3778
389 3778
388 3778
387 3778
386 3778
385 3778
384 3778
383 3777
382 3777
381 3777
380 3777
379 3776
378 3776
377 3776
376 3776
375 3776
374 3776
373 3776
372 3776
371 3776
370 3776
369 3775
368 3775
367 3775
366 3775
365 3774
364 3774
363 3774
362 3774
361 3774
360 3774
359 3774
358 3774
357 3774
356 3774
355 3775
354 3775
353 3775
352 3775
351 3776
350 3776
349 3776
348 3776
347 3777
346 3777
345 3778
344 3778
343 3779
342 3779
341 3780
340 3780
339 3781
338 3781
337 3782
337 3783
336 3784
336 3785
336 3786
336 3787
336 3788
336 3789
336 3790
336 3791
336 3792
336 3793
336 3794
336 3795
337 3796
337 3797
338 3798
339 3799
339 3800
340 3800
341 3801
341 3802
342 3802
343 3803
343 3804
344 3804
345 3805
345 3806
346 3806
347 3807
347 3808
348 3808
349 3809
350 3810
351 3811
352 3812
353 3812
354 3812
355 3813
356 3814
357 3814
358 3815
359 3816
360 3816
361 3817
361 3818
362 3818
363 3819
364 3820
365 3821
366 3822
367 3822
368 3823
369 3824
370 3824
371 3825
372 3826
373 3826
374 3827
375 3827
376 3828
377 3828
378 3829
379 3830
380 3830
381 3831
382 3832
383 3832
384 3833
385 3833
386 3834
387 3834
388 3834
389 3835
390 3836
391 3836
392 3837
393 3837
394 3838
395 3839
396 3840
397 3840
398 3841
399 3841
400 3842
401 3842
402 3843
403 3843
404 3843
405 3843
406 3843
407 3843
408 3844
409 3844
410 3845
411 3845
412 3846
413 3847
414 3848
415 3848
416 3848
417 3848
418 3849
419 3849
420 3849
421 3849
422 3850
423 3850
424 3850
425 3850
426 3851
427 3851
428 3851
429 3851
430 3852
431 3852
432 3852
433 3852
434 3853
435 3853
436 3853
437 3853
438 3853
439 3853
440 3853
441 3853
442 3853
443 3853
444 3853
445 3853
446 3853
447 3853
448 3854
449 3854
450 3855
451 3855
452 3856
453 3856
454 3857
455 3857
456 3857
457 3857
458 3857
459 3857
460 3857
461 3857
462 3858
463 3858
464 3858
465 3858
466 3859
467 3859
468 3859
469 3859
470 3859
471 3859
472 3859
473 3859
474 3859
475 3859
476 3859
477 3859
478 3859
479 3859
480 3859
481 3859
482 3859
483 3859
484 3859
485 3859
486 3859
487 3859
488 3859
489 3859
490 3859
491 3859
492 3859
493 3859
494 3859
495 3859
496 3859
497 3859
498 3859
499 3859
500 3859
501 3859
502 3859
503 3859
504 3859
505 3859
506 3859
507 3859
508 3860
509 3860
510 3860
511 3860
512 3861
513 3861
514 3861
515 3861
516 3862
517 3862
518 3862
519 3862
520 3863
521 3863
522 3863
523 3863
524 3863
525 3863
526 3863
527 3863
528 3863
529 3863
530 3863
531 3863
532 3863
533 3863
534 3863
535 3863
536 3863
537 3863
538 3863
539 3863
540 3863
541 3863
542 3863
543 3863
544 3863
545 3863
546 3863
547 3863
548 3863
549 3863
550 3863
551 3863
552 3863
553 3863
554 3863
555 3863
556 3863
557 3863
558 3863
559 3863
560 3863
561 3863
562 3863
563 3863
564 3863
565 3863
566 3863
567 3863
568 3863
569 3863
570 3863
571 3863
572 3863
573 3863
574 3863
575 3863
576 3863
577 3863
578 3863
579 3863
580 3863
581 3863
582 3863
583 3863
584 3863
585 3863
586 3863
587 3863
588 3863
589 3863
590 3863
591 3863
592 3863
593 3863
594 3863
595 3863
596 3863
597 3863
598 3862
599 3862
600 3861
601 3861
602 3860
603 3860
604 3859
605 3859
606 3859
607 3859
608 3858
609 3858
610 3857
611 3856
612 3856
612 3855
613 3854
614 3854
614 3853
615 3852
616 3852
616 3851
617 3850
618 3850
618 3849
619 3848
620 3848
620 3847
621 3846
622 3846
622 3845
623 3844
624 3844
624 3843
625 3842
626 3842
626 3841
627 3840
628 3840
628 3839
629 3838
630 3838
630 3837
631 3836
632 3836
632 3835
633 3834
634 3834
634 3833
635 3832
636 3832
636 3831
637 3830
638 3829
638 3828
639 3827
639 3826
639 3825
639 3824
639 3823
639 3822
639 3821
639 3820
639 3819
639 3818
639 3817
639 3816
639 3815
639 3814
639 3813
639 3812
638 3811
638 3810
638 3809
638 3808
637 3807
637 3806
636 3805
636 3804
636 3803
636 3802
635 3801
635 3800
635 3799
635 3798
634 3797
634 3796
634 3795
634 3794
633 3793
632 3792
632 3791
632 3790
631 3789
631 3788
630 3787
630 3786
629 3785
628 3784
628 3783
627 3783
626 3782
625 3781
624 3780
623 3779
622 3779
621 3779
620 3779
619 3778
618 3778
617 3777
616 3777
615 3776
614 3776
613 3775
612 3775
611 3774
610 3774
609 3773
608 3773
607 3772
606 3771
605 3770
604 3769
604 3768
603 3767
602 3766
601 3765
600 3765
599 3764
598 3764
597 3763
596 3763
595 3763
594 3763
593 3762
592 3762
591 3762
590 3762
589 3762
588 3762
587 3762
586 3762
585 3761
584 3761
583 3761
582 3761
581 3760
580 3760
579 3760
578 3760
577 3760
576 3760
575 3760
574 3760
