551 741
550 742
549 742
548 742
547 742
546 743
545 743
544 744
543 744
542 745
541 746
540 746
540 747
539 748
538 748
538 749
537 750
536 750
536 751
535 752
534 752
534 753
533 754
532 754
531 755
530 756
529 756
528 757
527 757
526 757
525 757
524 757
523 757
522 757
521 757
520 757
519 757
518 757
517 757
516 757
515 757
514 757
513 757
512 757
511 757
510 757
509 757
508 757
507 757
506 757
505 757
504 757
503 757
502 757
501 757
500 757
499 757
498 757
497 757
496 757
495 757
494 757
493 757
492 758
491 758
490 758
489 758
488 759
487 759
486 759
485 759
484 759
483 759
482 759
481 759
480 759
479 759
478 759
477 759
476 760
475 760
474 760
473 760
472 761
471 761
470 762
469 762
468 762
467 762
466 763
465 764
464 764
463 764
462 765
461 765
460 766
459 766
458 766
457 766
456 767
455 767
454 768
453 768
452 768
451 768
450 769
449 770
448 771
447 772
446 772
445 773
444 774
443 774
442 775
441 775
440 776
439 776
438 777
437 778
436 778
436 779
435 780
434 780
434 781
433 782
432 783
431 784
430 785
430 786
429 787
429 788
428 789
428 790
427 791
427 792
427 793
427 794
427 795
427 796
426 797
426 798
426 799
426 800
425 801
425 802
425 803
425 804
425 805
425 806
426 807
426 808
426 809
426 810
427 811
428 812
429 813
429 814
430 815
430 816
431 817
432 818
432 819
432 820
433 821
434 822
435 823
436 824
436 825
437 826
438 827
438 828
439 829
440 830
440 831
440 832
441 833
441 834
442 835
442 836
443 837
443 838
444 839
444 840
445 841
446 842
447 843
448 844
448 845
449 845
450 846
451 847
452 848
453 849
454 849
455 849
456 849
457 850
458 850
459 851
460 851
461 852
462 853
463 853
464 854
464 855
465 855
466 856
466 857
467 857
468 858
468 859
469 859
470 860
471 861
472 861
473 862
474 862
475 863
476 863
477 863
478 864
479 865
480 865
481 865
482 866
483 867
484 867
485 868
486 868
487 869
488 870
489 871
490 871
491 871
492 871
493 872
494 872
495 872
496 872
497 872
498 872
499 872
500 872
501 872
502 872
503 872
504 872
505 872
506 872
507 872
508 872
509 872
510 872
511 872
512 872
513 872
514 872
515 872
516 872
517 872
518 872
519 872
520 872
521 872
522 872
523 871
524 871
525 871
526 871
527 870
528 870
529 870
530 870
531 870
532 870
533 870
534 870
535 869
536 869
537 868
538 868
539 867
540 867
541 866
542 866
543 866
544 866
545 866
546 866
547 866
548 866
549 866
550 866
551 866
552 866
553 866
554 866
555 866
556 866
557 866
558 866
559 867
560 867
561 867
562 868
563 869
564 869
565 869
566 869
567 870
568 870
569 870
570 870
571 870
572 870
573 871
574 871
575 872
576 872
577 873
578 873
579 874
580 874
581 875
582 875
583 876
584 876
585 877
586 878
587 879
588 879
589 880
590 880
591 881
592 881
593 882
594 882
595 882
596 882
597 882
598 882
599 883
600 883
601 884
602 884
603 885
604 885
605 886
606 886
607 886
608 886
609 886
610 886
611 887
612 887
613 887
614 887
615 888
616 888
617 888
618 888
619 889
620 889
621 889
622 889
623 890
624 890
625 890
626 890
627 890
628 890
629 890
630 890
631 890
632 890
633 890
634 890
635 890
636 890
637 891
638 891
639 891
640 891
641 892
642 892
643 893
644 893
645 893
646 894
647 895
648 895
649 895
650 895
651 896
652 896
653 896
654 896
655 896
656 896
657 896
658 896
659 897
660 897
661 898
662 899
663 899
664 900
664 901
665 901
666 902
666 903
667 903
668 904
668 905
669 905
670 906
671 907
672 908
673 909
674 909
675 910
676 910
677 911
678 912
679 913
680 913
681 913
682 913
683 914
684 914
685 913
686 913
687 913
688 913
689 912
690 911
691 911
692 911
693 910
694 909
695 908
696 907
697 907
697 906
698 905
699 905
699 904
700 903
701 903
701 902
702 901
703 901
703 900
704 899
705 899
705 898
706 897
707 897
707 896
708 895
709 895
709 894
710 893
711 893
711 892
712 891
713 890
714 889
715 888
715 887
716 886
717 885
717 884
718 883
719 883
719 882
720 881
721 881
721 880
722 879
723 879
723 878
724 877
725 876
726 875
727 874
727 873
727 872
728 871
729 870
729 869
730 868
730 867
731 866
731 865
732 864
732 863
733 862
733 861
734 860
734 859
735 858
736 857
737 856
737 855
738 854
739 853
739 852
740 851
741 851
741 850
742 849
743 849
743 848
744 847
745 846
745 845
746 844
746 843
746 842
746 841
746 840
746 839
747 838
747 837
748 836
748 835
749 834
749 833
750 832
750 831
750 830
750 829
750 828
750 827
750 826
750 825
750 824
750 823
750 822
750 821
750 820
750 819
750 818
750 817
750 816
750 815
750 814
750 813
750 812
750 811
750 810
750 809
750 808
750 807
750 806
750 805
750 804
750 803
750 802
750 801
750 800
750 799
750 798
750 797
750 796
750 795
750 794
750 793
750 792
750 791
750 790
750 789
750 788
750 787
750 786
750 785
750 784
750 783
750 782
750 781
750 780
750 779
750 778
750 777
750 776
750 775
750 774
750 773
750 772
750 771
749 770
749 769
748 768
747 767
747 766
746 766
745 765
745 764
744 764
743 763
743 762
742 762
741 761
741 760
740 760
739 759
739 758
738 758
737 757
737 756
736 756
735 755
735 754
734 754
733 753
733 752
732 752
731 751
730 750
729 750
728 749
727 749
726 749
725 749
724 749
723 749
722 749
721 749
720 749
719 749
718 749
717 749
716 749
715 749
714 749
713 749
712 749
711 749
710 749
709 749
708 749
707 749
706 748
705 748
704 748
703 748
702 747
701 747
700 747
699 747
698 747
697 747
696 747
695 747
694 747
693 747
692 747
691 747
690 747
689 747
688 747
687 747
686 746
685 746
684 746
683 746
682 745
681 745
680 745
679 745
678 745
677 745
676 745
675 745
674 745
673 745
672 745
671 745
670 745
669 745
668 744
667 744
666 744
665 744
664 743
663 743
662 743
661 743
660 743
659 743
658 743
657 743
656 743
655 743
654 743
653 743
652 743
651 743
650 743
649 743
648 743
647 743
646 743
645 743
644 743
643 743
642 743
641 743
640 743
639 743
638 743
637 743
636 743
635 743
634 743
633 743
632 743
631 743
630 743
629 743
628 743
627 743
626 743
625 743
624 743
623 743
622 743
621 743
620 744
619 744
618 744
617 744
616 745
615 745
614 745
613 745
612 745
611 745
610 745
609 745
608 745
607 745
606 745
605 745
604 745
603 745
602 745
601 745
600 745
599 745
598 745
597 745
596 744
595 744
594 744
593 744
592 743
591 743
590 743
589 743
588 743
587 743
586 743
585 743
584 743
583 743
582 742
581 742
580 742
579 742
578 741
577 741
576 741
575 741
574 741
573 741
572 741
571 741
570 741
569 741
568 741
567 741
566 741
565 741
564 741
563 741
562 741
561 741
560 741
559 741
558 741
557 741
556 741
555 741
554 741
553 741
552 741
551 741
