553 3211
553 3212
552 3213
552 3214
553 3215
553 3216
552 3217
552 3218
551 3219
550 3220
549 3220
548 3221
547 3221
546 3221
545 3221
544 3221
543 3221
542 3221
541 3221
540 3221
539 3221
538 3221
537 3221
536 3220
535 3220
534 3220
533 3219
532 3218
531 3218
530 3217
529 3217
528 3216
527 3216
526 3215
525 3215
524 3215
523 3215
522 3216
521 3216
520 3216
519 3216
518 3217
517 3217
516 3217
515 3217
514 3217
513 3217
512 3217
511 3217
510 3218
509 3218
508 3218
507 3218
506 3219
505 3219
504 3219
503 3219
502 3219
501 3219
500 3219
499 3219
498 3219
497 3219
496 3219
495 3219
494 3220
493 3220
492 3220
491 3220
490 3221
489 3221
488 3221
487 3221
486 3222
485 3222
484 3222
483 3222
482 3223
481 3224
480 3224
479 3224
478 3225
477 3226
476 3226
475 3226
474 3227
473 3228
472 3228
471 3228
470 3229
469 3230
468 3230
467 3230
466 3231
465 3232
464 3233
463 3234
462 3234
461 3235
460 3236
459 3236
458 3237
457 3238
456 3239
455 3240
454 3241
454 3242
453 3243
453 3244
453 3245
453 3246
453 3247
453 3248
453 3249
453 3250
454 3251
454 3252
454 3253
454 3254
455 3255
455 3256
455 3257
455 3258
455 3259
455 3260
455 3261
455 3262
455 3263
455 3264
456 3265
456 3266
457 3267
457 3268
458 3269
458 3270
459 3271
460 3272
460 3273
460 3274
461 3275
461 3276
462 3277
462 3278
463 3279
464 3280
464 3281
465 3281
466 3282
466 3283
467 3283
468 3284
468 3285
469 3285
470 3286
470 3287
471 3287
472 3288
472 3289
473 3289
474 3290
474 3291
475 3291
476 3292
476 3293
477 3293
478 3294
478 3295
479 3296
480 3297
480 3298
481 3299
481 3300
482 3301
482 3302
483 3303
484 3303
485 3304
486 3304
487 3304
488 3304
489 3305
490 3305
491 3305
492 3305
493 3306
494 3306
495 3306
496 3306
497 3307
498 3307
499 3307
500 3307
501 3308
502 3308
503 3308
504 3308
505 3308
506 3308
507 3308
508 3308
509 3308
510 3308
511 3308
512 3308
513 3308
514 3308
515 3308
516 3308
517 3308
518 3308
519 3308
520 3308
521 3308
522 3308
523 3308
524 3308
525 3308
526 3308
527 3309
528 3309
529 3309
530 3309
531 3310
532 3310
533 3311
534 3311
535 3311
536 3312
537 3313
538 3313
539 3313
540 3314
541 3315
542 3315
543 3315
544 3315
545 3316
546 3316
547 3316
548 3316
549 3316
550 3316
551 3317
552 3317
553 3317
554 3317
555 3318
556 3318
557 3318
558 3318
559 3318
560 3318
561 3318
562 3318
563 3318
564 3318
565 3318
566 3318
567 3318
568 3318
569 3318
570 3318
571 3318
572 3318
573 3318
574 3318
575 3318
576 3318
577 3318
578 3318
579 3318
580 3318
581 3318
582 3318
583 3318
584 3318
585 3318
586 3318
587 3318
588 3318
589 3318
590 3318
591 3318
592 3318
593 3318
594 3318
595 3318
596 3318
597 3318
598 3318
599 3318
600 3318
601 3318
602 3318
603 3318
604 3318
605 3318
606 3318
607 3318
608 3318
609 3318
610 3318
611 3318
612 3318
613 3318
614 3318
615 3318
616 3318
617 3318
618 3318
619 3318
620 3318
621 3318
622 3318
623 3318
624 3318
625 3318
626 3318
627 3318
628 3318
629 3318
630 3318
631 3318
632 3318
633 3318
634 3318
635 3318
636 3318
637 3318
638 3318
639 3318
640 3318
641 3318
642 3318
643 3318
644 3318
645 3318
646 3318
647 3318
648 3318
649 3317
650 3317
651 3317
652 3317
653 3316
654 3316
655 3316
656 3316
657 3316
658 3316
659 3316
660 3316
661 3316
662 3316
663 3315
664 3315
665 3314
666 3314
667 3313
668 3313
669 3312
670 3312
671 3312
672 3312
673 3312
674 3312
675 3312
676 3312
677 3312
678 3312
679 3312
680 3312
681 3312
682 3312
683 3311
684 3311
685 3311
686 3311
687 3310
688 3310
689 3309
690 3309
691 3309
692 3309
693 3308
694 3307
695 3307
696 3307
697 3306
698 3306
699 3305
700 3305
701 3304
702 3303
703 3303
703 3302
704 3301
705 3300
706 3299
707 3298
707 3297
708 3296
709 3295
709 3294
710 3293
711 3293
711 3292
712 3291
713 3291
713 3290
714 3289
715 3289
715 3288
716 3287
717 3287
717 3286
718 3285
719 3285
719 3284
720 3283
721 3282
721 3281
722 3280
722 3279
723 3278
723 3277
723 3276
723 3275
724 3274
724 3273
724 3272
724 3271
725 3270
725 3269
725 3268
725 3267
726 3266
726 3265
727 3264
727 3263
727 3262
727 3261
728 3260
728 3259
728 3258
728 3257
728 3256
728 3255
728 3254
728 3253
728 3252
728 3251
727 3250
727 3249
726 3248
725 3247
725 3246
724 3246
723 3245
723 3244
722 3244
721 3243
721 3242
720 3242
719 3241
719 3240
718 3240
717 3239
717 3238
716 3238
715 3237
715 3236
714 3236
713 3235
713 3234
712 3234
711 3233
711 3232
710 3232
709 3231
709 3230
708 3230
707 3229
707 3228
706 3228
705 3227
705 3226
704 3226
703 3225
703 3224
702 3224
701 3223
701 3222
700 3222
699 3221
698 3220
697 3220
696 3219
695 3219
694 3218
693 3218
692 3218
691 3218
690 3217
689 3217
688 3217
687 3217
686 3217
685 3217
684 3217
683 3217
682 3217
681 3217
680 3217
679 3217
678 3216
677 3216
676 3216
675 3216
674 3215
673 3215
672 3214
671 3214
670 3214
669 3214
668 3213
667 3213
666 3213
665 3213
664 3213
663 3213
662 3213
661 3213
660 3213
659 3213
658 3213
657 3213
656 3213
655 3213
654 3213
653 3213
652 3213
651 3213
650 3213
649 3213
648 3213
647 3213
646 3213
645 3213
644 3213
643 3213
642 3213
641 3213
640 3213
639 3213
638 3213
637 3213
636 3213
635 3213
634 3213
633 3213
632 3213
631 3213
630 3213
629 3213
628 3212
627 3212
626 3212
625 3212
624 3211
623 3211
622 3211
621 3211
620 3211
619 3211
618 3211
617 3211
616 3211
615 3211
614 3211
613 3211
612 3211
611 3211
610 3211
609 3211
608 3211
607 3211
606 3211
605 3211
604 3211
603 3211
602 3211
601 3211
600 3211
599 3211
598 3211
597 3211
596 3211
595 3211
594 3211
593 3211
592 3211
591 3211
590 3211
589 3211
588 3211
587 3211
586 3211
585 3211
584 3211
583 3211
582 3211
581 3211
580 3211
579 3211
578 3211
577 3211
576 3211
575 3211
574 3211
573 3211
572 3211
571 3211
570 3211
569 3211
568 3211
567 3211
566 3211
565 3211
564 3211
563 3211
562 3211
561 3211
560 3211
559 3211
558 3211
557 3211
556 3211
555 3211
554 3211
553 3211
