534 868
533 869
532 869
531 869
530 869
529 870
528 870
527 871
526 871
525 871
524 871
523 872
522 872
521 872
520 872
519 872
518 872
517 872
516 872
515 872
514 872
513 873
512 873
511 873
510 873
509 874
508 874
507 874
506 874
505 874
504 874
503 874
502 874
501 874
500 874
499 874
498 874
497 874
496 874
495 874
494 874
493 874
492 874
491 874
490 874
489 875
488 875
487 875
486 875
485 876
484 876
483 876
482 876
481 877
480 877
479 877
478 877
477 878
476 878
475 878
474 878
473 878
472 878
471 878
470 878
469 878
468 878
467 878
466 878
465 878
464 878
463 878
462 878
461 878
460 878
459 878
458 878
457 878
456 878
455 879
454 879
453 879
452 879
451 880
450 880
449 880
448 880
447 880
446 880
445 881
444 881
443 881
442 881
441 882
440 882
439 883
438 883
437 883
436 883
435 884
434 884
433 885
432 885
431 885
430 885
429 886
428 887
427 888
426 888
425 889
424 889
423 890
422 890
421 891
420 891
419 891
418 891
417 892
416 893
415 894
414 895
413 895
413 896
412 897
411 897
411 898
410 899
409 899
408 900
407 901
406 901
405 902
404 903
403 903
402 903
401 904
400 904
399 904
398 904
397 904
396 904
395 905
394 905
393 906
392 907
391 907
391 908
390 909
389 909
389 910
388 911
387 912
387 913
386 914
386 915
386 916
386 917
386 918
386 919
387 920
387 921
387 922
387 923
388 924
388 925
389 926
389 927
390 928
390 929
391 930
391 931
392 932
393 933
394 934
395 935
395 936
396 936
397 937
397 938
398 938
399 939
400 940
401 940
402 941
403 941
404 941
405 941
406 941
407 941
408 941
409 941
410 941
411 941
412 942
413 942
414 942
415 942
416 943
417 943
418 944
419 944
420 944
421 944
422 945
423 945
424 945
425 945
426 945
427 945
428 945
429 945
430 944
431 944
432 944
433 944
434 943
435 943
436 944
437 944
438 944
439 944
440 945
441 945
442 946
443 946
444 947
445 947
446 948
447 948
448 949
449 949
450 949
451 949
452 948
453 947
454 946
455 945
456 945
457 945
458 944
459 945
460 946
461 946
462 947
463 948
464 949
465 950
466 951
467 951
468 952
469 952
470 953
471 954
471 955
472 956
473 957
474 958
475 958
476 959
477 959
478 959
479 959
480 959
481 959
482 959
483 959
484 959
485 959
486 959
487 959
488 959
489 959
490 959
491 959
492 959
493 959
494 959
495 959
496 959
497 959
498 960
499 960
500 960
501 960
502 961
503 961
504 961
505 961
506 961
507 961
508 961
509 961
510 962
511 962
512 962
513 962
514 963
515 963
516 964
517 964
518 964
519 964
520 965
521 965
522 966
523 966
524 966
525 966
526 967
527 967
528 967
529 967
530 968
531 968
532 968
533 968
534 969
535 969
536 969
537 969
538 969
539 969
540 969
541 969
542 968
543 968
544 968
545 968
546 967
547 967
548 967
549 967
550 967
551 967
552 967
553 967
554 966
555 966
556 966
557 966
558 965
559 965
560 965
561 965
562 965
563 965
564 964
565 964
566 963
567 963
568 962
569 962
570 961
571 961
572 960
573 960
574 960
575 960
576 959
577 958
578 958
579 958
580 957
581 956
582 955
583 955
584 954
585 954
586 953
587 952
588 951
589 950
590 950
590 949
591 948
592 948
592 947
593 946
594 945
594 944
595 943
595 942
595 941
595 940
595 939
595 938
595 937
595 936
595 935
595 934
595 933
595 932
596 931
596 930
596 929
596 928
597 927
597 926
597 925
597 924
597 923
597 922
597 921
597 920
597 919
597 918
597 917
597 916
597 915
597 914
597 913
597 912
597 911
597 910
596 909
596 908
595 907
594 906
594 905
593 905
592 904
592 903
591 903
590 902
590 901
589 901
588 900
588 899
587 899
586 898
586 897
585 897
584 896
584 895
583 895
582 894
581 893
580 892
579 891
578 891
577 890
576 889
575 889
574 888
574 887
573 887
572 886
571 885
570 884
569 883
568 883
567 882
566 881
565 881
564 880
564 879
563 879
562 878
561 877
560 876
559 875
558 875
557 875
556 875
555 874
554 874
553 874
552 874
551 874
550 874
549 873
548 873
547 872
546 871
545 871
544 870
543 869
542 869
541 868
540 868
539 868
538 868
537 868
536 868
535 868
534 868
