455 3669
454 3670
453 3670
452 3671
451 3672
450 3673
450 3674
449 3675
448 3676
448 3677
447 3678
446 3678
446 3679
445 3680
444 3680
443 3681
442 3682
441 3682
440 3683
439 3684
438 3685
437 3685
436 3686
435 3686
434 3687
433 3687
432 3688
431 3688
430 3688
429 3688
428 3689
427 3690
426 3690
425 3690
424 3691
423 3691
422 3692
421 3692
420 3692
419 3692
418 3693
417 3693
416 3694
415 3694
414 3695
413 3696
412 3697
412 3698
411 3699
410 3700
410 3701
409 3702
408 3702
407 3703
406 3704
405 3704
404 3705
403 3706
402 3706
401 3706
400 3707
399 3707
398 3707
397 3707
396 3707
395 3707
394 3706
393 3706
392 3706
391 3706
390 3705
389 3705
388 3705
387 3705
386 3705
385 3705
384 3705
383 3705
382 3705
381 3705
380 3705
379 3705
378 3706
377 3706
376 3707
375 3708
374 3708
374 3709
373 3710
372 3710
372 3711
371 3712
370 3712
370 3713
369 3714
368 3714
368 3715
367 3716
366 3717
365 3718
364 3719
364 3720
364 3721
364 3722
363 3723
363 3724
363 3725
363 3726
363 3727
363 3728
362 3729
362 3730
362 3731
362 3732
361 3733
361 3734
361 3735
361 3736
360 3737
360 3738
360 3739
360 3740
359 3741
359 3742
358 3743
358 3744
358 3745
357 3746
356 3747
356 3748
356 3749
355 3750
354 3751
354 3752
354 3753
353 3754
352 3755
352 3756
351 3757
351 3758
350 3759
350 3760
349 3761
349 3762
349 3763
349 3764
350 3765
350 3766
351 3767
351 3768
352 3769
352 3770
353 3771
354 3772
355 3773
355 3774
356 3775
356 3776
357 3777
358 3778
358 3779
358 3780
359 3781
360 3782
361 3783
362 3784
363 3785
364 3785
365 3786
366 3786
367 3786
368 3786
369 3786
370 3786
371 3786
372 3786
373 3786
374 3786
375 3786
376 3786
377 3786
378 3786
379 3786
380 3786
381 3786
382 3786
383 3786
384 3786
385 3786
386 3786
387 3786
388 3786
389 3786
390 3786
391 3785
392 3785
393 3785
394 3785
395 3784
396 3784
397 3784
398 3784
399 3784
400 3784
401 3784
402 3784
403 3783
404 3783
405 3783
406 3783
407 3782
408 3782
409 3782
410 3782
411 3782
412 3782
413 3782
414 3782
415 3782
416 3782
417 3782
418 3782
419 3782
420 3782
421 3781
422 3781
423 3781
424 3781
425 3780
426 3780
427 3780
428 3780
429 3780
430 3780
431 3780
432 3780
433 3780
434 3780
435 3780
436 3780
437 3780
438 3780
439 3780
440 3780
441 3780
442 3780
443 3780
444 3780
445 3779
446 3779
447 3779
448 3779
449 3778
450 3778
451 3778
452 3778
453 3778
454 3778
455 3778
456 3778
457 3778
458 3778
459 3778
460 3778
461 3778
462 3778
463 3778
464 3778
465 3777
466 3777
467 3777
468 3777
469 3776
470 3776
471 3776
472 3776
473 3776
474 3776
475 3776
476 3776
477 3776
478 3776
479 3776
480 3776
481 3776
482 3776
483 3776
484 3776
485 3776
486 3776
487 3776
488 3776
489 3776
490 3776
491 3776
492 3776
493 3776
494 3776
495 3775
496 3775
497 3775
498 3775
499 3774
500 3774
501 3774
502 3774
503 3774
504 3774
505 3774
506 3774
507 3774
508 3774
509 3774
510 3774
511 3774
512 3774
513 3774
514 3774
515 3774
516 3774
517 3774
518 3774
519 3774
520 3774
521 3774
522 3774
523 3774
524 3774
525 3773
526 3773
527 3773
528 3773
529 3772
530 3772
531 3772
532 3772
533 3772
534 3772
535 3772
536 3772
537 3772
538 3772
539 3772
540 3772
541 3772
542 3772
543 3772
544 3772
545 3771
546 3771
547 3771
548 3771
549 3770
550 3770
551 3770
552 3770
553 3770
554 3770
555 3770
556 3770
557 3770
558 3770
559 3770
560 3770
561 3770
562 3770
563 3770
564 3770
565 3770
566 3770
567 3770
568 3770
569 3770
570 3770
571 3770
572 3770
573 3769
574 3769
575 3769
576 3769
577 3768
578 3768
579 3768
580 3768
581 3768
582 3768
583 3768
584 3768
585 3768
586 3768
587 3768
588 3768
589 3768
590 3768
591 3768
592 3768
593 3768
594 3768
595 3768
596 3768
597 3768
598 3768
599 3768
600 3768
601 3768
602 3768
603 3767
604 3767
605 3767
606 3767
607 3766
608 3766
609 3766
610 3766
611 3765
612 3765
613 3765
614 3765
615 3764
616 3764
617 3764
618 3764
619 3763
620 3763
621 3763
622 3763
623 3762
624 3762
625 3762
626 3762
627 3762
628 3762
629 3762
630 3762
631 3761
632 3761
633 3760
634 3759
635 3759
635 3758
636 3757
637 3756
638 3755
639 3754
639 3753
639 3752
639 3751
640 3750
640 3749
640 3748
640 3747
640 3746
640 3745
640 3744
640 3743
640 3742
640 3741
639 3740
639 3739
638 3738
637 3737
637 3736
636 3736
635 3735
635 3734
634 3734
633 3733
633 3732
632 3731
631 3730
631 3729
630 3728
630 3727
629 3726
629 3725
628 3724
628 3723
627 3722
627 3721
626 3720
625 3719
624 3718
623 3717
623 3716
622 3716
621 3715
620 3714
619 3713
618 3712
617 3712
616 3711
615 3710
614 3710
613 3709
613 3708
612 3708
611 3707
610 3706
609 3705
608 3704
607 3704
606 3704
605 3703
604 3702
603 3702
602 3701
601 3700
600 3700
599 3699
598 3698
597 3698
596 3697
595 3697
594 3697
593 3697
592 3696
591 3696
590 3695
589 3694
588 3694
587 3693
586 3692
585 3692
584 3691
583 3691
582 3690
581 3690
580 3690
579 3690
578 3689
577 3689
576 3688
575 3688
574 3688
573 3688
572 3687
571 3687
570 3687
569 3687
568 3686
567 3686
566 3685
565 3685
564 3684
563 3683
562 3682
561 3682
560 3682
559 3682
558 3681
557 3681
556 3680
555 3680
554 3680
553 3679
552 3678
551 3678
550 3678
549 3678
548 3677
547 3677
546 3677
545 3677
544 3677
543 3677
542 3677
541 3677
540 3677
539 3677
538 3677
537 3677
536 3676
535 3676
534 3676
533 3675
532 3674
531 3674
530 3674
529 3674
528 3673
527 3673
526 3674
525 3674
524 3674
523 3674
522 3675
521 3676
520 3676
519 3676
518 3677
517 3677
516 3676
515 3676
514 3676
513 3676
512 3675
511 3675
510 3675
509 3675
508 3675
507 3675
506 3675
505 3675
504 3675
503 3675
502 3675
501 3675
500 3674
499 3674
498 3674
497 3674
496 3673
495 3673
494 3674
493 3674
492 3674
491 3674
490 3675
489 3675
488 3675
487 3675
486 3675
485 3675
484 3675
483 3675
482 3675
481 3675
480 3675
479 3675
478 3675
477 3675
476 3674
475 3674
474 3674
473 3673
472 3672
471 3672
470 3672
469 3672
468 3671
467 3671
466 3671
465 3671
464 3670
463 3670
462 3670
461 3670
460 3669
459 3669
458 3669
457 3669
456 3669
455 3669
