853 695
852 696
851 696
850 697
849 697
848 698
847 698
846 699
845 700
844 700
843 700
842 701
841 702
840 703
839 704
838 704
837 705
836 706
835 706
834 707
833 708
832 709
831 709
830 710
829 710
828 711
827 711
826 711
825 711
824 711
823 711
822 711
821 711
820 711
819 711
818 712
817 712
816 713
815 714
814 715
814 716
813 717
813 718
813 719
813 720
813 721
813 722
812 723
812 724
812 725
811 726
810 727
810 728
810 729
810 730
809 731
809 732
808 733
808 734
807 735
806 736
806 737
805 738
804 739
803 740
802 741
802 742
801 743
800 744
800 745
799 746
798 746
798 747
797 748
796 748
796 749
795 750
794 751
794 752
793 753
793 754
793 755
793 756
793 757
793 758
793 759
793 760
793 761
793 762
793 763
793 764
793 765
793 766
793 767
793 768
793 769
793 770
793 771
793 772
793 773
793 774
793 775
793 776
793 777
793 778
793 779
793 780
793 781
793 782
793 783
793 784
793 785
793 786
793 787
793 788
793 789
793 790
793 791
793 792
794 793
794 794
794 795
794 796
795 797
795 798
795 799
795 800
795 801
795 802
795 803
795 804
795 805
795 806
795 807
795 808
795 809
795 810
796 811
796 812
797 813
798 814
798 815
799 816
800 817
800 818
801 819
802 820
803 821
804 822
805 823
806 824
807 825
808 825
809 826
810 827
811 827
812 828
812 829
813 829
814 830
814 831
815 831
816 832
816 833
817 833
818 834
818 835
819 835
820 836
820 837
821 837
822 838
822 839
823 839
824 840
824 841
825 841
826 842
826 843
827 843
828 844
828 845
829 846
830 847
830 848
831 849
832 850
833 851
834 852
834 853
835 853
836 854
836 855
837 855
838 856
838 857
839 857
840 858
841 859
842 859
843 860
844 860
845 861
846 861
847 862
848 862
849 863
850 863
851 864
852 864
853 864
854 864
855 865
856 865
857 865
858 865
859 866
860 866
861 866
862 866
863 866
864 866
865 866
866 866
867 866
868 866
869 866
870 866
871 866
872 866
873 866
874 866
875 866
876 866
877 866
878 866
879 866
880 866
881 866
882 866
883 866
884 866
885 866
886 866
887 866
888 866
889 866
890 866
891 866
892 866
893 866
894 866
895 866
896 866
897 866
898 866
899 866
900 866
901 866
902 866
903 866
904 866
905 866
906 866
907 866
908 866
909 866
910 866
911 865
912 865
913 864
914 863
915 863
915 862
916 861
917 861
917 860
918 859
919 859
919 858
920 857
921 857
922 856
923 855
924 855
925 854
926 854
927 854
928 854
929 854
930 854
931 854
932 854
933 854
934 854
935 854
936 854
937 853
938 853
939 852
940 852
941 851
942 851
943 850
944 850
945 850
946 850
947 849
948 849
949 849
950 849
951 848
952 847
953 847
954 847
955 846
956 846
957 845
958 845
959 844
960 843
961 843
962 842
963 841
964 841
965 840
966 840
967 839
968 839
969 838
970 837
971 836
971 835
971 834
971 833
972 832
972 831
972 830
972 829
973 828
973 827
974 826
975 825
975 824
976 823
977 822
977 821
978 820
978 819
979 818
979 817
979 816
979 815
980 814
980 813
980 812
980 811
980 810
980 809
981 808
981 807
981 806
982 805
983 804
983 803
984 802
985 801
985 800
986 799
987 799
987 798
988 797
989 797
989 796
990 795
991 794
991 793
992 792
992 791
992 790
992 789
992 788
992 787
992 786
992 785
992 784
992 783
992 782
992 781
992 780
992 779
992 778
992 777
992 776
992 775
992 774
992 773
992 772
992 771
992 770
992 769
991 768
991 767
990 766
989 765
989 764
988 764
987 763
987 762
986 762
985 761
985 760
984 760
983 759
983 758
982 758
981 757
981 756
980 756
979 755
979 754
978 754
977 753
977 752
976 752
975 751
975 750
974 750
973 749
973 748
972 748
971 747
971 746
970 746
969 745
968 744
967 743
966 742
965 742
964 741
963 741
962 740
961 739
960 738
959 738
958 737
957 736
956 736
955 735
954 734
953 733
952 732
951 732
950 731
949 730
948 730
947 729
947 728
946 728
945 727
945 726
944 726
943 725
943 724
942 724
941 723
941 722
940 721
939 720
939 719
938 718
937 717
937 716
937 715
936 714
935 713
934 712
933 711
933 710
932 710
931 709
930 708
929 707
928 706
927 706
926 706
925 706
924 705
923 705
922 705
921 705
920 704
919 704
918 703
917 703
916 702
915 701
914 700
913 700
912 700
911 700
910 699
909 699
908 699
907 699
906 699
905 699
904 699
903 699
902 698
901 698
900 698
899 698
898 697
897 697
896 697
895 697
894 697
893 697
892 696
891 696
890 696
889 696
888 695
887 695
886 695
885 695
884 695
883 695
882 695
881 695
880 695
879 695
878 695
877 695
876 695
875 695
874 695
873 695
872 695
871 695
870 695
869 695
868 695
867 695
866 695
865 695
864 695
863 695
862 695
861 695
860 695
859 695
858 695
857 695
856 695
855 695
854 695
853 695
