613 445
612 446
611 446
610 447
609 447
608 448
607 448
606 449
605 450
604 450
603 450
602 451
601 452
600 452
599 452
598 453
597 454
596 454
595 454
594 455
593 455
592 456
591 456
590 457
589 457
588 458
587 458
586 459
585 459
584 459
583 459
582 459
581 459
580 459
579 459
578 459
577 459
576 460
575 460
574 461
573 462
572 462
572 463
571 464
570 464
570 465
569 466
568 466
568 467
567 468
566 468
566 469
565 470
564 470
564 471
563 472
562 472
562 473
561 474
560 474
560 475
559 476
558 476
557 477
556 478
555 478
554 479
553 479
552 479
551 479
550 479
549 479
548 479
547 479
546 480
545 480
544 480
543 480
542 481
541 481
540 481
539 481
538 481
537 481
536 482
535 482
534 483
533 484
532 484
532 485
531 486
530 486
530 487
529 488
528 488
527 489
526 490
525 490
524 491
523 491
522 491
521 491
520 491
519 491
518 491
517 491
516 491
515 491
514 491
513 491
512 491
511 491
510 491
509 491
508 491
507 491
506 492
505 492
504 492
503 492
502 493
501 493
500 494
499 494
498 494
497 494
496 495
495 495
494 496
493 496
492 497
491 497
490 498
489 498
488 499
487 500
486 500
485 500
484 501
483 502
482 502
481 502
480 503
479 503
478 504
477 504
476 504
475 504
474 505
473 505
472 505
471 505
470 505
469 505
468 505
467 505
466 505
465 505
464 505
463 505
462 506
461 506
460 507
459 508
458 508
457 509
456 510
455 510
454 511
453 512
452 512
451 512
450 513
449 513
448 513
447 513
446 513
445 513
444 513
443 513
442 513
441 513
440 513
439 513
438 513
437 513
436 513
435 513
434 513
433 513
432 513
431 513
430 513
429 513
428 514
427 514
426 515
425 516
424 516
424 517
423 518
422 518
422 519
421 520
420 520
420 521
419 522
418 522
418 523
417 524
416 524
416 525
415 526
414 526
413 527
412 528
411 528
410 529
409 530
408 531
407 532
406 532
406 533
405 534
404 535
404 536
403 537
403 538
403 539
403 540
403 541
403 542
403 543
403 544
402 545
402 546
401 547
400 548
400 549
399 550
398 550
398 551
397 552
396 553
396 554
395 555
395 556
394 557
394 558
394 559
393 560
392 561
392 562
392 563
391 564
390 565
390 566
389 567
388 568
388 569
387 570
386 570
386 571
385 572
384 573
384 574
383 575
383 576
383 577
383 578
383 579
383 580
383 581
383 582
383 583
383 584
383 585
383 586
383 587
383 588
383 589
383 590
383 591
383 592
383 593
383 594
383 595
383 596
383 597
383 598
383 599
383 600
383 601
383 602
382 603
382 604
382 605
382 606
381 607
381 608
381 609
381 610
381 611
381 612
381 613
381 614
381 615
381 616
381 617
381 618
381 619
381 620
381 621
381 622
380 623
380 624
380 625
380 626
379 627
379 628
379 629
379 630
380 631
380 632
380 633
380 634
381 635
381 636
381 637
381 638
381 639
381 640
381 641
381 642
381 643
381 644
381 645
381 646
381 647
381 648
381 649
381 650
381 651
381 652
381 653
381 654
381 655
381 656
381 657
381 658
380 659
380 660
380 661
380 662
379 663
379 664
379 665
379 666
379 667
379 668
378 669
378 670
377 671
376 672
376 673
375 674
374 675
373 676
372 677
372 678
372 679
372 680
371 681
371 682
371 683
371 684
372 685
372 686
373 687
374 688
374 689
375 689
376 690
377 691
378 692
379 693
380 693
381 693
382 693
383 694
384 694
385 694
386 694
387 695
388 695
389 695
390 695
391 696
392 696
393 696
394 696
395 697
396 697
397 698
398 699
399 699
400 700
400 701
401 701
402 702
403 703
404 703
405 704
406 704
407 704
408 704
409 705
410 705
411 706
412 706
413 707
414 707
415 708
416 708
417 709
418 709
419 709
420 710
421 711
422 711
423 712
424 712
425 713
426 714
427 715
428 715
429 716
430 716
431 717
432 717
433 718
434 718
435 718
436 718
437 719
438 719
439 719
440 720
441 721
442 721
443 721
444 721
445 722
446 722
447 722
448 722
449 722
450 722
451 722
452 722
453 722
454 722
455 722
456 722
457 722
458 722
459 722
460 722
461 722
462 722
463 722
464 722
465 722
466 722
467 722
468 722
469 722
470 722
471 721
472 721
473 721
474 721
475 720
476 720
477 719
478 719
479 719
480 719
481 718
482 717
483 717
484 717
485 716
486 716
487 716
488 716
489 715
490 715
491 715
492 715
493 714
494 714
495 713
496 713
497 713
498 713
499 712
500 711
501 710
502 710
503 709
504 709
505 708
506 708
507 707
508 707
509 707
510 707
511 706
512 706
513 706
514 706
515 706
516 706
517 706
518 706
519 706
520 706
521 706
522 706
523 706
524 706
525 706
526 706
527 706
528 706
529 705
530 705
531 705
532 705
533 704
534 704
535 704
536 704
537 704
538 704
539 703
540 703
541 703
542 703
543 702
544 702
545 702
546 702
547 702
548 702
549 702
550 702
551 702
552 702
553 702
554 702
555 702
556 702
557 702
558 702
559 702
560 702
561 701
562 701
563 701
564 701
565 700
566 700
567 700
568 700
569 700
570 700
571 700
572 700
573 700
574 700
575 700
576 700
577 700
578 700
579 700
580 700
581 699
582 699
583 699
584 699
585 698
586 698
587 698
588 698
589 698
590 698
591 698
592 698
593 698
594 698
595 698
596 698
597 698
598 698
599 698
600 698
601 698
602 698
603 698
604 698
605 698
606 698
607 698
608 698
609 699
610 699
611 699
612 699
613 700
614 700
615 700
616 700
617 700
618 700
619 700
620 700
621 700
622 700
623 700
624 700
625 700
626 700
627 700
628 700
629 700
630 700
631 700
632 700
633 700
634 700
635 700
636 700
637 700
638 700
639 700
640 700
641 700
642 700
643 700
644 700
645 700
646 700
647 700
648 700
649 700
650 700
651 700
652 700
653 701
654 701
655 701
656 701
657 702
658 702
659 702
660 702
661 702
662 702
663 702
664 702
665 702
666 702
667 703
668 703
669 703
670 703
671 704
672 704
673 704
674 704
675 705
676 705
677 705
678 705
679 706
680 706
681 706
682 706
683 706
684 706
685 706
686 706
687 707
688 707
689 707
690 707
691 708
692 708
693 709
694 709
695 709
696 709
697 710
698 710
699 710
700 710
701 710
702 710
703 710
704 710
705 711
706 711
707 712
708 712
709 713
710 713
711 714
712 714
713 715
714 715
715 715
716 715
717 716
718 716
719 717
720 717
721 717
722 717
723 718
724 718
725 718
726 718
727 717
728 717
729 717
730 717
731 716
732 716
733 716
734 716
735 715
736 715
737 715
738 715
739 714
740 714
741 714
742 714
743 714
744 714
745 714
746 714
747 714
748 714
749 714
750 714
751 714
752 714
753 714
754 714
755 714
756 714
757 714
758 714
759 714
760 714
761 714
762 714
763 713
764 713
765 713
766 713
767 712
768 712
769 712
770 712
771 712
772 712
773 712
774 712
775 712
776 712
777 712
778 712
779 712
780 712
781 712
782 712
783 712
784 712
785 712
786 712
787 713
788 713
789 714
790 714
791 715
792 715
793 716
794 716
795 716
796 716
797 716
798 716
799 716
800 716
801 716
802 716
803 716
804 716
805 716
806 716
807 716
808 716
809 716
810 716
811 716
812 716
813 716
814 716
815 716
816 716
817 716
818 716
819 716
820 716
821 716
822 716
823 716
824 716
825 716
826 716
827 716
828 716
829 715
830 715
831 715
832 715
833 714
834 714
835 714
836 714
837 714
838 714
839 714
840 714
841 714
842 714
843 713
844 713
845 713
846 713
847 712
848 712
849 712
850 712
851 712
852 712
853 712
854 712
855 712
856 712
857 712
858 712
859 712
860 712
861 712
862 712
863 712
864 712
865 712
866 712
867 711
868 711
869 711
870 711
871 710
872 710
873 710
874 710
875 710
876 710
877 710
878 710
879 710
880 710
881 710
882 710
883 710
884 710
885 710
886 710
887 710
888 710
889 710
890 710
891 710
892 710
893 709
894 709
895 709
896 709
897 708
898 708
899 708
900 708
901 708
902 708
903 708
904 708
905 707
906 707
907 707
908 707
909 706
910 705
911 704
912 703
913 703
913 702
914 701
915 701
915 700
916 699
917 699
918 698
919 697
920 697
921 696
922 695
923 695
924 695
925 694
926 694
927 693
928 693
929 692
930 691
931 691
931 690
932 689
933 689
933 688
934 687
935 686
935 685
936 684
936 683
936 682
936 681
936 680
936 679
936 678
936 677
937 676
937 675
938 674
938 673
939 672
940 671
941 670
941 669
941 668
941 667
942 666
942 665
943 664
943 663
944 662
944 661
945 660
945 659
946 658
946 657
947 656
947 655
947 654
948 653
949 652
949 651
949 650
950 649
951 648
951 647
952 646
952 645
953 644
954 643
955 642
955 641
955 640
955 639
956 638
956 637
956 636
956 635
956 634
956 633
956 632
956 631
956 630
956 629
956 628
956 627
956 626
956 625
956 624
956 623
956 622
956 621
956 620
956 619
955 618
955 617
954 616
953 615
953 614
952 613
951 612
951 611
950 610
950 609
950 608
950 607
950 606
950 605
949 604
949 603
949 602
949 601
948 600
948 599
948 598
948 597
948 596
948 595
948 594
948 593
948 592
948 591
948 590
948 589
948 588
948 587
948 586
948 585
947 584
947 583
947 582
947 581
946 580
945 579
945 578
945 577
944 576
943 575
943 574
943 573
942 572
942 571
942 570
942 569
942 568
942 567
941 566
941 565
940 564
939 563
939 562
938 562
937 561
937 560
936 559
935 558
935 557
934 556
934 555
933 554
933 553
933 552
933 551
932 550
932 549
932 548
932 547
931 546
931 545
930 544
929 543
929 542
928 542
927 541
927 540
926 540
925 539
925 538
924 538
923 537
923 536
922 536
921 535
921 534
920 534
919 533
919 532
918 532
917 531
917 530
916 530
915 529
915 528
914 528
913 527
913 526
912 526
911 525
911 524
910 524
909 523
909 522
908 522
907 521
907 520
906 520
905 519
905 518
904 518
903 517
903 516
902 516
901 515
901 514
900 514
899 513
899 512
898 512
897 511
896 510
895 509
894 508
893 508
892 507
891 506
890 506
889 505
889 504
888 504
887 503
886 502
885 502
884 501
883 501
882 501
881 501
880 500
879 500
878 500
877 499
876 498
875 498
874 497
873 497
872 496
871 495
870 494
869 494
868 494
867 494
866 493
865 493
864 492
863 492
862 492
861 492
860 491
859 491
858 490
857 490
856 490
855 490
854 489
853 489
852 489
851 489
850 489
849 489
848 489
847 489
846 489
845 489
844 489
843 489
842 489
841 489
840 489
839 489
838 489
837 489
836 489
835 489
834 489
833 489
832 489
831 489
830 489
829 489
828 489
827 489
826 489
825 489
824 488
823 488
822 488
821 488
820 487
819 487
818 487
817 487
816 487
815 487
814 487
813 487
812 487
811 487
810 487
809 487
808 487
807 487
806 487
805 487
804 486
803 486
802 486
801 486
800 485
799 485
798 485
797 485
796 485
795 485
794 485
793 485
792 485
791 485
790 484
789 484
788 484
787 484
786 483
785 483
784 483
783 483
782 483
781 483
780 483
779 483
778 483
777 483
776 483
775 483
774 483
773 483
772 483
771 483
770 483
769 483
768 483
767 483
766 482
765 482
764 482
763 482
762 481
761 481
760 481
759 481
758 481
757 481
756 481
755 481
754 481
753 481
752 481
751 481
750 481
749 481
748 481
747 481
746 481
745 481
744 481
743 481
742 481
741 481
740 481
739 481
738 481
737 481
736 481
735 481
734 481
733 481
732 481
731 481
730 481
729 481
728 481
727 481
726 481
725 481
724 481
723 481
722 481
721 481
720 481
719 481
718 481
717 481
716 481
715 481
714 481
713 481
712 481
711 481
710 481
709 481
708 481
707 481
706 481
705 481
704 481
703 481
702 481
701 481
700 481
699 481
698 481
697 481
696 480
695 480
694 480
693 480
692 479
691 479
690 479
689 479
688 479
687 479
686 479
685 479
684 479
683 479
682 479
681 479
680 479
679 479
678 479
677 479
676 479
675 479
674 479
673 479
672 478
671 478
670 477
669 476
668 476
667 475
667 474
666 474
665 473
665 472
664 472
663 471
662 470
661 469
660 468
659 468
658 467
657 467
656 466
655 466
654 465
653 465
652 464
651 464
650 463
649 462
648 462
647 461
647 460
646 460
645 459
645 458
644 458
643 457
643 456
642 456
641 455
640 454
639 453
638 452
637 452
636 452
635 452
634 451
633 451
632 450
631 450
630 450
629 450
628 449
627 449
626 449
625 449
624 448
623 448
622 447
621 447
620 446
619 446
618 445
617 445
616 445
615 445
614 445
613 445
