376 2606
375 2607
374 2607
373 2607
372 2607
371 2608
370 2609
369 2609
368 2609
367 2610
366 2611
365 2611
364 2611
363 2612
362 2613
361 2613
360 2613
359 2614
358 2614
357 2615
356 2615
355 2616
354 2616
353 2617
352 2617
351 2618
350 2618
349 2618
348 2618
347 2619
346 2619
345 2619
344 2619
343 2620
342 2621
341 2622
340 2623
339 2623
338 2624
337 2625
336 2625
335 2625
334 2625
333 2625
332 2625
331 2624
330 2624
329 2624
328 2624
327 2625
326 2625
325 2626
324 2627
323 2628
323 2629
323 2630
323 2631
322 2632
322 2633
322 2634
322 2635
322 2636
322 2637
322 2638
322 2639
322 2640
322 2641
321 2642
321 2643
321 2644
321 2645
320 2646
320 2647
320 2648
320 2649
320 2650
320 2651
320 2652
320 2653
320 2654
320 2655
320 2656
320 2657
320 2658
320 2659
320 2660
320 2661
320 2662
320 2663
320 2664
320 2665
320 2666
320 2667
320 2668
320 2669
320 2670
320 2671
320 2672
320 2673
320 2674
320 2675
321 2676
321 2677
321 2678
321 2679
322 2680
322 2681
323 2682
323 2683
323 2684
323 2685
324 2686
324 2687
324 2688
324 2689
324 2690
324 2691
324 2692
324 2693
324 2694
324 2695
324 2696
324 2697
324 2698
324 2699
324 2700
324 2701
324 2702
324 2703
324 2704
324 2705
324 2706
324 2707
324 2708
324 2709
324 2710
324 2711
324 2712
324 2713
323 2714
323 2715
323 2716
323 2717
322 2718
322 2719
322 2720
322 2721
322 2722
322 2723
322 2724
322 2725
322 2726
322 2727
322 2728
322 2729
322 2730
322 2731
322 2732
322 2733
322 2734
322 2735
322 2736
322 2737
322 2738
322 2739
323 2740
323 2741
324 2742
324 2743
325 2744
325 2745
326 2746
327 2747
327 2748
327 2749
328 2750
329 2751
330 2752
331 2753
331 2754
332 2755
333 2756
333 2757
334 2758
334 2759
335 2760
335 2761
336 2762
336 2763
337 2764
337 2765
338 2766
339 2767
339 2768
339 2769
340 2770
341 2771
342 2772
343 2773
343 2774
344 2774
345 2775
345 2776
346 2776
347 2777
347 2778
348 2778
349 2779
350 2780
351 2780
352 2781
353 2781
354 2781
355 2781
356 2781
357 2781
358 2781
359 2781
360 2781
361 2781
362 2782
363 2782
364 2782
365 2782
366 2783
367 2783
368 2783
369 2783
370 2784
371 2784
372 2785
373 2786
374 2786
375 2787
376 2788
377 2788
378 2789
379 2789
380 2789
381 2789
382 2789
383 2789
384 2789
385 2789
386 2789
387 2789
388 2789
389 2789
390 2789
391 2789
392 2789
393 2789
394 2789
395 2789
396 2788
397 2788
398 2787
399 2787
400 2786
401 2786
402 2785
403 2785
404 2784
405 2784
406 2783
407 2782
408 2781
408 2780
409 2779
410 2778
411 2778
412 2777
413 2777
414 2776
415 2776
416 2775
417 2774
418 2774
418 2773
419 2772
420 2772
420 2771
421 2770
422 2770
422 2769
423 2768
424 2768
424 2767
425 2766
426 2766
427 2765
428 2764
429 2764
430 2763
431 2762
432 2762
433 2762
434 2761
435 2761
436 2762
437 2762
438 2763
439 2764
439 2765
440 2766
441 2767
442 2768
443 2769
443 2770
444 2771
445 2772
445 2773
446 2774
446 2775
446 2776
446 2777
447 2778
447 2779
448 2780
448 2781
449 2782
449 2783
450 2784
451 2785
452 2786
453 2787
454 2788
455 2789
456 2790
457 2790
458 2791
459 2791
460 2792
461 2792
462 2793
463 2793
464 2793
465 2793
466 2793
467 2793
468 2793
469 2793
470 2793
471 2793
472 2793
473 2793
474 2792
475 2792
476 2792
477 2792
478 2791
479 2791
480 2791
481 2791
482 2791
483 2791
484 2791
485 2791
486 2792
487 2792
488 2793
489 2794
489 2795
490 2796
491 2797
492 2798
493 2799
493 2800
494 2800
495 2801
495 2802
496 2802
497 2803
497 2804
498 2804
499 2805
500 2806
501 2806
502 2807
503 2807
504 2807
505 2807
506 2808
507 2808
508 2809
509 2810
510 2810
511 2811
512 2812
513 2813
514 2814
515 2814
516 2815
517 2816
518 2816
519 2817
519 2818
520 2818
521 2819
522 2820
523 2820
524 2820
525 2820
526 2820
527 2820
528 2819
529 2818
530 2817
531 2816
532 2815
532 2814
533 2813
533 2812
534 2811
534 2810
534 2809
534 2808
535 2807
535 2806
536 2805
536 2804
536 2803
537 2802
538 2801
538 2800
538 2799
539 2798
540 2797
540 2796
541 2795
542 2794
543 2793
544 2792
545 2792
546 2791
547 2790
548 2790
549 2790
550 2789
551 2788
552 2788
553 2788
554 2787
555 2786
556 2786
557 2786
558 2785
559 2784
560 2784
561 2784
562 2783
563 2783
564 2783
565 2783
566 2782
567 2782
568 2782
569 2782
570 2781
571 2781
572 2781
573 2781
574 2781
575 2781
576 2782
577 2782
578 2782
579 2782
580 2783
581 2783
582 2783
583 2783
584 2783
585 2783
586 2783
587 2783
588 2782
589 2782
590 2781
591 2781
592 2780
593 2780
594 2779
595 2778
596 2778
597 2778
598 2777
599 2776
600 2776
601 2776
602 2775
603 2774
604 2774
605 2774
606 2773
607 2773
608 2773
609 2773
610 2773
611 2773
612 2773
613 2773
614 2773
615 2773
616 2773
617 2773
618 2772
619 2772
620 2772
621 2772
622 2771
623 2771
624 2771
625 2771
626 2770
627 2770
628 2769
629 2768
630 2768
630 2767
631 2766
632 2766
632 2765
633 2764
634 2763
634 2762
635 2761
635 2760
635 2759
635 2758
635 2757
635 2756
635 2755
635 2754
635 2753
635 2752
635 2751
635 2750
635 2749
635 2748
635 2747
635 2746
635 2745
635 2744
635 2743
635 2742
636 2741
636 2740
637 2739
638 2738
638 2737
639 2736
640 2736
640 2735
641 2734
642 2734
642 2733
643 2732
644 2732
644 2731
645 2730
646 2729
647 2728
648 2727
648 2726
649 2725
650 2724
650 2723
651 2722
652 2722
652 2721
653 2720
654 2720
654 2719
655 2718
656 2717
656 2716
657 2715
657 2714
657 2713
657 2712
657 2711
657 2710
658 2709
658 2708
659 2707
659 2706
660 2705
660 2704
661 2703
661 2702
662 2701
662 2700
662 2699
662 2698
663 2697
663 2696
663 2695
663 2694
663 2693
663 2692
663 2691
663 2690
663 2689
663 2688
663 2687
663 2686
662 2685
662 2684
661 2683
661 2682
660 2681
660 2680
659 2679
658 2678
658 2677
658 2676
657 2675
656 2674
655 2673
655 2672
654 2671
654 2670
653 2669
652 2668
651 2667
650 2666
649 2665
648 2665
647 2664
646 2664
645 2663
644 2663
643 2663
642 2663
641 2662
640 2662
639 2662
638 2662
637 2662
636 2662
635 2661
634 2661
633 2661
632 2661
631 2660
630 2660
629 2660
628 2660
627 2660
626 2660
625 2659
624 2659
623 2658
622 2658
621 2657
620 2656
619 2655
618 2655
617 2654
616 2653
615 2653
614 2652
614 2651
613 2651
612 2650
612 2649
611 2649
610 2648
610 2647
609 2647
608 2646
608 2645
607 2645
606 2644
606 2643
605 2643
604 2642
604 2641
603 2641
602 2640
602 2639
601 2639
600 2638
600 2637
599 2637
598 2636
598 2635
597 2635
596 2634
596 2633
595 2633
594 2632
593 2631
592 2630
591 2629
590 2629
589 2629
588 2628
587 2627
586 2627
585 2627
584 2626
583 2625
582 2625
581 2625
580 2624
579 2623
578 2623
577 2623
576 2623
575 2622
574 2622
573 2622
572 2622
571 2622
570 2622
569 2622
568 2622
567 2622
566 2622
565 2622
564 2622
563 2622
562 2622
561 2622
560 2622
559 2622
558 2622
557 2622
556 2622
555 2622
554 2622
553 2622
552 2622
551 2622
550 2622
549 2622
548 2622
547 2621
546 2621
545 2621
544 2621
543 2620
542 2620
541 2620
540 2620
539 2620
538 2620
537 2620
536 2620
535 2620
534 2620
533 2620
532 2620
531 2620
530 2620
529 2620
528 2620
527 2620
526 2620
525 2620
524 2620
523 2619
522 2619
521 2618
520 2618
519 2617
518 2617
517 2616
516 2616
515 2615
514 2615
513 2614
512 2614
511 2613
510 2613
509 2612
508 2612
507 2612
506 2612
505 2612
504 2612
503 2612
502 2612
501 2612
500 2612
499 2612
498 2612
497 2613
496 2613
495 2614
494 2614
493 2615
492 2615
491 2616
490 2616
489 2617
488 2617
487 2617
486 2617
485 2618
484 2618
483 2618
482 2618
481 2618
480 2618
479 2618
478 2618
477 2618
476 2618
475 2618
474 2618
473 2618
472 2618
471 2618
470 2618
469 2618
468 2618
467 2618
466 2618
465 2618
464 2618
463 2618
462 2618
461 2618
460 2618
459 2618
458 2618
457 2618
456 2618
455 2618
454 2618
453 2618
452 2618
451 2618
450 2618
449 2618
448 2618
447 2618
446 2618
445 2619
444 2619
443 2619
442 2619
441 2620
440 2621
439 2621
438 2621
437 2622
436 2622
435 2622
434 2622
433 2622
432 2622
431 2622
430 2622
429 2621
428 2621
427 2621
426 2620
425 2619
424 2619
423 2618
422 2618
421 2617
420 2617
419 2616
418 2616
417 2615
416 2615
415 2615
414 2614
413 2613
412 2613
411 2612
410 2611
409 2611
408 2610
407 2609
406 2609
405 2608
404 2608
403 2607
402 2607
401 2607
400 2607
399 2606
398 2606
397 2606
396 2606
395 2606
394 2606
393 2606
392 2606
391 2606
390 2606
389 2606
388 2606
387 2606
386 2606
385 2606
384 2606
383 2606
382 2606
381 2606
380 2606
379 2606
378 2606
377 2606
376 2606
