331 4649
330 4650
329 4650
328 4651
328 4652
327 4653
327 4654
327 4655
327 4656
327 4657
327 4658
327 4659
327 4660
327 4661
327 4662
327 4663
327 4664
326 4665
326 4666
326 4667
326 4668
325 4669
325 4670
325 4671
325 4672
325 4673
325 4674
325 4675
325 4676
325 4677
325 4678
325 4679
325 4680
325 4681
325 4682
325 4683
325 4684
325 4685
325 4686
325 4687
325 4688
325 4689
325 4690
325 4691
325 4692
325 4693
325 4694
325 4695
325 4696
326 4697
326 4698
326 4699
326 4700
327 4701
328 4702
328 4703
328 4704
329 4705
329 4706
329 4707
329 4708
329 4709
329 4710
329 4711
329 4712
329 4713
329 4714
329 4715
329 4716
329 4717
329 4718
329 4719
329 4720
329 4721
329 4722
329 4723
329 4724
329 4725
329 4726
329 4727
329 4728
329 4729
329 4730
328 4731
328 4732
328 4733
328 4734
327 4735
327 4736
327 4737
327 4738
327 4739
327 4740
327 4741
327 4742
327 4743
327 4744
327 4745
327 4746
327 4747
327 4748
327 4749
327 4750
328 4751
328 4752
329 4753
330 4754
330 4755
331 4755
332 4756
333 4757
334 4757
335 4758
336 4758
337 4758
338 4758
339 4758
340 4758
341 4759
342 4759
343 4759
344 4759
345 4760
346 4760
347 4760
348 4760
349 4760
350 4760
351 4760
352 4760
353 4760
354 4760
355 4761
356 4761
357 4762
358 4763
359 4763
360 4764
361 4765
362 4766
363 4767
364 4767
365 4767
366 4768
367 4769
368 4769
369 4769
370 4769
371 4770
372 4770
373 4770
374 4770
375 4771
376 4771
377 4771
378 4771
379 4772
380 4772
381 4773
382 4773
383 4774
384 4774
385 4775
386 4775
387 4776
388 4776
389 4776
390 4776
391 4776
392 4776
393 4777
394 4777
395 4778
396 4778
397 4779
398 4779
399 4780
400 4780
401 4780
402 4780
403 4780
404 4780
405 4780
406 4780
407 4780
408 4780
409 4780
410 4780
411 4780
412 4780
413 4780
414 4780
415 4780
416 4780
417 4779
418 4779
419 4778
420 4778
421 4777
422 4777
423 4776
424 4776
425 4775
426 4775
427 4774
428 4773
429 4773
430 4772
431 4771
432 4771
433 4770
434 4770
435 4770
436 4770
437 4771
438 4771
439 4771
440 4772
441 4773
442 4773
443 4773
444 4773
445 4774
446 4774
447 4774
448 4774
449 4774
450 4774
451 4774
452 4774
453 4774
454 4774
455 4774
456 4774
457 4774
458 4774
459 4774
460 4774
461 4774
462 4774
463 4774
464 4774
465 4774
466 4774
467 4774
468 4774
469 4774
470 4774
471 4773
472 4773
473 4773
474 4773
475 4772
476 4772
477 4772
478 4772
479 4772
480 4772
481 4772
482 4772
483 4772
484 4772
485 4772
486 4772
487 4772
488 4772
489 4772
490 4772
491 4772
492 4772
493 4772
494 4772
495 4772
496 4772
497 4772
498 4772
499 4772
500 4772
501 4772
502 4772
503 4772
504 4772
505 4772
506 4772
507 4772
508 4772
509 4772
510 4772
511 4772
512 4772
513 4772
514 4772
515 4772
516 4772
517 4772
518 4772
519 4771
520 4771
521 4771
522 4771
523 4770
524 4770
525 4770
526 4770
527 4770
528 4770
529 4770
530 4770
531 4770
532 4770
533 4769
534 4769
535 4769
536 4769
537 4768
538 4767
539 4767
540 4767
541 4766
542 4766
543 4766
544 4766
545 4766
546 4766
547 4766
548 4766
549 4766
550 4766
551 4766
552 4766
553 4766
554 4766
555 4766
556 4766
557 4765
558 4765
559 4764
560 4763
561 4763
562 4762
563 4761
564 4761
565 4760
566 4760
567 4759
568 4759
569 4759
570 4759
571 4758
572 4757
573 4756
574 4755
575 4755
575 4754
576 4753
577 4753
578 4752
579 4751
580 4751
581 4750
582 4750
583 4750
584 4750
585 4750
586 4750
587 4750
588 4750
589 4749
590 4749
591 4749
592 4749
593 4748
594 4748
595 4748
596 4748
597 4748
598 4748
599 4747
600 4747
601 4746
602 4745
603 4745
604 4744
605 4743
606 4743
607 4742
608 4741
609 4740
610 4739
611 4739
611 4738
612 4737
613 4737
613 4736
614 4735
615 4735
615 4734
616 4733
617 4733
617 4732
618 4731
619 4730
619 4729
620 4728
620 4727
620 4726
620 4725
620 4724
620 4723
620 4722
620 4721
620 4720
620 4719
619 4718
619 4717
619 4716
619 4715
618 4714
618 4713
618 4712
618 4711
618 4710
618 4709
618 4708
618 4707
618 4706
618 4705
618 4704
618 4703
617 4702
617 4701
617 4700
617 4699
616 4698
615 4697
615 4696
615 4695
614 4694
613 4693
612 4692
611 4691
611 4690
610 4690
609 4689
609 4688
608 4687
607 4686
607 4685
606 4684
605 4683
604 4682
603 4681
603 4680
602 4680
601 4679
600 4678
599 4678
598 4677
597 4677
596 4677
595 4677
594 4677
593 4677
592 4677
591 4677
590 4676
589 4676
588 4675
587 4675
586 4674
585 4674
584 4673
583 4673
582 4672
581 4672
580 4672
579 4672
578 4671
577 4671
576 4671
575 4671
574 4671
573 4671
572 4671
571 4671
570 4671
569 4671
568 4671
567 4671
566 4671
565 4671
564 4671
563 4671
562 4671
561 4671
560 4671
559 4671
558 4671
557 4671
556 4671
555 4671
554 4671
553 4671
552 4671
551 4671
550 4671
549 4671
548 4671
547 4671
546 4671
545 4671
544 4672
543 4672
542 4672
541 4672
540 4673
539 4673
538 4673
537 4673
536 4673
535 4673
534 4673
533 4673
532 4673
531 4673
530 4674
529 4674
528 4674
527 4674
526 4675
525 4676
524 4677
523 4677
522 4678
521 4678
520 4679
519 4679
518 4679
517 4679
516 4679
515 4679
514 4679
513 4679
512 4678
511 4678
510 4678
509 4678
508 4677
507 4677
506 4677
505 4677
504 4677
503 4677
502 4677
501 4677
500 4677
499 4677
498 4677
497 4677
496 4677
495 4677
494 4677
493 4677
492 4678
491 4678
490 4678
489 4678
488 4679
487 4679
486 4679
485 4679
484 4679
483 4679
482 4679
481 4679
480 4679
479 4679
478 4679
477 4679
476 4679
475 4679
474 4678
473 4678
472 4678
471 4678
470 4677
469 4677
468 4677
467 4677
466 4677
465 4677
464 4677
463 4677
462 4676
461 4676
460 4676
459 4676
458 4675
457 4675
456 4675
455 4675
454 4675
453 4675
452 4675
451 4675
450 4675
449 4675
448 4675
447 4675
446 4675
445 4675
444 4674
443 4674
442 4674
441 4674
440 4673
439 4673
438 4673
437 4673
436 4673
435 4673
434 4673
433 4673
432 4673
431 4673
430 4673
429 4673
428 4673
427 4673
426 4673
425 4673
424 4673
423 4673
422 4673
421 4673
420 4673
419 4673
418 4673
417 4673
416 4673
415 4673
414 4673
413 4673
412 4673
411 4673
410 4673
409 4673
408 4673
407 4673
406 4673
405 4673
404 4673
403 4673
402 4673
401 4673
400 4673
399 4673
398 4673
397 4673
396 4673
395 4673
394 4673
393 4673
392 4673
391 4673
390 4672
389 4672
388 4672
387 4672
386 4671
385 4671
384 4670
383 4670
382 4670
381 4670
380 4669
379 4669
378 4668
377 4668
376 4668
375 4668
374 4667
373 4667
372 4666
371 4666
370 4666
369 4666
368 4665
367 4665
366 4664
365 4664
364 4664
363 4663
362 4662
361 4662
360 4662
359 4662
358 4661
357 4661
356 4661
355 4661
354 4660
353 4660
352 4660
351 4660
350 4659
349 4659
348 4658
347 4658
346 4657
345 4657
344 4656
343 4656
342 4655
341 4655
340 4654
339 4654
338 4653
337 4652
336 4652
335 4651
334 4650
333 4650
332 4649
331 4649
