1455 663
1454 664
1453 664
1452 664
1451 664
1450 665
1449 665
1448 665
1447 665
1446 665
1445 665
1444 665
1443 665
1442 665
1441 665
1440 665
1439 665
1438 665
1437 665
1436 665
1435 665
1434 665
1433 665
1432 666
1431 666
1430 666
1429 666
1428 667
1427 667
1426 667
1425 667
1424 668
1423 668
1422 668
1421 668
1420 669
1419 669
1418 670
1417 670
1416 671
1415 671
1414 672
1413 672
1412 673
1411 673
1410 673
1409 673
1408 673
1407 673
1406 673
1405 673
1404 674
1403 674
1402 675
1401 675
1400 676
1399 676
1398 677
1397 678
1396 679
1395 679
1394 680
1393 680
1392 681
1391 681
1390 682
1389 682
1388 683
1387 684
1386 684
1386 685
1385 686
1384 686
1384 687
1383 688
1382 688
1381 689
1380 690
1379 690
1378 691
1377 691
1376 691
1375 691
1374 691
1373 691
1372 692
1371 692
1370 692
1369 692
1368 693
1367 694
1366 694
1365 694
1364 695
1363 695
1362 695
1361 695
1360 695
1359 695
1358 695
1357 695
1356 696
1355 696
1354 696
1353 696
1352 697
1351 697
1350 697
1349 697
1348 697
1347 697
1346 697
1345 697
1344 698
1343 698
1342 698
1341 698
1340 699
1339 699
1338 699
1337 699
1336 699
1335 699
1334 699
1333 699
1332 699
1331 699
1330 699
1329 699
1328 699
1327 699
1326 699
1325 699
1324 699
1323 699
1322 699
1321 699
1320 699
1319 699
1318 700
1317 700
1316 701
1316 702
1315 703
1315 704
1315 705
1315 706
1315 707
1315 708
1315 709
1315 710
1315 711
1315 712
1315 713
1315 714
1315 715
1315 716
1315 717
1315 718
1315 719
1315 720
1315 721
1315 722
1315 723
1315 724
1315 725
1315 726
1314 727
1314 728
1314 729
1314 730
1313 731
1313 732
1313 733
1313 734
1313 735
1313 736
1313 737
1313 738
1313 739
1313 740
1314 741
1314 742
1315 743
1316 744
1317 745
1318 745
1319 745
1320 746
1321 747
1322 747
1323 747
1324 748
1325 749
1326 749
1327 749
1328 750
1329 751
1330 751
1331 751
1332 751
1333 752
1334 752
1335 753
1336 753
1337 754
1338 755
1339 755
1340 756
1340 757
1341 757
1342 758
1342 759
1343 759
1344 760
1345 761
1346 762
1347 763
1348 763
1349 764
1350 765
1351 765
1352 766
1353 767
1354 768
1355 769
1356 769
1357 769
1358 770
1359 771
1360 771
1361 772
1362 772
1363 773
1364 774
1365 775
1366 775
1367 776
1368 776
1369 777
1370 778
1371 779
1372 779
1373 779
1374 780
1375 781
1376 781
1377 781
1378 782
1379 783
1380 783
1381 783
1382 783
1383 784
1384 784
1385 785
1386 785
1387 786
1388 786
1389 787
1390 787
1391 788
1392 788
1393 789
1394 789
1395 789
1396 790
1397 791
1398 791
1399 791
1400 791
1401 792
1402 792
1403 793
1404 793
1405 793
1406 793
1407 794
1408 794
1409 795
1410 795
1411 795
1412 795
1413 796
1414 796
1415 796
1416 796
1417 797
1418 797
1419 797
1420 797
1421 798
1422 798
1423 799
1424 799
1425 799
1426 799
1427 800
1428 800
1429 801
1430 801
1431 801
1432 801
1433 802
1434 802
1435 802
1436 802
1437 803
1438 803
1439 803
1440 804
1441 805
1442 805
1443 805
1444 805
1445 806
1446 806
1447 807
1448 807
1449 807
1450 808
1451 809
1452 809
1453 810
1454 810
1455 811
1456 811
1457 812
1458 812
1459 812
1460 812
1461 812
1462 812
1463 812
1464 812
1465 812
1466 812
1467 812
1468 812
1469 812
1470 812
1471 812
1472 812
1473 812
1474 812
1475 811
1476 811
1477 811
1478 811
1479 810
1480 809
1481 809
1482 809
1483 808
1484 808
1485 807
1486 807
1487 807
1488 807
1489 806
1490 805
1491 804
1492 803
1493 803
1493 802
1494 801
1495 801
1495 800
1496 799
1497 799
1497 798
1498 797
1499 797
1499 796
1500 795
1501 795
1501 794
1502 793
1503 793
1503 792
1504 791
1505 791
1505 790
1506 789
1507 789
1507 788
1508 787
1509 787
1509 786
1510 785
1511 785
1511 784
1512 783
1513 783
1513 782
1514 781
1515 781
1515 780
1516 779
1517 779
1518 778
1519 777
1520 777
1521 776
1522 775
1523 774
1524 773
1525 772
1526 771
1527 770
1527 769
1528 768
1529 767
1529 766
1530 765
1531 765
1531 764
1532 763
1533 763
1533 762
1534 761
1535 760
1535 759
1536 758
1536 757
1536 756
1536 755
1536 754
1536 753
1536 752
1536 751
1536 750
1536 749
1536 748
1536 747
1536 746
1536 745
1537 744
1537 743
1537 742
1537 741
1538 740
1538 739
1538 738
1538 737
1538 736
1538 735
1538 734
1538 733
1538 732
1538 731
1538 730
1538 729
1538 728
1538 727
1538 726
1538 725
1537 724
1537 723
1537 722
1537 721
1536 720
1535 719
1535 718
1535 717
1534 716
1534 715
1533 714
1533 713
1532 712
1532 711
1531 710
1531 709
1530 708
1529 707
1529 706
1529 705
1528 704
1527 703
1527 702
1527 701
1526 700
1525 699
1525 698
1525 697
1524 696
1524 695
1524 694
1524 693
1524 692
1524 691
1524 690
1524 689
1524 688
1524 687
1524 686
1524 685
1524 684
1524 683
1524 682
1524 681
1523 680
1523 679
1522 678
1521 677
1520 676
1519 676
1518 675
1517 675
1516 674
1515 674
1514 673
1513 673
1512 673
1511 673
1510 673
1509 673
1508 673
1507 673
1506 673
1505 673
1504 673
1503 673
1502 673
1501 673
1500 673
1499 673
1498 672
1497 672
1496 671
1495 671
1494 670
1493 670
1492 669
1491 669
1490 669
1489 669
1488 669
1487 669
1486 668
1485 668
1484 667
1483 667
1482 666
1481 666
1480 665
1479 665
1478 665
1477 665
1476 665
1475 665
1474 664
1473 664
1472 664
1471 664
1470 663
1469 663
1468 663
1467 663
1466 663
1465 663
1464 663
1463 663
1462 663
1461 663
1460 663
1459 663
1458 663
1457 663
1456 663
1455 663
