414 284
413 285
412 285
411 286
410 286
409 287
408 287
407 288
406 288
405 288
404 288
403 288
402 288
401 289
400 289
399 290
398 290
397 291
396 292
395 293
394 294
394 295
394 296
394 297
394 298
394 299
394 300
394 301
394 302
394 303
394 304
394 305
394 306
394 307
394 308
394 309
395 310
395 311
395 312
395 313
396 314
396 315
396 316
396 317
396 318
396 319
397 320
397 321
398 322
399 323
399 324
400 324
401 325
401 326
402 326
403 327
403 328
404 328
405 329
405 330
406 330
407 331
408 332
409 332
410 333
411 333
412 333
413 333
414 333
415 333
416 333
417 333
418 333
419 333
420 334
421 334
422 334
423 335
424 336
425 336
426 336
427 337
428 338
429 338
430 339
431 340
432 340
433 341
433 342
434 342
435 343
435 344
436 344
437 345
437 346
438 346
439 347
439 348
440 348
441 349
441 350
442 350
443 351
443 352
444 352
445 353
445 354
446 354
447 355
447 356
448 356
449 357
450 358
451 359
452 360
453 360
454 360
455 360
456 361
457 361
458 361
459 361
460 361
461 361
462 361
463 361
464 361
465 361
466 361
467 361
468 361
469 361
470 361
471 361
472 361
473 361
474 362
475 362
476 363
477 363
478 364
479 364
480 365
481 365
482 365
483 365
484 365
485 365
486 365
487 365
488 365
489 365
490 366
491 366
492 367
493 368
494 368
495 369
495 370
496 370
497 371
497 372
498 372
499 373
499 374
500 374
501 375
501 376
502 376
503 377
503 378
504 378
505 379
505 380
506 380
507 381
508 382
509 382
510 383
511 383
512 383
513 383
514 383
515 383
516 383
517 383
518 383
519 383
520 383
521 383
522 382
523 382
524 381
525 380
526 379
527 378
528 377
529 377
530 377
531 377
532 377
533 377
534 377
535 377
536 377
537 377
538 377
539 377
540 377
541 377
542 376
543 376
544 376
545 376
546 375
547 374
548 373
549 373
550 372
551 372
552 371
553 370
554 369
555 369
556 368
557 368
558 367
559 366
560 366
561 366
562 365
563 365
564 365
565 365
566 365
567 365
568 365
569 365
570 365
571 365
572 365
573 365
574 365
575 365
576 365
577 365
578 366
579 366
580 366
581 366
582 367
583 367
584 367
585 367
586 367
587 367
588 367
589 367
590 367
591 367
592 367
593 367
594 367
595 367
596 368
597 368
598 368
599 368
600 369
601 369
602 370
603 370
604 371
605 371
606 372
607 373
608 374
609 374
610 374
611 374
612 375
613 375
614 375
615 375
616 375
617 375
618 375
619 375
620 375
621 375
622 375
623 375
624 375
625 375
626 374
627 374
628 373
629 372
630 372
630 371
631 370
632 369
633 368
634 367
634 366
635 365
636 364
636 363
637 362
638 362
638 361
639 360
640 360
641 359
642 358
643 358
644 357
645 357
646 357
647 357
648 357
649 357
650 357
651 357
652 358
653 358
654 359
655 360
656 360
657 361
658 362
659 362
660 363
661 363
662 364
663 364
664 365
665 365
666 366
667 366
668 366
669 367
670 367
671 367
672 367
673 367
674 367
675 367
676 367
677 366
678 366
679 366
680 365
681 364
682 363
683 362
684 361
685 360
686 359
686 358
687 357
688 356
688 355
689 354
690 354
690 353
691 352
692 351
692 350
693 349
693 348
693 347
693 346
693 345
693 344
693 343
693 342
693 341
693 340
693 339
693 338
692 337
692 336
692 335
692 334
691 333
691 332
690 331
690 330
690 329
690 328
689 327
688 326
688 325
688 324
687 323
687 322
687 321
687 320
687 319
687 318
687 317
687 316
686 315
686 314
685 313
684 312
684 311
683 311
682 310
682 309
681 309
680 308
679 307
678 307
677 306
676 306
675 305
674 305
673 304
672 304
671 303
670 302
669 301
668 301
667 300
666 299
665 299
664 298
663 297
662 297
661 296
660 296
659 296
658 296
657 296
656 296
655 296
654 296
653 295
652 295
651 295
650 294
649 293
648 293
647 293
646 293
645 292
644 292
643 292
642 292
641 291
640 291
639 291
638 291
637 290
636 290
635 290
634 290
633 290
632 290
631 290
630 290
629 290
628 290
627 289
626 289
625 289
624 289
623 288
622 288
621 288
620 288
619 288
618 288
617 288
616 288
615 288
614 288
613 288
612 288
611 288
610 288
609 288
608 288
607 288
606 288
605 287
604 287
603 287
602 287
601 286
600 286
599 286
598 286
597 286
596 286
595 286
594 286
593 286
592 286
591 286
590 286
589 286
588 286
587 286
586 286
585 286
584 286
583 286
582 286
581 286
580 286
579 286
578 286
577 286
576 286
575 286
574 286
573 286
572 286
571 286
570 286
569 286
568 286
567 286
566 286
565 286
564 286
563 286
562 286
561 286
560 286
559 286
558 286
557 286
556 286
555 286
554 286
553 286
552 286
551 286
550 286
549 286
548 286
547 286
546 286
545 286
544 286
543 286
542 286
541 287
540 287
539 287
538 287
537 288
536 288
535 288
534 288
533 288
532 288
531 288
530 288
529 288
528 288
527 288
526 288
525 288
524 288
523 288
522 288
521 288
520 288
519 288
518 288
517 287
516 287
515 287
514 287
513 286
512 286
511 286
510 286
509 286
508 286
507 286
506 286
505 286
504 286
503 286
502 286
501 285
500 285
499 285
498 285
497 284
496 284
495 284
494 284
493 284
492 284
491 284
490 284
489 284
488 284
487 284
486 284
485 284
484 284
483 284
482 284
481 284
480 284
479 284
478 284
477 284
476 284
475 284
474 284
473 284
472 284
471 284
470 284
469 284
468 284
467 284
466 284
465 284
464 284
463 284
462 284
461 284
460 284
459 284
458 284
457 284
456 284
455 284
454 284
453 284
452 284
451 284
450 284
449 284
448 284
447 284
446 284
445 284
444 284
443 284
442 284
441 284
440 284
439 284
438 284
437 284
436 284
435 284
434 284
433 284
432 284
431 284
430 284
429 284
428 284
427 284
426 284
425 284
424 284
423 284
422 284
421 284
420 284
419 284
418 284
417 284
416 284
415 284
414 284
