573 1691
572 1692
571 1692
570 1692
569 1692
568 1693
567 1693
566 1693
565 1693
564 1693
563 1693
562 1693
561 1693
560 1693
559 1693
558 1693
557 1693
556 1693
555 1693
554 1694
553 1694
552 1694
551 1694
550 1695
549 1696
548 1696
547 1696
546 1697
545 1698
544 1699
543 1699
542 1700
541 1700
540 1701
539 1701
538 1701
537 1701
536 1701
535 1701
534 1702
533 1702
532 1702
531 1702
530 1703
529 1703
528 1703
527 1703
526 1703
525 1703
524 1703
523 1703
522 1703
521 1703
520 1703
519 1703
518 1703
517 1703
516 1703
515 1703
514 1703
513 1703
512 1703
511 1703
510 1703
509 1703
508 1702
507 1702
506 1702
505 1702
504 1701
503 1701
502 1701
501 1701
500 1701
499 1701
498 1701
497 1701
496 1701
495 1701
494 1701
493 1701
492 1701
491 1701
490 1701
489 1701
488 1701
487 1701
486 1701
485 1701
484 1701
483 1701
482 1702
481 1702
480 1702
479 1702
478 1703
477 1703
476 1704
475 1704
474 1704
473 1704
472 1705
471 1706
470 1706
469 1706
468 1707
467 1707
466 1707
465 1707
464 1707
463 1707
462 1707
461 1707
460 1707
459 1707
458 1707
457 1707
456 1707
455 1707
454 1707
453 1707
452 1708
451 1708
450 1709
449 1710
448 1710
447 1711
446 1712
445 1712
444 1713
443 1714
442 1715
441 1716
440 1716
439 1717
438 1718
437 1718
436 1719
435 1719
434 1719
433 1719
432 1719
431 1719
430 1720
429 1720
428 1720
427 1720
426 1721
425 1721
424 1721
423 1721
422 1722
421 1722
420 1723
419 1723
418 1724
417 1724
416 1725
415 1725
414 1725
413 1725
412 1726
411 1726
410 1727
409 1728
408 1728
408 1729
407 1730
406 1730
406 1731
405 1732
404 1732
404 1733
403 1734
402 1734
402 1735
401 1736
400 1736
400 1737
399 1738
398 1738
398 1739
397 1740
396 1740
396 1741
395 1742
394 1743
393 1744
392 1745
392 1746
391 1747
391 1748
390 1749
390 1750
389 1751
389 1752
389 1753
389 1754
389 1755
389 1756
388 1757
388 1758
388 1759
388 1760
387 1761
387 1762
387 1763
387 1764
387 1765
387 1766
387 1767
387 1768
387 1769
387 1770
387 1771
387 1772
387 1773
387 1774
387 1775
387 1776
387 1777
387 1778
387 1779
387 1780
387 1781
387 1782
387 1783
387 1784
387 1785
387 1786
387 1787
387 1788
387 1789
387 1790
388 1791
388 1792
389 1793
390 1793
391 1794
392 1794
393 1794
394 1794
395 1794
396 1794
397 1794
398 1794
399 1794
400 1794
401 1794
402 1794
403 1794
404 1794
405 1795
406 1795
407 1795
408 1795
409 1796
410 1796
411 1796
412 1796
413 1796
414 1796
415 1796
416 1796
417 1797
418 1797
419 1797
420 1797
421 1798
422 1798
423 1798
424 1798
425 1798
426 1798
427 1798
428 1798
429 1798
430 1798
431 1798
432 1798
433 1798
434 1798
435 1798
436 1798
437 1798
438 1798
439 1798
440 1798
441 1798
442 1798
443 1798
444 1798
445 1798
446 1798
447 1799
448 1799
449 1799
450 1799
451 1800
452 1800
453 1801
454 1801
455 1801
456 1801
457 1802
458 1802
459 1802
460 1802
461 1802
462 1802
463 1803
464 1803
465 1803
466 1803
467 1804
468 1804
469 1804
470 1804
471 1804
472 1804
473 1804
474 1804
475 1805
476 1805
477 1805
478 1805
479 1806
480 1806
481 1806
482 1806
483 1806
484 1806
485 1806
486 1806
487 1806
488 1806
489 1806
490 1806
491 1806
492 1806
493 1806
494 1806
495 1806
496 1806
497 1806
498 1806
499 1806
500 1806
501 1806
502 1806
503 1807
504 1807
505 1807
506 1807
507 1808
508 1808
509 1808
510 1808
511 1808
512 1808
513 1808
514 1808
515 1809
516 1809
517 1809
518 1810
519 1811
520 1811
521 1811
522 1811
523 1812
524 1812
525 1813
526 1813
527 1813
528 1813
529 1814
530 1814
531 1814
532 1814
533 1814
534 1814
535 1815
536 1815
537 1815
538 1815
539 1816
540 1816
541 1816
542 1816
543 1816
544 1816
545 1817
546 1817
547 1817
548 1817
549 1818
550 1818
551 1818
552 1818
553 1818
554 1818
555 1818
556 1818
557 1819
558 1819
559 1819
560 1819
561 1820
562 1820
563 1820
564 1820
565 1820
566 1820
567 1820
568 1820
569 1820
570 1820
571 1820
572 1820
573 1820
574 1820
575 1820
576 1820
577 1820
578 1820
579 1820
580 1820
581 1820
582 1820
583 1820
584 1820
585 1820
586 1820
587 1820
588 1820
589 1820
590 1820
591 1820
592 1820
593 1820
594 1820
595 1820
596 1820
597 1820
598 1820
599 1820
600 1820
601 1820
602 1820
603 1819
604 1819
605 1819
606 1819
607 1818
608 1818
609 1818
610 1818
611 1818
612 1818
613 1818
614 1818
615 1818
616 1818
617 1818
618 1818
619 1818
620 1818
621 1818
622 1818
623 1818
624 1818
625 1818
626 1818
627 1818
628 1818
629 1818
630 1818
631 1818
632 1818
633 1818
634 1818
635 1818
636 1818
637 1818
638 1818
639 1818
640 1818
641 1818
642 1818
643 1818
644 1818
645 1818
646 1818
647 1818
648 1818
649 1818
650 1818
651 1819
652 1819
653 1819
654 1819
655 1820
656 1820
657 1820
658 1820
659 1820
660 1820
661 1820
662 1820
663 1820
664 1820
665 1820
666 1820
667 1820
668 1820
669 1820
670 1820
671 1820
672 1820
673 1820
674 1820
675 1820
676 1820
677 1820
678 1820
679 1820
680 1820
681 1820
682 1820
683 1820
684 1820
685 1820
686 1820
687 1820
688 1820
689 1820
690 1820
691 1820
692 1820
693 1820
694 1820
695 1820
696 1820
697 1820
698 1820
699 1819
700 1819
701 1819
702 1819
703 1818
704 1817
705 1817
706 1817
707 1816
708 1816
709 1816
710 1816
711 1816
712 1816
713 1816
714 1816
715 1816
716 1816
717 1816
718 1816
719 1816
720 1816
721 1816
722 1816
723 1816
724 1816
725 1816
726 1816
727 1816
728 1816
729 1815
730 1815
731 1815
732 1815
733 1814
734 1814
735 1814
736 1814
737 1814
738 1814
739 1814
740 1814
741 1814
742 1814
743 1814
744 1814
745 1814
746 1814
747 1814
748 1814
749 1814
750 1814
751 1814
752 1814
753 1813
754 1813
755 1813
756 1813
757 1812
758 1812
759 1812
760 1812
761 1812
762 1812
763 1812
764 1812
765 1811
766 1811
767 1811
768 1811
769 1810
770 1810
771 1810
772 1810
773 1809
774 1809
775 1809
776 1809
777 1808
778 1808
779 1807
780 1807
781 1807
782 1807
783 1806
784 1805
785 1805
786 1805
787 1804
788 1804
789 1803
790 1803
791 1803
792 1803
793 1802
794 1802
795 1801
796 1801
797 1801
798 1801
799 1800
800 1799
801 1799
802 1799
803 1798
804 1798
805 1797
806 1797
807 1797
808 1797
809 1796
810 1795
811 1794
812 1793
813 1793
813 1792
814 1791
815 1791
815 1790
816 1789
817 1789
818 1788
819 1787
820 1787
821 1786
822 1785
823 1784
824 1783
825 1783
825 1782
826 1781
827 1780
828 1779
829 1778
829 1777
830 1776
831 1775
831 1774
832 1773
833 1772
833 1771
834 1770
834 1769
834 1768
834 1767
834 1766
834 1765
834 1764
834 1763
834 1762
834 1761
834 1760
834 1759
834 1758
834 1757
834 1756
834 1755
834 1754
834 1753
834 1752
834 1751
834 1750
834 1749
834 1748
834 1747
834 1746
834 1745
834 1744
834 1743
834 1742
834 1741
834 1740
834 1739
834 1738
834 1737
834 1736
834 1735
834 1734
834 1733
833 1732
833 1731
832 1730
831 1729
831 1728
830 1728
829 1727
829 1726
828 1726
827 1725
827 1724
826 1724
825 1723
824 1722
823 1721
822 1720
821 1720
820 1719
819 1718
818 1718
817 1717
816 1716
815 1715
814 1714
813 1714
812 1713
811 1713
810 1712
809 1711
808 1710
807 1710
806 1710
805 1710
804 1709
803 1709
802 1708
801 1708
800 1708
799 1707
798 1706
797 1706
796 1706
795 1706
794 1705
793 1705
792 1705
791 1705
790 1705
789 1705
788 1704
787 1704
786 1703
785 1703
784 1702
783 1702
782 1701
781 1701
780 1700
779 1700
778 1700
777 1699
776 1698
775 1698
774 1698
773 1697
772 1696
771 1696
770 1696
769 1696
768 1695
767 1695
766 1695
765 1695
764 1695
763 1695
762 1695
761 1695
760 1695
759 1695
758 1695
757 1695
756 1696
755 1696
754 1696
753 1696
752 1697
751 1697
750 1697
749 1697
748 1697
747 1697
746 1697
745 1697
744 1697
743 1697
742 1697
741 1697
740 1697
739 1697
738 1697
737 1697
736 1698
735 1698
734 1698
733 1698
732 1699
731 1699
730 1699
729 1699
728 1699
727 1699
726 1699
725 1699
724 1699
723 1699
722 1699
721 1699
720 1699
719 1699
718 1699
717 1699
716 1699
715 1699
714 1699
713 1699
712 1699
711 1699
710 1699
709 1699
708 1699
707 1699
706 1699
705 1699
704 1700
703 1700
702 1700
701 1700
700 1701
699 1701
698 1701
697 1701
696 1701
695 1701
694 1701
693 1701
692 1701
691 1701
690 1701
689 1701
688 1701
687 1701
686 1701
685 1701
684 1701
683 1701
682 1701
681 1701
680 1701
679 1701
678 1701
677 1701
676 1701
675 1701
674 1701
673 1701
672 1701
671 1701
670 1701
669 1701
668 1701
667 1701
666 1701
665 1701
664 1701
663 1701
662 1701
661 1701
660 1701
659 1701
658 1701
657 1701
656 1701
655 1701
654 1701
653 1701
652 1701
651 1701
650 1701
649 1701
648 1701
647 1701
646 1701
645 1701
644 1700
643 1700
642 1700
641 1700
640 1699
639 1699
638 1699
637 1699
636 1698
635 1698
634 1698
633 1698
632 1697
631 1697
630 1697
629 1697
628 1697
627 1697
626 1697
625 1697
624 1696
623 1696
622 1696
621 1696
620 1695
619 1695
618 1695
617 1695
616 1695
615 1695
614 1695
613 1695
612 1695
611 1695
610 1695
609 1695
608 1694
607 1694
606 1694
605 1694
604 1693
603 1693
602 1693
601 1693
600 1693
599 1693
598 1692
597 1692
596 1692
595 1692
594 1691
593 1691
592 1691
591 1691
590 1691
589 1691
588 1691
587 1691
586 1691
585 1691
584 1691
583 1691
582 1691
581 1691
580 1691
579 1691
578 1691
577 1691
576 1691
575 1691
574 1691
573 1691
