1455 2931
1454 2932
1453 2932
1452 2932
1451 2932
1450 2933
1449 2933
1448 2933
1447 2933
1446 2933
1445 2933
1444 2933
1443 2933
1442 2933
1441 2933
1440 2933
1439 2933
1438 2933
1437 2933
1436 2933
1435 2933
1434 2933
1433 2933
1432 2933
1431 2933
1430 2933
1429 2933
1428 2933
1427 2933
1426 2933
1425 2933
1424 2933
1423 2933
1422 2933
1421 2933
1420 2933
1419 2933
1418 2933
1417 2933
1416 2933
1415 2933
1414 2933
1413 2933
1412 2933
1411 2933
1410 2933
1409 2933
1408 2933
1407 2933
1406 2933
1405 2933
1404 2933
1403 2933
1402 2934
1401 2934
1400 2934
1399 2934
1398 2935
1397 2936
1396 2936
1395 2936
1394 2937
1393 2938
1392 2939
1391 2939
1390 2940
1389 2940
1388 2941
1387 2942
1386 2942
1385 2942
1384 2943
1383 2943
1382 2943
1381 2943
1380 2944
1379 2944
1378 2944
1377 2944
1376 2945
1375 2945
1374 2945
1373 2945
1372 2945
1371 2945
1370 2945
1369 2945
1368 2945
1367 2945
1366 2945
1365 2945
1364 2945
1363 2945
1362 2945
1361 2945
1360 2945
1359 2945
1358 2946
1357 2946
1356 2946
1355 2946
1354 2947
1353 2947
1352 2947
1351 2947
1350 2947
1349 2947
1348 2947
1347 2947
1346 2947
1345 2947
1344 2947
1343 2947
1342 2947
1341 2947
1340 2948
1339 2948
1338 2948
1337 2948
1336 2949
1335 2949
1334 2949
1333 2949
1332 2949
1331 2949
1330 2949
1329 2949
1328 2949
1327 2949
1326 2950
1325 2950
1324 2951
1323 2952
1322 2952
1322 2953
1321 2954
1320 2954
1320 2955
1319 2956
1318 2956
1318 2957
1317 2958
1316 2958
1316 2959
1315 2960
1314 2960
1314 2961
1313 2962
1312 2962
1312 2963
1311 2964
1310 2964
1310 2965
1309 2966
1308 2966
1308 2967
1307 2968
1306 2968
1306 2969
1305 2970
1304 2970
1304 2971
1303 2972
1302 2973
1301 2974
1300 2975
1300 2976
1300 2977
1300 2978
1299 2979
1299 2980
1299 2981
1299 2982
1299 2983
1299 2984
1300 2985
1300 2986
1301 2987
1301 2988
1302 2989
1302 2990
1303 2991
1303 2992
1303 2993
1303 2994
1303 2995
1303 2996
1302 2997
1302 2998
1302 2999
1302 3000
1301 3001
1301 3002
1301 3003
1301 3004
1301 3005
1301 3006
1301 3007
1301 3008
1301 3009
1301 3010
1300 3011
1300 3012
1300 3013
1299 3014
1298 3015
1298 3016
1298 3017
1298 3018
1297 3019
1297 3020
1297 3021
1297 3022
1297 3023
1297 3024
1297 3025
1297 3026
1296 3027
1296 3028
1296 3029
1295 3030
1294 3031
1294 3032
1294 3033
1294 3034
1293 3035
1293 3036
1292 3037
1292 3038
1292 3039
1291 3040
1290 3041
1290 3042
1290 3043
1290 3044
1289 3045
1289 3046
1289 3047
1289 3048
1289 3049
1289 3050
1289 3051
1289 3052
1289 3053
1289 3054
1289 3055
1289 3056
1289 3057
1289 3058
1288 3059
1288 3060
1288 3061
1288 3062
1287 3063
1287 3064
1287 3065
1287 3066
1288 3067
1288 3068
1288 3069
1288 3070
1288 3071
1288 3072
1288 3073
1287 3074
1286 3075
1286 3076
1286 3077
1286 3078
1285 3079
1285 3080
1284 3081
1284 3082
1283 3083
1283 3084
1282 3085
1282 3086
1281 3087
1281 3088
1280 3089
1280 3090
1280 3091
1280 3092
1279 3093
1279 3094
1278 3095
1278 3096
1278 3097
1278 3098
1277 3099
1277 3100
1277 3101
1277 3102
1278 3103
1278 3104
1278 3105
1278 3106
1279 3107
1279 3108
1279 3109
1279 3110
1279 3111
1279 3112
1280 3113
1280 3114
1280 3115
1280 3116
1281 3117
1281 3118
1281 3119
1281 3120
1282 3121
1282 3122
1282 3123
1282 3124
1283 3125
1283 3126
1284 3127
1284 3128
1284 3129
1284 3130
1285 3131
1285 3132
1285 3133
1285 3134
1286 3135
1286 3136
1286 3137
1286 3138
1287 3139
1287 3140
1287 3141
1287 3142
1288 3143
1288 3144
1288 3145
1289 3146
1290 3147
1291 3148
1292 3148
1293 3148
1294 3148
1295 3148
1296 3148
1297 3148
1298 3148
1299 3148
1300 3148
1301 3147
1302 3147
1303 3147
1304 3147
1305 3146
1306 3145
1307 3144
1308 3144
1309 3143
1310 3143
1311 3142
1312 3142
1313 3141
1314 3141
1315 3140
1316 3140
1317 3139
1318 3139
1319 3138
1320 3138
1321 3137
1322 3137
1323 3136
1324 3135
1325 3135
1326 3134
1327 3133
1328 3133
1329 3132
1330 3132
1331 3132
1332 3132
1333 3132
1334 3132
1335 3132
1336 3132
1337 3132
1338 3132
1339 3132
1340 3132
1341 3132
1342 3132
1343 3132
1344 3132
1345 3132
1346 3132
1347 3133
1348 3133
1349 3133
1350 3133
1351 3134
1352 3134
1353 3134
1354 3134
1355 3134
1356 3134
1357 3134
1358 3134
1359 3134
1360 3134
1361 3134
1362 3134
1363 3134
1364 3134
1365 3134
1366 3134
1367 3134
1368 3134
1369 3134
1370 3134
1371 3134
1372 3134
1373 3134
1374 3134
1375 3133
1376 3133
1377 3133
1378 3133
1379 3132
1380 3132
1381 3132
1382 3132
1383 3132
1384 3132
1385 3132
1386 3132
1387 3132
1388 3132
1389 3132
1390 3132
1391 3132
1392 3132
1393 3131
1394 3131
1395 3131
1396 3131
1397 3130
1398 3130
1399 3130
1400 3130
1401 3130
1402 3130
1403 3130
1404 3130
1405 3130
1406 3130
1407 3130
1408 3130
1409 3130
1410 3130
1411 3129
1412 3129
1413 3129
1414 3129
1415 3128
1416 3127
1417 3127
1418 3127
1419 3126
1420 3126
1421 3126
1422 3126
1423 3126
1424 3126
1425 3126
1426 3126
1427 3126
1428 3126
1429 3126
1430 3126
1431 3125
1432 3125
1433 3125
1434 3125
1435 3124
1436 3124
1437 3124
1438 3124
1439 3124
1440 3124
1441 3124
1442 3124
1443 3124
1444 3124
1445 3124
1446 3124
1447 3124
1448 3124
1449 3123
1450 3123
1451 3123
1452 3123
1453 3122
1454 3122
1455 3122
1456 3122
1457 3122
1458 3122
1459 3122
1460 3122
1461 3121
1462 3121
1463 3121
1464 3121
1465 3120
1466 3120
1467 3120
1468 3120
1469 3120
1470 3120
1471 3120
1472 3120
1473 3120
1474 3120
1475 3120
1476 3120
1477 3120
1478 3120
1479 3120
1480 3120
1481 3120
1482 3120
1483 3120
1484 3120
1485 3120
1486 3120
1487 3120
1488 3120
1489 3120
1490 3120
1491 3120
1492 3120
1493 3120
1494 3120
1495 3120
1496 3120
1497 3120
1498 3120
1499 3120
1500 3120
1501 3120
1502 3120
1503 3120
1504 3120
1505 3119
1506 3119
1507 3119
1508 3119
1509 3118
1510 3118
1511 3118
1512 3118
1513 3118
1514 3118
1515 3118
1516 3118
1517 3118
1518 3118
1519 3118
1520 3118
1521 3118
1522 3118
1523 3117
1524 3117
1525 3117
1526 3117
1527 3116
1528 3116
1529 3116
1530 3116
1531 3116
1532 3116
1533 3116
1534 3116
1535 3116
1536 3116
1537 3116
1538 3116
1539 3116
1540 3116
1541 3116
1542 3116
1543 3116
1544 3116
1545 3116
1546 3116
1547 3116
1548 3116
1549 3116
1550 3116
1551 3116
1552 3116
1553 3116
1554 3116
1555 3116
1556 3116
1557 3116
1558 3116
1559 3116
1560 3116
1561 3116
1562 3116
1563 3115
1564 3115
1565 3115
1566 3115
1567 3114
1568 3114
1569 3114
1570 3114
1571 3114
1572 3114
1573 3114
1574 3114
1575 3114
1576 3114
1577 3114
1578 3114
1579 3114
1580 3114
1581 3114
1582 3114
1583 3114
1584 3114
1585 3114
1586 3114
1587 3114
1588 3114
1589 3114
1590 3114
1591 3114
1592 3114
1593 3114
1594 3114
1595 3114
1596 3114
1597 3114
1598 3114
1599 3114
1600 3114
1601 3114
1602 3114
1603 3114
1604 3114
1605 3114
1606 3114
1607 3114
1608 3114
1609 3114
1610 3114
1611 3114
1612 3114
1613 3114
1614 3114
1615 3114
1616 3114
1617 3114
1618 3114
1619 3114
1620 3114
1621 3114
1622 3114
1623 3114
1624 3114
1625 3114
1626 3114
1627 3114
1628 3114
1629 3114
1630 3114
1631 3114
1632 3114
1633 3114
1634 3114
1635 3114
1636 3114
1637 3114
1638 3114
1639 3114
1640 3114
1641 3114
1642 3114
1643 3114
1644 3114
1645 3114
1646 3114
1647 3114
1648 3114
1649 3114
1650 3114
1651 3114
1652 3114
1653 3114
1654 3114
1655 3114
1656 3114
1657 3114
1658 3114
1659 3114
1660 3114
1661 3114
1662 3114
1663 3115
1664 3115
1665 3115
1666 3115
1667 3116
1668 3116
1669 3116
1670 3116
1671 3116
1672 3116
1673 3116
1674 3116
1675 3116
1676 3116
1677 3116
1678 3116
1679 3116
1680 3116
1681 3116
1682 3116
1683 3116
1684 3116
1685 3116
1686 3116
1687 3116
1688 3116
1689 3116
1690 3116
1691 3116
1692 3116
1693 3116
1694 3116
1695 3116
1696 3116
1697 3116
1698 3116
1699 3116
1700 3116
1701 3116
1702 3116
1703 3116
1704 3116
1705 3116
1706 3116
1707 3116
1708 3116
1709 3116
1710 3116
1711 3116
1712 3116
1713 3116
1714 3116
1715 3116
1716 3116
1717 3116
1718 3116
1719 3116
1720 3116
1721 3116
1722 3116
1723 3116
1724 3116
1725 3116
1726 3116
1727 3116
1728 3116
1729 3116
1730 3116
1731 3116
1732 3116
1733 3116
1734 3116
1735 3116
1736 3116
1737 3116
1738 3116
1739 3116
1740 3116
1741 3116
1742 3116
1743 3116
1744 3116
1745 3116
1746 3116
1747 3116
1748 3116
1749 3116
1750 3116
1751 3116
1752 3116
1753 3116
1754 3116
1755 3116
1756 3116
1757 3116
1758 3116
1759 3116
1760 3116
1761 3116
1762 3116
1763 3116
1764 3116
1765 3116
1766 3116
1767 3116
1768 3116
1769 3116
1770 3116
1771 3116
1772 3116
1773 3117
1774 3117
1775 3117
1776 3117
1777 3118
1778 3118
1779 3118
1780 3118
1781 3118
1782 3118
1783 3118
1784 3118
1785 3118
1786 3118
1787 3118
1788 3118
1789 3118
1790 3118
1791 3117
1792 3117
1793 3117
1794 3117
1795 3116
1796 3116
1797 3116
1798 3116
1799 3116
1800 3116
1801 3116
1802 3116
1803 3116
1804 3116
1805 3116
1806 3116
1807 3116
1808 3116
1809 3116
1810 3116
1811 3116
1812 3116
1813 3116
1814 3116
1815 3116
1816 3116
1817 3116
1818 3116
1819 3116
1820 3116
1821 3116
1822 3116
1823 3116
1824 3116
1825 3116
1826 3116
1827 3115
1828 3115
1829 3115
1830 3115
1831 3114
1832 3114
1833 3114
1834 3114
1835 3114
1836 3114
1837 3114
1838 3114
1839 3114
1840 3114
1841 3114
1842 3114
1843 3114
1844 3114
1845 3114
1846 3114
1847 3113
1848 3113
1849 3113
1850 3113
1851 3112
1852 3112
1853 3112
1854 3112
1855 3112
1856 3112
1857 3112
1858 3112
1859 3112
1860 3112
1861 3111
1862 3111
1863 3111
1864 3111
1865 3110
1866 3110
1867 3110
1868 3110
1869 3110
1870 3110
1871 3110
1872 3110
1873 3110
1874 3110
1875 3110
1876 3110
1877 3109
1878 3109
1879 3109
1880 3109
1881 3108
1882 3107
1883 3107
1884 3107
1885 3106
1886 3105
1887 3105
1888 3105
1889 3104
1890 3103
1891 3102
1892 3101
1893 3101
1893 3100
1894 3099
1895 3099
1896 3098
1897 3097
1898 3097
1899 3096
1900 3095
1901 3095
1902 3095
1903 3094
1904 3093
1905 3092
1906 3091
1907 3090
1907 3089
1908 3088
1908 3087
1908 3086
1908 3085
1908 3084
1908 3083
1908 3082
1908 3081
1908 3080
1908 3079
1908 3078
1908 3077
1908 3076
1908 3075
1908 3074
1908 3073
1907 3072
1907 3071
1907 3070
1907 3069
1906 3068
1906 3067
1905 3066
1905 3065
1905 3064
1905 3063
1904 3062
1904 3061
1904 3060
1904 3059
1904 3058
1904 3057
1904 3056
1904 3055
1904 3054
1904 3053
1904 3052
1904 3051
1904 3050
1904 3049
1904 3048
1904 3047
1904 3046
1904 3045
1904 3044
1904 3043
1904 3042
1904 3041
1903 3040
1903 3039
1903 3038
1903 3037
1902 3036
1901 3035
1901 3034
1901 3033
1900 3032
1899 3031
1899 3030
1899 3029
1898 3028
1897 3027
1897 3026
1897 3025
1896 3024
1895 3023
1895 3022
1895 3021
1894 3020
1893 3019
1892 3018
1891 3017
1891 3016
1890 3015
1889 3014
1889 3013
1888 3012
1887 3011
1887 3010
1887 3009
1886 3008
1885 3007
1885 3006
1885 3005
1884 3004
1884 3003
1883 3002
1883 3001
1882 3000
1882 2999
1881 2998
1881 2997
1880 2996
1879 2995
1879 2994
1879 2993
1878 2992
1877 2991
1877 2990
1877 2989
1876 2988
1875 2987
1875 2986
1875 2985
1874 2984
1874 2983
1873 2982
1873 2981
1873 2980
1873 2979
1872 2978
1872 2977
1872 2976
1872 2975
1871 2974
1871 2973
1871 2972
1871 2971
1870 2970
1869 2969
1868 2968
1867 2968
1866 2967
1865 2967
1864 2967
1863 2967
1862 2967
1861 2967
1860 2967
1859 2967
1858 2967
1857 2967
1856 2967
1855 2967
1854 2967
1853 2967
1852 2967
1851 2967
1850 2967
1849 2967
1848 2967
1847 2967
1846 2967
1845 2967
1844 2967
1843 2967
1842 2968
1841 2968
1840 2968
1839 2968
1838 2969
1837 2969
1836 2969
1835 2969
1834 2969
1833 2969
1832 2969
1831 2969
1830 2969
1829 2969
1828 2969
1827 2969
1826 2969
1825 2969
1824 2969
1823 2969
1822 2969
1821 2969
1820 2969
1819 2969
1818 2969
1817 2969
1816 2969
1815 2969
1814 2969
1813 2969
1812 2969
1811 2969
1810 2969
1809 2969
1808 2969
1807 2969
1806 2969
1805 2969
1804 2970
1803 2970
1802 2970
1801 2970
1800 2971
1799 2971
1798 2971
1797 2971
1796 2971
1795 2971
1794 2971
1793 2971
1792 2971
1791 2971
1790 2971
1789 2971
1788 2971
1787 2971
1786 2971
1785 2971
1784 2971
1783 2971
1782 2971
1781 2971
1780 2971
1779 2971
1778 2971
1777 2971
1776 2971
1775 2971
1774 2971
1773 2971
1772 2971
1771 2971
1770 2971
1769 2971
1768 2971
1767 2971
1766 2971
1765 2971
1764 2971
1763 2971
1762 2971
1761 2971
1760 2971
1759 2971
1758 2971
1757 2971
1756 2971
1755 2971
1754 2971
1753 2971
1752 2970
1751 2970
1750 2970
1749 2970
1748 2969
1747 2969
1746 2969
1745 2969
1744 2969
1743 2969
1742 2969
1741 2969
1740 2969
1739 2969
1738 2968
1737 2968
1736 2968
1735 2968
1734 2967
1733 2967
1732 2967
1731 2967
1730 2967
1729 2967
1728 2967
1727 2967
1726 2967
1725 2967
1724 2967
1723 2967
1722 2967
1721 2967
1720 2967
1719 2967
1718 2967
1717 2967
1716 2967
1715 2967
1714 2967
1713 2967
1712 2967
1711 2967
1710 2967
1709 2967
1708 2967
1707 2967
1706 2967
1705 2967
1704 2967
1703 2967
1702 2967
1701 2967
1700 2967
1699 2967
1698 2968
1697 2968
1696 2968
1695 2968
1694 2969
1693 2969
1692 2969
1691 2969
1690 2968
1689 2968
1688 2968
1687 2968
1686 2967
1685 2967
1684 2967
1683 2967
1682 2967
1681 2967
1680 2967
1679 2967
1678 2966
1677 2966
1676 2965
1675 2964
1674 2964
1673 2963
1672 2962
1671 2962
1670 2961
1669 2961
1668 2961
1667 2961
1666 2960
1665 2960
1664 2959
1663 2958
1662 2958
1661 2957
1660 2956
1659 2955
1658 2954
1657 2954
1656 2953
1655 2953
1654 2952
1653 2951
1652 2950
1651 2950
1650 2949
1649 2949
1648 2948
1647 2947
1646 2946
1645 2946
1644 2946
1643 2946
1642 2945
1641 2945
1640 2945
1639 2945
1638 2944
1637 2944
1636 2944
1635 2943
1634 2942
1633 2942
1632 2941
1631 2941
1630 2940
1629 2940
1628 2939
1627 2939
1626 2939
1625 2939
1624 2938
1623 2938
1622 2938
1621 2937
1620 2936
1619 2936
1618 2936
1617 2936
1616 2935
1615 2935
1614 2935
1613 2935
1612 2935
1611 2935
1610 2935
1609 2935
1608 2934
1607 2934
1606 2934
1605 2934
1604 2933
1603 2933
1602 2933
1601 2933
1600 2933
1599 2933
1598 2933
1597 2933
1596 2933
1595 2933
1594 2933
1593 2933
1592 2933
1591 2933
1590 2933
1589 2933
1588 2933
1587 2933
1586 2933
1585 2933
1584 2933
1583 2933
1582 2933
1581 2933
1580 2933
1579 2933
1578 2933
1577 2933
1576 2934
1575 2934
1574 2934
1573 2934
1572 2935
1571 2935
1570 2936
1569 2936
1568 2936
1567 2936
1566 2937
1565 2937
1564 2937
1563 2937
1562 2937
1561 2937
1560 2937
1559 2937
1558 2937
1557 2937
1556 2937
1555 2937
1554 2937
1553 2937
1552 2937
1551 2937
1550 2937
1549 2937
1548 2937
1547 2937
1546 2937
1545 2937
1544 2937
1543 2937
1542 2937
1541 2937
1540 2937
1539 2937
1538 2937
1537 2937
1536 2937
1535 2937
1534 2937
1533 2937
1532 2937
1531 2937
1530 2937
1529 2937
1528 2938
1527 2938
1526 2938
1525 2938
1524 2939
1523 2939
1522 2939
1521 2939
1520 2939
1519 2939
1518 2939
1517 2939
1516 2939
1515 2939
1514 2939
1513 2939
1512 2939
1511 2939
1510 2938
1509 2938
1508 2938
1507 2938
1506 2937
1505 2937
1504 2936
1503 2936
1502 2936
1501 2936
1500 2935
1499 2935
1498 2935
1497 2935
1496 2935
1495 2935
1494 2935
1493 2935
1492 2935
1491 2935
1490 2935
1489 2935
1488 2935
1487 2935
1486 2934
1485 2934
1484 2934
1483 2934
1482 2933
1481 2933
1480 2933
1479 2933
1478 2933
1477 2933
1476 2933
1475 2933
1474 2933
1473 2933
1472 2933
1471 2933
1470 2933
1469 2933
1468 2933
1467 2933
1466 2933
1465 2933
1464 2932
1463 2932
1462 2932
1461 2932
1460 2931
1459 2931
1458 2931
1457 2931
1456 2931
1455 2931
