1203 1831
1202 1832
1201 1832
1200 1832
1199 1832
1198 1832
1197 1832
1196 1832
1195 1832
1194 1832
1193 1832
1192 1832
1191 1832
1190 1833
1189 1834
1188 1834
1187 1834
1186 1835
1185 1835
1184 1835
1183 1835
1182 1835
1181 1835
1180 1835
1179 1835
1178 1835
1177 1835
1176 1835
1175 1835
1174 1836
1173 1836
1172 1836
1171 1836
1170 1837
1169 1837
1168 1837
1167 1837
1166 1837
1165 1837
1164 1837
1163 1837
1162 1837
1161 1837
1160 1838
1159 1838
1158 1838
1157 1838
1156 1839
1155 1839
1154 1839
1153 1839
1152 1839
1151 1839
1150 1839
1149 1839
1148 1839
1147 1839
1146 1840
1145 1840
1144 1840
1143 1840
1142 1841
1141 1841
1140 1841
1139 1841
1138 1841
1137 1841
1136 1841
1135 1841
1134 1841
1133 1841
1132 1841
1131 1841
1130 1841
1129 1841
1128 1841
1127 1841
1126 1841
1125 1841
1124 1841
1123 1841
1122 1841
1121 1841
1120 1841
1119 1841
1118 1841
1117 1841
1116 1841
1115 1841
1114 1841
1113 1841
1112 1841
1111 1841
1110 1841
1109 1841
1108 1841
1107 1841
1106 1841
1105 1841
1104 1841
1103 1841
1102 1841
1101 1841
1100 1841
1099 1841
1098 1841
1097 1841
1096 1841
1095 1841
1094 1841
1093 1841
1092 1841
1091 1841
1090 1841
1089 1841
1088 1841
1087 1841
1086 1841
1085 1841
1084 1841
1083 1841
1082 1841
1081 1841
1080 1841
1079 1841
1078 1841
1077 1841
1076 1841
1075 1841
1074 1841
1073 1841
1072 1841
1071 1841
1070 1841
1069 1841
1068 1841
1067 1841
1066 1841
1065 1841
1064 1841
1063 1841
1062 1841
1061 1841
1060 1841
1059 1841
1058 1841
1057 1841
1056 1841
1055 1841
1054 1841
1053 1841
1052 1841
1051 1841
1050 1841
1049 1841
1048 1841
1047 1841
1046 1841
1045 1841
1044 1841
1043 1841
1042 1841
1041 1841
1040 1841
1039 1841
1038 1842
1037 1842
1036 1842
1035 1842
1034 1843
1033 1843
1032 1843
1031 1843
1030 1843
1029 1843
1028 1843
1027 1843
1026 1843
1025 1843
1024 1843
1023 1843
1022 1843
1021 1843
1020 1843
1019 1843
1018 1843
1017 1843
1016 1843
1015 1843
1014 1843
1013 1843
1012 1843
1011 1843
1010 1843
1009 1843
1008 1843
1007 1843
1006 1843
1005 1843
1004 1843
1003 1843
1002 1843
1001 1843
1000 1843
999 1843
998 1843
997 1843
996 1843
995 1843
994 1843
993 1843
992 1843
991 1843
990 1843
989 1843
988 1843
987 1843
986 1843
985 1843
984 1843
983 1843
982 1844
981 1844
980 1844
979 1844
978 1845
977 1845
976 1845
975 1845
974 1845
973 1845
972 1845
971 1845
970 1845
969 1845
968 1845
967 1845
966 1845
965 1845
964 1845
963 1845
962 1846
961 1846
960 1846
959 1846
958 1847
957 1847
956 1847
955 1847
954 1847
953 1847
952 1847
951 1847
950 1846
949 1846
948 1846
947 1845
946 1844
945 1844
944 1844
943 1844
942 1843
941 1843
940 1843
939 1843
938 1844
937 1844
936 1844
935 1844
934 1845
933 1845
932 1846
931 1846
930 1847
929 1848
928 1849
927 1849
926 1850
925 1850
924 1851
923 1851
922 1851
921 1851
920 1851
919 1851
918 1851
917 1851
916 1851
915 1851
914 1851
913 1851
912 1851
911 1851
910 1851
909 1851
908 1852
907 1852
906 1852
905 1852
904 1853
903 1853
902 1853
901 1853
900 1853
899 1853
898 1853
897 1853
896 1853
895 1853
894 1853
893 1853
892 1853
891 1853
890 1853
889 1853
888 1853
887 1853
886 1854
885 1854
884 1854
883 1854
882 1855
881 1856
880 1856
879 1856
878 1856
877 1856
876 1856
875 1856
874 1855
873 1855
872 1855
871 1855
870 1856
869 1856
868 1857
867 1858
866 1859
866 1860
865 1861
865 1862
864 1863
864 1864
863 1865
862 1866
862 1867
861 1868
860 1868
860 1869
859 1870
858 1871
857 1872
856 1873
856 1874
855 1875
855 1876
854 1877
853 1878
852 1879
852 1880
851 1881
851 1882
850 1883
849 1884
848 1885
848 1886
848 1887
847 1888
846 1889
846 1890
845 1891
845 1892
844 1893
843 1894
842 1895
842 1896
842 1897
841 1898
840 1899
840 1900
839 1901
838 1902
838 1903
837 1904
836 1905
835 1906
834 1907
834 1908
833 1909
832 1910
832 1911
831 1912
830 1913
829 1914
828 1915
828 1916
828 1917
828 1918
827 1919
827 1920
827 1921
827 1922
827 1923
827 1924
827 1925
827 1926
827 1927
827 1928
827 1929
827 1930
827 1931
827 1932
827 1933
827 1934
828 1935
828 1936
829 1937
830 1938
831 1939
832 1939
833 1940
834 1940
835 1940
836 1940
837 1940
838 1940
839 1940
840 1940
841 1940
842 1940
843 1940
844 1940
845 1940
846 1940
847 1940
848 1940
849 1940
850 1940
851 1940
852 1940
853 1940
854 1940
855 1940
856 1940
857 1941
858 1941
859 1941
860 1941
861 1942
862 1942
863 1942
864 1942
865 1943
866 1943
867 1943
868 1943
869 1944
870 1944
871 1944
872 1944
873 1944
874 1944
875 1944
876 1944
877 1945
878 1945
879 1945
880 1946
881 1947
882 1947
883 1948
884 1949
885 1949
886 1950
886 1951
887 1952
888 1953
888 1954
889 1955
890 1956
890 1957
890 1958
891 1959
892 1960
892 1961
892 1962
893 1963
894 1964
894 1965
894 1966
895 1967
896 1968
896 1969
896 1970
897 1971
898 1972
899 1973
900 1974
900 1975
901 1976
902 1977
902 1978
903 1979
904 1980
905 1981
906 1982
906 1983
907 1983
908 1984
908 1985
909 1985
910 1986
910 1987
911 1987
912 1988
912 1989
913 1990
914 1991
914 1992
915 1993
916 1994
916 1995
916 1996
917 1997
917 1998
917 1999
917 2000
917 2001
917 2002
918 2003
918 2004
918 2005
918 2006
919 2007
919 2008
919 2009
919 2010
919 2011
919 2012
919 2013
919 2014
919 2015
919 2016
919 2017
919 2018
920 2019
920 2020
921 2021
922 2022
922 2023
923 2023
924 2024
925 2025
926 2025
927 2026
928 2026
929 2026
930 2026
931 2026
932 2026
933 2026
934 2026
935 2026
936 2026
937 2026
938 2026
939 2026
940 2026
941 2027
942 2027
943 2027
944 2028
945 2029
946 2029
947 2029
948 2030
949 2031
950 2031
951 2032
952 2033
953 2033
954 2034
955 2035
956 2036
957 2037
958 2037
959 2038
960 2038
961 2039
962 2040
963 2041
964 2041
965 2041
966 2042
967 2043
968 2043
969 2043
970 2044
971 2045
972 2045
973 2045
974 2046
975 2047
976 2047
977 2047
978 2047
979 2048
980 2048
981 2048
982 2048
983 2049
984 2049
985 2049
986 2050
987 2051
988 2051
989 2052
990 2052
991 2053
992 2054
993 2055
994 2055
995 2055
996 2056
997 2057
998 2057
999 2057
1000 2058
1001 2059
1002 2059
1003 2059
1004 2059
1005 2060
1006 2060
1007 2060
1008 2060
1009 2061
1010 2061
1011 2061
1012 2061
1013 2062
1014 2062
1015 2063
1016 2063
1017 2063
1018 2063
1019 2064
1020 2064
1021 2065
1022 2065
1023 2065
1024 2065
1025 2066
1026 2066
1027 2066
1028 2066
1029 2066
1030 2066
1031 2066
1032 2066
1033 2065
1034 2065
1035 2065
1036 2065
1037 2064
1038 2064
1039 2065
1040 2065
1041 2065
1042 2065
1043 2066
1044 2066
1045 2066
1046 2066
1047 2066
1048 2066
1049 2066
1050 2066
1051 2066
1052 2066
1053 2066
1054 2066
1055 2066
1056 2066
1057 2066
1058 2066
1059 2066
1060 2066
1061 2067
1062 2067
1063 2067
1064 2067
1065 2068
1066 2068
1067 2068
1068 2068
1069 2068
1070 2068
1071 2069
1072 2069
1073 2069
1074 2069
1075 2070
1076 2070
1077 2070
1078 2070
1079 2070
1080 2070
1081 2070
1082 2070
1083 2070
1084 2070
1085 2070
1086 2070
1087 2070
1088 2070
1089 2070
1090 2070
1091 2070
1092 2070
1093 2070
1094 2070
1095 2070
1096 2070
1097 2069
1098 2069
1099 2069
1100 2069
1101 2068
1102 2068
1103 2068
1104 2068
1105 2068
1106 2068
1107 2067
1108 2067
1109 2067
1110 2067
1111 2066
1112 2066
1113 2066
1114 2066
1115 2066
1116 2066
1117 2066
1118 2066
1119 2066
1120 2066
1121 2066
1122 2066
1123 2066
1124 2066
1125 2066
1126 2066
1127 2066
1128 2066
1129 2066
1130 2066
1131 2066
1132 2066
1133 2065
1134 2065
1135 2065
1136 2065
1137 2064
1138 2064
1139 2064
1140 2064
1141 2064
1142 2064
1143 2064
1144 2064
1145 2064
1146 2064
1147 2063
1148 2063
1149 2063
1150 2063
1151 2062
1152 2062
1153 2062
1154 2062
1155 2061
1156 2061
1157 2061
1158 2061
1159 2060
1160 2060
1161 2060
1162 2060
1163 2059
1164 2059
1165 2059
1166 2059
1167 2058
1168 2058
1169 2059
1170 2059
1171 2059
1172 2059
1173 2060
1174 2060
1175 2060
1176 2060
1177 2060
1178 2060
1179 2060
1180 2060
1181 2059
1182 2059
1183 2058
1184 2058
1185 2057
1186 2057
1187 2056
1188 2056
1189 2056
1190 2056
1191 2056
1192 2056
1193 2055
1194 2055
1195 2055
1196 2055
1197 2054
1198 2053
1199 2053
1200 2053
1201 2052
1202 2052
1203 2051
1204 2051
1205 2051
1206 2051
1207 2050
1208 2049
1209 2048
1210 2048
1211 2047
1212 2047
1213 2046
1214 2046
1215 2045
1216 2045
1217 2045
1218 2045
1219 2044
1220 2044
1221 2043
1222 2043
1223 2042
1224 2041
1225 2041
1225 2040
1226 2039
1227 2039
1227 2038
1228 2037
1229 2037
1229 2036
1230 2035
1231 2035
1231 2034
1232 2033
1233 2033
1233 2032
1234 2031
1235 2030
1236 2029
1237 2028
1237 2027
1237 2026
1238 2025
1239 2024
1239 2023
1239 2022
1239 2021
1240 2020
1240 2019
1240 2018
1240 2017
1241 2016
1241 2015
1242 2014
1243 2013
1243 2012
1244 2011
1245 2010
1246 2009
1247 2008
1247 2007
1248 2006
1248 2005
1249 2004
1249 2003
1250 2002
1250 2001
1250 2000
1250 1999
1251 1998
1251 1997
1252 1996
1252 1995
1253 1994
1254 1993
1255 1992
1255 1991
1255 1990
1255 1989
1256 1988
1256 1987
1256 1986
1256 1985
1256 1984
1256 1983
1257 1982
1257 1981
1258 1980
1259 1979
1259 1978
1260 1977
1261 1976
1261 1975
1262 1974
1262 1973
1262 1972
1262 1971
1263 1970
1263 1969
1263 1968
1263 1967
1264 1966
1264 1965
1264 1964
1264 1963
1264 1962
1264 1961
1265 1960
1265 1959
1265 1958
1266 1957
1267 1956
1267 1955
1268 1954
1269 1953
1269 1952
1270 1951
1271 1951
1271 1950
1272 1949
1273 1949
1274 1948
1275 1947
1276 1947
1277 1946
1278 1945
1279 1944
1280 1943
1281 1942
1282 1941
1283 1940
1283 1939
1284 1938
1284 1937
1285 1936
1285 1935
1286 1934
1286 1933
1286 1932
1286 1931
1286 1930
1286 1929
1286 1928
1286 1927
1286 1926
1286 1925
1285 1924
1285 1923
1285 1922
1285 1921
1284 1920
1284 1919
1284 1918
1284 1917
1283 1916
1283 1915
1283 1914
1283 1913
1282 1912
1282 1911
1282 1910
1282 1909
1282 1908
1282 1907
1282 1906
1282 1905
1281 1904
1281 1903
1280 1902
1280 1901
1279 1900
1279 1899
1278 1898
1278 1897
1278 1896
1278 1895
1278 1894
1278 1893
1278 1892
1278 1891
1278 1890
1278 1889
1278 1888
1278 1887
1277 1886
1277 1885
1277 1884
1277 1883
1276 1882
1276 1881
1276 1880
1276 1879
1276 1878
1276 1877
1276 1876
1276 1875
1276 1874
1276 1873
1276 1872
1276 1871
1276 1870
1276 1869
1276 1868
1276 1867
1276 1866
1276 1865
1275 1864
1275 1863
1274 1862
1273 1861
1273 1860
1272 1860
1271 1859
1270 1858
1269 1858
1268 1857
1267 1857
1266 1856
1265 1856
1264 1855
1263 1854
1263 1853
1262 1852
1262 1851
1261 1850
1261 1849
1260 1848
1259 1847
1258 1846
1257 1846
1256 1845
1255 1844
1254 1844
1253 1843
1253 1842
1252 1842
1251 1841
1250 1840
1249 1839
1248 1838
1247 1838
1246 1837
1245 1836
1244 1836
1243 1835
1242 1834
1241 1833
1240 1832
1239 1832
1238 1832
1237 1832
1236 1831
1235 1831
1234 1831
1233 1831
1232 1831
1231 1831
1230 1831
1229 1831
1228 1831
1227 1831
1226 1831
1225 1831
1224 1831
1223 1831
1222 1831
1221 1831
1220 1831
1219 1831
1218 1831
1217 1831
1216 1831
1215 1831
1214 1831
1213 1831
1212 1831
1211 1831
1210 1831
1209 1831
1208 1831
1207 1831
1206 1831
1205 1831
1204 1831
1203 1831
