516 4230
515 4231
514 4231
513 4231
512 4231
511 4232
510 4232
509 4232
508 4232
507 4232
506 4232
505 4232
504 4232
503 4232
502 4232
501 4232
500 4232
499 4233
498 4233
497 4233
496 4233
495 4234
494 4234
493 4234
492 4234
491 4234
490 4234
489 4234
488 4234
487 4234
486 4234
485 4235
484 4235
483 4235
482 4235
481 4236
480 4236
479 4236
478 4236
477 4236
476 4236
475 4236
474 4236
473 4236
472 4236
471 4236
470 4236
469 4237
468 4237
467 4237
466 4237
465 4238
464 4238
463 4238
462 4238
461 4238
460 4238
459 4238
458 4238
457 4238
456 4238
455 4238
454 4238
453 4238
452 4238
451 4238
450 4238
449 4238
448 4238
447 4238
446 4238
445 4238
444 4238
443 4238
442 4238
441 4238
440 4238
439 4238
438 4238
437 4238
436 4238
435 4238
434 4238
433 4238
432 4238
431 4238
430 4238
429 4238
428 4238
427 4238
426 4238
425 4238
424 4238
423 4238
422 4238
421 4239
420 4239
419 4239
418 4239
417 4240
416 4240
415 4240
414 4240
413 4240
412 4240
411 4241
410 4241
409 4241
408 4241
407 4242
406 4242
405 4242
404 4242
403 4242
402 4242
401 4242
400 4242
399 4242
398 4242
397 4242
396 4242
395 4243
394 4243
393 4243
392 4243
391 4244
390 4244
389 4244
388 4244
387 4244
386 4244
385 4244
384 4244
383 4244
382 4244
381 4244
380 4244
379 4244
378 4244
377 4244
376 4244
375 4244
374 4244
373 4244
372 4244
371 4244
370 4244
369 4244
368 4244
367 4244
366 4244
365 4244
364 4244
363 4244
362 4244
361 4244
360 4244
359 4244
358 4244
357 4244
356 4244
355 4244
354 4244
353 4244
352 4244
351 4244
350 4244
349 4244
348 4244
347 4244
346 4244
345 4244
344 4244
343 4244
342 4244
341 4244
340 4244
339 4244
338 4244
337 4244
336 4244
335 4244
334 4244
333 4244
332 4244
331 4244
330 4244
329 4244
328 4244
327 4244
326 4244
325 4244
324 4244
324 4245
324 4246
324 4247
324 4248
324 4249
324 4250
324 4251
325 4252
325 4253
326 4254
327 4255
327 4256
328 4256
329 4257
330 4258
331 4259
332 4260
333 4260
334 4261
335 4262
336 4262
337 4263
337 4264
338 4264
339 4265
339 4266
340 4266
341 4267
341 4268
342 4268
343 4269
343 4270
344 4270
345 4271
345 4272
346 4272
347 4273
347 4274
348 4274
349 4275
350 4276
351 4276
352 4277
353 4277
354 4277
355 4277
356 4277
357 4277
358 4278
359 4278
360 4278
361 4279
362 4280
363 4280
364 4280
365 4280
366 4281
367 4281
368 4281
369 4281
370 4281
371 4281
372 4282
373 4282
374 4282
375 4283
376 4284
377 4284
378 4285
379 4285
380 4286
381 4287
382 4288
383 4288
384 4288
385 4289
386 4290
387 4290
388 4291
389 4291
390 4292
391 4293
392 4294
393 4294
394 4295
395 4296
396 4296
397 4297
398 4298
399 4298
400 4299
401 4299
402 4299
403 4299
404 4299
405 4299
406 4300
407 4300
408 4300
409 4300
410 4301
411 4301
412 4301
413 4301
414 4302
415 4302
416 4303
417 4303
418 4304
419 4304
420 4305
421 4305
422 4305
423 4305
424 4306
425 4306
426 4306
427 4307
428 4308
429 4308
430 4309
431 4310
432 4310
433 4311
434 4312
435 4312
436 4313
437 4313
438 4314
439 4314
440 4315
441 4316
442 4316
443 4317
443 4318
444 4318
445 4319
446 4320
447 4320
448 4321
449 4321
450 4321
451 4321
452 4321
453 4321
454 4321
455 4321
456 4321
457 4321
458 4322
459 4322
460 4323
461 4324
462 4324
463 4325
464 4326
465 4326
466 4327
467 4327
468 4328
469 4328
470 4328
471 4328
472 4329
473 4329
474 4329
475 4329
476 4329
477 4329
478 4329
479 4329
480 4329
481 4329
482 4329
483 4329
484 4329
485 4329
486 4329
487 4329
488 4329
489 4329
490 4329
491 4329
492 4329
493 4329
494 4330
495 4330
496 4330
497 4330
498 4331
499 4331
500 4331
501 4331
502 4331
503 4331
504 4331
505 4331
506 4331
507 4331
508 4331
509 4331
510 4331
511 4331
512 4331
513 4331
514 4331
515 4331
516 4331
517 4331
518 4331
519 4331
520 4331
521 4331
522 4331
523 4331
524 4331
525 4331
526 4331
527 4331
528 4331
529 4331
530 4331
531 4331
532 4331
533 4331
534 4331
535 4331
536 4331
537 4331
538 4331
539 4331
540 4331
541 4331
542 4331
543 4331
544 4331
545 4331
546 4331
547 4331
548 4331
549 4331
550 4331
551 4331
552 4331
553 4331
554 4330
555 4330
556 4330
557 4330
558 4329
559 4329
560 4329
561 4329
562 4329
563 4329
564 4329
565 4329
566 4329
567 4329
568 4329
569 4329
570 4328
571 4328
572 4328
573 4328
574 4327
575 4327
576 4327
577 4327
578 4327
579 4327
580 4326
581 4326
582 4325
583 4325
584 4324
585 4324
586 4323
587 4322
588 4321
589 4321
590 4320
591 4320
592 4319
593 4318
594 4318
595 4318
596 4317
597 4316
598 4315
599 4315
600 4314
601 4314
602 4313
603 4313
604 4313
605 4313
606 4313
607 4313
608 4313
609 4313
610 4313
611 4313
612 4312
613 4312
614 4311
615 4310
616 4310
616 4309
617 4308
618 4308
618 4307
619 4306
620 4306
620 4305
621 4304
622 4304
622 4303
623 4302
624 4302
624 4301
625 4300
626 4300
626 4299
627 4298
628 4297
628 4296
629 4295
629 4294
630 4293
630 4292
630 4291
630 4290
631 4289
631 4288
632 4287
632 4286
633 4285
633 4284
634 4283
634 4282
635 4281
635 4280
635 4279
635 4278
635 4277
635 4276
635 4275
635 4274
636 4273
636 4272
636 4271
636 4270
637 4269
637 4268
637 4267
637 4266
637 4265
637 4264
637 4263
637 4262
637 4261
637 4260
637 4259
637 4258
637 4257
637 4256
637 4255
637 4254
636 4253
636 4252
635 4251
634 4250
634 4249
633 4249
632 4248
632 4247
631 4247
630 4246
630 4245
629 4244
628 4243
628 4242
627 4241
626 4240
626 4239
626 4238
625 4237
624 4236
623 4235
622 4235
621 4234
620 4234
619 4234
618 4234
617 4234
616 4234
615 4234
614 4234
613 4234
612 4234
611 4234
610 4234
609 4234
608 4234
607 4234
606 4234
605 4234
604 4234
603 4234
602 4234
601 4234
600 4234
599 4234
598 4234
597 4234
596 4234
595 4234
594 4234
593 4234
592 4234
591 4234
590 4234
589 4234
588 4234
587 4234
586 4234
585 4234
584 4234
583 4234
582 4234
581 4234
580 4234
579 4234
578 4234
577 4234
576 4234
575 4233
574 4233
573 4233
572 4233
571 4232
570 4232
569 4232
568 4232
567 4232
566 4232
565 4232
564 4232
563 4232
562 4232
561 4231
560 4231
559 4231
558 4231
557 4230
556 4230
555 4230
554 4230
553 4230
552 4230
551 4230
550 4230
549 4230
548 4230
547 4230
546 4230
545 4230
544 4230
543 4230
542 4230
541 4230
540 4230
539 4230
538 4230
537 4230
536 4230
535 4230
534 4230
533 4230
532 4230
531 4230
530 4230
529 4230
528 4230
527 4230
526 4230
525 4230
524 4230
523 4230
522 4230
521 4230
520 4230
519 4230
518 4230
517 4230
516 4230
