679 733
678 734
677 734
676 734
675 734
674 735
673 735
672 735
671 735
670 736
669 736
668 736
667 736
666 737
665 737
664 738
663 738
662 738
661 738
660 739
659 739
658 739
657 739
656 740
655 740
654 740
653 740
652 741
651 741
650 741
649 741
648 741
647 741
646 741
645 741
644 742
643 742
642 742
641 742
640 743
639 743
638 743
637 743
636 743
635 743
634 743
633 743
632 744
631 744
630 744
629 744
628 745
627 745
626 745
625 745
624 745
623 745
622 745
621 745
620 745
619 745
618 745
617 745
616 745
615 745
614 745
613 745
612 745
611 745
610 745
609 745
608 745
607 745
606 745
605 745
604 745
603 745
602 745
601 745
600 745
599 745
598 745
597 745
596 745
595 745
594 745
593 745
592 745
591 745
590 745
589 745
588 745
587 745
586 745
585 745
584 745
583 745
582 745
581 745
580 745
579 745
578 745
577 745
576 745
575 745
574 745
573 745
572 745
571 745
570 745
569 745
568 745
567 745
566 745
565 745
564 745
563 745
562 745
561 745
560 745
559 745
558 745
557 745
556 745
555 745
554 745
553 745
552 745
551 745
550 745
549 745
548 745
547 745
546 746
545 746
544 746
543 746
542 747
541 747
540 747
539 747
538 747
537 747
536 747
535 747
534 747
533 747
532 747
531 747
530 747
529 747
528 747
527 747
526 747
525 747
524 747
523 747
522 747
521 747
520 748
519 748
518 748
517 748
516 749
515 749
514 749
513 749
512 750
511 750
510 750
509 750
508 751
507 751
506 751
505 751
504 752
503 752
502 752
501 752
500 753
499 753
498 753
497 753
496 753
495 753
494 753
493 753
492 754
491 754
490 754
489 754
488 755
487 755
486 756
485 756
484 756
483 756
482 757
481 757
480 757
479 757
478 757
477 757
476 757
475 757
474 758
473 758
472 758
471 758
470 759
469 759
468 759
467 759
466 759
465 759
464 759
463 759
462 760
461 760
460 760
459 760
458 761
457 762
456 762
455 762
454 763
453 763
452 764
451 764
450 765
449 766
448 766
447 767
446 768
445 768
444 769
443 769
442 769
441 769
440 769
439 769
438 770
437 770
436 770
435 770
434 771
433 771
432 772
431 772
430 772
429 772
428 773
427 774
426 775
425 776
424 776
424 777
423 778
422 778
422 779
421 780
420 781
420 782
419 783
419 784
418 785
418 786
418 787
418 788
417 789
417 790
417 791
417 792
417 793
417 794
418 795
418 796
419 797
419 798
420 799
420 800
421 801
422 802
422 803
422 804
423 805
423 806
423 807
423 808
424 809
424 810
425 811
425 812
426 813
426 814
427 815
428 816
429 817
429 818
430 819
430 820
431 821
432 822
433 823
434 824
434 825
435 825
436 826
436 827
437 827
438 828
438 829
439 829
440 830
440 831
441 831
442 832
442 833
443 833
444 834
444 835
445 835
446 836
446 837
447 837
448 838
449 839
450 840
451 841
452 841
453 842
454 843
455 843
456 844
457 845
458 846
459 847
460 847
461 847
462 848
463 849
464 849
465 849
466 850
467 851
468 851
469 852
470 852
471 853
472 854
473 855
474 855
475 855
476 856
477 857
478 857
479 857
480 857
481 858
482 858
483 858
484 858
485 858
486 858
487 859
488 859
489 859
490 859
491 860
492 860
493 860
494 860
495 860
496 860
497 860
498 860
499 861
500 861
501 861
502 861
503 862
504 862
505 862
506 862
507 862
508 862
509 862
510 862
511 862
512 862
513 862
514 862
515 862
516 862
517 862
518 862
519 862
520 862
521 862
522 862
523 862
524 862
525 862
526 862
527 862
528 862
529 862
530 862
531 862
532 862
533 862
534 862
535 862
536 862
537 862
538 862
539 862
540 862
541 862
542 862
543 862
544 862
545 862
546 862
547 862
548 862
549 862
550 862
551 862
552 862
553 862
554 862
555 862
556 862
557 862
558 862
559 862
560 862
561 862
562 862
563 862
564 862
565 862
566 862
567 862
568 862
569 862
570 862
571 862
572 862
573 862
574 862
575 862
576 862
577 861
578 861
579 861
580 861
581 860
582 860
583 860
584 860
585 860
586 860
587 860
588 860
589 860
590 860
591 860
592 860
593 860
594 860
595 860
596 860
597 860
598 860
599 860
600 860
601 859
602 859
603 859
604 859
605 858
606 858
607 858
608 858
609 858
610 858
611 858
612 858
613 858
614 858
615 858
616 858
617 858
618 858
619 858
620 858
621 858
622 858
623 858
624 858
625 858
626 858
627 858
628 858
629 858
630 858
631 857
632 857
633 857
634 857
635 856
636 856
637 855
638 855
639 855
640 855
641 854
642 854
643 854
644 854
645 854
646 854
647 854
648 854
649 854
650 854
651 854
652 854
653 854
654 854
655 854
656 854
657 855
658 855
659 856
660 856
661 857
662 858
663 859
664 859
665 859
666 859
667 860
668 860
669 861
670 861
671 861
672 861
673 862
674 862
675 862
676 862
677 862
678 862
679 862
680 862
681 862
682 862
683 862
684 862
685 862
686 862
687 862
688 862
689 863
690 863
691 863
692 863
693 864
694 864
695 864
696 864
697 864
698 864
699 864
700 864
701 864
702 864
703 864
704 864
705 864
706 864
707 864
708 864
709 864
710 864
711 864
712 864
713 864
714 864
715 863
716 863
717 863
718 863
719 863
720 863
721 863
722 863
723 863
724 863
725 863
726 863
727 862
728 862
729 862
730 862
731 862
732 862
733 862
734 862
735 863
736 863
737 863
738 863
739 864
740 864
741 864
742 864
743 865
744 865
745 865
746 866
747 867
748 867
749 867
750 867
751 868
752 868
753 868
754 868
755 868
756 868
757 868
758 868
759 868
760 868
761 868
762 868
763 868
764 868
765 868
766 868
767 869
768 869
769 869
770 869
771 870
772 870
773 870
774 870
775 869
776 869
777 869
778 869
779 868
780 868
781 868
782 868
783 867
784 867
785 867
786 867
787 866
788 866
789 866
790 866
791 866
792 866
793 866
794 866
795 866
796 866
797 866
798 866
799 866
800 866
801 867
802 867
803 867
804 867
805 868
806 868
807 869
808 869
809 869
810 869
811 870
812 870
813 870
814 870
815 870
816 870
817 870
818 870
819 870
820 870
821 870
822 870
823 870
824 870
825 870
826 870
827 869
828 869
829 868
830 867
831 867
831 866
832 865
833 865
833 864
834 863
835 863
835 862
836 861
837 860
837 859
838 858
838 857
839 856
839 855
839 854
839 853
840 852
840 851
840 850
840 849
840 848
840 847
841 846
841 845
841 844
842 843
843 842
843 841
843 840
844 839
845 838
845 837
845 836
845 835
846 834
846 833
846 832
846 831
846 830
846 829
846 828
846 827
846 826
846 825
846 824
846 823
846 822
846 821
846 820
846 819
846 818
846 817
846 816
846 815
846 814
846 813
846 812
846 811
846 810
846 809
846 808
846 807
846 806
846 805
846 804
846 803
846 802
846 801
846 800
846 799
846 798
846 797
846 796
846 795
845 794
845 793
844 792
843 791
842 790
841 790
840 790
839 789
838 788
837 788
836 787
835 786
834 786
833 785
832 784
831 783
830 782
829 782
828 782
827 781
826 780
825 780
824 779
823 779
822 778
821 777
820 776
819 776
818 775
817 774
816 774
815 773
814 772
813 771
812 770
811 770
810 770
809 769
808 768
807 768
806 768
805 768
804 767
803 767
802 766
801 766
800 766
799 765
798 764
797 764
796 763
795 763
794 762
793 761
792 760
791 760
790 760
789 760
788 759
787 759
786 758
785 758
784 758
783 758
782 757
781 757
780 757
779 757
778 756
777 756
776 755
775 755
774 754
773 754
772 753
771 753
770 753
769 753
768 752
767 752
766 751
765 751
764 750
763 749
762 748
761 748
760 747
759 747
758 746
757 746
756 745
755 745
754 745
753 745
752 744
751 744
750 744
749 743
748 742
747 742
746 742
745 742
744 741
743 741
742 740
741 740
740 740
739 740
738 739
737 739
736 739
735 739
734 739
733 739
732 738
731 738
730 738
729 738
728 737
727 737
726 737
725 737
724 736
723 736
722 736
721 736
720 735
719 735
718 735
717 735
716 735
715 735
714 735
713 735
712 735
711 735
710 735
709 735
708 735
707 735
706 735
705 735
704 735
703 735
702 735
701 735
700 734
699 734
698 734
697 734
696 733
695 733
694 733
693 733
692 733
691 733
690 733
689 733
688 733
687 733
686 733
685 733
684 733
683 733
682 733
681 733
680 733
679 733
