855 1039
854 1040
853 1040
852 1040
851 1040
850 1041
849 1041
848 1041
847 1041
846 1041
845 1041
844 1041
843 1041
842 1041
841 1041
840 1041
839 1041
838 1041
837 1041
836 1041
835 1041
834 1041
833 1041
832 1041
831 1041
830 1041
829 1041
828 1041
827 1041
826 1041
825 1041
824 1042
823 1042
822 1042
821 1042
820 1043
819 1043
818 1043
817 1043
816 1043
815 1043
814 1043
813 1043
812 1043
811 1043
810 1044
809 1044
808 1044
807 1044
806 1045
805 1045
804 1045
803 1045
802 1045
801 1045
800 1045
799 1045
798 1046
797 1046
796 1046
795 1046
794 1047
793 1047
792 1047
791 1047
790 1047
789 1047
788 1048
787 1048
786 1048
785 1048
784 1049
783 1049
782 1049
781 1049
780 1049
779 1049
778 1049
777 1049
776 1049
775 1049
774 1050
773 1050
772 1051
771 1051
770 1052
769 1052
768 1053
767 1053
766 1054
765 1054
764 1055
763 1055
762 1056
761 1056
760 1057
759 1057
758 1058
757 1058
756 1058
755 1058
754 1059
753 1060
752 1061
751 1062
750 1062
750 1063
749 1064
748 1064
748 1065
747 1066
746 1066
746 1067
745 1068
744 1068
744 1069
743 1070
742 1070
742 1071
741 1072
740 1072
740 1073
739 1074
738 1074
738 1075
737 1076
736 1076
736 1077
735 1078
734 1079
734 1080
733 1081
733 1082
733 1083
733 1084
732 1085
732 1086
732 1087
732 1088
731 1089
731 1090
730 1091
730 1092
730 1093
729 1094
728 1095
728 1096
728 1097
727 1098
726 1099
726 1100
726 1101
725 1102
724 1103
724 1104
724 1105
724 1106
723 1107
723 1108
722 1109
722 1110
722 1111
722 1112
721 1113
721 1114
720 1115
720 1116
720 1117
720 1118
719 1119
719 1120
719 1121
719 1122
718 1123
718 1124
718 1125
717 1126
716 1127
716 1128
716 1129
716 1130
715 1131
715 1132
714 1133
714 1134
714 1135
713 1136
712 1137
712 1138
712 1139
712 1140
711 1141
711 1142
710 1143
710 1144
710 1145
710 1146
709 1147
709 1148
708 1149
708 1150
708 1151
707 1152
706 1153
706 1154
706 1155
705 1156
704 1157
704 1158
704 1159
703 1160
702 1161
702 1162
702 1163
701 1164
700 1165
700 1166
700 1167
699 1168
698 1169
698 1170
698 1171
697 1172
696 1173
696 1174
696 1175
696 1176
695 1177
695 1178
695 1179
695 1180
696 1181
696 1182
697 1183
698 1183
699 1184
700 1184
701 1184
702 1184
703 1184
704 1184
705 1183
706 1183
707 1182
708 1181
709 1181
710 1180
711 1179
712 1179
713 1178
714 1178
715 1177
716 1177
717 1177
718 1177
719 1176
720 1175
721 1175
722 1175
723 1174
724 1174
725 1173
726 1173
727 1173
728 1173
729 1172
730 1172
731 1171
732 1171
733 1170
734 1170
735 1169
736 1169
737 1168
738 1168
739 1168
740 1168
741 1167
742 1167
743 1167
744 1167
745 1166
746 1166
747 1165
748 1165
749 1165
750 1165
751 1164
752 1164
753 1164
754 1164
755 1163
756 1163
757 1163
758 1163
759 1162
760 1162
761 1162
762 1162
763 1162
764 1162
765 1161
766 1161
767 1161
768 1161
769 1160
770 1160
771 1160
772 1160
773 1160
774 1160
775 1160
776 1160
777 1160
778 1160
779 1159
780 1159
781 1159
782 1159
783 1158
784 1157
785 1157
786 1157
787 1156
788 1156
789 1155
790 1155
791 1154
792 1153
793 1153
793 1152
794 1151
795 1151
796 1150
797 1149
798 1149
799 1148
800 1147
801 1147
802 1147
803 1146
804 1146
805 1146
806 1146
807 1146
808 1146
809 1146
810 1146
811 1146
812 1146
813 1146
814 1146
815 1146
816 1146
817 1147
818 1147
819 1147
820 1148
821 1149
822 1149
823 1150
824 1151
825 1151
826 1152
827 1153
828 1154
829 1155
830 1155
831 1156
832 1157
833 1157
834 1158
835 1159
836 1159
837 1160
838 1160
839 1161
840 1161
841 1161
842 1162
843 1163
844 1163
845 1163
846 1164
847 1165
848 1165
849 1165
850 1165
851 1166
852 1166
853 1166
854 1166
855 1166
856 1166
857 1166
858 1166
859 1167
860 1167
861 1168
862 1168
863 1169
864 1170
865 1171
866 1172
867 1173
868 1174
869 1175
870 1176
871 1177
872 1177
873 1177
874 1177
875 1178
876 1178
877 1178
878 1178
879 1178
880 1178
881 1178
882 1178
883 1178
884 1178
885 1178
886 1178
887 1178
888 1178
889 1178
890 1178
891 1178
892 1178
893 1178
894 1178
895 1178
896 1178
897 1178
898 1178
899 1178
900 1178
901 1178
902 1178
903 1178
904 1178
905 1178
906 1178
907 1178
908 1178
909 1178
910 1178
911 1177
912 1177
913 1176
914 1176
915 1175
916 1175
917 1174
918 1174
919 1174
920 1174
921 1174
922 1174
923 1174
924 1174
925 1175
926 1175
927 1175
928 1175
929 1176
930 1176
931 1176
932 1176
933 1176
934 1176
935 1176
936 1176
937 1175
938 1175
939 1174
940 1173
941 1173
942 1172
943 1171
944 1171
945 1170
946 1169
947 1168
948 1167
949 1167
949 1166
950 1165
951 1165
951 1164
952 1163
953 1162
954 1161
955 1160
955 1159
956 1158
957 1157
958 1157
959 1156
960 1155
961 1154
962 1153
963 1153
964 1152
965 1151
966 1151
967 1150
968 1150
969 1149
970 1149
971 1148
972 1147
973 1146
973 1145
974 1144
974 1143
975 1142
975 1141
976 1140
976 1139
976 1138
976 1137
976 1136
976 1135
977 1134
977 1133
977 1132
977 1131
978 1130
978 1129
978 1128
978 1127
978 1126
978 1125
978 1124
978 1123
979 1122
979 1121
979 1120
979 1119
980 1118
980 1117
980 1116
980 1115
980 1114
980 1113
980 1112
980 1111
981 1110
981 1109
981 1108
981 1107
982 1106
982 1105
982 1104
982 1103
982 1102
982 1101
982 1100
982 1099
982 1098
982 1097
982 1096
982 1095
982 1094
982 1093
982 1092
982 1091
982 1090
982 1089
981 1088
981 1087
980 1086
979 1085
978 1084
977 1083
976 1082
975 1082
974 1081
973 1080
972 1080
971 1079
970 1078
969 1078
968 1077
967 1077
966 1076
965 1076
964 1075
963 1074
963 1073
962 1072
961 1071
960 1070
959 1069
959 1068
958 1068
957 1067
957 1066
956 1066
955 1065
955 1064
954 1064
953 1063
953 1062
952 1062
951 1061
951 1060
950 1060
949 1059
949 1058
948 1057
947 1056
947 1055
946 1054
945 1053
944 1052
943 1051
943 1050
942 1050
941 1049
940 1048
939 1048
938 1047
937 1047
936 1046
935 1046
934 1046
933 1046
932 1045
931 1045
930 1044
929 1044
928 1044
927 1044
926 1043
925 1043
924 1043
923 1043
922 1043
921 1043
920 1043
919 1043
918 1043
917 1043
916 1043
915 1043
914 1043
913 1043
912 1043
911 1043
910 1043
909 1043
908 1043
907 1043
906 1043
905 1043
904 1043
903 1043
902 1043
901 1043
900 1043
899 1043
898 1043
897 1043
896 1043
895 1043
894 1043
893 1043
892 1043
891 1043
890 1042
889 1042
888 1042
887 1042
886 1041
885 1041
884 1041
883 1041
882 1041
881 1041
880 1041
879 1041
878 1041
877 1041
876 1041
875 1041
874 1040
873 1040
872 1040
871 1040
870 1039
869 1039
868 1039
867 1039
866 1039
865 1039
864 1039
863 1039
862 1039
861 1039
860 1039
859 1039
858 1039
857 1039
856 1039
855 1039
