511 2421
510 2422
509 2422
508 2422
507 2422
506 2423
505 2423
504 2423
503 2423
502 2423
501 2423
500 2423
499 2423
498 2423
497 2423
496 2423
495 2423
494 2423
493 2423
492 2423
491 2423
490 2424
489 2424
488 2424
487 2424
486 2425
485 2425
484 2425
483 2425
482 2425
481 2425
480 2425
479 2425
478 2425
477 2425
476 2425
475 2425
474 2425
473 2425
472 2426
471 2426
470 2426
469 2426
468 2427
467 2427
466 2427
465 2427
464 2427
463 2427
462 2428
461 2428
460 2428
459 2428
458 2429
457 2429
456 2429
455 2429
454 2429
453 2429
452 2429
451 2429
450 2429
449 2429
448 2429
447 2429
446 2429
445 2429
444 2430
443 2430
442 2430
441 2430
440 2431
439 2431
438 2431
437 2431
436 2431
435 2431
434 2432
433 2432
432 2433
431 2433
430 2434
429 2434
428 2435
427 2436
426 2436
425 2436
424 2437
423 2438
422 2438
421 2438
420 2439
419 2440
418 2441
417 2441
416 2442
415 2442
414 2443
413 2443
412 2443
411 2443
410 2444
409 2444
408 2444
407 2444
406 2445
405 2445
404 2446
403 2446
402 2446
401 2446
400 2447
399 2447
398 2447
397 2447
396 2447
395 2447
394 2447
393 2447
392 2448
391 2448
390 2448
389 2448
388 2449
387 2449
386 2449
385 2449
384 2449
383 2449
382 2449
381 2449
380 2449
379 2449
378 2449
377 2449
376 2449
375 2449
374 2449
373 2449
372 2449
371 2449
370 2450
369 2450
368 2450
367 2450
366 2451
365 2451
364 2452
363 2452
362 2453
361 2454
360 2454
360 2455
359 2456
358 2456
358 2457
357 2458
356 2458
356 2459
355 2460
354 2460
354 2461
353 2462
352 2463
351 2464
350 2465
350 2466
350 2467
350 2468
349 2469
349 2470
348 2471
348 2472
348 2473
347 2474
346 2475
346 2476
346 2477
346 2478
345 2479
345 2480
345 2481
345 2482
344 2483
344 2484
344 2485
344 2486
343 2487
343 2488
343 2489
343 2490
343 2491
343 2492
342 2493
342 2494
342 2495
342 2496
341 2497
341 2498
341 2499
341 2500
340 2501
340 2502
340 2503
340 2504
339 2505
339 2506
338 2507
338 2508
338 2509
338 2510
337 2511
337 2512
336 2513
336 2514
335 2515
334 2516
334 2517
333 2518
332 2519
331 2520
330 2521
330 2522
330 2523
329 2524
328 2525
328 2526
328 2527
328 2528
327 2529
327 2530
327 2531
327 2532
327 2533
327 2534
327 2535
327 2536
327 2537
327 2538
327 2539
327 2540
327 2541
327 2542
328 2543
328 2544
329 2545
330 2545
331 2546
332 2546
333 2546
334 2546
335 2546
336 2546
337 2546
338 2546
339 2546
340 2546
341 2546
342 2546
343 2546
344 2546
345 2546
346 2546
347 2546
348 2546
349 2545
350 2545
351 2545
352 2545
353 2544
354 2544
355 2544
356 2544
357 2544
358 2544
359 2544
360 2544
361 2545
362 2545
363 2546
364 2547
365 2547
366 2548
366 2549
367 2550
368 2551
369 2552
370 2553
371 2554
372 2554
373 2554
374 2554
375 2554
376 2554
377 2554
378 2554
379 2554
380 2554
381 2553
382 2553
383 2553
384 2553
385 2552
386 2551
387 2551
388 2551
389 2550
390 2550
391 2549
392 2549
393 2549
394 2549
395 2548
396 2548
397 2547
398 2547
399 2547
400 2547
401 2546
402 2546
403 2545
404 2545
405 2545
406 2545
407 2544
408 2543
409 2543
410 2543
411 2542
412 2542
413 2541
414 2541
415 2541
416 2541
417 2540
418 2539
419 2538
420 2538
421 2537
422 2537
423 2536
424 2536
425 2536
426 2536
427 2535
428 2535
429 2534
430 2534
431 2533
432 2533
433 2532
434 2532
435 2532
436 2532
437 2532
438 2532
439 2531
440 2531
441 2531
442 2531
443 2530
444 2530
445 2530
446 2530
447 2530
448 2530
449 2530
450 2530
451 2530
452 2530
453 2530
454 2530
455 2531
456 2531
457 2531
458 2532
459 2533
460 2533
461 2534
462 2534
463 2535
464 2536
465 2537
466 2537
467 2537
468 2537
469 2538
470 2538
471 2538
472 2538
473 2538
474 2538
475 2538
476 2538
477 2538
478 2538
479 2538
480 2538
481 2538
482 2538
483 2539
484 2539
485 2540
486 2540
487 2541
488 2541
489 2542
490 2542
491 2543
492 2543
493 2543
494 2543
495 2544
496 2544
497 2544
498 2544
499 2544
500 2544
501 2544
502 2544
503 2544
504 2544
505 2544
506 2544
507 2544
508 2544
509 2544
510 2544
511 2544
512 2544
513 2544
514 2544
515 2544
516 2544
517 2544
518 2544
519 2544
520 2544
521 2544
522 2544
523 2544
524 2544
525 2544
526 2544
527 2544
528 2544
529 2544
530 2544
531 2544
532 2544
533 2544
534 2544
535 2544
536 2544
537 2544
538 2544
539 2544
540 2544
541 2544
542 2544
543 2545
544 2545
545 2545
546 2545
547 2546
548 2546
549 2546
550 2546
551 2546
552 2546
553 2546
554 2546
555 2546
556 2546
557 2545
558 2545
559 2545
560 2545
561 2544
562 2544
563 2544
564 2544
565 2543
566 2543
567 2543
568 2543
569 2542
570 2542
571 2542
572 2542
573 2542
574 2542
575 2543
576 2543
577 2543
578 2543
579 2544
580 2544
581 2544
582 2544
583 2544
584 2544
585 2544
586 2544
587 2544
588 2544
589 2544
590 2544
591 2544
592 2544
593 2544
594 2544
595 2544
596 2544
597 2544
598 2544
599 2544
600 2544
601 2544
602 2544
603 2544
604 2544
605 2544
606 2544
607 2544
608 2544
609 2544
610 2544
611 2544
612 2544
613 2543
614 2543
615 2543
616 2543
617 2542
618 2542
619 2542
620 2542
621 2542
622 2542
623 2542
624 2542
625 2543
626 2543
627 2543
628 2543
629 2544
630 2544
631 2544
632 2544
633 2544
634 2544
635 2544
636 2544
637 2544
638 2544
639 2544
640 2544
641 2544
642 2544
643 2544
644 2544
645 2544
646 2544
647 2544
648 2544
649 2544
650 2544
651 2544
652 2544
653 2544
654 2544
655 2544
656 2544
657 2544
658 2544
659 2544
660 2544
661 2544
662 2544
663 2544
664 2544
665 2544
666 2544
667 2544
668 2544
669 2544
670 2544
671 2544
672 2544
673 2544
674 2544
675 2544
676 2544
677 2543
678 2543
679 2543
680 2543
681 2542
682 2542
683 2542
684 2542
685 2541
686 2541
687 2541
688 2541
689 2540
690 2540
691 2540
692 2540
693 2540
694 2540
695 2540
696 2540
697 2539
698 2539
699 2539
700 2539
701 2538
702 2538
703 2537
704 2537
705 2537
706 2537
707 2536
708 2536
709 2536
710 2536
711 2535
712 2535
713 2535
714 2535
715 2534
716 2534
717 2534
718 2534
719 2534
720 2534
721 2533
722 2533
723 2533
724 2533
725 2532
726 2531
727 2531
728 2531
729 2530
730 2529
731 2529
732 2529
733 2528
734 2528
735 2527
736 2527
737 2527
738 2527
739 2526
740 2526
741 2526
742 2526
743 2526
744 2526
745 2525
746 2525
747 2525
748 2525
749 2524
750 2523
751 2523
752 2523
753 2522
754 2522
755 2521
756 2521
757 2521
758 2521
759 2520
760 2519
761 2518
762 2517
763 2516
763 2515
764 2514
764 2513
765 2512
766 2511
767 2510
767 2509
767 2508
768 2507
769 2506
769 2505
769 2504
770 2503
771 2502
771 2501
771 2500
772 2499
773 2498
773 2497
774 2496
775 2495
775 2494
776 2493
777 2492
778 2491
779 2490
779 2489
779 2488
779 2487
780 2486
780 2485
781 2484
781 2483
781 2482
781 2481
782 2480
782 2479
782 2478
782 2477
782 2476
782 2475
782 2474
782 2473
782 2472
782 2471
781 2470
781 2469
780 2468
780 2467
779 2466
779 2465
778 2464
778 2463
777 2462
777 2461
776 2460
775 2459
774 2458
773 2458
772 2457
771 2457
770 2456
769 2455
768 2454
767 2454
766 2454
765 2453
764 2452
763 2452
762 2452
761 2451
760 2450
759 2450
758 2450
757 2449
756 2448
755 2448
754 2447
753 2446
752 2446
751 2445
750 2444
749 2444
748 2443
747 2443
746 2442
745 2442
744 2442
743 2441
742 2440
741 2440
740 2440
739 2439
738 2438
737 2438
736 2438
735 2438
734 2437
733 2437
732 2437
731 2437
730 2437
729 2437
728 2436
727 2436
726 2435
725 2435
724 2434
723 2433
722 2432
721 2432
720 2432
719 2432
718 2431
717 2431
716 2430
715 2430
714 2430
713 2430
712 2429
711 2429
710 2429
709 2429
708 2429
707 2429
706 2428
705 2428
704 2428
703 2428
702 2427
701 2427
700 2426
699 2426
698 2426
697 2426
696 2425
695 2425
694 2425
693 2425
692 2425
691 2425
690 2425
689 2425
688 2425
687 2425
686 2425
685 2425
684 2425
683 2425
682 2424
681 2424
680 2424
679 2424
678 2423
677 2423
676 2423
675 2423
674 2423
673 2423
672 2423
671 2423
670 2423
669 2423
668 2423
667 2423
666 2423
665 2423
664 2423
663 2423
662 2423
661 2423
660 2423
659 2423
658 2423
657 2423
656 2423
655 2423
654 2423
653 2423
652 2422
651 2422
650 2422
649 2422
648 2421
647 2421
646 2421
645 2421
644 2421
643 2421
642 2421
641 2421
640 2421
639 2421
638 2421
637 2421
636 2421
635 2421
634 2421
633 2421
632 2421
631 2421
630 2421
629 2421
628 2421
627 2421
626 2421
625 2421
624 2421
623 2421
622 2421
621 2421
620 2421
619 2421
618 2421
617 2421
616 2421
615 2421
614 2421
613 2421
612 2421
611 2421
610 2421
609 2421
608 2421
607 2421
606 2421
605 2421
604 2421
603 2421
602 2421
601 2421
600 2421
599 2421
598 2421
597 2421
596 2421
595 2421
594 2421
593 2421
592 2421
591 2421
590 2421
589 2421
588 2421
587 2421
586 2421
585 2421
584 2421
583 2421
582 2421
581 2421
580 2421
579 2421
578 2421
577 2421
576 2421
575 2421
574 2421
573 2421
572 2421
571 2421
570 2421
569 2421
568 2421
567 2421
566 2421
565 2421
564 2421
563 2421
562 2421
561 2421
560 2421
559 2421
558 2421
557 2421
556 2421
555 2421
554 2421
553 2421
552 2421
551 2421
550 2421
549 2421
548 2421
547 2421
546 2421
545 2421
544 2421
543 2421
542 2421
541 2421
540 2421
539 2421
538 2421
537 2421
536 2421
535 2421
534 2421
533 2421
532 2421
531 2421
530 2421
529 2421
528 2421
527 2421
526 2422
525 2422
524 2422
523 2422
522 2423
521 2423
520 2423
519 2423
518 2423
517 2423
516 2422
515 2422
514 2422
513 2422
512 2421
511 2421
