541 3695
540 3696
539 3696
538 3696
537 3696
536 3697
535 3697
534 3697
533 3697
532 3697
531 3697
530 3698
529 3698
528 3698
527 3698
526 3699
525 3699
524 3699
523 3699
522 3699
521 3699
520 3699
519 3699
518 3699
517 3699
516 3699
515 3699
514 3699
513 3699
512 3698
511 3698
510 3698
509 3698
508 3697
507 3697
506 3697
505 3697
504 3697
503 3697
502 3697
501 3697
500 3697
499 3697
498 3697
497 3697
496 3697
495 3697
494 3698
493 3698
492 3699
491 3699
490 3700
489 3700
488 3701
487 3701
486 3701
485 3701
484 3702
483 3702
482 3702
481 3702
480 3703
479 3703
478 3703
477 3703
476 3703
475 3703
474 3703
473 3703
472 3703
471 3703
470 3704
469 3704
468 3704
467 3704
466 3705
465 3705
464 3706
463 3706
462 3707
461 3708
460 3708
460 3709
459 3710
458 3711
458 3712
457 3713
457 3714
457 3715
457 3716
456 3717
456 3718
455 3719
454 3720
454 3721
453 3722
452 3722
452 3723
451 3724
450 3725
449 3726
448 3727
448 3728
447 3729
446 3730
446 3731
445 3732
444 3732
444 3733
443 3734
442 3735
441 3736
440 3737
440 3738
439 3739
438 3740
437 3740
436 3741
435 3741
434 3742
433 3742
432 3743
431 3744
430 3744
430 3745
429 3746
428 3747
428 3748
427 3749
427 3750
426 3751
426 3752
425 3753
424 3754
424 3755
423 3756
422 3757
422 3758
421 3759
421 3760
420 3761
420 3762
420 3763
419 3764
418 3765
418 3766
418 3767
418 3768
417 3769
417 3770
417 3771
417 3772
417 3773
417 3774
417 3775
417 3776
417 3777
417 3778
417 3779
417 3780
417 3781
417 3782
418 3783
418 3784
419 3785
419 3786
420 3787
420 3788
421 3789
422 3790
422 3791
422 3792
423 3793
423 3794
424 3795
424 3796
424 3797
424 3798
425 3799
425 3800
425 3801
425 3802
425 3803
425 3804
425 3805
425 3806
425 3807
425 3808
426 3809
426 3810
427 3811
428 3812
428 3813
429 3813
430 3814
430 3815
431 3816
432 3817
432 3818
433 3819
433 3820
433 3821
433 3822
433 3823
433 3824
434 3825
434 3826
434 3827
434 3828
435 3829
436 3830
437 3831
438 3831
439 3832
440 3832
441 3833
442 3833
443 3833
444 3834
445 3835
446 3835
447 3835
448 3835
449 3836
450 3836
451 3837
452 3837
453 3837
454 3837
455 3838
456 3838
457 3838
458 3838
459 3838
460 3838
461 3839
462 3839
463 3840
464 3841
464 3842
465 3843
466 3844
467 3845
468 3846
468 3847
469 3847
470 3848
470 3849
471 3849
472 3850
473 3851
474 3852
475 3853
476 3853
477 3854
478 3855
479 3855
480 3856
480 3857
481 3857
482 3858
482 3859
483 3860
484 3861
484 3862
485 3863
485 3864
486 3865
486 3866
486 3867
486 3868
487 3869
487 3870
487 3871
487 3872
488 3873
488 3874
489 3875
490 3876
490 3877
491 3878
492 3879
492 3880
493 3881
493 3882
493 3883
493 3884
493 3885
493 3886
494 3887
494 3888
495 3889
495 3890
496 3891
496 3892
497 3893
497 3894
498 3895
498 3896
499 3897
499 3898
500 3899
500 3900
501 3901
502 3902
503 3903
503 3904
504 3905
504 3906
505 3907
506 3908
507 3909
508 3910
508 3911
509 3911
510 3912
510 3913
511 3914
512 3915
512 3916
513 3917
514 3918
515 3919
516 3920
516 3921
517 3922
518 3923
518 3924
519 3925
520 3926
521 3927
521 3928
522 3929
522 3930
523 3931
524 3932
525 3933
526 3934
526 3935
527 3935
528 3936
528 3937
529 3938
530 3939
530 3940
531 3941
532 3942
533 3943
534 3944
534 3945
535 3945
536 3946
536 3947
537 3947
538 3948
538 3949
539 3949
540 3950
540 3951
541 3951
542 3952
542 3953
543 3953
544 3954
545 3955
546 3955
547 3956
548 3956
549 3956
550 3956
551 3956
552 3956
553 3956
554 3956
555 3956
556 3956
557 3956
558 3956
559 3956
560 3956
561 3956
562 3956
563 3956
564 3956
565 3956
566 3956
567 3956
568 3956
569 3956
570 3956
571 3956
572 3956
573 3956
574 3956
575 3956
576 3956
577 3957
578 3957
579 3958
580 3958
581 3959
582 3959
583 3960
584 3960
585 3960
586 3960
587 3960
588 3960
589 3960
590 3960
591 3960
592 3960
593 3960
594 3960
595 3960
596 3960
597 3960
598 3960
599 3960
600 3960
601 3960
602 3960
603 3960
604 3960
605 3960
606 3960
607 3960
608 3960
609 3960
610 3960
611 3960
612 3960
613 3960
614 3960
615 3960
616 3960
617 3959
618 3959
619 3959
620 3959
621 3958
622 3958
623 3958
624 3958
625 3958
626 3958
627 3958
628 3958
629 3958
630 3958
631 3958
632 3958
633 3958
634 3958
635 3958
636 3958
637 3958
638 3958
639 3957
640 3957
641 3957
642 3957
643 3956
644 3956
645 3955
646 3955
647 3955
648 3955
649 3954
650 3954
651 3953
652 3953
653 3952
654 3951
655 3951
656 3950
657 3949
658 3949
659 3948
660 3948
661 3948
662 3948
663 3948
664 3948
665 3948
666 3948
667 3947
668 3947
669 3947
670 3947
671 3946
672 3945
673 3944
674 3944
675 3943
676 3943
677 3942
678 3942
679 3942
680 3942
681 3941
682 3941
683 3941
684 3941
685 3940
686 3940
687 3939
688 3939
689 3939
690 3939
691 3938
692 3938
693 3938
694 3938
695 3937
696 3937
697 3936
698 3935
699 3935
699 3934
700 3933
701 3932
702 3931
703 3930
703 3929
704 3928
705 3927
705 3926
706 3925
707 3925
708 3924
709 3923
710 3923
711 3922
712 3921
713 3920
714 3919
715 3919
715 3918
716 3917
717 3917
717 3916
718 3915
719 3915
719 3914
720 3913
721 3913
721 3912
722 3911
723 3911
723 3910
724 3909
725 3909
725 3908
726 3907
727 3907
728 3906
729 3905
730 3905
731 3904
732 3904
733 3904
734 3904
735 3904
736 3904
737 3904
738 3904
739 3903
740 3903
741 3903
742 3903
743 3902
744 3901
745 3901
746 3901
747 3900
748 3900
749 3899
750 3899
751 3898
752 3897
753 3897
754 3896
755 3895
756 3895
757 3894
758 3893
759 3892
760 3891
761 3891
761 3890
762 3889
763 3889
763 3888
764 3887
765 3887
765 3886
766 3885
767 3885
767 3884
768 3883
769 3883
769 3882
770 3881
771 3881
771 3880
772 3879
773 3879
773 3878
774 3877
775 3877
775 3876
776 3875
777 3875
777 3874
778 3873
779 3873
779 3872
780 3871
781 3870
781 3869
782 3868
782 3867
783 3866
783 3865
784 3864
785 3863
785 3862
786 3861
787 3861
787 3860
788 3859
789 3859
789 3858
790 3857
791 3857
791 3856
792 3855
793 3855
793 3854
794 3853
795 3853
795 3852
796 3851
797 3850
798 3849
799 3848
799 3847
799 3846
799 3845
800 3844
800 3843
800 3842
800 3841
800 3840
800 3839
800 3838
800 3837
800 3836
800 3835
800 3834
800 3833
799 3832
799 3831
799 3830
799 3829
798 3828
798 3827
798 3826
798 3825
798 3824
798 3823
798 3822
798 3821
798 3820
798 3819
797 3818
797 3817
797 3816
797 3815
796 3814
796 3813
795 3812
795 3811
795 3810
795 3809
794 3808
794 3807
793 3806
793 3805
793 3804
793 3803
792 3802
792 3801
792 3800
792 3799
792 3798
792 3797
792 3796
792 3795
791 3794
791 3793
791 3792
791 3791
790 3790
790 3789
790 3788
790 3787
790 3786
790 3785
790 3784
790 3783
790 3782
790 3781
790 3780
790 3779
790 3778
790 3777
789 3776
789 3775
789 3774
789 3773
788 3772
787 3771
787 3770
787 3769
786 3768
786 3767
786 3766
786 3765
786 3764
786 3763
785 3762
785 3761
784 3760
784 3759
783 3758
783 3757
782 3756
781 3755
780 3754
779 3753
779 3752
778 3752
777 3751
777 3750
776 3750
775 3749
775 3748
774 3748
773 3747
773 3746
772 3746
771 3745
771 3744
770 3744
769 3743
768 3742
767 3742
766 3741
765 3741
764 3741
763 3741
762 3740
761 3740
760 3740
759 3739
758 3738
757 3738
756 3738
755 3738
754 3737
753 3737
752 3737
751 3737
750 3736
749 3736
748 3736
747 3735
746 3734
745 3734
744 3734
743 3733
742 3732
741 3732
740 3732
739 3731
738 3730
737 3730
736 3730
735 3730
734 3729
733 3729
732 3728
731 3728
730 3728
729 3727
728 3726
727 3726
726 3726
725 3725
724 3724
723 3724
722 3723
721 3723
720 3722
719 3721
718 3720
717 3720
716 3719
715 3719
714 3718
713 3717
712 3716
711 3716
710 3715
709 3715
708 3714
707 3714
706 3713
705 3713
704 3712
703 3712
702 3711
701 3711
700 3710
699 3710
698 3709
697 3709
696 3708
695 3708
694 3708
693 3707
692 3706
691 3706
690 3706
689 3705
688 3704
687 3704
686 3704
685 3704
684 3703
683 3703
682 3703
681 3703
680 3703
679 3703
678 3703
677 3703
676 3703
675 3703
674 3703
673 3703
672 3703
671 3703
670 3702
669 3702
668 3701
667 3700
666 3700
665 3699
664 3698
663 3698
662 3697
661 3697
660 3696
659 3696
658 3696
657 3696
656 3695
655 3695
654 3695
653 3695
652 3696
651 3696
650 3696
649 3696
648 3697
647 3697
646 3697
645 3697
644 3697
643 3697
642 3697
641 3697
640 3697
639 3697
638 3697
637 3697
636 3697
635 3697
634 3697
633 3697
632 3697
631 3697
630 3697
629 3697
628 3696
627 3696
626 3696
625 3696
624 3695
623 3695
622 3695
621 3695
620 3695
619 3695
618 3695
617 3695
616 3695
615 3695
614 3695
613 3695
612 3695
611 3695
610 3695
609 3695
608 3695
607 3695
606 3695
605 3695
604 3695
603 3695
602 3695
601 3695
600 3695
599 3695
598 3695
597 3695
596 3695
595 3695
594 3695
593 3695
592 3696
591 3696
590 3696
589 3696
588 3697
587 3697
586 3697
585 3697
584 3697
583 3697
582 3697
581 3697
580 3697
579 3697
578 3696
577 3696
576 3696
575 3696
574 3695
573 3695
572 3695
571 3695
570 3695
569 3695
568 3695
567 3695
566 3695
565 3695
564 3695
563 3695
562 3695
561 3695
560 3695
559 3695
558 3695
557 3695
556 3695
555 3695
554 3695
553 3695
552 3695
551 3695
550 3695
549 3695
548 3695
547 3695
546 3695
545 3695
544 3695
543 3695
542 3695
541 3695
