837 1323
836 1324
835 1324
834 1324
833 1324
832 1325
831 1325
830 1325
829 1325
828 1325
827 1325
826 1325
825 1325
824 1325
823 1325
822 1325
821 1325
820 1325
819 1325
818 1326
817 1326
816 1326
815 1326
814 1327
813 1327
812 1326
811 1326
810 1326
809 1326
808 1325
807 1325
806 1325
805 1325
804 1325
803 1325
802 1325
801 1325
800 1325
799 1325
798 1325
797 1325
796 1325
795 1325
794 1325
793 1325
792 1325
791 1325
790 1325
789 1325
788 1325
787 1325
786 1325
785 1325
784 1325
783 1325
782 1325
781 1325
780 1325
779 1325
778 1325
777 1325
776 1325
775 1325
774 1325
773 1325
772 1325
771 1325
770 1325
769 1325
768 1325
767 1325
766 1325
765 1325
764 1325
763 1325
762 1325
761 1325
760 1325
759 1325
758 1325
757 1325
756 1325
755 1325
754 1325
753 1325
752 1325
751 1325
750 1325
749 1325
748 1325
747 1325
746 1325
745 1325
744 1326
743 1326
742 1326
741 1326
740 1327
739 1327
738 1327
737 1327
736 1327
735 1327
734 1327
733 1327
732 1327
731 1327
730 1327
729 1327
728 1327
727 1327
726 1327
725 1327
724 1328
723 1328
722 1329
721 1329
720 1330
719 1330
718 1331
717 1332
716 1332
715 1332
714 1333
713 1333
712 1333
711 1333
710 1333
709 1333
708 1333
707 1333
706 1333
705 1333
704 1333
703 1333
702 1333
701 1333
700 1333
699 1333
698 1333
697 1333
696 1333
695 1333
694 1334
693 1334
692 1334
691 1334
690 1335
689 1335
688 1335
687 1335
686 1336
685 1336
684 1336
683 1336
682 1337
681 1337
680 1337
679 1337
678 1337
677 1337
676 1338
675 1338
674 1338
673 1338
672 1339
671 1340
670 1340
669 1340
668 1341
667 1341
666 1341
665 1341
664 1341
663 1341
662 1342
661 1342
660 1343
659 1344
658 1344
658 1345
657 1346
656 1346
656 1347
655 1348
654 1348
654 1349
653 1350
652 1350
652 1351
651 1352
650 1352
650 1353
649 1354
648 1355
647 1356
646 1357
646 1358
646 1359
645 1360
644 1361
644 1362
643 1363
642 1364
642 1365
641 1366
640 1367
640 1368
640 1369
640 1370
640 1371
640 1372
641 1373
641 1374
641 1375
641 1376
641 1377
641 1378
641 1379
641 1380
642 1381
642 1382
642 1383
642 1384
643 1385
644 1386
645 1387
646 1387
647 1388
648 1388
649 1389
650 1389
651 1389
652 1390
653 1391
654 1391
655 1391
656 1391
657 1392
658 1392
659 1392
660 1392
661 1392
662 1392
663 1393
664 1393
665 1393
666 1394
667 1395
668 1395
669 1396
670 1397
671 1397
672 1398
673 1399
674 1400
675 1401
676 1401
677 1401
678 1401
679 1402
680 1402
681 1402
682 1402
683 1402
684 1402
685 1403
686 1403
687 1403
688 1403
689 1404
690 1404
691 1404
692 1404
693 1404
694 1404
695 1404
696 1404
697 1404
698 1404
699 1404
700 1404
701 1404
702 1404
703 1404
704 1404
705 1404
706 1404
707 1404
708 1404
709 1404
710 1404
711 1405
712 1405
713 1406
714 1406
715 1407
716 1407
717 1408
718 1408
719 1408
720 1408
721 1408
722 1408
723 1408
724 1408
725 1408
726 1408
727 1409
728 1409
729 1409
730 1409
731 1410
732 1410
733 1410
734 1410
735 1411
736 1411
737 1411
738 1411
739 1412
740 1412
741 1412
742 1412
743 1412
744 1412
745 1411
746 1411
747 1411
748 1411
749 1410
750 1410
751 1410
752 1410
753 1410
754 1410
755 1410
756 1410
757 1409
758 1409
759 1409
760 1409
761 1408
762 1408
763 1408
764 1408
765 1408
766 1408
767 1408
768 1408
769 1408
770 1408
771 1408
772 1408
773 1408
774 1408
775 1408
776 1408
777 1408
778 1408
779 1408
780 1408
781 1408
782 1408
783 1408
784 1408
785 1408
786 1408
787 1408
788 1408
789 1408
790 1408
791 1408
792 1408
793 1408
794 1408
795 1408
796 1408
797 1408
798 1408
799 1408
800 1408
801 1408
802 1408
803 1408
804 1408
805 1408
806 1408
807 1408
808 1408
809 1408
810 1408
811 1408
812 1408
813 1409
814 1409
815 1409
816 1409
817 1410
818 1410
819 1410
820 1410
821 1410
822 1410
823 1410
824 1410
825 1410
826 1410
827 1410
828 1410
829 1410
830 1410
831 1410
832 1410
833 1411
834 1411
835 1411
836 1411
837 1412
838 1412
839 1412
840 1412
841 1412
842 1412
843 1412
844 1412
845 1412
846 1412
847 1412
848 1412
849 1412
850 1412
851 1413
852 1413
853 1413
854 1413
855 1414
856 1414
857 1414
858 1414
859 1414
860 1414
861 1414
862 1414
863 1414
864 1414
865 1415
866 1415
867 1415
868 1415
869 1416
870 1416
871 1416
872 1416
873 1416
874 1416
875 1416
876 1416
877 1416
878 1416
879 1416
880 1416
881 1416
882 1416
883 1416
884 1416
885 1416
886 1416
887 1416
888 1416
889 1416
890 1416
891 1416
892 1416
893 1416
894 1416
895 1416
896 1416
897 1416
898 1416
899 1416
900 1416
901 1416
902 1416
903 1416
904 1416
905 1416
906 1416
907 1416
908 1416
909 1416
910 1416
911 1416
912 1416
913 1416
914 1416
915 1416
916 1416
917 1416
918 1416
919 1415
920 1415
921 1415
922 1415
923 1414
924 1414
925 1414
926 1414
927 1414
928 1414
929 1414
930 1414
931 1414
932 1414
933 1414
934 1414
935 1413
936 1413
937 1412
938 1411
939 1410
939 1409
940 1408
941 1407
941 1406
942 1405
943 1405
943 1404
944 1403
945 1403
945 1402
946 1401
947 1401
947 1400
948 1399
949 1398
950 1397
951 1396
951 1395
951 1394
951 1393
952 1392
952 1391
953 1390
953 1389
954 1388
954 1387
955 1386
956 1385
957 1384
957 1383
957 1382
958 1381
959 1380
959 1379
959 1378
959 1377
960 1376
960 1375
960 1374
960 1373
960 1372
960 1371
960 1370
960 1369
959 1368
959 1367
959 1366
959 1365
958 1364
958 1363
958 1362
958 1361
958 1360
958 1359
958 1358
958 1357
958 1356
958 1355
958 1354
958 1353
958 1352
958 1351
958 1350
958 1349
958 1348
958 1347
959 1346
959 1345
959 1344
959 1343
960 1342
960 1341
960 1340
960 1339
959 1338
959 1337
958 1336
957 1335
957 1334
956 1333
955 1332
955 1331
954 1330
953 1329
952 1328
951 1327
950 1326
949 1325
948 1324
947 1324
946 1324
945 1324
944 1323
943 1323
942 1323
941 1323
940 1323
939 1323
938 1323
937 1323
936 1323
935 1323
934 1323
933 1323
932 1323
931 1323
930 1324
929 1324
928 1324
927 1324
926 1325
925 1325
924 1325
923 1325
922 1325
921 1325
920 1325
919 1325
918 1325
917 1325
916 1325
915 1325
914 1325
913 1325
912 1325
911 1325
910 1325
909 1325
908 1325
907 1325
906 1324
905 1324
904 1324
903 1324
902 1323
901 1323
900 1323
899 1323
898 1323
897 1323
896 1323
895 1323
894 1323
893 1323
892 1323
891 1323
890 1323
889 1323
888 1323
887 1323
886 1323
885 1323
884 1323
883 1323
882 1323
881 1323
880 1323
879 1323
878 1323
877 1323
876 1323
875 1323
874 1323
873 1323
872 1323
871 1323
870 1323
869 1323
868 1323
867 1323
866 1323
865 1323
864 1323
863 1323
862 1323
861 1323
860 1323
859 1323
858 1323
857 1323
856 1323
855 1323
854 1323
853 1323
852 1323
851 1323
850 1323
849 1323
848 1323
847 1323
846 1323
845 1323
844 1323
843 1323
842 1323
841 1323
840 1323
839 1323
838 1323
837 1323
