537 4229
536 4230
535 4230
534 4230
533 4230
532 4231
531 4231
530 4232
529 4232
528 4232
527 4232
526 4233
525 4233
524 4233
523 4233
522 4233
521 4233
520 4233
519 4233
518 4233
517 4233
516 4233
515 4233
514 4233
513 4233
512 4234
511 4234
510 4234
509 4234
508 4235
507 4235
506 4235
505 4235
504 4236
503 4236
502 4237
501 4237
500 4238
499 4238
498 4239
497 4240
496 4240
495 4240
494 4241
493 4241
492 4242
491 4242
490 4242
489 4242
488 4243
487 4243
486 4243
485 4243
484 4243
483 4243
482 4244
481 4244
480 4244
479 4244
478 4245
477 4246
476 4247
475 4247
474 4248
473 4248
472 4249
471 4249
470 4250
469 4250
468 4251
467 4251
466 4252
465 4252
464 4253
463 4253
462 4253
461 4253
460 4253
459 4253
458 4252
457 4252
456 4252
455 4252
454 4251
453 4251
452 4251
451 4251
450 4251
449 4251
448 4251
447 4251
446 4251
445 4251
444 4251
443 4251
442 4251
441 4251
440 4251
439 4251
438 4251
437 4251
436 4251
435 4251
434 4251
433 4251
432 4251
431 4251
430 4251
429 4251
428 4252
427 4252
426 4252
425 4252
424 4253
423 4253
422 4253
421 4253
420 4253
419 4253
418 4253
417 4253
416 4253
415 4253
414 4253
413 4253
412 4253
411 4253
410 4253
409 4253
408 4253
407 4253
406 4253
405 4253
404 4253
403 4253
402 4253
401 4253
400 4253
399 4253
398 4253
397 4253
396 4253
395 4253
394 4254
393 4254
392 4254
391 4254
390 4255
389 4255
388 4255
387 4255
386 4255
385 4255
384 4255
383 4255
382 4255
381 4255
380 4255
379 4255
378 4256
377 4256
376 4256
375 4256
374 4257
373 4258
372 4258
371 4258
370 4259
369 4259
368 4259
367 4259
366 4259
365 4259
364 4259
363 4259
362 4259
361 4259
360 4259
359 4259
358 4259
357 4259
356 4259
355 4259
354 4259
353 4259
352 4260
351 4260
350 4261
349 4261
348 4262
347 4262
346 4263
345 4263
344 4263
343 4263
342 4263
341 4263
340 4263
339 4263
338 4263
337 4263
336 4263
335 4263
334 4263
333 4263
332 4264
331 4264
330 4264
329 4264
328 4265
327 4265
326 4266
325 4266
324 4267
324 4268
323 4269
323 4270
323 4271
323 4272
323 4273
323 4274
324 4275
324 4276
324 4277
324 4278
325 4279
325 4280
325 4281
325 4282
325 4283
325 4284
325 4285
325 4286
326 4287
326 4288
327 4289
328 4289
329 4290
330 4290
331 4290
332 4290
333 4291
334 4291
335 4292
336 4293
337 4293
338 4294
338 4295
339 4295
340 4296
340 4297
341 4297
342 4298
343 4299
344 4299
345 4300
346 4300
347 4300
348 4300
349 4300
350 4300
351 4300
352 4300
353 4300
354 4300
355 4300
356 4300
357 4301
358 4301
359 4301
360 4301
361 4302
362 4302
363 4302
364 4302
365 4302
366 4302
367 4303
368 4303
369 4303
370 4303
371 4304
372 4304
373 4304
374 4304
375 4304
376 4304
377 4304
378 4304
379 4304
380 4304
381 4304
382 4304
383 4305
384 4305
385 4305
386 4305
387 4306
388 4306
389 4307
390 4307
391 4307
392 4307
393 4308
394 4308
395 4308
396 4308
397 4308
398 4308
399 4308
400 4308
401 4308
402 4308
403 4308
404 4308
405 4308
406 4308
407 4308
408 4308
409 4308
410 4308
411 4308
412 4308
413 4308
414 4308
415 4308
416 4308
417 4308
418 4308
419 4308
420 4308
421 4308
422 4308
423 4308
424 4308
425 4308
426 4308
427 4308
428 4308
429 4309
430 4309
431 4309
432 4309
433 4310
434 4310
435 4311
436 4311
437 4311
438 4311
439 4312
440 4312
441 4312
442 4312
443 4312
444 4312
445 4313
446 4313
447 4313
448 4313
449 4314
450 4314
451 4314
452 4314
453 4314
454 4314
455 4314
456 4314
457 4314
458 4314
459 4315
460 4315
461 4315
462 4315
463 4316
464 4316
465 4316
466 4316
467 4316
468 4316
469 4316
470 4316
471 4316
472 4316
473 4316
474 4316
475 4316
476 4316
477 4316
478 4316
479 4316
480 4316
481 4316
482 4316
483 4316
484 4316
485 4316
486 4316
487 4316
488 4316
489 4316
490 4316
491 4317
492 4317
493 4317
494 4317
495 4318
496 4318
497 4318
498 4318
499 4318
500 4318
501 4318
502 4318
503 4318
504 4318
505 4318
506 4318
507 4318
508 4318
509 4318
510 4318
511 4318
512 4318
513 4318
514 4318
515 4318
516 4318
517 4318
518 4318
519 4318
520 4318
521 4318
522 4318
523 4318
524 4318
525 4318
526 4318
527 4317
528 4317
529 4317
530 4317
531 4316
532 4315
533 4315
534 4315
535 4314
536 4314
537 4314
538 4314
539 4313
540 4313
541 4312
542 4312
543 4311
544 4311
545 4310
546 4310
547 4309
548 4309
549 4309
550 4309
551 4308
552 4308
553 4307
554 4307
555 4306
556 4305
557 4305
558 4304
559 4303
560 4303
561 4302
562 4302
563 4301
564 4301
565 4300
566 4299
567 4299
567 4298
568 4297
569 4297
569 4296
570 4295
571 4295
571 4294
572 4293
573 4293
573 4292
574 4291
575 4291
575 4290
576 4289
577 4289
577 4288
578 4287
579 4287
579 4286
580 4285
581 4285
581 4284
582 4283
583 4283
583 4282
584 4281
585 4281
585 4280
586 4279
587 4278
587 4277
588 4276
588 4275
588 4274
588 4273
588 4272
588 4271
588 4270
588 4269
588 4268
588 4267
588 4266
588 4265
587 4264
587 4263
587 4262
587 4261
586 4260
586 4259
586 4258
586 4257
586 4256
586 4255
585 4254
585 4253
584 4252
583 4251
583 4250
582 4250
581 4249
581 4248
580 4248
579 4247
579 4246
578 4246
577 4245
576 4244
575 4244
574 4243
573 4243
572 4243
571 4243
570 4243
569 4243
568 4243
567 4243
566 4242
565 4242
564 4241
563 4240
562 4240
561 4239
561 4238
560 4238
559 4237
559 4236
558 4236
557 4235
557 4234
556 4234
555 4233
554 4232
553 4232
552 4231
551 4231
550 4230
549 4230
548 4230
547 4230
546 4229
545 4229
544 4229
543 4229
542 4229
541 4229
540 4229
539 4229
538 4229
537 4229
