819 2429
818 2430
817 2430
816 2431
815 2431
814 2432
813 2432
812 2433
811 2434
810 2435
809 2436
808 2436
808 2437
807 2438
806 2438
806 2439
805 2440
804 2440
804 2441
803 2442
802 2442
802 2443
801 2444
800 2445
799 2446
798 2447
798 2448
798 2449
798 2450
797 2451
797 2452
797 2453
797 2454
797 2455
797 2456
797 2457
797 2458
796 2459
796 2460
796 2461
796 2462
795 2463
795 2464
795 2465
795 2466
795 2467
795 2468
795 2469
795 2470
795 2471
795 2472
795 2473
795 2474
795 2475
795 2476
795 2477
795 2478
795 2479
795 2480
796 2481
796 2482
796 2483
796 2484
797 2485
797 2486
798 2487
798 2488
798 2489
798 2490
799 2491
800 2492
801 2493
802 2494
802 2495
803 2496
804 2497
804 2498
805 2499
806 2500
806 2501
806 2502
807 2503
808 2504
808 2505
808 2506
809 2507
810 2508
811 2509
812 2510
812 2511
813 2511
814 2512
814 2513
815 2513
816 2514
816 2515
817 2515
818 2516
818 2517
819 2518
820 2519
820 2520
821 2521
822 2522
823 2523
823 2524
824 2525
824 2526
825 2527
826 2528
827 2529
827 2530
828 2531
828 2532
829 2533
830 2534
830 2535
830 2536
831 2537
832 2538
833 2539
834 2540
834 2541
835 2542
836 2543
836 2544
837 2545
837 2546
838 2547
838 2548
839 2549
839 2550
840 2551
840 2552
841 2553
842 2554
843 2555
844 2556
844 2557
845 2557
846 2558
846 2559
847 2559
848 2560
848 2561
849 2562
850 2563
850 2564
851 2565
851 2566
852 2567
852 2568
853 2569
854 2570
854 2571
855 2571
856 2572
856 2573
857 2573
858 2574
858 2575
859 2575
860 2576
860 2577
861 2577
862 2578
862 2579
863 2580
864 2581
864 2582
865 2583
866 2584
866 2585
866 2586
867 2587
868 2588
869 2589
870 2590
870 2591
871 2591
872 2592
872 2593
873 2593
874 2594
874 2595
875 2595
876 2596
877 2597
878 2598
879 2599
880 2599
881 2600
882 2601
883 2601
884 2602
885 2603
886 2603
887 2604
888 2604
889 2604
890 2604
891 2604
892 2604
893 2605
894 2605
895 2605
896 2605
897 2606
898 2606
899 2607
900 2607
901 2608
902 2609
903 2609
904 2610
904 2611
905 2611
906 2612
907 2613
908 2614
909 2615
910 2615
911 2616
912 2616
913 2617
914 2618
915 2619
916 2619
917 2619
918 2620
919 2621
920 2621
921 2622
922 2622
923 2623
924 2624
925 2625
926 2625
927 2626
928 2627
929 2627
930 2628
930 2629
931 2629
932 2630
933 2631
934 2631
935 2632
936 2632
937 2632
938 2632
939 2632
940 2632
941 2632
942 2632
943 2632
944 2632
945 2633
946 2633
947 2633
948 2633
949 2634
950 2634
951 2635
952 2635
953 2636
954 2636
955 2637
956 2637
957 2638
958 2638
959 2638
960 2638
961 2638
962 2638
963 2638
964 2638
965 2638
966 2638
967 2638
968 2638
969 2638
970 2638
971 2638
972 2638
973 2638
974 2638
975 2638
976 2638
977 2638
978 2638
979 2638
980 2638
981 2638
982 2638
983 2638
984 2638
985 2638
986 2638
987 2637
988 2637
989 2637
990 2637
991 2636
992 2636
993 2636
994 2636
995 2635
996 2635
997 2635
998 2635
999 2634
1000 2633
1001 2633
1002 2633
1003 2632
1004 2632
1005 2632
1006 2632
1007 2632
1008 2632
1009 2632
1010 2632
1011 2632
1012 2632
1013 2632
1014 2632
1015 2632
1016 2632
1017 2631
1018 2631
1019 2631
1020 2631
1021 2630
1022 2630
1023 2629
1024 2629
1025 2629
1026 2629
1027 2628
1028 2628
1029 2628
1030 2628
1031 2628
1032 2628
1033 2628
1034 2628
1035 2628
1036 2628
1037 2628
1038 2628
1039 2628
1040 2628
1041 2628
1042 2628
1043 2628
1044 2628
1045 2628
1046 2628
1047 2628
1048 2628
1049 2628
1050 2628
1051 2628
1052 2628
1053 2627
1054 2627
1055 2627
1056 2627
1057 2626
1058 2626
1059 2626
1060 2626
1061 2626
1062 2626
1063 2626
1064 2626
1065 2625
1066 2625
1067 2625
1068 2625
1069 2624
1070 2624
1071 2624
1072 2624
1073 2624
1074 2624
1075 2624
1076 2624
1077 2624
1078 2624
1079 2624
1080 2624
1081 2624
1082 2624
1083 2624
1084 2624
1085 2623
1086 2623
1087 2623
1088 2623
1089 2622
1090 2622
1091 2622
1092 2622
1093 2622
1094 2622
1095 2622
1096 2622
1097 2622
1098 2622
1099 2622
1100 2622
1101 2622
1102 2622
1103 2621
1104 2621
1105 2621
1106 2621
1107 2620
1108 2620
1109 2620
1110 2620
1111 2620
1112 2620
1113 2620
1114 2620
1115 2620
1116 2620
1117 2620
1118 2620
1119 2620
1120 2620
1121 2620
1122 2620
1123 2620
1124 2620
1125 2620
1126 2620
1127 2620
1128 2620
1129 2620
1130 2620
1131 2620
1132 2620
1133 2620
1134 2620
1135 2620
1136 2620
1137 2620
1138 2620
1139 2620
1140 2620
1141 2620
1142 2620
1143 2620
1144 2620
1145 2619
1146 2619
1147 2619
1148 2619
1149 2618
1150 2618
1151 2618
1152 2618
1153 2618
1154 2618
1155 2618
1156 2618
1157 2617
1158 2617
1159 2617
1160 2617
1161 2616
1162 2616
1163 2616
1164 2616
1165 2616
1166 2616
1167 2616
1168 2616
1169 2616
1170 2616
1171 2616
1172 2616
1173 2616
1174 2616
1175 2616
1176 2616
1177 2616
1178 2616
1179 2616
1180 2616
1181 2616
1182 2616
1183 2616
1184 2616
1185 2616
1186 2616
1187 2615
1188 2615
1189 2615
1190 2615
1191 2614
1192 2614
1193 2614
1194 2614
1195 2614
1196 2614
1197 2614
1198 2614
1199 2614
1200 2614
1201 2614
1202 2614
1203 2614
1204 2614
1205 2614
1206 2614
1207 2614
1208 2614
1209 2614
1210 2614
1211 2614
1212 2614
1213 2614
1214 2614
1215 2614
1216 2614
1217 2614
1218 2614
1219 2614
1220 2614
1221 2614
1222 2614
1223 2614
1224 2614
1225 2614
1226 2614
1227 2614
1228 2614
1229 2614
1230 2614
1231 2614
1232 2614
1233 2614
1234 2614
1235 2614
1236 2614
1237 2614
1238 2614
1239 2614
1240 2614
1241 2614
1242 2614
1243 2614
1244 2614
1245 2614
1246 2614
1247 2614
1248 2614
1249 2614
1250 2614
1251 2614
1252 2614
1253 2614
1254 2614
1255 2614
1256 2614
1257 2614
1258 2614
1259 2614
1260 2614
1261 2614
1262 2614
1263 2614
1264 2614
1265 2614
1266 2614
1267 2614
1268 2614
1269 2614
1270 2614
1271 2613
1272 2613
1273 2613
1274 2613
1275 2612
1276 2612
1277 2612
1278 2612
1279 2613
1280 2613
1281 2613
1282 2613
1283 2614
1284 2614
1285 2614
1286 2614
1287 2614
1288 2614
1289 2614
1290 2614
1291 2614
1292 2614
1293 2614
1294 2614
1295 2614
1296 2614
1297 2614
1298 2614
1299 2614
1300 2614
1301 2614
1302 2614
1303 2614
1304 2614
1305 2614
1306 2614
1307 2614
1308 2614
1309 2614
1310 2614
1311 2614
1312 2614
1313 2614
1314 2614
1315 2614
1316 2614
1317 2614
1318 2614
1319 2614
1320 2614
1321 2614
1322 2614
1323 2614
1324 2614
1325 2614
1326 2614
1327 2614
1328 2614
1329 2614
1330 2614
1331 2614
1332 2614
1333 2614
1334 2614
1335 2614
1336 2614
1337 2614
1338 2614
1339 2614
1340 2614
1341 2614
1342 2614
1343 2614
1344 2614
1345 2614
1346 2614
1347 2614
1348 2614
1349 2614
1350 2614
1351 2614
1352 2614
1353 2614
1354 2614
1355 2614
1356 2614
1357 2614
1358 2614
1359 2614
1360 2614
1361 2614
1362 2614
1363 2614
1364 2614
1365 2614
1366 2614
1367 2613
1368 2613
1369 2613
1370 2613
1371 2612
1372 2612
1373 2612
1374 2612
1375 2612
1376 2612
1377 2612
1378 2612
1379 2612
1380 2612
1381 2612
1382 2612
1383 2612
1384 2612
1385 2612
1386 2612
1387 2611
1388 2611
1389 2611
1390 2611
1391 2610
1392 2610
1393 2610
1394 2610
1395 2609
1396 2609
1397 2609
1398 2609
1399 2608
1400 2608
1401 2608
1402 2608
1403 2608
1404 2608
1405 2607
1406 2607
1407 2607
1408 2607
1409 2606
1410 2605
1411 2605
1412 2605
1413 2604
1414 2603
1415 2602
1416 2601
1417 2600
1418 2599
1419 2598
1419 2597
1419 2596
1420 2595
1421 2594
1421 2593
1421 2592
1421 2591
1422 2590
1422 2589
1423 2588
1423 2587
1424 2586
1425 2585
1425 2584
1426 2583
1427 2583
1427 2582
1428 2581
1429 2580
1430 2579
1431 2578
1431 2577
1431 2576
1432 2575
1433 2574
1433 2573
1433 2572
1434 2571
1435 2570
1435 2569
1435 2568
1435 2567
1436 2566
1436 2565
1436 2564
1436 2563
1436 2562
1436 2561
1436 2560
1436 2559
1436 2558
1436 2557
1436 2556
1436 2555
1436 2554
1436 2553
1436 2552
1436 2551
1435 2550
1435 2549
1435 2548
1435 2547
1434 2546
1433 2545
1432 2544
1432 2543
1431 2542
1431 2541
1430 2540
1429 2539
1428 2538
1427 2537
1427 2536
1426 2536
1425 2535
1425 2534
1424 2534
1423 2533
1423 2532
1422 2532
1421 2531
1421 2530
1420 2530
1419 2529
1419 2528
1418 2528
1417 2527
1417 2526
1416 2526
1415 2525
1415 2524
1414 2524
1413 2523
1413 2522
1412 2522
1411 2521
1410 2520
1409 2519
1408 2518
1407 2518
1406 2518
1405 2518
1404 2517
1403 2517
1402 2516
1401 2516
1400 2516
1399 2515
1398 2514
1397 2514
1396 2514
1395 2513
1394 2512
1393 2512
1392 2512
1391 2512
1390 2511
1389 2511
1388 2510
1387 2510
1386 2510
1385 2510
1384 2509
1383 2509
1382 2508
1381 2508
1380 2508
1379 2508
1378 2507
1377 2507
1376 2507
1375 2507
1374 2507
1373 2507
1372 2507
1371 2507
1370 2507
1369 2507
1368 2506
1367 2506
1366 2505
1365 2505
1364 2504
1363 2504
1362 2503
1361 2503
1360 2503
1359 2503
1358 2503
1357 2503
1356 2502
1355 2502
1354 2502
1353 2502
1352 2501
1351 2501
1350 2501
1349 2501
1348 2501
1347 2501
1346 2501
1345 2501
1344 2501
1343 2501
1342 2501
1341 2501
1340 2501
1339 2501
1338 2501
1337 2501
1336 2501
1335 2501
1334 2501
1333 2501
1332 2501
1331 2501
1330 2501
1329 2501
1328 2501
1327 2501
1326 2501
1325 2501
1324 2501
1323 2501
1322 2501
1321 2501
1320 2501
1319 2501
1318 2501
1317 2501
1316 2501
1315 2501
1314 2501
1313 2501
1312 2501
1311 2501
1310 2501
1309 2501
1308 2501
1307 2501
1306 2501
1305 2501
1304 2500
1303 2500
1302 2500
1301 2500
1300 2499
1299 2499
1298 2500
1297 2500
1296 2500
1295 2500
1294 2501
1293 2501
1292 2501
1291 2501
1290 2501
1289 2501
1288 2501
1287 2501
1286 2501
1285 2501
1284 2501
1283 2501
1282 2500
1281 2500
1280 2500
1279 2500
1278 2499
1277 2499
1276 2499
1275 2499
1274 2499
1273 2499
1272 2499
1271 2499
1270 2499
1269 2499
1268 2499
1267 2499
1266 2499
1265 2499
1264 2499
1263 2499
1262 2499
1261 2499
1260 2499
1259 2499
1258 2498
1257 2498
1256 2498
1255 2498
1254 2497
1253 2497
1252 2497
1251 2497
1250 2497
1249 2497
1248 2497
1247 2497
1246 2497
1245 2497
1244 2497
1243 2497
1242 2497
1241 2497
1240 2497
1239 2497
1238 2497
1237 2497
1236 2497
1235 2497
1234 2497
1233 2497
1232 2497
1231 2497
1230 2497
1229 2497
1228 2497
1227 2497
1226 2497
1225 2497
1224 2497
1223 2497
1222 2497
1221 2497
1220 2497
1219 2497
1218 2497
1217 2497
1216 2497
1215 2497
1214 2497
1213 2497
1212 2497
1211 2497
1210 2497
1209 2497
1208 2497
1207 2497
1206 2497
1205 2497
1204 2497
1203 2497
1202 2497
1201 2497
1200 2497
1199 2497
1198 2497
1197 2497
1196 2497
1195 2497
1194 2497
1193 2497
1192 2497
1191 2497
1190 2497
1189 2497
1188 2497
1187 2497
1186 2497
1185 2497
1184 2497
1183 2497
1182 2497
1181 2497
1180 2497
1179 2497
1178 2497
1177 2497
1176 2497
1175 2497
1174 2497
1173 2497
1172 2496
1171 2496
1170 2496
1169 2496
1168 2495
1167 2495
1166 2495
1165 2495
1164 2494
1163 2494
1162 2494
1161 2494
1160 2493
1159 2493
1158 2493
1157 2493
1156 2493
1155 2493
1154 2493
1153 2493
1152 2493
1151 2493
1150 2493
1149 2493
1148 2493
1147 2493
1146 2492
1145 2492
1144 2492
1143 2492
1142 2491
1141 2491
1140 2491
1139 2491
1138 2491
1137 2491
1136 2491
1135 2491
1134 2491
1133 2491
1132 2491
1131 2491
1130 2491
1129 2491
1128 2491
1127 2491
1126 2491
1125 2491
1124 2491
1123 2491
1122 2491
1121 2491
1120 2492
1119 2492
1118 2492
1117 2492
1116 2493
1115 2493
1114 2493
1113 2493
1112 2493
1111 2493
1110 2493
1109 2493
1108 2493
1107 2493
1106 2493
1105 2493
1104 2493
1103 2493
1102 2493
1101 2493
1100 2492
1099 2492
1098 2492
1097 2492
1096 2491
1095 2491
1094 2490
1093 2490
1092 2490
1091 2490
1090 2489
1089 2489
1088 2489
1087 2489
1086 2489
1085 2489
1084 2489
1083 2489
1082 2489
1081 2489
1080 2489
1079 2489
1078 2489
1077 2489
1076 2489
1075 2489
1074 2489
1073 2489
1072 2489
1071 2489
1070 2488
1069 2488
1068 2487
1067 2487
1066 2486
1065 2486
1064 2485
1063 2485
1062 2485
1061 2485
1060 2485
1059 2485
1058 2485
1057 2485
1056 2484
1055 2484
1054 2484
1053 2484
1052 2483
1051 2483
1050 2483
1049 2483
1048 2483
1047 2483
1046 2483
1045 2483
1044 2482
1043 2482
1042 2482
1041 2482
1040 2481
1039 2481
1038 2481
1037 2481
1036 2481
1035 2481
1034 2481
1033 2481
1032 2482
1031 2482
1030 2482
1029 2482
1028 2483
1027 2483
1026 2483
1025 2483
1024 2483
1023 2483
1022 2483
1021 2483
1020 2483
1019 2483
1018 2483
1017 2483
1016 2483
1015 2483
1014 2483
1013 2483
1012 2482
1011 2482
1010 2482
1009 2482
1008 2481
1007 2481
1006 2481
1005 2481
1004 2480
1003 2480
1002 2480
1001 2480
1000 2479
999 2479
998 2479
997 2479
996 2478
995 2478
994 2478
993 2478
992 2477
991 2477
990 2477
989 2477
988 2477
987 2477
986 2476
985 2476
984 2476
983 2476
982 2475
981 2475
980 2475
979 2475
978 2475
977 2475
976 2475
975 2475
974 2474
973 2474
972 2474
971 2474
970 2473
969 2473
968 2473
967 2473
966 2473
965 2473
964 2473
963 2473
962 2472
961 2472
960 2472
959 2472
958 2471
957 2471
956 2471
955 2471
954 2470
953 2470
952 2470
951 2470
950 2469
949 2469
948 2468
947 2468
946 2468
945 2468
944 2467
943 2467
942 2467
941 2467
940 2467
939 2467
938 2466
937 2466
936 2466
935 2466
934 2465
933 2465
932 2465
931 2465
930 2465
929 2465
928 2464
927 2464
926 2464
925 2464
924 2463
923 2463
922 2462
921 2462
920 2462
919 2462
918 2461
917 2461
916 2460
915 2460
914 2460
913 2460
912 2459
911 2459
910 2459
909 2459
908 2459
907 2459
906 2459
905 2459
904 2459
903 2459
902 2458
901 2458
900 2458
899 2458
898 2457
897 2457
896 2457
895 2457
894 2456
893 2456
892 2456
891 2455
890 2454
889 2454
888 2453
887 2453
886 2452
885 2451
884 2450
883 2450
882 2449
881 2448
880 2448
879 2447
878 2446
877 2446
876 2445
875 2445
874 2444
873 2444
872 2443
871 2443
870 2442
869 2442
868 2441
867 2441
866 2441
865 2441
864 2440
863 2440
862 2439
861 2439
860 2438
859 2437
858 2436
857 2436
856 2436
855 2436
854 2435
853 2435
852 2434
851 2434
850 2434
849 2434
848 2433
847 2433
846 2432
845 2432
844 2432
843 2432
842 2431
841 2431
840 2431
839 2431
838 2430
837 2430
836 2430
835 2430
834 2429
833 2429
832 2429
831 2429
830 2429
829 2429
828 2429
827 2429
826 2429
825 2429
824 2429
823 2429
822 2429
821 2429
820 2429
819 2429
