533 1531
532 1532
531 1532
530 1532
529 1532
528 1533
527 1533
526 1533
525 1533
524 1533
523 1533
522 1533
521 1533
520 1533
519 1533
518 1533
517 1533
516 1533
515 1533
514 1533
513 1533
512 1534
511 1534
510 1534
509 1534
508 1535
507 1535
506 1535
505 1535
504 1536
503 1536
502 1536
501 1536
500 1537
499 1537
498 1537
497 1537
496 1537
495 1537
494 1537
493 1537
492 1538
491 1538
490 1538
489 1538
488 1539
487 1539
486 1539
485 1539
484 1540
483 1540
482 1540
481 1540
480 1541
479 1542
478 1542
477 1542
476 1543
475 1543
474 1544
473 1544
472 1544
471 1544
470 1545
469 1546
468 1547
467 1547
466 1548
465 1548
464 1549
463 1549
462 1549
461 1549
460 1549
459 1549
458 1550
457 1550
456 1550
455 1550
454 1551
453 1552
452 1552
451 1552
450 1553
449 1553
448 1553
447 1553
446 1553
445 1553
444 1553
443 1553
442 1553
441 1553
440 1553
439 1553
438 1554
437 1554
436 1555
435 1556
434 1556
434 1557
433 1558
432 1559
432 1560
431 1561
431 1562
431 1563
431 1564
430 1565
430 1566
430 1567
429 1568
428 1569
428 1570
428 1571
428 1572
427 1573
427 1574
427 1575
427 1576
427 1577
427 1578
427 1579
427 1580
428 1581
428 1582
428 1583
428 1584
429 1585
429 1586
430 1587
430 1588
430 1589
430 1590
431 1591
431 1592
431 1593
431 1594
431 1595
431 1596
432 1597
432 1598
432 1599
432 1600
433 1601
433 1602
433 1603
433 1604
433 1605
433 1606
434 1607
434 1608
434 1609
434 1610
435 1611
436 1612
437 1613
437 1614
438 1615
438 1616
439 1617
439 1618
440 1619
440 1620
440 1621
440 1622
441 1623
441 1624
441 1625
441 1626
441 1627
441 1628
442 1629
442 1630
442 1631
442 1632
443 1633
443 1634
443 1635
443 1636
443 1637
443 1638
443 1639
443 1640
443 1641
443 1642
443 1643
443 1644
443 1645
443 1646
443 1647
443 1648
443 1649
443 1650
442 1651
442 1652
442 1653
442 1654
441 1655
441 1656
441 1657
441 1658
440 1659
440 1660
440 1661
440 1662
439 1663
439 1664
439 1665
439 1666
439 1667
439 1668
439 1669
439 1670
439 1671
439 1672
440 1672
441 1672
442 1672
443 1672
444 1672
445 1672
446 1672
447 1671
448 1671
449 1671
450 1671
451 1670
452 1669
453 1669
454 1669
455 1668
456 1668
457 1668
458 1668
459 1668
460 1668
461 1668
462 1668
463 1668
464 1668
465 1668
466 1668
467 1669
468 1669
469 1670
470 1671
471 1671
472 1672
472 1673
473 1673
474 1674
474 1675
475 1675
476 1676
476 1677
477 1677
478 1678
478 1679
479 1679
480 1680
480 1681
481 1682
482 1683
482 1684
483 1685
484 1686
485 1687
485 1688
486 1689
486 1690
487 1691
487 1692
487 1693
487 1694
488 1695
488 1696
489 1697
490 1698
491 1699
492 1699
493 1700
494 1700
495 1700
496 1700
497 1700
498 1700
499 1700
500 1700
501 1700
502 1700
503 1700
504 1700
505 1700
506 1700
507 1700
508 1700
509 1700
510 1700
511 1700
512 1700
513 1700
514 1700
515 1699
516 1699
517 1699
518 1699
519 1698
520 1698
521 1698
522 1698
523 1698
524 1698
525 1698
526 1698
527 1698
528 1698
529 1698
530 1698
531 1698
532 1698
533 1698
534 1698
535 1698
536 1698
537 1698
538 1698
539 1698
540 1698
541 1698
542 1698
543 1698
544 1698
545 1698
546 1698
547 1698
548 1698
549 1698
550 1698
551 1698
552 1698
553 1698
554 1698
555 1698
556 1698
557 1698
558 1698
559 1698
560 1698
561 1699
562 1699
563 1699
564 1699
565 1700
566 1700
567 1700
568 1700
569 1700
570 1700
571 1700
572 1700
573 1700
574 1700
575 1701
576 1701
577 1701
578 1701
579 1702
580 1702
581 1702
582 1702
583 1702
584 1702
585 1702
586 1702
587 1702
588 1702
589 1703
590 1703
591 1703
592 1703
593 1704
594 1704
595 1705
596 1705
597 1705
598 1705
599 1706
600 1706
601 1706
602 1706
603 1707
604 1707
605 1707
606 1708
607 1709
608 1709
609 1709
610 1709
611 1710
612 1710
613 1711
614 1711
615 1711
616 1711
617 1712
618 1712
619 1712
620 1712
621 1712
622 1712
623 1712
624 1712
625 1712
626 1712
627 1711
628 1711
629 1711
630 1711
631 1710
632 1710
633 1710
634 1710
635 1710
636 1710
637 1709
638 1709
639 1708
640 1707
641 1706
642 1705
643 1704
643 1703
644 1702
645 1701
646 1701
647 1700
648 1700
649 1700
650 1700
651 1700
652 1700
653 1700
654 1700
655 1700
656 1700
657 1701
658 1701
659 1701
660 1701
661 1702
662 1702
663 1702
664 1702
665 1702
666 1702
667 1701
668 1701
669 1701
670 1701
671 1700
672 1700
673 1699
674 1699
675 1699
676 1699
677 1698
678 1697
679 1697
680 1697
681 1696
682 1695
683 1695
684 1695
685 1694
686 1693
687 1692
688 1691
689 1691
690 1690
691 1689
692 1689
693 1688
694 1688
695 1687
696 1687
697 1686
698 1685
699 1685
700 1684
701 1683
702 1683
703 1682
704 1681
705 1680
706 1680
707 1679
708 1679
709 1678
710 1678
711 1678
712 1678
713 1678
714 1678
715 1677
716 1677
717 1676
718 1676
719 1675
720 1675
721 1674
722 1674
723 1674
724 1674
725 1673
726 1673
727 1672
728 1671
729 1670
729 1669
730 1668
730 1667
731 1666
731 1665
731 1664
731 1663
732 1662
732 1661
733 1660
733 1659
733 1658
733 1657
734 1656
734 1655
734 1654
734 1653
735 1652
735 1651
735 1650
736 1649
737 1648
737 1647
737 1646
738 1645
739 1644
739 1643
739 1642
739 1641
740 1640
740 1639
740 1638
740 1637
740 1636
740 1635
740 1634
740 1633
740 1632
740 1631
740 1630
740 1629
740 1628
740 1627
739 1626
739 1625
739 1624
739 1623
738 1622
738 1621
738 1620
738 1619
738 1618
738 1617
738 1616
738 1615
738 1614
738 1613
738 1612
738 1611
738 1610
738 1609
738 1608
738 1607
737 1606
737 1605
737 1604
737 1603
736 1602
736 1601
736 1600
736 1599
736 1598
736 1597
736 1596
736 1595
736 1594
736 1593
735 1592
735 1591
735 1590
735 1589
734 1588
734 1587
734 1586
734 1585
734 1584
734 1583
733 1582
733 1581
733 1580
733 1579
732 1578
732 1577
732 1576
732 1575
731 1574
731 1573
731 1572
731 1571
730 1570
729 1569
729 1568
729 1567
728 1566
727 1565
726 1564
726 1563
725 1562
725 1561
724 1560
724 1559
724 1558
724 1557
724 1556
724 1555
723 1554
723 1553
722 1552
721 1551
721 1550
720 1550
719 1549
719 1548
718 1548
717 1547
717 1546
716 1546
715 1545
715 1544
714 1544
713 1543
713 1542
712 1542
711 1541
710 1540
709 1540
708 1539
707 1539
706 1539
705 1539
704 1539
703 1539
702 1539
701 1539
700 1538
699 1538
698 1537
697 1537
696 1536
695 1536
694 1535
693 1535
692 1534
691 1534
690 1534
689 1534
688 1533
687 1533
686 1533
685 1533
684 1532
683 1532
682 1532
681 1532
680 1531
679 1531
678 1531
677 1531
676 1531
675 1531
674 1531
673 1531
672 1531
671 1531
670 1531
669 1531
668 1531
667 1531
666 1531
665 1531
664 1531
663 1531
662 1531
661 1531
660 1531
659 1531
658 1531
657 1531
656 1532
655 1532
654 1532
653 1532
652 1533
651 1533
650 1533
649 1533
648 1533
647 1533
646 1533
645 1533
644 1533
643 1533
642 1534
641 1534
640 1534
639 1534
638 1535
637 1535
636 1535
635 1535
634 1535
633 1535
632 1536
631 1536
630 1536
629 1536
628 1537
627 1537
626 1537
625 1537
624 1537
623 1537
622 1537
621 1537
620 1538
619 1538
618 1538
617 1538
616 1539
615 1539
614 1539
613 1539
612 1539
611 1539
610 1539
609 1539
608 1539
607 1539
606 1539
605 1539
604 1539
603 1539
602 1539
601 1539
600 1539
599 1539
598 1539
597 1539
596 1539
595 1539
594 1539
593 1539
592 1539
591 1539
590 1539
589 1539
588 1539
587 1539
586 1539
585 1539
584 1539
583 1539
582 1539
581 1539
580 1539
579 1539
578 1539
577 1539
576 1538
575 1538
574 1537
573 1537
572 1536
571 1536
570 1535
569 1535
568 1535
567 1535
566 1535
565 1535
564 1535
563 1535
562 1535
561 1535
560 1535
559 1535
558 1535
557 1535
556 1535
555 1535
554 1535
553 1535
552 1535
551 1535
550 1534
549 1534
548 1533
547 1533
546 1532
545 1532
544 1531
543 1531
542 1531
541 1531
540 1531
539 1531
538 1531
537 1531
536 1531
535 1531
534 1531
533 1531
