501 1291
500 1292
499 1292
498 1292
497 1292
496 1293
495 1293
494 1293
493 1293
492 1293
491 1293
490 1293
489 1293
488 1293
487 1293
486 1293
485 1293
484 1293
483 1293
482 1294
481 1294
480 1295
479 1295
478 1296
477 1296
476 1297
475 1297
474 1298
473 1298
472 1298
471 1298
470 1299
469 1299
468 1299
467 1299
466 1300
465 1300
464 1300
463 1300
462 1301
461 1301
460 1302
459 1302
458 1303
457 1303
456 1304
455 1304
454 1305
453 1306
452 1307
451 1308
450 1308
450 1309
449 1310
448 1310
447 1311
446 1312
445 1312
444 1313
443 1314
442 1315
441 1316
440 1316
440 1317
439 1318
438 1318
438 1319
437 1320
436 1320
435 1321
434 1322
433 1322
432 1323
431 1324
430 1325
429 1326
428 1326
427 1327
426 1328
425 1328
424 1329
423 1330
422 1331
421 1332
420 1332
420 1333
419 1334
418 1334
418 1335
417 1336
416 1336
416 1337
415 1338
414 1338
414 1339
413 1340
412 1340
412 1341
411 1342
410 1342
410 1343
409 1344
408 1344
408 1345
407 1346
406 1347
405 1348
404 1349
404 1350
404 1351
404 1352
403 1353
403 1354
403 1355
403 1356
403 1357
403 1358
403 1359
403 1360
402 1361
402 1362
401 1363
401 1364
400 1365
400 1366
399 1367
399 1368
398 1369
398 1370
397 1371
396 1372
396 1373
395 1374
394 1375
394 1376
393 1377
393 1378
393 1379
393 1380
393 1381
393 1382
393 1383
393 1384
394 1385
394 1386
395 1387
396 1388
396 1389
397 1389
398 1390
398 1391
399 1391
400 1392
400 1393
401 1393
402 1394
402 1395
403 1395
404 1396
405 1397
406 1397
407 1398
408 1398
409 1398
410 1398
411 1398
412 1398
413 1399
414 1399
415 1399
416 1400
417 1401
418 1401
419 1402
420 1403
421 1403
422 1404
422 1405
423 1405
424 1406
425 1407
426 1407
427 1408
428 1408
429 1408
430 1408
431 1408
432 1408
433 1409
434 1409
435 1410
436 1410
437 1411
438 1412
439 1413
440 1413
441 1414
442 1415
443 1415
444 1416
445 1417
446 1417
447 1418
448 1418
449 1418
450 1418
451 1418
452 1418
453 1419
454 1419
455 1420
456 1420
457 1421
458 1422
459 1423
460 1423
461 1424
462 1424
463 1425
464 1426
465 1427
466 1427
467 1428
468 1428
469 1429
470 1430
471 1431
472 1431
473 1432
474 1433
475 1433
476 1434
476 1435
477 1435
478 1436
478 1437
479 1438
480 1439
480 1440
481 1441
482 1442
483 1443
484 1444
484 1445
485 1445
486 1446
486 1447
487 1447
488 1448
489 1449
490 1449
491 1450
492 1450
493 1451
494 1451
495 1452
496 1452
497 1453
498 1453
499 1454
500 1454
501 1455
502 1455
503 1455
504 1455
505 1456
506 1456
507 1456
508 1456
509 1456
510 1456
511 1456
512 1456
513 1456
514 1456
515 1456
516 1456
517 1457
518 1457
519 1457
520 1457
521 1458
522 1458
523 1458
524 1458
525 1458
526 1458
527 1458
528 1458
529 1458
530 1458
531 1458
532 1458
533 1458
534 1458
535 1458
536 1458
537 1458
538 1458
539 1458
540 1458
541 1458
542 1458
543 1458
544 1458
545 1458
546 1458
547 1458
548 1458
549 1458
550 1458
551 1458
552 1458
553 1458
554 1458
555 1458
556 1458
557 1458
558 1458
559 1458
560 1458
561 1457
562 1457
563 1457
564 1457
565 1456
566 1456
567 1456
568 1456
569 1456
570 1456
571 1456
572 1456
573 1456
574 1456
575 1456
576 1456
577 1456
578 1456
579 1456
580 1456
581 1456
582 1456
583 1456
584 1456
585 1456
586 1456
587 1456
588 1456
589 1456
590 1456
591 1456
592 1456
593 1456
594 1456
595 1457
596 1457
597 1457
598 1457
599 1458
600 1458
601 1458
602 1458
603 1458
604 1458
605 1458
606 1458
607 1457
608 1457
609 1457
610 1457
611 1456
612 1456
613 1456
614 1456
615 1456
616 1456
617 1455
618 1455
619 1455
620 1455
621 1454
622 1454
623 1454
624 1454
625 1454
626 1454
627 1454
628 1454
629 1453
630 1453
631 1453
632 1453
633 1452
634 1451
635 1451
636 1451
637 1450
638 1450
639 1449
640 1449
641 1448
642 1448
643 1447
644 1447
645 1446
646 1446
647 1446
648 1446
649 1445
650 1445
651 1444
651 1443
652 1442
652 1441
652 1440
652 1439
652 1438
652 1437
653 1436
653 1435
654 1434
655 1433
655 1432
656 1431
657 1431
657 1430
658 1429
659 1428
659 1427
660 1426
660 1425
660 1424
660 1423
661 1422
661 1421
662 1420
663 1419
663 1418
664 1417
665 1416
665 1415
666 1414
666 1413
667 1412
667 1411
667 1410
668 1409
669 1408
669 1407
669 1406
669 1405
670 1404
670 1403
671 1402
671 1401
671 1400
672 1399
673 1398
673 1397
674 1396
674 1395
675 1394
675 1393
676 1392
676 1391
677 1390
677 1389
678 1388
679 1387
679 1386
680 1385
681 1384
682 1383
683 1382
683 1381
683 1380
683 1379
684 1378
684 1377
684 1376
684 1375
684 1374
684 1373
684 1372
684 1371
684 1370
684 1369
684 1368
684 1367
684 1366
684 1365
684 1364
684 1363
683 1362
683 1361
682 1360
681 1359
681 1358
680 1357
679 1356
679 1355
678 1354
677 1353
676 1352
675 1351
675 1350
674 1350
673 1349
673 1348
672 1348
671 1347
671 1346
670 1346
669 1345
669 1344
668 1344
667 1343
667 1342
666 1342
665 1341
664 1340
663 1339
662 1338
661 1338
660 1338
659 1337
658 1336
657 1336
656 1336
655 1335
654 1334
653 1334
652 1334
651 1333
650 1332
649 1332
648 1332
647 1332
646 1331
645 1331
644 1331
643 1331
642 1330
641 1330
640 1330
639 1329
638 1328
637 1328
636 1327
635 1326
634 1326
633 1325
633 1324
632 1324
631 1323
630 1322
629 1321
628 1320
627 1320
626 1320
625 1319
624 1318
623 1318
622 1318
621 1317
620 1316
619 1316
618 1316
617 1315
616 1314
615 1314
614 1314
613 1314
612 1313
611 1313
610 1313
609 1313
608 1313
607 1313
606 1313
605 1313
604 1313
603 1313
602 1312
601 1312
600 1311
599 1310
598 1310
597 1309
596 1308
595 1307
594 1306
593 1306
592 1306
591 1305
590 1304
589 1304
588 1303
587 1303
586 1302
585 1302
584 1301
583 1301
582 1301
581 1301
580 1301
579 1301
578 1301
577 1301
576 1300
575 1300
574 1300
573 1300
572 1299
571 1299
570 1298
569 1298
568 1298
567 1298
566 1297
565 1297
564 1297
563 1297
562 1297
561 1297
560 1297
559 1297
558 1297
557 1297
556 1297
555 1297
554 1297
553 1297
552 1297
551 1297
550 1297
549 1297
548 1297
547 1297
546 1297
545 1297
544 1296
543 1296
542 1296
541 1296
540 1295
539 1295
538 1295
537 1295
536 1295
535 1295
534 1295
533 1295
532 1295
531 1295
530 1295
529 1295
528 1294
527 1294
526 1294
525 1294
524 1293
523 1293
522 1293
521 1293
520 1293
519 1293
518 1293
517 1293
516 1293
515 1293
514 1293
513 1293
512 1292
511 1292
510 1292
509 1292
508 1291
507 1291
506 1291
505 1291
504 1291
503 1291
502 1291
501 1291
