1635 4147
1634 4148
1633 4148
1632 4148
1631 4148
1630 4149
1629 4150
1628 4150
1627 4150
1626 4151
1625 4152
1624 4152
1623 4152
1622 4153
1621 4153
1620 4152
1619 4152
1618 4152
1617 4152
1616 4151
1615 4151
1614 4151
1613 4151
1612 4151
1611 4151
1610 4151
1609 4151
1608 4151
1607 4151
1606 4151
1605 4151
1604 4151
1603 4151
1602 4152
1601 4152
1600 4152
1599 4152
1598 4153
1597 4153
1596 4153
1595 4153
1594 4153
1593 4153
1592 4154
1591 4154
1590 4155
1589 4156
1588 4156
1588 4157
1587 4158
1586 4158
1585 4159
1584 4160
1583 4160
1582 4161
1581 4162
1580 4162
1579 4162
1578 4163
1577 4163
1576 4163
1575 4163
1574 4163
1573 4163
1572 4163
1571 4163
1570 4163
1569 4163
1568 4163
1567 4163
1566 4163
1565 4163
1564 4163
1563 4163
1562 4163
1561 4163
1560 4163
1559 4163
1558 4163
1557 4163
1556 4163
1555 4163
1554 4163
1553 4163
1552 4163
1551 4163
1550 4163
1549 4163
1548 4163
1547 4163
1546 4162
1545 4162
1544 4161
1543 4160
1542 4160
1541 4159
1541 4158
1540 4158
1539 4157
1539 4156
1538 4155
1537 4154
1537 4153
1536 4152
1535 4151
1534 4150
1533 4150
1532 4149
1531 4149
1530 4149
1529 4149
1528 4149
1527 4149
1526 4149
1525 4149
1524 4149
1523 4149
1522 4149
1521 4149
1520 4149
1519 4149
1518 4150
1517 4150
1516 4150
1515 4150
1514 4151
1513 4151
1512 4151
1511 4151
1510 4151
1509 4151
1508 4152
1507 4152
1506 4152
1505 4152
1504 4153
1503 4154
1502 4154
1501 4154
1500 4155
1499 4156
1498 4156
1497 4156
1496 4157
1495 4157
1494 4158
1493 4158
1492 4158
1491 4158
1490 4159
1489 4160
1488 4160
1487 4160
1486 4161
1485 4162
1484 4162
1483 4162
1482 4163
1481 4164
1480 4165
1479 4166
1478 4166
1478 4167
1477 4168
1476 4168
1476 4169
1475 4170
1474 4170
1473 4171
1472 4172
1471 4172
1470 4173
1469 4174
1468 4175
1467 4176
1466 4176
1466 4177
1465 4178
1464 4178
1464 4179
1463 4180
1462 4180
1462 4181
1461 4182
1460 4183
1459 4184
1458 4185
1458 4186
1457 4187
1456 4188
1456 4189
1455 4190
1454 4190
1454 4191
1453 4192
1452 4193
1451 4194
1450 4195
1450 4196
1449 4197
1448 4198
1448 4199
1447 4200
1446 4200
1445 4201
1444 4202
1443 4202
1442 4203
1441 4204
1440 4204
1439 4204
1438 4205
1437 4206
1436 4206
1435 4206
1434 4207
1433 4207
1432 4208
1431 4208
1430 4209
1429 4210
1428 4211
1428 4212
1427 4213
1426 4214
1425 4214
1424 4215
1423 4216
1422 4216
1421 4216
1420 4217
1419 4218
1418 4218
1417 4218
1416 4219
1415 4220
1414 4220
1413 4220
1412 4221
1411 4222
1410 4222
1409 4222
1408 4223
1407 4224
1406 4224
1405 4224
1404 4225
1403 4225
1402 4226
1401 4226
1400 4226
1399 4226
1398 4227
1397 4227
1396 4228
1395 4228
1394 4229
1393 4230
1392 4230
1391 4231
1390 4232
1389 4232
1388 4233
1387 4233
1386 4234
1385 4234
1384 4234
1383 4234
1382 4235
1381 4236
1380 4236
1379 4236
1378 4237
1377 4237
1376 4238
1375 4238
1374 4239
1373 4240
1372 4240
1371 4241
1370 4242
1369 4242
1368 4243
1367 4243
1366 4244
1365 4244
1364 4244
1363 4244
1362 4245
1361 4245
1360 4246
1359 4246
1358 4246
1357 4246
1356 4247
1355 4248
1354 4249
1353 4250
1352 4251
1352 4252
1351 4253
1351 4254
1351 4255
1351 4256
1351 4257
1351 4258
1351 4259
1351 4260
1351 4261
1351 4262
1351 4263
1351 4264
1351 4265
1351 4266
1352 4267
1352 4268
1352 4269
1352 4270
1353 4271
1353 4272
1353 4273
1353 4274
1353 4275
1353 4276
1354 4277
1354 4278
1355 4279
1356 4280
1356 4281
1357 4281
1358 4282
1358 4283
1359 4283
1360 4284
1360 4285
1361 4285
1362 4286
1362 4287
1363 4287
1364 4288
1365 4289
1366 4290
1367 4291
1368 4291
1369 4292
1370 4293
1371 4293
1372 4294
1373 4295
1374 4295
1375 4296
1376 4296
1377 4296
1378 4296
1379 4297
1380 4297
1381 4298
1382 4299
1383 4299
1384 4300
1384 4301
1385 4301
1386 4302
1386 4303
1387 4303
1388 4304
1389 4305
1390 4305
1391 4306
1392 4306
1393 4306
1394 4306
1395 4306
1396 4306
1397 4306
1398 4306
1399 4306
1400 4306
1401 4306
1402 4306
1403 4306
1404 4306
1405 4306
1406 4306
1407 4307
1408 4307
1409 4307
1410 4307
1411 4308
1412 4308
1413 4308
1414 4308
1415 4308
1416 4308
1417 4308
1418 4308
1419 4309
1420 4309
1421 4309
1422 4310
1423 4311
1424 4311
1425 4311
1426 4312
1427 4313
1428 4313
1429 4313
1430 4313
1431 4314
1432 4314
1433 4314
1434 4314
1435 4314
1436 4314
1437 4314
1438 4314
1439 4314
1440 4314
1441 4314
1442 4314
1443 4315
1444 4315
1445 4315
1446 4315
1447 4316
1448 4316
1449 4317
1450 4317
1451 4317
1452 4317
1453 4318
1454 4318
1455 4318
1456 4318
1457 4318
1458 4318
1459 4319
1460 4319
1461 4319
1462 4319
1463 4320
1464 4320
1465 4320
1466 4320
1467 4320
1468 4320
1469 4320
1470 4320
1471 4321
1472 4321
1473 4322
1474 4323
1475 4323
1476 4324
1477 4325
1478 4325
1479 4326
1480 4326
1481 4326
1482 4326
1483 4327
1484 4327
1485 4327
1486 4327
1487 4328
1488 4328
1489 4328
1490 4328
1491 4328
1492 4328
1493 4328
1494 4328
1495 4328
1496 4328
1497 4329
1498 4329
1499 4329
1500 4329
1501 4330
1502 4330
1503 4330
1504 4330
1505 4330
1506 4330
1507 4330
1508 4330
1509 4330
1510 4330
1511 4331
1512 4331
1513 4332
1514 4332
1515 4333
1516 4333
1517 4334
1518 4334
1519 4334
1520 4334
1521 4335
1522 4335
1523 4335
1524 4335
1525 4336
1526 4336
1527 4336
1528 4336
1529 4336
1530 4336
1531 4336
1532 4336
1533 4337
1534 4337
1535 4337
1536 4337
1537 4338
1538 4338
1539 4338
1540 4338
1541 4338
1542 4338
1543 4338
1544 4338
1545 4338
1546 4338
1547 4339
1548 4339
1549 4339
1550 4339
1551 4340
1552 4340
1553 4340
1554 4340
1555 4340
1556 4340
1557 4340
1558 4340
1559 4340
1560 4340
1561 4341
1562 4341
1563 4341
1564 4341
1565 4342
1566 4342
1567 4342
1568 4342
1569 4342
1570 4342
1571 4343
1572 4343
1573 4343
1574 4343
1575 4344
1576 4344
1577 4344
1578 4344
1579 4344
1580 4344
1581 4344
1582 4344
1583 4344
1584 4344
1585 4344
1586 4344
1587 4344
1588 4344
1589 4345
1590 4345
1591 4346
1592 4346
1593 4347
1594 4347
1595 4348
1596 4348
1597 4348
1598 4348
1599 4349
1600 4349
1601 4349
1602 4350
1603 4351
1604 4351
1605 4351
1606 4351
1607 4352
1608 4352
1609 4352
1610 4352
1611 4353
1612 4353
1613 4353
1614 4353
1615 4354
1616 4354
1617 4354
1618 4354
1619 4355
1620 4355
1621 4355
1622 4355
1623 4356
1624 4356
1625 4357
1626 4357
1627 4357
1628 4357
1629 4358
1630 4358
1631 4358
1632 4358
1633 4358
1634 4358
1635 4358
1636 4358
1637 4358
1638 4358
1639 4358
1640 4358
1641 4358
1642 4358
1643 4358
1644 4358
1645 4358
1646 4358
1647 4358
1648 4358
1649 4358
1650 4358
1651 4358
1652 4358
1653 4358
1654 4358
1655 4359
1656 4359
1657 4359
1658 4359
1659 4360
1660 4360
1661 4360
1662 4360
1663 4360
1664 4360
1665 4360
1666 4360
1667 4360
1668 4360
1669 4360
1670 4360
1671 4360
1672 4360
1673 4360
1674 4360
1675 4361
1676 4361
1677 4361
1678 4361
1679 4362
1680 4362
1681 4362
1682 4362
1683 4362
1684 4362
1685 4362
1686 4362
1687 4362
1688 4362
1689 4362
1690 4362
1691 4362
1692 4362
1693 4362
1694 4362
1695 4362
1696 4362
1697 4362
1698 4362
1699 4362
1700 4362
1701 4362
1702 4362
1703 4362
1704 4362
1705 4362
1706 4362
1707 4362
1708 4362
1709 4362
1710 4362
1711 4362
1712 4362
1713 4362
1714 4362
1715 4362
1716 4362
1717 4362
1718 4362
1719 4362
1720 4362
1721 4362
1722 4362
1723 4362
1724 4362
1725 4362
1726 4362
1727 4362
1728 4362
1729 4362
1730 4362
1731 4362
1732 4362
1733 4362
1734 4362
1735 4361
1736 4361
1737 4361
1738 4361
1739 4360
1740 4360
1741 4360
1742 4360
1743 4360
1744 4360
1745 4360
1746 4360
1747 4359
1748 4359
1749 4358
1750 4358
1751 4357
1752 4357
1753 4356
1754 4356
1755 4356
1756 4356
1757 4356
1758 4356
1759 4356
1760 4356
1761 4355
1762 4355
1763 4354
1764 4353
1765 4352
1765 4351
1766 4350
1766 4349
1766 4348
1766 4347
1766 4346
1766 4345
1766 4344
1766 4343
1766 4342
1766 4341
1766 4340
1766 4339
1766 4338
1766 4337
1767 4336
1767 4335
1767 4334
1768 4333
1769 4332
1769 4331
1770 4330
1771 4329
1771 4328
1772 4327
1773 4327
1773 4326
1774 4325
1775 4325
1775 4324
1776 4323
1777 4323
1777 4322
1778 4321
1779 4321
1779 4320
1780 4319
1781 4319
1781 4318
1782 4317
1783 4317
1783 4316
1784 4315
1785 4315
1785 4314
1786 4313
1787 4313
1787 4312
1788 4311
1789 4311
1789 4310
1790 4309
1791 4309
1791 4308
1792 4307
1793 4307
1794 4306
1795 4305
1796 4305
1797 4304
1798 4303
1799 4303
1800 4303
1801 4302
1802 4301
1803 4300
1804 4299
1805 4299
1805 4298
1806 4297
1807 4297
1807 4296
1808 4295
1809 4294
1809 4293
1810 4292
1810 4291
1810 4290
1810 4289
1810 4288
1810 4287
1810 4286
1810 4285
1810 4284
1810 4283
1809 4282
1809 4281
1809 4280
1809 4279
1808 4278
1808 4277
1808 4276
1808 4275
1807 4274
1807 4273
1807 4272
1807 4271
1806 4270
1806 4269
1806 4268
1806 4267
1806 4266
1806 4265
1805 4264
1805 4263
1805 4262
1805 4261
1804 4260
1804 4259
1805 4258
1805 4257
1806 4256
1807 4255
1808 4255
1809 4254
1810 4253
1811 4252
1812 4251
1813 4250
1813 4249
1814 4248
1814 4247
1814 4246
1814 4245
1814 4244
1814 4243
1813 4242
1813 4241
1812 4240
1811 4239
1811 4238
1810 4238
1809 4237
1809 4236
1808 4236
1807 4235
1807 4234
1806 4234
1805 4233
1805 4232
1804 4231
1803 4230
1803 4229
1802 4228
1801 4227
1801 4226
1801 4225
1800 4224
1799 4223
1799 4222
1799 4221
1798 4220
1797 4219
1796 4218
1796 4217
1795 4216
1795 4215
1794 4214
1794 4213
1794 4212
1794 4211
1794 4210
1794 4209
1793 4208
1793 4207
1792 4206
1792 4205
1791 4204
1791 4203
1790 4202
1790 4201
1789 4200
1789 4199
1788 4198
1787 4197
1787 4196
1786 4196
1785 4195
1785 4194
1784 4193
1783 4192
1783 4191
1782 4190
1781 4189
1780 4188
1779 4187
1778 4186
1777 4185
1776 4184
1775 4184
1774 4184
1773 4183
1772 4182
1771 4182
1770 4181
1769 4180
1768 4180
1767 4179
1767 4178
1766 4178
1765 4177
1765 4176
1764 4176
1763 4175
1763 4174
1762 4174
1761 4173
1761 4172
1760 4172
1759 4171
1759 4170
1758 4170
1757 4169
1757 4168
1756 4168
1755 4167
1755 4166
1754 4166
1753 4165
1753 4164
1752 4164
1751 4163
1751 4162
1750 4162
1749 4161
1748 4160
1747 4160
1746 4159
1745 4159
1744 4158
1743 4158
1742 4158
1741 4157
1740 4156
1739 4156
1738 4156
1737 4156
1736 4155
1735 4155
1734 4155
1733 4155
1732 4155
1731 4155
1730 4155
1729 4155
1728 4155
1727 4155
1726 4155
1725 4155
1724 4155
1723 4155
1722 4154
1721 4154
1720 4154
1719 4154
1718 4153
1717 4153
1716 4153
1715 4153
1714 4153
1713 4153
1712 4153
1711 4153
1710 4154
1709 4154
1708 4154
1707 4154
1706 4154
1705 4154
1704 4154
1703 4154
1702 4153
1701 4153
1700 4153
1699 4153
1698 4153
1697 4153
1696 4153
1695 4153
1694 4153
1693 4153
1692 4153
1691 4153
1690 4153
1689 4153
1688 4153
1687 4153
1686 4153
1685 4153
1684 4153
1683 4153
1682 4153
1681 4153
1680 4153
1679 4153
1678 4153
1677 4153
1676 4152
1675 4152
1674 4151
1673 4151
1672 4150
1671 4150
1670 4149
1669 4149
1668 4149
1667 4149
1666 4149
1665 4149
1664 4149
1663 4149
1662 4149
1661 4149
1660 4149
1659 4149
1658 4149
1657 4149
1656 4149
1655 4149
1654 4149
1653 4149
1652 4149
1651 4149
1650 4149
1649 4149
1648 4148
1647 4148
1646 4148
1645 4148
1644 4147
1643 4147
1642 4147
1641 4147
1640 4147
1639 4147
1638 4147
1637 4147
1636 4147
1635 4147
