447 2520
446 2521
445 2521
444 2521
443 2521
442 2522
441 2522
440 2523
439 2523
438 2523
437 2523
436 2524
435 2525
434 2525
433 2525
432 2526
431 2526
430 2526
429 2526
428 2526
427 2526
426 2526
425 2526
424 2525
423 2525
422 2524
421 2524
420 2523
419 2523
418 2522
417 2522
416 2522
415 2522
414 2522
413 2522
412 2522
411 2522
410 2522
409 2522
408 2522
407 2522
406 2522
405 2522
404 2522
403 2522
402 2522
401 2522
400 2523
399 2523
398 2523
397 2523
396 2524
395 2524
394 2524
393 2524
392 2524
391 2524
390 2524
389 2524
388 2524
387 2524
386 2524
385 2524
384 2524
383 2524
382 2524
381 2524
380 2525
379 2525
378 2525
377 2525
376 2526
375 2526
374 2527
373 2527
372 2527
371 2527
370 2528
369 2528
368 2528
367 2528
366 2528
365 2528
364 2528
363 2528
362 2527
361 2527
360 2526
359 2526
358 2525
357 2525
356 2524
355 2524
354 2524
353 2524
352 2523
351 2523
350 2523
349 2523
348 2522
347 2522
346 2522
345 2522
344 2522
343 2522
342 2522
341 2522
340 2522
339 2522
338 2522
337 2522
336 2522
335 2522
334 2522
333 2522
332 2522
331 2522
330 2522
329 2522
328 2523
327 2523
326 2524
325 2524
324 2525
323 2525
322 2526
321 2526
320 2526
319 2526
318 2527
317 2527
316 2527
315 2527
314 2528
313 2528
312 2528
311 2528
310 2529
309 2529
308 2529
307 2529
306 2530
305 2531
304 2531
303 2531
302 2532
301 2533
300 2533
299 2533
298 2534
297 2535
296 2535
295 2535
294 2536
293 2537
292 2537
291 2537
290 2538
289 2538
288 2539
287 2539
286 2539
285 2539
284 2540
283 2540
282 2540
281 2540
280 2540
279 2540
278 2540
277 2540
276 2540
275 2540
274 2541
273 2541
272 2542
271 2543
270 2543
269 2544
268 2545
267 2545
266 2546
265 2547
264 2547
263 2547
262 2548
261 2549
260 2549
259 2549
258 2550
257 2551
256 2552
255 2553
254 2553
254 2554
253 2555
252 2556
252 2557
251 2558
251 2559
251 2560
251 2561
251 2562
251 2563
251 2564
251 2565
252 2566
252 2567
253 2568
254 2569
255 2570
256 2570
257 2570
258 2571
259 2572
260 2572
261 2572
262 2573
263 2574
264 2574
265 2575
266 2575
267 2576
268 2576
269 2577
270 2577
271 2577
272 2577
273 2577
274 2577
275 2577
276 2577
277 2578
278 2578
279 2579
280 2579
281 2580
282 2580
283 2581
284 2581
285 2581
286 2581
287 2582
288 2582
289 2582
290 2583
291 2584
292 2584
293 2584
294 2584
295 2585
296 2585
297 2585
298 2585
299 2586
300 2586
301 2586
302 2587
303 2588
304 2588
305 2588
306 2588
307 2589
308 2589
309 2589
310 2589
311 2590
312 2590
313 2590
314 2590
315 2591
316 2591
317 2591
318 2591
319 2591
320 2591
321 2591
322 2591
323 2591
324 2591
325 2591
326 2591
327 2591
328 2591
329 2591
330 2591
331 2591
332 2591
333 2591
334 2591
335 2591
336 2591
337 2591
338 2591
339 2590
340 2590
341 2590
342 2590
343 2589
344 2589
345 2590
346 2590
347 2591
348 2591
349 2592
350 2593
351 2594
352 2594
353 2594
354 2594
355 2595
356 2595
357 2595
358 2595
359 2595
360 2595
361 2595
362 2595
363 2595
364 2595
365 2596
366 2596
367 2596
368 2597
369 2598
370 2598
371 2598
372 2598
373 2599
374 2599
375 2599
376 2599
377 2599
378 2599
379 2599
380 2599
381 2600
382 2600
383 2600
384 2600
385 2601
386 2601
387 2601
388 2601
389 2601
390 2601
391 2601
392 2601
393 2601
394 2601
395 2601
396 2601
397 2601
398 2601
399 2602
400 2602
401 2602
402 2603
403 2604
404 2604
405 2604
406 2604
407 2605
408 2605
409 2605
410 2605
411 2605
412 2605
413 2605
414 2605
415 2605
416 2605
417 2606
418 2606
419 2606
420 2606
421 2607
422 2607
423 2607
424 2607
425 2607
426 2607
427 2607
428 2607
429 2607
430 2607
431 2608
432 2608
433 2608
434 2608
435 2609
436 2609
437 2610
438 2610
439 2610
440 2610
441 2611
442 2611
443 2611
444 2611
445 2611
446 2611
447 2611
448 2611
449 2611
450 2611
451 2612
452 2612
453 2612
454 2612
455 2613
456 2613
457 2613
458 2613
459 2613
460 2613
461 2613
462 2613
463 2613
464 2613
465 2613
466 2613
467 2613
468 2613
469 2613
470 2613
471 2613
472 2613
473 2613
474 2613
475 2613
476 2613
477 2613
478 2613
479 2613
480 2613
481 2613
482 2613
483 2613
484 2613
485 2613
486 2613
487 2613
488 2613
489 2613
490 2613
491 2612
492 2612
493 2612
494 2612
495 2611
496 2611
497 2611
498 2611
499 2611
500 2611
501 2611
502 2611
503 2610
504 2610
505 2610
506 2610
507 2609
508 2608
509 2608
510 2608
511 2607
512 2607
513 2606
514 2606
515 2605
516 2604
517 2604
517 2603
518 2602
519 2602
520 2601
521 2600
522 2600
523 2599
524 2598
525 2598
526 2598
527 2597
528 2596
529 2595
530 2594
531 2593
531 2592
532 2591
533 2590
533 2589
534 2588
535 2588
535 2587
536 2586
537 2586
537 2585
538 2584
539 2584
539 2583
540 2582
541 2581
541 2580
542 2579
542 2578
542 2577
542 2576
542 2575
542 2574
542 2573
542 2572
542 2571
542 2570
542 2569
542 2568
542 2567
542 2566
541 2565
541 2564
541 2563
541 2562
540 2561
540 2560
540 2559
540 2558
539 2557
539 2556
538 2555
537 2554
537 2553
536 2553
535 2552
535 2551
534 2551
533 2550
533 2549
532 2549
531 2548
530 2547
529 2547
528 2546
527 2546
526 2545
525 2545
524 2544
523 2543
522 2543
521 2542
521 2541
520 2541
519 2540
519 2539
518 2539
517 2538
516 2537
515 2536
514 2535
513 2535
512 2534
511 2534
510 2533
509 2532
508 2531
507 2531
506 2530
505 2530
504 2529
503 2528
502 2527
501 2527
500 2527
499 2526
498 2525
497 2525
496 2525
495 2525
494 2524
493 2524
492 2523
491 2523
490 2523
489 2523
488 2522
487 2522
486 2522
485 2522
484 2521
483 2521
482 2521
481 2521
480 2520
479 2520
478 2520
477 2520
476 2520
475 2520
474 2520
473 2520
472 2520
471 2520
470 2520
469 2520
468 2520
467 2520
466 2520
465 2520
464 2520
463 2520
462 2520
461 2520
460 2520
459 2520
458 2520
457 2520
456 2520
455 2520
454 2520
453 2520
452 2520
451 2520
450 2520
449 2520
448 2520
447 2520
