363 2977
362 2978
361 2978
360 2979
359 2979
358 2980
357 2980
356 2981
355 2982
354 2983
353 2983
352 2984
351 2984
350 2985
349 2986
348 2987
348 2988
347 2989
347 2990
347 2991
347 2992
347 2993
347 2994
348 2995
348 2996
348 2997
348 2998
349 2999
350 3000
350 3001
350 3002
351 3003
352 3004
353 3005
354 3006
354 3007
355 3007
356 3008
357 3009
358 3010
359 3011
360 3011
361 3012
362 3013
362 3014
363 3015
364 3016
365 3017
366 3018
366 3019
367 3020
368 3021
368 3022
369 3023
369 3024
370 3025
370 3026
370 3027
370 3028
371 3029
371 3030
372 3031
372 3032
373 3033
374 3034
374 3035
375 3035
376 3036
376 3037
377 3037
378 3038
378 3039
379 3040
380 3041
380 3042
381 3043
382 3044
383 3045
384 3046
384 3047
385 3047
386 3048
386 3049
387 3050
388 3051
388 3052
389 3053
390 3054
391 3055
392 3056
392 3057
393 3057
394 3058
395 3059
396 3059
397 3060
398 3060
399 3060
400 3060
401 3061
402 3061
403 3061
404 3062
405 3063
406 3063
407 3063
408 3063
409 3064
410 3064
411 3064
412 3064
413 3064
414 3064
415 3064
416 3064
417 3064
418 3064
419 3065
420 3065
421 3066
422 3067
423 3067
424 3068
425 3069
426 3070
427 3071
428 3071
429 3071
430 3071
431 3072
432 3072
433 3073
434 3073
435 3073
436 3073
437 3074
438 3074
439 3074
440 3074
441 3075
442 3075
443 3075
444 3075
445 3076
446 3076
447 3075
448 3074
449 3074
450 3073
451 3072
452 3072
453 3072
454 3072
455 3072
456 3072
457 3071
458 3071
459 3071
460 3071
461 3071
462 3071
463 3072
464 3073
465 3073
466 3074
466 3075
467 3075
468 3076
469 3077
470 3077
471 3078
472 3078
473 3078
474 3078
475 3078
476 3078
477 3078
478 3078
479 3079
480 3079
481 3079
482 3080
483 3081
484 3081
485 3081
486 3081
487 3082
488 3082
489 3082
490 3082
491 3082
492 3082
493 3082
494 3082
495 3082
496 3082
497 3082
498 3082
499 3082
500 3082
501 3082
502 3082
503 3081
504 3081
505 3081
506 3081
507 3080
508 3080
509 3080
510 3080
511 3080
512 3080
513 3080
514 3080
515 3080
516 3080
517 3080
518 3080
519 3080
520 3080
521 3080
522 3080
523 3080
524 3080
525 3079
526 3079
527 3079
528 3079
529 3078
530 3078
531 3078
532 3078
533 3078
534 3078
535 3078
536 3078
537 3078
538 3078
539 3078
540 3078
541 3078
542 3078
543 3078
544 3078
545 3078
546 3078
547 3078
548 3078
549 3078
550 3078
551 3078
552 3078
553 3078
554 3078
555 3077
556 3077
557 3077
558 3077
559 3076
560 3076
561 3076
562 3076
563 3076
564 3076
565 3076
566 3076
567 3076
568 3076
569 3076
570 3076
571 3076
572 3076
573 3077
574 3077
575 3077
576 3077
577 3078
578 3078
579 3078
580 3078
581 3078
582 3078
583 3079
584 3079
585 3079
586 3079
587 3080
588 3080
589 3081
590 3081
591 3081
592 3082
593 3083
594 3083
595 3083
596 3084
597 3085
598 3085
599 3086
600 3086
601 3087
602 3088
603 3089
604 3089
605 3089
606 3090
607 3091
608 3091
609 3091
610 3092
611 3093
612 3093
613 3093
614 3094
615 3095
616 3095
617 3095
618 3095
619 3096
620 3096
621 3097
622 3097
623 3097
624 3098
625 3099
626 3099
627 3099
628 3099
629 3100
630 3100
631 3101
632 3101
633 3101
634 3101
635 3102
636 3102
637 3102
638 3102
639 3102
640 3102
641 3102
642 3102
643 3102
644 3102
645 3102
646 3102
647 3102
648 3102
649 3102
650 3102
651 3102
652 3102
653 3102
654 3102
655 3102
656 3102
657 3102
658 3102
659 3102
660 3102
661 3101
662 3101
663 3101
664 3101
665 3100
666 3100
667 3099
668 3099
669 3099
670 3099
671 3098
672 3097
673 3097
674 3097
675 3096
676 3095
677 3095
678 3095
679 3094
680 3093
681 3093
682 3093
683 3092
684 3092
685 3091
686 3091
687 3091
688 3091
689 3090
690 3090
691 3090
692 3090
693 3089
694 3089
695 3089
696 3089
697 3088
698 3088
699 3088
700 3088
701 3088
702 3088
703 3088
704 3088
705 3088
706 3088
707 3088
708 3088
709 3088
710 3088
711 3088
712 3088
713 3087
714 3087
715 3087
716 3087
717 3086
718 3086
719 3085
720 3085
721 3085
722 3085
723 3084
724 3083
725 3082
726 3081
727 3081
727 3080
728 3079
729 3079
730 3078
731 3077
732 3077
733 3076
734 3076
735 3075
736 3075
737 3074
738 3074
739 3073
740 3073
741 3072
742 3071
743 3071
744 3071
745 3070
746 3069
747 3068
748 3067
749 3066
749 3065
750 3064
750 3063
751 3062
751 3061
752 3060
753 3059
753 3058
754 3057
755 3057
755 3056
756 3055
757 3055
757 3054
758 3053
759 3053
759 3052
760 3051
761 3051
761 3050
762 3049
763 3048
763 3047
764 3046
764 3045
764 3044
764 3043
765 3042
765 3041
765 3040
765 3039
766 3038
766 3037
766 3036
766 3035
767 3034
767 3033
767 3032
768 3031
769 3030
769 3029
769 3028
769 3027
770 3026
770 3025
770 3024
770 3023
770 3022
770 3021
770 3020
770 3019
770 3018
770 3017
770 3016
770 3015
770 3014
770 3013
770 3012
770 3011
770 3010
770 3009
770 3008
770 3007
770 3006
770 3005
770 3004
770 3003
769 3002
769 3001
768 3000
767 2999
766 2998
765 2998
764 2997
763 2997
762 2997
761 2997
760 2996
759 2996
758 2996
757 2996
756 2995
755 2995
754 2995
753 2995
752 2995
751 2995
750 2995
749 2995
748 2995
747 2995
746 2995
745 2995
744 2994
743 2994
742 2994
741 2994
740 2993
739 2993
738 2993
737 2993
736 2993
735 2993
734 2993
733 2993
732 2992
731 2992
730 2991
729 2990
728 2990
727 2989
727 2988
726 2988
725 2987
724 2986
723 2986
722 2985
721 2985
720 2985
719 2985
718 2985
717 2985
716 2985
715 2985
714 2985
713 2985
712 2985
711 2985
710 2985
709 2985
708 2986
707 2986
706 2986
705 2986
704 2987
703 2987
702 2987
701 2987
700 2987
699 2987
698 2987
697 2987
696 2987
695 2987
694 2987
693 2987
692 2988
691 2988
690 2988
689 2988
688 2989
687 2989
686 2989
685 2989
684 2989
683 2989
682 2990
681 2990
680 2990
679 2990
678 2991
677 2991
676 2991
675 2991
674 2992
673 2992
672 2992
671 2992
670 2993
669 2993
668 2994
667 2994
666 2994
665 2994
664 2995
663 2995
662 2996
661 2996
660 2996
659 2996
658 2997
657 2997
656 2997
655 2997
654 2997
653 2997
652 2998
651 2998
650 2998
649 2998
648 2999
647 2999
646 2999
645 2999
644 3000
643 3000
642 3000
641 3000
640 3001
639 3001
638 3001
637 3001
636 3002
635 3002
634 3002
633 3002
632 3003
631 3003
630 3003
629 3003
628 3003
627 3003
626 3003
625 3003
624 3004
623 3004
622 3004
621 3004
620 3005
619 3005
618 3005
617 3005
616 3005
615 3005
614 3005
613 3005
612 3005
611 3005
610 3005
609 3005
608 3005
607 3005
606 3005
605 3005
604 3005
603 3005
602 3005
601 3005
600 3005
599 3005
598 3005
597 3005
596 3005
595 3005
594 3005
593 3005
592 3005
591 3005
590 3005
589 3005
588 3005
587 3005
586 3005
585 3005
584 3005
583 3005
582 3005
581 3005
580 3005
579 3005
578 3005
577 3005
576 3005
575 3005
574 3005
573 3005
572 3005
571 3005
570 3005
569 3005
568 3004
567 3004
566 3004
565 3004
564 3003
563 3003
562 3003
561 3003
560 3003
559 3003
558 3003
557 3003
556 3002
555 3002
554 3002
553 3002
552 3001
551 3001
550 3000
549 3000
548 3000
547 3000
546 2999
545 2999
544 2998
543 2998
542 2998
541 2998
540 2997
539 2997
538 2997
537 2997
536 2996
535 2996
534 2996
533 2996
532 2995
531 2995
530 2995
529 2995
528 2994
527 2994
526 2994
525 2994
524 2993
523 2993
522 2993
521 2993
520 2993
519 2993
518 2993
517 2993
516 2993
515 2993
514 2993
513 2993
512 2992
511 2992
510 2992
509 2991
508 2990
507 2990
506 2990
505 2990
504 2989
503 2989
502 2989
501 2989
500 2989
499 2989
498 2989
497 2989
496 2989
495 2989
494 2989
493 2989
492 2988
491 2988
490 2988
489 2987
488 2986
487 2986
486 2985
485 2984
484 2984
483 2983
482 2982
481 2982
480 2981
479 2981
478 2980
477 2980
476 2980
475 2980
474 2979
473 2979
472 2979
471 2979
470 2979
469 2979
468 2978
467 2978
466 2978
465 2978
464 2977
463 2977
462 2977
461 2977
460 2977
459 2977
458 2977
457 2977
456 2977
455 2977
454 2977
453 2977
452 2977
451 2977
450 2977
449 2977
448 2977
447 2977
446 2977
445 2977
444 2977
443 2977
442 2977
441 2977
440 2978
439 2978
438 2978
437 2978
436 2979
435 2979
434 2979
433 2979
432 2979
431 2979
430 2980
429 2980
428 2980
427 2980
426 2981
425 2982
424 2982
423 2982
422 2983
421 2983
420 2983
419 2983
418 2983
417 2983
416 2983
415 2983
414 2983
413 2983
412 2984
411 2984
410 2984
409 2984
408 2985
407 2986
406 2986
405 2986
404 2987
403 2987
402 2987
401 2987
400 2987
399 2987
398 2987
397 2987
396 2986
395 2986
394 2986
393 2986
392 2985
391 2985
390 2985
389 2985
388 2985
387 2985
386 2985
385 2985
384 2984
383 2984
382 2984
381 2983
380 2982
379 2982
378 2981
377 2980
376 2980
375 2979
374 2978
373 2978
372 2977
371 2977
370 2977
369 2977
368 2977
367 2977
366 2977
365 2977
364 2977
363 2977
