483 4017
482 4018
481 4018
480 4019
479 4020
478 4021
477 4022
476 4023
476 4024
475 4025
474 4026
474 4027
473 4028
472 4028
472 4029
471 4030
470 4030
469 4031
468 4032
467 4032
466 4033
465 4033
464 4033
463 4033
462 4033
461 4033
460 4033
459 4033
458 4033
457 4033
456 4033
455 4033
454 4032
453 4032
452 4032
451 4032
450 4031
449 4031
448 4030
447 4030
446 4030
445 4030
444 4029
443 4029
442 4029
441 4029
440 4030
439 4030
438 4030
437 4030
436 4031
435 4031
434 4031
433 4031
432 4030
431 4030
430 4029
429 4028
428 4028
427 4027
427 4026
426 4026
425 4025
424 4024
423 4024
422 4023
421 4023
420 4023
419 4023
418 4023
417 4023
416 4023
415 4023
414 4023
413 4023
412 4023
411 4023
410 4023
409 4023
408 4023
407 4023
406 4023
405 4023
404 4023
403 4023
402 4024
401 4024
400 4025
399 4026
398 4026
398 4027
397 4028
396 4028
395 4029
394 4030
393 4030
392 4031
391 4032
390 4033
389 4033
388 4034
387 4034
386 4035
385 4035
384 4035
383 4035
382 4035
381 4035
380 4035
379 4035
378 4035
377 4035
376 4035
375 4035
374 4035
373 4035
372 4035
371 4035
370 4035
369 4035
368 4035
367 4035
366 4035
365 4035
364 4035
363 4035
362 4035
361 4035
360 4035
359 4035
358 4035
357 4035
356 4036
355 4036
354 4037
353 4038
352 4038
351 4039
350 4040
349 4040
348 4041
347 4042
346 4043
345 4044
344 4044
344 4045
343 4046
342 4047
341 4048
340 4049
340 4050
339 4051
338 4052
338 4053
337 4054
336 4054
336 4055
335 4056
334 4056
334 4057
333 4058
332 4058
331 4059
330 4060
329 4060
328 4061
327 4061
326 4062
325 4062
324 4063
323 4064
322 4064
322 4065
321 4066
320 4066
320 4067
319 4068
318 4068
318 4069
317 4070
316 4070
316 4071
315 4072
314 4072
314 4073
313 4074
312 4074
312 4075
311 4076
310 4076
310 4077
309 4078
308 4079
308 4080
307 4081
307 4082
306 4083
306 4084
306 4085
306 4086
305 4087
305 4088
304 4089
304 4090
303 4091
302 4092
302 4093
301 4094
300 4095
299 4096
298 4097
298 4098
298 4099
298 4100
297 4101
297 4102
297 4103
297 4104
297 4105
297 4106
297 4107
297 4108
298 4109
298 4110
299 4111
299 4112
300 4113
300 4114
301 4115
301 4116
301 4117
301 4118
302 4119
302 4120
303 4121
304 4122
305 4123
306 4123
307 4124
308 4124
309 4124
310 4124
311 4124
312 4124
313 4124
314 4124
315 4124
316 4124
317 4124
318 4124
319 4124
320 4124
321 4124
322 4124
323 4124
324 4124
325 4124
326 4124
327 4124
328 4124
329 4124
330 4124
331 4124
332 4124
333 4124
334 4124
335 4124
336 4124
337 4123
338 4123
339 4123
340 4123
341 4122
342 4121
343 4121
344 4121
345 4120
346 4120
347 4120
348 4120
349 4120
350 4120
351 4119
352 4119
353 4119
354 4119
355 4118
356 4118
357 4118
358 4118
359 4118
360 4118
361 4118
362 4118
363 4118
364 4118
365 4118
366 4118
367 4118
368 4118
369 4119
370 4119
371 4120
372 4120
373 4121
374 4121
375 4122
376 4122
377 4122
378 4122
379 4122
380 4122
381 4122
382 4122
383 4122
384 4122
385 4122
386 4122
387 4122
388 4122
389 4122
390 4122
391 4123
392 4123
393 4123
394 4123
395 4124
396 4124
397 4125
398 4125
399 4125
400 4125
401 4126
402 4126
403 4126
404 4126
405 4127
406 4127
407 4127
408 4127
409 4128
410 4128
411 4128
412 4128
413 4128
414 4128
415 4128
416 4128
417 4128
418 4128
419 4128
420 4128
421 4128
422 4128
423 4127
424 4127
425 4127
426 4127
427 4126
428 4126
429 4126
430 4126
431 4126
432 4126
433 4126
434 4126
435 4126
436 4126
437 4126
438 4126
439 4126
440 4126
441 4126
442 4126
443 4126
444 4126
445 4126
446 4126
447 4126
448 4126
449 4126
450 4126
451 4126
452 4126
453 4127
454 4127
455 4127
456 4127
457 4128
458 4128
459 4128
460 4128
461 4128
462 4128
463 4128
464 4128
465 4128
466 4128
467 4128
468 4128
469 4128
470 4128
471 4128
472 4128
473 4128
474 4128
475 4127
476 4127
477 4127
478 4127
479 4126
480 4126
481 4126
482 4126
483 4126
484 4126
485 4126
486 4126
487 4126
488 4126
489 4126
490 4126
491 4125
492 4125
493 4125
494 4125
495 4124
496 4124
497 4124
498 4124
499 4124
500 4124
501 4124
502 4124
503 4124
504 4124
505 4124
506 4124
507 4124
508 4124
509 4124
510 4124
511 4123
512 4123
513 4123
514 4123
515 4123
516 4123
517 4123
518 4123
519 4124
520 4124
521 4124
522 4124
523 4124
524 4124
525 4124
526 4124
527 4124
528 4124
529 4125
530 4125
531 4126
532 4127
533 4127
534 4128
535 4129
536 4129
537 4130
538 4130
539 4131
540 4131
541 4132
542 4132
543 4133
544 4133
545 4134
546 4134
547 4134
548 4134
549 4134
550 4134
551 4134
552 4134
553 4134
554 4134
555 4134
556 4134
557 4134
558 4134
559 4135
560 4135
561 4135
562 4135
563 4136
564 4136
565 4136
566 4136
567 4136
568 4136
569 4136
570 4136
571 4136
572 4136
573 4136
574 4136
575 4136
576 4136
577 4136
578 4136
579 4136
580 4136
581 4136
582 4136
583 4136
584 4136
585 4136
586 4136
587 4136
588 4136
589 4135
590 4135
591 4135
592 4135
593 4134
594 4134
595 4133
596 4133
597 4133
598 4133
599 4132
600 4132
601 4132
602 4132
603 4132
604 4132
605 4131
606 4131
607 4131
608 4131
609 4130
610 4130
611 4130
612 4130
613 4130
614 4130
615 4130
616 4130
617 4130
618 4130
619 4130
620 4130
621 4130
622 4130
623 4129
624 4129
625 4129
626 4129
627 4128
628 4128
629 4128
630 4128
631 4128
632 4128
633 4128
634 4128
635 4128
636 4128
637 4127
638 4127
639 4127
640 4127
641 4126
642 4125
643 4125
644 4125
645 4124
646 4124
647 4124
648 4124
649 4125
650 4125
651 4126
652 4126
653 4127
654 4127
655 4128
656 4128
657 4128
658 4128
659 4129
660 4129
661 4129
662 4130
663 4131
664 4131
665 4132
666 4132
667 4133
668 4133
669 4134
670 4134
671 4135
672 4135
673 4135
674 4135
675 4136
676 4136
677 4136
678 4136
679 4136
680 4136
681 4136
682 4136
683 4136
684 4136
685 4136
686 4136
687 4136
688 4136
689 4136
690 4136
691 4136
692 4136
693 4136
694 4136
695 4136
696 4136
697 4136
698 4136
699 4136
700 4136
701 4136
702 4136
703 4135
704 4135
705 4134
706 4133
707 4133
707 4132
708 4131
709 4131
709 4130
710 4129
711 4129
711 4128
712 4127
713 4127
713 4126
714 4125
715 4125
715 4124
716 4123
717 4123
717 4122
718 4121
719 4121
719 4120
720 4119
721 4118
721 4117
722 4116
722 4115
722 4114
722 4113
722 4112
722 4111
722 4110
722 4109
722 4108
722 4107
722 4106
722 4105
722 4104
722 4103
722 4102
722 4101
722 4100
722 4099
721 4098
721 4097
721 4096
721 4095
720 4094
720 4093
720 4092
720 4091
720 4090
720 4089
720 4088
720 4087
720 4086
720 4085
720 4084
720 4083
720 4082
720 4081
720 4080
720 4079
719 4078
719 4077
718 4076
717 4075
716 4074
715 4074
714 4073
713 4073
712 4073
711 4073
710 4072
709 4072
708 4071
707 4071
706 4070
705 4069
704 4068
703 4068
702 4068
701 4067
700 4066
699 4066
698 4065
697 4064
696 4064
695 4063
695 4062
694 4062
693 4061
693 4060
692 4060
691 4059
691 4058
690 4058
689 4057
688 4056
687 4055
686 4054
685 4054
684 4054
683 4054
682 4053
681 4053
680 4053
679 4053
678 4052
677 4052
676 4051
675 4050
674 4050
673 4049
673 4048
672 4047
671 4046
671 4045
670 4044
669 4043
668 4042
667 4041
666 4040
665 4040
664 4039
663 4039
662 4039
661 4039
660 4039
659 4039
658 4039
657 4039
656 4039
655 4039
654 4039
653 4039
652 4039
651 4039
650 4039
649 4039
648 4039
647 4039
646 4039
645 4039
644 4039
643 4039
642 4039
641 4039
640 4039
639 4039
638 4039
637 4039
636 4039
635 4039
634 4039
633 4039
632 4039
631 4039
630 4039
629 4039
628 4039
627 4039
626 4039
625 4039
624 4039
623 4039
622 4039
621 4039
620 4039
619 4039
618 4039
617 4039
616 4039
615 4039
614 4039
613 4039
612 4039
611 4039
610 4039
609 4039
608 4039
607 4039
606 4039
605 4039
604 4039
603 4039
602 4039
601 4039
600 4039
599 4039
598 4039
597 4039
596 4039
595 4039
594 4039
593 4039
592 4039
591 4039
590 4039
589 4039
588 4039
587 4039
586 4039
585 4039
584 4039
583 4039
582 4039
581 4039
580 4039
579 4039
578 4039
577 4039
576 4039
575 4039
574 4038
573 4038
572 4037
571 4036
570 4036
569 4035
568 4034
567 4033
566 4032
565 4032
564 4032
563 4032
562 4031
561 4031
560 4031
559 4031
558 4031
557 4031
556 4030
555 4030
554 4030
553 4030
552 4029
551 4029
550 4029
549 4029
548 4028
547 4028
546 4028
545 4027
544 4026
543 4026
542 4026
541 4026
540 4025
539 4025
538 4025
537 4025
536 4025
535 4025
534 4024
533 4024
532 4024
531 4024
530 4023
529 4023
528 4023
527 4023
526 4023
525 4023
524 4023
523 4023
522 4023
521 4023
520 4023
519 4023
518 4023
517 4023
516 4023
515 4023
514 4023
513 4023
512 4023
511 4023
510 4022
509 4022
508 4022
507 4022
506 4021
505 4021
504 4020
503 4020
502 4020
501 4020
500 4019
499 4019
498 4018
497 4018
496 4018
495 4018
494 4017
493 4017
492 4017
491 4017
490 4017
489 4017
488 4017
487 4017
486 4017
485 4017
484 4017
483 4017
