571 1853
570 1854
569 1854
568 1854
567 1854
566 1855
565 1856
564 1856
563 1856
562 1857
561 1857
560 1857
559 1857
558 1857
557 1857
556 1857
555 1857
554 1857
553 1857
552 1857
551 1857
550 1857
549 1857
548 1857
547 1857
546 1857
545 1857
544 1857
543 1857
542 1857
541 1857
540 1857
539 1857
538 1857
537 1857
536 1858
535 1858
534 1858
533 1858
532 1859
531 1859
530 1859
529 1859
528 1859
527 1859
526 1859
525 1859
524 1859
523 1859
522 1859
521 1859
520 1859
519 1859
518 1859
517 1859
516 1859
515 1859
514 1860
513 1860
512 1860
511 1860
510 1861
509 1862
508 1862
507 1862
506 1863
505 1863
504 1864
503 1864
502 1865
501 1865
500 1866
499 1866
498 1867
497 1867
496 1867
495 1867
494 1868
493 1868
492 1868
491 1868
490 1869
489 1870
488 1871
487 1871
486 1872
485 1872
484 1873
483 1873
482 1873
481 1873
480 1873
479 1873
478 1873
477 1873
476 1874
475 1874
474 1875
473 1875
472 1876
471 1876
470 1877
469 1877
468 1876
467 1876
466 1876
465 1876
464 1875
463 1875
462 1875
461 1875
460 1875
459 1875
458 1875
457 1875
456 1875
455 1875
454 1875
453 1875
452 1876
451 1876
450 1877
449 1877
448 1878
447 1878
446 1879
445 1879
444 1879
443 1879
442 1879
441 1879
440 1880
439 1880
438 1880
437 1880
436 1881
435 1881
434 1881
433 1881
432 1881
431 1881
430 1881
429 1881
428 1882
427 1882
426 1883
425 1883
424 1884
423 1884
422 1885
421 1885
420 1886
419 1886
418 1887
417 1888
416 1888
416 1889
415 1890
414 1890
413 1891
412 1892
411 1892
410 1893
409 1894
408 1894
407 1894
406 1895
405 1895
404 1895
403 1895
402 1896
401 1896
400 1897
400 1898
399 1899
399 1900
399 1901
399 1902
399 1903
399 1904
400 1905
400 1906
400 1907
400 1908
401 1909
402 1910
403 1911
403 1912
404 1913
404 1914
405 1915
406 1916
406 1917
406 1918
407 1919
407 1920
407 1921
407 1922
408 1923
408 1924
408 1925
408 1926
409 1927
409 1928
409 1929
409 1930
410 1931
410 1932
410 1933
410 1934
411 1935
412 1936
412 1937
412 1938
413 1939
414 1940
415 1941
416 1942
416 1943
417 1943
418 1944
418 1945
419 1945
420 1946
421 1947
422 1948
423 1949
424 1949
425 1950
426 1950
427 1951
428 1951
429 1952
430 1952
431 1953
432 1953
433 1953
434 1953
435 1954
436 1954
437 1954
438 1954
439 1955
440 1955
441 1956
442 1956
443 1957
444 1957
445 1958
446 1958
447 1958
448 1958
449 1958
450 1958
451 1959
452 1959
453 1959
454 1960
455 1961
456 1961
457 1961
458 1962
459 1963
460 1963
461 1963
462 1964
463 1965
464 1965
465 1965
466 1966
467 1967
468 1967
469 1967
470 1967
471 1968
472 1968
473 1969
474 1969
475 1970
476 1970
477 1971
478 1972
479 1973
480 1973
481 1973
482 1973
483 1974
484 1974
485 1974
486 1974
487 1974
488 1974
489 1975
490 1975
491 1976
492 1977
493 1977
494 1978
495 1979
496 1980
497 1981
498 1981
499 1981
500 1982
501 1983
502 1983
503 1983
504 1984
505 1985
506 1985
507 1985
508 1986
509 1987
510 1987
511 1988
512 1988
513 1989
514 1990
515 1991
516 1991
517 1991
518 1992
519 1993
520 1993
521 1993
522 1993
523 1994
524 1994
525 1995
526 1995
527 1996
528 1997
529 1997
530 1998
530 1999
531 1999
532 2000
533 2001
534 2001
535 2002
536 2002
537 2002
538 2002
539 2002
540 2002
541 2002
542 2002
543 2002
544 2002
545 2001
546 2001
547 2001
548 2001
549 2000
550 2000
551 2000
552 2000
553 2000
554 2000
555 2000
556 2000
557 2000
558 2000
559 2000
560 2000
561 2000
562 2000
563 2000
564 2000
565 2000
566 2000
567 2001
568 2001
569 2001
570 2001
571 2002
572 2002
573 2002
574 2002
575 2002
576 2002
577 2002
578 2002
579 2002
580 2002
581 2002
582 2002
583 2002
584 2002
585 2002
586 2002
587 2002
588 2002
589 2002
590 2002
591 2002
592 2002
593 2002
594 2002
595 2002
596 2002
597 2002
598 2002
599 2003
600 2003
601 2003
602 2004
603 2005
604 2005
605 2005
606 2005
607 2006
608 2006
609 2006
610 2006
611 2007
612 2007
613 2007
614 2007
615 2008
616 2008
617 2008
618 2008
619 2007
620 2007
621 2007
622 2007
623 2006
624 2006
625 2006
626 2006
627 2006
628 2006
629 2006
630 2006
631 2006
632 2006
633 2006
634 2006
635 2006
636 2006
637 2006
638 2006
639 2006
640 2006
641 2006
642 2006
643 2006
644 2006
645 2006
646 2006
647 2005
648 2005
649 2005
650 2005
651 2004
652 2003
653 2003
654 2003
655 2002
656 2001
657 2000
658 1999
659 1999
660 1998
661 1997
662 1997
663 1996
664 1996
665 1996
666 1996
667 1995
668 1995
669 1994
670 1993
671 1993
671 1992
672 1991
673 1991
673 1990
674 1989
675 1988
676 1987
677 1986
677 1985
677 1984
677 1983
678 1982
678 1981
678 1980
678 1979
678 1978
678 1977
678 1976
678 1975
678 1974
678 1973
678 1972
678 1971
678 1970
678 1969
678 1968
678 1967
678 1966
678 1965
678 1964
678 1963
678 1962
678 1961
678 1960
678 1959
679 1958
679 1957
679 1956
680 1955
681 1954
681 1953
682 1952
682 1951
683 1950
683 1949
684 1948
684 1947
684 1946
684 1945
684 1944
684 1943
684 1942
684 1941
684 1940
684 1939
684 1938
684 1937
684 1936
684 1935
684 1934
684 1933
684 1932
684 1931
684 1930
684 1929
684 1928
684 1927
685 1926
685 1925
685 1924
685 1923
686 1922
686 1921
686 1920
686 1919
686 1918
686 1917
686 1916
686 1915
685 1914
685 1913
685 1912
685 1911
684 1910
684 1909
684 1908
684 1907
683 1906
683 1905
682 1904
681 1903
681 1902
680 1902
679 1901
679 1900
678 1900
677 1899
677 1898
676 1898
675 1897
675 1896
674 1896
673 1895
673 1894
672 1894
671 1893
671 1892
670 1892
669 1891
668 1890
667 1889
666 1888
665 1888
664 1887
663 1886
662 1886
661 1885
660 1884
659 1883
658 1882
657 1882
656 1882
655 1881
654 1880
653 1880
652 1879
651 1878
650 1878
649 1877
649 1876
648 1876
647 1875
647 1874
646 1874
645 1873
644 1872
643 1871
642 1870
641 1870
640 1870
639 1869
638 1868
637 1868
636 1868
635 1867
634 1866
633 1866
632 1866
631 1866
630 1865
629 1865
628 1864
627 1864
626 1864
625 1863
624 1862
623 1862
622 1862
621 1862
620 1861
619 1861
618 1861
617 1861
616 1860
615 1860
614 1860
613 1860
612 1859
611 1859
610 1858
609 1858
608 1858
607 1858
606 1857
605 1857
604 1856
603 1856
602 1856
601 1856
600 1855
599 1855
598 1855
597 1855
596 1855
595 1855
594 1854
593 1854
592 1854
591 1854
590 1853
589 1853
588 1853
587 1853
586 1853
585 1853
584 1853
583 1853
582 1853
581 1853
580 1853
579 1853
578 1853
577 1853
576 1853
575 1853
574 1853
573 1853
572 1853
571 1853
