1377 2127
1376 2128
1375 2128
1374 2128
1373 2128
1372 2129
1371 2129
1370 2129
1369 2129
1368 2129
1367 2129
1366 2129
1365 2129
1364 2129
1363 2129
1362 2129
1361 2129
1360 2129
1359 2129
1358 2130
1357 2130
1356 2130
1355 2130
1354 2131
1353 2131
1352 2131
1351 2131
1350 2131
1349 2131
1348 2131
1347 2131
1346 2131
1345 2131
1344 2132
1343 2132
1342 2132
1341 2132
1340 2133
1339 2134
1338 2134
1337 2134
1336 2135
1335 2136
1334 2137
1333 2137
1332 2138
1331 2138
1330 2139
1329 2139
1328 2139
1327 2139
1326 2140
1325 2140
1324 2140
1323 2140
1322 2141
1321 2141
1320 2141
1319 2141
1318 2141
1317 2141
1316 2142
1315 2142
1314 2142
1313 2142
1312 2143
1311 2143
1310 2144
1309 2144
1308 2144
1307 2144
1306 2145
1305 2146
1304 2146
1303 2146
1302 2147
1301 2147
1300 2148
1299 2148
1298 2148
1297 2148
1296 2149
1295 2149
1294 2150
1293 2150
1292 2150
1291 2150
1290 2151
1289 2152
1288 2152
1287 2152
1286 2153
1285 2153
1284 2154
1283 2154
1282 2155
1282 2156
1281 2157
1281 2158
1281 2159
1281 2160
1281 2161
1281 2162
1281 2163
1281 2164
1282 2165
1282 2166
1282 2167
1282 2168
1283 2169
1283 2170
1284 2171
1284 2172
1284 2173
1284 2174
1285 2175
1286 2176
1287 2177
1288 2178
1289 2179
1290 2179
1291 2180
1292 2180
1293 2181
1294 2181
1295 2181
1296 2181
1297 2182
1298 2182
1299 2182
1300 2182
1301 2183
1302 2183
1303 2183
1304 2183
1305 2184
1306 2184
1307 2184
1308 2184
1309 2185
1310 2185
1311 2185
1312 2185
1313 2186
1314 2186
1315 2187
1316 2187
1317 2187
1318 2187
1319 2188
1320 2188
1321 2189
1322 2189
1323 2189
1324 2189
1325 2190
1326 2190
1327 2190
1328 2190
1329 2191
1330 2191
1331 2191
1332 2191
1333 2192
1334 2192
1335 2192
1336 2192
1337 2193
1338 2193
1339 2193
1340 2193
1341 2194
1342 2194
1343 2194
1344 2194
1345 2195
1346 2195
1347 2195
1348 2195
1349 2196
1350 2196
1351 2197
1352 2197
1353 2197
1354 2197
1355 2198
1356 2198
1357 2198
1358 2198
1359 2199
1360 2199
1361 2199
1362 2199
1363 2200
1364 2200
1365 2200
1366 2200
1367 2200
1368 2200
1369 2201
1370 2201
1371 2201
1372 2201
1373 2202
1374 2202
1375 2202
1376 2202
1377 2202
1378 2202
1379 2203
1380 2203
1381 2203
1382 2203
1383 2204
1384 2204
1385 2204
1386 2204
1387 2204
1388 2204
1389 2205
1390 2205
1391 2205
1392 2205
1393 2206
1394 2206
1395 2206
1396 2206
1397 2206
1398 2206
1399 2206
1400 2206
1401 2207
1402 2207
1403 2207
1404 2207
1405 2208
1406 2208
1407 2208
1408 2208
1409 2208
1410 2208
1411 2208
1412 2208
1413 2208
1414 2208
1415 2209
1416 2209
1417 2209
1418 2209
1419 2210
1420 2210
1421 2210
1422 2210
1423 2210
1424 2210
1425 2210
1426 2210
1427 2210
1428 2210
1429 2210
1430 2210
1431 2210
1432 2210
1433 2210
1434 2210
1435 2210
1436 2210
1437 2209
1438 2209
1439 2209
1440 2209
1441 2208
1442 2208
1443 2207
1444 2207
1445 2207
1446 2207
1447 2206
1448 2206
1449 2206
1450 2206
1451 2206
1452 2206
1453 2205
1454 2205
1455 2205
1456 2205
1457 2204
1458 2204
1459 2203
1460 2203
1461 2203
1462 2203
1463 2202
1464 2201
1465 2200
1466 2199
1467 2199
1467 2198
1468 2197
1469 2197
1470 2196
1471 2195
1472 2195
1473 2194
1474 2193
1475 2192
1476 2192
1477 2191
1478 2191
1479 2190
1480 2190
1481 2190
1482 2190
1483 2189
1484 2188
1485 2187
1485 2186
1485 2185
1486 2184
1486 2183
1486 2182
1486 2181
1486 2180
1486 2179
1487 2178
1487 2177
1487 2176
1487 2175
1488 2174
1488 2173
1488 2172
1488 2171
1488 2170
1488 2169
1487 2168
1487 2167
1487 2166
1487 2165
1486 2164
1485 2163
1484 2162
1483 2161
1483 2160
1482 2160
1481 2159
1481 2158
1480 2158
1479 2157
1479 2156
1478 2156
1477 2155
1476 2154
1475 2153
1474 2152
1473 2152
1472 2151
1471 2150
1471 2149
1470 2148
1469 2147
1469 2146
1469 2145
1468 2144
1467 2143
1466 2142
1465 2141
1465 2140
1464 2140
1463 2139
1463 2138
1462 2138
1461 2137
1461 2136
1460 2136
1459 2135
1458 2134
1457 2134
1456 2133
1455 2133
1454 2133
1453 2133
1452 2133
1451 2133
1450 2133
1449 2133
1448 2133
1447 2133
1446 2132
1445 2132
1444 2132
1443 2132
1442 2131
1441 2131
1440 2131
1439 2131
1438 2131
1437 2131
1436 2131
1435 2131
1434 2131
1433 2131
1432 2131
1431 2131
1430 2131
1429 2131
1428 2131
1427 2131
1426 2130
1425 2130
1424 2130
1423 2129
1422 2128
1421 2128
1420 2128
1419 2128
1418 2127
1417 2127
1416 2127
1415 2127
1414 2127
1413 2127
1412 2127
1411 2127
1410 2127
1409 2127
1408 2127
1407 2127
1406 2127
1405 2127
1404 2127
1403 2127
1402 2127
1401 2127
1400 2127
1399 2127
1398 2127
1397 2127
1396 2127
1395 2127
1394 2127
1393 2127
1392 2127
1391 2127
1390 2127
1389 2127
1388 2127
1387 2127
1386 2127
1385 2127
1384 2127
1383 2127
1382 2127
1381 2127
1380 2127
1379 2127
1378 2127
1377 2127
