374 4674
373 4675
372 4675
371 4675
370 4675
369 4676
368 4676
367 4676
366 4676
365 4677
364 4677
363 4677
362 4677
361 4678
360 4679
359 4680
358 4681
357 4682
357 4683
357 4684
357 4685
356 4686
356 4687
356 4688
356 4689
356 4690
356 4691
356 4692
356 4693
356 4694
356 4695
356 4696
356 4697
355 4698
355 4699
355 4700
354 4701
353 4702
353 4703
352 4704
352 4705
351 4706
351 4707
350 4708
350 4709
350 4710
350 4711
350 4712
350 4713
350 4714
350 4715
350 4716
350 4717
350 4718
350 4719
350 4720
350 4721
350 4722
350 4723
350 4724
350 4725
350 4726
350 4727
350 4728
350 4729
350 4730
350 4731
350 4732
350 4733
350 4734
350 4735
350 4736
350 4737
350 4738
350 4739
351 4740
351 4741
351 4742
351 4743
352 4744
353 4745
353 4746
353 4747
354 4748
355 4749
356 4750
356 4751
357 4752
357 4753
358 4754
358 4755
358 4756
358 4757
358 4758
358 4759
358 4760
358 4761
358 4762
358 4763
358 4764
358 4765
359 4766
359 4767
360 4768
360 4769
361 4770
361 4771
362 4772
363 4773
363 4774
363 4775
364 4776
365 4777
366 4778
367 4779
367 4780
368 4780
369 4781
369 4782
370 4783
371 4784
371 4785
372 4786
373 4787
373 4788
373 4789
374 4790
375 4791
375 4792
375 4793
376 4794
377 4795
377 4796
377 4797
378 4798
379 4799
380 4800
380 4801
381 4802
381 4803
382 4804
382 4805
383 4806
383 4807
384 4808
385 4809
385 4810
386 4810
387 4811
387 4812
388 4812
389 4813
389 4814
390 4814
391 4815
391 4816
392 4816
393 4817
393 4818
394 4818
395 4819
395 4820
396 4820
397 4821
397 4822
398 4822
399 4823
399 4824
400 4824
401 4825
402 4826
403 4827
404 4828
405 4828
406 4828
407 4829
408 4830
409 4830
410 4830
411 4830
412 4831
413 4831
414 4831
415 4831
416 4832
417 4832
418 4832
419 4832
420 4833
421 4833
422 4833
423 4833
424 4833
425 4833
426 4834
427 4834
428 4834
429 4834
430 4835
431 4835
432 4835
433 4835
434 4835
435 4835
436 4835
437 4835
438 4835
439 4835
440 4835
441 4835
442 4835
443 4835
444 4835
445 4835
446 4835
447 4835
448 4836
449 4836
450 4837
451 4838
452 4838
453 4839
454 4840
455 4840
456 4841
457 4841
458 4842
459 4842
460 4842
461 4842
462 4843
463 4843
464 4843
465 4843
466 4844
467 4844
468 4844
469 4845
470 4846
471 4846
472 4846
473 4847
474 4848
475 4848
476 4848
477 4848
478 4849
479 4849
480 4849
481 4849
482 4849
483 4849
484 4850
485 4850
486 4850
487 4850
488 4851
489 4851
490 4851
491 4851
492 4851
493 4851
494 4852
495 4852
496 4853
497 4854
498 4854
499 4855
499 4856
500 4856
501 4857
502 4858
503 4858
504 4859
505 4859
506 4860
507 4860
508 4860
509 4860
510 4861
511 4861
512 4862
513 4862
514 4863
515 4863
516 4864
517 4864
518 4865
519 4865
520 4865
521 4865
522 4865
523 4865
524 4865
525 4865
526 4865
527 4865
528 4865
529 4865
530 4865
531 4865
532 4865
533 4865
534 4865
535 4865
536 4865
537 4865
538 4865
539 4865
540 4865
541 4865
542 4865
543 4865
544 4865
545 4865
546 4865
547 4865
548 4865
549 4865
550 4865
551 4865
552 4865
553 4865
554 4865
555 4865
556 4864
557 4864
558 4864
559 4864
560 4863
561 4863
562 4863
563 4863
564 4863
565 4863
566 4862
567 4862
568 4862
569 4862
570 4861
571 4861
572 4860
573 4860
574 4860
575 4860
576 4859
577 4859
578 4859
579 4859
580 4858
581 4858
582 4857
583 4856
584 4856
585 4855
586 4854
587 4854
588 4853
589 4853
590 4853
591 4853
592 4852
593 4852
594 4852
595 4852
596 4851
597 4851
598 4851
599 4851
600 4850
601 4850
602 4850
603 4850
604 4849
605 4849
606 4849
607 4849
608 4849
609 4849
610 4849
611 4849
612 4849
613 4849
614 4849
615 4849
616 4849
617 4849
618 4849
619 4849
620 4848
621 4848
622 4847
623 4847
624 4846
625 4846
626 4845
627 4845
628 4844
629 4844
630 4843
631 4843
632 4842
633 4842
634 4841
635 4840
636 4840
637 4840
638 4839
639 4838
640 4837
641 4837
642 4836
643 4836
644 4835
645 4834
646 4833
647 4833
648 4832
649 4832
650 4831
651 4830
652 4829
653 4829
654 4828
655 4828
656 4827
657 4827
658 4827
659 4827
660 4827
661 4827
662 4827
663 4827
664 4827
665 4827
666 4827
667 4827
668 4827
669 4827
670 4827
671 4827
672 4827
673 4827
674 4827
675 4827
676 4826
677 4826
678 4825
679 4824
680 4824
680 4823
681 4822
682 4822
682 4821
683 4820
684 4820
684 4819
685 4818
686 4818
686 4817
687 4816
688 4816
688 4815
689 4814
690 4813
691 4812
692 4811
692 4810
693 4809
693 4808
694 4807
694 4806
695 4805
695 4804
696 4803
696 4802
696 4801
696 4800
697 4799
697 4798
698 4797
698 4796
698 4795
699 4794
700 4793
700 4792
700 4791
701 4790
702 4789
702 4788
703 4787
703 4786
704 4785
704 4784
705 4783
705 4782
705 4781
705 4780
705 4779
705 4778
705 4777
705 4776
705 4775
705 4774
706 4773
706 4772
706 4771
706 4770
707 4769
707 4768
707 4767
707 4766
707 4765
707 4764
707 4763
707 4762
708 4761
708 4760
708 4759
708 4758
709 4757
709 4756
709 4755
709 4754
709 4753
709 4752
709 4751
709 4750
709 4749
709 4748
709 4747
709 4746
709 4745
709 4744
709 4743
709 4742
709 4741
709 4740
709 4739
709 4738
709 4737
709 4736
709 4735
709 4734
709 4733
709 4732
708 4731
708 4730
707 4729
707 4728
706 4727
706 4726
705 4725
705 4724
704 4723
704 4722
703 4721
702 4720
702 4719
701 4719
700 4718
700 4717
699 4717
698 4716
698 4715
697 4715
696 4714
695 4713
694 4713
693 4712
692 4712
691 4711
690 4711
689 4710
688 4709
687 4709
686 4708
685 4707
684 4707
683 4706
682 4706
681 4705
680 4705
679 4704
678 4703
677 4703
676 4702
675 4701
674 4700
673 4699
672 4699
671 4699
670 4698
669 4697
668 4697
667 4697
666 4696
665 4695
664 4695
663 4695
662 4694
661 4693
660 4693
659 4693
658 4693
657 4692
656 4692
655 4692
654 4692
653 4692
652 4692
651 4691
650 4691
649 4691
648 4691
647 4690
646 4690
645 4690
644 4690
643 4690
642 4690
641 4689
640 4689
639 4689
638 4689
637 4688
636 4688
635 4688
634 4688
633 4688
632 4688
631 4687
630 4687
629 4687
628 4687
627 4686
626 4686
625 4686
624 4686
623 4686
622 4686
621 4685
620 4685
619 4685
618 4685
617 4684
616 4684
615 4684
614 4684
613 4684
612 4684
611 4684
610 4684
609 4683
608 4683
607 4683
606 4683
605 4682
604 4682
603 4682
602 4682
601 4682
600 4682
599 4682
598 4682
597 4682
596 4682
595 4681
594 4681
593 4681
592 4681
591 4680
590 4680
589 4680
588 4680
587 4680
586 4680
585 4680
584 4680
583 4680
582 4680
581 4680
580 4680
579 4680
578 4680
577 4679
576 4679
575 4679
574 4679
573 4678
572 4678
571 4678
570 4678
569 4678
568 4678
567 4678
566 4678
565 4678
564 4678
563 4677
562 4677
561 4677
560 4677
559 4676
558 4676
557 4676
556 4676
555 4676
554 4676
553 4676
552 4676
551 4676
550 4676
549 4676
548 4676
547 4676
546 4676
545 4676
544 4676
543 4676
542 4676
541 4676
540 4676
539 4676
538 4676
537 4676
536 4676
535 4676
534 4676
533 4676
532 4676
531 4676
530 4676
529 4676
528 4676
527 4676
526 4676
525 4676
524 4676
523 4676
522 4676
521 4676
520 4676
519 4676
518 4676
517 4676
516 4676
515 4676
514 4676
513 4676
512 4676
511 4676
510 4676
509 4677
508 4677
507 4677
506 4677
505 4678
504 4678
503 4678
502 4678
501 4679
500 4679
499 4679
498 4679
497 4680
496 4680
495 4680
494 4680
493 4681
492 4681
491 4681
490 4681
489 4682
488 4682
487 4682
486 4682
485 4683
484 4683
483 4684
482 4684
481 4685
480 4685
479 4686
478 4687
477 4687
476 4687
475 4688
474 4688
473 4688
472 4688
471 4688
470 4688
469 4688
468 4688
467 4688
466 4688
465 4688
464 4688
463 4688
462 4688
461 4688
460 4688
459 4688
458 4688
457 4688
456 4688
455 4688
454 4688
453 4688
452 4688
451 4688
450 4688
449 4688
448 4688
447 4688
446 4688
445 4687
444 4687
443 4687
442 4687
441 4686
440 4686
439 4685
438 4685
437 4685
436 4684
435 4683
434 4683
433 4683
432 4682
431 4681
430 4681
429 4680
428 4680
427 4679
426 4679
425 4678
424 4678
423 4678
422 4678
421 4678
420 4678
419 4678
418 4678
417 4677
416 4677
415 4677
414 4677
413 4676
412 4676
411 4676
410 4676
409 4676
408 4676
407 4676
406 4676
405 4675
404 4675
403 4675
402 4675
401 4674
400 4674
399 4674
398 4674
397 4674
396 4674
395 4674
394 4674
393 4674
392 4674
391 4674
390 4674
389 4674
388 4674
387 4674
386 4674
385 4674
384 4674
383 4674
382 4674
381 4674
380 4674
379 4674
378 4674
377 4674
376 4674
375 4674
374 4674
