789 2115
788 2116
787 2116
786 2116
785 2116
784 2117
783 2117
782 2117
781 2117
780 2117
779 2117
778 2117
777 2117
776 2117
775 2117
774 2117
773 2117
772 2117
771 2117
770 2117
769 2117
768 2118
767 2118
766 2118
765 2118
764 2119
763 2119
762 2119
761 2119
760 2119
759 2119
758 2119
757 2119
756 2119
755 2119
754 2119
753 2119
752 2120
751 2120
750 2120
749 2120
748 2121
747 2121
746 2121
745 2121
744 2121
743 2121
742 2122
741 2122
740 2122
739 2122
738 2123
737 2123
736 2124
735 2124
734 2124
733 2124
732 2125
731 2125
730 2126
729 2126
728 2126
727 2126
726 2127
725 2127
724 2127
723 2127
722 2127
721 2127
720 2128
719 2128
718 2128
717 2128
716 2129
715 2129
714 2130
713 2130
712 2130
711 2130
710 2131
709 2131
708 2131
707 2131
706 2131
705 2131
704 2132
703 2132
702 2132
701 2132
700 2133
699 2133
698 2134
697 2134
696 2134
695 2134
694 2135
693 2135
692 2135
691 2135
690 2135
689 2135
688 2136
687 2136
686 2137
685 2137
684 2138
683 2138
682 2139
681 2140
680 2140
679 2140
678 2141
677 2141
676 2141
675 2141
674 2141
673 2141
672 2142
671 2142
670 2143
669 2143
668 2144
667 2144
666 2145
665 2146
664 2147
663 2148
662 2149
661 2150
660 2151
660 2152
660 2153
660 2154
659 2155
659 2156
659 2157
659 2158
659 2159
659 2160
659 2161
659 2162
659 2163
659 2164
660 2165
660 2166
661 2167
661 2168
662 2169
662 2170
663 2171
664 2172
665 2173
665 2174
666 2175
666 2176
667 2177
668 2178
669 2179
669 2180
670 2181
670 2182
671 2183
671 2184
671 2185
671 2186
672 2187
672 2188
673 2189
673 2190
674 2191
674 2192
675 2193
675 2194
676 2195
676 2196
676 2197
676 2198
677 2199
678 2200
678 2201
678 2202
679 2203
679 2204
680 2205
680 2206
680 2207
680 2208
681 2209
682 2210
682 2211
682 2212
683 2213
684 2214
685 2215
686 2216
686 2217
687 2217
688 2218
688 2219
689 2220
690 2221
690 2222
691 2223
692 2224
692 2225
692 2226
693 2227
693 2228
694 2229
694 2230
695 2231
695 2232
696 2233
696 2234
697 2235
698 2236
699 2237
700 2238
701 2239
702 2240
703 2241
704 2241
705 2242
706 2243
707 2243
708 2244
709 2245
710 2246
711 2247
712 2247
713 2247
714 2248
715 2249
716 2249
717 2249
718 2249
719 2250
720 2250
721 2251
722 2251
723 2251
724 2252
725 2253
726 2253
727 2253
728 2253
729 2254
730 2254
731 2254
732 2254
733 2254
734 2254
735 2255
736 2255
737 2255
738 2255
739 2256
740 2256
741 2256
742 2256
743 2256
744 2256
745 2256
746 2256
747 2256
748 2256
749 2256
750 2256
751 2256
752 2256
753 2256
754 2256
755 2255
756 2255
757 2254
758 2254
759 2253
760 2253
761 2252
762 2251
763 2251
764 2251
765 2250
766 2250
767 2249
768 2249
769 2249
770 2249
771 2248
772 2248
773 2248
774 2248
775 2248
776 2248
777 2248
778 2248
779 2249
780 2249
781 2249
782 2250
783 2251
784 2251
785 2251
786 2251
787 2252
788 2252
789 2252
790 2252
791 2252
792 2252
793 2252
794 2252
795 2253
796 2253
797 2253
798 2253
799 2254
800 2254
801 2255
802 2255
803 2255
804 2255
805 2256
806 2256
807 2256
808 2256
809 2256
810 2256
811 2256
812 2256
813 2256
814 2256
815 2256
816 2256
817 2255
818 2255
819 2254
820 2254
821 2253
822 2253
823 2252
824 2252
825 2251
826 2251
827 2250
828 2249
829 2249
829 2248
830 2247
831 2247
831 2246
832 2245
833 2245
834 2244
835 2243
836 2243
837 2242
838 2242
839 2242
840 2242
841 2241
842 2241
843 2240
844 2240
845 2239
846 2239
847 2238
848 2237
849 2237
850 2237
851 2236
852 2236
853 2236
854 2236
855 2235
856 2235
857 2234
858 2234
859 2233
860 2233
861 2232
862 2231
863 2231
864 2231
865 2230
866 2229
867 2229
868 2229
869 2228
870 2227
871 2226
872 2226
873 2225
874 2225
875 2224
876 2223
877 2222
877 2221
878 2220
878 2219
878 2218
878 2217
878 2216
878 2215
878 2214
878 2213
878 2212
878 2211
879 2210
879 2209
879 2208
879 2207
880 2206
880 2205
880 2204
880 2203
881 2202
881 2201
881 2200
881 2199
882 2198
882 2197
882 2196
882 2195
882 2194
882 2193
882 2192
882 2191
882 2190
882 2189
882 2188
882 2187
882 2186
882 2185
882 2184
882 2183
882 2182
882 2181
882 2180
882 2179
882 2178
882 2177
882 2176
882 2175
882 2174
882 2173
882 2172
882 2171
882 2170
882 2169
882 2168
882 2167
882 2166
882 2165
882 2164
882 2163
882 2162
882 2161
881 2160
881 2159
880 2158
879 2157
878 2156
877 2156
876 2155
875 2155
874 2155
873 2155
872 2156
871 2156
870 2156
869 2156
868 2157
867 2157
866 2158
865 2158
864 2158
863 2158
862 2159
861 2159
860 2159
859 2159
858 2158
857 2157
856 2156
855 2155
854 2154
853 2153
852 2152
851 2152
850 2151
849 2151
848 2151
847 2151
846 2151
845 2151
844 2151
843 2151
842 2151
841 2151
840 2150
839 2150
838 2149
837 2148
836 2148
835 2147
835 2146
834 2146
833 2145
833 2144
832 2144
831 2143
831 2142
830 2141
829 2140
829 2139
828 2138
827 2137
827 2136
827 2135
826 2134
826 2133
826 2132
826 2131
826 2130
826 2129
825 2128
825 2127
824 2126
823 2125
823 2124
822 2123
821 2122
821 2121
820 2120
819 2119
818 2118
817 2118
816 2117
815 2117
814 2117
813 2117
812 2116
811 2116
810 2116
809 2116
808 2115
807 2115
806 2115
805 2115
804 2115
803 2115
802 2115
801 2115
800 2115
799 2115
798 2115
797 2115
796 2115
795 2115
794 2115
793 2115
792 2115
791 2115
790 2115
789 2115
