861 551
860 552
859 552
858 553
857 554
856 554
856 555
855 556
854 556
854 557
853 558
852 558
852 559
851 560
850 560
850 561
849 562
848 563
847 564
846 565
846 566
845 567
845 568
844 569
843 570
842 571
842 572
841 573
840 574
840 575
839 576
838 576
838 577
837 578
836 578
836 579
835 580
834 581
833 582
832 583
832 584
831 585
830 586
830 587
829 588
828 588
828 589
827 590
826 590
826 591
825 592
824 592
824 593
823 594
822 594
822 595
821 596
820 596
820 597
819 598
818 598
818 599
817 600
816 600
816 601
815 602
814 602
813 603
812 604
811 604
810 605
809 606
808 607
807 608
806 609
806 610
805 611
805 612
804 613
803 614
802 615
802 616
801 617
800 618
799 618
798 619
797 619
796 620
795 620
794 621
793 621
792 622
791 622
790 623
789 623
788 624
787 624
786 624
785 624
784 625
783 626
782 626
781 626
780 627
779 628
778 629
777 630
776 630
775 631
774 632
773 632
772 633
771 633
770 634
769 634
768 634
767 634
766 635
765 636
764 637
763 637
762 638
761 638
760 639
759 639
758 640
757 640
756 641
755 642
754 642
753 643
752 644
751 644
750 645
749 645
748 646
747 646
746 646
745 646
744 647
743 648
742 648
741 648
740 649
739 650
738 651
737 652
736 652
735 653
734 654
733 654
732 655
731 655
730 656
729 656
728 656
727 656
726 657
725 658
724 659
723 660
722 660
721 661
720 662
719 662
718 663
717 663
716 663
715 663
714 664
713 664
712 664
711 664
710 665
709 665
708 665
707 665
706 665
705 665
704 665
703 665
702 665
701 665
700 665
699 665
698 665
697 665
696 665
695 665
694 666
693 666
692 666
691 666
690 667
689 667
688 667
687 667
686 667
685 667
684 667
683 667
682 667
681 667
680 667
679 667
678 667
677 667
676 667
675 667
674 667
673 667
672 667
671 667
670 667
669 667
668 667
667 667
666 667
665 667
664 667
663 667
662 667
661 667
660 667
659 667
658 667
657 667
656 667
655 667
654 667
653 667
652 667
651 667
650 667
649 667
648 667
647 667
646 667
645 667
644 668
643 668
642 669
641 669
640 670
639 670
638 671
637 672
636 672
635 672
634 673
633 673
632 673
631 673
630 674
629 674
628 675
627 676
626 676
626 677
625 678
624 678
624 679
623 680
622 680
622 681
621 682
620 682
620 683
619 684
618 684
618 685
617 686
616 686
616 687
615 688
614 688
614 689
613 690
612 690
612 691
611 692
610 693
610 694
609 695
609 696
609 697
609 698
610 699
610 700
611 701
612 702
612 703
613 703
614 704
614 705
615 705
616 706
616 707
617 707
618 708
618 709
619 710
620 711
620 712
621 713
621 714
621 715
621 716
622 717
622 718
623 719
623 720
624 721
624 722
625 723
626 724
627 725
627 726
628 727
628 728
629 729
630 730
631 731
631 732
632 733
632 734
633 735
634 736
634 737
634 738
635 739
636 740
636 741
636 742
637 743
638 744
638 745
638 746
639 747
640 748
641 749
641 750
642 751
642 752
643 753
644 754
645 755
646 756
647 757
648 757
649 757
650 758
651 759
652 759
653 759
654 759
655 760
656 760
657 761
658 761
659 761
660 761
661 762
662 762
663 763
664 763
665 763
666 763
667 764
668 764
669 764
670 764
671 764
672 764
673 764
674 764
675 765
676 765
677 765
678 765
679 766
680 766
681 766
682 766
683 767
684 767
685 767
686 767
687 768
688 768
689 768
690 768
691 768
692 768
693 768
694 768
695 768
696 768
697 768
698 768
699 768
700 768
701 768
702 768
703 768
704 768
705 768
706 768
707 768
708 768
709 767
710 767
711 767
712 767
713 766
714 766
715 766
716 766
717 766
718 766
719 766
720 766
721 766
722 766
723 766
724 766
725 766
726 766
727 766
728 766
729 766
730 766
731 766
732 766
733 766
734 766
735 766
736 766
737 766
738 766
739 766
740 766
741 766
742 766
743 766
744 766
745 766
746 766
747 766
748 766
749 766
750 766
751 766
752 766
753 766
754 766
755 766
756 766
757 766
758 766
759 766
760 766
761 766
762 766
763 766
764 766
765 766
766 766
767 766
768 766
769 766
770 766
771 766
772 766
773 766
774 766
775 766
776 766
777 766
778 766
779 766
780 766
781 766
782 766
783 766
784 766
785 765
786 765
787 765
788 765
789 764
790 764
791 764
792 764
793 764
794 764
795 764
796 764
797 764
798 764
799 764
800 764
801 764
802 764
803 764
804 764
805 764
806 764
807 764
808 764
809 764
810 764
811 764
812 764
813 764
814 764
815 764
816 764
817 764
818 764
819 765
820 765
821 765
822 765
823 766
824 766
825 766
826 766
827 766
828 766
829 766
830 766
831 766
832 766
833 766
834 766
835 766
836 766
837 766
838 766
839 766
840 766
841 766
842 766
843 766
844 766
845 766
846 766
847 767
848 767
849 767
850 767
851 768
852 768
853 768
854 768
855 768
856 768
857 768
858 768
859 768
860 768
861 768
862 768
863 768
864 768
865 768
866 768
867 768
868 768
869 768
870 768
871 768
872 768
873 768
874 768
875 768
876 768
877 768
878 768
879 768
880 768
881 768
882 768
883 768
884 768
885 768
886 768
887 768
888 768
889 767
890 767
891 767
892 767
893 766
894 766
895 765
896 765
897 765
898 765
899 764
900 764
901 764
902 764
903 763
904 763
905 763
906 763
907 762
908 762
909 762
910 762
911 762
912 762
913 762
914 762
915 762
916 762
917 762
918 762
919 762
920 762
921 762
922 762
923 762
924 762
925 762
926 762
927 761
928 761
929 761
930 761
931 760
932 760
933 760
934 760
935 760
936 760
937 760
938 760
939 760
940 760
941 760
942 760
943 760
944 760
945 760
946 760
947 760
948 760
949 759
950 759
951 759
952 759
953 758
954 758
955 758
956 758
957 758
958 758
959 758
960 758
961 758
962 758
963 758
964 758
965 758
966 758
967 757
968 757
969 757
970 757
971 756
972 755
973 755
974 755
975 754
976 754
977 754
978 754
979 754
980 754
981 754
982 754
983 753
984 753
985 753
986 753
987 752
988 752
989 752
990 752
991 752
992 752
993 752
994 752
995 751
996 751
997 751
998 751
999 750
1000 750
1001 750
1002 750
1003 749
1004 749
1005 749
1006 749
1007 748
1008 748
1009 748
1010 748
1011 747
1012 747
1013 747
1014 747
1015 746
1016 745
1017 744
1018 744
1019 743
1020 743
1021 742
1022 741
1023 740
1023 739
1024 738
1024 737
1024 736
1024 735
1024 734
1024 733
1024 732
1024 731
1024 730
1024 729
1024 728
1024 727
1024 726
1024 725
1024 724
1024 723
1025 722
1025 721
1025 720
1025 719
1026 718
1026 717
1026 716
1026 715
1026 714
1026 713
1026 712
1026 711
1026 710
1026 709
1026 708
1026 707
1026 706
1026 705
1026 704
1026 703
1026 702
1026 701
1026 700
1026 699
1026 698
1026 697
1026 696
1026 695
1026 694
1026 693
1026 692
1026 691
1026 690
1026 689
1026 688
1026 687
1026 686
1026 685
1027 684
1027 683
1028 682
1028 681
1029 680
1029 679
1030 678
1030 677
1030 676
1030 675
1030 674
1030 673
1030 672
1030 671
1030 670
1030 669
1030 668
1030 667
1030 666
1030 665
1031 664
1031 663
1031 662
1031 661
1032 660
1032 659
1033 658
1033 657
1033 656
1033 655
1034 654
1034 653
1034 652
1034 651
1034 650
1034 649
1034 648
1034 647
1034 646
1034 645
1035 644
1035 643
1036 642
1036 641
1037 640
1037 639
1038 638
1038 637
1038 636
1038 635
1038 634
1038 633
1038 632
1038 631
1038 630
1038 629
1038 628
1038 627
1038 626
1038 625
1038 624
1038 623
1038 622
1038 621
1038 620
1038 619
1038 618
1038 617
1037 616
1037 615
1036 614
1035 614
1034 613
1033 613
1032 612
1031 612
1030 611
1029 610
1028 610
1027 609
1026 608
1025 608
1024 607
1023 607
1022 607
1021 607
1020 606
1019 606
1018 605
1017 605
1016 604
1015 603
1014 602
1013 602
1012 601
1011 601
1010 600
1009 599
1008 598
1007 598
1006 598
1005 597
1004 596
1003 596
1002 595
1001 594
1000 594
999 593
999 592
998 592
997 591
996 590
995 589
994 588
993 588
992 588
991 587
990 586
989 586
988 585
987 584
986 584
985 583
985 582
984 582
983 581
982 580
981 579
980 578
979 578
978 577
977 576
976 576
975 575
974 574
973 573
972 572
971 572
970 572
969 572
968 571
967 571
966 571
965 571
964 572
963 572
962 572
961 572
960 573
959 573
958 573
957 573
956 572
955 572
954 572
953 571
952 570
951 570
950 570
949 569
948 568
947 568
946 568
945 567
944 566
943 566
942 566
941 566
940 565
939 565
938 564
937 564
936 564
935 564
934 563
933 563
932 563
931 563
930 563
929 563
928 563
927 563
926 562
925 562
924 562
923 562
922 561
921 561
920 561
919 561
918 560
917 560
916 560
915 560
914 559
913 559
912 559
911 559
910 558
909 558
908 558
907 558
906 557
905 557
904 556
903 556
902 556
901 555
900 554
899 554
898 554
897 554
896 553
895 553
894 552
893 552
892 552
891 552
890 551
889 551
888 551
887 551
886 551
885 551
884 551
883 551
882 551
881 551
880 551
879 551
878 551
877 551
876 551
875 551
874 551
873 551
872 551
871 551
870 551
869 551
868 551
867 551
866 551
865 551
864 551
863 551
862 551
861 551
