1589 3511
1588 3512
1587 3512
1586 3513
1585 3514
1584 3514
1583 3515
1582 3516
1581 3516
1580 3517
1579 3518
1578 3519
1577 3519
1576 3520
1575 3520
1574 3521
1573 3522
1572 3522
1571 3522
1570 3523
1569 3523
1568 3523
1567 3523
1566 3524
1565 3524
1564 3524
1563 3524
1562 3525
1561 3525
1560 3525
1559 3525
1558 3525
1557 3525
1556 3525
1555 3525
1554 3525
1553 3525
1552 3524
1551 3524
1550 3524
1549 3523
1548 3522
1547 3522
1546 3522
1545 3521
1544 3520
1543 3520
1542 3520
1541 3520
1540 3519
1539 3519
1538 3518
1537 3518
1536 3518
1535 3518
1534 3517
1533 3517
1532 3517
1531 3517
1530 3517
1529 3517
1528 3516
1527 3516
1526 3516
1525 3516
1524 3515
1523 3515
1522 3514
1521 3514
1520 3514
1519 3514
1518 3513
1517 3513
1516 3513
1515 3513
1514 3513
1513 3513
1512 3513
1511 3513
1510 3513
1509 3513
1508 3513
1507 3513
1506 3513
1505 3513
1504 3514
1503 3514
1502 3514
1501 3514
1500 3515
1499 3515
1498 3516
1497 3516
1496 3516
1495 3516
1494 3517
1493 3517
1492 3517
1491 3517
1490 3517
1489 3517
1488 3517
1487 3517
1486 3518
1485 3518
1484 3518
1483 3518
1482 3519
1481 3519
1480 3520
1479 3520
1478 3520
1477 3520
1476 3521
1475 3521
1474 3521
1473 3521
1472 3522
1471 3522
1470 3522
1469 3522
1468 3523
1467 3523
1466 3523
1465 3523
1464 3523
1463 3523
1462 3523
1461 3523
1460 3523
1459 3523
1458 3523
1457 3523
1456 3523
1455 3523
1454 3523
1453 3523
1452 3523
1451 3523
1450 3523
1449 3523
1448 3523
1447 3523
1446 3523
1445 3523
1444 3523
1443 3523
1442 3523
1441 3523
1440 3523
1439 3523
1438 3523
1437 3523
1436 3523
1435 3523
1434 3523
1433 3523
1432 3523
1431 3523
1430 3523
1429 3523
1428 3523
1427 3523
1426 3523
1425 3523
1424 3522
1423 3522
1422 3522
1421 3522
1420 3521
1419 3521
1418 3521
1417 3521
1416 3521
1415 3521
1414 3521
1413 3521
1412 3521
1411 3521
1410 3521
1409 3521
1408 3520
1407 3520
1406 3520
1405 3520
1404 3519
1403 3519
1402 3519
1401 3519
1400 3519
1399 3519
1398 3519
1397 3519
1396 3519
1395 3519
1394 3519
1393 3519
1392 3519
1391 3519
1390 3519
1389 3519
1388 3520
1387 3520
1386 3520
1385 3520
1384 3521
1383 3521
1382 3521
1381 3521
1380 3521
1379 3521
1378 3522
1377 3522
1376 3522
1375 3522
1374 3523
1373 3524
1372 3524
1371 3525
1370 3526
1369 3527
1368 3528
1368 3529
1367 3530
1366 3531
1366 3532
1366 3533
1366 3534
1365 3535
1365 3536
1365 3537
1365 3538
1364 3539
1364 3540
1364 3541
1363 3542
1362 3543
1362 3544
1362 3545
1362 3546
1361 3547
1361 3548
1361 3549
1361 3550
1361 3551
1361 3552
1360 3553
1360 3554
1360 3555
1360 3556
1359 3557
1359 3558
1359 3559
1359 3560
1359 3561
1359 3562
1358 3563
1358 3564
1358 3565
1358 3566
1357 3567
1357 3568
1357 3569
1357 3570
1357 3571
1357 3572
1357 3573
1357 3574
1356 3575
1356 3576
1356 3577
1356 3578
1355 3579
1355 3580
1355 3581
1355 3582
1355 3583
1355 3584
1355 3585
1355 3586
1354 3587
1354 3588
1354 3589
1354 3590
1353 3591
1353 3592
1353 3593
1353 3594
1352 3595
1352 3596
1352 3597
1351 3598
1350 3599
1350 3600
1350 3601
1350 3602
1349 3603
1349 3604
1348 3605
1348 3606
1348 3607
1348 3608
1347 3609
1347 3610
1347 3611
1347 3612
1347 3613
1347 3614
1347 3615
1347 3616
1347 3617
1347 3618
1346 3619
1346 3620
1346 3621
1346 3622
1345 3623
1345 3624
1344 3625
1344 3626
1344 3627
1344 3628
1343 3629
1343 3630
1343 3631
1343 3632
1343 3633
1343 3634
1343 3635
1343 3636
1343 3637
1343 3638
1343 3639
1343 3640
1343 3641
1343 3642
1344 3643
1344 3644
1344 3645
1344 3646
1345 3647
1345 3648
1345 3649
1345 3650
1345 3651
1345 3652
1345 3653
1345 3654
1345 3655
1345 3656
1345 3657
1345 3658
1345 3659
1345 3660
1345 3661
1345 3662
1345 3663
1345 3664
1345 3665
1345 3666
1345 3667
1345 3668
1345 3669
1345 3670
1345 3671
1345 3672
1345 3673
1345 3674
1346 3675
1346 3676
1346 3677
1346 3678
1347 3679
1347 3680
1347 3681
1347 3682
1348 3683
1348 3684
1349 3685
1350 3686
1351 3687
1352 3687
1353 3688
1354 3688
1355 3688
1356 3688
1357 3688
1358 3688
1359 3688
1360 3688
1361 3688
1362 3688
1363 3688
1364 3688
1365 3688
1366 3688
1367 3688
1368 3688
1369 3688
1370 3688
1371 3688
1372 3688
1373 3688
1374 3688
1375 3688
1376 3688
1377 3688
1378 3688
1379 3687
1380 3687
1381 3687
1382 3687
1383 3686
1384 3686
1385 3686
1386 3686
1387 3686
1388 3686
1389 3686
1390 3686
1391 3685
1392 3685
1393 3685
1394 3685
1395 3684
1396 3683
1397 3683
1398 3683
1399 3682
1400 3682
1401 3682
1402 3682
1403 3681
1404 3681
1405 3680
1406 3680
1407 3679
1408 3679
1409 3678
1410 3678
1411 3678
1412 3678
1413 3678
1414 3678
1415 3678
1416 3678
1417 3677
1418 3677
1419 3677
1420 3677
1421 3676
1422 3675
1423 3675
1424 3675
1425 3674
1426 3674
1427 3674
1428 3674
1429 3674
1430 3674
1431 3674
1432 3674
1433 3674
1434 3674
1435 3674
1436 3674
1437 3674
1438 3674
1439 3674
1440 3674
1441 3674
1442 3674
1443 3674
1444 3674
1445 3674
1446 3674
1447 3674
1448 3674
1449 3675
1450 3675
1451 3676
1452 3677
1453 3677
1454 3678
1454 3679
1455 3679
1456 3680
1457 3681
1458 3681
1459 3682
1460 3682
1461 3683
1462 3683
1463 3683
1464 3683
1465 3684
1466 3684
1467 3685
1468 3685
1469 3685
1470 3685
1471 3686
1472 3686
1473 3685
1474 3685
1475 3685
1476 3685
1477 3684
1478 3684
1479 3684
1480 3684
1481 3684
1482 3684
1483 3684
1484 3684
1485 3683
1486 3683
1487 3683
1488 3683
1489 3682
1490 3682
1491 3682
1492 3682
1493 3682
1494 3682
1495 3683
1496 3683
1497 3683
1498 3684
1499 3685
1500 3685
1501 3685
1502 3685
1503 3686
1504 3686
1505 3686
1506 3686
1507 3686
1508 3686
1509 3686
1510 3686
1511 3686
1512 3686
1513 3686
1514 3686
1515 3686
1516 3686
1517 3686
1518 3686
1519 3686
1520 3686
1521 3686
1522 3686
1523 3686
1524 3686
1525 3686
1526 3686
1527 3686
1528 3686
1529 3686
1530 3686
1531 3686
1532 3686
1533 3686
1534 3686
1535 3686
1536 3686
1537 3686
1538 3686
1539 3686
1540 3686
1541 3686
1542 3686
1543 3685
1544 3685
1545 3685
1546 3685
1547 3684
1548 3684
1549 3684
1550 3684
1551 3684
1552 3684
1553 3684
1554 3684
1555 3684
1556 3684
1557 3684
1558 3684
1559 3684
1560 3684
1561 3684
1562 3684
1563 3684
1564 3684
1565 3684
1566 3684
1567 3684
1568 3684
1569 3683
1570 3683
1571 3683
1572 3683
1573 3682
1574 3682
1575 3682
1576 3682
1577 3682
1578 3682
1579 3681
1580 3681
1581 3680
1582 3680
1583 3679
1584 3679
1585 3678
1586 3678
1587 3678
1588 3678
1589 3678
1590 3678
1591 3677
1592 3677
1593 3677
1594 3677
1595 3676
1596 3676
1597 3676
1598 3676
1599 3675
1600 3675
1601 3675
1602 3675
1603 3674
1604 3674
1605 3674
1606 3674
1607 3674
1608 3674
1609 3674
1610 3674
1611 3673
1612 3673
1613 3673
1614 3673
1615 3672
1616 3672
1617 3672
1618 3672
1619 3672
1620 3672
1621 3671
1622 3671
1623 3671
1624 3671
1625 3670
1626 3670
1627 3669
1628 3669
1629 3668
1630 3667
1631 3667
1632 3666
1633 3665
1634 3665
1635 3664
1636 3664
1637 3664
1638 3664
1639 3664
1640 3664
1641 3664
1642 3664
1643 3664
1644 3664
1645 3664
1646 3664
1647 3664
1648 3664
1649 3664
1650 3664
1651 3664
1652 3664
1653 3664
1654 3664
1655 3663
1656 3663
1657 3663
1658 3663
1659 3662
1660 3662
1661 3662
1662 3662
1663 3662
1664 3662
1665 3662
1666 3662
1667 3662
1668 3662
1669 3662
1670 3662
1671 3662
1672 3662
1673 3662
1674 3662
1675 3662
1676 3662
1677 3662
1678 3662
1679 3662
1680 3662
1681 3662
1682 3662
1683 3662
1684 3662
1685 3663
1686 3663
1687 3663
1688 3663
1689 3664
1690 3664
1691 3664
1692 3664
1693 3664
1694 3664
1695 3664
1696 3664
1697 3664
1698 3664
1699 3664
1700 3664
1701 3664
1702 3664
1703 3665
1704 3665
1705 3665
1706 3665
1707 3666
1708 3666
1709 3666
1710 3666
1711 3666
1712 3666
1713 3666
1714 3666
1715 3666
1716 3666
1717 3665
1718 3665
1719 3665
1720 3665
1721 3664
1722 3664
1723 3664
1724 3664
1725 3664
1726 3664
1727 3664
1728 3664
1729 3663
1730 3663
1731 3663
1732 3663
1733 3662
1734 3661
1735 3661
1736 3661
1737 3660
1738 3659
1739 3659
1740 3659
1741 3658
1742 3658
1743 3658
1744 3658
1745 3657
1746 3657
1747 3656
1748 3655
1749 3655
1750 3654
1751 3653
1752 3653
1753 3652
1754 3652
1755 3651
1756 3651
1757 3651
1758 3651
1759 3650
1760 3650
1761 3649
1762 3649
1763 3648
1764 3648
1765 3647
1766 3647
1767 3646
1768 3645
1769 3645
1770 3645
1771 3644
1772 3643
1773 3642
1774 3642
1775 3641
1776 3641
1777 3640
1778 3639
1779 3638
1780 3637
1781 3637
1781 3636
1782 3635
1783 3635
1783 3634
1784 3633
1785 3633
1785 3632
1786 3631
1787 3630
1788 3629
1789 3628
1789 3627
1789 3626
1789 3625
1790 3624
1790 3623
1791 3622
1791 3621
1791 3620
1791 3619
1792 3618
1792 3617
1793 3616
1793 3615
1793 3614
1793 3613
1794 3612
1794 3611
1794 3610
1794 3609
1795 3608
1795 3607
1795 3606
1796 3605
1797 3604
1797 3603
1797 3602
1797 3601
1798 3600
1798 3599
1799 3598
1799 3597
1799 3596
1800 3595
1801 3594
1801 3593
1801 3592
1801 3591
1802 3590
1802 3589
1802 3588
1802 3587
1802 3586
1802 3585
1802 3584
1802 3583
1802 3582
1802 3581
1802 3580
1802 3579
1802 3578
1802 3577
1802 3576
1802 3575
1802 3574
1802 3573
1802 3572
1802 3571
1801 3570
1801 3569
1801 3568
1801 3567
1800 3566
1800 3565
1800 3564
1800 3563
1800 3562
1800 3561
1800 3560
1800 3559
1800 3558
1800 3557
1799 3556
1799 3555
1798 3554
1797 3553
1796 3552
1795 3552
1794 3552
1793 3551
1792 3550
1791 3550
1790 3549
1789 3549
1788 3548
1787 3548
1786 3547
1785 3547
1784 3546
1783 3546
1782 3546
1781 3545
1780 3544
1779 3544
1778 3544
1777 3543
1776 3542
1775 3542
1774 3542
1773 3542
1772 3541
1771 3541
1770 3541
1769 3541
1768 3541
1767 3541
1766 3541
1765 3541
1764 3540
1763 3540
1762 3540
1761 3540
1760 3539
1759 3539
1758 3539
1757 3539
1756 3539
1755 3539
1754 3538
1753 3538
1752 3538
1751 3537
1750 3536
1749 3536
1748 3536
1747 3536
1746 3535
1745 3535
1744 3535
1743 3535
1742 3535
1741 3535
1740 3534
1739 3534
1738 3534
1737 3534
1736 3533
1735 3533
1734 3533
1733 3533
1732 3533
1731 3533
1730 3533
1729 3533
1728 3533
1727 3533
1726 3533
1725 3533
1724 3533
1723 3533
1722 3533
1721 3533
1720 3533
1719 3533
1718 3533
1717 3533
1716 3533
1715 3533
1714 3533
1713 3533
1712 3533
1711 3533
1710 3533
1709 3533
1708 3533
1707 3533
1706 3533
1705 3533
1704 3533
1703 3533
1702 3533
1701 3533
1700 3533
1699 3533
1698 3533
1697 3533
1696 3533
1695 3533
1694 3533
1693 3533
1692 3532
1691 3532
1690 3532
1689 3532
1688 3531
1687 3531
1686 3531
1685 3531
1684 3531
1683 3531
1682 3531
1681 3531
1680 3531
1679 3531
1678 3531
1677 3531
1676 3531
1675 3531
1674 3531
1673 3531
1672 3531
1671 3531
1670 3530
1669 3530
1668 3530
1667 3530
1666 3529
1665 3529
1664 3529
1663 3529
1662 3529
1661 3529
1660 3529
1659 3529
1658 3528
1657 3528
1656 3528
1655 3528
1654 3527
1653 3527
1652 3527
1651 3527
1650 3527
1649 3527
1648 3527
1647 3527
1646 3527
1645 3527
1644 3526
1643 3526
1642 3526
1641 3526
1640 3525
1639 3525
1638 3525
1637 3525
1636 3525
1635 3525
1634 3524
1633 3524
1632 3524
1631 3523
1630 3522
1629 3522
1628 3522
1627 3522
1626 3521
1625 3521
1624 3521
1623 3521
1622 3520
1621 3520
1620 3520
1619 3520
1618 3519
1617 3519
1616 3518
1615 3518
1614 3518
1613 3518
1612 3517
1611 3517
1610 3516
1609 3516
1608 3516
1607 3515
1606 3514
1605 3514
1604 3514
1603 3514
1602 3513
1601 3513
1600 3513
1599 3513
1598 3513
1597 3513
1596 3512
1595 3512
1594 3512
1593 3512
1592 3511
1591 3511
1590 3511
1589 3511
