393 3481
392 3482
391 3482
390 3482
389 3482
388 3483
387 3483
386 3483
385 3483
384 3484
383 3484
382 3484
381 3484
380 3485
379 3485
378 3485
377 3485
376 3486
375 3486
374 3486
373 3486
372 3487
371 3487
370 3488
369 3488
368 3488
367 3488
366 3489
365 3489
364 3489
363 3489
362 3490
361 3490
360 3490
359 3490
358 3491
357 3491
356 3491
355 3491
354 3492
353 3492
352 3492
351 3492
350 3493
349 3493
348 3494
347 3494
346 3494
345 3494
344 3495
343 3495
342 3495
341 3495
340 3496
339 3496
338 3496
337 3496
336 3497
335 3497
334 3497
333 3497
332 3498
331 3498
330 3498
329 3498
328 3499
327 3499
326 3500
325 3500
324 3501
323 3502
322 3503
322 3504
321 3505
321 3506
322 3507
322 3508
323 3509
324 3510
325 3511
326 3512
327 3513
328 3513
329 3514
330 3515
331 3516
332 3517
332 3518
333 3519
333 3520
333 3521
333 3522
333 3523
333 3524
332 3525
332 3526
332 3527
332 3528
332 3529
332 3530
332 3531
332 3532
333 3533
334 3534
334 3535
334 3536
335 3537
335 3538
336 3539
336 3540
336 3541
336 3542
337 3543
337 3544
338 3545
338 3546
338 3547
338 3548
339 3549
339 3550
340 3551
340 3552
340 3553
340 3554
341 3555
341 3556
342 3557
342 3558
343 3559
344 3560
344 3561
345 3561
346 3562
347 3563
348 3563
349 3564
350 3564
351 3564
352 3564
353 3565
354 3565
355 3565
356 3565
357 3566
358 3566
359 3566
360 3566
361 3567
362 3567
363 3567
364 3567
365 3568
366 3568
367 3568
368 3568
369 3568
370 3568
371 3568
372 3568
373 3569
374 3569
375 3569
376 3569
377 3570
378 3570
379 3570
380 3570
381 3571
382 3571
383 3571
384 3572
385 3573
386 3573
387 3573
388 3573
389 3574
390 3574
391 3575
392 3575
393 3575
394 3576
395 3577
396 3577
397 3577
398 3578
399 3579
400 3579
401 3579
402 3580
403 3581
404 3581
405 3581
406 3581
407 3582
408 3582
409 3583
410 3583
411 3583
412 3583
413 3584
414 3584
415 3585
416 3585
417 3585
418 3585
419 3586
420 3586
421 3586
422 3586
423 3587
424 3587
425 3587
426 3587
427 3588
428 3588
429 3588
430 3588
431 3588
432 3588
433 3588
434 3588
435 3587
436 3587
437 3587
438 3587
439 3586
440 3586
441 3586
442 3586
443 3586
444 3586
445 3586
446 3586
447 3586
448 3586
449 3586
450 3586
451 3586
452 3586
453 3586
454 3586
455 3586
456 3586
457 3585
458 3585
459 3585
460 3585
461 3584
462 3583
463 3582
464 3582
465 3581
466 3581
467 3580
468 3579
469 3579
470 3579
471 3578
472 3578
473 3578
474 3578
475 3579
476 3579
477 3580
478 3580
479 3581
480 3581
481 3582
482 3582
483 3582
484 3582
485 3582
486 3582
487 3581
488 3581
489 3581
490 3581
491 3580
492 3580
493 3581
494 3581
495 3581
496 3581
497 3582
498 3582
499 3582
500 3582
501 3582
502 3582
503 3582
504 3582
505 3582
506 3582
507 3582
508 3582
509 3582
510 3582
511 3582
512 3582
513 3582
514 3582
515 3582
516 3582
517 3582
518 3582
519 3581
520 3581
521 3581
522 3581
523 3580
524 3580
525 3579
526 3579
527 3579
528 3579
529 3578
530 3578
531 3578
532 3578
533 3578
534 3578
535 3578
536 3578
537 3578
538 3578
539 3577
540 3577
541 3577
542 3577
543 3576
544 3576
545 3576
546 3576
547 3576
548 3576
549 3576
550 3576
551 3576
552 3576
553 3576
554 3576
555 3576
556 3576
557 3576
558 3576
559 3575
560 3575
561 3575
562 3575
563 3574
564 3574
565 3574
566 3574
567 3574
568 3574
569 3574
570 3574
571 3574
572 3574
573 3574
574 3574
575 3573
576 3573
577 3573
578 3573
579 3572
580 3572
581 3572
582 3572
583 3571
584 3571
585 3571
586 3571
587 3570
588 3570
589 3569
590 3569
591 3569
592 3569
593 3568
594 3568
595 3568
596 3568
597 3567
598 3567
599 3567
600 3567
601 3566
602 3566
603 3566
604 3566
605 3565
606 3565
607 3565
608 3565
609 3564
610 3564
611 3564
612 3564
613 3564
614 3564
615 3563
616 3563
617 3563
618 3563
619 3562
620 3562
621 3561
622 3561
623 3561
624 3561
625 3560
626 3560
627 3560
628 3560
629 3560
630 3560
631 3559
632 3559
633 3559
634 3559
635 3558
636 3557
637 3557
638 3557
639 3556
640 3556
641 3555
642 3555
643 3555
644 3555
645 3554
646 3553
647 3553
648 3553
649 3552
650 3551
651 3551
652 3551
653 3550
654 3550
655 3549
656 3549
657 3549
658 3549
659 3548
660 3547
661 3546
662 3546
663 3545
664 3545
665 3544
666 3543
667 3543
668 3543
669 3542
670 3541
671 3541
672 3541
673 3540
674 3539
675 3538
676 3537
677 3537
677 3536
678 3535
679 3535
679 3534
680 3533
681 3533
681 3532
682 3531
683 3530
683 3529
684 3528
684 3527
684 3526
684 3525
684 3524
684 3523
684 3522
684 3521
684 3520
684 3519
684 3518
684 3517
684 3516
684 3515
683 3514
683 3513
682 3512
681 3511
681 3510
680 3510
679 3509
679 3508
678 3508
677 3507
677 3506
676 3506
675 3505
674 3504
673 3503
672 3502
671 3502
670 3502
669 3501
668 3500
667 3500
666 3500
665 3499
664 3498
663 3498
662 3498
661 3498
660 3497
659 3497
658 3497
657 3497
656 3497
655 3497
654 3497
653 3497
652 3497
651 3497
650 3497
649 3497
648 3496
647 3496
646 3496
645 3495
644 3494
643 3494
642 3493
641 3493
640 3492
639 3492
638 3491
637 3491
636 3491
635 3491
634 3491
633 3491
632 3491
631 3491
630 3491
629 3491
628 3491
627 3491
626 3491
625 3491
624 3491
623 3491
622 3491
621 3491
620 3491
619 3491
618 3491
617 3491
616 3491
615 3491
614 3491
613 3491
612 3491
611 3491
610 3491
609 3491
608 3491
607 3491
606 3491
605 3491
604 3491
603 3491
602 3491
601 3491
600 3491
599 3491
598 3490
597 3490
596 3490
595 3490
594 3489
593 3489
592 3489
591 3489
590 3489
589 3489
588 3489
587 3489
586 3489
585 3489
584 3488
583 3488
582 3488
581 3488
580 3487
579 3487
578 3487
577 3487
576 3487
575 3487
574 3487
573 3487
572 3487
571 3487
570 3487
569 3487
568 3487
567 3487
566 3486
565 3486
564 3486
563 3486
562 3485
561 3485
560 3485
559 3485
558 3485
557 3485
556 3485
555 3485
554 3485
553 3485
552 3485
551 3485
550 3485
549 3485
548 3485
547 3485
546 3485
545 3485
544 3485
543 3485
542 3485
541 3485
540 3485
539 3485
538 3485
537 3485
536 3485
535 3485
534 3485
533 3485
532 3485
531 3485
530 3485
529 3485
528 3485
527 3485
526 3485
525 3485
524 3485
523 3485
522 3485
521 3485
520 3485
519 3485
518 3485
517 3485
516 3485
515 3485
514 3485
513 3485
512 3485
511 3485
510 3485
509 3485
508 3485
507 3485
506 3485
505 3485
504 3485
503 3485
502 3485
501 3485
500 3485
499 3485
498 3485
497 3485
496 3485
495 3485
494 3485
493 3485
492 3485
491 3485
490 3485
489 3485
488 3485
487 3485
486 3485
485 3485
484 3485
483 3485
482 3485
481 3485
480 3485
479 3485
478 3485
477 3485
476 3485
475 3485
474 3485
473 3485
472 3485
471 3485
470 3485
469 3485
468 3485
467 3485
466 3485
465 3485
464 3485
463 3485
462 3485
461 3485
460 3485
459 3485
458 3485
457 3485
456 3485
455 3485
454 3485
453 3485
452 3485
451 3485
450 3485
449 3485
448 3485
447 3485
446 3485
445 3485
444 3485
443 3485
442 3485
441 3485
440 3485
439 3485
438 3485
437 3485
436 3485
435 3485
434 3485
433 3485
432 3485
431 3485
430 3485
429 3485
428 3485
427 3485
426 3485
425 3485
424 3485
423 3485
422 3485
421 3485
420 3484
419 3484
418 3484
417 3484
416 3483
415 3483
414 3483
413 3483
412 3483
411 3483
410 3483
409 3483
408 3482
407 3482
406 3482
405 3482
404 3481
403 3481
402 3481
401 3481
400 3481
399 3481
398 3481
397 3481
396 3481
395 3481
394 3481
393 3481
