375 3902
374 3903
373 3903
372 3903
371 3903
370 3904
369 3904
368 3904
367 3904
366 3904
365 3904
364 3904
363 3904
362 3904
361 3904
360 3904
359 3904
358 3904
357 3904
356 3904
355 3904
354 3904
353 3904
352 3904
351 3904
350 3904
349 3904
348 3904
347 3904
346 3904
345 3904
344 3904
343 3904
342 3904
341 3904
340 3904
339 3904
338 3904
337 3904
336 3904
335 3904
334 3904
333 3904
332 3904
331 3904
330 3904
329 3904
328 3904
327 3904
326 3904
325 3904
324 3904
323 3904
322 3904
321 3904
320 3904
319 3904
318 3905
317 3905
316 3905
315 3905
314 3906
313 3906
312 3906
311 3906
310 3906
309 3906
308 3906
307 3906
306 3906
305 3906
304 3906
303 3906
302 3906
301 3906
300 3906
299 3906
298 3906
297 3906
296 3906
295 3906
294 3906
293 3906
292 3906
291 3906
290 3907
289 3907
288 3907
287 3907
286 3908
285 3908
284 3909
283 3909
282 3909
281 3909
280 3910
279 3910
278 3910
277 3910
276 3911
275 3911
274 3911
273 3911
272 3912
271 3912
270 3912
269 3912
268 3912
267 3912
266 3912
265 3912
264 3913
263 3913
262 3913
261 3913
260 3914
259 3914
258 3914
257 3914
256 3915
255 3915
254 3915
253 3915
252 3916
251 3917
250 3918
250 3919
249 3920
249 3921
249 3922
249 3923
249 3924
249 3925
249 3926
249 3927
249 3928
249 3929
249 3930
249 3931
249 3932
249 3933
250 3934
250 3935
251 3936
252 3937
252 3938
253 3938
254 3939
254 3940
255 3940
256 3941
257 3942
258 3942
259 3943
260 3943
261 3943
262 3943
263 3943
264 3943
265 3943
266 3943
267 3943
268 3943
269 3943
270 3943
271 3944
272 3944
273 3945
274 3945
275 3946
276 3946
277 3947
278 3947
279 3948
280 3948
281 3949
282 3949
283 3950
284 3950
285 3951
286 3951
287 3951
288 3951
289 3951
290 3951
291 3951
292 3951
293 3951
294 3951
295 3951
296 3951
297 3951
298 3951
299 3952
300 3952
301 3952
302 3952
303 3953
304 3953
305 3953
306 3953
307 3953
308 3953
309 3954
310 3954
311 3954
312 3954
313 3955
314 3955
315 3956
316 3956
317 3956
318 3956
319 3957
320 3957
321 3957
322 3957
323 3957
324 3957
325 3957
326 3957
327 3957
328 3957
329 3957
330 3957
331 3957
332 3957
333 3958
334 3958
335 3958
336 3958
337 3959
338 3959
339 3959
340 3959
341 3959
342 3959
343 3959
344 3959
345 3959
346 3959
347 3959
348 3959
349 3959
350 3959
351 3959
352 3959
353 3959
354 3959
355 3959
356 3959
357 3959
358 3959
359 3959
360 3959
361 3959
362 3959
363 3959
364 3959
365 3959
366 3959
367 3959
368 3959
369 3959
370 3959
371 3959
372 3959
373 3959
374 3959
375 3959
376 3959
377 3959
378 3959
379 3959
380 3959
381 3960
382 3960
383 3960
384 3960
385 3961
386 3961
387 3961
388 3961
389 3961
390 3961
391 3961
392 3961
393 3961
394 3961
395 3961
396 3961
397 3961
398 3961
399 3961
400 3961
401 3961
402 3961
403 3961
404 3961
405 3961
406 3961
407 3962
408 3962
409 3962
410 3962
411 3963
412 3963
413 3963
414 3963
415 3963
416 3963
417 3962
418 3962
419 3962
420 3962
421 3961
422 3960
423 3960
424 3960
425 3959
426 3958
427 3957
428 3957
429 3956
430 3956
431 3955
432 3954
433 3953
434 3952
435 3952
435 3951
436 3950
437 3950
437 3949
438 3948
439 3948
439 3947
440 3946
441 3946
441 3945
442 3944
443 3944
443 3943
444 3942
445 3941
445 3940
446 3939
446 3938
446 3937
446 3936
446 3935
446 3934
446 3933
446 3932
446 3931
446 3930
446 3929
446 3928
446 3927
446 3926
445 3925
445 3924
445 3923
445 3922
444 3921
444 3920
443 3919
443 3918
442 3917
442 3916
441 3915
441 3914
440 3913
439 3912
439 3911
439 3910
438 3909
437 3908
436 3907
435 3906
434 3905
433 3905
432 3904
431 3904
430 3904
429 3904
428 3904
427 3904
426 3904
425 3904
424 3904
423 3904
422 3904
421 3904
420 3904
419 3904
418 3904
417 3904
416 3904
415 3904
414 3904
413 3904
412 3904
411 3904
410 3904
409 3904
408 3904
407 3904
406 3904
405 3904
404 3904
403 3904
402 3904
401 3904
400 3904
399 3904
398 3904
397 3904
396 3904
395 3904
394 3904
393 3904
392 3904
391 3904
390 3903
389 3903
388 3903
387 3903
386 3902
385 3902
384 3902
383 3902
382 3902
381 3902
380 3902
379 3902
378 3902
377 3902
376 3902
375 3902
