825 2735
824 2736
823 2736
822 2736
821 2736
820 2737
819 2737
818 2738
817 2738
816 2738
815 2738
814 2739
813 2739
812 2739
811 2739
810 2739
809 2739
808 2739
807 2739
806 2738
805 2738
804 2738
803 2738
802 2737
801 2737
800 2737
799 2737
798 2737
797 2737
796 2737
795 2737
794 2737
793 2737
792 2737
791 2737
790 2737
789 2737
788 2737
787 2737
786 2737
785 2737
784 2737
783 2737
782 2737
781 2737
780 2737
779 2737
778 2738
777 2738
776 2738
775 2738
774 2739
773 2739
772 2739
771 2739
770 2740
769 2740
768 2740
767 2740
766 2741
765 2741
764 2741
763 2741
762 2741
761 2741
760 2741
759 2741
758 2741
757 2741
756 2741
755 2741
754 2741
753 2741
752 2742
751 2742
750 2742
749 2742
748 2743
747 2744
746 2744
745 2744
744 2745
743 2745
742 2745
741 2745
740 2745
739 2745
738 2745
737 2745
736 2745
735 2745
734 2745
733 2745
732 2745
731 2745
730 2745
729 2745
728 2745
727 2745
726 2745
725 2745
724 2745
723 2745
722 2745
721 2745
720 2745
719 2745
718 2745
717 2745
716 2744
715 2744
714 2744
713 2744
712 2743
711 2743
710 2743
709 2743
708 2743
707 2743
706 2742
705 2742
704 2742
703 2742
702 2741
701 2741
700 2741
699 2741
698 2741
697 2741
696 2741
695 2741
694 2741
693 2741
692 2742
691 2742
690 2743
689 2744
688 2744
688 2745
687 2746
686 2746
686 2747
685 2748
684 2748
684 2749
683 2750
682 2750
681 2751
680 2752
679 2752
678 2753
677 2753
676 2754
675 2754
674 2754
673 2754
672 2755
671 2755
670 2756
669 2756
668 2756
667 2756
666 2757
665 2757
664 2757
663 2757
662 2756
661 2756
660 2756
659 2756
658 2755
657 2755
656 2755
655 2755
654 2756
653 2756
652 2757
651 2758
650 2759
650 2760
649 2761
649 2762
648 2763
647 2764
646 2765
646 2766
646 2767
646 2768
645 2769
645 2770
645 2771
645 2772
644 2773
644 2774
644 2775
644 2776
643 2777
643 2778
644 2779
644 2780
645 2781
646 2782
646 2783
647 2783
648 2784
649 2785
650 2786
651 2787
652 2787
653 2787
654 2788
655 2789
656 2789
657 2789
658 2790
659 2791
660 2791
661 2792
662 2792
663 2793
664 2793
665 2794
666 2794
667 2795
668 2795
669 2796
670 2796
671 2797
672 2797
673 2798
674 2798
675 2799
676 2799
677 2800
678 2801
679 2801
680 2802
680 2803
681 2803
682 2804
683 2805
684 2805
685 2806
686 2806
687 2807
688 2807
689 2807
690 2807
691 2808
692 2808
693 2808
694 2808
695 2808
696 2808
697 2808
698 2808
699 2808
700 2808
701 2809
702 2809
703 2809
704 2809
705 2810
706 2810
707 2810
708 2810
709 2811
710 2811
711 2811
712 2811
713 2812
714 2812
715 2812
716 2812
717 2812
718 2812
719 2812
720 2812
721 2812
722 2812
723 2812
724 2812
725 2812
726 2812
727 2812
728 2812
729 2813
730 2813
731 2813
732 2813
733 2814
734 2814
735 2814
736 2814
737 2814
738 2814
739 2814
740 2814
741 2815
742 2815
743 2815
744 2815
745 2816
746 2816
747 2817
748 2817
749 2817
750 2817
751 2818
752 2818
753 2818
754 2818
755 2818
756 2818
757 2818
758 2818
759 2818
760 2818
761 2818
762 2818
763 2818
764 2818
765 2818
766 2818
767 2818
768 2818
769 2818
770 2818
771 2818
772 2818
773 2818
774 2818
775 2818
776 2818
777 2818
778 2818
779 2818
780 2818
781 2819
782 2819
783 2820
784 2820
785 2821
786 2821
787 2822
788 2822
789 2822
790 2822
791 2822
792 2822
793 2822
794 2822
795 2822
796 2822
797 2822
798 2822
799 2822
800 2822
801 2823
802 2823
803 2823
804 2823
805 2824
806 2824
807 2824
808 2824
809 2824
810 2824
811 2824
812 2824
813 2824
814 2824
815 2824
816 2824
817 2824
818 2824
819 2824
820 2824
821 2824
822 2824
823 2824
824 2824
825 2824
826 2824
827 2824
828 2824
829 2824
830 2824
831 2824
832 2824
833 2824
834 2824
835 2824
836 2824
837 2824
838 2824
839 2824
840 2824
841 2824
842 2824
843 2824
844 2824
845 2824
846 2824
847 2824
848 2824
849 2823
850 2823
851 2823
852 2823
853 2822
854 2822
855 2822
856 2822
857 2822
858 2822
859 2821
860 2821
861 2821
862 2821
863 2820
864 2819
865 2819
866 2819
867 2818
868 2818
869 2818
870 2818
871 2818
872 2818
873 2818
874 2818
875 2818
876 2818
877 2817
878 2817
879 2817
880 2817
881 2816
882 2816
883 2816
884 2816
885 2816
886 2816
887 2816
888 2816
889 2815
890 2815
891 2814
892 2813
893 2812
893 2811
894 2810
894 2809
895 2808
896 2807
897 2806
897 2805
898 2804
898 2803
899 2802
900 2801
901 2800
901 2799
901 2798
902 2797
903 2796
903 2795
904 2794
904 2793
905 2792
906 2791
907 2790
907 2789
908 2788
908 2787
909 2786
909 2785
910 2784
910 2783
910 2782
910 2781
910 2780
910 2779
910 2778
910 2777
909 2776
909 2775
909 2774
909 2773
908 2772
907 2771
907 2770
907 2769
906 2768
906 2767
906 2766
906 2765
906 2764
906 2763
905 2762
905 2761
904 2760
903 2759
903 2758
902 2758
901 2757
901 2756
900 2756
899 2755
899 2754
898 2754
897 2753
896 2752
895 2751
894 2750
893 2750
892 2749
891 2749
890 2748
889 2747
888 2746
887 2746
886 2746
885 2745
884 2744
883 2744
882 2744
881 2744
880 2743
879 2743
878 2743
877 2743
876 2743
875 2743
874 2742
873 2742
872 2742
871 2742
870 2741
869 2741
868 2741
867 2741
866 2741
865 2741
864 2741
863 2741
862 2741
861 2741
860 2740
859 2740
858 2740
857 2740
856 2739
855 2739
854 2738
853 2738
852 2738
851 2738
850 2737
849 2737
848 2737
847 2737
846 2737
845 2737
844 2737
843 2737
842 2737
841 2737
840 2737
839 2737
838 2737
837 2737
836 2737
835 2737
834 2736
833 2736
832 2736
831 2736
830 2735
829 2735
828 2735
827 2735
826 2735
825 2735
