989 1251
988 1252
987 1252
986 1252
985 1252
984 1253
983 1253
982 1253
981 1253
980 1253
979 1253
978 1254
977 1254
976 1255
975 1255
974 1256
973 1256
972 1257
971 1257
970 1257
969 1257
968 1257
967 1257
966 1257
965 1257
964 1257
963 1257
962 1257
961 1257
960 1257
959 1257
958 1258
957 1258
956 1259
955 1260
954 1260
953 1261
952 1262
951 1262
950 1263
949 1263
948 1263
947 1263
946 1263
945 1263
944 1263
943 1263
942 1264
941 1264
940 1265
939 1266
938 1266
938 1267
937 1268
936 1268
936 1269
935 1270
934 1270
934 1271
933 1272
932 1272
932 1273
931 1274
930 1274
930 1275
929 1276
928 1276
928 1277
927 1278
926 1278
925 1279
924 1280
923 1280
922 1281
921 1282
920 1283
919 1284
918 1284
918 1285
917 1286
916 1286
916 1287
915 1288
914 1288
914 1289
913 1290
912 1291
911 1292
910 1293
910 1294
909 1295
908 1296
908 1297
907 1298
906 1298
906 1299
905 1300
904 1300
904 1301
903 1302
902 1302
902 1303
901 1304
900 1304
900 1305
899 1306
898 1306
898 1307
897 1308
896 1308
896 1309
895 1310
894 1311
893 1312
892 1313
892 1314
891 1315
890 1316
890 1317
889 1318
888 1318
888 1319
887 1320
886 1320
886 1321
885 1322
884 1322
884 1323
883 1324
882 1324
882 1325
881 1326
880 1326
880 1327
879 1328
878 1329
877 1330
876 1331
876 1332
875 1333
874 1334
874 1335
873 1336
872 1336
872 1337
871 1338
870 1338
870 1339
869 1340
868 1340
868 1341
867 1342
866 1342
866 1343
865 1344
864 1344
864 1345
863 1346
862 1346
862 1347
861 1348
860 1348
859 1349
858 1350
857 1350
856 1351
855 1352
854 1353
853 1353
852 1354
851 1354
850 1355
849 1356
848 1357
847 1358
846 1358
845 1359
844 1360
843 1360
842 1361
841 1361
840 1362
839 1362
838 1363
837 1364
836 1364
836 1365
835 1366
834 1366
834 1367
833 1368
832 1368
832 1369
831 1370
830 1370
830 1371
829 1372
828 1372
828 1373
827 1374
826 1374
826 1375
825 1376
824 1376
824 1377
823 1378
822 1378
822 1379
821 1380
820 1380
820 1381
819 1382
818 1383
818 1384
817 1385
817 1386
817 1387
817 1388
817 1389
817 1390
817 1391
817 1392
817 1393
817 1394
817 1395
817 1396
818 1397
818 1398
818 1399
818 1400
819 1401
820 1402
821 1403
822 1404
823 1405
824 1405
825 1405
826 1406
827 1407
828 1407
829 1408
830 1408
831 1409
832 1410
833 1411
834 1411
835 1412
836 1412
837 1413
838 1414
839 1415
840 1415
841 1416
842 1416
843 1417
844 1418
845 1419
846 1419
847 1419
848 1420
849 1421
850 1421
851 1421
852 1421
853 1422
854 1422
855 1423
856 1423
857 1423
858 1423
859 1424
860 1424
861 1424
862 1424
863 1424
864 1424
865 1425
866 1425
867 1425
868 1425
869 1426
870 1426
871 1426
872 1426
873 1425
874 1425
875 1425
876 1425
877 1424
878 1424
879 1424
880 1424
881 1424
882 1424
883 1424
884 1424
885 1423
886 1423
887 1423
888 1423
889 1422
890 1421
891 1420
892 1419
893 1419
893 1418
894 1417
895 1417
895 1416
896 1415
897 1415
898 1414
899 1413
900 1413
901 1412
902 1411
903 1411
904 1411
905 1410
906 1410
907 1410
908 1410
909 1410
910 1410
911 1410
912 1410
913 1410
914 1410
915 1409
916 1409
917 1408
918 1407
919 1407
920 1406
921 1405
922 1405
923 1404
924 1404
925 1405
926 1405
927 1405
928 1405
929 1406
930 1406
931 1407
932 1407
933 1407
934 1407
935 1408
936 1408
937 1408
938 1408
939 1408
940 1408
941 1408
942 1408
943 1408
944 1408
945 1409
946 1409
947 1409
948 1410
949 1411
950 1411
951 1411
952 1411
953 1412
954 1412
955 1413
956 1413
957 1413
958 1413
959 1414
960 1414
961 1414
962 1414
963 1415
964 1415
965 1415
966 1415
967 1416
968 1416
969 1416
970 1416
971 1416
972 1416
973 1416
974 1416
975 1416
976 1416
977 1417
978 1417
979 1417
980 1417
981 1418
982 1418
983 1418
984 1418
985 1418
986 1418
987 1418
988 1418
989 1418
990 1418
991 1418
992 1418
993 1418
994 1418
995 1418
996 1418
997 1418
998 1418
999 1418
1000 1418
1001 1418
1002 1418
1003 1417
1004 1417
1005 1417
1006 1417
1007 1416
1008 1416
1009 1416
1010 1416
1011 1416
1012 1416
1013 1416
1014 1416
1015 1416
1016 1416
1017 1417
1018 1417
1019 1417
1020 1417
1021 1418
1022 1418
1023 1418
1024 1418
1025 1419
1026 1419
1027 1419
1028 1419
1029 1420
1030 1420
1031 1421
1032 1421
1033 1421
1034 1421
1035 1422
1036 1422
1037 1422
1038 1422
1039 1423
1040 1423
1041 1423
1042 1423
1043 1424
1044 1424
1045 1424
1046 1424
1047 1425
1048 1425
1049 1425
1050 1425
1051 1426
1052 1426
1053 1426
1054 1426
1055 1427
1056 1427
1057 1427
1058 1427
1059 1428
1060 1428
1061 1429
1062 1429
1063 1429
1064 1429
1065 1430
1066 1430
1067 1430
1068 1430
1069 1430
1070 1430
1071 1430
1072 1430
1073 1431
1074 1431
1075 1431
1076 1431
1077 1432
1078 1432
1079 1432
1080 1432
1081 1432
1082 1432
1083 1432
1084 1432
1085 1432
1086 1432
1087 1432
1088 1432
1089 1432
1090 1432
1091 1431
1092 1431
1093 1431
1094 1431
1095 1430
1096 1430
1097 1430
1098 1430
1099 1430
1100 1430
1101 1430
1102 1430
1103 1429
1104 1429
1105 1429
1106 1429
1107 1428
1108 1428
1109 1428
1110 1428
1111 1428
1112 1428
1113 1428
1114 1428
1115 1428
1116 1428
1117 1428
1118 1428
1119 1428
1120 1428
1121 1427
1122 1427
1123 1427
1124 1427
1125 1426
1126 1425
1127 1425
1128 1425
1129 1424
1130 1424
1131 1423
1132 1423
1133 1422
1134 1421
1135 1421
1135 1420
1136 1419
1137 1419
1137 1418
1138 1417
1139 1417
1139 1416
1140 1415
1141 1415
1142 1414
1143 1413
1144 1413
1145 1412
1146 1411
1147 1411
1148 1411
1149 1410
1150 1409
1151 1408
1152 1407
1153 1407
1153 1406
1154 1405
1155 1405
1155 1404
1156 1403
1157 1402
1158 1401
1159 1400
1159 1399
1159 1398
1160 1397
1161 1396
1161 1395
1161 1394
1161 1393
1162 1392
1162 1391
1163 1390
1163 1389
1164 1388
1165 1387
1166 1386
1167 1385
1168 1385
1169 1384
1170 1384
1171 1384
1172 1384
1173 1384
1174 1384
1175 1384
1176 1384
1177 1383
1178 1383
1179 1382
1180 1381
1181 1381
1181 1380
1182 1379
1183 1379
1183 1378
1184 1377
1185 1377
1185 1376
1186 1375
1187 1375
1187 1374
1188 1373
1189 1373
1189 1372
1190 1371
1191 1371
1191 1370
1192 1369
1193 1369
1193 1368
1194 1367
1195 1367
1195 1366
1196 1365
1197 1364
1198 1363
1199 1362
1199 1361
1199 1360
1200 1359
1201 1358
1201 1357
1201 1356
1201 1355
1202 1354
1202 1353
1202 1352
1202 1351
1202 1350
1202 1349
1202 1348
1202 1347
1202 1346
1202 1345
1202 1344
1202 1343
1202 1342
1202 1341
1202 1340
1202 1339
1201 1338
1201 1337
1201 1336
1201 1335
1200 1334
1200 1333
1200 1332
1200 1331
1199 1330
1199 1329
1198 1328
1197 1327
1197 1326
1196 1326
1195 1325
1195 1324
1194 1324
1193 1323
1193 1322
1192 1322
1191 1321
1191 1320
1190 1320
1189 1319
1189 1318
1188 1318
1187 1317
1187 1316
1186 1316
1185 1315
1185 1314
1184 1314
1183 1313
1183 1312
1182 1312
1181 1311
1181 1310
1180 1310
1179 1309
1179 1308
1178 1308
1177 1307
1177 1306
1176 1306
1175 1305
1175 1304
1174 1304
1173 1303
1172 1302
1171 1301
1170 1300
1169 1300
1168 1299
1167 1298
1166 1298
1165 1297
1165 1296
1164 1296
1163 1295
1163 1294
1162 1294
1161 1293
1161 1292
1160 1292
1159 1291
1159 1290
1158 1290
1157 1289
1156 1288
1155 1287
1154 1286
1153 1286
1152 1285
1151 1285
1150 1284
1149 1284
1148 1283
1147 1283
1146 1282
1145 1282
1144 1281
1143 1280
1142 1280
1141 1279
1140 1278
1139 1278
1138 1277
1137 1277
1136 1276
1135 1276
1134 1275
1133 1274
1132 1274
1131 1273
1130 1272
1129 1272
1128 1271
1127 1271
1126 1271
1125 1271
1124 1271
1123 1271
1122 1271
1121 1271
1120 1271
1119 1271
1118 1271
1117 1271
1116 1271
1115 1271
1114 1271
1113 1271
1112 1271
1111 1271
1110 1271
1109 1271
1108 1271
1107 1271
1106 1271
1105 1271
1104 1271
1103 1271
1102 1271
1101 1271
1100 1271
1099 1271
1098 1271
1097 1271
1096 1271
1095 1271
1094 1271
1093 1271
1092 1271
1091 1271
1090 1271
1089 1271
1088 1270
1087 1270
1086 1270
1085 1270
1084 1269
1083 1269
1082 1268
1081 1268
1080 1268
1079 1267
1078 1266
1077 1266
1076 1265
1075 1265
1074 1264
1073 1263
1072 1262
1071 1262
1070 1262
1069 1261
1068 1260
1067 1260
1066 1260
1065 1260
1064 1259
1063 1259
1062 1259
1061 1259
1060 1259
1059 1259
1058 1259
1057 1259
1056 1259
1055 1259
1054 1258
1053 1258
1052 1257
1051 1257
1050 1256
1049 1256
1048 1255
1047 1255
1046 1255
1045 1255
1044 1255
1043 1255
1042 1254
1041 1254
1040 1254
1039 1254
1038 1253
1037 1253
1036 1253
1035 1253
1034 1253
1033 1253
1032 1252
1031 1252
1030 1252
1029 1252
1028 1251
1027 1251
1026 1251
1025 1251
1024 1251
1023 1251
1022 1251
1021 1251
1020 1251
1019 1251
1018 1251
1017 1251
1016 1251
1015 1251
1014 1251
1013 1251
1012 1251
1011 1251
1010 1251
1009 1251
1008 1251
1007 1251
1006 1251
1005 1251
1004 1251
1003 1251
1002 1251
1001 1251
1000 1251
999 1251
998 1251
997 1251
996 1251
995 1251
994 1251
993 1251
992 1251
991 1251
990 1251
989 1251
