857 4113
856 4114
855 4114
854 4114
853 4114
852 4115
851 4115
850 4115
849 4115
848 4115
847 4115
846 4115
845 4115
844 4115
843 4115
842 4115
841 4115
840 4115
839 4115
838 4115
837 4115
836 4115
835 4115
834 4115
833 4115
832 4115
831 4115
830 4115
829 4115
828 4115
827 4115
826 4115
825 4115
824 4115
823 4115
822 4115
821 4115
820 4116
819 4116
818 4116
817 4116
816 4117
815 4117
814 4117
813 4117
812 4117
811 4117
810 4117
809 4117
808 4117
807 4117
806 4117
805 4117
804 4118
803 4118
802 4118
801 4118
800 4119
799 4119
798 4119
797 4119
796 4120
795 4120
794 4120
793 4120
792 4121
791 4121
790 4121
789 4121
788 4122
787 4122
786 4123
785 4124
784 4124
784 4125
783 4126
782 4126
781 4127
780 4128
779 4128
778 4129
777 4129
776 4129
775 4129
774 4130
773 4130
772 4130
771 4130
770 4131
769 4132
768 4132
767 4132
766 4133
765 4133
764 4134
763 4134
762 4134
761 4134
760 4135
759 4136
758 4136
757 4136
756 4137
755 4138
754 4138
753 4138
752 4139
751 4139
750 4140
749 4140
748 4140
747 4140
746 4141
745 4141
744 4141
743 4141
742 4141
741 4141
740 4142
739 4142
738 4142
737 4142
736 4143
735 4143
734 4144
733 4144
732 4144
731 4144
730 4145
729 4145
728 4145
727 4145
726 4146
725 4146
724 4146
723 4146
722 4147
721 4147
720 4147
719 4147
718 4147
717 4147
716 4147
715 4147
714 4148
713 4148
712 4148
711 4148
710 4149
709 4149
708 4149
707 4149
706 4149
705 4149
704 4149
703 4149
702 4149
701 4149
700 4148
699 4148
698 4148
697 4148
696 4147
695 4147
694 4147
693 4147
692 4147
691 4147
690 4147
689 4147
688 4147
687 4147
686 4148
685 4148
684 4149
683 4150
682 4151
681 4152
680 4153
680 4154
680 4155
680 4156
679 4157
679 4158
679 4159
679 4160
679 4161
679 4162
679 4163
679 4164
679 4165
679 4166
679 4167
679 4168
679 4169
679 4170
679 4171
679 4172
679 4173
680 4174
680 4175
680 4176
681 4177
682 4178
683 4179
684 4180
685 4181
686 4181
687 4182
688 4182
689 4183
690 4183
691 4183
692 4183
693 4184
694 4184
695 4184
696 4184
697 4184
698 4184
699 4185
700 4185
701 4185
702 4185
703 4186
704 4186
705 4187
706 4187
707 4187
708 4188
709 4189
710 4189
711 4190
712 4191
713 4191
714 4192
714 4193
715 4193
716 4194
716 4195
717 4195
718 4196
718 4197
719 4197
720 4198
720 4199
721 4199
722 4200
723 4201
724 4202
725 4203
726 4203
727 4204
728 4205
729 4205
730 4206
730 4207
731 4207
732 4208
732 4209
733 4209
734 4210
734 4211
735 4211
736 4212
736 4213
737 4213
738 4214
738 4215
739 4215
740 4216
741 4217
742 4218
743 4219
744 4219
745 4220
746 4221
747 4221
748 4222
749 4223
750 4223
751 4224
752 4224
753 4224
754 4224
755 4225
756 4225
757 4225
758 4226
759 4227
760 4227
761 4227
762 4228
763 4229
764 4229
765 4229
766 4229
767 4230
768 4230
769 4230
770 4230
771 4230
772 4230
773 4230
774 4230
775 4230
776 4230
777 4230
778 4230
779 4230
780 4230
781 4230
782 4230
783 4230
784 4230
785 4230
786 4230
787 4230
788 4230
789 4230
790 4230
791 4230
792 4230
793 4230
794 4230
795 4230
796 4230
797 4231
798 4231
799 4231
800 4231
801 4232
802 4232
803 4232
804 4232
805 4232
806 4232
807 4232
808 4232
809 4232
810 4232
811 4232
812 4232
813 4232
814 4232
815 4232
816 4232
817 4232
818 4232
819 4232
820 4232
821 4232
822 4232
823 4232
824 4232
825 4232
826 4232
827 4232
828 4232
829 4232
830 4232
831 4232
832 4232
833 4232
834 4232
835 4232
836 4232
837 4232
838 4232
839 4232
840 4232
841 4232
842 4232
843 4232
844 4232
845 4232
846 4232
847 4232
848 4232
849 4232
850 4232
851 4232
852 4232
853 4231
854 4231
855 4231
856 4231
857 4230
858 4230
859 4230
860 4230
861 4229
862 4229
863 4229
864 4229
865 4228
866 4228
867 4227
868 4227
869 4226
870 4225
871 4225
871 4224
872 4223
873 4223
873 4222
874 4221
875 4221
876 4220
877 4219
878 4219
879 4218
880 4217
881 4216
882 4215
883 4215
883 4214
884 4213
885 4213
885 4212
886 4211
887 4211
887 4210
888 4209
889 4209
890 4208
891 4207
892 4207
893 4206
894 4205
895 4204
896 4203
897 4202
897 4201
898 4200
898 4199
898 4198
898 4197
898 4196
898 4195
899 4194
899 4193
899 4192
899 4191
900 4190
900 4189
900 4188
900 4187
901 4186
901 4185
901 4184
901 4183
902 4182
902 4181
902 4180
902 4179
902 4178
902 4177
902 4176
902 4175
902 4174
902 4173
902 4172
902 4171
902 4170
902 4169
901 4168
901 4167
900 4166
900 4165
899 4164
899 4163
898 4162
897 4161
896 4160
896 4159
895 4158
895 4157
894 4156
893 4155
892 4154
892 4153
891 4152
891 4151
890 4150
889 4149
889 4148
889 4147
888 4146
887 4145
887 4144
887 4143
886 4142
885 4141
884 4140
884 4139
883 4138
883 4137
882 4136
881 4135
880 4134
880 4133
879 4132
879 4131
878 4130
877 4129
877 4128
877 4127
876 4126
875 4125
874 4124
874 4123
873 4122
873 4121
872 4120
871 4119
870 4118
869 4117
869 4116
868 4116
867 4115
866 4114
865 4114
864 4113
863 4113
862 4113
861 4113
860 4113
859 4113
858 4113
857 4113
