268 3202
267 3203
266 3203
265 3204
264 3205
263 3205
262 3206
261 3207
260 3207
259 3208
258 3208
257 3209
256 3209
255 3210
254 3211
253 3212
253 3213
252 3214
252 3215
253 3216
253 3217
254 3218
255 3219
255 3220
256 3220
257 3221
257 3222
258 3222
259 3223
259 3224
260 3224
261 3225
261 3226
262 3226
263 3227
263 3228
264 3228
265 3229
265 3230
266 3230
267 3231
267 3232
268 3232
269 3233
269 3234
270 3234
271 3235
272 3236
273 3237
274 3238
275 3238
276 3239
277 3240
277 3241
278 3242
278 3243
279 3244
279 3245
280 3246
280 3247
281 3248
281 3249
282 3250
282 3251
283 3252
283 3253
284 3254
285 3255
285 3256
286 3256
287 3257
287 3258
288 3259
289 3260
289 3261
290 3262
290 3263
290 3264
290 3265
290 3266
290 3267
290 3268
290 3269
291 3270
291 3271
292 3272
292 3273
293 3274
293 3275
294 3276
295 3277
296 3278
297 3279
297 3280
298 3280
299 3281
299 3282
300 3282
301 3283
301 3284
302 3284
303 3285
303 3286
304 3286
305 3287
305 3288
306 3288
307 3289
307 3290
308 3290
309 3291
310 3292
311 3292
312 3293
313 3293
314 3293
315 3293
316 3294
317 3294
318 3295
319 3295
320 3296
321 3296
322 3297
323 3297
324 3298
325 3298
326 3299
327 3299
328 3300
329 3300
330 3301
331 3301
332 3302
333 3302
334 3302
335 3302
336 3303
337 3303
338 3304
339 3304
340 3304
341 3304
342 3305
343 3305
344 3305
345 3305
346 3306
347 3306
348 3307
349 3307
350 3308
351 3308
352 3309
353 3309
354 3310
355 3310
356 3310
357 3310
358 3311
359 3311
360 3312
361 3312
362 3312
363 3312
364 3313
365 3313
366 3314
367 3314
368 3314
369 3314
370 3315
371 3315
372 3316
373 3316
374 3316
375 3316
376 3317
377 3317
378 3318
379 3318
380 3318
381 3318
382 3319
383 3319
384 3320
385 3320
386 3321
387 3322
388 3322
389 3323
389 3324
390 3324
391 3325
391 3326
392 3326
393 3327
393 3328
394 3328
395 3329
395 3330
396 3330
397 3331
398 3332
399 3332
400 3333
401 3333
402 3333
403 3333
404 3333
405 3333
406 3333
407 3333
408 3333
409 3333
410 3333
411 3333
412 3333
413 3333
414 3333
415 3333
416 3333
417 3333
418 3332
419 3332
420 3332
421 3332
422 3331
423 3331
424 3331
425 3331
426 3331
427 3331
428 3331
429 3331
430 3331
431 3331
432 3332
433 3332
434 3333
435 3333
436 3334
437 3335
438 3336
439 3336
440 3336
441 3336
442 3337
443 3337
444 3337
445 3337
446 3338
447 3338
448 3339
449 3340
450 3340
451 3341
451 3342
452 3342
453 3343
454 3344
455 3344
456 3345
457 3345
458 3345
459 3345
460 3346
461 3346
462 3346
463 3347
464 3348
465 3348
466 3349
467 3349
468 3350
469 3350
470 3351
471 3351
472 3352
473 3352
474 3353
475 3354
476 3354
477 3355
478 3356
479 3356
480 3357
481 3357
482 3358
483 3358
484 3359
485 3359
486 3360
487 3360
488 3361
489 3361
490 3361
491 3361
492 3362
493 3362
494 3363
495 3363
496 3364
497 3364
498 3365
499 3365
500 3365
501 3365
502 3366
503 3366
504 3366
505 3366
506 3367
507 3367
508 3368
509 3368
510 3368
511 3368
512 3369
513 3369
514 3369
515 3369
516 3369
517 3369
518 3369
519 3369
520 3370
521 3370
522 3370
523 3371
524 3372
525 3372
526 3372
527 3372
528 3373
529 3373
530 3373
531 3373
532 3373
533 3373
534 3374
535 3374
536 3374
537 3374
538 3375
539 3375
540 3375
541 3375
542 3376
543 3376
544 3376
545 3376
546 3377
547 3377
548 3377
549 3377
550 3377
551 3377
552 3377
553 3377
554 3377
555 3377
556 3377
557 3377
558 3377
559 3377
560 3377
561 3377
562 3377
563 3377
564 3377
565 3377
566 3378
567 3378
568 3378
569 3378
570 3379
571 3379
572 3379
573 3379
574 3379
575 3379
576 3379
577 3379
578 3379
579 3379
580 3379
581 3379
582 3379
583 3379
584 3378
585 3378
586 3377
587 3377
588 3376
589 3376
590 3375
591 3375
592 3374
593 3374
594 3373
595 3373
596 3372
597 3372
598 3371
599 3371
600 3370
601 3370
602 3369
603 3369
604 3368
605 3368
606 3367
607 3366
608 3366
609 3366
610 3365
611 3365
612 3365
613 3365
614 3366
615 3366
616 3366
617 3366
618 3367
619 3367
620 3367
621 3367
622 3367
623 3367
624 3367
625 3367
626 3367
627 3367
628 3367
629 3367
630 3366
631 3366
632 3365
632 3364
633 3363
633 3362
633 3361
633 3360
634 3359
634 3358
635 3357
636 3356
637 3355
638 3354
639 3354
640 3353
641 3353
642 3353
643 3353
644 3353
645 3353
646 3353
647 3353
648 3353
649 3353
650 3352
651 3352
652 3352
653 3352
654 3351
655 3351
656 3351
657 3351
658 3351
659 3351
660 3352
661 3352
662 3353
663 3354
664 3354
665 3355
665 3356
666 3356
667 3357
668 3358
669 3359
670 3360
671 3360
672 3360
673 3361
674 3362
675 3362
676 3363
677 3363
678 3364
679 3364
680 3365
681 3365
682 3365
683 3365
684 3365
685 3365
686 3365
687 3365
688 3365
689 3365
690 3365
691 3365
692 3365
693 3365
694 3365
695 3365
696 3365
697 3365
698 3365
699 3365
700 3365
701 3365
702 3365
703 3365
704 3365
705 3365
706 3365
707 3365
708 3364
709 3364
710 3364
711 3364
712 3363
713 3362
714 3361
715 3361
716 3360
717 3360
718 3359
719 3359
720 3359
721 3359
722 3359
723 3359
724 3359
725 3359
726 3359
727 3359
728 3358
729 3358
730 3358
731 3358
732 3357
733 3357
734 3356
735 3356
736 3356
737 3356
738 3355
739 3355
740 3354
741 3354
742 3353
743 3353
744 3352
745 3352
746 3351
747 3351
748 3350
749 3350
750 3349
751 3349
752 3348
753 3348
754 3347
755 3346
756 3345
757 3345
758 3344
759 3344
760 3343
761 3342
762 3342
763 3342
764 3341
765 3340
766 3340
767 3340
768 3339
769 3338
770 3337
771 3336
772 3336
772 3335
773 3334
774 3334
775 3333
776 3332
777 3332
778 3331
779 3330
780 3329
781 3328
782 3328
782 3327
783 3326
784 3325
784 3324
785 3323
785 3322
785 3321
785 3320
785 3319
785 3318
785 3317
785 3316
785 3315
785 3314
785 3313
785 3312
785 3311
785 3310
785 3309
785 3308
785 3307
785 3306
786 3305
786 3304
787 3303
787 3302
788 3301
788 3300
789 3299
789 3298
789 3297
789 3296
788 3295
788 3294
788 3293
788 3292
787 3291
787 3290
786 3289
786 3288
785 3287
784 3286
784 3285
783 3284
782 3283
782 3282
781 3281
781 3280
781 3279
781 3278
781 3277
781 3276
780 3275
780 3274
780 3273
780 3272
779 3271
779 3270
779 3269
779 3268
779 3267
779 3266
778 3265
778 3264
778 3263
778 3262
777 3261
776 3260
775 3259
775 3258
774 3257
774 3256
773 3255
773 3254
772 3253
772 3252
772 3251
772 3250
771 3249
770 3248
770 3247
770 3246
769 3245
769 3244
768 3243
768 3242
768 3241
768 3240
767 3239
766 3238
765 3237
764 3236
764 3235
763 3235
762 3234
762 3233
761 3233
760 3232
760 3231
759 3231
758 3230
758 3229
757 3229
756 3228
755 3227
754 3227
753 3226
752 3226
751 3225
750 3225
749 3225
748 3224
747 3223
746 3223
745 3223
744 3222
743 3221
742 3221
741 3220
740 3219
739 3219
738 3218
738 3217
737 3217
736 3216
736 3215
735 3215
734 3214
733 3213
732 3213
731 3212
730 3212
729 3212
728 3212
727 3212
726 3212
725 3211
724 3211
723 3211
722 3210
721 3209
720 3209
719 3209
718 3209
717 3208
716 3208
715 3208
714 3208
713 3208
712 3208
711 3208
710 3208
709 3208
708 3208
707 3208
706 3208
705 3208
704 3208
703 3208
702 3208
701 3208
700 3208
699 3208
698 3208
697 3208
696 3208
695 3208
694 3208
693 3208
692 3208
691 3208
690 3208
689 3208
688 3208
687 3207
686 3207
685 3206
684 3206
683 3205
682 3205
681 3204
680 3204
679 3204
678 3204
677 3204
676 3204
675 3204
674 3204
673 3205
672 3205
671 3205
670 3205
669 3206
668 3206
667 3206
666 3206
665 3206
664 3206
663 3206
662 3206
661 3206
660 3206
659 3207
658 3207
657 3207
656 3207
655 3208
654 3208
653 3209
652 3209
651 3209
650 3209
649 3210
648 3210
647 3211
646 3211
645 3211
644 3211
643 3212
642 3212
641 3212
640 3212
639 3212
638 3212
637 3213
636 3213
635 3213
634 3213
633 3214
632 3214
631 3214
630 3214
629 3214
628 3214
627 3215
626 3215
625 3215
624 3215
623 3216
622 3216
621 3216
620 3216
619 3217
618 3217
617 3218
616 3218
615 3219
614 3219
613 3220
612 3220
611 3220
610 3220
609 3220
608 3220
607 3220
606 3220
605 3220
604 3220
603 3220
602 3220
601 3221
600 3221
599 3221
598 3221
597 3222
596 3223
595 3223
594 3223
593 3224
592 3224
591 3224
590 3224
589 3224
588 3224
587 3224
586 3224
585 3224
584 3224
583 3224
582 3224
581 3224
580 3224
579 3224
578 3224
577 3224
576 3224
575 3224
574 3224
573 3224
572 3224
571 3224
570 3224
569 3224
568 3224
567 3224
566 3224
565 3224
564 3224
563 3224
562 3224
561 3224
560 3224
559 3223
558 3223
557 3223
556 3223
555 3222
554 3222
553 3222
552 3222
551 3222
550 3222
549 3222
548 3222
547 3222
546 3222
545 3222
544 3222
543 3222
542 3222
541 3222
540 3222
539 3221
538 3221
537 3221
536 3221
535 3220
534 3220
533 3220
532 3220
531 3220
530 3220
529 3220
528 3220
527 3220
526 3220
525 3220
524 3220
523 3219
522 3219
521 3219
520 3219
519 3218
518 3218
517 3218
516 3218
515 3218
514 3218
513 3217
512 3217
511 3217
510 3217
509 3216
508 3216
507 3216
506 3216
505 3216
504 3216
503 3215
502 3215
501 3215
500 3215
499 3214
498 3214
497 3214
496 3214
495 3214
494 3214
493 3214
492 3214
491 3214
490 3214
489 3214
488 3214
487 3214
486 3214
485 3213
484 3213
483 3213
482 3213
481 3212
480 3212
479 3212
478 3212
477 3212
476 3212
475 3212
474 3212
473 3212
472 3212
471 3212
470 3212
469 3212
468 3212
467 3212
466 3212
465 3211
464 3211
463 3211
462 3211
461 3210
460 3210
459 3210
458 3210
457 3210
456 3210
455 3210
454 3210
453 3210
452 3210
451 3210
450 3210
449 3210
448 3210
447 3210
446 3210
445 3210
444 3210
443 3210
442 3210
441 3210
440 3210
439 3210
438 3210
437 3209
436 3209
435 3209
434 3209
433 3208
432 3208
431 3208
430 3208
429 3208
428 3208
427 3208
426 3208
425 3208
424 3208
423 3208
422 3208
421 3208
420 3208
419 3208
418 3208
417 3208
416 3208
415 3208
414 3208
413 3208
412 3208
411 3208
410 3208
409 3208
408 3208
407 3208
406 3208
405 3208
404 3208
403 3208
402 3208
401 3208
400 3208
399 3208
398 3208
397 3208
396 3208
395 3208
394 3208
393 3208
392 3208
391 3208
390 3208
389 3208
388 3208
387 3208
386 3208
385 3208
384 3208
383 3208
382 3208
381 3208
380 3208
379 3208
378 3208
377 3208
376 3208
375 3208
374 3208
373 3208
372 3208
371 3208
370 3208
369 3208
368 3208
367 3207
366 3207
365 3207
364 3207
363 3206
362 3206
361 3205
360 3205
359 3205
358 3205
357 3204
356 3204
355 3204
354 3204
353 3204
352 3204
351 3204
350 3204
349 3204
348 3204
347 3204
346 3204
345 3204
344 3204
343 3204
342 3204
341 3204
340 3204
339 3204
338 3204
337 3203
336 3203
335 3203
334 3203
333 3202
332 3202
331 3202
330 3202
329 3202
328 3202
327 3202
326 3202
325 3202
324 3202
323 3202
322 3202
321 3202
320 3202
319 3202
318 3202
317 3202
316 3202
315 3202
314 3202
313 3202
312 3202
311 3202
310 3202
309 3202
308 3202
307 3202
306 3202
305 3202
304 3202
303 3202
302 3202
301 3202
300 3202
299 3202
298 3202
297 3202
296 3202
295 3202
294 3202
293 3202
292 3202
291 3202
290 3202
289 3202
288 3202
287 3202
286 3202
285 3202
284 3202
283 3202
282 3202
281 3202
280 3202
279 3202
278 3202
277 3202
276 3202
275 3202
274 3202
273 3202
272 3202
271 3202
270 3202
269 3202
268 3202
