855 5321
854 5322
853 5322
852 5323
851 5324
850 5324
849 5325
848 5326
847 5326
846 5327
845 5327
844 5327
843 5327
842 5327
841 5327
840 5327
839 5327
838 5327
837 5327
836 5327
835 5327
834 5326
833 5326
832 5326
831 5326
830 5325
829 5325
828 5325
827 5325
826 5325
825 5325
824 5325
823 5325
822 5325
821 5325
820 5325
819 5325
818 5325
817 5325
816 5325
815 5325
814 5325
813 5325
812 5325
811 5325
810 5325
809 5325
808 5326
807 5326
806 5326
805 5326
804 5327
803 5327
802 5328
801 5328
800 5328
799 5328
798 5329
797 5329
796 5330
795 5330
794 5330
793 5330
792 5331
791 5331
790 5331
789 5331
788 5332
787 5332
786 5332
785 5332
784 5333
783 5333
782 5334
781 5334
780 5335
779 5335
778 5336
777 5336
776 5337
775 5337
774 5337
773 5337
772 5337
771 5337
770 5338
769 5338
768 5339
767 5340
766 5340
766 5341
765 5342
764 5342
763 5343
762 5344
761 5344
760 5345
759 5345
758 5345
757 5345
756 5346
755 5346
754 5346
753 5346
752 5347
751 5347
750 5347
749 5347
748 5347
747 5347
746 5347
745 5347
744 5347
743 5347
742 5348
741 5348
740 5348
739 5348
738 5349
737 5350
736 5350
735 5350
734 5351
733 5352
732 5352
731 5352
730 5353
729 5353
728 5353
727 5353
726 5354
725 5354
724 5354
723 5354
722 5355
721 5356
720 5356
719 5356
718 5357
717 5357
716 5357
715 5357
714 5357
713 5357
712 5357
711 5357
710 5356
709 5356
708 5356
707 5356
706 5355
705 5355
704 5355
703 5355
702 5355
701 5355
700 5355
699 5355
698 5354
697 5354
696 5354
695 5354
694 5353
693 5353
692 5353
691 5353
690 5353
689 5353
688 5353
687 5353
686 5353
685 5353
684 5353
683 5353
682 5353
681 5353
680 5353
679 5353
678 5353
677 5353
676 5352
675 5352
674 5352
673 5351
672 5350
671 5350
670 5349
669 5348
668 5348
667 5347
667 5346
666 5346
665 5345
665 5344
664 5344
663 5343
662 5342
661 5342
660 5341
659 5341
658 5341
657 5341
656 5341
655 5341
654 5342
653 5342
652 5342
651 5342
650 5343
649 5343
648 5343
647 5343
646 5342
645 5342
644 5341
643 5341
642 5340
641 5340
640 5339
639 5339
638 5338
637 5338
636 5338
635 5338
634 5337
633 5337
632 5337
631 5337
630 5336
629 5336
628 5336
627 5336
626 5335
625 5335
624 5334
623 5334
622 5334
621 5334
620 5333
619 5333
618 5332
617 5332
616 5332
615 5332
614 5331
613 5331
612 5331
611 5331
610 5331
609 5331
608 5331
607 5331
606 5331
605 5331
604 5331
603 5331
602 5331
601 5331
600 5331
599 5331
598 5332
597 5332
596 5333
595 5333
594 5334
593 5334
592 5335
591 5335
590 5335
589 5335
588 5335
587 5335
586 5336
585 5336
584 5337
583 5338
582 5338
582 5339
581 5340
580 5341
580 5342
579 5343
579 5344
578 5345
578 5346
577 5347
577 5348
576 5349
576 5350
575 5351
575 5352
574 5353
574 5354
573 5355
572 5356
572 5357
571 5358
570 5359
569 5360
568 5361
568 5362
567 5363
566 5364
565 5364
564 5365
563 5365
562 5365
561 5365
560 5365
559 5365
558 5365
557 5365
556 5364
555 5364
554 5363
553 5362
552 5362
551 5361
551 5360
550 5360
549 5359
549 5358
548 5358
547 5357
546 5356
545 5356
544 5355
543 5355
542 5355
541 5355
540 5355
539 5355
538 5355
537 5355
536 5356
535 5356
534 5356
533 5356
532 5357
531 5357
530 5357
529 5357
528 5358
527 5358
526 5359
525 5360
524 5360
524 5361
523 5362
522 5363
522 5364
521 5365
521 5366
521 5367
521 5368
520 5369
520 5370
520 5371
519 5372
518 5373
518 5374
517 5375
516 5376
515 5377
514 5378
513 5378
512 5379
511 5379
510 5379
509 5379
508 5379
507 5379
506 5379
505 5379
504 5379
503 5379
502 5378
501 5378
500 5378
499 5378
498 5377
497 5377
496 5377
495 5377
494 5377
493 5377
492 5376
491 5376
490 5376
489 5375
488 5374
487 5374
486 5374
485 5374
484 5373
483 5373
482 5372
481 5372
480 5372
479 5372
478 5371
477 5371
476 5371
475 5371
474 5371
473 5371
472 5371
471 5371
470 5370
469 5370
468 5370
467 5370
466 5369
465 5369
464 5369
463 5369
462 5370
461 5370
460 5370
459 5370
458 5371
457 5372
456 5372
455 5372
454 5373
453 5373
452 5373
451 5373
450 5374
449 5374
448 5375
447 5376
446 5376
446 5377
445 5378
444 5378
444 5379
443 5380
442 5380
442 5381
441 5382
440 5382
440 5383
439 5384
438 5384
438 5385
437 5386
436 5386
435 5387
434 5388
433 5388
432 5389
431 5390
430 5391
429 5392
428 5392
428 5393
427 5394
426 5395
426 5396
425 5397
425 5398
425 5399
425 5400
425 5401
425 5402
425 5403
425 5404
425 5405
425 5406
426 5407
426 5408
426 5409
426 5410
427 5411
427 5412
427 5413
427 5414
427 5415
427 5416
427 5417
427 5418
427 5419
427 5420
427 5421
427 5422
427 5423
427 5424
427 5425
427 5426
427 5427
427 5428
428 5429
428 5430
429 5431
430 5432
430 5433
431 5433
432 5434
432 5435
433 5435
434 5436
434 5437
435 5437
436 5438
436 5439
437 5439
438 5440
438 5441
439 5441
440 5442
440 5443
441 5443
442 5444
442 5445
443 5445
444 5446
444 5447
445 5447
446 5448
446 5449
447 5449
448 5450
448 5451
449 5451
450 5452
450 5453
451 5453
452 5454
452 5455
453 5455
454 5456
454 5457
455 5457
456 5458
456 5459
457 5459
458 5460
459 5461
460 5461
461 5462
462 5462
463 5462
464 5462
465 5463
466 5463
467 5464
468 5465
469 5465
470 5466
470 5467
471 5467
472 5468
472 5469
473 5469
474 5470
474 5471
475 5471
476 5472
476 5473
477 5473
478 5474
478 5475
479 5475
480 5476
480 5477
481 5477
482 5478
482 5479
483 5480
484 5481
484 5482
485 5483
485 5484
485 5485
485 5486
486 5487
486 5488
487 5489
487 5490
488 5491
488 5492
489 5493
489 5494
490 5495
490 5496
490 5497
490 5498
491 5499
492 5500
492 5501
492 5502
493 5503
493 5504
494 5505
494 5506
495 5507
496 5508
496 5509
497 5509
498 5510
498 5511
499 5511
500 5512
500 5513
501 5513
502 5514
502 5515
503 5515
504 5516
504 5517
505 5518
506 5519
506 5520
507 5521
508 5522
508 5523
508 5524
509 5525
510 5526
511 5527
512 5528
513 5529
514 5530
515 5531
516 5531
517 5532
518 5533
519 5533
520 5534
520 5535
521 5535
522 5536
523 5537
524 5537
525 5538
526 5538
527 5539
528 5539
529 5539
530 5539
531 5540
532 5540
533 5540
534 5540
535 5541
536 5541
537 5541
538 5541
539 5542
540 5542
541 5542
542 5542
543 5542
544 5542
545 5542
546 5542
547 5542
548 5542
549 5542
550 5542
551 5542
552 5542
553 5542
554 5542
555 5542
556 5542
557 5542
558 5542
559 5542
560 5542
561 5542
562 5542
563 5542
564 5542
565 5542
566 5542
567 5542
568 5542
569 5542
570 5542
571 5542
572 5542
573 5542
574 5542
575 5542
576 5542
577 5542
578 5542
579 5542
580 5542
581 5542
582 5542
583 5543
584 5543
585 5544
586 5545
587 5545
588 5546
588 5547
589 5547
590 5548
590 5549
591 5549
592 5550
592 5551
593 5551
594 5552
595 5553
596 5554
597 5555
598 5555
599 5555
600 5555
601 5556
602 5556
603 5556
604 5556
605 5557
606 5557
607 5557
608 5557
609 5558
610 5558
611 5558
612 5558
613 5559
614 5559
615 5560
616 5560
617 5561
618 5561
619 5562
620 5562
621 5562
622 5562
623 5562
624 5562
625 5563
626 5563
627 5563
628 5563
629 5564
630 5564
631 5564
632 5564
633 5564
634 5564
635 5564
636 5564
637 5564
638 5564
639 5564
640 5564
641 5564
642 5564
643 5564
644 5564
645 5565
646 5565
647 5565
648 5566
649 5567
650 5567
651 5567
652 5568
653 5569
654 5569
655 5569
656 5569
657 5570
658 5570
659 5570
660 5570
661 5571
662 5571
663 5571
664 5571
665 5572
666 5572
667 5572
668 5572
669 5572
670 5572
671 5572
672 5572
673 5572
674 5572
675 5573
676 5573
677 5573
678 5573
679 5574
680 5574
681 5574
682 5574
683 5574
684 5574
685 5574
686 5574
687 5574
688 5574
689 5574
690 5574
691 5574
692 5574
693 5574
694 5574
695 5575
696 5575
697 5575
698 5576
699 5577
700 5577
701 5577
702 5578
703 5579
704 5579
705 5579
706 5579
707 5580
708 5580
709 5580
710 5580
711 5580
712 5580
713 5580
714 5580
715 5581
716 5581
717 5581
718 5582
719 5583
720 5583
721 5583
722 5583
723 5584
724 5584
725 5585
726 5585
727 5585
728 5586
729 5587
730 5587
731 5587
732 5587
733 5588
734 5588
735 5589
736 5589
737 5589
738 5589
739 5590
740 5590
741 5590
742 5590
743 5590
744 5590
745 5591
746 5591
747 5592
748 5592
749 5593
750 5593
751 5594
752 5594
753 5594
754 5594
755 5594
756 5594
757 5594
758 5594
759 5594
760 5594
761 5594
762 5594
763 5594
764 5594
765 5594
766 5594
767 5594
768 5594
769 5594
770 5594
771 5594
772 5594
773 5594
774 5594
775 5594
776 5594
777 5594
778 5594
779 5593
780 5593
781 5592
782 5592
783 5591
784 5591
785 5590
786 5590
787 5590
788 5590
789 5590
790 5590
791 5590
792 5590
793 5590
794 5590
795 5590
796 5590
797 5590
798 5590
799 5590
800 5590
801 5590
802 5590
803 5591
804 5591
805 5592
806 5592
807 5593
808 5593
809 5594
810 5594
811 5594
812 5594
813 5594
814 5594
815 5595
816 5595
817 5595
818 5595
819 5596
820 5596
821 5597
822 5597
823 5597
824 5597
825 5598
826 5598
827 5599
828 5599
829 5599
830 5599
831 5600
832 5600
833 5600
834 5600
835 5600
836 5600
837 5600
838 5600
839 5600
840 5600
841 5600
842 5600
843 5599
844 5599
845 5599
846 5599
847 5598
848 5598
849 5597
850 5597
851 5596
852 5596
853 5595
854 5595
855 5594
856 5594
857 5594
858 5594
859 5594
860 5594
861 5594
862 5594
863 5593
864 5593
865 5593
866 5593
867 5592
868 5592
869 5591
870 5591
871 5591
872 5591
873 5590
874 5590
875 5590
876 5590
877 5590
878 5590
879 5589
880 5589
881 5589
882 5589
883 5588
884 5588
885 5588
886 5588
887 5588
888 5588
889 5587
890 5587
891 5587
892 5587
893 5586
894 5586
895 5586
896 5586
897 5586
898 5586
899 5585
900 5585
901 5585
902 5585
903 5584
904 5584
905 5584
906 5584
907 5583
908 5583
909 5583
910 5583
911 5582
912 5582
913 5582
914 5582
915 5582
916 5582
917 5581
918 5581
919 5581
920 5581
921 5580
922 5580
923 5580
924 5580
925 5580
926 5580
927 5579
928 5579
929 5578
930 5578
931 5577
932 5577
933 5576
934 5576
935 5576
936 5576
937 5576
938 5576
939 5575
940 5575
941 5575
942 5575
943 5574
944 5574
945 5574
946 5574
947 5574
948 5574
949 5573
950 5573
951 5572
952 5571
953 5571
953 5570
954 5569
955 5569
956 5568
957 5567
958 5567
959 5566
960 5566
961 5566
962 5566
963 5566
964 5566
965 5566
966 5566
967 5565
968 5565
969 5565
970 5565
971 5564
972 5563
973 5562
974 5562
975 5561
976 5561
977 5560
978 5559
979 5558
980 5557
981 5557
981 5556
982 5555
983 5555
983 5554
984 5553
985 5553
985 5552
986 5551
987 5550
988 5549
989 5548
989 5547
990 5546
991 5545
991 5544
992 5543
993 5543
993 5542
994 5541
995 5541
995 5540
996 5539
997 5539
997 5538
998 5537
999 5537
1000 5536
1001 5535
1002 5535
1003 5534
1004 5533
1005 5532
1006 5532
1007 5531
1008 5531
1009 5530
1010 5529
1011 5529
1012 5529
1013 5528
1014 5527
1015 5526
1016 5525
1017 5525
1017 5524
1018 5523
1019 5523
1019 5522
1020 5521
1021 5521
1021 5520
1022 5519
1023 5519
1023 5518
1024 5517
1025 5517
1025 5516
1026 5515
1027 5515
1028 5514
1029 5513
1030 5513
1031 5512
1032 5511
1033 5510
1034 5509
1035 5509
1035 5508
1036 5507
1037 5507
1038 5506
1039 5505
1040 5505
1041 5504
1042 5503
1043 5503
1044 5503
1045 5502
1046 5501
1047 5500
1048 5499
1049 5499
1049 5498
1050 5497
1051 5497
1051 5496
1052 5495
1053 5495
1053 5494
1054 5493
1055 5493
1055 5492
1056 5491
1057 5491
1057 5490
1058 5489
1059 5489
1059 5488
1060 5487
1061 5487
1061 5486
1062 5485
1063 5485
1063 5484
1064 5483
1065 5482
1065 5481
1066 5480
1066 5479
1066 5478
1066 5477
1066 5476
1066 5475
1066 5474
1066 5473
1066 5472
1066 5471
1066 5470
1066 5469
1066 5468
1066 5467
1066 5466
1066 5465
1066 5464
1066 5463
1065 5462
1065 5461
1065 5460
1065 5459
1064 5458
1063 5457
1062 5456
1062 5455
1061 5454
1061 5453
1060 5452
1059 5451
1059 5450
1059 5449
1058 5448
1057 5447
1057 5446
1057 5445
1056 5444
1055 5443
1055 5442
1055 5441
1054 5440
1053 5439
1053 5438
1053 5437
1052 5436
1051 5435
1051 5434
1051 5433
1050 5432
1050 5431
1050 5430
1050 5429
1049 5428
1049 5427
1048 5426
1048 5425
1047 5424
1047 5423
1046 5422
1045 5421
1044 5420
1044 5419
1043 5418
1043 5417
1042 5416
1042 5415
1041 5414
1041 5413
1040 5412
1039 5411
1039 5410
1038 5410
1037 5409
1037 5408
1036 5407
1035 5406
1035 5405
1034 5404
1033 5403
1033 5402
1033 5401
1032 5400
1031 5399
1030 5398
1029 5397
1029 5396
1028 5396
1027 5395
1027 5394
1026 5394
1025 5393
1025 5392
1024 5392
1023 5391
1023 5390
1022 5390
1021 5389
1021 5388
1020 5388
1019 5387
1019 5386
1018 5385
1017 5384
1017 5383
1016 5382
1015 5381
1014 5380
1013 5379
1013 5378
1012 5378
1011 5377
1011 5376
1010 5376
1009 5375
1009 5374
1008 5373
1007 5372
1007 5371
1006 5370
1006 5369
1006 5368
1006 5367
1006 5366
1006 5365
1006 5364
1006 5363
1006 5362
1006 5361
1006 5360
1006 5359
1005 5358
1005 5357
1005 5356
1005 5355
1004 5354
1004 5353
1004 5352
1004 5351
1004 5350
1004 5349
1003 5348
1003 5347
1002 5346
1001 5345
1001 5344
1000 5344
999 5343
998 5342
997 5342
996 5341
995 5341
994 5341
993 5341
992 5340
991 5340
990 5340
989 5340
988 5339
987 5339
986 5339
985 5339
984 5339
983 5339
982 5339
981 5339
980 5339
979 5339
978 5339
977 5339
976 5339
975 5339
974 5339
973 5339
972 5339
971 5339
970 5339
969 5339
968 5339
967 5339
966 5338
965 5338
964 5338
963 5338
962 5337
961 5337
960 5337
959 5337
958 5336
957 5336
956 5335
955 5334
954 5334
953 5333
953 5332
952 5332
951 5331
950 5330
949 5330
948 5329
947 5329
946 5329
945 5329
944 5329
943 5329
942 5329
941 5329
940 5329
939 5329
938 5329
937 5329
936 5329
935 5329
934 5329
933 5329
932 5329
931 5329
930 5329
929 5329
928 5329
927 5329
926 5329
925 5329
924 5329
923 5329
922 5329
921 5329
920 5329
919 5329
918 5329
917 5329
916 5329
915 5329
914 5329
913 5329
912 5329
911 5329
910 5329
909 5329
908 5329
907 5329
906 5329
905 5329
904 5329
903 5329
902 5328
901 5328
900 5327
899 5327
898 5326
897 5325
896 5324
895 5324
894 5324
893 5324
892 5323
891 5323
890 5323
889 5323
888 5323
887 5323
886 5323
885 5323
884 5323
883 5323
882 5322
881 5322
880 5322
879 5322
878 5321
877 5321
876 5321
875 5321
874 5321
873 5321
872 5321
871 5321
870 5321
869 5321
868 5321
867 5321
866 5321
865 5321
864 5321
863 5321
862 5321
861 5321
860 5321
859 5321
858 5321
857 5321
856 5321
855 5321
