281 4598
280 4599
279 4599
278 4599
277 4599
276 4600
275 4600
274 4600
273 4600
272 4601
271 4601
270 4601
269 4601
268 4602
267 4603
266 4603
265 4603
264 4604
263 4605
262 4605
261 4605
260 4606
259 4607
258 4608
257 4609
256 4609
256 4610
255 4611
254 4611
254 4612
253 4613
252 4613
252 4614
251 4615
250 4615
250 4616
249 4617
248 4617
248 4618
247 4619
246 4619
246 4620
245 4621
244 4621
244 4622
243 4623
242 4623
242 4624
241 4625
240 4625
239 4626
238 4627
237 4627
236 4628
235 4629
234 4630
233 4631
232 4632
231 4633
230 4634
230 4635
229 4636
228 4637
228 4638
227 4639
226 4639
226 4640
225 4641
224 4642
223 4643
222 4644
222 4645
222 4646
222 4647
221 4648
221 4649
221 4650
221 4651
220 4652
220 4653
220 4654
220 4655
219 4656
219 4657
218 4658
218 4659
218 4660
217 4661
216 4662
216 4663
215 4664
214 4665
214 4666
213 4667
212 4668
211 4669
210 4670
210 4671
210 4672
210 4673
209 4674
209 4675
209 4676
209 4677
209 4678
209 4679
209 4680
209 4681
209 4682
209 4683
209 4684
209 4685
209 4686
209 4687
209 4688
209 4689
209 4690
209 4691
209 4692
209 4693
209 4694
209 4695
209 4696
209 4697
209 4698
209 4699
209 4700
209 4701
209 4702
209 4703
209 4704
209 4705
209 4706
209 4707
209 4708
209 4709
209 4710
209 4711
209 4712
209 4713
209 4714
209 4715
209 4716
209 4717
209 4718
209 4719
209 4720
209 4721
209 4722
209 4723
209 4724
209 4725
209 4726
209 4727
209 4728
209 4729
209 4730
209 4731
209 4732
209 4733
209 4734
209 4735
209 4736
209 4737
209 4738
209 4739
209 4740
209 4741
209 4742
209 4743
209 4744
209 4745
209 4746
209 4747
210 4748
210 4749
210 4750
210 4751
211 4752
211 4753
212 4754
212 4755
213 4756
214 4757
215 4758
216 4759
217 4760
218 4760
219 4760
220 4760
221 4761
222 4761
223 4761
224 4761
225 4761
226 4761
227 4762
228 4762
229 4763
230 4764
231 4764
232 4765
232 4766
233 4766
234 4767
234 4768
235 4768
236 4769
236 4770
237 4770
238 4771
239 4772
240 4772
241 4773
242 4773
243 4773
244 4773
245 4773
246 4773
247 4773
248 4773
249 4773
250 4773
251 4773
252 4773
253 4773
254 4773
255 4773
256 4773
257 4773
258 4773
259 4774
260 4774
261 4774
262 4774
263 4775
264 4775
265 4775
266 4775
267 4775
268 4775
269 4774
270 4774
271 4773
272 4772
273 4772
273 4771
274 4770
275 4770
275 4769
276 4768
277 4768
277 4767
278 4766
279 4766
279 4765
280 4764
281 4764
281 4763
282 4762
283 4761
283 4760
284 4759
284 4758
284 4757
284 4756
284 4755
284 4754
284 4753
284 4752
285 4751
285 4750
286 4749
287 4748
288 4747
289 4746
290 4746
291 4745
292 4744
293 4744
294 4744
295 4743
296 4743
297 4743
298 4743
299 4743
300 4743
301 4743
302 4743
303 4743
304 4743
305 4744
306 4744
307 4745
308 4746
309 4746
310 4747
310 4748
311 4748
312 4749
312 4750
313 4750
314 4751
314 4752
315 4752
316 4753
316 4754
317 4754
318 4755
318 4756
319 4756
320 4757
320 4758
321 4758
322 4759
323 4760
324 4760
325 4761
326 4761
327 4761
328 4761
329 4761
330 4761
331 4761
332 4761
333 4761
334 4761
335 4762
336 4762
337 4762
338 4762
339 4763
340 4763
341 4763
342 4763
343 4763
344 4763
345 4763
346 4763
347 4763
348 4763
349 4763
350 4763
351 4763
352 4763
353 4763
354 4763
355 4763
356 4763
357 4763
358 4763
359 4763
360 4763
361 4763
362 4763
363 4763
364 4763
365 4763
366 4763
367 4763
368 4763
369 4764
370 4764
371 4764
372 4764
373 4765
374 4765
375 4765
376 4765
377 4765
378 4765
379 4765
380 4765
381 4765
382 4765
383 4765
384 4765
385 4765
386 4765
387 4765
388 4765
389 4765
390 4765
391 4765
392 4765
393 4765
394 4765
395 4765
396 4765
397 4765
398 4765
399 4765
400 4765
401 4765
402 4765
403 4764
404 4764
405 4764
406 4764
407 4763
408 4763
409 4763
410 4763
411 4763
412 4763
413 4763
414 4763
415 4763
416 4763
417 4763
418 4763
419 4763
420 4763
421 4763
422 4763
423 4763
424 4763
425 4763
426 4763
427 4763
428 4763
429 4763
430 4763
431 4763
432 4763
433 4763
434 4763
435 4763
436 4763
437 4763
438 4763
439 4763
440 4763
441 4763
442 4763
443 4763
444 4763
445 4763
446 4763
447 4763
448 4763
449 4763
450 4763
451 4762
452 4762
453 4762
454 4762
455 4761
456 4761
457 4761
458 4761
459 4761
460 4761
461 4761
462 4761
463 4761
464 4761
465 4761
466 4761
467 4761
468 4761
469 4761
470 4761
471 4761
472 4761
473 4761
474 4761
475 4761
476 4761
477 4761
478 4761
479 4761
480 4761
481 4761
482 4761
483 4761
484 4761
485 4761
486 4761
487 4761
488 4761
489 4761
490 4761
491 4761
492 4761
493 4761
494 4761
495 4761
496 4761
497 4761
498 4761
499 4761
500 4761
501 4762
502 4762
503 4762
504 4762
505 4763
506 4763
507 4763
508 4763
509 4763
510 4763
511 4763
512 4763
513 4763
514 4763
515 4763
516 4763
517 4764
518 4764
519 4764
520 4764
521 4765
522 4765
523 4765
524 4765
525 4765
526 4765
527 4765
528 4765
529 4765
530 4765
531 4765
532 4765
533 4765
534 4765
535 4766
536 4766
537 4767
538 4767
539 4768
540 4768
541 4769
542 4769
543 4769
544 4769
545 4769
546 4769
547 4769
548 4769
549 4769
550 4769
551 4769
552 4769
553 4769
554 4769
555 4769
556 4769
557 4769
558 4769
559 4769
560 4769
561 4769
562 4769
563 4768
564 4768
565 4767
566 4766
567 4766
567 4765
568 4764
569 4764
569 4763
570 4762
571 4762
571 4761
572 4760
573 4760
573 4759
574 4758
575 4758
576 4757
577 4756
578 4756
579 4755
580 4755
581 4755
582 4755
583 4755
584 4755
585 4755
586 4755
587 4755
588 4755
589 4754
590 4754
591 4753
592 4752
593 4752
593 4751
594 4750
595 4750
595 4749
596 4748
597 4748
597 4747
598 4746
599 4746
599 4745
600 4744
601 4744
601 4743
602 4742
603 4742
603 4741
604 4740
605 4740
605 4739
606 4738
607 4738
607 4737
608 4736
609 4736
609 4735
610 4734
611 4734
611 4733
612 4732
613 4732
613 4731
614 4730
615 4730
615 4729
616 4728
617 4728
617 4727
618 4726
619 4726
619 4725
620 4724
621 4724
621 4723
622 4722
623 4722
623 4721
624 4720
625 4720
625 4719
626 4718
627 4718
627 4717
628 4716
629 4716
629 4715
630 4714
631 4713
631 4712
632 4711
632 4710
632 4709
632 4708
632 4707
632 4706
632 4705
632 4704
632 4703
632 4702
632 4701
632 4700
632 4699
632 4698
632 4697
632 4696
632 4695
632 4694
632 4693
632 4692
632 4691
632 4690
632 4689
632 4688
632 4687
632 4686
632 4685
632 4684
632 4683
632 4682
632 4681
632 4680
632 4679
632 4678
631 4677
631 4676
631 4675
631 4674
630 4673
629 4672
628 4671
627 4670
627 4669
626 4669
625 4668
625 4667
624 4667
623 4666
622 4665
621 4664
620 4663
619 4663
618 4663
617 4663
616 4662
615 4662
614 4661
613 4661
612 4661
611 4661
610 4660
609 4660
608 4659
607 4659
606 4658
605 4658
604 4657
603 4656
602 4655
601 4655
600 4655
599 4654
598 4653
597 4653
596 4652
595 4652
594 4651
593 4650
592 4649
591 4649
590 4649
589 4648
588 4647
587 4647
586 4646
585 4645
584 4645
583 4644
583 4643
582 4643
581 4642
580 4641
579 4640
578 4639
577 4639
576 4638
575 4637
574 4637
573 4636
573 4635
572 4635
571 4634
571 4633
570 4633
569 4632
569 4631
568 4631
567 4630
567 4629
566 4629
565 4628
565 4627
564 4627
563 4626
562 4625
561 4624
560 4623
559 4623
558 4623
557 4622
556 4621
555 4621
554 4621
553 4621
552 4620
551 4620
550 4620
549 4620
548 4620
547 4620
546 4620
545 4620
544 4620
543 4620
542 4620
541 4620
540 4620
539 4620
538 4620
537 4620
536 4620
535 4620
534 4620
533 4620
532 4620
531 4620
530 4620
529 4620
528 4620
527 4620
526 4620
525 4620
524 4620
523 4620
522 4620
521 4620
520 4620
519 4620
518 4620
517 4620
516 4620
515 4620
514 4620
513 4620
512 4620
511 4620
510 4620
509 4620
508 4621
507 4621
506 4621
505 4621
504 4622
503 4622
502 4622
501 4622
500 4622
499 4622
498 4622
497 4622
496 4622
495 4622
494 4622
493 4622
492 4622
491 4622
490 4622
489 4622
488 4623
487 4623
486 4624
485 4624
484 4625
483 4625
482 4626
481 4626
480 4626
479 4626
478 4627
477 4627
476 4628
475 4629
474 4629
473 4630
472 4631
471 4631
470 4632
469 4633
468 4634
467 4634
466 4635
465 4635
464 4636
463 4637
462 4637
461 4637
460 4638
459 4639
458 4639
457 4639
456 4640
455 4640
454 4640
453 4640
452 4640
451 4640
450 4640
449 4640
448 4640
447 4640
446 4640
445 4640
444 4639
443 4639
442 4638
441 4638
440 4637
439 4636
438 4635
437 4635
436 4634
435 4633
434 4633
433 4632
432 4631
431 4631
430 4630
429 4630
428 4630
427 4630
426 4630
425 4630
424 4630
423 4630
422 4630
421 4630
420 4630
419 4630
418 4630
417 4630
416 4630
415 4630
414 4630
413 4630
412 4630
411 4630
410 4630
409 4630
408 4630
407 4630
406 4630
405 4630
404 4630
403 4630
402 4630
401 4630
400 4630
399 4630
398 4630
397 4630
396 4630
395 4630
394 4630
393 4630
392 4630
391 4630
390 4631
389 4631
388 4631
387 4631
386 4632
385 4632
384 4632
383 4632
382 4632
381 4632
380 4632
379 4632
378 4632
377 4632
376 4632
375 4632
374 4631
373 4631
372 4630
371 4630
370 4629
369 4628
368 4627
367 4627
366 4626
365 4626
364 4625
363 4625
362 4624
361 4624
360 4624
359 4624
358 4624
357 4624
356 4623
355 4623
354 4622
353 4621
352 4621
351 4620
350 4619
349 4618
348 4617
347 4617
346 4617
345 4617
344 4616
343 4616
342 4616
341 4616
340 4616
339 4616
338 4616
337 4616
336 4615
335 4615
334 4615
333 4615
332 4614
331 4614
330 4613
329 4613
328 4613
327 4613
326 4612
325 4612
324 4611
323 4611
322 4611
321 4610
320 4609
319 4609
318 4609
317 4609
316 4608
315 4608
314 4607
313 4607
312 4607
311 4607
310 4606
309 4606
308 4606
307 4606
306 4605
305 4605
304 4605
303 4605
302 4604
301 4604
300 4604
299 4604
298 4604
297 4604
296 4603
295 4603
294 4603
293 4602
292 4601
291 4601
290 4601
289 4601
288 4600
287 4600
286 4599
285 4599
284 4599
283 4599
282 4598
281 4598
