464 1998
463 1999
462 1999
461 1999
460 1999
459 2000
458 2000
457 2001
456 2001
455 2001
454 2001
453 2002
452 2002
451 2002
450 2002
449 2002
448 2002
447 2002
446 2002
445 2003
444 2003
443 2003
442 2003
441 2004
440 2004
439 2004
438 2004
437 2004
436 2004
435 2004
434 2004
433 2004
432 2004
431 2004
430 2004
429 2004
428 2004
427 2004
426 2004
425 2004
424 2004
423 2003
422 2003
421 2003
420 2003
419 2002
418 2002
417 2002
416 2002
415 2002
414 2002
413 2002
412 2002
411 2002
410 2002
409 2002
408 2002
407 2002
406 2002
405 2002
404 2002
403 2002
402 2002
401 2002
400 2002
399 2002
398 2002
397 2002
396 2002
395 2002
394 2002
393 2002
392 2002
391 2003
390 2003
389 2003
388 2003
387 2004
386 2004
385 2005
384 2005
383 2006
383 2007
382 2008
382 2009
382 2010
382 2011
382 2012
382 2013
382 2014
382 2015
382 2016
382 2017
382 2018
382 2019
382 2020
382 2021
382 2022
382 2023
382 2024
382 2025
382 2026
382 2027
382 2028
382 2029
382 2030
382 2031
382 2032
382 2033
382 2034
382 2035
382 2036
382 2037
382 2038
382 2039
382 2040
382 2041
383 2042
383 2043
383 2044
383 2045
384 2046
385 2047
385 2048
385 2049
386 2050
386 2051
387 2052
387 2053
387 2054
387 2055
388 2056
388 2057
388 2058
388 2059
389 2060
389 2061
390 2062
391 2063
391 2064
392 2065
393 2066
393 2067
394 2068
394 2069
394 2070
394 2071
395 2072
395 2073
395 2074
395 2075
396 2076
397 2077
398 2078
399 2079
400 2080
401 2080
402 2081
403 2081
404 2082
405 2082
406 2083
407 2084
408 2084
409 2085
409 2086
410 2086
411 2087
412 2088
413 2089
414 2090
415 2090
416 2091
417 2091
418 2092
419 2092
420 2093
421 2093
422 2093
423 2093
424 2094
425 2094
426 2095
427 2095
428 2096
429 2097
430 2098
431 2098
432 2099
433 2099
434 2100
435 2101
436 2102
437 2102
438 2102
439 2102
440 2103
441 2103
442 2103
443 2103
444 2103
445 2103
446 2103
447 2103
448 2103
449 2103
450 2103
451 2103
452 2103
453 2103
454 2103
455 2103
456 2103
457 2103
458 2103
459 2103
460 2103
461 2103
462 2102
463 2102
464 2102
465 2102
466 2101
467 2101
468 2101
469 2101
470 2101
471 2101
472 2101
473 2101
474 2100
475 2100
476 2100
477 2100
478 2099
479 2099
480 2099
481 2099
482 2099
483 2099
484 2099
485 2099
486 2099
487 2099
488 2099
489 2099
490 2099
491 2099
492 2099
493 2099
494 2099
495 2099
496 2098
497 2098
498 2097
499 2097
500 2096
501 2096
502 2095
503 2095
504 2095
505 2095
506 2095
507 2095
508 2095
509 2095
510 2095
511 2095
512 2094
513 2094
514 2093
515 2093
516 2092
517 2092
518 2091
519 2090
520 2089
521 2088
522 2087
522 2086
523 2085
523 2084
523 2083
523 2082
523 2081
523 2080
523 2079
523 2078
523 2077
523 2076
523 2075
523 2074
522 2073
522 2072
522 2071
522 2070
521 2069
521 2068
521 2067
521 2066
521 2065
521 2064
521 2063
521 2062
521 2061
521 2060
522 2059
522 2058
522 2057
523 2056
524 2055
524 2054
524 2053
524 2052
525 2051
525 2050
525 2049
525 2048
525 2047
525 2046
525 2045
525 2044
525 2043
525 2042
525 2041
525 2040
525 2039
525 2038
524 2037
524 2036
524 2035
524 2034
523 2033
523 2032
523 2031
523 2030
523 2029
523 2028
522 2027
522 2026
521 2025
520 2024
520 2023
519 2023
518 2022
518 2021
517 2021
516 2020
516 2019
515 2019
514 2018
514 2017
513 2017
512 2016
512 2015
511 2015
510 2014
509 2013
508 2013
507 2012
506 2012
505 2011
504 2011
503 2011
502 2011
501 2010
500 2010
499 2009
498 2009
497 2008
496 2007
495 2007
494 2006
494 2005
493 2005
492 2004
492 2003
491 2003
490 2002
489 2001
488 2001
487 2000
486 2000
485 2000
484 2000
483 2000
482 2000
481 2000
480 2000
479 2000
478 2000
477 1999
476 1999
475 1999
474 1999
473 1998
472 1998
471 1998
470 1998
469 1998
468 1998
467 1998
466 1998
465 1998
464 1998
