303 1848
302 1849
301 1849
300 1850
300 1851
299 1852
299 1853
298 1854
298 1855
298 1856
298 1857
297 1858
297 1859
297 1860
297 1861
297 1862
297 1863
296 1864
296 1865
295 1866
295 1867
294 1868
294 1869
293 1870
293 1871
293 1872
293 1873
292 1874
292 1875
292 1876
291 1877
290 1878
290 1879
290 1880
290 1881
289 1882
289 1883
288 1884
288 1885
288 1886
288 1887
287 1888
287 1889
286 1890
286 1891
286 1892
286 1893
285 1894
285 1895
285 1896
285 1897
285 1898
285 1899
285 1900
285 1901
285 1902
285 1903
285 1904
285 1905
284 1906
284 1907
284 1908
283 1909
282 1910
282 1911
282 1912
282 1913
281 1914
281 1915
281 1916
281 1917
280 1918
280 1919
280 1920
279 1921
278 1922
278 1923
278 1924
277 1925
276 1926
276 1927
275 1928
275 1929
274 1930
273 1931
272 1932
272 1933
271 1934
270 1935
270 1936
269 1937
268 1938
268 1939
267 1940
267 1941
267 1942
267 1943
267 1944
267 1945
267 1946
267 1947
266 1948
266 1949
266 1950
266 1951
265 1952
265 1953
265 1954
265 1955
264 1956
264 1957
264 1958
264 1959
263 1960
263 1961
262 1962
262 1963
262 1964
262 1965
261 1966
261 1967
260 1968
260 1969
260 1970
260 1971
259 1972
259 1973
258 1974
258 1975
258 1976
258 1977
257 1978
257 1979
256 1980
256 1981
256 1982
256 1983
255 1984
255 1985
255 1986
255 1987
255 1988
255 1989
256 1990
256 1991
256 1992
256 1993
256 1994
256 1995
256 1996
255 1997
254 1998
254 1999
254 2000
254 2001
253 2002
253 2003
253 2004
253 2005
253 2006
253 2007
254 2008
254 2009
254 2010
254 2011
255 2012
256 2013
256 2014
256 2015
257 2016
258 2017
259 2018
259 2019
260 2020
260 2021
261 2022
262 2023
263 2024
264 2025
264 2026
265 2026
266 2027
267 2028
268 2029
269 2030
270 2030
271 2031
272 2032
273 2032
274 2033
275 2034
276 2034
277 2035
278 2035
279 2036
280 2036
281 2036
282 2036
283 2037
284 2037
285 2038
286 2038
287 2038
288 2039
289 2040
290 2040
291 2040
292 2040
293 2041
294 2041
295 2041
296 2041
297 2041
298 2041
299 2041
300 2041
301 2041
302 2041
303 2041
304 2041
305 2041
306 2041
307 2041
308 2041
309 2042
310 2042
311 2042
312 2042
313 2043
314 2043
315 2043
316 2043
317 2043
318 2043
319 2043
320 2043
321 2043
322 2043
323 2043
324 2043
325 2043
326 2043
327 2043
328 2043
329 2043
330 2043
331 2043
332 2043
333 2043
334 2043
335 2043
336 2043
337 2043
338 2043
339 2043
340 2043
341 2043
342 2043
343 2043
344 2043
345 2043
346 2043
347 2043
348 2043
349 2043
350 2043
351 2043
352 2043
353 2043
354 2043
355 2043
356 2043
357 2043
358 2043
359 2043
360 2043
361 2043
362 2043
363 2043
364 2043
365 2043
366 2043
367 2043
368 2043
369 2043
370 2043
371 2043
372 2043
373 2043
374 2043
375 2042
376 2042
377 2042
378 2042
379 2041
380 2041
381 2041
382 2041
383 2041
384 2041
385 2041
386 2041
387 2041
388 2041
389 2041
390 2041
391 2041
392 2041
393 2041
394 2041
395 2041
396 2041
397 2041
398 2041
399 2041
400 2041
401 2041
402 2041
403 2041
404 2041
405 2041
406 2041
407 2041
408 2041
409 2042
410 2042
411 2042
412 2042
413 2043
414 2043
415 2043
416 2043
417 2043
418 2043
419 2043
420 2043
421 2043
422 2043
423 2044
424 2044
425 2044
426 2044
427 2045
428 2045
429 2044
430 2044
431 2044
432 2044
433 2043
434 2043
435 2043
436 2043
437 2044
438 2044
439 2044
440 2044
441 2045
442 2045
443 2044
444 2044
445 2044
446 2044
447 2044
448 2044
449 2044
450 2044
451 2044
452 2044
453 2044
454 2044
455 2043
456 2043
457 2043
458 2043
459 2043
460 2043
461 2043
462 2043
463 2043
464 2043
465 2043
466 2043
467 2043
468 2043
469 2043
470 2043
471 2043
472 2043
473 2043
474 2043
475 2043
476 2043
477 2043
478 2043
479 2042
480 2042
481 2041
482 2040
483 2040
484 2039
485 2038
486 2038
487 2037
488 2037
489 2036
490 2036
491 2036
492 2036
493 2035
494 2034
495 2034
496 2034
497 2033
498 2033
499 2032
500 2032
501 2032
502 2032
503 2031
504 2031
505 2031
506 2031
507 2031
508 2031
509 2031
510 2031
511 2031
512 2031
513 2031
514 2031
515 2031
516 2031
517 2031
518 2031
519 2031
520 2031
521 2031
522 2031
523 2031
524 2031
525 2031
526 2031
527 2031
528 2031
529 2031
530 2031
531 2031
532 2031
533 2031
534 2031
535 2031
536 2031
537 2030
538 2030
539 2030
540 2030
541 2029
542 2029
543 2029
544 2029
545 2029
546 2029
547 2029
548 2029
549 2029
550 2029
551 2029
552 2029
553 2029
554 2029
555 2029
556 2029
557 2029
558 2029
559 2029
560 2029
561 2028
562 2028
563 2028
564 2028
565 2027
566 2027
567 2027
568 2027
569 2026
570 2026
571 2025
572 2025
573 2024
574 2024
575 2023
576 2023
577 2023
578 2023
579 2023
580 2023
581 2023
582 2023
583 2023
584 2023
585 2023
586 2023
587 2023
588 2023
589 2022
590 2022
591 2021
592 2021
593 2020
594 2020
595 2019
596 2018
597 2018
598 2018
599 2017
600 2016
601 2015
602 2015
603 2014
604 2014
605 2013
606 2012
607 2012
608 2012
609 2011
610 2010
611 2009
612 2008
613 2008
613 2007
614 2006
615 2006
615 2005
616 2004
617 2004
617 2003
618 2002
619 2002
619 2001
620 2000
621 2000
622 1999
623 1998
624 1998
625 1997
626 1997
627 1997
628 1997
629 1996
630 1996
631 1995
632 1995
633 1994
634 1994
635 1993
636 1993
637 1992
638 1992
639 1992
640 1992
641 1991
642 1990
643 1989
644 1988
645 1988
645 1987
646 1986
647 1986
647 1985
648 1984
649 1984
649 1983
650 1982
651 1982
651 1981
652 1980
653 1979
653 1978
653 1977
653 1976
652 1975
652 1974
651 1973
651 1972
650 1971
650 1970
649 1969
649 1968
649 1967
649 1966
648 1965
647 1964
646 1963
646 1962
645 1961
645 1960
644 1959
644 1958
644 1957
644 1956
643 1955
643 1954
642 1953
641 1952
640 1951
639 1950
638 1949
637 1949
636 1948
635 1947
634 1946
633 1945
633 1944
632 1943
632 1942
632 1941
632 1940
632 1939
632 1938
631 1937
631 1936
631 1935
631 1934
630 1933
629 1932
628 1931
628 1930
627 1929
627 1928
626 1927
625 1926
625 1925
625 1924
624 1923
624 1922
624 1921
624 1920
623 1919
623 1918
622 1917
621 1916
621 1915
620 1915
619 1914
619 1913
618 1913
617 1912
617 1911
616 1911
615 1910
615 1909
614 1909
613 1908
612 1907
611 1907
610 1906
609 1906
608 1906
607 1906
606 1906
605 1906
604 1905
603 1905
602 1905
601 1905
600 1904
599 1904
598 1904
597 1904
596 1904
595 1904
594 1904
593 1904
592 1903
591 1903
590 1903
589 1902
588 1901
587 1901
586 1900
585 1900
584 1899
583 1899
582 1898
581 1898
580 1898
579 1898
578 1898
577 1898
576 1898
575 1898
574 1898
573 1898
572 1898
571 1898
570 1898
569 1898
568 1897
567 1897
566 1897
565 1897
564 1896
563 1896
562 1896
561 1896
560 1896
559 1896
558 1896
557 1896
556 1896
555 1896
554 1896
553 1896
552 1896
551 1896
550 1896
549 1896
548 1897
547 1897
546 1898
545 1899
544 1899
543 1900
542 1901
541 1901
540 1902
539 1903
538 1903
537 1903
536 1904
535 1904
534 1904
533 1904
532 1904
531 1904
530 1904
529 1904
528 1904
527 1904
526 1903
525 1903
524 1903
523 1903
522 1902
521 1902
520 1902
519 1902
518 1902
517 1902
516 1902
515 1902
514 1903
513 1903
512 1903
511 1903
510 1904
509 1904
508 1905
507 1905
506 1905
505 1905
504 1906
503 1906
502 1906
501 1906
500 1907
499 1907
498 1907
497 1907
496 1908
495 1908
494 1908
493 1908
492 1908
491 1908
490 1908
489 1908
488 1907
487 1907
486 1907
485 1907
484 1906
483 1906
482 1906
481 1906
480 1906
479 1906
478 1906
477 1906
476 1905
475 1905
474 1905
473 1905
472 1904
471 1904
470 1904
469 1904
468 1904
467 1904
466 1904
465 1904
464 1903
463 1903
462 1903
461 1903
460 1902
459 1902
458 1902
457 1902
456 1901
455 1901
454 1901
453 1901
452 1900
451 1900
450 1900
449 1900
448 1900
447 1900
446 1899
445 1899
444 1899
443 1899
442 1898
441 1898
440 1898
439 1898
438 1898
437 1898
436 1898
435 1898
434 1897
433 1897
432 1896
431 1896
430 1895
429 1895
428 1894
427 1894
426 1894
425 1894
424 1894
423 1894
422 1894
421 1894
420 1893
419 1893
418 1893
417 1893
416 1892
415 1892
414 1891
413 1891
412 1891
411 1891
410 1890
409 1890
408 1889
407 1889
406 1889
405 1889
404 1888
403 1888
402 1888
401 1888
400 1887
399 1887
398 1887
397 1886
396 1885
395 1885
394 1885
393 1884
392 1883
391 1883
390 1883
389 1883
388 1882
387 1882
386 1882
385 1882
384 1881
383 1881
382 1880
381 1880
380 1879
379 1879
378 1878
377 1878
376 1877
375 1877
374 1876
373 1876
372 1875
371 1875
370 1874
369 1874
368 1873
367 1873
366 1872
365 1872
364 1871
363 1871
362 1870
361 1870
360 1870
359 1870
358 1870
357 1870
356 1869
355 1869
354 1868
353 1867
352 1867
351 1866
350 1865
349 1864
348 1863
347 1863
346 1863
345 1862
344 1861
343 1861
342 1861
341 1860
340 1859
339 1859
338 1859
337 1859
336 1858
335 1858
334 1858
333 1858
332 1857
331 1857
330 1856
329 1856
328 1855
327 1854
326 1853
325 1853
324 1853
323 1853
322 1852
321 1852
320 1851
319 1851
318 1851
317 1851
316 1850
315 1850
314 1849
313 1849
312 1849
311 1849
310 1848
309 1848
308 1848
307 1848
306 1848
305 1848
304 1848
303 1848
