487 2261
486 2262
485 2262
484 2262
483 2262
482 2263
481 2263
480 2263
479 2263
478 2263
477 2263
476 2263
475 2263
474 2263
473 2263
472 2263
471 2263
470 2263
469 2263
468 2263
467 2263
466 2263
465 2263
464 2263
463 2263
462 2263
461 2263
460 2263
459 2263
458 2263
457 2263
456 2263
455 2263
454 2263
453 2263
452 2263
451 2263
450 2263
449 2263
448 2263
447 2263
446 2263
445 2263
444 2263
443 2263
442 2263
441 2263
440 2264
439 2264
438 2264
437 2264
436 2265
435 2266
434 2267
433 2267
432 2268
431 2268
430 2269
429 2270
428 2271
427 2272
426 2272
426 2273
425 2274
424 2274
424 2275
423 2276
422 2277
422 2278
421 2279
421 2280
421 2281
421 2282
421 2283
421 2284
421 2285
421 2286
421 2287
421 2288
421 2289
421 2290
421 2291
421 2292
421 2293
421 2294
421 2295
421 2296
421 2297
421 2298
421 2299
421 2300
421 2301
421 2302
421 2303
421 2304
421 2305
421 2306
421 2307
421 2308
420 2309
420 2310
420 2311
420 2312
419 2313
419 2314
419 2315
419 2316
419 2317
419 2318
420 2319
420 2320
420 2321
420 2322
421 2323
421 2324
421 2325
421 2326
420 2327
420 2328
420 2329
419 2330
418 2331
418 2332
417 2333
417 2334
416 2335
415 2336
414 2337
414 2338
413 2339
413 2340
412 2341
412 2342
411 2343
411 2344
411 2345
411 2346
412 2347
412 2348
412 2349
412 2350
413 2351
413 2352
413 2353
413 2354
413 2355
413 2356
413 2357
413 2358
413 2359
413 2360
413 2361
413 2362
414 2363
414 2364
414 2365
414 2366
415 2367
415 2368
416 2369
416 2370
416 2371
416 2372
417 2373
417 2374
418 2375
418 2376
418 2377
418 2378
419 2379
420 2380
420 2381
420 2382
421 2383
422 2384
423 2385
423 2386
424 2387
424 2388
425 2389
426 2390
427 2391
428 2392
428 2393
429 2394
430 2395
430 2396
431 2397
432 2398
433 2399
434 2400
434 2401
435 2401
436 2402
436 2403
437 2403
438 2404
438 2405
439 2405
440 2406
440 2407
441 2407
442 2408
442 2409
443 2409
444 2410
444 2411
445 2411
446 2412
446 2413
447 2413
448 2414
449 2415
450 2415
451 2416
452 2416
453 2416
454 2416
455 2416
456 2416
457 2417
458 2417
459 2417
460 2417
461 2418
462 2418
463 2418
464 2418
465 2418
466 2418
467 2418
468 2418
469 2418
470 2418
471 2418
472 2418
473 2418
474 2418
475 2418
476 2418
477 2419
478 2419
479 2419
480 2420
481 2421
482 2421
483 2422
484 2423
485 2423
486 2424
486 2425
487 2425
488 2426
488 2427
489 2427
490 2428
490 2429
491 2429
492 2430
492 2431
493 2431
494 2432
494 2433
495 2433
496 2434
496 2435
497 2435
498 2436
498 2437
499 2437
500 2438
501 2439
502 2439
503 2440
504 2440
505 2440
506 2440
507 2440
508 2440
509 2440
510 2440
511 2440
512 2440
513 2440
514 2440
515 2440
516 2440
517 2440
518 2440
519 2440
520 2440
521 2440
522 2440
523 2440
524 2440
525 2440
526 2440
527 2440
528 2440
529 2440
530 2440
531 2440
532 2440
533 2440
534 2440
535 2440
536 2440
537 2440
538 2440
539 2440
540 2440
541 2439
542 2439
543 2439
544 2439
545 2438
546 2438
547 2438
548 2438
549 2438
550 2438
551 2438
552 2438
553 2437
554 2437
555 2437
556 2437
557 2436
558 2436
559 2436
560 2436
561 2436
562 2436
563 2436
564 2436
565 2435
566 2435
567 2435
568 2435
569 2434
570 2434
571 2434
572 2434
573 2434
574 2434
575 2434
576 2434
577 2434
578 2434
579 2434
580 2434
581 2434
582 2434
583 2433
584 2433
585 2433
586 2433
587 2432
588 2432
589 2432
590 2432
591 2432
592 2432
593 2432
594 2432
595 2431
596 2431
597 2431
598 2431
599 2430
600 2430
601 2431
602 2431
603 2431
604 2431
605 2432
606 2432
607 2432
608 2432
609 2432
610 2432
611 2432
612 2432
613 2432
614 2432
615 2432
616 2432
617 2431
618 2431
619 2431
620 2431
621 2430
622 2430
623 2430
624 2430
625 2430
626 2430
627 2430
628 2430
629 2430
630 2430
631 2429
632 2429
633 2429
634 2429
635 2428
636 2428
637 2428
638 2428
639 2428
640 2428
641 2428
642 2428
643 2428
644 2428
645 2427
646 2427
647 2427
648 2427
649 2426
650 2426
651 2425
652 2425
653 2425
654 2425
655 2424
656 2424
657 2423
658 2423
659 2423
660 2423
661 2422
662 2422
663 2421
664 2421
665 2421
666 2421
667 2420
668 2419
669 2418
670 2418
671 2417
672 2417
673 2416
674 2416
675 2416
676 2416
677 2415
678 2415
679 2415
680 2415
681 2414
682 2413
683 2412
684 2411
685 2410
685 2409
686 2408
687 2407
687 2406
688 2405
689 2405
689 2404
690 2403
691 2403
692 2402
693 2401
694 2401
695 2400
696 2399
697 2398
698 2398
699 2397
700 2397
701 2396
702 2395
703 2394
704 2393
705 2392
705 2391
706 2390
706 2389
707 2388
707 2387
708 2386
708 2385
709 2384
709 2383
710 2382
710 2381
710 2380
710 2379
710 2378
710 2377
710 2376
710 2375
710 2374
710 2373
710 2372
710 2371
710 2370
710 2369
710 2368
710 2367
711 2366
711 2365
712 2364
713 2363
713 2362
714 2361
715 2360
715 2359
716 2358
716 2357
715 2356
715 2355
715 2354
715 2353
714 2352
714 2351
714 2350
714 2349
714 2348
714 2347
713 2346
713 2345
713 2344
713 2343
712 2342
712 2341
713 2340
713 2339
714 2338
715 2337
715 2336
716 2335
717 2334
717 2333
718 2332
718 2331
718 2330
718 2329
718 2328
718 2327
718 2326
718 2325
718 2324
718 2323
717 2322
717 2321
717 2320
717 2319
716 2318
716 2317
715 2316
715 2315
714 2314
713 2313
713 2312
712 2312
711 2311
711 2310
710 2310
709 2309
709 2308
708 2308
707 2307
707 2306
706 2306
705 2305
704 2304
703 2303
702 2302
701 2302
700 2302
699 2301
698 2300
697 2300
696 2300
695 2300
694 2299
693 2299
692 2299
691 2299
690 2298
689 2298
688 2297
687 2297
686 2296
685 2295
684 2294
683 2294
682 2293
681 2292
680 2292
679 2291
678 2290
677 2289
676 2288
675 2288
674 2287
673 2287
672 2286
671 2285
670 2284
669 2284
668 2284
667 2284
666 2283
665 2283
664 2283
663 2283
662 2282
661 2282
660 2282
659 2281
658 2280
657 2280
656 2280
655 2280
654 2279
653 2279
652 2279
651 2279
650 2279
649 2279
648 2279
647 2279
646 2279
645 2279
644 2279
643 2279
642 2279
641 2279
640 2280
639 2280
638 2280
637 2280
636 2281
635 2282
634 2282
633 2282
632 2283
631 2283
630 2283
629 2283
628 2283
627 2283
626 2284
625 2284
624 2284
623 2284
622 2285
621 2285
620 2284
619 2284
618 2284
617 2283
616 2282
615 2282
614 2282
613 2282
612 2281
611 2281
610 2281
609 2281
608 2281
607 2281
606 2281
605 2281
604 2281
603 2281
602 2281
601 2281
600 2281
599 2281
598 2281
597 2281
596 2281
595 2281
594 2281
593 2281
592 2281
591 2281
590 2281
589 2281
588 2281
587 2281
586 2281
585 2281
584 2281
583 2281
582 2280
581 2280
580 2280
579 2280
578 2279
577 2279
576 2278
575 2278
574 2278
573 2278
572 2277
571 2277
570 2277
569 2277
568 2276
567 2276
566 2276
565 2276
564 2275
563 2275
562 2275
561 2275
560 2275
559 2275
558 2275
557 2275
556 2275
555 2275
554 2274
553 2274
552 2274
551 2274
550 2273
549 2273
548 2273
547 2273
546 2272
545 2272
544 2272
543 2272
542 2271
541 2271
540 2271
539 2271
538 2270
537 2270
536 2270
535 2270
534 2269
533 2269
532 2269
531 2269
530 2269
529 2269
528 2268
527 2268
526 2268
525 2268
524 2267
523 2267
522 2267
521 2267
520 2267
519 2267
518 2267
517 2267
516 2266
515 2266
514 2266
513 2266
512 2265
511 2265
510 2265
509 2265
508 2265
507 2265
506 2264
505 2264
504 2264
503 2264
502 2263
501 2263
500 2262
499 2262
498 2262
497 2262
496 2261
495 2261
494 2261
493 2261
492 2261
491 2261
490 2261
489 2261
488 2261
487 2261
