943 1881
942 1882
941 1882
940 1882
939 1882
938 1883
937 1883
936 1883
935 1883
934 1883
933 1883
932 1883
931 1883
930 1883
929 1883
928 1883
927 1883
926 1884
925 1884
924 1884
923 1884
922 1885
921 1885
920 1885
919 1885
918 1885
917 1885
916 1885
915 1885
914 1885
913 1885
912 1885
911 1885
910 1885
909 1885
908 1885
907 1885
906 1885
905 1885
904 1885
903 1885
902 1885
901 1885
900 1885
899 1885
898 1885
897 1885
896 1885
895 1885
894 1885
893 1885
892 1885
891 1885
890 1885
889 1885
888 1885
887 1885
886 1885
885 1885
884 1885
883 1885
882 1885
881 1885
880 1885
879 1885
878 1885
877 1885
876 1885
875 1885
874 1885
873 1885
872 1885
871 1885
870 1885
869 1885
868 1885
867 1885
866 1885
865 1885
864 1885
863 1885
862 1885
861 1885
860 1885
859 1885
858 1886
857 1886
856 1886
855 1886
854 1887
853 1888
852 1889
851 1890
850 1890
850 1891
849 1892
848 1892
847 1893
846 1894
845 1894
844 1895
843 1896
842 1897
841 1898
840 1898
840 1899
839 1900
838 1900
837 1901
836 1902
835 1902
834 1903
833 1903
832 1903
831 1903
830 1903
829 1903
828 1904
827 1904
826 1904
825 1904
824 1905
823 1905
822 1906
821 1906
820 1907
819 1907
818 1908
817 1908
816 1909
815 1909
814 1909
813 1909
812 1909
811 1909
810 1910
809 1910
808 1910
807 1910
806 1911
805 1911
804 1912
803 1912
802 1913
801 1913
800 1914
799 1914
798 1915
797 1916
796 1916
795 1916
794 1917
793 1918
792 1919
791 1920
790 1920
790 1921
789 1922
788 1922
788 1923
787 1924
786 1924
786 1925
785 1926
784 1926
784 1927
783 1928
782 1928
782 1929
781 1930
780 1930
780 1931
779 1932
778 1932
778 1933
777 1934
776 1935
775 1936
774 1937
774 1938
773 1939
772 1940
772 1941
771 1942
770 1942
770 1943
769 1944
768 1944
767 1945
766 1946
765 1946
764 1947
763 1947
762 1947
761 1947
760 1948
759 1948
758 1949
757 1950
756 1951
756 1952
756 1953
756 1954
755 1955
755 1956
755 1957
755 1958
755 1959
755 1960
755 1961
755 1962
756 1963
756 1964
756 1965
756 1966
757 1967
757 1968
758 1969
758 1970
758 1971
758 1972
759 1973
759 1974
760 1975
760 1976
760 1977
760 1978
761 1979
761 1980
762 1981
762 1982
762 1983
762 1984
763 1985
764 1986
764 1987
764 1988
765 1989
765 1990
766 1991
766 1992
767 1993
768 1994
768 1995
769 1995
770 1996
770 1997
771 1998
772 1999
772 2000
773 2001
773 2002
773 2003
773 2004
773 2005
773 2006
773 2007
773 2008
774 2009
774 2010
774 2011
774 2012
775 2013
776 2014
776 2015
776 2016
777 2017
777 2018
777 2019
777 2020
777 2021
777 2022
778 2023
778 2024
779 2025
779 2026
780 2027
780 2028
781 2029
781 2030
782 2031
782 2032
782 2033
782 2034
783 2035
784 2036
785 2037
785 2038
786 2039
786 2040
787 2041
788 2042
789 2043
789 2044
790 2045
790 2046
791 2047
791 2048
791 2049
791 2050
791 2051
791 2052
791 2053
791 2054
790 2055
790 2056
789 2057
789 2058
788 2059
788 2060
787 2061
787 2062
787 2063
787 2064
788 2065
788 2066
789 2067
790 2068
791 2069
792 2069
793 2070
794 2070
795 2070
796 2070
797 2070
798 2070
799 2070
800 2070
801 2070
802 2070
803 2070
804 2070
805 2071
806 2071
807 2071
808 2071
809 2072
810 2072
811 2072
812 2072
813 2073
814 2073
815 2073
816 2073
817 2074
818 2074
819 2074
820 2074
821 2074
822 2074
823 2074
824 2074
825 2074
826 2074
827 2074
828 2074
829 2074
830 2074
831 2074
832 2074
833 2074
834 2074
835 2073
836 2073
837 2073
838 2073
839 2072
840 2072
841 2071
842 2071
843 2071
844 2071
845 2070
846 2070
847 2070
848 2070
849 2070
850 2070
851 2070
852 2070
853 2070
854 2070
855 2070
856 2070
857 2070
858 2070
859 2071
860 2071
861 2072
862 2073
863 2073
864 2074
865 2075
866 2075
867 2076
868 2076
869 2076
870 2076
871 2077
872 2077
873 2077
874 2077
875 2078
876 2078
877 2079
878 2079
879 2079
880 2079
881 2080
882 2080
883 2080
884 2080
885 2081
886 2081
887 2081
888 2081
889 2082
890 2082
891 2082
892 2082
893 2082
894 2082
895 2082
896 2082
897 2082
898 2082
899 2082
900 2082
901 2082
902 2082
903 2082
904 2082
905 2082
906 2082
907 2082
908 2082
909 2082
910 2082
911 2082
912 2082
913 2082
914 2082
915 2082
916 2082
917 2082
918 2082
919 2082
920 2082
921 2082
922 2082
923 2082
924 2082
925 2082
926 2082
927 2082
928 2082
929 2082
930 2082
931 2082
932 2082
933 2081
934 2081
935 2081
936 2081
937 2080
938 2080
939 2080
940 2080
941 2080
942 2080
943 2079
944 2079
945 2079
946 2079
947 2078
948 2078
949 2077
950 2077
951 2077
952 2077
953 2076
954 2076
955 2076
956 2076
957 2076
958 2076
959 2076
960 2076
961 2076
962 2076
963 2076
964 2076
965 2075
966 2075
967 2075
968 2075
969 2074
970 2074
971 2074
972 2074
973 2074
974 2074
975 2074
976 2074
977 2073
978 2073
979 2073
980 2073
981 2072
982 2072
983 2072
984 2072
985 2072
986 2072
987 2072
988 2072
989 2072
990 2072
991 2072
992 2072
993 2072
994 2072
995 2072
996 2072
997 2072
998 2072
999 2072
1000 2072
1001 2072
1002 2072
1003 2071
1004 2071
1005 2071
1006 2071
1007 2070
1008 2070
1009 2070
1010 2070
1011 2070
1012 2070
1013 2069
1014 2069
1015 2069
1016 2069
1017 2068
1018 2068
1019 2068
1020 2068
1021 2067
1022 2067
1023 2066
1024 2066
1025 2065
1026 2065
1027 2064
1028 2064
1029 2064
1030 2064
1031 2063
1032 2063
1033 2063
1034 2063
1035 2062
1036 2061
1037 2061
1038 2061
1039 2060
1040 2059
1041 2059
1042 2059
1043 2058
1044 2058
1045 2057
1046 2057
1047 2057
1048 2057
1049 2056
1050 2056
1051 2055
1052 2055
1053 2055
1054 2055
1055 2054
1056 2053
1057 2052
1058 2052
1059 2051
1060 2051
1061 2050
1062 2050
1063 2050
1064 2050
1065 2049
1066 2049
1067 2049
1068 2049
1069 2048
1070 2048
1071 2047
1072 2047
1073 2047
1074 2047
1075 2046
1076 2046
1077 2045
1078 2045
1079 2045
1080 2045
1081 2044
1082 2043
1083 2043
1084 2043
1085 2042
1086 2042
1087 2041
1088 2041
1089 2041
1090 2041
1091 2040
1092 2040
1093 2040
1094 2040
1095 2039
1096 2039
1097 2039
1098 2039
1099 2038
1100 2038
1101 2037
1102 2037
1103 2037
1104 2037
1105 2036
1106 2036
1107 2036
1108 2036
1109 2036
1110 2036
1111 2035
1112 2035
1113 2035
1114 2035
1115 2034
1116 2034
1117 2034
1118 2034
1119 2033
1120 2033
1121 2032
1122 2032
1123 2031
1124 2031
1125 2030
1126 2029
1127 2029
1128 2029
1129 2028
1130 2028
1131 2027
1132 2027
1133 2026
1134 2026
1135 2025
1136 2025
1137 2024
1138 2023
1139 2023
1140 2023
1141 2022
1142 2021
1143 2021
1144 2021
1145 2020
1146 2019
1147 2018
1148 2017
1149 2017
1149 2016
1150 2015
1151 2015
1151 2014
1152 2013
1153 2013
1153 2012
1154 2011
1155 2010
1155 2009
1156 2008
1156 2007
1156 2006
1156 2005
1156 2004
1156 2003
1155 2002
1155 2001
1154 2000
1154 1999
1153 1998
1153 1997
1152 1996
1152 1995
1152 1994
1152 1993
1152 1992
1152 1991
1152 1990
1152 1989
1152 1988
1152 1987
1152 1986
1152 1985
1152 1984
1152 1983
1153 1982
1154 1981
1155 1980
1156 1979
1157 1978
1158 1977
1159 1976
1159 1975
1160 1974
1160 1973
1160 1972
1160 1971
1160 1970
1160 1969
1160 1968
1160 1967
1160 1966
1160 1965
1160 1964
1160 1963
1160 1962
1160 1961
1159 1960
1159 1959
1158 1958
1157 1957
1157 1956
1156 1956
1155 1955
1155 1954
1154 1954
1153 1953
1153 1952
1152 1952
1151 1951
1151 1950
1150 1950
1149 1949
1149 1948
1148 1948
1147 1947
1147 1946
1146 1945
1145 1944
1145 1943
1144 1942
1144 1941
1144 1940
1144 1939
1144 1938
1144 1937
1144 1936
1144 1935
1144 1934
1144 1933
1144 1932
1144 1931
1143 1930
1143 1929
1143 1928
1143 1927
1142 1926
1142 1925
1141 1924
1141 1923
1141 1922
1141 1921
1140 1920
1139 1919
1138 1918
1137 1917
1136 1916
1135 1915
1134 1914
1133 1914
1132 1913
1131 1912
1130 1912
1129 1911
1128 1910
1127 1909
1126 1908
1125 1908
1124 1908
1123 1908
1122 1907
1121 1907
1120 1907
1119 1907
1118 1906
1117 1906
1116 1906
1115 1905
1114 1904
1113 1904
1112 1903
1111 1903
1110 1902
1109 1901
1108 1900
1107 1900
1106 1900
1105 1899
1104 1898
1103 1898
1102 1898
1101 1898
1100 1897
1099 1897
1098 1896
1097 1896
1096 1895
1095 1895
1094 1894
1093 1894
1092 1893
1091 1893
1090 1892
1089 1892
1088 1892
1087 1891
1086 1890
1085 1890
1084 1890
1083 1890
1082 1889
1081 1889
1080 1889
1079 1889
1078 1888
1077 1888
1076 1888
1075 1888
1074 1887
1073 1887
1072 1886
1071 1886
1070 1886
1069 1886
1068 1885
1067 1885
1066 1885
1065 1885
1064 1885
1063 1885
1062 1885
1061 1885
1060 1885
1059 1885
1058 1885
1057 1885
1056 1885
1055 1885
1054 1885
1053 1885
1052 1885
1051 1885
1050 1884
1049 1884
1048 1884
1047 1884
1046 1883
1045 1883
1044 1883
1043 1883
1042 1883
1041 1883
1040 1883
1039 1883
1038 1883
1037 1883
1036 1883
1035 1883
1034 1883
1033 1883
1032 1883
1031 1883
1030 1883
1029 1883
1028 1883
1027 1883
1026 1883
1025 1883
1024 1883
1023 1883
1022 1883
1021 1883
1020 1883
1019 1883
1018 1883
1017 1883
1016 1883
1015 1883
1014 1883
1013 1883
1012 1883
1011 1883
1010 1883
1009 1883
1008 1883
1007 1883
1006 1883
1005 1883
1004 1883
1003 1883
1002 1883
1001 1883
1000 1884
999 1884
998 1884
997 1884
996 1885
995 1885
994 1885
993 1885
992 1885
991 1885
990 1885
989 1885
988 1885
987 1885
986 1885
985 1885
984 1885
983 1885
982 1885
981 1885
980 1885
979 1885
978 1885
977 1885
976 1885
975 1885
974 1885
973 1885
972 1885
971 1885
970 1885
969 1885
968 1884
967 1884
966 1884
965 1883
964 1882
963 1882
962 1882
961 1882
960 1881
959 1881
958 1881
957 1881
956 1881
955 1881
954 1881
953 1881
952 1881
951 1881
950 1881
949 1881
948 1881
947 1881
946 1881
945 1881
944 1881
943 1881
