1157 1077
1156 1078
1155 1078
1154 1078
1153 1078
1152 1079
1151 1079
1150 1079
1149 1079
1148 1079
1147 1079
1146 1079
1145 1079
1144 1080
1143 1080
1142 1080
1141 1080
1140 1081
1139 1081
1138 1081
1137 1081
1136 1081
1135 1081
1134 1081
1133 1081
1132 1081
1131 1081
1130 1081
1129 1081
1128 1081
1127 1081
1126 1081
1125 1081
1124 1081
1123 1081
1122 1081
1121 1081
1120 1081
1119 1081
1118 1081
1117 1081
1116 1081
1115 1081
1114 1081
1113 1081
1112 1081
1111 1081
1110 1081
1109 1081
1108 1081
1107 1081
1106 1081
1105 1081
1104 1082
1103 1082
1102 1082
1101 1082
1100 1083
1099 1083
1098 1083
1097 1083
1096 1083
1095 1083
1094 1083
1093 1083
1092 1083
1091 1083
1090 1083
1089 1083
1088 1083
1087 1083
1086 1083
1085 1083
1084 1083
1083 1083
1082 1083
1081 1083
1080 1083
1079 1083
1078 1083
1077 1083
1076 1083
1075 1083
1074 1083
1073 1083
1072 1083
1071 1083
1070 1083
1069 1083
1068 1083
1067 1083
1066 1083
1065 1083
1064 1084
1063 1084
1062 1084
1061 1084
1060 1085
1059 1085
1058 1085
1057 1085
1056 1085
1055 1085
1054 1085
1053 1085
1052 1086
1051 1087
1050 1088
1049 1089
1048 1090
1047 1090
1046 1091
1045 1092
1044 1092
1043 1092
1042 1093
1041 1094
1040 1094
1039 1094
1038 1095
1037 1095
1036 1095
1035 1095
1034 1096
1033 1096
1032 1096
1031 1096
1030 1097
1029 1097
1028 1098
1027 1098
1026 1098
1025 1098
1024 1099
1023 1099
1022 1099
1021 1099
1020 1099
1019 1099
1018 1099
1017 1099
1016 1099
1015 1099
1014 1099
1013 1099
1012 1098
1011 1098
1010 1098
1009 1098
1008 1097
1007 1097
1006 1097
1005 1097
1004 1097
1003 1097
1002 1097
1001 1097
1000 1097
999 1097
998 1098
997 1098
996 1098
995 1098
994 1099
993 1099
992 1099
991 1099
990 1100
989 1100
988 1101
988 1102
987 1103
987 1104
987 1105
987 1106
987 1107
987 1108
987 1109
987 1110
987 1111
987 1112
988 1113
988 1114
989 1115
989 1116
990 1117
990 1118
991 1119
992 1120
993 1121
994 1122
995 1123
996 1124
997 1125
998 1125
999 1125
1000 1125
1001 1126
1002 1126
1003 1126
1004 1126
1005 1127
1006 1127
1007 1127
1008 1127
1009 1128
1010 1128
1011 1129
1012 1129
1013 1129
1014 1129
1015 1130
1016 1130
1017 1130
1018 1130
1019 1130
1020 1130
1021 1130
1022 1130
1023 1130
1024 1130
1025 1130
1026 1130
1027 1130
1028 1130
1029 1130
1030 1130
1031 1130
1032 1130
1033 1130
1034 1130
1035 1130
1036 1130
1037 1129
1038 1129
1039 1129
1040 1129
1041 1128
1042 1128
1043 1128
1044 1128
1045 1129
1046 1129
1047 1129
1048 1129
1049 1130
1050 1130
1051 1131
1052 1131
1053 1131
1054 1132
1055 1133
1056 1133
1057 1133
1058 1134
1059 1135
1060 1135
1061 1135
1062 1135
1063 1136
1064 1136
1065 1137
1066 1137
1067 1137
1068 1137
1069 1138
1070 1138
1071 1138
1072 1138
1073 1138
1074 1138
1075 1138
1076 1138
1077 1138
1078 1138
1079 1138
1080 1138
1081 1138
1082 1138
1083 1138
1084 1138
1085 1138
1086 1138
1087 1138
1088 1138
1089 1138
1090 1138
1091 1138
1092 1138
1093 1138
1094 1138
1095 1138
1096 1138
1097 1138
1098 1138
1099 1138
1100 1138
1101 1139
1102 1139
1103 1139
1104 1139
1105 1140
1106 1140
1107 1140
1108 1140
1109 1140
1110 1140
1111 1140
1112 1140
1113 1140
1114 1140
1115 1140
1116 1140
1117 1141
1118 1141
1119 1141
1120 1141
1121 1142
1122 1142
1123 1142
1124 1142
1125 1142
1126 1142
1127 1142
1128 1142
1129 1142
1130 1142
1131 1142
1132 1142
1133 1142
1134 1142
1135 1142
1136 1142
1137 1142
1138 1142
1139 1142
1140 1142
1141 1142
1142 1142
1143 1143
1144 1143
1145 1143
1146 1143
1147 1144
1148 1144
1149 1144
1150 1144
1151 1144
1152 1144
1153 1144
1154 1144
1155 1144
1156 1144
1157 1144
1158 1144
1159 1144
1160 1144
1161 1144
1162 1144
1163 1144
1164 1144
1165 1144
1166 1144
1167 1144
1168 1144
1169 1144
1170 1144
1171 1144
1172 1144
1173 1144
1174 1144
1175 1144
1176 1144
1177 1144
1178 1144
1179 1144
1180 1144
1181 1144
1182 1144
1183 1144
1184 1144
1185 1143
1186 1143
1187 1142
1188 1142
1189 1141
1190 1141
1191 1140
1192 1140
1193 1140
1194 1140
1195 1139
1196 1139
1197 1139
1198 1139
1199 1138
1200 1138
1201 1138
1202 1138
1203 1137
1204 1136
1205 1135
1205 1134
1206 1133
1207 1132
1207 1131
1207 1130
1207 1129
1208 1128
1208 1127
1208 1126
1208 1125
1208 1124
1208 1123
1209 1122
1209 1121
1210 1120
1211 1119
1212 1119
1213 1118
1214 1118
1215 1118
1216 1118
1217 1117
1218 1117
1219 1116
1220 1115
1221 1115
1221 1114
1222 1113
1223 1112
1223 1111
1224 1110
1224 1109
1224 1108
1224 1107
1224 1106
1224 1105
1224 1104
1224 1103
1223 1102
1223 1101
1223 1100
1223 1099
1222 1098
1222 1097
1221 1096
1221 1095
1220 1094
1219 1094
1218 1093
1217 1093
1216 1093
1215 1093
1214 1093
1213 1093
1212 1093
1211 1093
1210 1092
1209 1092
1208 1092
1207 1092
1206 1091
1205 1091
1204 1091
1203 1091
1202 1091
1201 1091
1200 1090
1199 1090
1198 1090
1197 1089
1196 1088
1195 1088
1194 1088
1193 1088
1192 1087
1191 1087
1190 1087
1189 1087
1188 1086
1187 1086
1186 1085
1185 1085
1184 1084
1183 1083
1182 1082
1181 1082
1180 1082
1179 1082
1178 1081
1177 1081
1176 1080
1175 1080
1174 1080
1173 1080
1172 1079
1171 1079
1170 1078
1169 1078
1168 1078
1167 1078
1166 1077
1165 1077
1164 1077
1163 1077
1162 1077
1161 1077
1160 1077
1159 1077
1158 1077
1157 1077
