525 4281
524 4282
523 4282
522 4282
521 4282
520 4283
519 4283
518 4283
517 4283
516 4284
515 4284
514 4284
513 4284
512 4285
511 4285
510 4285
509 4285
508 4285
507 4285
506 4286
505 4286
504 4286
503 4286
502 4287
501 4287
500 4287
499 4287
498 4288
497 4288
496 4288
495 4288
494 4289
493 4289
492 4289
491 4289
490 4290
489 4290
488 4290
487 4290
486 4291
485 4291
484 4291
483 4291
482 4292
481 4292
480 4292
479 4292
478 4293
477 4293
476 4293
475 4293
474 4294
473 4294
472 4294
471 4294
470 4295
469 4295
468 4295
467 4295
466 4295
465 4295
464 4296
463 4296
462 4297
461 4298
460 4298
460 4299
459 4300
458 4300
457 4301
456 4302
455 4302
454 4303
453 4304
452 4304
451 4304
450 4305
449 4306
448 4307
447 4308
446 4308
446 4309
445 4310
444 4310
444 4311
443 4312
442 4313
441 4314
440 4315
440 4316
439 4317
438 4318
438 4319
437 4320
436 4320
436 4321
435 4322
434 4322
434 4323
433 4324
432 4324
432 4325
431 4326
430 4326
430 4327
429 4328
428 4328
428 4329
427 4330
426 4331
425 4332
424 4333
424 4334
424 4335
424 4336
423 4337
423 4338
423 4339
423 4340
423 4341
423 4342
423 4343
423 4344
423 4345
423 4346
423 4347
423 4348
423 4349
423 4350
422 4351
422 4352
422 4353
421 4354
420 4355
420 4356
419 4357
419 4358
418 4359
418 4360
417 4361
417 4362
417 4363
417 4364
417 4365
417 4366
417 4367
417 4368
418 4369
418 4370
418 4371
418 4372
419 4373
419 4374
419 4375
419 4376
419 4377
419 4378
420 4379
420 4380
420 4381
420 4382
421 4383
422 4384
422 4385
422 4386
423 4387
423 4388
424 4389
424 4390
424 4391
424 4392
425 4393
425 4394
425 4395
425 4396
426 4397
426 4398
427 4399
428 4400
428 4401
429 4401
430 4402
430 4403
431 4403
432 4404
432 4405
433 4406
434 4407
434 4408
435 4409
435 4410
436 4411
436 4412
437 4413
437 4414
438 4415
438 4416
439 4417
439 4418
439 4419
439 4420
439 4421
439 4422
439 4423
439 4424
439 4425
439 4426
439 4427
439 4428
439 4429
439 4430
440 4431
440 4432
440 4433
440 4434
441 4435
442 4436
443 4437
444 4438
444 4439
445 4439
446 4440
446 4441
447 4442
448 4443
448 4444
449 4445
449 4446
450 4447
450 4448
450 4449
450 4450
451 4451
452 4452
453 4453
454 4454
454 4455
455 4455
456 4456
456 4457
457 4457
458 4458
458 4459
459 4459
460 4460
460 4461
461 4461
462 4462
462 4463
463 4463
464 4464
465 4465
466 4465
467 4466
468 4466
469 4466
470 4466
471 4467
472 4467
473 4467
474 4468
475 4469
476 4469
477 4470
478 4471
479 4472
480 4473
480 4474
481 4475
481 4476
482 4477
482 4478
482 4479
482 4480
483 4481
484 4482
485 4483
486 4484
486 4485
487 4485
488 4486
488 4487
489 4487
490 4488
490 4489
491 4489
492 4490
492 4491
493 4491
494 4492
495 4493
496 4494
497 4495
498 4495
499 4495
500 4495
501 4496
502 4496
503 4497
504 4497
505 4498
506 4498
507 4499
508 4499
509 4500
510 4500
511 4500
512 4500
513 4500
514 4500
515 4500
516 4500
517 4500
518 4500
519 4500
520 4500
521 4500
522 4500
523 4500
524 4500
525 4499
526 4499
527 4499
528 4499
529 4498
530 4498
531 4497
532 4497
533 4496
534 4495
535 4495
535 4494
536 4493
537 4493
538 4492
539 4491
540 4491
541 4490
542 4490
543 4490
544 4490
545 4490
546 4490
547 4490
548 4490
549 4490
550 4490
551 4490
552 4490
553 4491
554 4492
555 4492
556 4493
557 4494
558 4494
559 4494
560 4494
561 4495
562 4495
563 4496
564 4497
565 4497
566 4498
566 4499
567 4499
568 4500
569 4501
570 4502
571 4503
572 4503
573 4503
574 4504
575 4505
576 4505
577 4506
578 4507
579 4507
580 4508
580 4509
581 4509
582 4510
582 4511
583 4511
584 4512
584 4513
585 4513
586 4514
586 4515
587 4515
588 4516
588 4517
589 4518
590 4519
590 4520
591 4521
591 4522
591 4523
591 4524
591 4525
591 4526
592 4527
592 4528
593 4529
594 4530
594 4531
595 4531
596 4532
596 4533
597 4534
598 4535
598 4536
599 4537
599 4538
600 4539
600 4540
601 4541
602 4542
602 4543
603 4543
604 4544
604 4545
605 4545
606 4546
606 4547
607 4547
608 4548
608 4549
609 4549
610 4550
610 4551
611 4551
612 4552
612 4553
613 4553
614 4554
614 4555
615 4556
616 4557
616 4558
617 4559
618 4560
619 4561
620 4562
620 4563
621 4563
622 4564
622 4565
623 4565
624 4566
625 4567
626 4567
627 4568
628 4568
629 4568
630 4568
631 4569
632 4569
633 4570
634 4571
635 4571
636 4572
636 4573
637 4573
638 4574
638 4575
639 4575
640 4576
640 4577
641 4577
642 4578
642 4579
643 4579
644 4580
645 4581
646 4581
647 4582
648 4582
649 4583
650 4583
651 4584
652 4585
653 4585
654 4586
655 4587
656 4587
657 4588
658 4588
659 4588
660 4588
661 4588
662 4588
663 4588
664 4588
665 4589
666 4589
667 4590
668 4591
669 4591
670 4592
671 4593
672 4593
673 4594
674 4594
675 4594
676 4594
677 4594
678 4594
679 4594
680 4594
681 4593
682 4593
683 4592
684 4592
685 4591
686 4591
687 4590
688 4590
689 4590
690 4590
691 4589
692 4589
693 4588
694 4587
695 4587
695 4586
696 4585
697 4584
697 4583
698 4582
698 4581
699 4580
699 4579
699 4578
699 4577
700 4576
700 4575
700 4574
700 4573
701 4572
701 4571
702 4570
702 4569
703 4568
703 4567
704 4566
704 4565
704 4564
704 4563
704 4562
704 4561
704 4560
704 4559
704 4558
704 4557
704 4556
704 4555
704 4554
704 4553
703 4552
703 4551
703 4550
703 4549
702 4548
702 4547
702 4546
702 4545
702 4544
702 4543
702 4542
702 4541
702 4540
702 4539
702 4538
702 4537
702 4536
702 4535
702 4534
702 4533
702 4532
702 4531
702 4530
702 4529
702 4528
702 4527
702 4526
702 4525
702 4524
702 4523
702 4522
702 4521
702 4520
702 4519
702 4518
702 4517
702 4516
702 4515
702 4514
702 4513
702 4512
702 4511
702 4510
702 4509
702 4508
702 4507
702 4506
702 4505
702 4504
702 4503
702 4502
702 4501
702 4500
702 4499
702 4498
702 4497
702 4496
702 4495
702 4494
702 4493
702 4492
702 4491
702 4490
702 4489
702 4488
702 4487
702 4486
702 4485
702 4484
702 4483
701 4482
701 4481
700 4480
699 4479
699 4478
698 4477
697 4476
697 4475
697 4474
697 4473
697 4472
697 4471
698 4470
698 4469
698 4468
698 4467
699 4466
699 4465
699 4464
699 4463
700 4462
700 4461
700 4460
700 4459
700 4458
700 4457
700 4456
700 4455
700 4454
700 4453
699 4452
699 4451
699 4450
699 4449
698 4448
698 4447
697 4446
697 4445
697 4444
697 4443
696 4442
696 4441
695 4440
695 4439
695 4438
695 4437
694 4436
694 4435
693 4434
693 4433
693 4432
693 4431
692 4430
692 4429
692 4428
692 4427
691 4426
691 4425
691 4424
691 4423
690 4422
689 4421
689 4420
689 4419
688 4418
688 4417
688 4416
688 4415
688 4414
688 4413
688 4412
688 4411
688 4410
688 4409
688 4408
688 4407
687 4406
687 4405
687 4404
687 4403
686 4402
686 4401
685 4400
685 4399
685 4398
685 4397
684 4396
683 4395
682 4394
682 4393
681 4392
681 4391
680 4390
679 4389
678 4388
677 4387
677 4386
676 4386
675 4385
675 4384
674 4383
673 4382
673 4381
672 4380
672 4379
672 4378
672 4377
672 4376
672 4375
672 4374
672 4373
672 4372
672 4371
672 4370
672 4369
672 4368
672 4367
672 4366
672 4365
671 4364
671 4363
670 4362
670 4361
669 4360
669 4359
668 4358
668 4357
668 4356
668 4355
667 4354
667 4353
667 4352
667 4351
666 4350
666 4349
666 4348
666 4347
666 4346
666 4345
666 4344
666 4343
666 4342
666 4341
666 4340
666 4339
665 4338
665 4337
664 4336
663 4335
663 4334
662 4334
661 4333
661 4332
660 4332
659 4331
658 4330
657 4329
656 4328
655 4328
654 4328
653 4328
652 4327
651 4327
650 4327
649 4327
648 4326
647 4326
646 4325
645 4324
644 4324
643 4323
643 4322
642 4322
641 4321
641 4320
640 4320
639 4319
638 4318
637 4317
636 4316
635 4316
634 4315
633 4315
632 4314
631 4313
630 4312
629 4312
628 4312
627 4312
626 4311
625 4311
624 4311
623 4311
622 4310
621 4310
620 4309
619 4308
618 4308
617 4307
616 4306
615 4305
614 4304
613 4304
612 4304
611 4304
610 4303
609 4303
608 4303
607 4303
606 4302
605 4302
604 4301
603 4300
603 4299
602 4298
601 4297
600 4296
599 4295
598 4294
597 4294
596 4293
595 4293
594 4292
593 4292
592 4291
591 4290
590 4290
589 4289
588 4288
587 4287
586 4286
585 4286
584 4285
583 4284
582 4284
581 4283
580 4282
579 4282
578 4281
577 4281
576 4281
575 4281
574 4281
573 4281
572 4281
571 4281
570 4281
569 4281
568 4281
567 4281
566 4281
565 4281
564 4281
563 4281
562 4281
561 4281
560 4281
559 4281
558 4281
557 4281
556 4281
555 4281
554 4281
553 4281
552 4281
551 4281
550 4281
549 4281
548 4281
547 4281
546 4281
545 4281
544 4281
543 4281
542 4281
541 4281
540 4281
539 4281
538 4281
537 4281
536 4281
535 4281
534 4281
533 4281
532 4281
531 4281
530 4281
529 4281
528 4281
527 4281
526 4281
525 4281
