373 3236
372 3237
371 3237
370 3237
369 3237
368 3238
367 3238
366 3238
365 3238
364 3238
363 3238
362 3238
361 3238
360 3238
359 3238
358 3239
357 3239
356 3239
355 3239
354 3240
353 3240
352 3240
351 3240
350 3240
349 3240
348 3241
347 3241
346 3241
345 3241
344 3242
343 3242
342 3241
341 3241
340 3241
339 3241
338 3241
337 3241
336 3241
335 3241
334 3242
333 3242
332 3242
331 3242
330 3243
329 3243
328 3243
327 3243
326 3244
325 3245
324 3245
323 3245
322 3246
321 3246
320 3246
319 3246
318 3246
317 3246
316 3246
315 3246
314 3246
313 3246
312 3247
311 3247
310 3247
309 3247
308 3248
307 3248
306 3248
305 3248
304 3248
303 3248
302 3249
301 3249
300 3249
299 3249
298 3250
297 3251
296 3251
295 3251
294 3252
293 3253
292 3253
291 3253
290 3254
289 3254
288 3255
287 3255
286 3255
285 3255
284 3256
283 3256
282 3257
281 3257
280 3257
279 3257
278 3258
277 3259
276 3259
275 3259
274 3260
273 3261
272 3261
271 3261
270 3262
269 3263
268 3263
267 3263
266 3264
265 3265
264 3266
264 3267
263 3268
263 3269
263 3270
263 3271
263 3272
263 3273
263 3274
263 3275
263 3276
263 3277
263 3278
263 3279
262 3280
262 3281
262 3282
261 3283
260 3284
260 3285
260 3286
259 3287
258 3288
258 3289
258 3290
258 3291
257 3292
257 3293
257 3294
257 3295
257 3296
257 3297
257 3298
257 3299
257 3300
257 3301
257 3302
257 3303
258 3304
258 3305
258 3306
259 3307
260 3308
261 3309
262 3309
263 3310
264 3310
265 3310
266 3311
267 3312
268 3312
269 3313
270 3313
271 3314
272 3314
273 3315
274 3315
275 3315
276 3315
277 3315
278 3315
279 3314
280 3314
281 3314
282 3314
283 3313
284 3313
285 3313
286 3313
287 3314
288 3314
289 3314
290 3315
291 3316
292 3316
293 3317
294 3317
295 3318
296 3318
297 3319
298 3319
299 3319
300 3319
301 3319
302 3319
303 3319
304 3319
305 3319
306 3319
307 3319
308 3319
309 3320
310 3320
311 3320
312 3320
313 3321
314 3321
315 3320
316 3320
317 3320
318 3320
319 3319
320 3319
321 3319
322 3319
323 3319
324 3319
325 3319
326 3319
327 3319
328 3319
329 3319
330 3319
331 3319
332 3319
333 3319
334 3319
335 3319
336 3319
337 3319
338 3319
339 3319
340 3319
341 3320
342 3320
343 3320
344 3320
345 3321
346 3321
347 3321
348 3321
349 3321
350 3321
351 3321
352 3321
353 3321
354 3321
355 3320
356 3320
357 3320
358 3320
359 3319
360 3319
361 3319
362 3319
363 3319
364 3319
365 3319
366 3319
367 3319
368 3319
369 3319
370 3319
371 3319
372 3319
373 3319
374 3319
375 3319
376 3319
377 3319
378 3319
379 3318
380 3318
381 3318
382 3318
383 3317
384 3317
385 3316
386 3316
387 3315
388 3314
389 3314
390 3313
391 3312
392 3312
393 3311
394 3311
395 3311
396 3311
397 3311
398 3311
399 3311
400 3311
401 3310
402 3310
403 3310
404 3310
405 3309
406 3309
407 3309
408 3309
409 3309
410 3309
411 3309
412 3309
413 3309
414 3309
415 3309
416 3309
417 3308
418 3308
419 3308
420 3308
421 3307
422 3307
423 3307
424 3307
425 3307
426 3307
427 3307
428 3307
429 3307
430 3307
431 3307
432 3307
433 3307
434 3307
435 3307
436 3307
437 3307
438 3307
439 3307
440 3307
441 3307
442 3307
443 3307
444 3307
445 3307
446 3307
447 3307
448 3307
449 3306
450 3306
451 3306
452 3306
453 3305
454 3305
455 3305
456 3305
457 3305
458 3305
459 3305
460 3305
461 3304
462 3304
463 3304
464 3304
465 3303
466 3303
467 3303
468 3303
469 3302
470 3302
471 3301
472 3300
473 3300
474 3299
475 3298
476 3298
477 3297
478 3297
479 3297
480 3297
481 3296
482 3296
483 3296
484 3296
485 3295
486 3295
487 3294
488 3294
489 3293
490 3292
491 3291
491 3290
492 3289
492 3288
492 3287
492 3286
492 3285
492 3284
492 3283
492 3282
492 3281
492 3280
493 3279
493 3278
494 3277
495 3276
495 3275
496 3274
497 3274
497 3273
498 3272
499 3271
499 3270
500 3269
500 3268
501 3267
501 3266
501 3265
501 3264
502 3263
502 3262
501 3261
501 3260
500 3259
499 3258
499 3257
498 3257
497 3256
497 3255
496 3255
495 3254
495 3253
494 3253
493 3252
493 3251
492 3251
491 3250
491 3249
490 3249
489 3248
489 3247
488 3247
487 3246
486 3245
485 3244
484 3243
483 3243
482 3243
481 3243
480 3242
479 3242
478 3242
477 3242
476 3241
475 3241
474 3241
473 3241
472 3240
471 3240
470 3240
469 3240
468 3240
467 3240
466 3240
465 3240
464 3240
463 3240
462 3239
461 3239
460 3239
459 3239
458 3238
457 3238
456 3238
455 3238
454 3238
453 3238
452 3238
451 3238
450 3238
449 3238
448 3238
447 3238
446 3238
445 3238
444 3238
443 3238
442 3238
441 3238
440 3238
439 3238
438 3238
437 3238
436 3238
435 3238
434 3238
433 3238
432 3238
431 3238
430 3237
429 3237
428 3237
427 3237
426 3236
425 3236
424 3236
423 3236
422 3236
421 3236
420 3236
419 3236
418 3236
417 3236
416 3236
415 3236
414 3236
413 3236
412 3236
411 3236
410 3236
409 3236
408 3236
407 3236
406 3236
405 3236
404 3236
403 3236
402 3236
401 3236
400 3236
399 3236
398 3236
397 3236
396 3236
395 3236
394 3236
393 3236
392 3236
391 3236
390 3236
389 3236
388 3236
387 3236
386 3236
385 3236
384 3236
383 3236
382 3236
381 3236
380 3236
379 3236
378 3236
377 3236
376 3236
375 3236
374 3236
373 3236
