1677 4657
1676 4658
1675 4658
1674 4658
1673 4658
1672 4659
1671 4659
1670 4659
1669 4659
1668 4660
1667 4660
1666 4660
1665 4660
1664 4661
1663 4661
1662 4661
1661 4661
1660 4661
1659 4661
1658 4661
1657 4661
1656 4661
1655 4661
1654 4661
1653 4661
1652 4661
1651 4661
1650 4661
1649 4661
1648 4661
1647 4661
1646 4661
1645 4661
1644 4661
1643 4661
1642 4661
1641 4661
1640 4661
1639 4661
1638 4661
1637 4661
1636 4661
1635 4661
1634 4661
1633 4661
1632 4661
1631 4661
1630 4661
1629 4661
1628 4661
1627 4661
1626 4661
1625 4661
1624 4661
1623 4661
1622 4662
1621 4662
1620 4662
1619 4662
1618 4663
1617 4664
1616 4664
1615 4664
1614 4665
1613 4665
1612 4665
1611 4665
1610 4665
1609 4665
1608 4665
1607 4665
1606 4666
1605 4666
1604 4666
1603 4666
1602 4667
1601 4667
1600 4667
1599 4667
1598 4667
1597 4667
1596 4668
1595 4668
1594 4669
1593 4670
1592 4670
1591 4671
1590 4672
1589 4672
1588 4673
1587 4674
1586 4674
1585 4674
1584 4675
1583 4675
1582 4676
1581 4676
1580 4676
1579 4676
1578 4677
1577 4677
1576 4677
1575 4677
1574 4677
1573 4677
1572 4677
1571 4677
1570 4677
1569 4677
1568 4677
1567 4677
1566 4678
1565 4678
1564 4678
1563 4678
1562 4679
1561 4679
1560 4680
1559 4680
1558 4680
1557 4680
1556 4681
1555 4681
1554 4681
1553 4681
1552 4681
1551 4681
1550 4681
1549 4681
1548 4681
1547 4681
1546 4681
1545 4681
1544 4681
1543 4681
1542 4681
1541 4681
1540 4681
1539 4681
1538 4681
1537 4681
1536 4681
1535 4681
1534 4681
1533 4681
1532 4681
1531 4681
1530 4681
1529 4681
1528 4681
1527 4681
1526 4681
1525 4681
1524 4681
1523 4681
1522 4681
1521 4681
1520 4681
1519 4681
1518 4681
1517 4681
1516 4681
1515 4681
1514 4681
1513 4681
1512 4681
1511 4681
1510 4681
1509 4681
1508 4680
1507 4680
1506 4680
1505 4680
1504 4679
1503 4679
1502 4679
1501 4679
1500 4679
1499 4679
1498 4679
1497 4679
1496 4679
1495 4679
1494 4679
1493 4679
1492 4679
1491 4679
1490 4678
1489 4678
1488 4678
1487 4678
1486 4677
1485 4677
1484 4677
1483 4677
1482 4677
1481 4677
1480 4677
1479 4677
1478 4677
1477 4677
1476 4677
1475 4677
1474 4676
1473 4676
1472 4676
1471 4676
1470 4675
1469 4675
1468 4675
1467 4675
1466 4674
1465 4674
1464 4674
1463 4674
1462 4673
1461 4673
1460 4672
1459 4672
1458 4672
1457 4671
1456 4670
1455 4670
1454 4670
1453 4670
1452 4669
1451 4669
1450 4669
1449 4669
1448 4669
1447 4669
1446 4669
1445 4669
1444 4669
1443 4669
1442 4669
1441 4669
1440 4669
1439 4669
1438 4669
1437 4669
1436 4668
1435 4668
1434 4668
1433 4668
1432 4667
1431 4667
1430 4667
1429 4667
1428 4667
1427 4667
1426 4667
1425 4667
1424 4667
1423 4667
1422 4667
1421 4667
1420 4667
1419 4667
1418 4667
1417 4667
1416 4668
1415 4668
1414 4668
1413 4668
1412 4669
1411 4669
1410 4669
1409 4669
1408 4669
1407 4669
1406 4670
1405 4670
1404 4670
1403 4670
1402 4671
1401 4671
1400 4672
1399 4672
1398 4672
1397 4672
1396 4673
1395 4673
1394 4673
1393 4673
1392 4673
1391 4673
1390 4674
1389 4674
1388 4675
1387 4676
1386 4676
1386 4677
1385 4678
1384 4678
1383 4679
1382 4680
1381 4680
1380 4681
1379 4682
1378 4683
1377 4683
1376 4684
1375 4684
1374 4685
1373 4686
1372 4686
1371 4686
1370 4687
1369 4688
1368 4688
1367 4688
1366 4689
1365 4690
1364 4690
1363 4690
1362 4691
1361 4691
1360 4692
1359 4692
1358 4692
1357 4692
1356 4693
1355 4693
1354 4694
1353 4694
1352 4694
1351 4694
1350 4695
1349 4696
1348 4696
1347 4696
1346 4697
1345 4697
1344 4698
1343 4698
1342 4698
1341 4698
1340 4699
1339 4700
1338 4700
1337 4700
1336 4701
1335 4701
1334 4702
1333 4702
1332 4702
1331 4702
1330 4703
1329 4704
1328 4705
1327 4705
1326 4706
1325 4706
1324 4707
1323 4708
1322 4708
1321 4708
1320 4709
1319 4710
1318 4710
1317 4710
1316 4711
1315 4712
1314 4713
1313 4713
1312 4714
1311 4714
1310 4715
1309 4716
1308 4716
1307 4716
1306 4717
1305 4718
1304 4719
1303 4720
1302 4720
1302 4721
1301 4722
1300 4722
1300 4723
1299 4724
1298 4724
1298 4725
1297 4726
1296 4726
1296 4727
1295 4728
1294 4729
1293 4730
1292 4731
1292 4732
1291 4733
1290 4734
1290 4735
1289 4736
1288 4737
1288 4738
1287 4739
1287 4740
1287 4741
1287 4742
1287 4743
1287 4744
1287 4745
1287 4746
1287 4747
1287 4748
1287 4749
1287 4750
1287 4751
1287 4752
1287 4753
1287 4754
1287 4755
1287 4756
1287 4757
1287 4758
1287 4759
1287 4760
1286 4761
1286 4762
1286 4763
1286 4764
1285 4765
1285 4766
1285 4767
1285 4768
1285 4769
1285 4770
1285 4771
1285 4772
1285 4773
1285 4774
1285 4775
1285 4776
1285 4777
1285 4778
1285 4779
1285 4780
1285 4781
1285 4782
1285 4783
1285 4784
1285 4785
1285 4786
1285 4787
1285 4788
1285 4789
1285 4790
1285 4791
1285 4792
1285 4793
1285 4794
1285 4795
1285 4796
1285 4797
1285 4798
1285 4799
1285 4800
1285 4801
1285 4802
1285 4803
1285 4804
1285 4805
1285 4806
1286 4807
1286 4808
1286 4809
1286 4810
1287 4811
1288 4812
1288 4813
1288 4814
1289 4815
1290 4816
1290 4817
1290 4818
1291 4819
1291 4820
1291 4821
1291 4822
1291 4823
1291 4824
1291 4825
1291 4826
1292 4827
1292 4828
1293 4829
1293 4830
1294 4831
1294 4832
1295 4833
1296 4834
1296 4835
1296 4836
1297 4837
1297 4838
1297 4839
1297 4840
1297 4841
1297 4842
1298 4843
1298 4844
1299 4845
1299 4846
1300 4847
1300 4848
1301 4849
1302 4850
1302 4851
1302 4852
1303 4853
1303 4854
1303 4855
1303 4856
1304 4857
1304 4858
1304 4859
1304 4860
1305 4861
1306 4862
1306 4863
1306 4864
1307 4865
1307 4866
1308 4867
1308 4868
1308 4869
1308 4870
1309 4871
1309 4872
1309 4873
1309 4874
1310 4875
1310 4876
1310 4877
1310 4878
1311 4879
1312 4880
1312 4881
1312 4882
1313 4883
1313 4884
1314 4885
1314 4886
1315 4887
1316 4888
1316 4889
1317 4889
1318 4890
1318 4891
1319 4891
1320 4892
1320 4893
1321 4893
1322 4894
1323 4895
1324 4895
1325 4896
1326 4896
1327 4895
1328 4895
1329 4894
1330 4893
1331 4893
1331 4892
1332 4891
1333 4891
1334 4890
1335 4889
1336 4889
1337 4889
1338 4889
1339 4889
1340 4889
1341 4889
1342 4889
1343 4888
1344 4887
1345 4886
1345 4885
1346 4884
1346 4883
1347 4882
1347 4881
1348 4880
1349 4879
1349 4878
1350 4877
1351 4877
1352 4876
1353 4875
1354 4875
1355 4874
1356 4874
1357 4873
1358 4873
1359 4873
1360 4873
1361 4872
1362 4872
1363 4872
1364 4872
1365 4872
1366 4872
1367 4872
1368 4872
1369 4872
1370 4872
1371 4872
1372 4872
1373 4872
1374 4872
1375 4872
1376 4872
1377 4871
1378 4871
1379 4870
1380 4869
1381 4869
1381 4868
1382 4867
1383 4867
1383 4866
1384 4865
1385 4865
1386 4864
1387 4863
1388 4863
1389 4862
1390 4862
1391 4862
1392 4862
1393 4862
1394 4862
1395 4862
1396 4862
1397 4861
1398 4861
1399 4860
1400 4859
1401 4859
1401 4858
1402 4857
1403 4857
1403 4856
1404 4855
1405 4855
1405 4854
1406 4853
1407 4853
1407 4852
1408 4851
1409 4851
1409 4850
1410 4849
1411 4849
1411 4848
1412 4847
1413 4847
1414 4846
1415 4845
1416 4845
1417 4844
1418 4844
1419 4843
1420 4843
1421 4842
1422 4842
1423 4841
1424 4841
1425 4840
1426 4840
1427 4840
1428 4840
1429 4839
1430 4839
1431 4839
1432 4839
1433 4838
1434 4837
1435 4837
1436 4837
1437 4836
1438 4836
1439 4836
1440 4836
1441 4835
1442 4835
1443 4835
1444 4835
1445 4834
1446 4834
1447 4833
1448 4833
1449 4833
1450 4833
1451 4832
1452 4832
1453 4832
1454 4832
1455 4832
1456 4832
1457 4831
1458 4831
1459 4831
1460 4831
1461 4830
1462 4830
1463 4830
1464 4830
1465 4829
1466 4829
1467 4829
1468 4829
1469 4828
1470 4827
1471 4827
1472 4827
1473 4826
1474 4826
1475 4826
1476 4826
1477 4826
1478 4826
1479 4826
1480 4826
1481 4826
1482 4826
1483 4826
1484 4826
1485 4826
1486 4826
1487 4826
1488 4826
1489 4826
1490 4826
1491 4826
1492 4826
1493 4826
1494 4826
1495 4826
1496 4826
1497 4827
1498 4827
1499 4827
1500 4827
1501 4827
1502 4827
1503 4827
1504 4827
1505 4826
1506 4826
1507 4826
1508 4826
1509 4826
1510 4826
1511 4826
1512 4826
1513 4825
1514 4825
1515 4825
1516 4825
1517 4824
1518 4824
1519 4824
1520 4824
1521 4824
1522 4824
1523 4824
1524 4824
1525 4824
1526 4824
1527 4824
1528 4824
1529 4824
1530 4824
1531 4824
1532 4824
1533 4824
1534 4824
1535 4824
1536 4824
1537 4824
1538 4824
1539 4824
1540 4824
1541 4824
1542 4824
1543 4824
1544 4824
1545 4824
1546 4824
1547 4824
1548 4824
1549 4824
1550 4824
1551 4824
1552 4824
1553 4824
1554 4824
1555 4824
1556 4824
1557 4824
1558 4824
1559 4824
1560 4824
1561 4824
1562 4824
1563 4824
1564 4824
1565 4824
1566 4824
1567 4824
1568 4824
1569 4824
1570 4824
1571 4824
1572 4824
1573 4824
1574 4824
1575 4824
1576 4824
1577 4824
1578 4824
1579 4824
1580 4824
1581 4824
1582 4824
1583 4824
1584 4824
1585 4824
1586 4824
1587 4824
1588 4824
1589 4824
1590 4824
1591 4824
1592 4824
1593 4824
1594 4824
1595 4824
1596 4824
1597 4824
1598 4824
1599 4824
1600 4824
1601 4824
1602 4824
1603 4824
1604 4824
1605 4824
1606 4824
1607 4824
1608 4824
1609 4824
1610 4824
1611 4824
1612 4824
1613 4824
1614 4824
1615 4824
1616 4824
1617 4824
1618 4824
1619 4824
1620 4824
1621 4824
1622 4824
1623 4824
1624 4824
1625 4824
1626 4824
1627 4824
1628 4824
1629 4824
1630 4824
1631 4824
1632 4824
1633 4824
1634 4824
1635 4824
1636 4824
1637 4824
1638 4824
1639 4824
1640 4824
1641 4824
1642 4824
1643 4824
1644 4824
1645 4824
1646 4824
1647 4824
1648 4824
1649 4824
1650 4824
1651 4824
1652 4824
1653 4824
1654 4824
1655 4824
1656 4824
1657 4824
1658 4824
1659 4824
1660 4824
1661 4824
1662 4824
1663 4824
1664 4824
1665 4824
1666 4824
1667 4824
1668 4824
1669 4824
1670 4824
1671 4824
1672 4824
1673 4824
1674 4824
1675 4824
1676 4824
1677 4824
1678 4824
1679 4824
1680 4824
1681 4824
1682 4824
1683 4824
1684 4824
1685 4824
1686 4824
1687 4824
1688 4824
1689 4824
1690 4824
1691 4824
1692 4824
1693 4824
1694 4824
1695 4824
1696 4824
1697 4824
1698 4824
1699 4823
1700 4823
1701 4822
1702 4822
1703 4821
1704 4821
1705 4820
1706 4820
1707 4820
1708 4820
1709 4820
1710 4820
1711 4820
1712 4820
1713 4820
1714 4820
1715 4820
1716 4820
1717 4820
1718 4820
1719 4820
1720 4820
1721 4820
1722 4820
1723 4820
1724 4820
1725 4820
1726 4820
1727 4820
1728 4820
1729 4820
1730 4820
1731 4820
1732 4820
1733 4821
1734 4821
1735 4822
1736 4822
1737 4823
1738 4823
1739 4824
1740 4824
1741 4824
1742 4824
1743 4824
1744 4824
1745 4824
1746 4824
1747 4824
1748 4824
1749 4824
1750 4824
1751 4824
1752 4824
1753 4824
1754 4824
1755 4824
1756 4824
1757 4824
1758 4824
1759 4824
1760 4824
1761 4824
1762 4824
1763 4824
1764 4824
1765 4824
1766 4824
1767 4824
1768 4824
1769 4824
1770 4824
1771 4824
1772 4824
1773 4824
1774 4824
1775 4824
1776 4824
1777 4824
1778 4824
1779 4824
1780 4824
1781 4824
1782 4824
1783 4824
1784 4824
1785 4824
1786 4824
1787 4824
1788 4824
1789 4824
1790 4824
1791 4824
1792 4824
1793 4824
1794 4824
1795 4824
1796 4824
1797 4824
1798 4824
1799 4824
1800 4824
1801 4824
1802 4824
1803 4824
1804 4824
1805 4824
1806 4824
1807 4824
1808 4824
1809 4824
1810 4824
1811 4824
1812 4824
1813 4825
1814 4825
1815 4825
1816 4825
1817 4826
1818 4826
1819 4826
1820 4826
1821 4826
1822 4826
1823 4827
1824 4827
1825 4827
1826 4828
1827 4829
1828 4829
1829 4829
1830 4830
1831 4831
1832 4831
1833 4831
1834 4831
1835 4832
1836 4832
1837 4832
1838 4832
1839 4832
1840 4832
1841 4832
1842 4832
1843 4832
1844 4832
1845 4832
1846 4832
1847 4832
1848 4832
1849 4832
1850 4832
1851 4832
1852 4832
1853 4832
1854 4832
1855 4832
1856 4832
1857 4832
1858 4832
1859 4832
1860 4832
1861 4832
1862 4832
1863 4832
1864 4832
1865 4832
1866 4832
1867 4832
1868 4832
1869 4832
1870 4832
1871 4832
1872 4832
1873 4832
1874 4832
1875 4832
1876 4832
1877 4832
1878 4832
1879 4832
1880 4832
1881 4832
1882 4832
1883 4832
1884 4832
1885 4832
1886 4832
1887 4832
1888 4832
1889 4832
1890 4832
1891 4832
1892 4832
1893 4832
1894 4832
1895 4832
1896 4832
1897 4832
1898 4832
1899 4832
1900 4832
1901 4832
1902 4832
1903 4832
1904 4832
1905 4832
1906 4832
1907 4832
1908 4832
1909 4832
1910 4832
1911 4832
1912 4832
1913 4832
1914 4832
1915 4831
1916 4831
1917 4831
1918 4831
1919 4830
1920 4829
1921 4828
1922 4827
1923 4827
1923 4826
1924 4825
1925 4825
1925 4824
1926 4823
1927 4823
1927 4822
1928 4821
1929 4821
1929 4820
1930 4819
1931 4819
1931 4818
1932 4817
1933 4817
1933 4816
1934 4815
1935 4815
1935 4814
1936 4813
1937 4813
1937 4812
1938 4811
1939 4811
1939 4810
1940 4809
1941 4809
1941 4808
1942 4807
1943 4807
1943 4806
1944 4805
1945 4805
1945 4804
1946 4803
1947 4803
1947 4802
1948 4801
1949 4801
1949 4800
1950 4799
1951 4799
1951 4798
1952 4797
1953 4797
1953 4796
1954 4795
1955 4795
1955 4794
1956 4793
1957 4792
1957 4791
1958 4790
1958 4789
1959 4788
1959 4787
1960 4786
1960 4785
1961 4784
1961 4783
1962 4782
1962 4781
1962 4780
1962 4779
1962 4778
1962 4777
1962 4776
1962 4775
1962 4774
1962 4773
1962 4772
1962 4771
1962 4770
1962 4769
1962 4768
1962 4767
1962 4766
1962 4765
1962 4764
1962 4763
1962 4762
1962 4761
1962 4760
1962 4759
1962 4758
1962 4757
1962 4756
1962 4755
1962 4754
1962 4753
1961 4752
1961 4751
1961 4750
1961 4749
1960 4748
1960 4747
1960 4746
1960 4745
1960 4744
1960 4743
1960 4742
1960 4741
1959 4740
1959 4739
1958 4738
1957 4737
1957 4736
1956 4736
1955 4735
1955 4734
1954 4733
1953 4732
1953 4731
1952 4730
1951 4729
1951 4728
1951 4727
1950 4726
1950 4725
1950 4724
1950 4723
1949 4722
1949 4721
1948 4720
1947 4719
1947 4718
1946 4718
1945 4717
1945 4716
1944 4716
1943 4715
1942 4714
1941 4713
1940 4712
1939 4712
1938 4712
1937 4711
1936 4710
1935 4710
1934 4709
1933 4709
1932 4708
1931 4708
1930 4707
1929 4707
1928 4707
1927 4707
1926 4707
1925 4707
1924 4706
1923 4706
1922 4706
1921 4705
1920 4704
1919 4704
1918 4703
1917 4702
1916 4702
1915 4701
1915 4700
1914 4700
1913 4699
1913 4698
1912 4698
1911 4697
1911 4696
1910 4696
1909 4695
1909 4694
1908 4694
1907 4693
1907 4692
1906 4692
1905 4691
1905 4690
1904 4690
1903 4689
1903 4688
1902 4688
1901 4687
1900 4686
1899 4686
1898 4685
1897 4685
1896 4685
1895 4685
1894 4685
1893 4685
1892 4685
1891 4685
1890 4685
1889 4685
1888 4685
1887 4685
1886 4685
1885 4685
1884 4685
1883 4685
1882 4685
1881 4685
1880 4686
1879 4686
1878 4686
1877 4686
1876 4687
1875 4687
1874 4687
1873 4687
1872 4687
1871 4687
1870 4687
1869 4687
1868 4687
1867 4687
1866 4687
1865 4687
1864 4687
1863 4687
1862 4687
1861 4687
1860 4687
1859 4687
1858 4687
1857 4687
1856 4687
1855 4687
1854 4687
1853 4687
1852 4687
1851 4687
1850 4687
1849 4687
1848 4686
1847 4686
1846 4686
1845 4686
1844 4685
1843 4685
1842 4684
1841 4684
1840 4684
1839 4683
1838 4682
1837 4682
1836 4682
1835 4682
1834 4681
1833 4681
1832 4681
1831 4681
1830 4681
1829 4681
1828 4681
1827 4681
1826 4681
1825 4681
1824 4681
1823 4681
1822 4681
1821 4681
1820 4681
1819 4681
1818 4681
1817 4681
1816 4681
1815 4681
1814 4681
1813 4681
1812 4681
1811 4681
1810 4681
1809 4681
1808 4682
1807 4682
1806 4682
1805 4682
1804 4683
1803 4683
1802 4683
1801 4683
1800 4683
1799 4683
1798 4684
1797 4684
1796 4685
1795 4685
1794 4686
1793 4686
1792 4687
1791 4687
1790 4687
1789 4687
1788 4687
1787 4687
1786 4686
1785 4686
1784 4685
1783 4684
1782 4684
1781 4683
1781 4682
1780 4682
1779 4681
1779 4680
1778 4680
1777 4679
1777 4678
1776 4678
1775 4677
1775 4676
1774 4676
1773 4675
1773 4674
1772 4674
1771 4673
1770 4672
1769 4671
1768 4670
1767 4670
1766 4670
1765 4669
1764 4668
1763 4668
1762 4668
1761 4667
1760 4666
1759 4666
1758 4666
1757 4666
1756 4665
1755 4665
1754 4665
1753 4665
1752 4665
1751 4665
1750 4665
1749 4665
1748 4665
1747 4665
1746 4665
1745 4665
1744 4665
1743 4665
1742 4665
1741 4665
1740 4665
1739 4665
1738 4665
1737 4665
1736 4665
1735 4665
1734 4664
1733 4664
1732 4664
1731 4664
1730 4663
1729 4663
1728 4662
1727 4662
1726 4662
1725 4662
1724 4661
1723 4661
1722 4661
1721 4661
1720 4661
1719 4661
1718 4660
1717 4660
1716 4660
1715 4660
1714 4659
1713 4659
1712 4659
1711 4659
1710 4659
1709 4659
1708 4659
1707 4659
1706 4659
1705 4659
1704 4658
1703 4658
1702 4658
1701 4658
1700 4657
1699 4657
1698 4657
1697 4657
1696 4657
1695 4657
1694 4657
1693 4657
1692 4657
1691 4657
1690 4657
1689 4657
1688 4657
1687 4657
1686 4657
1685 4657
1684 4657
1683 4657
1682 4657
1681 4657
1680 4657
1679 4657
1678 4657
1677 4657
