499 3629
498 3630
497 3630
496 3631
495 3632
494 3632
493 3633
492 3634
491 3634
490 3635
489 3635
488 3635
487 3635
486 3635
485 3635
484 3634
483 3634
482 3634
481 3634
480 3634
479 3634
478 3635
477 3636
476 3636
476 3637
475 3638
474 3638
473 3639
472 3640
471 3640
470 3641
469 3641
468 3641
467 3641
466 3641
465 3641
464 3641
463 3641
462 3641
461 3641
460 3642
459 3642
458 3642
457 3642
456 3643
455 3644
454 3645
453 3645
452 3646
451 3646
450 3647
449 3647
448 3647
447 3647
446 3648
445 3648
444 3649
443 3650
442 3650
441 3651
440 3652
439 3652
438 3653
437 3653
436 3653
435 3653
434 3653
433 3653
432 3653
431 3653
430 3654
429 3654
428 3654
427 3654
426 3655
425 3656
424 3657
423 3657
422 3658
421 3658
420 3659
419 3660
418 3660
417 3660
416 3661
415 3662
414 3662
413 3662
412 3663
411 3664
410 3665
409 3665
408 3666
407 3666
406 3667
405 3668
404 3668
403 3668
402 3669
401 3670
400 3671
399 3672
398 3672
398 3673
397 3674
396 3674
396 3675
395 3676
394 3676
394 3677
393 3678
392 3678
392 3679
391 3680
390 3681
389 3682
388 3683
388 3684
388 3685
387 3686
386 3687
386 3688
386 3689
386 3690
385 3691
385 3692
385 3693
385 3694
385 3695
385 3696
385 3697
385 3698
385 3699
385 3700
385 3701
385 3702
385 3703
385 3704
385 3705
385 3706
385 3707
385 3708
385 3709
385 3710
385 3711
385 3712
385 3713
385 3714
385 3715
385 3716
385 3717
385 3718
386 3719
386 3720
386 3721
386 3722
387 3723
387 3724
387 3725
387 3726
387 3727
387 3728
387 3729
387 3730
387 3731
387 3732
387 3733
387 3734
387 3735
387 3736
387 3737
387 3738
387 3739
387 3740
388 3741
388 3742
388 3743
388 3744
389 3745
389 3746
389 3747
389 3748
389 3749
389 3750
389 3751
389 3752
390 3753
390 3754
390 3755
390 3756
391 3757
391 3758
391 3759
391 3760
391 3761
391 3762
392 3763
392 3764
392 3765
392 3766
393 3767
393 3768
393 3769
393 3770
393 3771
393 3772
394 3773
394 3774
394 3775
394 3776
395 3777
395 3778
395 3779
395 3780
395 3781
395 3782
396 3783
396 3784
396 3785
396 3786
397 3787
397 3788
398 3789
398 3790
398 3791
398 3792
399 3793
399 3794
400 3795
400 3796
400 3797
400 3798
401 3799
402 3800
402 3801
402 3802
403 3803
404 3804
404 3805
404 3806
405 3807
406 3808
407 3809
408 3810
408 3811
409 3811
410 3812
410 3813
411 3814
412 3815
412 3816
413 3817
413 3818
414 3819
414 3820
414 3821
414 3822
415 3823
415 3824
416 3825
416 3826
417 3827
418 3828
418 3829
419 3829
420 3830
420 3831
421 3832
422 3833
422 3834
423 3835
424 3836
425 3837
426 3838
426 3839
427 3839
428 3840
428 3841
429 3842
430 3843
430 3844
431 3845
432 3846
433 3847
434 3848
435 3849
436 3849
437 3850
438 3850
439 3851
440 3851
441 3852
442 3852
443 3853
444 3853
445 3854
446 3854
447 3854
448 3854
449 3855
450 3855
451 3855
452 3855
453 3856
454 3856
455 3856
456 3856
457 3857
458 3857
459 3857
460 3858
461 3859
462 3859
463 3860
464 3860
465 3861
466 3861
467 3862
468 3862
469 3862
470 3862
471 3863
472 3863
473 3864
474 3864
475 3865
476 3865
477 3866
478 3866
479 3866
480 3866
481 3867
482 3867
483 3867
484 3868
485 3869
486 3869
487 3869
488 3869
489 3870
490 3870
491 3870
492 3870
493 3870
494 3870
495 3870
496 3870
497 3870
498 3870
499 3870
500 3870
501 3870
502 3870
503 3870
504 3870
505 3870
506 3870
507 3870
508 3870
509 3870
510 3870
511 3870
512 3870
513 3870
514 3870
515 3870
516 3870
517 3870
518 3870
519 3870
520 3870
521 3870
522 3870
523 3870
524 3870
525 3870
526 3870
527 3870
528 3870
529 3870
530 3870
531 3870
532 3870
533 3870
534 3870
535 3870
536 3870
537 3870
538 3870
539 3869
540 3869
541 3869
542 3869
543 3868
544 3868
545 3868
546 3868
547 3868
548 3868
549 3868
550 3868
551 3868
552 3868
553 3868
554 3868
555 3868
556 3868
557 3867
558 3867
559 3867
560 3867
561 3866
562 3866
563 3866
564 3866
565 3866
566 3866
567 3866
568 3866
569 3865
570 3865
571 3865
572 3865
573 3864
574 3863
575 3863
576 3863
577 3862
578 3862
579 3862
580 3862
581 3862
582 3862
583 3862
584 3862
585 3862
586 3862
587 3862
588 3862
589 3862
590 3862
591 3862
592 3862
593 3862
594 3862
595 3862
596 3862
597 3862
598 3862
599 3862
600 3862
601 3862
602 3862
603 3862
604 3862
605 3862
606 3862
607 3861
608 3861
609 3860
610 3859
611 3858
612 3857
613 3856
613 3855
613 3854
614 3853
615 3852
615 3851
616 3850
617 3850
618 3850
619 3849
620 3849
621 3850
622 3850
623 3850
624 3850
625 3850
626 3850
627 3849
628 3849
629 3849
630 3849
631 3848
632 3848
633 3848
634 3848
635 3848
636 3848
637 3848
638 3848
639 3848
640 3848
641 3848
642 3848
643 3847
644 3847
645 3846
646 3845
647 3845
648 3844
649 3843
650 3843
651 3842
652 3842
653 3841
654 3841
655 3840
656 3840
657 3839
658 3839
659 3838
660 3837
661 3837
662 3837
663 3836
664 3835
665 3834
666 3834
667 3833
668 3833
669 3832
670 3831
671 3831
672 3831
673 3830
674 3830
675 3829
676 3829
677 3829
678 3829
679 3828
680 3827
681 3827
682 3827
683 3826
684 3825
685 3825
686 3825
687 3824
688 3823
689 3823
690 3823
691 3822
692 3822
693 3822
694 3822
695 3822
696 3822
697 3822
698 3822
699 3822
700 3822
701 3822
702 3822
703 3822
704 3822
705 3821
706 3821
707 3821
708 3821
709 3820
710 3820
711 3819
712 3819
713 3818
713 3817
714 3816
714 3815
715 3814
715 3813
715 3812
716 3811
717 3810
717 3809
717 3808
717 3807
718 3806
718 3805
718 3804
718 3803
718 3802
718 3801
718 3800
718 3799
718 3798
718 3797
718 3796
718 3795
718 3794
718 3793
719 3792
719 3791
719 3790
719 3789
720 3788
720 3787
721 3786
721 3785
721 3784
721 3783
722 3782
722 3781
722 3780
722 3779
723 3778
723 3777
723 3776
723 3775
724 3774
724 3773
724 3772
724 3771
725 3770
725 3769
725 3768
725 3767
726 3766
726 3765
726 3764
726 3763
726 3762
726 3761
726 3760
726 3759
726 3758
726 3757
726 3756
726 3755
726 3754
726 3753
726 3752
726 3751
725 3750
725 3749
724 3748
723 3747
723 3746
722 3746
721 3745
721 3744
720 3743
719 3742
719 3741
718 3740
717 3739
716 3738
716 3737
715 3736
715 3735
714 3734
714 3733
714 3732
714 3731
714 3730
714 3729
714 3728
714 3727
714 3726
714 3725
713 3724
713 3723
713 3722
713 3721
712 3720
711 3719
711 3718
711 3717
710 3716
709 3715
708 3714
707 3713
707 3712
706 3712
705 3711
705 3710
704 3710
703 3709
703 3708
702 3708
701 3707
701 3706
700 3706
699 3705
699 3704
698 3704
697 3703
696 3702
695 3701
694 3700
693 3700
692 3699
691 3698
690 3698
689 3697
689 3696
688 3696
687 3695
686 3694
685 3693
684 3692
683 3692
682 3691
681 3691
680 3690
679 3689
678 3688
677 3688
676 3688
675 3687
674 3686
673 3686
672 3686
671 3685
670 3684
669 3684
668 3684
667 3683
666 3682
665 3682
664 3682
663 3681
662 3680
661 3680
660 3680
659 3680
658 3679
657 3679
656 3678
655 3678
654 3678
653 3678
652 3677
651 3677
650 3676
649 3676
648 3675
647 3674
647 3673
646 3672
645 3671
644 3670
643 3669
643 3668
642 3668
641 3667
640 3666
639 3665
638 3664
637 3664
636 3663
635 3663
634 3662
633 3661
632 3660
631 3660
630 3659
629 3659
628 3658
627 3657
626 3656
625 3656
624 3656
623 3655
622 3654
621 3654
620 3654
619 3654
618 3653
617 3653
616 3652
615 3652
614 3652
613 3652
612 3651
611 3651
610 3651
609 3651
608 3650
607 3650
606 3650
605 3650
604 3649
603 3649
602 3648
601 3648
600 3648
599 3647
598 3646
597 3646
596 3646
595 3645
594 3644
593 3644
592 3644
591 3644
590 3643
589 3643
588 3642
587 3642
586 3642
585 3642
584 3641
583 3641
582 3641
581 3641
580 3641
579 3641
578 3641
577 3641
576 3641
575 3641
574 3641
573 3641
572 3641
571 3641
570 3641
569 3641
568 3641
567 3641
566 3641
565 3641
564 3641
563 3641
562 3641
561 3641
560 3640
559 3640
558 3639
557 3639
556 3638
555 3637
554 3636
553 3636
552 3636
551 3635
550 3634
549 3634
548 3634
547 3634
546 3633
545 3633
544 3633
543 3633
542 3633
541 3633
540 3633
539 3633
538 3633
537 3633
536 3633
535 3633
534 3633
533 3633
532 3632
531 3632
530 3632
529 3632
528 3631
527 3631
526 3631
525 3631
524 3631
523 3631
522 3631
521 3631
520 3631
519 3631
518 3631
517 3631
516 3631
515 3631
514 3630
513 3630
512 3630
511 3630
510 3629
509 3629
508 3629
507 3629
506 3629
505 3629
504 3629
503 3629
502 3629
501 3629
500 3629
499 3629
