383 268
382 269
381 269
380 270
379 271
378 271
378 272
377 273
376 274
375 275
374 276
374 277
373 278
372 279
372 280
371 281
370 281
370 282
369 283
368 283
368 284
367 285
366 285
366 286
365 287
364 287
364 288
363 289
362 289
362 290
361 291
360 292
359 293
358 294
358 295
357 296
356 297
356 298
355 299
354 299
354 300
353 301
352 301
351 302
350 303
349 303
348 304
347 304
346 305
345 305
344 306
343 307
342 307
342 308
341 309
340 310
339 311
338 312
338 313
337 314
336 315
336 316
335 317
334 317
334 318
333 319
332 319
332 320
331 321
330 321
330 322
329 323
328 323
327 324
326 325
325 325
324 326
323 327
322 327
321 327
320 328
319 329
318 329
317 329
316 330
315 330
314 330
313 330
312 331
311 331
310 331
309 331
308 332
307 332
306 333
305 333
304 334
303 334
302 335
301 335
300 336
299 337
298 337
297 337
296 338
295 339
294 339
293 339
292 340
291 340
290 340
289 340
288 340
287 340
286 341
285 341
284 342
283 343
282 343
282 344
281 345
280 345
280 346
279 347
278 348
277 349
276 350
276 351
275 352
274 353
274 354
273 355
272 355
272 356
271 357
270 358
269 359
268 360
268 361
268 362
268 363
267 364
267 365
267 366
267 367
267 368
267 369
268 370
268 371
268 372
268 373
269 374
270 375
270 376
270 377
271 378
271 379
272 380
272 381
272 382
272 383
273 384
273 385
273 386
273 387
274 388
274 389
274 390
274 391
275 392
275 393
276 394
276 395
276 396
276 397
277 398
277 399
278 400
278 401
278 402
278 403
279 404
279 405
280 406
280 407
281 408
282 409
282 410
283 410
284 411
284 412
285 412
286 413
286 414
287 414
288 415
288 416
289 416
290 417
290 418
291 419
292 420
292 421
293 422
294 423
295 424
296 425
296 426
297 426
298 427
298 428
299 428
300 429
300 430
301 430
302 431
302 432
303 432
304 433
304 434
305 434
306 435
306 436
307 436
308 437
308 438
309 438
310 439
310 440
311 440
312 441
312 442
313 442
314 443
314 444
315 444
316 445
316 446
317 446
318 447
318 448
319 448
320 449
320 450
321 450
322 451
322 452
323 452
324 453
324 454
325 454
326 455
326 456
327 456
328 457
328 458
329 458
330 459
330 460
331 460
332 461
332 462
333 462
334 463
334 464
335 464
336 465
336 466
337 466
338 467
338 468
339 468
340 469
340 470
341 470
342 471
342 472
343 472
344 473
344 474
345 474
346 475
346 476
347 476
348 477
348 478
349 478
350 479
350 480
351 480
352 481
353 482
354 482
355 483
356 483
357 483
358 483
359 483
360 483
361 482
362 482
363 481
364 480
365 480
365 479
366 478
367 478
368 477
369 476
370 476
371 475
372 474
373 474
374 474
375 473
376 472
377 472
378 472
379 471
380 470
381 470
382 470
383 469
384 469
385 469
386 469
387 469
388 469
389 469
390 469
391 468
392 468
393 468
394 468
395 467
396 466
397 466
398 466
399 465
400 465
401 465
402 465
403 466
404 466
405 466
406 467
407 468
408 468
409 469
410 470
410 471
411 472
411 473
410 474
410 475
410 476
409 477
408 478
408 479
407 480
406 481
406 482
405 483
404 483
404 484
403 485
402 486
402 487
401 488
401 489
400 490
400 491
400 492
400 493
399 494
399 495
398 496
398 497
397 498
396 499
396 500
395 501
394 502
394 503
393 504
393 505
393 506
393 507
393 508
393 509
393 510
393 511
394 512
394 513
395 514
396 515
397 516
398 516
399 517
400 517
401 517
402 517
403 517
404 517
405 517
406 517
407 517
408 517
409 517
410 517
411 517
412 517
413 517
414 517
415 517
416 517
417 517
418 517
419 516
420 516
421 516
422 516
423 515
424 514
425 514
426 514
427 513
428 512
429 512
430 512
431 511
432 511
433 510
434 510
435 510
436 510
437 509
438 509
439 508
440 508
441 508
442 508
443 507
444 506
445 506
446 506
447 505
448 504
449 504
450 504
451 503
452 503
453 502
454 502
455 502
456 502
457 501
458 500
459 500
460 500
461 499
462 498
463 498
464 498
465 497
466 497
467 496
468 496
469 496
470 496
471 495
472 495
473 494
474 494
475 494
476 494
477 493
478 492
479 492
480 492
481 491
482 491
483 491
484 491
485 491
486 491
487 491
488 491
489 491
490 491
491 491
492 491
493 490
494 490
495 490
496 490
497 489
498 488
499 487
500 487
501 486
502 486
503 485
504 484
505 484
506 484
507 483
508 482
509 481
510 481
511 480
512 480
513 479
514 479
515 478
516 478
517 478
518 478
519 477
520 477
521 477
522 477
523 477
524 477
525 477
526 477
527 476
528 476
529 476
530 476
531 475
532 475
533 474
534 474
535 474
536 474
537 473
538 472
539 472
540 472
541 471
542 471
543 470
544 470
545 470
546 470
547 469
548 468
549 468
550 468
551 467
552 467
553 466
554 466
555 466
556 466
557 465
558 465
559 464
560 464
561 464
562 464
563 463
564 462
565 462
566 462
567 461
568 461
569 460
570 460
571 460
572 460
573 459
574 459
575 458
576 458
577 458
578 458
579 457
580 457
581 457
582 457
583 456
584 456
585 456
586 456
587 455
588 454
589 454
590 454
591 453
592 453
593 452
594 452
595 451
596 450
597 450
597 449
598 448
599 448
599 447
600 446
601 446
602 445
603 444
604 444
605 443
606 443
607 442
608 442
609 441
610 440
611 439
612 438
613 437
613 436
613 435
613 434
614 433
614 432
615 431
615 430
615 429
615 428
616 427
616 426
617 425
617 424
618 423
619 422
619 421
620 420
621 420
621 419
622 418
623 418
623 417
624 416
625 416
625 415
626 414
627 413
628 412
629 411
629 410
630 409
631 408
631 407
632 406
633 406
633 405
634 404
635 404
635 403
636 402
637 401
637 400
638 399
638 398
639 397
639 396
639 395
640 394
641 393
641 392
641 391
642 390
643 389
643 388
643 387
643 386
644 385
644 384
644 383
644 382
644 381
644 380
644 379
644 378
644 377
644 376
644 375
644 374
644 373
644 372
643 371
643 370
642 369
641 368
641 367
640 367
639 366
639 365
638 365
637 364
637 363
636 363
635 362
634 361
633 360
632 359
631 359
630 359
629 358
628 357
627 357
626 357
625 356
624 355
623 355
622 354
621 353
620 353
619 352
618 351
617 350
616 349
615 349
614 349
613 348
612 347
611 347
610 347
609 347
608 346
607 346
606 346
605 346
604 345
603 345
602 345
601 345
600 344
599 344
598 343
597 343
596 342
595 342
594 341
593 341
592 340
591 340
590 340
589 340
588 339
587 339
586 339
585 338
584 337
583 337
582 337
581 336
580 335
579 335
578 335
577 335
576 334
575 334
574 334
573 334
572 334
571 334
570 333
569 333
568 332
567 332
566 331
565 331
564 330
563 330
562 329
561 329
560 329
559 328
558 327
557 327
556 327
555 326
554 325
553 325
552 325
551 325
550 324
549 324
548 324
547 324
546 324
545 324
544 324
543 324
542 324
541 324
540 323
539 323
538 323
537 323
536 322
535 322
534 321
533 321
532 320
531 319
530 319
529 318
529 317
528 317
527 316
527 315
526 315
525 314
525 313
524 313
523 312
522 311
521 311
520 310
519 310
518 309
517 309
516 309
515 309
514 308
513 308
512 307
511 307
510 306
509 306
508 305
507 304
506 303
505 303
504 303
503 303
502 302
501 302
500 301
499 301
498 300
497 299
496 299
495 298
494 297
493 297
492 296
491 296
490 295
489 295
488 294
487 294
486 293
485 292
484 291
483 291
482 291
481 290
480 289
479 289
478 288
477 288
476 287
475 287
474 286
473 286
472 285
471 285
470 285
469 285
468 284
467 284
466 283
465 283
464 283
463 282
462 281
461 281
460 281
459 281
458 280
457 280
456 280
455 280
454 280
453 280
452 280
451 280
450 279
449 279
448 279
447 278
446 277
445 277
444 277
443 277
442 276
441 276
440 276
439 276
438 276
437 276
436 276
435 276
434 275
433 275
432 275
431 275
430 274
429 274
428 274
427 274
426 274
425 274
424 274
423 274
422 274
421 274
420 274
419 274
418 274
417 274
416 274
415 274
414 273
413 273
412 273
411 273
410 272
409 272
408 272
407 272
406 272
405 272
404 272
403 272
402 271
401 271
400 271
399 270
398 269
397 269
396 269
395 269
394 268
393 268
392 268
391 268
390 268
389 268
388 268
387 268
386 268
385 268
384 268
383 268
