1017 2543
1016 2544
1015 2544
1014 2544
1013 2544
1012 2545
1011 2545
1010 2545
1009 2545
1008 2546
1007 2546
1006 2546
1005 2546
1004 2547
1003 2547
1002 2547
1001 2547
1000 2548
999 2548
998 2549
997 2549
996 2550
995 2550
994 2551
993 2551
992 2550
991 2550
990 2550
989 2550
988 2549
987 2549
986 2549
985 2549
984 2549
983 2549
982 2549
981 2549
980 2549
979 2549
978 2549
977 2549
976 2549
975 2549
974 2550
973 2550
972 2550
971 2550
970 2551
969 2551
968 2552
967 2552
966 2552
965 2552
964 2553
963 2554
962 2554
961 2554
960 2555
959 2555
958 2555
957 2555
956 2556
955 2556
954 2556
953 2556
952 2557
951 2557
950 2557
949 2557
948 2557
947 2557
946 2557
945 2557
944 2557
943 2557
942 2557
941 2557
940 2558
939 2558
938 2558
937 2558
936 2559
935 2559
934 2559
933 2559
932 2560
931 2560
930 2560
929 2560
928 2561
927 2561
926 2562
925 2562
924 2562
923 2562
922 2563
921 2564
920 2564
919 2564
918 2565
917 2566
916 2567
915 2568
914 2568
914 2569
913 2570
912 2570
912 2571
911 2572
910 2572
909 2573
908 2574
907 2574
906 2575
905 2576
904 2576
903 2576
902 2577
901 2578
900 2579
899 2580
898 2580
898 2581
897 2582
896 2582
896 2583
895 2584
894 2584
894 2585
893 2586
892 2587
892 2588
891 2589
891 2590
891 2591
891 2592
892 2593
892 2594
892 2595
892 2596
893 2597
893 2598
894 2599
894 2600
894 2601
894 2602
895 2603
895 2604
895 2605
895 2606
895 2607
895 2608
895 2609
895 2610
895 2611
895 2612
895 2613
895 2614
895 2615
895 2616
895 2617
895 2618
895 2619
895 2620
896 2621
896 2622
896 2623
896 2624
897 2625
898 2626
898 2627
898 2628
899 2629
899 2630
900 2631
900 2632
901 2633
901 2634
902 2635
902 2636
903 2637
904 2638
905 2639
906 2640
906 2641
907 2641
908 2642
908 2643
909 2643
910 2644
910 2645
911 2645
912 2646
912 2647
913 2647
914 2648
914 2649
915 2649
916 2650
917 2651
918 2652
919 2653
920 2653
921 2653
922 2653
923 2654
924 2654
925 2655
926 2655
927 2655
928 2655
929 2656
930 2656
931 2656
932 2656
933 2656
934 2656
935 2656
936 2656
937 2656
938 2656
939 2655
940 2655
941 2654
942 2654
943 2653
944 2653
945 2652
946 2652
947 2653
948 2653
949 2654
950 2655
951 2655
952 2656
953 2657
954 2657
955 2658
956 2658
957 2658
958 2658
959 2658
960 2658
961 2659
962 2659
963 2660
964 2661
965 2661
966 2662
967 2663
968 2663
969 2664
970 2664
971 2664
972 2664
973 2664
974 2664
975 2664
976 2664
977 2664
978 2664
979 2664
980 2664
981 2665
982 2665
983 2666
984 2667
985 2667
986 2668
987 2669
988 2669
989 2670
990 2670
991 2670
992 2670
993 2670
994 2670
995 2669
996 2669
997 2669
998 2669
999 2668
1000 2668
1001 2669
1002 2669
1003 2669
1004 2669
1005 2670
1006 2670
1007 2670
1008 2670
1009 2670
1010 2670
1011 2670
1012 2670
1013 2670
1014 2670
1015 2670
1016 2670
1017 2671
1018 2671
1019 2671
1020 2671
1021 2672
1022 2672
1023 2672
1024 2672
1025 2672
1026 2672
1027 2672
1028 2672
1029 2672
1030 2672
1031 2672
1032 2672
1033 2672
1034 2672
1035 2672
1036 2672
1037 2672
1038 2672
1039 2672
1040 2672
1041 2672
1042 2672
1043 2672
1044 2672
1045 2672
1046 2672
1047 2672
1048 2672
1049 2672
1050 2672
1051 2672
1052 2672
1053 2671
1054 2671
1055 2671
1056 2671
1057 2670
1058 2669
1059 2669
1060 2669
1061 2668
1062 2668
1063 2668
1064 2668
1065 2668
1066 2668
1067 2668
1068 2668
1069 2668
1070 2668
1071 2667
1072 2667
1073 2667
1074 2667
1075 2666
1076 2666
1077 2666
1078 2666
1079 2666
1080 2666
1081 2665
1082 2665
1083 2665
1084 2665
1085 2664
1086 2664
1087 2664
1088 2664
1089 2664
1090 2664
1091 2663
1092 2663
1093 2663
1094 2663
1095 2662
1096 2662
1097 2662
1098 2662
1099 2662
1100 2662
1101 2661
1102 2661
1103 2661
1104 2661
1105 2660
1106 2660
1107 2660
1108 2660
1109 2660
1110 2660
1111 2660
1112 2660
1113 2660
1114 2660
1115 2660
1116 2660
1117 2660
1118 2660
1119 2661
1120 2661
1121 2661
1122 2662
1123 2663
1124 2663
1125 2663
1126 2663
1127 2664
1128 2664
1129 2664
1130 2664
1131 2664
1132 2664
1133 2664
1134 2664
1135 2663
1136 2663
1137 2662
1138 2661
1139 2661
1139 2660
1140 2659
1141 2658
1142 2657
1143 2656
1143 2655
1144 2654
1145 2653
1146 2653
1147 2652
1148 2652
1149 2652
1150 2652
1151 2652
1152 2652
1153 2651
1154 2651
1155 2651
1156 2651
1157 2650
1158 2649
1159 2649
1160 2649
1161 2648
1162 2648
1163 2648
1164 2648
1165 2648
1166 2648
1167 2647
1168 2647
1169 2647
1170 2647
1171 2646
1172 2646
1173 2645
1174 2645
1175 2645
1176 2645
1177 2644
1178 2644
1179 2643
1180 2643
1181 2642
1182 2641
1183 2641
1184 2640
1185 2639
1186 2639
1187 2638
1188 2638
1189 2638
1190 2638
1191 2638
1192 2638
1193 2638
1194 2638
1195 2638
1196 2638
1197 2637
1198 2637
1199 2636
1200 2635
1201 2634
1201 2633
1202 2632
1202 2631
1203 2630
1203 2629
1204 2628
1205 2627
1205 2626
1206 2625
1207 2625
1207 2624
1208 2623
1209 2623
1210 2622
1211 2621
1212 2621
1213 2620
1214 2619
1215 2618
1216 2617
1217 2617
1217 2616
1218 2615
1219 2615
1219 2614
1220 2613
1221 2613
1221 2612
1222 2611
1223 2610
1223 2609
1224 2608
1224 2607
1224 2606
1224 2605
1225 2604
1225 2603
1225 2602
1225 2601
1226 2600
1226 2599
1226 2598
1226 2597
1226 2596
1226 2595
1226 2594
1226 2593
1226 2592
1226 2591
1226 2590
1226 2589
1225 2588
1225 2587
1224 2586
1224 2585
1223 2584
1223 2583
1222 2582
1222 2581
1222 2580
1222 2579
1221 2578
1221 2577
1220 2576
1219 2575
1218 2574
1217 2573
1216 2572
1215 2572
1214 2572
1213 2572
1212 2571
1211 2571
1210 2571
1209 2571
1208 2571
1207 2571
1206 2570
1205 2570
1204 2570
1203 2569
1202 2568
1201 2568
1200 2567
1199 2566
1198 2566
1197 2565
1196 2564
1195 2564
1194 2563
1193 2563
1192 2562
1191 2562
1190 2562
1189 2562
1188 2561
1187 2561
1186 2561
1185 2561
1184 2561
1183 2561
1182 2561
1181 2561
1180 2560
1179 2560
1178 2560
1177 2560
1176 2559
1175 2559
1174 2559
1173 2559
1172 2559
1171 2559
1170 2559
1169 2559
1168 2559
1167 2559
1166 2559
1165 2559
1164 2559
1163 2559
1162 2559
1161 2559
1160 2559
1159 2559
1158 2559
1157 2559
1156 2559
1155 2559
1154 2559
1153 2559
1152 2559
1151 2559
1150 2559
1149 2559
1148 2559
1147 2559
1146 2558
1145 2558
1144 2558
1143 2558
1142 2557
1141 2557
1140 2557
1139 2557
1138 2557
1137 2557
1136 2557
1135 2557
1134 2557
1133 2557
1132 2557
1131 2557
1130 2557
1129 2557
1128 2557
1127 2557
1126 2556
1125 2556
1124 2556
1123 2556
1122 2555
1121 2555
1120 2555
1119 2555
1118 2554
1117 2554
1116 2554
1115 2554
1114 2553
1113 2553
1112 2553
1111 2553
1110 2553
1109 2553
1108 2553
1107 2553
1106 2553
1105 2553
1104 2553
1103 2553
1102 2552
1101 2552
1100 2552
1099 2552
1098 2551
1097 2551
1096 2551
1095 2551
1094 2551
1093 2551
1092 2551
1091 2551
1090 2551
1089 2551
1088 2551
1087 2551
1086 2551
1085 2551
1084 2551
1083 2551
1082 2551
1081 2551
1080 2551
1079 2551
1078 2551
1077 2551
1076 2551
1075 2551
1074 2551
1073 2551
1072 2551
1071 2551
1070 2551
1069 2551
1068 2551
1067 2551
1066 2551
1065 2551
1064 2551
1063 2551
1062 2551
1061 2551
1060 2550
1059 2550
1058 2550
1057 2550
1056 2549
1055 2549
1054 2549
1053 2549
1052 2549
1051 2549
1050 2548
1049 2548
1048 2548
1047 2548
1046 2547
1045 2547
1044 2547
1043 2547
1042 2547
1041 2547
1040 2547
1039 2547
1038 2546
1037 2546
1036 2546
1035 2546
1034 2545
1033 2545
1032 2545
1031 2545
1030 2544
1029 2544
1028 2544
1027 2544
1026 2543
1025 2543
1024 2543
1023 2543
1022 2543
1021 2543
1020 2543
1019 2543
1018 2543
1017 2543
