557 675
556 676
555 676
554 676
553 676
552 677
551 677
550 677
549 677
548 677
547 677
546 677
545 677
544 678
543 678
542 678
541 678
540 679
539 679
538 679
537 679
536 680
535 680
534 680
533 680
532 681
531 681
530 681
529 681
528 681
527 681
526 681
525 681
524 681
523 681
522 681
521 681
520 681
519 681
518 681
517 681
516 681
515 681
514 681
513 681
512 681
511 681
510 681
509 681
508 681
507 681
506 681
505 681
504 681
503 681
502 681
501 681
500 681
499 681
498 681
497 681
496 680
495 680
494 680
493 680
492 679
491 679
490 679
489 679
488 679
487 679
486 679
485 679
484 678
483 678
482 678
481 678
480 677
479 677
478 677
477 677
476 677
475 677
474 677
473 677
472 677
471 677
470 677
469 677
468 677
467 677
466 677
465 677
464 678
463 678
462 679
461 680
460 681
460 682
460 683
459 684
458 685
458 686
457 687
456 688
456 689
455 690
454 690
454 691
453 692
452 692
452 693
451 694
450 694
449 695
448 696
447 696
446 697
445 698
444 698
443 698
442 699
441 700
440 701
439 702
438 702
438 703
437 704
436 705
435 706
434 707
434 708
433 709
433 710
432 711
432 712
431 713
431 714
430 715
430 716
430 717
430 718
429 719
429 720
429 721
429 722
429 723
429 724
428 725
428 726
428 727
427 728
426 729
426 730
426 731
426 732
425 733
425 734
424 735
424 736
423 737
423 738
422 739
422 740
421 741
421 742
421 743
421 744
421 745
421 746
421 747
421 748
421 749
421 750
420 751
420 752
419 753
419 754
418 755
418 756
417 757
417 758
417 759
417 760
417 761
417 762
417 763
417 764
417 765
417 766
417 767
417 768
418 769
418 770
419 771
420 772
420 773
421 773
422 774
422 775
423 776
424 777
424 778
425 779
426 780
427 781
428 782
429 783
430 784
431 785
432 785
433 786
434 787
435 787
436 788
436 789
437 789
438 790
438 791
439 791
440 792
440 793
441 793
442 794
442 795
443 795
444 796
444 797
445 797
446 798
446 799
447 799
448 800
448 801
449 801
450 802
450 803
451 803
452 804
452 805
453 805
454 806
454 807
455 807
456 808
456 809
457 809
458 810
459 811
460 812
461 813
462 813
463 813
464 813
465 814
466 814
467 814
468 814
469 814
470 814
471 814
472 814
473 814
474 814
475 814
476 814
477 815
478 815
479 815
480 815
481 816
482 816
483 817
484 817
485 818
486 818
487 819
488 820
489 821
490 821
491 821
492 822
493 823
494 823
495 824
496 825
497 825
498 826
498 827
499 827
500 828
500 829
501 829
502 830
503 831
504 831
505 832
506 832
507 833
508 833
509 833
510 834
511 835
512 835
513 835
514 835
515 836
516 836
517 836
518 836
519 836
520 836
521 837
522 837
523 837
524 838
525 839
526 839
527 839
528 840
529 841
530 841
531 841
532 842
533 843
534 843
535 843
536 843
537 844
538 844
539 845
540 845
541 845
542 845
543 846
544 846
545 846
546 846
547 846
548 846
549 846
550 846
551 846
552 846
553 846
554 846
555 846
556 846
557 846
558 846
559 846
560 846
561 846
562 846
563 846
564 846
565 846
566 846
567 847
568 847
569 847
570 848
571 849
572 849
573 849
574 849
575 850
576 850
577 851
578 851
579 851
580 851
581 852
582 852
583 852
584 852
585 852
586 852
587 852
588 852
589 852
590 852
591 852
592 852
593 852
594 852
595 852
596 852
597 852
598 852
599 852
600 852
601 852
602 852
603 852
604 852
605 852
606 852
607 852
608 852
609 852
610 852
611 852
612 852
613 852
614 852
615 852
616 852
617 852
618 852
619 852
620 852
621 852
622 852
623 852
624 852
625 852
626 852
627 852
628 852
629 852
630 852
631 852
632 852
633 852
634 852
635 852
636 852
637 852
638 852
639 852
640 852
641 852
642 852
643 852
644 852
645 852
646 852
647 852
648 852
649 852
650 852
651 852
652 852
653 852
654 852
655 852
656 852
657 852
658 852
659 852
660 852
661 852
662 852
663 852
664 852
665 852
666 852
667 852
668 852
669 852
670 852
671 852
672 852
673 852
674 852
675 852
676 852
677 852
678 852
679 851
680 851
681 851
682 851
683 850
684 850
685 850
686 850
687 850
688 850
689 850
690 850
691 850
692 850
693 850
694 850
695 850
696 850
697 850
698 850
699 849
700 849
701 849
702 849
703 848
704 848
705 848
706 848
707 848
708 848
709 848
710 848
711 848
712 848
713 848
714 848
715 848
716 848
717 848
718 848
719 848
720 848
721 848
722 848
723 847
724 847
725 847
726 847
727 846
728 846
729 846
730 846
731 846
732 846
733 846
734 846
735 846
736 846
737 846
738 846
739 846
740 846
741 846
742 846
743 846
744 846
745 846
746 846
747 846
748 846
749 846
750 846
751 846
752 846
753 846
754 846
755 846
756 846
757 846
758 846
759 846
760 846
761 846
762 846
763 846
764 846
765 846
766 846
767 846
768 846
769 846
770 846
771 845
772 845
773 845
774 845
775 844
776 844
777 844
778 844
779 844
780 844
781 844
782 844
783 844
784 844
785 844
786 844
787 844
788 844
789 844
790 844
791 844
792 844
793 843
794 843
795 843
796 843
797 842
798 842
799 842
800 842
801 842
802 842
803 842
804 842
805 842
806 842
807 842
808 842
809 842
810 842
811 842
812 842
813 842
814 842
815 842
816 842
817 842
818 842
819 842
820 842
821 842
822 842
823 841
824 841
825 841
826 841
827 840
828 839
829 839
830 839
831 838
832 838
833 838
834 838
835 838
836 838
837 837
838 837
839 837
840 837
841 836
842 835
843 835
844 835
845 834
846 834
847 834
848 834
849 833
850 833
851 833
852 833
853 832
854 831
855 831
856 831
857 830
858 830
859 830
860 830
861 830
862 830
863 830
864 830
865 830
866 830
867 830
868 830
869 830
870 830
871 830
872 830
873 830
874 830
875 829
876 829
877 829
878 829
879 828
880 827
881 826
882 825
883 825
884 824
885 823
886 823
887 822
888 822
889 821
890 821
891 821
892 821
893 820
894 819
895 819
896 819
897 818
898 817
899 816
900 815
901 815
901 814
902 813
903 813
903 812
904 811
905 810
906 809
907 808
907 807
908 806
909 805
909 804
910 803
911 802
911 801
912 800
912 799
912 798
912 797
913 796
913 795
913 794
913 793
914 792
914 791
914 790
914 789
914 788
914 787
914 786
914 785
914 784
914 783
914 782
914 781
913 780
913 779
913 778
913 777
912 776
911 775
910 774
909 773
909 772
908 771
907 770
907 769
906 768
905 767
904 766
903 765
903 764
902 764
901 763
901 762
900 761
899 760
899 759
898 758
897 757
896 756
896 755
895 754
895 753
894 752
894 751
893 750
893 749
893 748
893 747
892 746
891 745
890 744
890 743
889 742
889 741
888 740
887 739
887 738
887 737
886 736
885 735
884 734
883 733
883 732
882 732
881 731
881 730
880 730
879 729
879 728
878 728
877 727
877 726
876 726
875 725
875 724
874 724
873 723
873 722
872 722
871 721
871 720
870 720
869 719
869 718
868 718
867 717
867 716
866 716
865 715
865 714
864 714
863 713
862 712
861 711
860 710
859 710
858 709
857 709
856 708
855 707
854 706
853 706
852 705
851 705
850 704
849 704
848 703
847 703
846 702
845 702
844 702
843 702
842 701
841 701
840 701
839 701
838 701
837 701
836 700
835 700
834 700
833 699
832 698
831 698
830 698
829 697
828 696
827 696
826 696
825 696
824 695
823 695
822 694
821 694
820 694
819 693
818 692
817 692
816 692
815 692
814 691
813 691
812 691
811 691
810 690
809 690
808 690
807 690
806 689
805 689
804 688
803 688
802 688
801 688
800 687
799 687
798 686
797 686
796 686
795 686
794 685
793 685
792 685
791 685
790 684
789 684
788 684
787 684
786 683
785 683
784 683
783 683
782 682
781 682
780 682
779 682
778 681
777 681
776 681
775 681
774 681
773 681
772 681
771 681
770 681
769 681
768 681
767 681
766 681
765 681
764 681
763 681
762 681
761 681
760 681
759 681
758 681
757 681
756 681
755 681
754 682
753 682
752 682
751 682
750 683
749 683
748 683
747 683
746 683
745 683
744 683
743 683
742 683
741 683
740 683
739 683
738 683
737 683
736 682
735 682
734 682
733 682
732 681
731 681
730 681
729 681
728 681
727 681
726 681
725 681
724 681
723 681
722 681
721 681
720 681
719 681
718 681
717 681
716 681
715 681
714 681
713 681
712 681
711 681
710 681
709 681
708 681
707 681
706 681
705 681
704 681
703 681
702 681
701 681
700 681
699 681
698 681
697 681
696 681
695 681
694 681
693 681
692 681
691 681
690 681
689 681
688 681
687 681
686 681
685 681
684 681
683 681
682 681
681 681
680 681
679 681
678 681
677 681
676 681
675 681
674 681
673 681
672 681
671 681
670 681
669 681
668 681
667 681
666 681
665 681
664 681
663 681
662 681
661 681
660 681
659 681
658 680
657 680
656 680
655 680
654 679
653 679
652 679
651 679
650 679
649 679
648 679
647 679
646 679
645 679
644 679
643 679
642 679
641 679
640 679
639 679
638 678
637 678
636 678
635 678
634 677
633 677
632 677
631 677
630 677
629 677
628 677
627 677
626 677
625 677
624 677
623 677
622 677
621 677
620 677
619 677
618 677
617 677
616 677
615 677
614 677
613 677
612 677
611 677
610 677
609 677
608 677
607 677
606 677
605 677
604 677
603 677
602 677
601 677
600 677
599 677
598 677
597 677
596 677
595 677
594 677
593 677
592 677
591 677
590 677
589 677
588 677
587 677
586 677
585 677
584 677
583 677
582 677
581 677
580 676
579 676
578 676
577 676
576 675
575 675
574 675
573 675
572 675
571 675
570 675
569 675
568 675
567 675
566 675
565 675
564 675
563 675
562 675
561 675
560 675
559 675
558 675
557 675
