997 3831
996 3832
995 3832
994 3832
993 3832
992 3833
991 3833
990 3833
989 3833
988 3833
987 3833
986 3833
985 3833
984 3834
983 3834
982 3834
981 3834
980 3835
979 3835
978 3835
977 3835
976 3835
975 3835
974 3835
973 3835
972 3836
971 3836
970 3836
969 3836
968 3837
967 3837
966 3838
965 3838
964 3838
963 3838
962 3839
961 3839
960 3840
959 3840
958 3840
957 3840
956 3841
955 3842
954 3843
953 3843
952 3844
951 3844
950 3845
949 3845
948 3846
947 3846
946 3846
945 3846
944 3847
943 3847
942 3848
941 3848
940 3849
939 3850
938 3850
937 3851
936 3852
935 3852
934 3853
933 3853
932 3853
931 3853
930 3854
929 3854
928 3854
927 3854
926 3855
925 3855
924 3856
923 3856
922 3856
921 3856
920 3857
919 3858
918 3858
917 3858
916 3859
915 3860
914 3860
913 3860
912 3861
911 3861
910 3862
909 3862
908 3863
907 3863
906 3864
905 3864
904 3865
903 3865
902 3865
901 3865
900 3866
899 3866
898 3867
897 3867
896 3868
895 3868
894 3869
893 3869
892 3869
891 3869
890 3869
889 3869
888 3869
887 3869
886 3869
885 3869
884 3869
883 3869
882 3869
881 3869
880 3869
879 3869
878 3870
877 3870
876 3870
875 3870
874 3871
873 3871
872 3871
871 3871
870 3871
869 3871
868 3872
867 3872
866 3872
865 3872
864 3873
863 3873
862 3873
861 3873
860 3873
859 3873
858 3873
857 3873
856 3873
855 3873
854 3873
853 3873
852 3873
851 3873
850 3873
849 3873
848 3873
847 3873
846 3873
845 3873
844 3873
843 3873
842 3874
841 3874
840 3875
839 3876
838 3877
837 3878
836 3879
836 3880
835 3881
834 3882
833 3883
832 3884
831 3884
830 3885
829 3885
828 3886
827 3886
826 3887
825 3888
824 3888
824 3889
823 3890
822 3890
822 3891
821 3892
820 3893
820 3894
819 3895
819 3896
819 3897
819 3898
819 3899
819 3900
818 3901
818 3902
817 3903
817 3904
816 3905
816 3906
815 3907
815 3908
815 3909
815 3910
815 3911
815 3912
815 3913
815 3914
815 3915
815 3916
815 3917
815 3918
815 3919
815 3920
815 3921
815 3922
815 3923
815 3924
815 3925
815 3926
815 3927
815 3928
815 3929
815 3930
815 3931
815 3932
816 3933
816 3934
817 3935
818 3936
818 3937
819 3938
820 3939
820 3940
821 3941
821 3942
822 3943
822 3944
823 3945
824 3946
824 3947
825 3948
826 3949
826 3950
827 3951
828 3952
828 3953
828 3954
829 3955
830 3956
831 3957
832 3958
832 3959
833 3959
834 3960
834 3961
835 3961
836 3962
836 3963
837 3964
838 3965
838 3966
839 3967
839 3968
839 3969
839 3970
839 3971
839 3972
839 3973
839 3974
840 3975
840 3976
841 3977
842 3977
843 3978
844 3978
845 3978
846 3978
847 3979
848 3979
849 3979
850 3979
851 3980
852 3980
853 3980
854 3980
855 3980
856 3980
857 3981
858 3981
859 3981
860 3981
861 3982
862 3982
863 3982
864 3982
865 3982
866 3982
867 3982
868 3982
869 3983
870 3983
871 3983
872 3983
873 3984
874 3984
875 3984
876 3984
877 3984
878 3984
879 3984
880 3984
881 3984
882 3984
883 3984
884 3984
885 3984
886 3984
887 3984
888 3984
889 3984
890 3984
891 3984
892 3984
893 3984
894 3984
895 3984
896 3984
897 3985
898 3985
899 3985
900 3985
901 3986
902 3986
903 3986
904 3986
905 3986
906 3986
907 3986
908 3986
909 3986
910 3986
911 3986
912 3986
913 3986
914 3986
915 3986
916 3986
917 3986
918 3986
919 3986
920 3986
921 3987
922 3987
923 3988
924 3989
925 3989
926 3990
927 3991
928 3991
929 3992
930 3992
931 3992
932 3992
933 3992
934 3992
935 3992
936 3992
937 3993
938 3993
939 3993
940 3993
941 3994
942 3994
943 3994
944 3994
945 3994
946 3994
947 3994
948 3994
949 3995
950 3995
951 3995
952 3995
953 3996
954 3996
955 3996
956 3996
957 3996
958 3996
959 3996
960 3996
961 3996
962 3996
963 3996
964 3996
965 3996
966 3996
967 3996
968 3996
969 3997
970 3997
971 3997
972 3997
973 3998
974 3998
975 3998
976 3998
977 3998
978 3998
979 3998
980 3998
981 3998
982 3998
983 3998
984 3998
985 3998
986 3998
987 3998
988 3998
989 3999
990 3999
991 3999
992 3999
993 4000
994 4000
995 4000
996 4000
997 4000
998 4000
999 4000
1000 4000
1001 4000
1002 4000
1003 4000
1004 4000
1005 4000
1006 4000
1007 3999
1008 3999
1009 3999
1010 3999
1011 3998
1012 3998
1013 3997
1014 3997
1015 3996
1016 3995
1017 3995
1017 3994
1018 3993
1019 3993
1020 3992
1021 3991
1022 3991
1023 3990
1024 3989
1025 3988
1026 3987
1027 3986
1027 3985
1028 3984
1028 3983
1028 3982
1028 3981
1028 3980
1028 3979
1029 3978
1029 3977
1029 3976
1030 3975
1031 3974
1031 3973
1031 3972
1032 3971
1033 3970
1033 3969
1034 3968
1035 3967
1035 3966
1036 3965
1037 3965
1037 3964
1038 3963
1039 3962
1039 3961
1040 3960
1040 3959
1041 3958
1041 3957
1041 3956
1041 3955
1042 3954
1042 3953
1042 3952
1042 3951
1043 3950
1043 3949
1043 3948
1044 3947
1045 3946
1045 3945
1046 3944
1046 3943
1047 3942
1048 3941
1049 3940
1049 3939
1049 3938
1049 3937
1050 3936
1050 3935
1051 3934
1051 3933
1051 3932
1051 3931
1052 3930
1052 3929
1053 3928
1053 3927
1053 3926
1054 3925
1055 3924
1055 3923
1055 3922
1055 3921
1056 3920
1056 3919
1057 3918
1057 3917
1057 3916
1057 3915
1058 3914
1058 3913
1058 3912
1058 3911
1059 3910
1059 3909
1059 3908
1059 3907
1060 3906
1060 3905
1060 3904
1060 3903
1060 3902
1060 3901
1060 3900
1060 3899
1060 3898
1060 3897
1061 3896
1061 3895
1062 3894
1063 3893
1063 3892
1064 3891
1065 3890
1065 3889
1066 3888
1066 3887
1067 3886
1067 3885
1067 3884
1067 3883
1068 3882
1068 3881
1069 3880
1069 3879
1069 3878
1069 3877
1070 3876
1070 3875
1070 3874
1070 3873
1071 3872
1071 3871
1071 3870
1071 3869
1072 3868
1072 3867
1071 3866
1071 3865
1070 3864
1069 3863
1069 3862
1068 3862
1067 3861
1067 3860
1066 3860
1065 3859
1064 3858
1063 3857
1062 3856
1061 3856
1060 3856
1059 3855
1058 3854
1057 3854
1056 3853
1055 3852
1054 3852
1053 3851
1053 3850
1052 3850
1051 3849
1050 3848
1049 3847
1048 3846
1047 3846
1046 3845
1045 3844
1044 3844
1043 3843
1043 3842
1042 3842
1041 3841
1040 3840
1039 3840
1038 3839
1037 3839
1036 3839
1035 3839
1034 3839
1033 3839
1032 3838
1031 3838
1030 3838
1029 3838
1028 3837
1027 3837
1026 3836
1025 3836
1024 3836
1023 3836
1022 3835
1021 3835
1020 3834
1019 3834
1018 3834
1017 3834
1016 3833
1015 3833
1014 3832
1013 3832
1012 3832
1011 3832
1010 3831
1009 3831
1008 3831
1007 3831
1006 3831
1005 3831
1004 3831
1003 3831
1002 3831
1001 3831
1000 3831
999 3831
998 3831
997 3831
