801 233
800 234
799 234
798 234
797 234
796 235
795 235
794 235
793 235
792 235
791 235
790 235
789 235
788 236
787 236
786 236
785 236
784 237
783 237
782 238
781 238
780 238
779 238
778 239
777 239
776 239
775 239
774 240
773 240
772 240
771 240
770 241
769 241
768 241
767 241
766 241
765 241
764 240
763 240
762 240
761 240
760 239
759 239
758 239
757 239
756 239
755 239
754 240
753 240
752 240
751 240
750 241
749 242
748 243
747 244
746 244
745 245
744 246
743 246
742 247
741 248
740 249
739 250
738 250
737 251
736 252
735 252
734 253
733 253
732 254
731 254
730 254
729 254
728 255
727 255
726 256
725 256
724 256
723 256
722 257
721 258
720 259
719 259
718 260
717 260
716 261
715 261
714 261
713 261
712 261
711 261
710 262
709 262
708 263
707 264
706 265
706 266
705 267
704 268
704 269
703 270
702 271
701 272
700 273
700 274
700 275
700 276
699 277
699 278
698 279
698 280
697 281
696 282
696 283
695 284
694 285
693 286
692 287
692 288
691 289
690 290
690 291
689 292
688 292
688 293
687 294
686 294
686 295
685 296
684 296
684 297
683 298
682 298
681 299
680 300
679 300
678 301
677 302
676 303
675 303
674 304
673 304
672 305
671 306
670 306
669 306
668 307
667 307
666 308
665 308
664 308
663 308
662 309
661 309
660 310
659 310
658 311
657 312
656 312
656 313
655 314
654 314
654 315
653 316
652 316
652 317
651 318
650 318
650 319
649 320
648 320
648 321
647 322
646 322
646 323
645 324
644 324
644 325
643 326
642 326
642 327
641 328
640 328
640 329
639 330
638 330
638 331
637 332
636 332
636 333
635 334
634 334
634 335
633 336
632 336
632 337
631 338
630 338
630 339
629 340
628 340
628 341
627 342
626 342
626 343
625 344
624 344
624 345
623 346
622 346
622 347
621 348
620 349
619 350
618 351
618 352
617 353
616 354
616 355
615 356
614 357
614 358
613 359
613 360
613 361
613 362
613 363
613 364
614 365
614 366
614 367
614 368
615 369
615 370
616 371
616 372
617 373
618 374
619 375
620 375
621 376
622 376
623 376
624 376
625 376
626 376
627 376
628 376
629 376
630 376
631 376
632 376
633 376
634 376
635 376
636 376
637 376
638 376
639 376
640 376
641 376
642 376
643 376
644 376
645 376
646 376
647 376
648 376
649 376
650 376
651 376
652 376
653 375
654 375
655 375
656 375
657 374
658 374
659 374
660 374
661 373
662 373
663 373
664 373
665 372
666 372
667 372
668 372
669 372
670 372
671 372
672 372
673 372
674 372
675 372
676 372
677 371
678 371
679 371
680 371
681 370
682 370
683 370
684 370
685 370
686 370
687 370
688 370
689 369
690 369
691 369
692 369
693 368
694 368
695 368
696 368
697 368
698 368
699 368
700 368
701 368
702 368
703 368
704 368
705 368
706 368
707 368
708 368
709 368
710 368
711 368
712 368
713 368
714 368
715 368
716 368
717 368
718 368
719 368
720 368
721 368
722 368
723 368
724 368
725 368
726 368
727 368
728 368
729 368
730 368
731 368
732 368
733 368
734 368
735 368
736 368
737 368
738 368
739 368
740 368
741 368
742 368
743 368
744 368
745 368
746 368
747 368
748 368
749 368
750 368
751 368
752 368
753 368
754 368
755 368
756 368
757 368
758 368
759 368
760 368
761 368
762 368
763 367
764 367
765 367
766 367
767 366
768 366
769 366
770 366
771 366
772 366
773 366
774 366
775 366
776 366
777 365
778 365
779 365
780 365
781 364
782 364
783 364
784 364
785 364
786 364
787 364
788 364
789 364
790 364
791 364
792 364
793 364
794 364
795 365
796 365
797 365
798 366
799 367
800 367
801 367
802 367
803 368
804 368
805 368
806 368
807 368
808 368
809 369
810 369
811 369
812 369
813 370
814 370
815 370
816 370
817 371
818 371
819 371
820 371
821 372
822 372
823 372
824 372
825 372
826 372
827 372
828 372
829 373
830 373
831 374
832 375
833 375
834 376
834 377
835 377
836 378
837 379
838 379
839 380
840 380
841 380
842 380
843 380
844 380
845 381
846 381
847 382
848 383
849 383
850 384
850 385
851 385
852 386
852 387
853 387
854 388
855 389
856 389
857 390
858 390
859 390
860 390
861 390
862 390
863 390
864 390
865 390
866 390
867 391
868 391
869 391
870 391
871 392
872 392
873 392
874 392
875 392
876 392
877 392
878 392
879 392
880 392
881 392
882 392
883 392
884 392
885 392
886 392
887 392
888 392
889 392
890 392
891 393
892 393
893 393
894 393
895 394
896 394
897 394
898 394
899 394
900 394
901 394
902 394
903 394
904 394
905 395
906 395
907 395
908 395
909 396
910 396
911 396
912 396
913 396
914 396
915 396
916 396
917 396
918 396
919 396
920 396
921 396
922 396
923 396
924 396
925 396
926 396
927 396
928 396
929 395
930 395
931 395
932 395
933 394
934 394
935 394
936 394
937 394
938 394
939 393
940 393
941 393
942 393
943 392
944 392
945 391
946 391
947 390
948 389
949 389
949 388
950 387
951 387
951 386
952 385
953 385
953 384
954 383
955 383
955 382
956 381
957 381
957 380
958 379
959 379
959 378
960 377
961 377
961 376
962 375
963 375
963 374
964 373
965 373
965 372
966 371
967 370
967 369
968 368
968 367
968 366
968 365
968 364
968 363
968 362
968 361
968 360
968 359
969 358
969 357
969 356
969 355
970 354
970 353
970 352
970 351
971 350
971 349
971 348
971 347
972 346
972 345
972 344
972 343
972 342
972 341
972 340
972 339
972 338
972 337
972 336
972 335
972 334
972 333
972 332
972 331
972 330
972 329
972 328
972 327
972 326
972 325
972 324
972 323
972 322
972 321
972 320
972 319
972 318
972 317
972 316
972 315
971 314
971 313
970 312
970 311
969 310
969 309
968 308
968 307
967 306
967 305
966 304
965 303
965 302
964 302
963 301
963 300
962 300
961 299
961 298
960 297
959 296
959 295
958 294
957 293
956 292
956 291
955 290
955 289
954 288
953 287
952 286
951 285
951 284
950 284
949 283
949 282
948 282
947 281
946 280
945 280
944 279
943 279
942 278
941 278
940 278
939 278
938 277
937 277
936 276
935 276
934 276
933 275
932 274
931 274
930 273
929 273
928 272
927 271
926 270
925 270
924 270
923 270
922 269
921 269
920 268
919 268
918 267
917 267
916 266
915 265
914 264
913 264
912 264
911 263
910 262
909 262
908 261
907 260
906 260
905 259
905 258
904 258
903 257
902 256
901 255
900 254
899 254
898 253
897 253
896 252
895 251
894 250
893 250
892 249
891 249
890 248
889 247
888 246
887 246
886 246
885 246
884 245
883 245
882 245
881 245
880 244
879 244
878 244
877 244
876 243
875 243
874 243
873 243
872 243
871 243
870 243
869 243
868 243
867 243
866 243
865 243
864 243
863 243
862 243
861 243
860 243
859 243
858 243
857 243
856 243
855 243
854 242
853 242
852 242
851 242
850 241
849 241
848 241
847 241
846 241
845 241
844 240
843 240
842 240
841 239
840 238
839 238
838 238
837 238
836 237
835 237
834 237
833 237
832 237
831 237
830 236
829 236
828 236
827 235
826 234
825 234
824 234
823 234
822 233
821 233
820 233
819 233
818 233
817 233
816 233
815 233
814 233
813 233
812 233
811 233
810 233
809 233
808 233
807 233
806 233
805 233
804 233
803 233
802 233
801 233
