621 1279
620 1280
619 1280
618 1280
617 1280
616 1281
615 1281
614 1281
613 1281
612 1281
611 1281
610 1281
609 1281
608 1281
607 1281
606 1281
605 1281
604 1281
603 1281
602 1281
601 1281
600 1281
599 1281
598 1281
597 1281
596 1281
595 1281
594 1281
593 1281
592 1281
591 1281
590 1282
589 1282
588 1282
587 1282
586 1283
585 1283
584 1283
583 1283
582 1283
581 1283
580 1283
579 1283
578 1284
577 1284
576 1284
575 1284
574 1285
573 1285
572 1285
571 1285
570 1285
569 1285
568 1285
567 1285
566 1286
565 1286
564 1287
563 1287
562 1288
561 1288
560 1289
559 1289
558 1289
557 1289
556 1290
555 1290
554 1291
553 1291
552 1292
551 1292
550 1293
549 1294
548 1295
547 1296
546 1296
546 1297
545 1298
544 1298
543 1299
542 1300
541 1300
540 1301
539 1301
538 1301
537 1301
536 1302
535 1302
534 1302
533 1302
532 1303
531 1303
530 1304
529 1304
528 1305
527 1305
526 1306
525 1306
524 1307
523 1307
522 1308
521 1308
520 1309
519 1310
518 1310
518 1311
517 1312
516 1312
515 1313
514 1314
513 1314
512 1315
511 1315
510 1315
509 1315
508 1315
507 1315
506 1315
505 1315
504 1315
503 1315
502 1316
501 1316
500 1316
499 1316
498 1317
497 1317
496 1318
495 1318
494 1319
493 1319
492 1320
491 1320
490 1321
489 1321
488 1321
487 1321
486 1321
485 1321
484 1321
483 1321
482 1321
481 1321
480 1321
479 1321
478 1322
477 1322
476 1323
475 1323
474 1324
473 1324
472 1325
471 1325
470 1325
469 1325
468 1326
467 1326
466 1326
465 1326
464 1327
463 1328
462 1328
461 1328
460 1329
459 1329
458 1329
457 1329
456 1329
455 1329
454 1329
453 1329
452 1329
451 1329
450 1330
449 1330
448 1330
447 1330
446 1331
445 1331
444 1332
443 1332
442 1332
441 1332
440 1333
439 1333
438 1334
437 1334
436 1334
435 1334
434 1335
433 1335
432 1335
431 1335
430 1335
429 1335
428 1335
427 1335
426 1336
425 1336
424 1336
423 1336
422 1337
421 1338
420 1339
419 1339
418 1340
417 1340
416 1341
415 1341
414 1341
413 1341
412 1341
411 1341
410 1341
409 1341
408 1341
407 1341
406 1341
405 1341
404 1342
403 1342
402 1343
401 1344
400 1344
400 1345
399 1346
398 1347
398 1348
397 1349
397 1350
397 1351
397 1352
397 1353
397 1354
397 1355
397 1356
398 1357
398 1358
399 1359
400 1360
401 1361
402 1361
403 1362
404 1363
404 1364
405 1365
406 1366
407 1367
408 1368
408 1369
409 1369
410 1370
410 1371
411 1371
412 1372
412 1373
413 1373
414 1374
415 1375
416 1376
417 1377
418 1377
419 1378
420 1378
421 1379
422 1379
423 1380
424 1380
425 1381
426 1381
427 1381
428 1381
429 1382
430 1382
431 1383
432 1383
433 1383
434 1384
435 1385
436 1385
437 1385
438 1385
439 1386
440 1386
441 1386
442 1386
443 1387
444 1387
445 1387
446 1388
447 1389
448 1389
449 1389
450 1389
451 1390
452 1390
453 1391
454 1391
455 1391
456 1391
457 1392
458 1392
459 1393
460 1393
461 1393
462 1394
463 1395
464 1395
465 1395
466 1395
467 1396
468 1396
469 1397
470 1397
471 1397
472 1398
473 1399
474 1399
475 1399
476 1399
477 1400
478 1400
479 1400
480 1400
481 1400
482 1400
483 1400
484 1400
485 1400
486 1400
487 1401
488 1401
489 1401
490 1401
491 1402
492 1402
493 1402
494 1402
495 1402
496 1402
497 1402
498 1402
499 1403
500 1403
501 1403
502 1403
503 1404
504 1404
505 1404
506 1404
507 1404
508 1404
509 1404
510 1404
511 1405
512 1405
513 1405
514 1405
515 1406
516 1406
517 1406
518 1406
519 1406
520 1406
521 1407
522 1407
523 1407
524 1407
525 1408
526 1408
527 1408
528 1408
529 1409
530 1409
531 1409
532 1409
533 1410
534 1410
535 1410
536 1410
537 1411
538 1411
539 1411
540 1411
541 1412
542 1412
543 1412
544 1412
545 1412
546 1412
547 1412
548 1412
549 1412
550 1412
551 1413
552 1413
553 1413
554 1413
555 1414
556 1414
557 1414
558 1414
559 1414
560 1414
561 1414
562 1414
563 1414
564 1414
565 1414
566 1414
567 1414
568 1414
569 1414
570 1414
571 1414
572 1414
573 1414
574 1414
575 1414
576 1414
577 1414
578 1414
579 1414
580 1414
581 1414
582 1414
583 1414
584 1414
585 1414
586 1414
587 1414
588 1414
589 1414
590 1414
591 1414
592 1414
593 1415
594 1415
595 1415
596 1415
597 1416
598 1416
599 1416
600 1416
601 1416
602 1416
603 1416
604 1416
605 1416
606 1416
607 1416
608 1416
609 1416
610 1416
611 1416
612 1416
613 1415
614 1415
615 1415
616 1415
617 1414
618 1414
619 1414
620 1414
621 1414
622 1414
623 1414
624 1414
625 1414
626 1414
627 1415
628 1415
629 1415
630 1415
631 1416
632 1416
633 1417
634 1417
635 1417
636 1417
637 1418
638 1418
639 1419
640 1419
641 1419
642 1419
643 1420
644 1420
645 1420
646 1420
647 1420
648 1420
649 1420
650 1420
651 1420
652 1420
653 1420
654 1420
655 1420
656 1420
657 1421
658 1421
659 1421
660 1421
661 1422
662 1422
663 1422
664 1422
665 1422
666 1422
667 1422
668 1422
669 1422
670 1422
671 1422
672 1422
673 1422
674 1422
675 1422
676 1422
677 1422
678 1422
679 1422
680 1422
681 1422
682 1422
683 1422
684 1422
685 1422
686 1422
687 1422
688 1422
689 1422
690 1422
691 1422
692 1422
693 1422
694 1422
695 1422
696 1422
697 1422
698 1422
699 1422
700 1422
701 1422
702 1422
703 1422
704 1422
705 1422
706 1422
707 1421
708 1421
709 1422
710 1422
711 1421
712 1421
713 1422
714 1422
715 1422
716 1422
717 1422
718 1422
719 1421
720 1421
721 1421
722 1421
723 1420
724 1419
725 1419
726 1419
727 1418
728 1417
729 1416
730 1416
731 1415
732 1415
733 1414
734 1413
735 1413
736 1413
737 1412
738 1412
739 1411
740 1411
741 1410
742 1409
743 1409
744 1408
745 1407
746 1407
747 1406
748 1406
749 1405
750 1405
751 1404
752 1403
753 1403
753 1402
754 1401
755 1401
755 1400
756 1399
757 1399
758 1398
759 1397
760 1397
761 1396
762 1395
763 1394
764 1393
765 1393
766 1392
767 1391
768 1391
769 1390
770 1389
771 1388
772 1387
773 1387
774 1386
775 1385
776 1385
777 1384
778 1383
779 1382
779 1381
780 1380
780 1379
780 1378
780 1377
780 1376
780 1375
780 1374
780 1373
780 1372
780 1371
780 1370
780 1369
780 1368
780 1367
780 1366
780 1365
780 1364
780 1363
780 1362
780 1361
780 1360
780 1359
780 1358
780 1357
780 1356
780 1355
780 1354
780 1353
780 1352
780 1351
780 1350
780 1349
780 1348
780 1347
780 1346
780 1345
780 1344
780 1343
780 1342
780 1341
780 1340
780 1339
780 1338
780 1337
779 1336
779 1335
779 1334
779 1333
778 1332
777 1331
777 1330
777 1329
776 1328
775 1327
775 1326
775 1325
774 1324
773 1323
773 1322
773 1321
772 1320
772 1319
772 1318
772 1317
772 1316
772 1315
771 1314
771 1313
771 1312
771 1311
770 1310
769 1309
768 1308
767 1307
767 1306
766 1306
765 1305
765 1304
764 1304
763 1303
762 1302
761 1302
760 1301
759 1301
758 1300
757 1300
756 1300
755 1300
754 1299
753 1299
752 1299
751 1299
750 1298
749 1298
748 1298
747 1298
746 1297
745 1297
744 1296
743 1296
742 1296
741 1296
740 1295
739 1295
738 1294
737 1294
736 1293
735 1292
734 1292
733 1291
732 1290
731 1289
730 1288
729 1288
728 1288
727 1287
726 1286
725 1286
724 1286
723 1286
722 1285
721 1285
720 1285
719 1285
718 1285
717 1285
716 1285
715 1285
714 1285
713 1285
712 1285
711 1285
710 1285
709 1285
708 1285
707 1285
706 1285
705 1285
704 1285
703 1285
702 1284
701 1284
700 1284
699 1284
698 1283
697 1283
696 1283
695 1283
694 1283
693 1283
692 1283
691 1283
690 1282
689 1282
688 1282
687 1282
686 1281
685 1281
684 1281
683 1281
682 1281
681 1281
680 1281
679 1281
678 1281
677 1281
676 1281
675 1281
674 1281
673 1281
672 1281
671 1281
670 1281
669 1281
668 1281
667 1281
666 1281
665 1281
664 1281
663 1281
662 1280
661 1280
660 1280
659 1280
658 1279
657 1279
656 1279
655 1279
654 1279
653 1279
652 1279
651 1279
650 1279
649 1279
648 1279
647 1279
646 1279
645 1279
644 1279
643 1279
642 1279
641 1279
640 1279
639 1279
638 1279
637 1279
636 1279
635 1279
634 1279
633 1279
632 1279
631 1279
630 1279
629 1279
628 1279
627 1279
626 1279
625 1279
624 1279
623 1279
622 1279
621 1279
