359 1649
358 1650
357 1650
356 1651
356 1652
355 1653
355 1654
355 1655
355 1656
356 1657
356 1658
356 1659
356 1660
357 1661
358 1662
359 1663
359 1664
360 1665
360 1666
361 1667
361 1668
361 1669
361 1670
362 1671
362 1672
362 1673
362 1674
363 1675
363 1676
364 1677
364 1678
364 1679
364 1680
365 1681
366 1682
366 1683
366 1684
367 1685
367 1686
368 1687
368 1688
368 1689
368 1690
369 1691
369 1692
369 1693
369 1694
369 1695
369 1696
369 1697
369 1698
369 1699
369 1700
370 1701
370 1702
370 1703
370 1704
371 1705
371 1706
371 1707
371 1708
372 1709
372 1710
372 1711
372 1712
373 1713
373 1714
373 1715
373 1716
374 1717
374 1718
374 1719
374 1720
375 1721
375 1722
375 1723
375 1724
375 1725
375 1726
375 1727
375 1728
374 1729
374 1730
374 1731
374 1732
373 1733
373 1734
373 1735
373 1736
373 1737
373 1738
373 1739
373 1740
373 1741
373 1742
373 1743
373 1744
373 1745
373 1746
373 1747
373 1748
374 1749
374 1750
375 1751
376 1752
377 1753
378 1753
379 1754
380 1755
381 1755
382 1756
382 1757
383 1757
384 1758
385 1759
386 1759
387 1760
388 1760
389 1760
390 1760
391 1760
392 1760
393 1760
394 1760
395 1759
396 1759
397 1758
398 1757
399 1757
400 1756
401 1755
402 1755
403 1754
404 1754
405 1754
406 1754
407 1754
408 1754
409 1754
410 1754
411 1754
412 1754
413 1754
414 1754
415 1754
416 1754
417 1754
418 1754
419 1754
420 1754
421 1754
422 1754
423 1754
424 1754
425 1754
426 1754
427 1754
428 1754
429 1754
430 1754
431 1754
432 1754
433 1754
434 1754
435 1754
436 1754
437 1754
438 1754
439 1754
440 1754
441 1754
442 1754
443 1754
444 1754
445 1754
446 1754
447 1754
448 1754
449 1754
450 1754
451 1754
452 1754
453 1754
454 1754
455 1754
456 1754
457 1754
458 1754
459 1754
460 1754
461 1754
462 1754
463 1753
464 1753
465 1753
466 1753
467 1752
468 1752
469 1751
470 1751
471 1751
472 1751
473 1750
474 1750
475 1749
476 1749
477 1749
478 1749
479 1748
480 1747
481 1747
482 1747
483 1746
484 1745
485 1745
486 1745
487 1744
488 1743
489 1742
490 1742
491 1741
492 1741
493 1740
494 1740
495 1739
496 1739
497 1738
498 1737
499 1737
499 1736
500 1735
501 1735
501 1734
502 1733
503 1733
503 1732
504 1731
505 1731
505 1730
506 1729
507 1729
507 1728
508 1727
509 1726
510 1725
511 1724
511 1723
512 1722
513 1721
513 1720
514 1719
515 1719
515 1718
516 1717
517 1717
517 1716
518 1715
519 1715
519 1714
520 1713
521 1713
521 1712
522 1711
523 1711
523 1710
524 1709
525 1708
526 1707
527 1706
527 1705
528 1704
528 1703
529 1702
530 1701
531 1700
531 1699
531 1698
532 1697
533 1696
533 1695
533 1694
533 1693
534 1692
534 1691
534 1690
534 1689
534 1688
534 1687
534 1686
534 1685
533 1684
533 1683
532 1682
531 1681
531 1680
530 1680
529 1679
529 1678
528 1678
527 1677
527 1676
526 1676
525 1675
525 1674
524 1674
523 1673
522 1672
521 1671
520 1670
519 1670
518 1669
517 1669
516 1668
515 1667
514 1666
513 1666
512 1666
511 1665
510 1664
509 1664
508 1664
507 1663
506 1662
505 1662
504 1662
503 1662
502 1661
501 1661
500 1661
499 1661
498 1661
497 1661
496 1661
495 1661
494 1661
493 1661
492 1661
491 1661
490 1661
489 1661
488 1661
487 1661
486 1661
485 1661
484 1661
483 1661
482 1661
481 1661
480 1661
479 1661
478 1661
477 1661
476 1661
475 1661
474 1661
473 1661
472 1661
471 1661
470 1661
469 1661
468 1661
467 1661
466 1661
465 1661
464 1661
463 1661
462 1661
461 1661
460 1661
459 1661
458 1661
457 1661
456 1661
455 1661
454 1661
453 1661
452 1661
451 1661
450 1661
449 1661
448 1661
447 1661
446 1661
445 1661
444 1661
443 1661
442 1661
441 1661
440 1661
439 1661
438 1661
437 1661
436 1661
435 1661
434 1661
433 1661
432 1661
431 1661
430 1661
429 1661
428 1661
427 1661
426 1662
425 1662
424 1662
423 1662
422 1663
421 1663
420 1663
419 1663
418 1664
417 1664
416 1664
415 1664
414 1665
413 1665
412 1665
411 1665
410 1665
409 1665
408 1665
407 1665
406 1665
405 1665
404 1665
403 1665
402 1665
401 1665
400 1664
399 1664
398 1664
397 1664
396 1663
395 1663
394 1662
393 1662
392 1661
391 1661
390 1660
389 1660
388 1659
387 1659
386 1658
385 1658
384 1658
383 1657
382 1656
381 1656
380 1656
379 1655
378 1654
377 1654
376 1653
375 1653
374 1652
373 1651
372 1650
371 1650
370 1650
369 1650
368 1649
367 1649
366 1649
365 1649
364 1649
363 1649
362 1649
361 1649
360 1649
359 1649
