797 4341
796 4342
795 4342
794 4343
793 4343
792 4344
791 4344
790 4345
789 4345
788 4345
787 4345
786 4346
785 4346
784 4346
783 4346
782 4347
781 4347
780 4347
779 4347
778 4348
777 4348
776 4349
775 4349
774 4350
773 4350
772 4351
771 4351
770 4352
769 4352
768 4353
767 4353
766 4354
765 4354
764 4355
763 4356
762 4356
761 4356
760 4357
759 4357
758 4357
757 4357
756 4357
755 4357
754 4358
753 4358
752 4359
751 4359
750 4360
749 4360
748 4361
747 4361
746 4361
745 4361
744 4361
743 4361
742 4361
741 4361
740 4361
739 4361
738 4361
737 4361
736 4360
735 4360
734 4360
733 4360
732 4359
731 4359
730 4360
729 4360
728 4360
727 4360
726 4361
725 4361
724 4361
723 4361
722 4362
721 4362
720 4362
719 4362
718 4363
717 4363
716 4363
715 4363
714 4362
713 4362
712 4362
711 4362
710 4361
709 4361
708 4361
707 4361
706 4361
705 4361
704 4361
703 4361
702 4361
701 4361
700 4361
699 4361
698 4361
697 4361
696 4362
695 4362
694 4363
693 4363
692 4364
691 4364
690 4365
689 4365
688 4366
687 4366
686 4366
685 4366
684 4367
683 4368
682 4369
681 4370
680 4370
680 4371
679 4372
678 4373
678 4374
677 4375
677 4376
677 4377
677 4378
677 4379
677 4380
676 4381
676 4382
676 4383
676 4384
675 4385
675 4386
675 4387
675 4388
675 4389
675 4390
675 4391
675 4392
675 4393
675 4394
675 4395
675 4396
675 4397
675 4398
675 4399
675 4400
676 4401
676 4402
676 4403
676 4404
677 4405
677 4406
677 4407
677 4408
678 4409
678 4410
679 4411
680 4411
681 4412
682 4412
683 4412
684 4412
685 4412
686 4412
687 4412
688 4412
689 4412
690 4412
691 4412
692 4412
693 4412
694 4412
695 4412
696 4412
697 4412
698 4412
699 4412
700 4412
701 4412
702 4412
703 4412
704 4412
705 4412
706 4412
707 4412
708 4412
709 4412
710 4412
711 4412
712 4412
713 4412
714 4412
715 4412
716 4412
717 4412
718 4412
719 4412
720 4412
721 4412
722 4412
723 4413
724 4413
725 4413
726 4414
727 4415
728 4415
729 4415
730 4415
731 4416
732 4416
733 4416
734 4416
735 4416
736 4416
737 4416
738 4416
739 4416
740 4416
741 4416
742 4416
743 4416
744 4416
745 4416
746 4416
747 4416
748 4416
749 4416
750 4416
751 4416
752 4416
753 4416
754 4416
755 4416
756 4416
757 4416
758 4416
759 4416
760 4416
761 4416
762 4416
763 4416
764 4416
765 4416
766 4416
767 4416
768 4416
769 4416
770 4416
771 4416
772 4416
773 4416
774 4416
775 4417
776 4417
777 4417
778 4417
779 4418
780 4418
781 4418
782 4418
783 4419
784 4419
785 4419
786 4419
787 4420
788 4420
789 4421
790 4421
791 4421
792 4421
793 4422
794 4422
795 4422
796 4422
797 4422
798 4422
799 4422
800 4422
801 4422
802 4422
803 4422
804 4422
805 4422
806 4422
807 4422
808 4422
809 4422
810 4422
811 4422
812 4422
813 4422
814 4422
815 4422
816 4422
817 4422
818 4422
819 4422
820 4422
821 4422
822 4422
823 4422
824 4422
825 4422
826 4422
827 4421
828 4421
829 4421
830 4421
831 4420
832 4420
833 4419
834 4419
835 4419
836 4419
837 4418
838 4418
839 4418
840 4418
841 4417
842 4417
843 4417
844 4417
845 4416
846 4416
847 4415
848 4415
849 4414
850 4413
851 4413
852 4412
853 4411
854 4411
855 4410
856 4409
857 4408
858 4407
859 4407
859 4406
860 4405
861 4405
861 4404
862 4403
863 4402
863 4401
864 4400
864 4399
864 4398
864 4397
864 4396
864 4395
864 4394
864 4393
864 4392
864 4391
864 4390
864 4389
865 4388
865 4387
865 4386
866 4385
867 4384
867 4383
868 4382
868 4381
869 4380
869 4379
870 4378
870 4377
870 4376
870 4375
870 4374
870 4373
870 4372
870 4371
871 4370
871 4369
871 4368
871 4367
872 4366
872 4365
872 4364
872 4363
872 4362
872 4361
871 4360
871 4359
870 4358
869 4357
868 4356
867 4356
866 4355
865 4355
864 4355
863 4355
862 4354
861 4354
860 4354
859 4354
858 4353
857 4353
856 4353
855 4353
854 4352
853 4352
852 4351
851 4350
850 4350
849 4349
849 4348
848 4348
847 4347
846 4346
845 4346
844 4345
843 4345
842 4346
841 4346
840 4346
839 4346
838 4347
837 4347
836 4347
835 4347
834 4347
833 4347
832 4348
831 4348
830 4348
829 4348
828 4349
827 4349
826 4349
825 4349
824 4348
823 4348
822 4347
821 4346
820 4346
819 4345
819 4344
818 4344
817 4343
816 4342
815 4342
814 4341
813 4341
812 4341
811 4341
810 4341
809 4341
808 4341
807 4341
806 4341
805 4341
804 4341
803 4341
802 4341
801 4341
800 4341
799 4341
798 4341
797 4341
