319 2285
318 2286
317 2286
316 2286
315 2286
314 2287
313 2287
312 2287
311 2287
310 2288
309 2288
308 2289
307 2289
306 2290
305 2290
304 2291
303 2291
302 2291
301 2291
300 2291
299 2291
298 2291
297 2291
296 2291
295 2291
294 2291
293 2291
292 2292
291 2292
290 2292
289 2292
288 2293
287 2293
286 2293
285 2293
284 2293
283 2293
282 2294
281 2294
280 2295
279 2295
278 2296
277 2296
276 2297
275 2298
274 2299
273 2300
272 2300
272 2301
271 2302
270 2302
269 2303
268 2304
267 2304
266 2305
265 2305
264 2306
263 2306
262 2306
261 2306
260 2307
259 2308
258 2309
257 2310
256 2311
255 2312
254 2313
254 2314
253 2315
253 2316
252 2317
252 2318
251 2319
251 2320
251 2321
251 2322
251 2323
251 2324
252 2325
252 2326
253 2327
254 2328
254 2329
255 2329
256 2330
256 2331
257 2331
258 2332
258 2333
259 2333
260 2334
261 2335
262 2336
263 2337
264 2337
265 2337
266 2337
267 2338
268 2338
269 2338
270 2338
271 2338
272 2338
273 2339
274 2339
275 2340
276 2341
277 2341
278 2342
278 2343
279 2343
280 2344
280 2345
281 2345
282 2346
282 2347
283 2347
284 2348
285 2349
286 2350
287 2351
288 2351
289 2352
290 2353
291 2353
292 2354
292 2355
293 2355
294 2356
294 2357
295 2357
296 2358
296 2359
297 2359
298 2360
298 2361
299 2361
300 2362
301 2363
302 2364
303 2365
304 2365
305 2366
306 2366
307 2367
308 2367
309 2368
310 2368
311 2369
312 2369
313 2369
314 2370
315 2371
316 2371
317 2371
318 2372
319 2373
320 2373
321 2374
322 2374
323 2375
324 2375
325 2376
326 2376
327 2377
328 2377
329 2377
330 2378
331 2379
332 2379
333 2379
334 2380
335 2381
336 2381
337 2381
338 2381
339 2382
340 2382
341 2382
342 2382
343 2383
344 2383
345 2383
346 2384
347 2385
348 2385
349 2385
350 2386
351 2387
352 2387
353 2387
354 2387
355 2388
356 2388
357 2388
358 2388
359 2387
360 2387
361 2386
362 2385
363 2384
363 2383
363 2382
364 2381
365 2380
366 2379
367 2378
368 2378
369 2378
370 2378
371 2378
372 2378
373 2378
374 2378
375 2378
376 2378
377 2378
378 2378
379 2378
380 2378
381 2378
382 2378
383 2378
384 2378
385 2377
386 2377
387 2376
388 2375
389 2375
390 2374
391 2373
392 2373
393 2372
394 2372
395 2372
396 2372
397 2372
398 2372
399 2371
400 2371
401 2371
402 2371
403 2370
404 2370
405 2370
406 2370
407 2370
408 2370
409 2370
410 2370
411 2370
412 2370
413 2370
414 2370
415 2370
416 2370
417 2370
418 2370
419 2370
420 2370
421 2370
422 2370
423 2370
424 2370
425 2370
426 2370
427 2371
428 2371
429 2371
430 2371
431 2372
432 2372
433 2372
434 2372
435 2372
436 2372
437 2373
438 2373
439 2373
440 2373
441 2374
442 2374
443 2375
444 2375
445 2375
446 2376
447 2377
448 2377
449 2378
450 2379
451 2379
452 2380
453 2381
454 2382
455 2383
456 2383
457 2383
458 2383
459 2384
460 2384
461 2384
462 2384
463 2384
464 2384
465 2383
466 2383
467 2382
468 2381
469 2380
469 2379
469 2378
470 2377
471 2376
471 2375
472 2374
473 2373
474 2373
475 2372
476 2372
477 2372
478 2372
479 2372
480 2372
481 2372
482 2372
483 2372
484 2372
485 2372
486 2372
487 2371
488 2371
489 2371
490 2371
491 2370
492 2369
493 2368
494 2367
495 2366
495 2365
496 2364
496 2363
496 2362
496 2361
496 2360
496 2359
497 2358
497 2357
497 2356
497 2355
498 2354
498 2353
499 2352
499 2351
499 2350
499 2349
500 2348
500 2347
500 2346
500 2345
499 2344
499 2343
498 2342
497 2342
496 2341
495 2341
494 2341
493 2341
492 2341
491 2341
490 2341
489 2341
488 2341
487 2341
486 2340
485 2340
484 2339
483 2338
482 2337
481 2336
481 2335
480 2334
479 2333
479 2332
479 2331
478 2330
477 2329
476 2328
475 2327
474 2326
473 2326
472 2326
471 2325
470 2324
469 2324
468 2324
467 2323
466 2322
465 2322
464 2322
463 2321
462 2320
461 2320
460 2320
459 2319
458 2318
457 2318
456 2317
455 2317
454 2316
453 2315
452 2314
451 2314
450 2314
449 2314
448 2313
447 2313
446 2312
445 2312
444 2312
443 2311
442 2310
441 2310
440 2309
439 2309
438 2308
437 2308
436 2307
435 2307
434 2307
433 2307
432 2307
431 2307
430 2306
429 2306
428 2306
427 2306
426 2305
425 2305
424 2305
423 2305
422 2305
421 2305
420 2305
419 2305
418 2305
417 2305
416 2305
415 2305
414 2305
413 2305
412 2306
411 2306
410 2306
409 2306
408 2307
407 2307
406 2307
405 2307
404 2307
403 2307
402 2307
401 2307
400 2307
399 2307
398 2307
397 2307
396 2307
395 2307
394 2307
393 2307
392 2307
391 2307
390 2307
389 2307
388 2306
387 2306
386 2306
385 2305
384 2304
383 2304
382 2303
381 2303
380 2302
379 2302
378 2301
377 2301
376 2301
375 2301
374 2301
373 2301
372 2300
371 2300
370 2300
369 2300
368 2299
367 2299
366 2298
365 2298
364 2297
363 2296
362 2296
361 2295
361 2294
360 2294
359 2293
358 2292
357 2292
356 2291
355 2291
354 2290
353 2290
352 2290
351 2289
350 2288
349 2288
348 2288
347 2288
346 2287
345 2287
344 2287
343 2287
342 2287
341 2287
340 2287
339 2287
338 2287
337 2287
336 2287
335 2287
334 2287
333 2287
332 2287
331 2287
330 2287
329 2287
328 2287
327 2287
326 2286
325 2286
324 2286
323 2286
322 2285
321 2285
320 2285
319 2285
