447 304
446 305
445 305
444 305
443 305
442 306
441 307
440 308
439 308
438 309
437 309
436 310
435 311
434 312
433 312
432 313
431 313
430 314
429 315
428 316
427 317
426 317
425 318
424 319
423 319
422 320
421 321
420 322
419 323
418 323
417 324
416 325
415 325
414 326
413 326
412 327
411 327
410 328
409 329
408 329
407 330
406 331
405 331
404 332
403 332
402 332
401 332
400 332
399 332
398 332
397 332
396 333
395 333
394 334
393 335
392 335
392 336
391 337
390 338
390 339
389 340
389 341
388 342
388 343
388 344
388 345
388 346
388 347
388 348
388 349
388 350
389 351
389 352
389 353
389 354
389 355
389 356
389 357
388 358
388 359
388 360
388 361
387 362
387 363
387 364
387 365
387 366
387 367
388 368
388 369
388 370
388 371
389 372
390 373
391 374
392 375
392 376
393 376
394 377
394 378
395 378
396 379
396 380
397 380
398 381
398 382
399 382
400 383
400 384
401 384
402 385
402 386
403 386
404 387
404 388
405 388
406 389
406 390
407 390
408 391
408 392
409 392
410 393
410 394
411 394
412 395
412 396
413 396
414 397
415 398
416 399
417 400
418 400
419 401
420 402
421 402
422 403
423 404
424 404
425 405
426 405
427 406
428 406
429 407
430 407
431 408
432 408
433 409
434 409
435 410
436 410
437 410
438 410
439 411
440 411
441 412
442 412
443 413
444 414
445 414
446 415
446 416
447 416
448 417
449 418
450 419
451 420
452 420
453 421
454 422
455 422
456 423
456 424
457 424
458 425
459 426
460 426
461 427
462 427
463 427
464 427
465 428
466 428
467 429
468 429
469 430
470 430
471 431
472 431
473 431
474 431
475 430
476 430
477 429
478 429
479 428
480 428
481 427
482 427
483 427
484 427
485 427
486 427
487 427
488 427
489 427
490 427
491 428
492 428
493 428
494 428
495 429
496 429
497 429
498 429
499 429
500 429
501 429
502 429
503 429
504 429
505 429
506 429
507 429
508 429
509 429
510 429
511 429
512 429
513 429
514 429
515 428
516 428
517 427
518 427
519 426
520 426
521 425
522 425
523 425
524 425
525 425
526 425
527 424
528 424
529 423
530 423
531 422
532 422
533 421
534 420
535 420
536 420
537 419
538 419
539 419
540 419
541 418
542 418
543 418
544 418
545 417
546 417
547 416
548 416
549 416
550 416
551 415
552 415
553 415
554 415
555 414
556 414
557 414
558 414
559 413
560 413
561 413
562 413
563 412
564 412
565 412
566 412
567 411
568 411
569 411
570 411
571 411
572 411
573 410
574 410
575 410
576 410
577 409
578 408
579 408
580 408
581 407
582 407
583 406
584 406
585 406
586 406
587 405
588 405
589 404
590 404
591 404
592 404
593 403
594 403
595 403
596 403
597 402
598 402
599 402
600 402
601 401
602 401
603 401
604 401
605 401
606 401
607 400
608 400
609 399
610 399
611 398
612 398
613 397
614 396
615 395
616 395
617 394
618 394
619 393
620 392
621 392
622 392
623 391
624 390
625 389
626 388
627 387
627 386
628 385
628 384
629 383
629 382
630 381
631 380
631 379
632 378
633 377
633 376
634 375
634 374
634 373
634 372
634 371
634 370
634 369
634 368
634 367
634 366
634 365
634 364
634 363
634 362
634 361
634 360
634 359
634 358
634 357
634 356
633 355
633 354
633 353
633 352
632 351
632 350
632 349
632 348
632 347
632 346
632 345
632 344
632 343
632 342
632 341
632 340
632 339
632 338
631 337
631 336
630 335
629 334
629 333
628 333
627 332
627 331
626 331
625 330
625 329
624 329
623 328
623 327
622 327
621 326
620 325
619 324
618 323
617 323
616 322
615 321
614 321
613 320
613 319
612 319
611 318
610 317
609 317
608 316
607 316
606 315
605 315
604 315
603 315
602 314
601 314
600 314
599 314
598 314
597 314
596 314
595 314
594 313
593 313
592 312
591 312
590 311
589 310
588 309
587 309
586 309
585 309
584 308
583 308
582 308
581 308
580 308
579 308
578 308
577 308
576 308
575 308
574 308
573 308
572 308
571 308
570 308
569 308
568 309
567 309
566 310
565 310
564 311
563 311
562 312
561 312
560 312
559 312
558 312
557 312
556 312
555 312
554 312
553 312
552 312
551 312
550 313
549 313
548 313
547 313
546 314
545 314
544 314
543 314
542 314
541 314
540 314
539 314
538 314
537 314
536 314
535 314
534 314
533 314
532 313
531 313
530 312
529 311
528 311
527 310
526 309
525 308
524 307
523 307
522 307
521 307
520 306
519 306
518 306
517 306
516 306
515 306
514 306
513 306
512 306
511 306
510 306
509 306
508 306
507 306
506 306
505 306
504 306
503 306
502 306
501 306
500 306
499 306
498 306
497 306
496 306
495 306
494 306
493 306
492 306
491 306
490 306
489 306
488 306
487 306
486 306
485 306
484 306
483 306
482 306
481 306
480 306
479 306
478 306
477 306
476 306
475 306
474 306
473 306
472 306
471 306
470 306
469 306
468 306
467 306
466 306
465 306
464 306
463 306
462 306
461 306
460 306
459 306
458 305
457 305
456 305
455 305
454 304
453 304
452 304
451 304
450 304
449 304
448 304
447 304
