1965 1979
1964 1980
1963 1980
1962 1980
1961 1980
1960 1981
1959 1981
1958 1981
1957 1981
1956 1981
1955 1981
1954 1981
1953 1981
1952 1981
1951 1981
1950 1981
1949 1981
1948 1981
1947 1981
1946 1981
1945 1981
1944 1981
1943 1981
1942 1981
1941 1981
1940 1981
1939 1981
1938 1981
1937 1981
1936 1981
1935 1981
1934 1981
1933 1981
1932 1981
1931 1981
1930 1981
1929 1981
1928 1981
1927 1981
1926 1981
1925 1981
1924 1982
1923 1982
1922 1982
1921 1982
1920 1983
1919 1983
1918 1983
1917 1983
1916 1983
1915 1983
1914 1983
1913 1983
1912 1983
1911 1983
1910 1984
1909 1984
1908 1984
1907 1984
1906 1985
1905 1985
1904 1985
1903 1985
1902 1985
1901 1985
1900 1985
1899 1985
1898 1985
1897 1985
1896 1984
1895 1984
1894 1984
1893 1984
1892 1983
1891 1983
1890 1983
1889 1983
1888 1983
1887 1983
1886 1983
1885 1983
1884 1983
1883 1983
1882 1984
1881 1984
1880 1984
1879 1984
1878 1985
1877 1985
1876 1985
1875 1985
1874 1985
1873 1985
1872 1986
1871 1986
1870 1986
1869 1986
1868 1987
1867 1988
1866 1988
1865 1988
1864 1989
1863 1989
1862 1989
1861 1989
1860 1989
1859 1989
1858 1989
1857 1989
1856 1990
1855 1990
1854 1990
1853 1990
1852 1991
1851 1991
1850 1992
1849 1992
1848 1993
1847 1993
1846 1994
1845 1994
1844 1995
1843 1995
1842 1996
1841 1996
1840 1996
1839 1996
1838 1997
1837 1998
1836 1999
1835 1999
1834 2000
1833 2000
1832 2001
1831 2001
1830 2000
1829 2000
1828 1999
1827 1999
1826 1998
1825 1998
1824 1997
1823 1997
1822 1998
1821 1998
1820 1998
1819 1998
1818 1999
1817 1999
1816 1999
1815 1999
1814 2000
1813 2000
1812 2000
1811 2000
1810 2001
1809 2002
1808 2002
1807 2002
1806 2003
1805 2003
1804 2004
1803 2004
1802 2004
1801 2004
1800 2005
1799 2005
1798 2006
1797 2006
1796 2007
1795 2007
1794 2008
1793 2008
1792 2009
1791 2009
1790 2010
1789 2010
1788 2010
1787 2010
1786 2011
1785 2012
1784 2013
1783 2013
1782 2014
1781 2014
1780 2015
1779 2016
1778 2017
1777 2017
1776 2018
1775 2018
1774 2019
1773 2020
1772 2021
1771 2022
1770 2022
1770 2023
1769 2024
1768 2024
1768 2025
1767 2026
1766 2026
1765 2027
1764 2028
1763 2028
1762 2029
1761 2029
1760 2029
1759 2029
1758 2029
1757 2029
1756 2029
1755 2029
1754 2030
1753 2030
1752 2030
1751 2030
1750 2031
1749 2031
1748 2032
1747 2032
1746 2033
1745 2033
1744 2034
1743 2034
1742 2035
1741 2035
1740 2036
1739 2036
1738 2036
1737 2036
1736 2037
1735 2038
1734 2038
1733 2038
1732 2039
1731 2040
1730 2041
1729 2041
1728 2042
1727 2042
1726 2043
1725 2043
1724 2044
1723 2044
1722 2045
1721 2046
1720 2046
1720 2047
1719 2048
1718 2049
1718 2050
1717 2051
1717 2052
1717 2053
1717 2054
1717 2055
1717 2056
1717 2057
1717 2058
1717 2059
1717 2060
1717 2061
1717 2062
1717 2063
1717 2064
1717 2065
1717 2066
1718 2067
1718 2068
1718 2069
1718 2070
1719 2071
1719 2072
1720 2073
1720 2074
1720 2075
1720 2076
1721 2077
1722 2078
1722 2079
1722 2080
1723 2081
1724 2082
1725 2083
1726 2083
1727 2084
1728 2084
1729 2084
1730 2084
1731 2085
1732 2085
1733 2085
1734 2085
1735 2086
1736 2086
1737 2086
1738 2086
1739 2086
1740 2086
1741 2086
1742 2086
1743 2086
1744 2086
1745 2086
1746 2086
1747 2086
1748 2086
1749 2086
1750 2086
1751 2086
1752 2086
1753 2086
1754 2086
1755 2086
1756 2086
1757 2086
1758 2086
1759 2086
1760 2086
1761 2086
1762 2086
1763 2086
1764 2086
1765 2086
1766 2086
1767 2086
1768 2086
1769 2086
1770 2086
1771 2086
1772 2086
1773 2086
1774 2086
1775 2086
1776 2086
1777 2086
1778 2086
1779 2086
1780 2086
1781 2086
1782 2086
1783 2086
1784 2086
1785 2086
1786 2086
1787 2087
1788 2087
1789 2087
1790 2087
1791 2088
1792 2088
1793 2088
1794 2088
1795 2088
1796 2088
1797 2088
1798 2088
1799 2088
1800 2088
1801 2088
1802 2088
1803 2088
1804 2088
1805 2088
1806 2088
1807 2088
1808 2088
1809 2088
1810 2088
1811 2088
1812 2088
1813 2088
1814 2088
1815 2088
1816 2088
1817 2088
1818 2088
1819 2088
1820 2088
1821 2088
1822 2088
1823 2088
1824 2088
1825 2088
1826 2088
1827 2088
1828 2088
1829 2088
1830 2088
1831 2088
1832 2088
1833 2088
1834 2088
1835 2088
1836 2088
1837 2088
1838 2088
1839 2089
1840 2089
1841 2089
1842 2089
1843 2090
1844 2090
1845 2090
1846 2090
1847 2090
1848 2090
1849 2090
1850 2090
1851 2090
1852 2090
1853 2090
1854 2090
1855 2090
1856 2090
1857 2090
1858 2090
1859 2090
1860 2090
1861 2090
1862 2090
1863 2090
1864 2090
1865 2090
1866 2090
1867 2090
1868 2090
1869 2091
1870 2091
1871 2091
1872 2091
1873 2092
1874 2092
1875 2092
1876 2092
1877 2092
1878 2092
1879 2092
1880 2092
1881 2092
1882 2092
1883 2092
1884 2092
1885 2092
1886 2092
1887 2092
1888 2092
1889 2092
1890 2092
1891 2092
1892 2092
1893 2092
1894 2092
1895 2093
1896 2093
1897 2093
1898 2093
1899 2094
1900 2094
1901 2094
1902 2094
1903 2094
1904 2094
1905 2094
1906 2094
1907 2094
1908 2094
1909 2094
1910 2094
1911 2095
1912 2095
1913 2095
1914 2095
1915 2096
1916 2096
1917 2096
1918 2096
1919 2096
1920 2096
1921 2096
1922 2096
1923 2097
1924 2097
1925 2097
1926 2097
1927 2098
1928 2098
1929 2098
1930 2098
1931 2098
1932 2098
1933 2099
1934 2099
1935 2099
1936 2099
1937 2100
1938 2100
1939 2100
1940 2100
1941 2101
1942 2101
1943 2101
1944 2101
1945 2102
1946 2102
1947 2103
1948 2103
1949 2104
1950 2104
1951 2105
1952 2105
1953 2106
1954 2106
1955 2106
1956 2106
1957 2107
1958 2107
1959 2107
1960 2108
1961 2109
1962 2109
1963 2109
1964 2110
1965 2111
1966 2111
1967 2111
1968 2112
1969 2113
1970 2113
1971 2113
1972 2114
1973 2115
1974 2115
1975 2116
1976 2117
1977 2117
1978 2118
1979 2119
1980 2119
1981 2120
1982 2120
1983 2121
1984 2121
1985 2122
1986 2122
1987 2123
1988 2124
1989 2125
1990 2125
1991 2125
1992 2126
1993 2127
1994 2127
1995 2127
1996 2128
1997 2129
1998 2129
1999 2129
2000 2130
2001 2131
2002 2131
2003 2131
2004 2131
2005 2132
2006 2132
2007 2133
2008 2133
2009 2133
2010 2133
2011 2134
2012 2134
2013 2135
2014 2135
2015 2135
2016 2136
2017 2137
2018 2137
2019 2137
2020 2137
2021 2138
2022 2138
2023 2139
2024 2139
2025 2139
2026 2139
2027 2140
2028 2140
2029 2140
2030 2140
2031 2140
2032 2140
2033 2140
2034 2140
2035 2140
2036 2140
2037 2140
2038 2140
2039 2140
2040 2140
2041 2140
2042 2140
2043 2140
2044 2140
2045 2140
2046 2140
2047 2141
2048 2141
2049 2141
2050 2141
2051 2142
2052 2142
2053 2142
2054 2142
2055 2143
2056 2143
2057 2143
2058 2143
2059 2144
2060 2144
2061 2144
2062 2144
2063 2144
2064 2144
2065 2143
2066 2143
2067 2143
2068 2143
2069 2142
2070 2142
2071 2142
2072 2142
2073 2143
2074 2143
2075 2143
2076 2143
2077 2144
2078 2144
2079 2144
2080 2144
2081 2144
2082 2144
2083 2144
2084 2144
2085 2144
2086 2144
2087 2145
2088 2145
2089 2145
2090 2146
2091 2147
2092 2147
2093 2147
2094 2147
2095 2148
2096 2148
2097 2149
2098 2149
2099 2149
2100 2149
2101 2150
2102 2150
2103 2149
2104 2149
2105 2149
2106 2149
2107 2148
2108 2148
2109 2148
2110 2148
2111 2147
2112 2147
2113 2147
2114 2147
2115 2146
2116 2146
2117 2146
2118 2146
2118 2145
2118 2144
2118 2143
2119 2142
2119 2141
2120 2140
2121 2139
2121 2138
2122 2137
2123 2137
2123 2136
2124 2135
2125 2135
2125 2134
2126 2133
2127 2133
2127 2132
2128 2131
2129 2131
2129 2130
2130 2129
2131 2129
2131 2128
2132 2127
2133 2126
2134 2125
2135 2124
2135 2123
2135 2122
2136 2121
2137 2120
2137 2119
2138 2118
2138 2117
2139 2116
2139 2115
2140 2114
2140 2113
2141 2112
2141 2111
2141 2110
2142 2109
2143 2108
2143 2107
2143 2106
2144 2105
2145 2104
2145 2103
2146 2102
2146 2101
2147 2100
2148 2099
2149 2098
2149 2097
2149 2096
2150 2095
2151 2094
2151 2093
2151 2092
2151 2091
2152 2090
2152 2089
2152 2088
2152 2087
2152 2086
2152 2085
2152 2084
2152 2083
2152 2082
2152 2081
2152 2080
2152 2079
2152 2078
2152 2077
2152 2076
2152 2075
2152 2074
2152 2073
2152 2072
2152 2071
2152 2070
2152 2069
2152 2068
2152 2067
2152 2066
2152 2065
2153 2064
2153 2063
2153 2062
2153 2061
2154 2060
2154 2059
2154 2058
2154 2057
2154 2056
2154 2055
2153 2054
2153 2053
2152 2052
2151 2051
2151 2050
2150 2050
2149 2049
2149 2048
2148 2048
2147 2047
2147 2046
2146 2046
2145 2045
2145 2044
2144 2044
2143 2043
2143 2042
2142 2041
2141 2040
2141 2039
2140 2038
2139 2037
2139 2036
2139 2035
2138 2034
2137 2033
2137 2032
2137 2031
2136 2030
2136 2029
2135 2028
2135 2027
2134 2026
2134 2025
2133 2024
2133 2023
2132 2022
2131 2021
2130 2020
2130 2019
2129 2018
2129 2017
2128 2016
2127 2015
2126 2014
2125 2013
2125 2012
2124 2012
2123 2011
2123 2010
2122 2010
2121 2009
2121 2008
2120 2008
2119 2007
2118 2006
2117 2006
2116 2005
2115 2005
2114 2005
2113 2005
2112 2004
2111 2004
2110 2004
2109 2004
2108 2003
2107 2003
2106 2003
2105 2003
2104 2002
2103 2002
2102 2002
2101 2001
2100 2000
2099 2000
2098 2000
2097 1999
2096 1998
2095 1998
2094 1998
2093 1997
2092 1996
2091 1996
2090 1996
2089 1995
2088 1994
2087 1994
2086 1994
2085 1994
2084 1993
2083 1993
2082 1992
2081 1992
2080 1991
2079 1990
2078 1990
2077 1989
2076 1988
2075 1988
2074 1987
2073 1987
2072 1986
2071 1986
2070 1986
2069 1985
2068 1984
2067 1984
2066 1984
2065 1984
2064 1983
2063 1983
2062 1982
2061 1982
2060 1982
2059 1982
2058 1981
2057 1981
2056 1981
2055 1981
2054 1981
2053 1981
2052 1981
2051 1981
2050 1981
2049 1981
2048 1981
2047 1981
2046 1981
2045 1981
2044 1981
2043 1981
2042 1981
2041 1981
2040 1981
2039 1981
2038 1981
2037 1981
2036 1981
2035 1981
2034 1981
2033 1981
2032 1981
2031 1981
2030 1981
2029 1981
2028 1981
2027 1981
2026 1981
2025 1981
2024 1981
2023 1981
2022 1981
2021 1981
2020 1981
2019 1981
2018 1981
2017 1981
2016 1981
2015 1981
2014 1981
2013 1981
2012 1981
2011 1981
2010 1981
2009 1981
2008 1981
2007 1981
2006 1981
2005 1981
2004 1981
2003 1981
2002 1980
2001 1980
2000 1980
1999 1980
1998 1979
1997 1979
1996 1979
1995 1979
1994 1979
1993 1979
1992 1979
1991 1979
1990 1979
1989 1979
1988 1979
1987 1979
1986 1979
1985 1979
1984 1979
1983 1979
1982 1979
1981 1979
1980 1979
1979 1979
1978 1979
1977 1979
1976 1979
1975 1979
1974 1979
1973 1979
1972 1979
1971 1979
1970 1979
1969 1979
1968 1979
1967 1979
1966 1979
1965 1979
