861 4527
860 4528
859 4528
858 4528
857 4528
856 4529
855 4529
854 4530
853 4530
852 4530
851 4530
850 4531
849 4531
848 4532
847 4532
846 4532
845 4532
844 4533
843 4534
842 4534
841 4534
840 4535
839 4536
838 4537
837 4537
836 4538
835 4538
834 4539
833 4539
832 4539
831 4539
830 4539
829 4539
828 4539
827 4539
826 4539
825 4539
824 4539
823 4539
822 4539
821 4539
820 4539
819 4539
818 4539
817 4539
816 4539
815 4539
814 4539
813 4539
812 4539
811 4539
810 4538
809 4538
808 4538
807 4538
806 4537
805 4537
804 4537
803 4537
802 4537
801 4537
800 4538
799 4538
798 4538
797 4538
796 4539
795 4540
794 4540
793 4540
792 4541
791 4542
790 4543
789 4544
788 4544
788 4545
787 4546
786 4546
786 4547
785 4548
784 4548
784 4549
783 4550
782 4550
782 4551
781 4552
780 4552
780 4553
779 4554
778 4554
778 4555
777 4556
776 4556
776 4557
775 4558
774 4559
774 4560
773 4561
773 4562
772 4563
772 4564
771 4565
771 4566
770 4567
769 4568
768 4569
768 4570
768 4571
768 4572
767 4573
767 4574
767 4575
767 4576
767 4577
767 4578
767 4579
767 4580
768 4581
768 4582
769 4583
770 4584
771 4585
772 4585
773 4585
774 4585
775 4586
776 4586
777 4587
778 4587
779 4587
780 4587
781 4588
782 4588
783 4589
784 4589
785 4589
786 4589
787 4590
788 4590
789 4590
790 4590
791 4590
792 4590
793 4590
794 4590
795 4590
796 4590
797 4590
798 4590
799 4590
800 4590
801 4590
802 4590
803 4591
804 4591
805 4592
806 4592
807 4593
808 4594
809 4595
810 4595
811 4595
812 4595
813 4596
814 4596
815 4596
816 4596
817 4596
818 4596
819 4597
820 4597
821 4597
822 4597
823 4598
824 4598
825 4598
826 4598
827 4598
828 4598
829 4598
830 4598
831 4598
832 4598
833 4598
834 4598
835 4598
836 4598
837 4598
838 4598
839 4598
840 4598
841 4598
842 4598
843 4598
844 4598
845 4598
846 4598
847 4598
848 4598
849 4598
850 4598
851 4598
852 4598
853 4598
854 4598
855 4598
856 4598
857 4598
858 4598
859 4598
860 4598
861 4598
862 4598
863 4598
864 4598
865 4598
866 4598
867 4598
868 4598
869 4598
870 4598
871 4598
872 4598
873 4598
874 4598
875 4598
876 4598
877 4598
878 4598
879 4598
880 4598
881 4598
882 4598
883 4597
884 4597
885 4597
886 4597
887 4596
888 4596
889 4596
890 4596
891 4596
892 4596
893 4596
894 4596
895 4596
896 4596
897 4597
898 4597
899 4597
900 4597
901 4598
902 4598
903 4598
904 4598
905 4599
906 4599
907 4599
908 4599
909 4600
910 4600
911 4600
912 4600
913 4600
914 4600
915 4600
916 4600
917 4600
918 4600
919 4600
920 4600
921 4600
922 4600
923 4600
924 4600
925 4599
926 4599
927 4599
928 4599
929 4598
930 4598
931 4598
932 4598
933 4597
934 4597
935 4596
936 4595
937 4595
937 4594
938 4593
939 4593
939 4592
940 4591
941 4591
941 4590
942 4589
943 4589
943 4588
944 4587
945 4587
945 4586
946 4585
947 4585
947 4584
948 4583
949 4582
949 4581
950 4580
950 4579
951 4578
951 4577
951 4576
951 4575
952 4574
952 4573
952 4572
952 4571
952 4570
952 4569
952 4568
952 4567
951 4566
951 4565
951 4564
951 4563
950 4562
949 4561
949 4560
949 4559
948 4558
948 4557
947 4556
947 4555
947 4554
947 4553
946 4552
946 4551
945 4550
945 4549
945 4548
945 4547
944 4546
943 4545
942 4544
941 4543
941 4542
940 4542
939 4541
939 4540
938 4540
937 4539
937 4538
936 4538
935 4537
935 4536
934 4536
933 4535
933 4534
932 4534
931 4533
930 4532
929 4532
928 4531
927 4531
926 4531
925 4531
924 4531
923 4531
922 4532
921 4532
920 4532
919 4532
918 4533
917 4533
916 4533
915 4533
914 4533
913 4533
912 4533
911 4533
910 4533
909 4533
908 4533
907 4533
906 4533
905 4533
904 4532
903 4532
902 4531
901 4530
900 4530
899 4529
898 4528
897 4528
896 4527
895 4527
894 4527
893 4527
892 4527
891 4527
890 4527
889 4527
888 4527
887 4527
886 4527
885 4527
884 4527
883 4527
882 4527
881 4527
880 4527
879 4527
878 4527
877 4527
876 4527
875 4527
874 4527
873 4527
872 4527
871 4527
870 4527
869 4527
868 4527
867 4527
866 4527
865 4527
864 4527
863 4527
862 4527
861 4527
