1913 2627
1912 2628
1911 2628
1910 2628
1909 2628
1908 2629
1907 2629
1906 2629
1905 2629
1904 2629
1903 2629
1902 2629
1901 2629
1900 2629
1899 2629
1898 2630
1897 2630
1896 2630
1895 2630
1894 2631
1893 2631
1892 2631
1891 2631
1890 2631
1889 2631
1888 2631
1887 2631
1886 2632
1885 2632
1884 2632
1883 2632
1882 2633
1881 2633
1880 2633
1879 2633
1878 2634
1877 2634
1876 2634
1875 2634
1874 2635
1873 2636
1872 2636
1871 2636
1870 2637
1869 2637
1868 2637
1867 2637
1866 2638
1865 2638
1864 2639
1863 2639
1862 2640
1861 2640
1860 2641
1859 2641
1858 2642
1857 2642
1856 2642
1855 2642
1854 2643
1853 2643
1852 2644
1851 2644
1850 2644
1849 2644
1848 2645
1847 2645
1846 2646
1845 2646
1844 2646
1843 2646
1842 2647
1841 2647
1840 2647
1839 2647
1838 2648
1837 2648
1836 2648
1835 2648
1834 2649
1833 2649
1832 2650
1831 2650
1830 2650
1829 2650
1828 2651
1827 2651
1826 2651
1825 2651
1824 2651
1823 2651
1822 2652
1821 2652
1820 2653
1819 2654
1818 2654
1818 2655
1817 2656
1816 2656
1816 2657
1815 2658
1814 2658
1814 2659
1813 2660
1812 2660
1812 2661
1811 2662
1810 2662
1809 2663
1808 2664
1807 2664
1806 2665
1805 2665
1804 2665
1803 2665
1802 2665
1801 2665
1800 2666
1799 2666
1798 2666
1797 2666
1796 2667
1795 2667
1794 2668
1793 2668
1792 2669
1791 2670
1790 2670
1790 2671
1789 2672
1788 2672
1788 2673
1787 2674
1786 2674
1786 2675
1785 2676
1784 2676
1784 2677
1783 2678
1782 2678
1782 2679
1781 2680
1780 2680
1779 2681
1778 2682
1777 2682
1776 2683
1775 2684
1774 2685
1773 2686
1772 2686
1772 2687
1771 2688
1770 2689
1770 2690
1769 2691
1769 2692
1769 2693
1769 2694
1769 2695
1769 2696
1769 2697
1769 2698
1769 2699
1769 2700
1770 2701
1770 2702
1771 2703
1772 2704
1772 2705
1773 2705
1774 2706
1774 2707
1775 2707
1776 2708
1776 2709
1777 2709
1778 2710
1779 2711
1780 2711
1781 2712
1782 2712
1783 2712
1784 2712
1785 2712
1786 2712
1787 2712
1788 2712
1789 2713
1790 2713
1791 2713
1792 2713
1793 2714
1794 2714
1795 2714
1796 2714
1797 2714
1798 2714
1799 2715
1800 2715
1801 2715
1802 2715
1803 2716
1804 2716
1805 2716
1806 2716
1807 2717
1808 2717
1809 2717
1810 2717
1811 2718
1812 2718
1813 2718
1814 2718
1815 2718
1816 2718
1817 2719
1818 2719
1819 2719
1820 2719
1821 2720
1822 2720
1823 2720
1824 2720
1825 2720
1826 2720
1827 2721
1828 2721
1829 2721
1830 2721
1831 2722
1832 2722
1833 2722
1834 2722
1835 2723
1836 2723
1837 2723
1838 2723
1839 2724
1840 2724
1841 2725
1842 2725
1843 2725
1844 2726
1845 2727
1846 2727
1847 2727
1848 2727
1849 2728
1850 2728
1851 2728
1852 2728
1853 2728
1854 2728
1855 2728
1856 2728
1857 2729
1858 2729
1859 2729
1860 2730
1861 2731
1862 2731
1863 2731
1864 2732
1865 2733
1866 2733
1867 2733
1868 2734
1869 2735
1870 2735
1871 2735
1872 2735
1873 2736
1874 2736
1875 2736
1876 2736
1877 2736
1878 2736
1879 2736
1880 2736
1881 2736
1882 2736
1883 2736
1884 2736
1885 2736
1886 2736
1887 2736
1888 2736
1889 2736
1890 2736
1891 2736
1892 2736
1893 2736
1894 2736
1895 2736
1896 2736
1897 2736
1898 2736
1899 2736
1900 2736
1901 2736
1902 2736
1903 2736
1904 2736
1905 2736
1906 2736
1907 2736
1908 2736
1909 2736
1910 2736
1911 2735
1912 2735
1913 2735
1914 2735
1915 2734
1916 2734
1917 2734
1918 2734
1919 2733
1920 2733
1921 2733
1922 2733
1923 2732
1924 2732
1925 2731
1926 2731
1927 2731
1928 2731
1929 2730
1930 2729
1931 2729
1932 2729
1933 2728
1934 2727
1935 2727
1936 2727
1937 2726
1938 2726
1939 2726
1940 2726
1941 2725
1942 2725
1943 2725
1944 2725
1945 2724
1946 2724
1947 2723
1948 2723
1949 2723
1950 2723
1951 2722
1952 2722
1953 2722
1954 2722
1955 2721
1956 2721
1957 2721
1958 2721
1959 2720
1960 2720
1961 2719
1962 2719
1963 2719
1964 2719
1965 2718
1966 2718
1967 2718
1968 2718
1969 2718
1970 2718
1971 2717
1972 2717
1973 2717
1974 2717
1975 2716
1976 2715
1977 2715
1978 2715
1979 2714
1980 2714
1981 2714
1982 2714
1983 2713
1984 2713
1985 2713
1986 2713
1987 2712
1988 2712
1989 2712
1990 2712
1991 2712
1992 2712
1993 2712
1994 2712
1995 2712
1996 2712
1997 2711
1998 2711
1999 2711
2000 2711
2001 2710
2002 2709
2003 2708
2004 2708
2005 2707
2006 2707
2007 2706
2008 2706
2009 2705
2010 2705
2011 2704
2012 2704
2013 2703
2014 2703
2015 2702
2016 2701
2017 2700
2018 2700
2019 2699
2020 2699
2021 2698
2022 2698
2023 2697
2024 2697
2025 2697
2026 2697
2027 2696
2028 2695
2029 2694
2030 2693
2031 2692
2031 2691
2031 2690
2031 2689
2032 2688
2032 2687
2032 2686
2032 2685
2033 2684
2033 2683
2033 2682
2033 2681
2034 2680
2034 2679
2034 2678
2034 2677
2034 2676
2034 2675
2033 2674
2033 2673
2032 2672
2031 2671
2031 2670
2030 2669
2029 2668
2029 2667
2028 2666
2027 2665
2026 2664
2025 2663
2025 2662
2024 2662
2023 2661
2023 2660
2022 2660
2021 2659
2020 2658
2019 2657
2018 2656
2017 2656
2016 2655
2015 2655
2014 2654
2013 2653
2012 2652
2011 2652
2010 2651
2009 2651
2008 2650
2007 2650
2006 2649
2005 2649
2004 2649
2003 2649
2002 2648
2001 2648
2000 2648
1999 2648
1998 2647
1997 2647
1996 2647
1995 2647
1994 2647
1993 2647
1992 2646
1991 2646
1990 2646
1989 2645
1988 2644
1987 2644
1986 2644
1985 2644
1984 2643
1983 2643
1982 2643
1981 2643
1980 2643
1979 2643
1978 2642
1977 2642
1976 2641
1975 2641
1974 2640
1973 2640
1972 2639
1971 2639
1970 2639
1969 2639
1968 2638
1967 2638
1966 2638
1965 2638
1964 2637
1963 2637
1962 2637
1961 2637
1960 2636
1959 2636
1958 2636
1957 2635
1956 2634
1955 2634
1954 2634
1953 2633
1952 2632
1951 2632
1950 2631
1949 2631
1948 2630
1947 2630
1946 2629
1945 2629
1944 2628
1943 2628
1942 2628
1941 2628
1940 2627
1939 2627
1938 2628
1937 2628
1936 2628
1935 2628
1934 2629
1933 2629
1932 2629
1931 2629
1930 2629
1929 2629
1928 2629
1927 2629
1926 2629
1925 2629
1924 2629
1923 2629
1922 2628
1921 2628
1920 2628
1919 2628
1918 2627
1917 2627
1916 2627
1915 2627
1914 2627
1913 2627
