1477 1969
1476 1970
1475 1970
1474 1970
1473 1970
1472 1971
1471 1971
1470 1971
1469 1971
1468 1971
1467 1971
1466 1971
1465 1971
1464 1971
1463 1971
1462 1971
1461 1971
1460 1971
1459 1971
1458 1971
1457 1971
1456 1971
1455 1971
1454 1972
1453 1972
1452 1972
1451 1972
1450 1973
1449 1973
1448 1973
1447 1973
1446 1973
1445 1973
1444 1973
1443 1973
1442 1973
1441 1973
1440 1973
1439 1973
1438 1973
1437 1973
1436 1973
1435 1973
1434 1973
1433 1973
1432 1973
1431 1973
1430 1973
1429 1973
1428 1973
1427 1973
1426 1973
1425 1973
1424 1973
1423 1973
1422 1973
1421 1973
1420 1973
1419 1973
1418 1973
1417 1973
1416 1973
1415 1973
1414 1974
1413 1974
1412 1974
1411 1974
1410 1975
1409 1975
1408 1975
1407 1975
1406 1975
1405 1975
1404 1975
1403 1975
1402 1975
1401 1975
1400 1975
1399 1975
1398 1975
1397 1975
1396 1975
1395 1975
1394 1975
1393 1975
1392 1975
1391 1975
1390 1975
1389 1975
1388 1975
1387 1975
1386 1976
1385 1976
1384 1976
1383 1976
1382 1977
1381 1977
1380 1977
1379 1977
1378 1978
1377 1978
1376 1978
1375 1978
1374 1979
1373 1979
1372 1979
1371 1979
1370 1979
1369 1979
1368 1980
1367 1980
1366 1980
1365 1980
1364 1981
1363 1981
1362 1981
1361 1981
1360 1981
1359 1981
1358 1981
1357 1981
1356 1981
1355 1981
1354 1981
1353 1981
1352 1982
1351 1982
1350 1982
1349 1982
1348 1983
1347 1983
1346 1983
1345 1983
1344 1983
1343 1983
1342 1983
1341 1983
1340 1983
1339 1983
1338 1983
1337 1983
1336 1983
1335 1983
1334 1983
1333 1983
1332 1983
1331 1983
1330 1983
1329 1983
1328 1983
1327 1983
1326 1983
1325 1983
1324 1984
1323 1984
1322 1984
1321 1984
1320 1985
1319 1985
1318 1986
1317 1986
1316 1986
1315 1986
1314 1987
1313 1987
1312 1988
1311 1988
1310 1988
1309 1988
1308 1989
1307 1989
1306 1990
1305 1990
1304 1990
1303 1990
1302 1991
1301 1991
1300 1991
1299 1991
1298 1991
1297 1991
1296 1991
1295 1991
1294 1991
1293 1991
1292 1991
1291 1991
1290 1991
1289 1991
1288 1991
1287 1991
1286 1991
1285 1991
1284 1992
1283 1992
1282 1992
1281 1992
1280 1993
1279 1994
1278 1994
1277 1994
1276 1995
1275 1995
1274 1995
1273 1995
1272 1995
1271 1995
1270 1995
1269 1995
1268 1995
1267 1995
1266 1996
1265 1996
1264 1997
1263 1998
1262 1999
1261 2000
1260 2001
1260 2002
1260 2003
1260 2004
1259 2005
1259 2006
1258 2007
1258 2008
1258 2009
1257 2010
1256 2011
1256 2012
1255 2013
1254 2014
1253 2015
1252 2016
1251 2016
1250 2017
1249 2018
1248 2018
1247 2018
1246 2019
1245 2019
1244 2019
1243 2019
1242 2019
1241 2019
1240 2019
1239 2019
1238 2019
1237 2019
1236 2020
1235 2020
1234 2021
1233 2022
1232 2022
1231 2023
1230 2024
1229 2024
1228 2025
1227 2025
1226 2025
1225 2025
1224 2025
1223 2025
1222 2026
1221 2026
1220 2027
1219 2028
1218 2028
1218 2029
1217 2030
1216 2030
1216 2031
1215 2032
1214 2033
1214 2034
1213 2035
1213 2036
1213 2037
1213 2038
1213 2039
1213 2040
1213 2041
1213 2042
1213 2043
1213 2044
1214 2045
1214 2046
1214 2047
1214 2048
1215 2049
1215 2050
1215 2051
1215 2052
1215 2053
1215 2054
1215 2055
1215 2056
1215 2057
1215 2058
1215 2059
1215 2060
1215 2061
1215 2062
1216 2063
1216 2064
1216 2065
1216 2066
1217 2067
1218 2068
1219 2069
1219 2070
1220 2071
1220 2072
1221 2073
1221 2074
1222 2075
1222 2076
1223 2077
1224 2077
1225 2078
1226 2078
1227 2079
1228 2079
1229 2080
1230 2081
1231 2081
1232 2082
1233 2083
1234 2083
1235 2084
1236 2084
1237 2085
1238 2085
1239 2085
1240 2086
1241 2087
1242 2087
1243 2087
1244 2087
1245 2088
1246 2088
1247 2089
1248 2089
1249 2089
1250 2090
1251 2091
1252 2091
1253 2091
1254 2092
1255 2093
1256 2093
1257 2093
1258 2094
1259 2095
1260 2095
1261 2095
1262 2096
1263 2097
1264 2097
1265 2097
1266 2098
1267 2099
1268 2099
1269 2099
1270 2100
1271 2101
1272 2101
1273 2101
1274 2102
1275 2103
1276 2103
1277 2103
1278 2103
1279 2104
1280 2104
1281 2104
1282 2104
1283 2105
1284 2105
1285 2106
1286 2106
1287 2107
1288 2107
1289 2108
1290 2108
1291 2109
1292 2109
1293 2109
1294 2109
1295 2110
1296 2110
1297 2111
1298 2111
1299 2111
1300 2111
1301 2112
1302 2112
1303 2112
1304 2112
1305 2112
1306 2112
1307 2112
1308 2112
1309 2112
1310 2112
1311 2112
1312 2112
1313 2112
1314 2112
1315 2111
1316 2111
1317 2111
1318 2111
1319 2110
1320 2110
1321 2110
1322 2110
1323 2110
1324 2110
1325 2110
1326 2110
1327 2110
1328 2110
1329 2111
1330 2111
1331 2111
1332 2111
1333 2112
1334 2112
1335 2112
1336 2112
1337 2112
1338 2112
1339 2112
1340 2112
1341 2112
1342 2112
1343 2113
1344 2113
1345 2113
1346 2113
1347 2114
1348 2114
1349 2114
1350 2114
1351 2114
1352 2114
1353 2114
1354 2114
1355 2115
1356 2115
1357 2115
1358 2115
1359 2116
1360 2116
1361 2116
1362 2116
1363 2116
1364 2116
1365 2116
1366 2116
1367 2116
1368 2116
1369 2116
1370 2116
1371 2116
1372 2116
1373 2116
1374 2116
1375 2116
1376 2116
1377 2116
1378 2116
1379 2116
1380 2116
1381 2116
1382 2116
1383 2116
1384 2116
1385 2116
1386 2116
1387 2116
1388 2116
1389 2116
1390 2116
1391 2116
1392 2116
1393 2116
1394 2116
1395 2116
1396 2116
1397 2116
1398 2116
1399 2116
1400 2116
1401 2116
1402 2116
1403 2116
1404 2116
1405 2117
1406 2117
1407 2117
1408 2117
1409 2118
1410 2118
1411 2118
1412 2118
1413 2119
1414 2119
1415 2119
1416 2119
1417 2120
1418 2120
1419 2120
1420 2120
1421 2120
1422 2120
1423 2120
1424 2120
1425 2121
1426 2121
1427 2121
1428 2122
1429 2123
1430 2123
1431 2123
1432 2123
1433 2124
1434 2124
1435 2125
1436 2125
1437 2125
1438 2125
1439 2126
1440 2126
1441 2127
1442 2127
1443 2127
1444 2127
1445 2128
1446 2128
1447 2129
1448 2129
1449 2129
1450 2130
1451 2131
1452 2131
1453 2131
1454 2131
1455 2132
1456 2132
1457 2132
1458 2132
1459 2133
1460 2133
1461 2134
1462 2134
1463 2135
1464 2136
1465 2137
1466 2137
1467 2137
1468 2137
1469 2138
1470 2138
1471 2139
1472 2139
1473 2139
1474 2139
1475 2140
1476 2140
1477 2140
1478 2140
1479 2141
1480 2141
1481 2141
1482 2142
1483 2143
1484 2143
1485 2143
1486 2144
1487 2145
1488 2145
1489 2146
1490 2147
1491 2147
1492 2148
1493 2149
1494 2150
1495 2151
1496 2151
1497 2151
1498 2152
1499 2153
1500 2153
1501 2153
1502 2153
1503 2154
1504 2154
1505 2154
1506 2154
1507 2154
1508 2154
1509 2154
1510 2154
1511 2154
1512 2154
1513 2154
1514 2154
1515 2154
1516 2154
1517 2154
1518 2154
1519 2154
1520 2154
1521 2154
1522 2154
1523 2154
1524 2154
1525 2154
1526 2154
1527 2153
1528 2153
1529 2152
1530 2151
1531 2151
1531 2150
1532 2149
1533 2149
1533 2148
1534 2147
1535 2147
1535 2146
1536 2145
1537 2145
1538 2144
1539 2143
1540 2143
1541 2142
1542 2142
1543 2141
1544 2141
1545 2141
1546 2141
1547 2140
1548 2139
1549 2138
1550 2138
1551 2137
1552 2137
1553 2136
1554 2136
1555 2136
1556 2136
1557 2135
1558 2135
1559 2135
1560 2135
1561 2134
1562 2133
1563 2133
1564 2133
1565 2132
1566 2132
1567 2131
1568 2131
1569 2131
1570 2131
1571 2130
1572 2130
1573 2130
1574 2130
1575 2130
1576 2130
1577 2130
1578 2130
1579 2130
1580 2130
1581 2129
1582 2129
1583 2129
1584 2129
1585 2128
1586 2127
1587 2126
1588 2126
1589 2125
1590 2125
1591 2124
1592 2123
1593 2122
1594 2121
1595 2120
1596 2119
1597 2118
1597 2117
1597 2116
1598 2115
1599 2114
1599 2113
1599 2112
1599 2111
1600 2110
1600 2109
1600 2108
1600 2107
1601 2106
1601 2105
1601 2104
1601 2103
1602 2102
1602 2101
1602 2100
1602 2099
1603 2098
1603 2097
1603 2096
1604 2095
1605 2094
1605 2093
1605 2092
1605 2091
1606 2090
1606 2089
1607 2088
1607 2087
1608 2086
1608 2085
1609 2084
1609 2083
1610 2082
1610 2081
1610 2080
1610 2079
1610 2078
1610 2077
1610 2076
1610 2075
1610 2074
1610 2073
1611 2072
1611 2071
1611 2070
1612 2069
1613 2068
1613 2067
1614 2066
1615 2065
1615 2064
1616 2063
1617 2062
1617 2061
1618 2060
1618 2059
1618 2058
1618 2057
1618 2056
1618 2055
1617 2054
1617 2053
1617 2052
1617 2051
1616 2050
1616 2049
1616 2048
1616 2047
1616 2046
1616 2045
1616 2044
1616 2043
1616 2042
1616 2041
1616 2040
1616 2039
1616 2038
1616 2037
1616 2036
1616 2035
1616 2034
1616 2033
1617 2032
1617 2031
1617 2030
1617 2029
1618 2028
1618 2027
1618 2026
1618 2025
1618 2024
1618 2023
1618 2022
1618 2021
1618 2020
1618 2019
1618 2018
1618 2017
1618 2016
1618 2015
1618 2014
1618 2013
1618 2012
1618 2011
1618 2010
1618 2009
1618 2008
1618 2007
1618 2006
1618 2005
1618 2004
1618 2003
1618 2002
1618 2001
1618 2000
1618 1999
1617 1998
1617 1997
1616 1996
1615 1995
1614 1994
1613 1994
1612 1993
1611 1993
1610 1992
1609 1992
1608 1992
1607 1992
1606 1991
1605 1991
1604 1991
1603 1991
1602 1990
1601 1990
1600 1990
1599 1990
1598 1989
1597 1989
1596 1988
1595 1988
1594 1988
1593 1988
1592 1987
1591 1987
1590 1986
1589 1986
1588 1985
1587 1984
1586 1984
1585 1983
1584 1982
1583 1982
1582 1981
1581 1981
1580 1980
1579 1980
1578 1980
1577 1980
1576 1979
1575 1979
1574 1979
1573 1979
1572 1979
1571 1979
1570 1979
1569 1979
1568 1979
1567 1979
1566 1979
1565 1979
1564 1979
1563 1979
1562 1979
1561 1979
1560 1979
1559 1979
1558 1979
1557 1979
1556 1979
1555 1979
1554 1978
1553 1978
1552 1978
1551 1978
1550 1977
1549 1977
1548 1976
1547 1976
1546 1976
1545 1976
1544 1975
1543 1975
1542 1975
1541 1975
1540 1974
1539 1974
1538 1974
1537 1974
1536 1973
1535 1973
1534 1972
1533 1972
1532 1972
1531 1972
1530 1971
1529 1971
1528 1971
1527 1971
1526 1971
1525 1971
1524 1971
1523 1971
1522 1971
1521 1971
1520 1971
1519 1971
1518 1971
1517 1971
1516 1971
1515 1971
1514 1971
1513 1971
1512 1971
1511 1971
1510 1971
1509 1971
1508 1971
1507 1971
1506 1971
1505 1971
1504 1971
1503 1971
1502 1971
1501 1971
1500 1971
1499 1971
1498 1971
1497 1971
1496 1971
1495 1971
1494 1971
1493 1971
1492 1971
1491 1971
1490 1971
1489 1971
1488 1970
1487 1970
1486 1970
1485 1970
1484 1969
1483 1969
1482 1969
1481 1969
1480 1969
1479 1969
1478 1969
1477 1969
