1439 3625
1438 3626
1437 3626
1436 3626
1435 3626
1434 3627
1433 3627
1432 3627
1431 3627
1430 3627
1429 3627
1428 3627
1427 3627
1426 3627
1425 3627
1424 3627
1423 3627
1422 3627
1421 3627
1420 3627
1419 3627
1418 3627
1417 3627
1416 3627
1415 3627
1414 3627
1413 3627
1412 3627
1411 3627
1410 3627
1409 3627
1408 3627
1407 3627
1406 3628
1405 3628
1404 3628
1403 3628
1402 3629
1401 3629
1400 3629
1399 3629
1398 3629
1397 3629
1396 3629
1395 3629
1394 3629
1393 3629
1392 3629
1391 3629
1390 3629
1389 3629
1388 3629
1387 3629
1386 3630
1385 3630
1384 3630
1383 3630
1382 3631
1381 3631
1380 3631
1379 3631
1378 3631
1377 3631
1376 3631
1375 3631
1374 3631
1373 3631
1372 3631
1371 3631
1370 3631
1369 3631
1368 3631
1367 3631
1366 3631
1365 3631
1364 3631
1363 3631
1362 3631
1361 3631
1360 3631
1359 3631
1358 3630
1357 3630
1356 3630
1355 3630
1354 3629
1353 3629
1352 3629
1351 3629
1350 3629
1349 3629
1348 3629
1347 3629
1346 3629
1345 3629
1344 3629
1343 3629
1342 3630
1341 3631
1340 3631
1339 3632
1338 3633
1337 3633
1336 3633
1335 3633
1334 3632
1333 3632
1332 3632
1331 3632
1330 3631
1329 3631
1328 3631
1327 3631
1326 3631
1325 3631
1324 3631
1323 3631
1322 3632
1321 3632
1320 3632
1319 3632
1318 3633
1317 3633
1316 3633
1315 3633
1314 3633
1313 3633
1312 3633
1311 3633
1310 3633
1309 3633
1308 3633
1307 3633
1306 3633
1305 3633
1304 3633
1303 3633
1302 3633
1301 3633
1300 3633
1299 3633
1298 3633
1297 3633
1296 3633
1295 3633
1294 3633
1293 3633
1292 3634
1291 3634
1290 3635
1289 3636
1288 3636
1287 3637
1286 3638
1285 3638
1284 3639
1283 3639
1282 3639
1281 3639
1280 3639
1279 3639
1278 3639
1277 3639
1276 3640
1275 3640
1274 3640
1273 3640
1272 3641
1271 3641
1270 3641
1269 3641
1268 3641
1267 3641
1266 3641
1265 3641
1264 3641
1263 3641
1262 3641
1261 3641
1260 3641
1259 3641
1258 3641
1257 3641
1256 3641
1255 3641
1254 3641
1253 3641
1252 3640
1251 3640
1250 3640
1249 3639
1248 3638
1247 3638
1246 3637
1245 3637
1244 3636
1243 3636
1242 3635
1241 3635
1240 3635
1239 3635
1238 3635
1237 3635
1236 3635
1235 3635
1234 3635
1233 3635
1232 3635
1231 3635
1230 3635
1229 3635
1228 3635
1227 3635
1226 3635
1225 3635
1224 3635
1223 3635
1222 3634
1221 3634
1220 3634
1219 3634
1218 3633
1217 3633
1216 3633
1215 3633
1214 3632
1213 3632
1212 3632
1211 3632
1210 3631
1209 3631
1208 3631
1207 3631
1206 3631
1205 3631
1204 3632
1203 3632
1202 3632
1201 3632
1200 3633
1199 3633
1198 3633
1197 3633
1196 3633
1195 3633
1194 3634
1193 3635
1192 3635
1191 3636
1190 3637
1189 3637
1188 3637
1187 3637
1186 3636
1185 3636
1184 3636
1183 3636
1182 3635
1181 3635
1180 3635
1179 3635
1178 3635
1177 3635
1176 3635
1175 3635
1174 3635
1173 3635
1172 3635
1171 3635
1170 3635
1169 3635
1168 3636
1167 3637
1166 3637
1165 3638
1164 3639
1163 3639
1162 3639
1161 3639
1160 3639
1159 3639
1158 3639
1157 3639
1156 3639
1155 3639
1154 3639
1153 3639
1152 3640
1151 3640
1150 3641
1149 3642
1148 3643
1148 3644
1147 3645
1147 3646
1147 3647
1147 3648
1147 3649
1147 3650
1147 3651
1147 3652
1147 3653
1147 3654
1147 3655
1147 3656
1147 3657
1147 3658
1148 3659
1148 3660
1149 3661
1150 3662
1151 3663
1152 3664
1153 3665
1154 3665
1155 3665
1156 3665
1157 3666
1158 3666
1159 3667
1160 3667
1161 3668
1162 3668
1163 3669
1164 3669
1165 3670
1166 3670
1167 3670
1168 3670
1169 3671
1170 3671
1171 3671
1172 3672
1173 3673
1174 3673
1175 3673
1176 3673
1177 3674
1178 3674
1179 3675
1180 3675
1181 3675
1182 3676
1183 3677
1184 3677
1185 3677
1186 3677
1187 3678
1188 3678
1189 3678
1190 3678
1191 3679
1192 3679
1193 3679
1194 3680
1195 3681
1196 3681
1197 3681
1198 3681
1199 3682
1200 3682
1201 3682
1202 3682
1203 3682
1204 3682
1205 3683
1206 3683
1207 3683
1208 3683
1209 3684
1210 3684
1211 3685
1212 3685
1213 3686
1214 3686
1215 3687
1216 3687
1217 3688
1218 3688
1219 3689
1220 3689
1221 3689
1222 3689
1223 3690
1224 3690
1225 3690
1226 3690
1227 3691
1228 3691
1229 3691
1230 3691
1231 3692
1232 3692
1233 3693
1234 3693
1235 3693
1236 3693
1237 3694
1238 3694
1239 3695
1240 3695
1241 3695
1242 3695
1243 3696
1244 3696
1245 3697
1246 3697
1247 3697
1248 3697
1249 3698
1250 3698
1251 3699
1252 3699
1253 3699
1254 3700
1255 3701
1256 3701
1257 3701
1258 3701
1259 3702
1260 3702
1261 3703
1262 3703
1263 3703
1264 3704
1265 3705
1266 3705
1267 3705
1268 3705
1269 3706
1270 3706
1271 3706
1272 3706
1273 3706
1274 3706
1275 3706
1276 3706
1277 3706
1278 3706
1279 3706
1280 3706
1281 3706
1282 3706
1283 3706
1284 3706
1285 3706
1286 3706
1287 3706
1288 3706
1289 3706
1290 3706
1291 3706
1292 3706
1293 3706
1294 3706
1295 3706
1296 3706
1297 3707
1298 3707
1299 3708
1300 3709
1301 3709
1302 3710
1302 3711
1303 3711
1304 3712
1305 3713
1306 3713
1307 3714
1308 3714
1309 3714
1310 3714
1311 3714
1312 3714
1313 3715
1314 3715
1315 3716
1316 3717
1317 3717
1318 3718
1319 3719
1320 3719
1321 3720
1322 3720
1323 3721
1324 3721
1325 3721
1326 3721
1327 3722
1328 3722
1329 3722
1330 3722
1331 3722
1332 3722
1333 3722
1334 3722
1335 3722
1336 3722
1337 3722
1338 3722
1339 3723
1340 3723
1341 3723
1342 3723
1343 3724
1344 3724
1345 3724
1346 3724
1347 3724
1348 3724
1349 3725
1350 3725
1351 3725
1352 3725
1353 3726
1354 3726
1355 3726
1356 3726
1357 3726
1358 3726
1359 3726
1360 3726
1361 3726
1362 3726
1363 3726
1364 3726
1365 3727
1366 3727
1367 3727
1368 3727
1369 3728
1370 3728
1371 3728
1372 3728
1373 3728
1374 3728
1375 3728
1376 3728
1377 3728
1378 3728
1379 3728
1380 3728
1381 3728
1382 3728
1383 3728
1384 3728
1385 3728
1386 3728
1387 3728
1388 3728
1389 3728
1390 3728
1391 3728
1392 3728
1393 3728
1394 3728
1395 3729
1396 3729
1397 3729
1398 3729
1399 3730
1400 3730
1401 3730
1402 3730
1403 3730
1404 3730
1405 3730
1406 3730
1407 3731
1408 3731
1409 3731
1410 3731
1411 3732
1412 3732
1413 3732
1414 3732
1415 3732
1416 3732
1417 3732
1418 3732
1419 3732
1420 3732
1421 3732
1422 3732
1423 3732
1424 3732
1425 3733
1426 3733
1427 3733
1428 3733
1429 3734
1430 3734
1431 3734
1432 3734
1433 3734
1434 3734
1435 3735
1436 3735
1437 3735
1438 3735
1439 3736
1440 3736
1441 3737
1442 3737
1443 3737
1444 3737
1445 3738
1446 3738
1447 3738
1448 3738
1449 3738
1450 3738
1451 3738
1452 3738
1453 3738
1454 3738
1455 3738
1456 3738
1457 3738
1458 3738
1459 3738
1460 3738
1461 3738
1462 3738
1463 3738
1464 3738
1465 3737
1466 3737
1467 3737
1468 3737
1469 3736
1470 3736
1471 3735
1472 3735
1473 3735
1474 3735
1475 3734
1476 3734
1477 3734
1478 3734
1479 3734
1480 3734
1481 3734
1482 3734
1483 3734
1484 3734
1485 3734
1486 3734
1487 3734
1488 3734
1489 3735
1490 3735
1491 3735
1492 3736
1493 3737
1494 3738
1495 3739
1495 3740
1495 3741
1495 3742
1496 3742
1497 3741
1498 3741
1499 3740
1500 3739
1501 3738
1502 3737
1503 3736
1503 3735
1504 3734
1505 3733
1505 3732
1506 3731
1507 3731
1507 3730
1508 3729
1509 3729
1509 3728
1510 3727
1511 3727
1511 3726
1512 3725
1513 3725
1513 3724
1514 3723
1515 3722
1516 3721
1517 3720
1517 3719
1518 3718
1519 3717
1519 3716
1520 3715
1521 3715
1522 3714
1523 3713
1524 3713
1525 3712
1526 3712
1527 3712
1528 3712
1529 3711
1530 3711
1531 3710
1532 3709
1533 3708
1534 3707
1535 3708
1536 3709
1537 3710
1538 3711
1539 3711
1540 3711
1541 3712
1542 3712
1543 3712
1544 3712
1545 3712
1546 3712
1547 3712
1548 3712
1549 3712
1550 3712
1551 3712
1552 3712
1553 3711
1554 3711
1555 3710
1556 3709
1557 3709
1557 3708
1558 3707
1559 3707
1559 3706
1560 3705
1561 3705
1561 3704
1562 3703
1563 3703
1564 3702
1565 3701
1566 3701
1567 3700
1568 3699
1569 3698
1570 3697
1571 3697
1571 3696
1572 3695
1573 3695
1573 3694
1574 3693
1575 3692
1576 3691
1577 3690
1577 3689
1578 3688
1579 3687
1579 3686
1580 3685
1581 3685
1581 3684
1582 3683
1583 3683
1583 3682
1584 3681
1585 3680
1585 3679
1586 3678
1586 3677
1586 3676
1586 3675
1586 3674
1586 3673
1586 3672
1586 3671
1586 3670
1586 3669
1586 3668
1586 3667
1586 3666
1586 3665
1585 3664
1585 3663
1585 3662
1584 3661
1583 3660
1582 3659
1581 3659
1580 3659
1579 3659
1578 3658
1577 3657
1576 3656
1575 3655
1575 3654
1575 3653
1574 3652
1574 3651
1574 3650
1574 3649
1574 3648
1574 3647
1575 3646
1575 3645
1576 3644
1576 3643
1577 3642
1577 3641
1577 3640
1577 3639
1577 3638
1577 3637
1576 3636
1576 3635
1575 3634
1575 3633
1574 3632
1573 3632
1572 3631
1571 3631
1570 3631
1569 3631
1568 3631
1567 3631
1566 3631
1565 3631
1564 3630
1563 3630
1562 3630
1561 3630
1560 3629
1559 3629
1558 3629
1557 3629
1556 3629
1555 3629
1554 3629
1553 3629
1552 3629
1551 3629
1550 3629
1549 3629
1548 3629
1547 3629
1546 3628
1545 3628
1544 3628
1543 3628
1542 3628
1541 3628
1540 3628
1539 3628
1538 3629
1537 3629
1536 3630
1535 3630
1534 3631
1533 3632
1532 3632
1531 3632
1530 3632
1529 3632
1528 3632
1527 3632
1526 3632
1525 3631
1524 3630
1523 3630
1522 3629
1521 3629
1520 3629
1519 3629
1518 3629
1517 3629
1516 3629
1515 3629
1514 3629
1513 3629
1512 3629
1511 3629
1510 3629
1509 3629
1508 3629
1507 3629
1506 3629
1505 3629
1504 3629
1503 3629
1502 3630
1501 3630
1500 3631
1499 3631
1498 3632
1497 3632
1496 3632
1495 3632
1494 3633
1493 3633
1492 3632
1491 3633
1490 3634
1489 3635
1488 3635
1487 3636
1486 3637
1485 3637
1484 3636
1483 3636
1482 3635
1481 3634
1480 3634
1479 3633
1479 3632
1478 3632
1477 3631
1477 3630
1476 3630
1475 3629
1474 3628
1473 3628
1472 3627
1471 3627
1470 3627
1469 3627
1468 3627
1467 3627
1466 3627
1465 3627
1464 3627
1463 3627
1462 3627
1461 3627
1460 3627
1459 3627
1458 3626
1457 3626
1456 3626
1455 3626
1454 3625
1453 3625
1452 3625
1451 3625
1450 3625
1449 3625
1448 3625
1447 3625
1446 3625
1445 3625
1444 3625
1443 3625
1442 3625
1441 3625
1440 3625
1439 3625
