1113 1607
1112 1608
1111 1608
1110 1609
1109 1609
1108 1610
1107 1610
1106 1611
1105 1611
1104 1611
1103 1611
1102 1611
1101 1611
1100 1611
1099 1611
1098 1611
1097 1611
1096 1612
1095 1612
1094 1613
1093 1613
1092 1614
1091 1614
1090 1615
1089 1616
1088 1616
1087 1616
1086 1617
1085 1618
1084 1619
1083 1619
1082 1620
1081 1620
1080 1621
1079 1622
1078 1622
1077 1622
1076 1623
1075 1624
1074 1625
1073 1625
1072 1626
1071 1626
1070 1627
1069 1628
1068 1629
1067 1629
1066 1630
1065 1630
1064 1631
1063 1632
1062 1633
1061 1633
1060 1634
1059 1634
1058 1635
1057 1636
1056 1636
1055 1636
1054 1637
1053 1638
1052 1639
1051 1640
1050 1640
1050 1641
1049 1642
1048 1642
1048 1643
1047 1644
1046 1644
1046 1645
1045 1646
1044 1646
1044 1647
1043 1648
1042 1648
1041 1649
1040 1650
1039 1650
1038 1651
1037 1652
1036 1653
1035 1654
1034 1654
1034 1655
1033 1656
1032 1656
1032 1657
1031 1658
1030 1658
1030 1659
1029 1660
1028 1660
1028 1661
1027 1662
1026 1662
1026 1663
1025 1664
1024 1664
1024 1665
1023 1666
1022 1666
1022 1667
1021 1668
1020 1668
1020 1669
1019 1670
1018 1670
1018 1671
1017 1672
1016 1673
1016 1674
1015 1675
1015 1676
1015 1677
1015 1678
1015 1679
1015 1680
1015 1681
1015 1682
1015 1683
1015 1684
1015 1685
1015 1686
1015 1687
1015 1688
1015 1689
1015 1690
1015 1691
1015 1692
1015 1693
1015 1694
1015 1695
1015 1696
1015 1697
1015 1698
1015 1699
1015 1700
1015 1701
1015 1702
1015 1703
1015 1704
1016 1705
1016 1706
1017 1707
1018 1708
1018 1709
1019 1709
1020 1710
1020 1711
1021 1711
1022 1712
1023 1713
1024 1713
1025 1714
1026 1714
1027 1713
1028 1713
1029 1713
1030 1713
1031 1712
1032 1712
1033 1712
1034 1712
1035 1712
1036 1712
1037 1712
1038 1712
1039 1712
1040 1712
1041 1712
1042 1712
1043 1712
1044 1712
1045 1712
1046 1712
1047 1712
1048 1712
1049 1712
1050 1712
1051 1712
1052 1712
1053 1712
1054 1712
1055 1712
1056 1712
1057 1712
1058 1712
1059 1712
1060 1712
1061 1712
1062 1712
1063 1712
1064 1712
1065 1712
1066 1712
1067 1712
1068 1712
1069 1712
1070 1712
1071 1712
1072 1712
1073 1713
1074 1713
1075 1713
1076 1713
1077 1714
1078 1714
1079 1714
1080 1714
1081 1715
1082 1715
1083 1715
1084 1715
1085 1716
1086 1716
1087 1716
1088 1716
1089 1716
1090 1716
1091 1716
1092 1716
1093 1716
1094 1716
1095 1716
1096 1716
1097 1716
1098 1716
1099 1716
1100 1716
1101 1716
1102 1716
1103 1716
1104 1716
1105 1716
1106 1716
1107 1716
1108 1716
1109 1717
1110 1717
1111 1717
1112 1717
1113 1718
1114 1718
1115 1718
1116 1718
1117 1718
1118 1718
1119 1718
1120 1718
1121 1719
1122 1719
1123 1719
1124 1719
1125 1720
1126 1720
1127 1720
1128 1720
1129 1720
1130 1720
1131 1720
1132 1720
1133 1720
1134 1720
1135 1720
1136 1720
1137 1720
1138 1720
1139 1720
1140 1720
1141 1720
1142 1720
1143 1720
1144 1720
1145 1720
1146 1720
1147 1720
1148 1720
1149 1720
1150 1720
1151 1720
1152 1720
1153 1720
1154 1720
1155 1719
1156 1719
1157 1719
1158 1719
1159 1719
1160 1719
1161 1719
1162 1719
1163 1720
1164 1720
1165 1720
1166 1720
1167 1720
1168 1720
1169 1720
1170 1720
1171 1720
1172 1720
1173 1720
1174 1720
1175 1721
1176 1721
1177 1721
1178 1721
1179 1722
1180 1722
1181 1722
1182 1722
1183 1722
1184 1722
1185 1723
1186 1723
1187 1723
1188 1723
1189 1724
1190 1724
1191 1724
1192 1724
1193 1724
1194 1724
1195 1724
1196 1724
1197 1724
1198 1724
1199 1724
1200 1724
1201 1724
1202 1724
1203 1724
1204 1724
1205 1724
1206 1724
1207 1725
1208 1725
1209 1725
1210 1725
1211 1726
1212 1726
1213 1726
1214 1726
1215 1726
1216 1726
1217 1726
1218 1726
1219 1726
1220 1726
1221 1726
1222 1726
1223 1726
1224 1726
1225 1725
1226 1725
1227 1724
1228 1724
1229 1723
1230 1723
1231 1722
1232 1722
1233 1721
1234 1721
1235 1721
1236 1721
1237 1720
1238 1719
1239 1718
1240 1717
1241 1717
1242 1716
1243 1715
1244 1715
1245 1714
1246 1714
1247 1713
1248 1713
1249 1713
1250 1713
1251 1712
1252 1712
1253 1712
1254 1712
1255 1712
1256 1712
1257 1712
1258 1712
1259 1711
1260 1711
1261 1710
1261 1709
1262 1708
1262 1707
1262 1706
1262 1705
1262 1704
1262 1703
1262 1702
1262 1701
1261 1700
1261 1699
1260 1698
1260 1697
1259 1696
1259 1695
1258 1694
1258 1693
1259 1692
1259 1691
1260 1690
1260 1689
1261 1688
1262 1687
1263 1686
1263 1685
1264 1684
1264 1683
1265 1682
1265 1681
1266 1680
1266 1679
1266 1678
1266 1677
1266 1676
1266 1675
1266 1674
1266 1673
1266 1672
1266 1671
1266 1670
1266 1669
1266 1668
1266 1667
1266 1666
1266 1665
1266 1664
1266 1663
1266 1662
1266 1661
1265 1660
1265 1659
1265 1658
1265 1657
1264 1656
1263 1655
1263 1654
1263 1653
1262 1652
1262 1651
1262 1650
1262 1649
1262 1648
1262 1647
1262 1646
1262 1645
1261 1644
1261 1643
1261 1642
1261 1641
1260 1640
1260 1639
1259 1638
1259 1637
1258 1636
1257 1635
1256 1634
1255 1633
1254 1632
1253 1632
1252 1632
1251 1632
1250 1631
1249 1631
1248 1631
1247 1631
1246 1631
1245 1631
1244 1630
1243 1630
1242 1629
1241 1629
1240 1628
1239 1628
1238 1627
1237 1627
1236 1627
1235 1627
1234 1627
1233 1627
1232 1626
1231 1626
1230 1625
1229 1624
1228 1624
1227 1623
1226 1622
1225 1621
1224 1620
1223 1620
1222 1619
1221 1618
1220 1618
1219 1617
1218 1616
1217 1615
1216 1614
1215 1614
1214 1614
1213 1614
1212 1613
1211 1613
1210 1613
1209 1613
1208 1613
1207 1613
1206 1613
1205 1613
1204 1613
1203 1613
1202 1613
1201 1613
1200 1613
1199 1613
1198 1613
1197 1613
1196 1613
1195 1613
1194 1613
1193 1613
1192 1612
1191 1612
1190 1612
1189 1612
1188 1611
1187 1611
1186 1611
1185 1611
1184 1611
1183 1611
1182 1611
1181 1611
1180 1611
1179 1611
1178 1611
1177 1611
1176 1611
1175 1611
1174 1611
1173 1611
1172 1611
1171 1611
1170 1610
1169 1610
1168 1610
1167 1610
1166 1609
1165 1609
1164 1609
1163 1609
1162 1609
1161 1609
1160 1609
1159 1609
1158 1609
1157 1609
1156 1609
1155 1609
1154 1609
1153 1609
1152 1609
1151 1609
1150 1609
1149 1609
1148 1608
1147 1608
1146 1608
1145 1608
1144 1607
1143 1607
1142 1607
1141 1607
1140 1607
1139 1607
1138 1607
1137 1607
1136 1607
1135 1607
1134 1607
1133 1607
1132 1607
1131 1607
1130 1607
1129 1607
1128 1607
1127 1607
1126 1607
1125 1607
1124 1607
1123 1607
1122 1607
1121 1607
1120 1607
1119 1607
1118 1607
1117 1607
1116 1607
1115 1607
1114 1607
1113 1607
