95 4208
94 4209
93 4209
92 4209
91 4209
90 4210
89 4210
88 4211
87 4211
86 4211
85 4211
84 4212
83 4212
82 4213
81 4213
80 4213
79 4213
78 4214
77 4214
76 4215
75 4215
74 4215
73 4215
72 4216
71 4217
70 4218
69 4219
68 4220
68 4221
67 4222
67 4223
67 4224
67 4225
67 4226
67 4227
67 4228
67 4229
67 4230
67 4231
67 4232
67 4233
67 4234
67 4235
67 4236
67 4237
67 4238
67 4239
67 4240
67 4241
67 4242
67 4243
68 4244
68 4245
68 4246
68 4247
69 4248
70 4249
71 4250
71 4251
72 4252
72 4253
73 4254
73 4255
73 4256
73 4257
73 4258
73 4259
73 4260
73 4261
74 4262
74 4263
74 4264
74 4265
75 4266
75 4267
75 4268
75 4269
75 4270
75 4271
75 4272
75 4273
75 4274
75 4275
76 4276
76 4277
77 4278
78 4279
78 4280
79 4281
80 4282
80 4283
81 4284
82 4285
82 4286
82 4287
83 4288
84 4289
84 4290
84 4291
85 4292
86 4293
87 4294
88 4295
88 4296
89 4296
90 4297
90 4298
91 4298
92 4299
93 4300
94 4301
95 4302
96 4302
97 4303
98 4303
99 4304
100 4305
101 4306
102 4306
103 4306
104 4307
105 4308
106 4308
107 4308
108 4309
109 4310
110 4310
111 4311
112 4311
113 4312
114 4313
115 4314
116 4314
117 4314
118 4315
119 4316
120 4316
121 4316
122 4317
123 4318
124 4318
125 4318
126 4319
127 4320
128 4320
129 4320
130 4320
131 4321
132 4321
133 4322
134 4322
135 4322
136 4322
137 4323
138 4323
139 4323
140 4323
141 4324
142 4324
143 4325
144 4326
145 4326
146 4327
147 4328
148 4329
149 4330
150 4330
151 4331
152 4331
153 4332
154 4332
155 4333
156 4333
157 4334
158 4334
159 4334
160 4334
161 4335
162 4335
163 4335
164 4335
165 4336
166 4336
167 4336
168 4336
169 4337
170 4337
171 4337
172 4337
173 4337
174 4337
175 4337
176 4337
177 4337
178 4337
179 4337
180 4337
181 4336
182 4336
183 4336
184 4336
185 4335
186 4335
187 4335
188 4335
189 4336
190 4336
191 4336
192 4336
193 4337
194 4337
195 4337
196 4337
197 4337
198 4337
199 4337
200 4337
201 4337
202 4337
203 4337
204 4337
205 4337
206 4337
207 4337
208 4337
209 4337
210 4337
211 4337
212 4337
213 4337
214 4337
215 4338
216 4338
217 4338
218 4338
219 4339
220 4339
221 4339
222 4339
223 4339
224 4339
225 4339
226 4339
227 4339
228 4339
229 4339
230 4339
231 4339
232 4339
233 4339
234 4339
235 4339
236 4339
237 4339
238 4339
239 4339
240 4339
241 4338
242 4338
243 4338
244 4338
245 4337
246 4337
247 4337
248 4337
249 4337
250 4337
251 4337
252 4337
253 4337
254 4337
255 4336
256 4336
257 4336
258 4336
259 4335
260 4335
261 4334
262 4334
263 4333
264 4333
265 4332
266 4332
267 4331
268 4330
269 4330
270 4330
271 4329
272 4329
273 4329
274 4329
275 4328
276 4328
277 4328
278 4328
279 4327
280 4326
281 4326
282 4326
283 4325
284 4325
285 4325
286 4325
287 4324
288 4324
289 4324
290 4324
291 4323
292 4323
293 4322
294 4322
295 4322
296 4322
297 4321
298 4320
299 4320
300 4320
301 4319
302 4318
303 4317
304 4316
305 4316
306 4315
307 4314
308 4314
309 4313
310 4312
311 4311
312 4311
313 4310
314 4310
315 4309
316 4309
317 4308
318 4308
319 4308
320 4308
321 4307
322 4307
323 4306
324 4306
325 4306
326 4306
327 4305
328 4305
329 4304
330 4304
331 4304
332 4304
333 4303
334 4302
335 4301
336 4300
337 4300
337 4299
338 4298
339 4298
340 4297
341 4296
342 4296
343 4295
344 4294
345 4293
346 4292
347 4292
347 4291
348 4290
349 4290
349 4289
350 4288
351 4287
351 4286
352 4285
352 4284
352 4283
352 4282
352 4281
352 4280
352 4279
352 4278
352 4277
352 4276
352 4275
352 4274
352 4273
352 4272
352 4271
352 4270
351 4269
351 4268
351 4267
351 4266
350 4265
349 4264
349 4263
349 4262
348 4261
348 4260
347 4259
347 4258
347 4257
347 4256
346 4255
346 4254
345 4253
345 4252
345 4251
345 4250
344 4249
343 4248
343 4247
343 4246
342 4245
341 4244
340 4243
339 4242
339 4241
338 4241
337 4240
337 4239
336 4239
335 4238
335 4237
334 4237
333 4236
333 4235
332 4235
331 4234
330 4233
329 4233
328 4232
327 4232
326 4232
325 4232
324 4231
323 4231
322 4230
321 4229
320 4229
319 4228
318 4227
317 4227
316 4226
315 4226
314 4226
313 4226
312 4226
311 4226
310 4226
309 4226
308 4226
307 4226
306 4226
305 4226
304 4226
303 4226
302 4226
301 4226
300 4226
299 4226
298 4225
297 4225
296 4225
295 4224
294 4223
293 4223
292 4223
291 4223
290 4222
289 4222
288 4222
287 4222
286 4222
285 4222
284 4222
283 4222
282 4222
281 4222
280 4222
279 4222
278 4222
277 4222
276 4222
275 4222
274 4221
273 4221
272 4221
271 4221
270 4221
269 4221
268 4221
267 4221
266 4222
265 4222
264 4222
263 4222
262 4222
261 4222
260 4222
259 4222
258 4222
257 4222
256 4222
255 4222
254 4222
253 4222
252 4222
251 4222
250 4222
249 4222
248 4222
247 4222
246 4222
245 4222
244 4222
243 4222
242 4222
241 4222
240 4221
239 4221
238 4221
237 4221
236 4220
235 4220
234 4220
233 4220
232 4220
231 4220
230 4219
229 4219
228 4219
227 4219
226 4218
225 4218
224 4218
223 4218
222 4217
221 4217
220 4217
219 4217
218 4216
217 4216
216 4216
215 4216
214 4216
213 4216
212 4216
211 4216
210 4216
209 4216
208 4216
207 4216
206 4216
205 4216
204 4216
203 4216
202 4216
201 4216
200 4216
199 4216
198 4216
197 4216
196 4216
195 4216
194 4216
193 4216
192 4216
191 4216
190 4216
189 4216
188 4216
187 4216
186 4216
185 4216
184 4216
183 4216
182 4216
181 4216
180 4216
179 4216
178 4215
177 4215
176 4215
175 4215
174 4214
173 4214
172 4214
171 4214
170 4214
169 4214
168 4214
167 4214
166 4214
165 4214
164 4214
163 4214
162 4214
161 4214
160 4214
159 4214
158 4214
157 4214
156 4214
155 4214
154 4214
153 4214
152 4214
151 4214
150 4214
149 4214
148 4214
147 4214
146 4213
145 4213
144 4213
143 4213
142 4212
141 4212
140 4212
139 4212
138 4211
137 4211
136 4211
135 4210
134 4209
133 4209
132 4209
131 4209
130 4208
129 4208
128 4208
127 4208
126 4208
125 4208
124 4208
123 4208
122 4208
121 4208
120 4208
119 4208
118 4208
117 4208
116 4208
115 4208
114 4208
113 4208
112 4208
111 4208
110 4208
109 4208
108 4208
107 4208
106 4208
105 4208
104 4208
103 4208
102 4208
101 4208
100 4208
99 4208
98 4208
97 4208
96 4208
95 4208
