261 3494
260 3495
259 3495
258 3496
257 3497
256 3497
256 3498
255 3499
254 3499
253 3500
252 3501
251 3501
250 3502
249 3502
248 3502
247 3502
246 3502
245 3502
244 3502
243 3502
242 3502
241 3502
240 3502
239 3502
238 3502
237 3502
236 3503
235 3503
234 3504
233 3505
232 3505
232 3506
231 3507
230 3508
229 3509
228 3510
228 3511
228 3512
228 3513
227 3514
227 3515
226 3516
226 3517
226 3518
226 3519
225 3520
225 3521
224 3522
224 3523
224 3524
224 3525
223 3526
223 3527
222 3528
222 3529
222 3530
221 3531
220 3532
220 3533
220 3534
219 3535
218 3536
218 3537
218 3538
218 3539
217 3540
217 3541
217 3542
217 3543
217 3544
217 3545
218 3546
218 3547
219 3548
220 3549
220 3550
221 3550
222 3551
222 3552
223 3552
224 3553
224 3554
225 3555
226 3556
226 3557
227 3558
228 3559
229 3560
230 3561
231 3562
232 3562
233 3563
234 3564
235 3564
236 3565
237 3566
238 3567
239 3568
240 3568
241 3568
242 3568
243 3569
244 3569
245 3569
246 3569
247 3569
248 3569
249 3570
250 3570
251 3571
252 3571
253 3572
254 3572
255 3573
256 3573
257 3573
258 3573
259 3573
260 3573
261 3573
262 3573
263 3573
264 3573
265 3573
266 3573
267 3574
268 3574
269 3574
270 3574
271 3575
272 3575
273 3575
274 3575
275 3575
276 3575
277 3575
278 3575
279 3575
280 3575
281 3575
282 3575
283 3575
284 3575
285 3575
286 3575
287 3575
288 3575
289 3575
290 3575
291 3575
292 3575
293 3575
294 3575
295 3575
296 3575
297 3575
298 3575
299 3575
300 3575
301 3575
302 3575
303 3575
304 3575
305 3575
306 3575
307 3575
308 3575
309 3575
310 3575
311 3575
312 3575
313 3575
314 3575
315 3575
316 3575
317 3575
318 3575
319 3575
320 3575
321 3575
322 3575
323 3575
324 3575
325 3575
326 3575
327 3574
328 3574
329 3574
330 3574
331 3573
332 3573
333 3573
334 3573
335 3573
336 3573
337 3573
338 3573
339 3573
340 3573
341 3573
342 3573
343 3573
344 3573
345 3573
346 3573
347 3573
348 3573
349 3573
350 3573
351 3574
352 3574
353 3574
354 3574
355 3575
356 3575
357 3576
358 3576
359 3576
360 3576
361 3577
362 3577
363 3577
364 3577
365 3578
366 3578
367 3578
368 3578
369 3579
370 3579
371 3579
372 3579
373 3580
374 3580
375 3580
376 3581
377 3582
378 3582
379 3582
380 3583
381 3584
382 3584
383 3584
384 3584
385 3585
386 3585
387 3585
388 3585
389 3585
390 3585
391 3585
392 3585
393 3584
394 3584
395 3583
396 3583
397 3582
398 3582
399 3581
400 3581
401 3581
402 3581
403 3580
404 3580
405 3580
406 3580
407 3579
408 3578
409 3578
410 3578
411 3577
412 3576
413 3576
414 3576
415 3575
416 3575
417 3575
418 3575
419 3575
420 3575
421 3575
422 3575
423 3575
424 3575
425 3575
426 3575
427 3575
428 3575
429 3575
430 3575
431 3575
432 3575
433 3575
434 3575
435 3574
436 3574
437 3573
438 3572
439 3572
439 3571
440 3570
441 3570
441 3569
442 3568
443 3568
443 3567
444 3566
445 3566
445 3565
446 3564
447 3564
448 3563
449 3562
450 3562
451 3561
452 3560
453 3559
454 3558
455 3558
455 3557
456 3556
457 3556
457 3555
458 3554
459 3553
459 3552
460 3551
460 3550
459 3549
459 3548
458 3547
457 3546
457 3545
456 3545
455 3544
455 3543
454 3543
453 3542
453 3541
452 3541
451 3540
451 3539
450 3539
449 3538
448 3537
447 3536
446 3535
445 3535
444 3535
443 3534
442 3533
441 3533
440 3533
439 3532
438 3531
437 3531
436 3531
435 3530
434 3529
433 3529
432 3529
431 3528
430 3527
429 3527
428 3527
427 3526
426 3525
425 3525
424 3525
423 3525
422 3524
421 3524
420 3524
419 3524
418 3523
417 3523
416 3522
415 3522
414 3521
413 3521
412 3520
411 3520
410 3519
409 3519
408 3519
407 3518
406 3517
405 3517
404 3517
403 3517
402 3516
401 3516
400 3515
399 3515
398 3515
397 3514
396 3513
395 3513
394 3513
393 3513
392 3512
391 3512
390 3512
389 3512
388 3512
387 3512
386 3511
385 3511
384 3511
383 3511
382 3510
381 3510
380 3510
379 3510
378 3510
377 3510
376 3510
375 3510
374 3510
373 3510
372 3510
371 3510
370 3510
369 3510
368 3510
367 3510
366 3510
365 3510
364 3509
363 3509
362 3508
361 3507
360 3507
359 3506
358 3505
357 3505
356 3504
355 3504
354 3504
353 3504
352 3504
351 3504
350 3504
349 3504
348 3504
347 3504
346 3503
345 3503
344 3502
343 3502
342 3501
341 3501
340 3500
339 3500
338 3500
337 3500
336 3500
335 3500
334 3500
333 3500
332 3500
331 3500
330 3500
329 3500
328 3500
327 3500
326 3500
325 3500
324 3500
323 3500
322 3500
321 3500
320 3500
319 3500
318 3500
317 3500
316 3500
315 3500
314 3500
313 3500
312 3500
311 3500
310 3500
309 3500
308 3500
307 3500
306 3499
305 3499
304 3499
303 3499
302 3498
301 3498
300 3497
299 3497
298 3497
297 3496
296 3495
295 3495
294 3495
293 3495
292 3494
291 3494
290 3494
289 3494
288 3494
287 3494
286 3494
285 3494
284 3495
283 3495
282 3495
281 3495
280 3496
279 3496
278 3496
277 3496
276 3496
275 3496
274 3496
273 3496
272 3495
271 3495
270 3495
269 3495
268 3494
267 3494
266 3494
265 3494
264 3494
263 3494
262 3494
261 3494
