469 1878
468 1879
467 1879
466 1879
465 1879
464 1880
463 1880
462 1881
461 1881
460 1881
459 1881
458 1882
457 1883
456 1883
455 1883
454 1884
453 1884
452 1885
451 1885
450 1885
449 1885
448 1886
447 1887
446 1888
445 1889
444 1889
443 1890
442 1891
441 1891
440 1892
439 1893
438 1894
437 1894
436 1895
435 1895
434 1896
433 1897
432 1897
431 1897
430 1898
429 1899
428 1899
427 1899
426 1900
425 1900
424 1900
423 1900
422 1901
421 1901
420 1901
419 1901
418 1902
417 1903
416 1903
415 1903
414 1904
413 1905
412 1905
411 1905
410 1906
409 1906
408 1906
407 1906
406 1906
405 1906
404 1907
403 1907
402 1907
401 1907
400 1908
399 1908
398 1909
397 1909
396 1909
395 1909
394 1910
393 1910
392 1910
391 1910
390 1911
389 1911
388 1911
387 1911
386 1912
385 1912
384 1912
383 1912
382 1913
381 1913
380 1913
379 1913
378 1914
377 1914
376 1914
375 1914
374 1915
373 1915
372 1915
371 1915
370 1916
369 1916
368 1916
367 1916
366 1917
365 1917
364 1917
363 1917
362 1918
361 1918
360 1919
359 1919
358 1919
357 1919
356 1920
355 1920
354 1920
353 1920
352 1921
351 1921
350 1921
349 1921
348 1922
347 1922
346 1922
345 1922
344 1923
343 1923
342 1924
341 1924
340 1925
339 1925
338 1926
337 1927
336 1928
335 1929
334 1929
334 1930
333 1931
332 1931
332 1932
331 1933
330 1933
330 1934
329 1935
328 1935
328 1936
327 1937
326 1938
325 1939
324 1940
324 1941
324 1942
323 1943
322 1944
322 1945
321 1946
321 1947
320 1948
319 1949
318 1950
318 1951
318 1952
317 1953
316 1954
316 1955
315 1956
315 1957
314 1958
313 1959
312 1960
312 1961
312 1962
311 1963
310 1964
310 1965
310 1966
309 1967
308 1968
308 1969
307 1970
307 1971
306 1972
306 1973
305 1974
305 1975
304 1976
304 1977
303 1978
303 1979
302 1980
302 1981
301 1982
301 1983
301 1984
301 1985
300 1986
300 1987
300 1988
299 1989
298 1990
298 1991
297 1992
297 1993
296 1994
295 1995
294 1996
294 1997
294 1998
293 1999
292 2000
292 2001
292 2002
291 2003
290 2004
290 2005
289 2006
289 2007
288 2008
287 2009
286 2010
286 2011
285 2012
285 2013
284 2014
283 2015
282 2016
282 2017
281 2018
280 2019
280 2020
279 2021
278 2022
277 2023
276 2024
276 2025
275 2026
274 2027
274 2028
273 2029
272 2029
272 2030
271 2031
270 2032
270 2033
269 2034
269 2035
268 2036
268 2037
267 2038
267 2039
266 2040
266 2041
265 2042
265 2043
265 2044
265 2045
265 2046
265 2047
265 2048
265 2049
265 2050
265 2051
265 2052
265 2053
265 2054
265 2055
266 2056
266 2057
267 2058
267 2059
268 2060
268 2061
269 2062
270 2063
271 2064
272 2065
272 2066
273 2066
274 2067
274 2068
275 2068
276 2069
277 2070
278 2070
279 2071
280 2071
281 2071
282 2071
283 2071
284 2071
285 2070
286 2070
287 2070
288 2070
289 2069
290 2069
291 2069
292 2069
293 2069
294 2069
295 2069
296 2069
297 2068
298 2068
299 2068
300 2068
301 2067
302 2067
303 2066
304 2066
305 2066
306 2066
307 2065
308 2065
309 2064
310 2064
311 2064
312 2064
313 2063
314 2062
315 2062
316 2062
317 2061
318 2061
319 2061
320 2061
321 2061
322 2061
323 2061
324 2061
325 2061
326 2061
327 2061
328 2061
329 2061
330 2061
331 2061
332 2061
333 2061
334 2061
335 2061
336 2061
337 2061
338 2061
339 2061
340 2061
341 2061
342 2061
343 2061
344 2061
345 2060
346 2060
347 2060
348 2060
349 2059
350 2059
351 2059
352 2059
353 2059
354 2059
355 2058
356 2058
357 2058
358 2058
359 2057
360 2057
361 2056
362 2056
363 2056
364 2056
365 2055
366 2055
367 2055
368 2055
369 2055
370 2055
371 2054
372 2054
373 2054
374 2054
375 2053
376 2053
377 2053
378 2053
379 2052
380 2052
381 2052
382 2052
383 2051
384 2051
385 2051
386 2051
387 2051
388 2051
389 2050
390 2050
391 2050
392 2050
393 2049
394 2049
395 2048
396 2048
397 2048
398 2048
399 2047
400 2047
401 2047
402 2047
403 2047
404 2047
405 2046
406 2046
407 2046
408 2046
409 2045
410 2045
411 2045
412 2045
413 2045
414 2045
415 2044
416 2044
417 2044
418 2044
419 2043
420 2043
421 2043
422 2043
423 2043
424 2043
425 2043
426 2043
427 2043
428 2043
429 2043
430 2043
431 2042
432 2042
433 2042
434 2042
435 2041
436 2041
437 2041
438 2041
439 2041
440 2041
441 2041
442 2041
443 2040
444 2040
445 2040
446 2040
447 2039
448 2039
449 2039
450 2039
451 2039
452 2039
453 2039
454 2039
455 2038
456 2038
457 2038
458 2038
459 2037
460 2037
461 2037
462 2037
463 2036
464 2036
465 2036
466 2036
467 2035
468 2035
469 2035
470 2035
471 2035
472 2035
473 2035
474 2035
475 2034
476 2034
477 2034
478 2034
479 2033
480 2033
481 2033
482 2033
483 2033
484 2033
485 2033
486 2033
487 2032
488 2032
489 2032
490 2032
491 2031
492 2031
493 2031
494 2031
495 2031
496 2031
497 2031
498 2031
499 2030
500 2030
501 2030
502 2030
503 2029
504 2029
505 2029
506 2029
507 2029
508 2029
509 2029
510 2029
511 2028
512 2028
513 2028
514 2028
515 2027
516 2027
517 2027
518 2027
519 2027
520 2027
521 2027
522 2027
523 2026
524 2026
525 2026
526 2026
527 2025
528 2025
529 2025
530 2025
531 2025
532 2025
533 2025
534 2025
535 2025
536 2025
537 2025
538 2025
539 2025
540 2025
541 2025
542 2025
543 2025
544 2025
545 2025
546 2025
547 2025
548 2025
549 2025
550 2025
551 2025
552 2025
553 2025
554 2025
555 2025
556 2025
557 2025
558 2025
559 2025
560 2025
561 2025
562 2025
563 2025
564 2025
565 2025
566 2025
567 2025
568 2025
569 2025
570 2025
571 2025
572 2025
573 2026
574 2026
575 2026
576 2026
577 2027
578 2027
579 2027
580 2027
581 2027
582 2027
583 2027
584 2027
585 2027
586 2027
587 2026
588 2026
589 2026
590 2026
591 2025
592 2025
593 2025
594 2025
595 2025
596 2025
597 2025
598 2025
599 2025
600 2025
601 2025
602 2025
603 2025
604 2025
605 2025
606 2025
607 2025
608 2025
609 2025
610 2025
611 2025
612 2025
613 2025
614 2025
615 2025
616 2025
617 2025
618 2025
619 2025
620 2025
621 2025
622 2025
623 2025
624 2025
625 2025
626 2025
627 2025
628 2025
629 2025
630 2025
631 2025
632 2025
633 2025
634 2025
635 2025
636 2025
637 2025
638 2025
639 2025
640 2025
641 2025
642 2025
643 2025
644 2025
645 2025
646 2025
647 2025
648 2025
649 2025
650 2025
651 2025
652 2025
653 2025
654 2025
655 2025
656 2025
657 2025
658 2025
659 2025
660 2025
661 2025
662 2025
663 2025
664 2025
665 2025
666 2025
667 2025
668 2025
669 2025
670 2025
671 2025
672 2025
673 2025
674 2025
675 2025
676 2025
677 2025
678 2025
679 2025
680 2025
681 2025
682 2025
683 2025
684 2025
685 2026
686 2026
687 2026
688 2027
689 2028
690 2028
691 2028
692 2028
693 2029
694 2029
695 2030
696 2030
697 2030
698 2030
699 2031
700 2031
701 2031
702 2031
703 2031
704 2031
705 2031
706 2031
707 2031
708 2031
709 2031
710 2031
711 2032
712 2032
713 2032
714 2032
715 2033
716 2033
717 2033
718 2033
719 2033
720 2033
721 2033
722 2033
723 2033
724 2033
725 2033
726 2033
727 2033
728 2033
729 2034
730 2034
731 2034
732 2034
733 2035
734 2035
735 2035
736 2035
737 2035
738 2035
739 2035
740 2035
741 2035
742 2035
743 2035
744 2035
745 2035
746 2035
747 2035
748 2035
749 2035
750 2035
751 2035
752 2035
753 2035
754 2035
755 2035
756 2035
757 2035
758 2035
759 2035
760 2035
761 2035
762 2035
763 2035
764 2035
765 2035
766 2035
767 2034
768 2034
769 2034
770 2034
771 2033
772 2033
773 2032
774 2032
775 2032
776 2032
777 2031
778 2031
779 2030
780 2030
781 2030
782 2030
783 2029
784 2028
785 2028
786 2028
787 2027
788 2026
789 2026
790 2026
791 2025
792 2024
793 2023
794 2022
795 2022
795 2021
796 2020
797 2020
797 2019
798 2018
799 2018
799 2017
800 2016
801 2016
801 2015
802 2014
803 2014
803 2013
804 2012
805 2012
805 2011
806 2010
807 2009
807 2008
808 2007
808 2006
808 2005
808 2004
808 2003
808 2002
808 2001
808 2000
809 1999
809 1998
809 1997
810 1996
811 1995
811 1994
811 1993
812 1992
813 1991
813 1990
813 1989
814 1988
815 1987
815 1986
816 1985
816 1984
817 1983
817 1982
818 1981
818 1980
818 1979
818 1978
818 1977
818 1976
819 1975
819 1974
819 1973
819 1972
820 1971
820 1970
820 1969
820 1968
820 1967
820 1966
820 1965
820 1964
820 1963
820 1962
820 1961
820 1960
820 1959
820 1958
820 1957
820 1956
821 1955
821 1954
821 1953
821 1952
822 1951
822 1950
821 1949
821 1948
820 1947
819 1946
819 1945
818 1945
817 1944
816 1943
815 1942
814 1941
813 1941
812 1941
811 1940
810 1939
809 1939
808 1939
807 1939
806 1938
805 1938
804 1937
803 1937
802 1937
801 1936
800 1935
799 1935
798 1935
797 1934
796 1933
795 1933
794 1933
793 1932
792 1931
791 1931
790 1930
789 1930
788 1929
787 1929
786 1928
785 1928
784 1927
783 1927
782 1926
781 1925
780 1925
779 1924
778 1923
777 1922
776 1921
775 1921
774 1921
773 1920
772 1919
771 1919
770 1919
769 1919
768 1918
767 1918
766 1917
765 1917
764 1916
763 1916
762 1915
761 1915
760 1914
759 1914
758 1914
757 1914
756 1914
755 1914
754 1913
753 1913
752 1913
751 1912
750 1911
749 1911
748 1911
747 1911
746 1910
745 1910
744 1909
743 1909
742 1909
741 1909
740 1908
739 1908
738 1908
737 1908
736 1908
735 1908
734 1908
733 1908
732 1907
731 1907
730 1907
729 1906
728 1905
727 1905
726 1905
725 1905
724 1904
723 1904
722 1904
721 1904
720 1904
719 1904
718 1903
717 1903
716 1903
715 1903
714 1902
713 1902
712 1902
711 1902
710 1902
709 1902
708 1902
707 1902
706 1902
705 1902
704 1902
703 1902
702 1902
701 1902
700 1902
699 1902
698 1901
697 1901
696 1901
695 1901
694 1900
693 1900
692 1900
691 1900
690 1901
689 1901
688 1901
687 1901
686 1902
685 1902
684 1902
683 1902
682 1902
681 1902
680 1902
679 1902
678 1901
677 1901
676 1900
675 1900
674 1899
673 1899
672 1898
671 1898
670 1898
669 1898
668 1898
667 1898
666 1897
665 1897
664 1897
663 1897
662 1896
661 1896
660 1896
659 1896
658 1895
657 1895
656 1895
655 1895
654 1894
653 1894
652 1894
651 1894
650 1894
649 1894
648 1893
647 1893
646 1893
645 1892
644 1891
643 1891
642 1891
641 1891
640 1890
639 1890
638 1890
637 1890
636 1889
635 1889
634 1889
633 1889
632 1888
631 1888
630 1888
629 1888
628 1888
627 1888
626 1888
625 1888
624 1887
623 1887
622 1887
621 1887
620 1886
619 1886
618 1886
617 1886
616 1886
615 1886
614 1886
613 1886
612 1886
611 1886
610 1885
609 1885
608 1885
607 1885
606 1884
605 1884
604 1883
603 1883
602 1883
601 1883
600 1882
599 1882
598 1882
597 1882
596 1882
595 1882
594 1882
593 1882
592 1882
591 1882
590 1881
589 1881
588 1881
587 1881
586 1880
585 1880
584 1880
583 1880
582 1880
581 1880
580 1881
579 1881
578 1881
577 1881
576 1882
575 1882
574 1882
573 1882
572 1882
571 1882
570 1882
569 1882
568 1881
567 1881
566 1881
565 1881
564 1880
563 1880
562 1880
561 1880
560 1881
559 1881
558 1882
557 1882
556 1883
555 1883
554 1884
553 1884
552 1884
551 1884
550 1884
549 1884
548 1884
547 1884
546 1884
545 1884
544 1884
543 1884
542 1884
541 1884
540 1883
539 1883
538 1883
537 1883
536 1882
535 1882
534 1882
533 1882
532 1882
531 1882
530 1882
529 1882
528 1882
527 1882
526 1882
525 1882
524 1882
523 1882
522 1882
521 1882
520 1882
519 1882
518 1882
517 1882
516 1882
515 1882
514 1881
513 1881
512 1881
511 1881
510 1880
509 1880
508 1880
507 1880
506 1880
505 1880
504 1880
503 1880
502 1880
501 1880
500 1880
499 1880
498 1879
497 1879
496 1879
495 1879
494 1878
493 1878
492 1878
491 1878
490 1878
489 1878
488 1878
487 1878
486 1878
485 1878
484 1878
483 1878
482 1878
481 1878
480 1878
479 1878
478 1878
477 1878
476 1878
475 1878
474 1878
473 1878
472 1878
471 1878
470 1878
469 1878
