641 3837
640 3838
639 3838
638 3838
637 3838
636 3839
635 3839
634 3839
633 3839
632 3840
631 3840
630 3841
630 3842
629 3843
629 3844
629 3845
629 3846
628 3847
628 3848
628 3849
627 3850
626 3851
626 3852
626 3853
625 3854
624 3855
624 3856
623 3857
622 3858
622 3859
621 3860
620 3860
619 3861
618 3862
617 3862
616 3863
615 3864
614 3864
613 3864
612 3865
611 3866
610 3867
609 3868
608 3868
607 3869
606 3870
605 3870
604 3871
603 3871
602 3872
601 3872
600 3873
599 3874
598 3874
598 3875
597 3876
596 3877
596 3878
595 3879
595 3880
595 3881
595 3882
595 3883
595 3884
595 3885
595 3886
595 3887
595 3888
595 3889
595 3890
595 3891
595 3892
595 3893
595 3894
595 3895
595 3896
596 3897
596 3898
597 3899
598 3899
599 3900
600 3900
601 3901
602 3901
603 3901
604 3902
605 3903
606 3903
607 3904
608 3905
609 3905
610 3906
610 3907
611 3907
612 3908
612 3909
613 3909
614 3910
614 3911
615 3911
616 3912
616 3913
617 3913
618 3914
618 3915
619 3915
620 3916
621 3917
622 3917
623 3918
624 3918
625 3919
626 3919
627 3920
628 3921
629 3921
630 3922
631 3923
632 3924
633 3925
634 3925
635 3925
636 3925
637 3926
638 3926
639 3926
640 3926
641 3926
642 3926
643 3926
644 3926
645 3926
646 3926
647 3926
648 3926
649 3926
650 3926
651 3926
652 3926
653 3926
654 3926
655 3926
656 3926
657 3927
658 3927
659 3927
660 3928
661 3929
662 3929
663 3929
664 3929
665 3930
666 3930
667 3930
668 3930
669 3931
670 3931
671 3931
672 3931
673 3932
674 3932
675 3932
676 3932
677 3932
678 3932
679 3933
680 3933
681 3933
682 3933
683 3934
684 3934
685 3935
686 3935
687 3935
688 3935
689 3936
690 3936
691 3936
692 3936
693 3936
694 3936
695 3936
696 3936
697 3937
698 3937
699 3937
700 3937
701 3938
702 3938
703 3938
704 3938
705 3938
706 3938
707 3939
708 3939
709 3939
710 3939
711 3940
712 3940
713 3940
714 3940
715 3940
716 3940
717 3940
718 3940
719 3940
720 3940
721 3941
722 3941
723 3941
724 3941
725 3942
726 3942
727 3942
728 3942
729 3942
730 3942
731 3942
732 3942
733 3942
734 3942
735 3942
736 3942
737 3942
738 3942
739 3942
740 3942
741 3941
742 3941
743 3940
744 3940
745 3940
746 3940
747 3940
748 3941
749 3941
750 3942
751 3943
752 3943
753 3944
754 3944
755 3944
756 3944
757 3944
758 3944
759 3944
760 3944
761 3944
762 3944
763 3944
764 3944
765 3944
766 3944
767 3944
768 3944
769 3944
770 3944
771 3944
772 3944
773 3944
774 3944
775 3944
776 3944
777 3944
778 3944
779 3944
780 3944
781 3944
782 3944
783 3944
784 3944
785 3944
786 3944
787 3944
788 3944
789 3944
790 3944
791 3944
792 3944
793 3944
794 3944
795 3944
796 3944
797 3944
798 3944
799 3944
800 3944
801 3944
802 3944
803 3944
804 3944
805 3944
806 3944
807 3944
808 3944
809 3943
810 3943
811 3943
812 3943
813 3942
814 3942
815 3942
816 3942
817 3942
818 3942
819 3942
820 3942
821 3942
822 3942
823 3941
824 3941
825 3941
826 3941
827 3940
828 3940
829 3940
830 3940
831 3939
832 3939
833 3938
834 3937
835 3937
835 3936
836 3935
837 3935
837 3934
838 3933
839 3933
839 3932
840 3931
841 3931
841 3930
842 3929
843 3929
843 3928
844 3927
845 3927
846 3926
847 3925
848 3925
849 3924
850 3924
851 3923
852 3923
853 3922
854 3921
855 3920
855 3919
856 3918
857 3917
857 3916
858 3915
859 3915
859 3914
860 3913
861 3912
861 3911
862 3910
862 3909
862 3908
862 3907
862 3906
862 3905
862 3904
862 3903
862 3902
862 3901
862 3900
862 3899
861 3898
861 3897
860 3896
859 3895
859 3894
858 3894
857 3893
857 3892
856 3892
855 3891
854 3890
853 3889
852 3888
851 3888
850 3888
849 3888
848 3887
847 3887
846 3887
845 3887
844 3886
843 3886
842 3885
841 3884
840 3883
839 3882
839 3881
838 3880
838 3879
838 3878
838 3877
837 3876
837 3875
837 3874
837 3873
836 3872
836 3871
835 3870
835 3869
834 3868
833 3867
832 3866
831 3866
830 3865
829 3865
828 3864
827 3864
826 3864
825 3863
824 3862
823 3862
822 3862
821 3861
820 3860
819 3860
818 3860
817 3859
816 3858
815 3858
814 3858
813 3858
812 3857
811 3857
810 3856
809 3856
808 3856
807 3856
806 3855
805 3855
804 3855
803 3855
802 3855
801 3855
800 3855
799 3855
798 3854
797 3854
796 3854
795 3853
794 3852
793 3852
792 3852
791 3851
790 3850
789 3850
788 3850
787 3849
786 3848
785 3848
784 3847
783 3847
782 3846
781 3845
780 3844
779 3844
778 3844
777 3844
776 3843
775 3843
774 3843
773 3843
772 3844
771 3844
770 3845
769 3845
768 3846
767 3846
766 3847
765 3847
764 3847
763 3847
762 3847
761 3847
760 3847
759 3847
758 3847
757 3847
756 3848
755 3848
754 3848
753 3848
752 3849
751 3849
750 3849
749 3849
748 3849
747 3849
746 3849
745 3849
744 3849
743 3849
742 3849
741 3849
740 3849
739 3849
738 3849
737 3849
736 3849
735 3849
734 3849
733 3849
732 3850
731 3850
730 3850
729 3850
728 3851
727 3851
726 3851
725 3851
724 3851
723 3851
722 3851
721 3851
720 3851
719 3851
718 3851
717 3851
716 3851
715 3851
714 3851
713 3851
712 3851
711 3851
710 3851
709 3851
708 3851
707 3851
706 3851
705 3851
704 3851
703 3851
702 3851
701 3851
700 3850
699 3850
698 3850
697 3850
696 3849
695 3849
694 3849
693 3849
692 3849
691 3849
690 3849
689 3849
688 3849
687 3849
686 3849
685 3849
684 3849
683 3849
682 3848
681 3848
680 3848
679 3848
678 3847
677 3847
676 3847
675 3847
674 3847
673 3847
672 3846
671 3846
670 3845
669 3845
668 3844
667 3844
666 3843
665 3843
664 3842
663 3842
662 3841
661 3841
660 3840
659 3840
658 3839
657 3839
656 3839
655 3839
654 3838
653 3838
652 3838
651 3838
650 3837
649 3837
648 3837
647 3837
646 3837
645 3837
644 3837
643 3837
642 3837
641 3837
