1383 4017
1382 4018
1381 4018
1380 4018
1379 4018
1378 4019
1377 4019
1376 4019
1375 4019
1374 4019
1373 4019
1372 4019
1371 4019
1370 4019
1369 4019
1368 4019
1367 4019
1366 4019
1365 4019
1364 4019
1363 4019
1362 4019
1361 4019
1360 4019
1359 4019
1358 4019
1357 4019
1356 4019
1355 4019
1354 4019
1353 4019
1352 4019
1351 4019
1350 4019
1349 4019
1348 4019
1347 4019
1346 4019
1345 4019
1344 4019
1343 4019
1342 4019
1341 4019
1340 4020
1339 4020
1338 4020
1337 4020
1336 4021
1335 4021
1334 4021
1333 4021
1332 4021
1331 4021
1330 4022
1329 4022
1328 4022
1327 4022
1326 4023
1325 4023
1324 4023
1323 4023
1322 4023
1321 4023
1320 4023
1319 4023
1318 4024
1317 4024
1316 4024
1315 4024
1314 4025
1313 4025
1312 4025
1311 4025
1310 4025
1309 4025
1308 4026
1307 4026
1306 4026
1305 4026
1304 4027
1303 4027
1302 4027
1301 4027
1300 4027
1299 4027
1298 4028
1297 4028
1296 4028
1295 4028
1294 4029
1293 4029
1292 4029
1291 4029
1290 4029
1289 4029
1288 4030
1287 4030
1286 4030
1285 4030
1284 4031
1283 4031
1282 4032
1281 4032
1280 4032
1279 4032
1278 4033
1277 4033
1276 4033
1275 4033
1274 4033
1273 4033
1272 4033
1271 4033
1270 4034
1269 4034
1268 4034
1267 4034
1266 4035
1265 4036
1264 4036
1263 4036
1262 4037
1261 4037
1260 4038
1259 4038
1258 4039
1257 4039
1256 4040
1255 4040
1254 4041
1253 4041
1252 4041
1251 4041
1250 4041
1249 4041
1248 4041
1247 4041
1246 4042
1245 4042
1244 4042
1243 4042
1242 4043
1241 4043
1240 4043
1239 4043
1238 4044
1237 4044
1236 4044
1235 4044
1234 4045
1233 4045
1232 4045
1231 4045
1230 4046
1229 4046
1228 4046
1227 4046
1226 4047
1225 4047
1224 4048
1223 4048
1222 4048
1221 4048
1220 4049
1219 4049
1218 4050
1217 4050
1216 4050
1215 4050
1214 4051
1213 4051
1212 4051
1211 4051
1210 4051
1209 4051
1208 4052
1207 4052
1206 4052
1205 4052
1204 4053
1203 4053
1202 4054
1201 4054
1200 4054
1199 4054
1198 4055
1197 4055
1196 4055
1195 4055
1194 4056
1193 4056
1192 4056
1191 4056
1190 4057
1189 4058
1188 4058
1187 4058
1186 4059
1185 4059
1184 4059
1183 4059
1182 4060
1181 4060
1180 4060
1179 4060
1178 4061
1177 4061
1176 4061
1175 4061
1174 4062
1173 4062
1172 4062
1171 4062
1170 4063
1169 4064
1168 4065
1167 4066
1166 4066
1166 4067
1165 4068
1164 4068
1164 4069
1163 4070
1162 4070
1162 4071
1161 4072
1160 4072
1160 4073
1159 4074
1158 4075
1158 4076
1157 4077
1157 4078
1157 4079
1157 4080
1156 4081
1156 4082
1156 4083
1155 4084
1154 4085
1154 4086
1154 4087
1154 4088
1153 4089
1153 4090
1153 4091
1153 4092
1153 4093
1153 4094
1153 4095
1153 4096
1153 4097
1153 4098
1153 4099
1153 4100
1153 4101
1153 4102
1154 4103
1154 4104
1155 4105
1156 4106
1156 4107
1157 4107
1158 4108
1158 4109
1159 4109
1160 4110
1160 4111
1161 4111
1162 4112
1163 4113
1164 4114
1165 4115
1166 4115
1167 4115
1168 4116
1169 4117
1170 4117
1171 4117
1172 4118
1173 4119
1174 4119
1175 4119
1176 4119
1177 4120
1178 4120
1179 4121
1180 4121
1181 4122
1182 4123
1183 4123
1184 4124
1185 4125
1186 4126
1187 4127
1188 4127
1189 4127
1190 4128
1191 4129
1192 4129
1193 4130
1194 4130
1195 4131
1196 4132
1197 4133
1198 4133
1199 4133
1200 4134
1201 4135
1202 4135
1203 4135
1204 4136
1205 4137
1206 4137
1207 4137
1208 4137
1209 4138
1210 4138
1211 4139
1212 4139
1213 4139
1214 4140
1215 4141
1216 4141
1217 4141
1218 4141
1219 4142
1220 4142
1221 4142
1222 4142
1223 4143
1224 4143
1225 4143
1226 4144
1227 4145
1228 4145
1229 4145
1230 4145
1231 4146
1232 4146
1233 4146
1234 4146
1235 4147
1236 4147
1237 4148
1238 4149
1239 4149
1240 4150
1240 4151
1241 4151
1242 4152
1243 4153
1244 4153
1245 4154
1246 4154
1247 4155
1248 4155
1249 4155
1250 4156
1251 4157
1252 4157
1253 4157
1254 4157
1255 4158
1256 4158
1257 4158
1258 4158
1259 4159
1260 4159
1261 4159
1262 4159
1263 4160
1264 4160
1265 4161
1266 4161
1267 4161
1268 4161
1269 4162
1270 4162
1271 4163
1272 4163
1273 4163
1274 4163
1275 4164
1276 4164
1277 4164
1278 4164
1279 4164
1280 4164
1281 4164
1282 4164
1283 4165
1284 4165
1285 4165
1286 4165
1287 4166
1288 4166
1289 4166
1290 4166
1291 4166
1292 4166
1293 4166
1294 4166
1295 4167
1296 4167
1297 4167
1298 4167
1299 4168
1300 4168
1301 4168
1302 4168
1303 4168
1304 4168
1305 4168
1306 4168
1307 4168
1308 4168
1309 4168
1310 4168
1311 4167
1312 4167
1313 4166
1314 4166
1315 4165
1316 4165
1317 4164
1318 4164
1319 4164
1320 4164
1321 4163
1322 4163
1323 4163
1324 4163
1325 4162
1326 4162
1327 4162
1328 4162
1329 4162
1330 4162
1331 4162
1332 4162
1333 4162
1334 4162
1335 4162
1336 4162
1337 4162
1338 4162
1339 4162
1340 4162
1341 4162
1342 4162
1343 4162
1344 4162
1345 4162
1346 4162
1347 4162
1348 4162
1349 4162
1350 4162
1351 4162
1352 4162
1353 4162
1354 4162
1355 4163
1356 4163
1357 4163
1358 4164
1359 4165
1360 4165
1361 4165
1362 4165
1363 4166
1364 4166
1365 4166
1366 4166
1367 4165
1368 4165
1369 4165
1370 4165
1371 4164
1372 4164
1373 4164
1374 4164
1375 4164
1376 4164
1377 4164
1378 4164
1379 4164
1380 4164
1381 4163
1382 4163
1383 4163
1384 4163
1385 4162
1386 4162
1387 4162
1388 4162
1389 4162
1390 4162
1391 4161
1392 4161
1393 4161
1394 4161
1395 4160
1396 4160
1397 4160
1398 4160
1399 4160
1400 4160
1401 4160
1402 4160
1403 4160
1404 4160
1405 4159
1406 4159
1407 4159
1408 4159
1409 4158
1410 4157
1411 4157
1412 4157
1413 4156
1414 4156
1415 4155
1416 4155
1417 4155
1418 4155
1419 4154
1420 4153
1421 4152
1422 4151
1423 4150
1424 4149
1425 4148
1425 4147
1426 4146
1427 4145
1427 4144
1428 4143
1429 4143
1429 4142
1430 4141
1431 4141
1432 4140
1433 4139
1434 4139
1435 4138
1436 4137
1437 4136
1438 4136
1439 4135
1440 4135
1441 4134
1442 4134
1443 4133
1444 4133
1445 4132
1446 4131
1447 4131
1448 4130
1449 4129
1450 4129
1451 4128
1452 4127
1453 4126
1454 4126
1455 4125
1456 4125
1457 4124
1458 4123
1459 4122
1460 4121
1461 4120
1461 4119
1461 4118
1462 4117
1463 4116
1463 4115
1463 4114
1463 4113
1464 4112
1464 4111
1464 4110
1464 4109
1465 4108
1465 4107
1465 4106
1466 4105
1467 4104
1467 4103
1467 4102
1467 4101
1468 4100
1468 4099
1468 4098
1468 4097
1468 4096
1468 4095
1468 4094
1468 4093
1468 4092
1468 4091
1467 4090
1467 4089
1467 4088
1467 4087
1466 4086
1466 4085
1466 4084
1466 4083
1466 4082
1466 4081
1466 4080
1466 4079
1466 4078
1466 4077
1465 4076
1465 4075
1465 4074
1465 4073
1464 4072
1464 4071
1464 4070
1464 4069
1464 4068
1464 4067
1463 4066
1463 4065
1463 4064
1463 4063
1462 4062
1462 4061
1461 4060
1461 4059
1461 4058
1461 4057
1460 4056
1460 4055
1459 4054
1459 4053
1459 4052
1459 4051
1458 4050
1457 4049
1456 4048
1455 4047
1455 4046
1454 4046
1453 4045
1453 4044
1452 4044
1451 4043
1450 4042
1449 4041
1448 4040
1447 4040
1446 4040
1445 4039
1444 4038
1443 4038
1442 4038
1441 4038
1440 4037
1439 4037
1438 4036
1437 4036
1436 4035
1435 4034
1434 4034
1433 4033
1432 4032
1431 4032
1430 4031
1429 4031
1428 4031
1427 4031
1426 4031
1425 4031
1424 4031
1423 4031
1422 4030
1421 4030
1420 4030
1419 4030
1418 4029
1417 4029
1416 4029
1415 4029
1414 4029
1413 4029
1412 4029
1411 4029
1410 4029
1409 4029
1408 4028
1407 4028
1406 4027
1405 4026
1404 4026
1403 4025
1403 4024
1402 4024
1401 4023
1400 4022
1399 4021
1398 4020
1397 4020
1396 4020
1395 4019
1394 4018
1393 4018
1392 4018
1391 4018
1390 4017
1389 4017
1388 4017
1387 4017
1386 4017
1385 4017
1384 4017
1383 4017
