241 4086
240 4087
239 4087
238 4087
237 4087
236 4088
235 4088
234 4088
233 4088
232 4088
231 4088
230 4088
229 4088
228 4088
227 4088
226 4088
225 4088
224 4088
223 4088
222 4088
221 4088
220 4088
219 4088
218 4088
217 4088
216 4088
215 4088
214 4088
213 4088
212 4088
211 4088
210 4088
209 4088
208 4088
207 4088
206 4088
205 4088
204 4088
203 4088
202 4088
201 4088
200 4088
199 4088
198 4088
197 4088
196 4089
195 4089
194 4090
194 4091
193 4092
193 4093
192 4094
192 4095
192 4096
192 4097
191 4098
191 4099
191 4100
191 4101
191 4102
191 4103
192 4104
192 4105
192 4106
192 4107
193 4108
194 4109
195 4110
195 4111
196 4112
196 4113
197 4114
198 4115
199 4116
200 4117
200 4118
201 4118
202 4119
202 4120
203 4120
204 4121
205 4122
206 4123
207 4124
208 4124
209 4125
210 4125
211 4126
212 4126
213 4127
214 4127
215 4128
216 4128
217 4128
218 4129
219 4130
220 4130
221 4130
222 4130
223 4131
224 4131
225 4131
226 4131
227 4131
228 4131
229 4131
230 4131
231 4132
232 4132
233 4132
234 4132
235 4133
236 4133
237 4133
238 4133
239 4133
240 4133
241 4133
242 4133
243 4134
244 4134
245 4134
246 4134
247 4135
248 4135
249 4135
250 4135
251 4135
252 4135
253 4135
254 4135
255 4135
256 4135
257 4135
258 4135
259 4135
260 4135
261 4135
262 4135
263 4135
264 4135
265 4135
266 4135
267 4135
268 4135
269 4135
270 4135
271 4135
272 4135
273 4135
274 4135
275 4136
276 4136
277 4136
278 4136
279 4137
280 4137
281 4137
282 4137
283 4137
284 4137
285 4137
286 4137
287 4137
288 4137
289 4137
290 4137
291 4137
292 4137
293 4137
294 4137
295 4137
296 4137
297 4137
298 4137
299 4137
300 4137
301 4137
302 4137
303 4137
304 4137
305 4137
306 4137
307 4137
308 4137
309 4137
310 4137
311 4137
312 4137
313 4137
314 4137
315 4137
316 4137
317 4136
318 4136
319 4136
320 4136
321 4135
322 4135
323 4135
324 4135
325 4135
326 4135
327 4135
328 4135
329 4135
330 4135
331 4135
332 4135
333 4135
334 4135
335 4135
336 4135
337 4135
338 4135
339 4135
340 4135
341 4134
342 4134
343 4134
344 4134
345 4133
346 4133
347 4133
348 4133
349 4133
350 4133
351 4133
352 4133
353 4133
354 4133
355 4133
356 4133
357 4133
358 4133
359 4133
360 4133
361 4133
362 4133
363 4133
364 4133
365 4133
366 4133
367 4132
368 4132
369 4131
370 4131
371 4130
372 4130
373 4129
374 4129
375 4128
376 4128
377 4128
378 4128
379 4127
380 4127
381 4127
382 4127
383 4127
384 4127
385 4127
386 4127
387 4126
388 4126
389 4126
390 4126
391 4125
392 4124
393 4123
394 4122
395 4122
395 4121
396 4120
397 4120
397 4119
398 4118
399 4117
399 4116
400 4115
400 4114
400 4113
400 4112
400 4111
400 4110
400 4109
400 4108
400 4107
400 4106
400 4105
400 4104
400 4103
400 4102
399 4101
399 4100
398 4099
397 4098
397 4097
396 4097
395 4096
395 4095
394 4095
393 4094
392 4093
391 4093
390 4092
389 4092
388 4092
387 4092
386 4092
385 4092
384 4092
383 4092
382 4092
381 4092
380 4092
379 4092
378 4092
377 4092
376 4093
375 4093
374 4093
373 4093
372 4094
371 4094
370 4094
369 4094
368 4094
367 4094
366 4094
365 4094
364 4094
363 4094
362 4094
361 4094
360 4094
359 4094
358 4093
357 4093
356 4093
355 4093
354 4092
353 4092
352 4092
351 4092
350 4092
349 4092
348 4093
347 4093
346 4093
345 4093
344 4094
343 4094
342 4094
341 4094
340 4094
339 4094
338 4094
337 4094
336 4094
335 4094
334 4094
333 4094
332 4094
331 4094
330 4093
329 4093
328 4093
327 4092
326 4091
325 4091
324 4090
323 4090
322 4089
321 4089
320 4088
319 4088
318 4088
317 4088
316 4088
315 4088
314 4088
313 4088
312 4088
311 4088
310 4089
309 4089
308 4090
307 4090
306 4091
305 4091
304 4092
303 4092
302 4091
301 4091
300 4091
299 4091
298 4090
297 4090
296 4090
295 4090
294 4090
293 4090
292 4090
291 4090
290 4090
289 4090
288 4090
287 4090
286 4090
285 4090
284 4090
283 4090
282 4089
281 4089
280 4089
279 4089
278 4088
277 4088
276 4088
275 4088
274 4088
273 4088
272 4087
271 4087
270 4087
269 4087
268 4086
267 4086
266 4087
265 4087
264 4087
263 4087
262 4088
261 4088
260 4088
259 4088
258 4088
257 4088
256 4088
255 4088
254 4087
253 4087
252 4087
251 4087
250 4086
249 4086
248 4086
247 4086
246 4086
245 4086
244 4086
243 4086
242 4086
241 4086
