2253 2115
2252 2116
2251 2116
2250 2116
2249 2116
2248 2117
2247 2117
2246 2117
2245 2117
2244 2117
2243 2117
2242 2117
2241 2117
2240 2117
2239 2117
2238 2117
2237 2117
2236 2117
2235 2117
2234 2117
2233 2117
2232 2118
2231 2118
2230 2118
2229 2118
2228 2119
2227 2119
2226 2119
2225 2119
2224 2119
2223 2119
2222 2119
2221 2119
2220 2119
2219 2119
2218 2119
2217 2119
2216 2120
2215 2120
2214 2120
2213 2120
2212 2121
2211 2121
2210 2121
2209 2121
2208 2121
2207 2121
2206 2121
2205 2121
2204 2121
2203 2121
2202 2121
2201 2121
2200 2121
2199 2121
2198 2121
2197 2121
2196 2121
2195 2121
2194 2121
2193 2121
2192 2121
2191 2121
2190 2121
2189 2121
2188 2121
2187 2121
2186 2121
2185 2121
2184 2121
2183 2121
2182 2121
2181 2121
2180 2121
2179 2121
2178 2121
2177 2121
2176 2121
2175 2121
2174 2121
2173 2121
2172 2121
2171 2121
2170 2121
2169 2121
2168 2121
2167 2121
2166 2121
2165 2121
2164 2121
2163 2121
2162 2121
2161 2121
2160 2121
2159 2121
2158 2121
2157 2121
2156 2121
2155 2121
2154 2121
2153 2121
2152 2121
2151 2121
2150 2122
2149 2122
2148 2122
2147 2122
2146 2123
2145 2123
2144 2123
2143 2123
2142 2124
2141 2124
2140 2124
2139 2124
2138 2125
2137 2125
2136 2126
2135 2126
2134 2126
2133 2126
2132 2127
2131 2128
2130 2129
2129 2130
2128 2130
2127 2131
2126 2132
2125 2132
2124 2133
2123 2134
2122 2134
2121 2134
2120 2135
2119 2135
2118 2135
2117 2135
2116 2135
2115 2135
2114 2135
2113 2135
2112 2136
2111 2136
2110 2137
2109 2138
2108 2138
2108 2139
2107 2140
2106 2140
2106 2141
2105 2142
2104 2143
2103 2144
2102 2145
2102 2146
2101 2147
2101 2148
2100 2149
2099 2150
2098 2151
2098 2152
2097 2153
2096 2154
2096 2155
2095 2156
2094 2156
2094 2157
2093 2158
2092 2158
2092 2159
2091 2160
2090 2161
2089 2162
2088 2163
2088 2164
2087 2165
2086 2166
2086 2167
2085 2168
2084 2168
2084 2169
2083 2170
2082 2170
2082 2171
2081 2172
2080 2172
2080 2173
2079 2174
2078 2174
2078 2175
2077 2176
2076 2176
2076 2177
2075 2178
2074 2178
2074 2179
2073 2180
2072 2181
2071 2182
2070 2183
2070 2184
2069 2185
2068 2186
2068 2187
2067 2188
2066 2188
2066 2189
2065 2190
2064 2190
2064 2191
2063 2192
2062 2192
2062 2193
2061 2194
2060 2194
2060 2195
2059 2196
2058 2197
2058 2198
2057 2199
2057 2200
2056 2201
2056 2202
2055 2203
2055 2204
2054 2205
2053 2206
2052 2207
2052 2208
2052 2209
2051 2210
2050 2211
2050 2212
2050 2213
2049 2214
2048 2215
2048 2216
2048 2217
2047 2218
2046 2219
2046 2220
2045 2221
2045 2222
2044 2223
2043 2224
2042 2225
2042 2226
2042 2227
2041 2228
2040 2229
2040 2230
2040 2231
2040 2232
2039 2233
2039 2234
2038 2235
2038 2236
2038 2237
2038 2238
2037 2239
2037 2240
2037 2241
2037 2242
2037 2243
2037 2244
2037 2245
2037 2246
2037 2247
2037 2248
2037 2249
2037 2250
2037 2251
2037 2252
2037 2253
2037 2254
2037 2255
2037 2256
2037 2257
2037 2258
2037 2259
2037 2260
2038 2260
2039 2260
2040 2260
2041 2259
2042 2259
2043 2259
2044 2259
2045 2258
2046 2258
2047 2258
2048 2258
2049 2258
2050 2258
2051 2258
2052 2258
2053 2259
2054 2259
2055 2259
2056 2259
2057 2260
2058 2260
2059 2260
2060 2260
2061 2261
2062 2261
2063 2261
2064 2261
2065 2262
2066 2262
2067 2262
2068 2262
2069 2262
2070 2262
2071 2262
2072 2262
2073 2262
2074 2262
2075 2262
2076 2262
2077 2262
2078 2262
2079 2261
2080 2261
2081 2261
2082 2261
2083 2260
2084 2259
2085 2258
2086 2258
2087 2257
2088 2257
2089 2256
2090 2256
2091 2256
2092 2256
2093 2255
2094 2255
2095 2254
2096 2254
2097 2253
2098 2253
2099 2252
2100 2251
2101 2251
2102 2251
2103 2250
2104 2249
2105 2249
2106 2249
2107 2248
2108 2247
2109 2246
2110 2246
2111 2245
2112 2245
2113 2244
2114 2244
2115 2244
2116 2244
2117 2244
2118 2244
2119 2244
2120 2244
2121 2244
2122 2244
2123 2244
2124 2244
2125 2244
2126 2244
2127 2244
2128 2244
2129 2244
2130 2244
2131 2244
2132 2244
2133 2244
2134 2244
2135 2244
2136 2244
2137 2244
2138 2244
2139 2244
2140 2244
2141 2244
2142 2244
2143 2244
2144 2244
2145 2244
2146 2244
2147 2244
2148 2244
2149 2244
2150 2244
2151 2244
2152 2244
2153 2244
2154 2244
2155 2244
2156 2244
2157 2244
2158 2244
2159 2244
2160 2244
2161 2244
2162 2244
2163 2244
2164 2244
2165 2244
2166 2244
2167 2245
2168 2245
2169 2245
2170 2245
2171 2246
2172 2246
2173 2246
2174 2246
2175 2246
2176 2246
2177 2246
2178 2246
2179 2246
2180 2246
2181 2246
2182 2246
2183 2246
2184 2246
2185 2246
2186 2246
2187 2246
2188 2246
2189 2246
2190 2246
2191 2246
2192 2246
2193 2246
2194 2246
2195 2246
2196 2246
2197 2245
2198 2245
2199 2245
2200 2245
2201 2244
2202 2243
2203 2243
2204 2243
2205 2242
2206 2242
2207 2242
2208 2242
2209 2242
2210 2242
2211 2242
2212 2242
2213 2242
2214 2242
2215 2242
2216 2242
2217 2242
2218 2242
2219 2243
2220 2243
2221 2243
2222 2244
2223 2245
2224 2245
2225 2246
2226 2247
2227 2247
2228 2248
2229 2249
2230 2249
2231 2250
2232 2250
2233 2251
2234 2251
2235 2251
2236 2251
2237 2252
2238 2252
2239 2252
2240 2252
2241 2253
2242 2253
2243 2253
2244 2253
2245 2254
2246 2254
2247 2254
2248 2254
2249 2254
2250 2254
2251 2254
2252 2254
2253 2255
2254 2255
2255 2255
2256 2255
2257 2256
2258 2256
2259 2256
2260 2256
2261 2256
2262 2256
2263 2256
2264 2256
2265 2257
2266 2257
2267 2257
2268 2257
2269 2258
2270 2258
2271 2258
2272 2258
2273 2258
2274 2258
2275 2258
2276 2258
2277 2258
2278 2258
2279 2258
2280 2258
2281 2258
2282 2258
2283 2258
2284 2258
2285 2258
2286 2258
2287 2258
2288 2258
2289 2258
2290 2258
2291 2258
2292 2258
2293 2258
2294 2258
2295 2258
2296 2258
2297 2258
2298 2258
2299 2258
2300 2258
2301 2258
2302 2258
2303 2258
2304 2258
2305 2258
2306 2258
2307 2258
2308 2258
2309 2258
2310 2258
2311 2258
2312 2258
2313 2258
2314 2258
2315 2257
2316 2257
2317 2257
2318 2257
2319 2256
2320 2255
2321 2254
2322 2254
2323 2253
2324 2253
2325 2252
2326 2251
2327 2250
2328 2249
2329 2248
2330 2247
2331 2246
2331 2245
2332 2244
2333 2243
2334 2243
2335 2242
2336 2242
2337 2242
2338 2242
2339 2242
2340 2242
2341 2242
2342 2242
2343 2242
2344 2242
2345 2242
2346 2242
2347 2241
2348 2241
2349 2241
2350 2241
2351 2240
2352 2239
2353 2238
2354 2237
2355 2237
2356 2236
2357 2235
2358 2235
2359 2234
2360 2233
2361 2232
2362 2231
2363 2231
2364 2230
2365 2229
2366 2229
2367 2228
2368 2227
2369 2226
2370 2226
2371 2225
2372 2225
2373 2224
2374 2223
2375 2222
2376 2221
2377 2220
2378 2219
2379 2218
2379 2217
2380 2216
2381 2215
2381 2214
2382 2213
2383 2212
2383 2211
2384 2210
2384 2209
2385 2208
2385 2207
2385 2206
2385 2205
2386 2204
2386 2203
2386 2202
2386 2201
2386 2200
2386 2199
2386 2198
2386 2197
2386 2196
2386 2195
2386 2194
2386 2193
2386 2192
2386 2191
2386 2190
2386 2189
2386 2188
2386 2187
2386 2186
2386 2185
2386 2184
2386 2183
2386 2182
2386 2181
2386 2180
2386 2179
2385 2178
2385 2177
2384 2176
2383 2175
2383 2174
2382 2173
2381 2172
2381 2171
2380 2170
2380 2169
2379 2168
2379 2167
2378 2166
2378 2165
2377 2164
2377 2163
2376 2162
2375 2161
2374 2160
2373 2159
2373 2158
2372 2158
2371 2157
2371 2156
2370 2156
2369 2155
2369 2154
2368 2154
2367 2153
2367 2152
2366 2152
2365 2151
2364 2150
2363 2150
2362 2149
2361 2149
2360 2148
2359 2148
2358 2147
2357 2146
2356 2146
2355 2145
2355 2144
2354 2144
2353 2143
2352 2142
2351 2142
2350 2141
2349 2141
2348 2140
2347 2140
2346 2140
2345 2139
2344 2138
2343 2138
2342 2137
2341 2137
2340 2136
2339 2136
2338 2135
2337 2135
2336 2134
2335 2134
2334 2134
2333 2133
2332 2132
2331 2132
2330 2131
2329 2131
2328 2130
2327 2130
2326 2129
2325 2129
2324 2129
2323 2129
2322 2128
2321 2128
2320 2128
2319 2127
2318 2126
2317 2126
2316 2126
2315 2126
2314 2125
2313 2125
2312 2125
2311 2125
2310 2125
2309 2125
2308 2125
2307 2125
2306 2125
2305 2125
2304 2125
2303 2125
2302 2125
2301 2125
2300 2124
2299 2124
2298 2124
2297 2124
2296 2123
2295 2123
2294 2122
2293 2122
2292 2122
2291 2122
2290 2121
2289 2121
2288 2121
2287 2121
2286 2121
2285 2121
2284 2121
2283 2121
2282 2121
2281 2121
2280 2120
2279 2120
2278 2120
2277 2119
2276 2118
2275 2118
2274 2118
2273 2118
2272 2117
2271 2117
2270 2117
2269 2117
2268 2117
2267 2117
2266 2116
2265 2116
2264 2116
2263 2116
2262 2115
2261 2115
2260 2115
2259 2115
2258 2115
2257 2115
2256 2115
2255 2115
2254 2115
2253 2115
