899 3091
898 3092
897 3092
896 3092
895 3092
894 3093
893 3093
892 3093
891 3093
890 3093
889 3093
888 3093
887 3093
886 3093
885 3093
884 3093
883 3093
882 3093
881 3093
880 3094
879 3094
878 3095
877 3095
876 3096
875 3096
874 3097
873 3097
872 3098
871 3098
870 3098
869 3098
868 3099
867 3100
866 3101
865 3102
864 3103
863 3104
862 3105
862 3106
862 3107
862 3108
861 3109
861 3110
860 3111
860 3112
859 3113
858 3114
857 3114
856 3115
855 3115
854 3116
853 3116
852 3117
851 3118
850 3119
850 3120
849 3121
848 3122
847 3122
846 3123
845 3123
844 3124
843 3124
842 3125
841 3126
840 3126
840 3127
839 3128
838 3128
838 3129
837 3130
836 3130
835 3131
834 3132
833 3132
832 3133
831 3133
830 3133
829 3133
828 3133
827 3133
826 3134
825 3134
824 3134
823 3134
822 3135
821 3136
820 3136
819 3136
818 3137
817 3137
816 3138
815 3138
814 3138
813 3138
812 3139
811 3139
810 3140
809 3140
808 3140
807 3140
806 3141
805 3142
804 3143
803 3143
802 3144
801 3144
800 3145
799 3146
798 3146
797 3146
796 3147
795 3147
794 3147
793 3147
792 3147
791 3147
790 3147
789 3147
788 3147
787 3147
786 3147
785 3147
784 3147
783 3147
782 3147
781 3147
780 3146
779 3146
778 3146
777 3145
776 3144
775 3144
774 3144
773 3144
772 3143
771 3143
770 3142
769 3142
768 3142
767 3141
766 3140
765 3140
764 3139
763 3139
762 3138
761 3138
760 3137
759 3137
758 3137
757 3137
756 3137
755 3137
754 3136
753 3136
752 3136
751 3136
750 3135
749 3135
748 3135
747 3135
746 3135
745 3135
744 3135
743 3135
742 3134
741 3134
740 3134
739 3134
738 3133
737 3133
736 3132
735 3132
734 3132
733 3132
732 3131
731 3131
730 3130
729 3130
728 3129
727 3129
726 3128
725 3128
724 3127
723 3127
722 3127
721 3127
720 3127
719 3127
718 3127
717 3127
716 3127
715 3127
714 3127
713 3127
712 3128
711 3128
710 3128
709 3128
708 3129
707 3129
706 3129
705 3129
704 3129
703 3129
702 3129
701 3129
700 3129
699 3129
698 3130
697 3130
696 3130
695 3130
694 3131
693 3131
692 3132
691 3132
690 3133
690 3134
689 3135
689 3136
688 3137
688 3138
688 3139
688 3140
687 3141
687 3142
687 3143
687 3144
687 3145
687 3146
687 3147
687 3148
687 3149
687 3150
688 3151
688 3152
688 3153
688 3154
689 3155
689 3156
690 3157
690 3158
691 3159
691 3160
692 3161
692 3162
693 3163
694 3164
695 3165
696 3166
696 3167
697 3168
698 3169
698 3170
699 3171
699 3172
699 3173
699 3174
699 3175
699 3176
699 3177
699 3178
699 3179
699 3180
698 3181
698 3182
697 3183
697 3184
696 3185
696 3186
695 3187
695 3188
695 3189
695 3190
694 3191
694 3192
694 3193
694 3194
693 3195
693 3196
693 3197
693 3198
693 3199
693 3200
693 3201
693 3202
692 3203
692 3204
691 3205
690 3206
690 3207
689 3208
688 3209
688 3210
687 3211
687 3212
687 3213
687 3214
687 3215
687 3216
687 3217
687 3218
687 3219
687 3220
687 3221
687 3222
687 3223
687 3224
687 3225
687 3226
687 3227
687 3228
687 3229
687 3230
687 3231
687 3232
687 3233
687 3234
687 3235
687 3236
687 3237
687 3238
687 3239
687 3240
687 3241
687 3242
688 3243
688 3244
689 3245
690 3246
691 3247
692 3247
693 3248
694 3248
695 3249
696 3249
697 3249
698 3249
699 3250
700 3250
701 3250
702 3250
703 3250
704 3250
705 3250
706 3250
707 3250
708 3250
709 3250
710 3250
711 3250
712 3250
713 3250
714 3250
715 3250
716 3250
717 3250
718 3250
719 3250
720 3250
721 3250
722 3250
723 3250
724 3250
725 3250
726 3250
727 3250
728 3250
729 3250
730 3250
731 3250
732 3250
733 3250
734 3250
735 3250
736 3250
737 3250
738 3250
739 3250
740 3250
741 3251
742 3251
743 3251
744 3251
745 3252
746 3252
747 3252
748 3252
749 3252
750 3252
751 3252
752 3252
753 3252
754 3252
755 3253
756 3253
757 3253
758 3253
759 3254
760 3254
761 3254
762 3254
763 3254
764 3254
765 3255
766 3255
767 3255
768 3255
769 3256
770 3256
771 3256
772 3256
773 3256
774 3256
775 3256
776 3256
777 3256
778 3256
779 3255
780 3255
781 3255
782 3255
783 3254
784 3253
785 3253
786 3253
787 3252
788 3252
789 3252
790 3252
791 3252
792 3252
793 3252
794 3252
795 3252
796 3252
797 3253
798 3253
799 3253
800 3254
801 3255
802 3255
803 3255
804 3256
805 3257
806 3257
807 3258
808 3259
809 3259
810 3260
811 3261
812 3262
813 3263
814 3263
815 3263
816 3264
817 3265
818 3265
819 3265
820 3265
821 3266
822 3266
823 3266
824 3266
825 3267
826 3267
827 3267
828 3267
829 3268
830 3268
831 3268
832 3268
833 3268
834 3268
835 3268
836 3268
837 3268
838 3268
839 3268
840 3268
841 3268
842 3268
843 3268
844 3268
845 3268
846 3268
847 3268
848 3268
849 3268
850 3268
851 3268
852 3268
853 3268
854 3268
855 3268
856 3268
857 3268
858 3268
859 3268
860 3268
861 3268
862 3268
863 3268
864 3268
865 3268
866 3268
867 3268
868 3268
869 3268
870 3268
871 3268
872 3268
873 3268
874 3268
875 3268
876 3268
877 3268
878 3268
879 3268
880 3268
881 3268
882 3268
883 3268
884 3268
885 3267
886 3267
887 3266
888 3266
889 3265
890 3265
891 3264
892 3264
893 3263
894 3263
895 3263
896 3263
897 3262
898 3262
899 3262
900 3262
901 3262
902 3262
903 3262
904 3262
905 3262
906 3262
907 3262
908 3262
909 3262
910 3262
911 3262
912 3262
913 3262
914 3262
915 3262
916 3262
917 3262
918 3262
919 3261
920 3261
921 3261
922 3261
923 3260
924 3260
925 3260
926 3260
927 3260
928 3260
929 3259
930 3259
931 3258
932 3258
933 3257
934 3257
935 3256
936 3256
937 3256
938 3256
939 3256
940 3256
941 3256
942 3256
943 3255
944 3255
945 3255
946 3255
947 3254
948 3253
949 3252
950 3252
951 3251
952 3251
953 3250
954 3249
955 3248
956 3247
957 3246
957 3245
957 3244
958 3243
959 3242
959 3241
960 3240
961 3239
961 3238
962 3237
963 3236
963 3235
964 3234
964 3233
964 3232
964 3231
965 3230
965 3229
966 3228
966 3227
967 3226
968 3225
969 3224
969 3223
970 3222
971 3221
971 3220
972 3219
973 3218
973 3217
974 3216
974 3215
974 3214
974 3213
974 3212
974 3211
974 3210
974 3209
975 3208
975 3207
975 3206
975 3205
976 3204
976 3203
976 3202
976 3201
976 3200
976 3199
976 3198
976 3197
976 3196
976 3195
976 3194
976 3193
976 3192
976 3191
976 3190
976 3189
976 3188
976 3187
976 3186
976 3185
976 3184
976 3183
976 3182
976 3181
976 3180
976 3179
976 3178
976 3177
976 3176
976 3175
976 3174
976 3173
976 3172
976 3171
976 3170
976 3169
976 3168
976 3167
976 3166
976 3165
977 3164
977 3163
977 3162
977 3161
978 3160
978 3159
978 3158
978 3157
977 3156
977 3155
976 3154
975 3153
975 3152
974 3152
973 3151
973 3150
972 3150
971 3149
971 3148
970 3148
969 3147
969 3146
968 3146
967 3145
967 3144
966 3143
965 3142
965 3141
964 3140
963 3139
962 3138
961 3137
961 3136
960 3135
959 3134
959 3133
958 3132
958 3131
957 3130
957 3129
957 3128
957 3127
956 3126
956 3125
956 3124
956 3123
955 3122
955 3121
955 3120
955 3119
954 3118
953 3117
952 3116
951 3115
951 3114
950 3114
949 3113
949 3112
948 3112
947 3111
946 3110
945 3109
944 3108
943 3108
942 3108
941 3107
940 3106
939 3106
938 3106
937 3105
936 3104
935 3104
934 3103
933 3102
932 3102
931 3101
931 3100
930 3100
929 3099
929 3098
928 3098
927 3097
926 3096
925 3095
924 3094
923 3094
922 3093
921 3093
920 3092
919 3092
918 3091
917 3091
916 3091
915 3091
914 3091
913 3091
912 3091
911 3091
910 3091
909 3091
908 3091
907 3091
906 3091
905 3091
904 3091
903 3091
902 3091
901 3091
900 3091
899 3091
