881 811
880 812
879 812
878 813
877 814
876 814
876 815
875 816
874 816
874 817
873 818
872 818
872 819
871 820
870 820
870 821
869 822
868 822
868 823
867 824
866 825
866 826
865 827
865 828
865 829
865 830
865 831
865 832
864 833
864 834
864 835
863 836
862 837
862 838
861 839
861 840
860 841
860 842
859 843
859 844
858 845
858 846
858 847
857 848
856 849
856 850
856 851
856 852
855 853
855 854
854 855
854 856
854 857
853 858
852 859
852 860
852 861
851 862
850 863
850 864
850 865
849 866
848 867
848 868
848 869
847 870
846 871
846 872
846 873
845 874
844 875
844 876
844 877
843 878
842 879
842 880
842 881
842 882
841 883
841 884
840 885
840 886
839 887
838 888
838 889
837 890
836 890
836 891
835 892
834 892
834 893
833 894
832 894
832 895
831 896
830 896
830 897
829 898
828 898
828 899
827 900
826 900
826 901
825 902
824 902
824 903
823 904
822 904
822 905
821 906
820 906
820 907
819 908
818 909
817 910
816 911
816 912
815 913
814 914
814 915
813 916
812 916
812 917
811 918
810 918
810 919
809 920
808 920
808 921
807 922
806 922
806 923
805 924
804 924
804 925
803 926
802 926
802 927
801 928
800 928
800 929
799 930
798 930
798 931
797 932
796 932
796 933
795 934
794 934
794 935
793 936
792 936
792 937
791 938
790 938
790 939
789 940
788 940
788 941
787 942
786 942
786 943
785 944
784 945
783 946
782 947
782 948
781 949
780 950
780 951
779 952
778 952
778 953
777 954
776 955
775 956
774 957
774 958
773 959
772 960
772 961
771 962
770 963
769 964
768 965
768 966
768 967
768 968
767 969
767 970
767 971
767 972
768 973
768 974
769 975
770 976
770 977
771 977
772 978
772 979
773 979
774 980
774 981
775 981
776 982
776 983
777 983
778 984
778 985
779 985
780 986
780 987
781 987
782 988
783 989
784 990
785 991
786 991
787 992
788 993
789 993
790 994
791 995
792 996
793 997
794 997
795 997
796 998
797 999
798 999
799 1000
800 1001
801 1001
802 1002
803 1003
804 1004
805 1005
806 1005
807 1006
808 1006
809 1007
810 1007
811 1008
812 1008
813 1008
814 1008
815 1009
816 1009
817 1010
818 1011
819 1011
820 1012
820 1013
821 1013
822 1014
823 1015
824 1016
825 1017
826 1017
827 1017
828 1017
829 1018
830 1018
831 1019
832 1019
833 1020
834 1021
835 1021
836 1022
837 1023
838 1024
839 1025
840 1025
841 1026
842 1026
843 1027
844 1027
845 1027
846 1028
847 1028
848 1028
849 1028
850 1028
851 1029
852 1029
853 1029
854 1030
855 1031
856 1031
857 1031
858 1032
859 1033
860 1033
861 1033
862 1033
863 1034
864 1034
865 1035
866 1035
867 1036
868 1036
869 1037
870 1038
871 1039
872 1039
873 1039
874 1039
875 1040
876 1040
877 1040
878 1040
879 1041
880 1041
881 1042
882 1043
883 1043
884 1044
885 1045
886 1046
887 1047
888 1047
889 1047
890 1048
891 1049
892 1049
893 1049
894 1049
895 1050
896 1050
897 1051
898 1051
899 1051
900 1051
901 1052
902 1052
903 1053
904 1053
905 1053
906 1054
907 1055
908 1055
909 1056
910 1056
911 1057
912 1057
913 1058
914 1058
915 1058
916 1058
917 1059
918 1059
919 1059
920 1059
921 1060
922 1060
923 1060
924 1060
925 1061
926 1061
927 1061
928 1062
929 1063
930 1063
931 1063
932 1064
933 1065
934 1065
935 1065
936 1066
937 1067
938 1067
939 1067
940 1067
941 1068
942 1068
943 1068
944 1068
945 1068
946 1068
947 1068
948 1068
949 1068
950 1068
951 1068
952 1068
953 1068
954 1068
955 1068
956 1068
957 1068
958 1068
959 1068
960 1068
961 1068
962 1068
963 1068
964 1068
965 1068
966 1068
967 1068
968 1068
969 1068
970 1068
971 1068
972 1068
973 1068
974 1068
975 1068
976 1068
977 1068
978 1068
979 1068
980 1068
981 1067
982 1067
983 1067
984 1067
985 1066
986 1066
987 1066
988 1066
989 1066
990 1066
991 1065
992 1065
993 1065
994 1065
995 1064
996 1064
997 1064
998 1064
999 1064
1000 1064
1001 1064
1002 1064
1003 1063
1004 1063
1005 1063
1006 1063
1007 1062
1008 1062
1009 1062
1010 1062
1011 1061
1012 1061
1013 1061
1014 1061
1015 1060
1016 1060
1017 1060
1018 1060
1019 1060
1020 1060
1021 1060
1022 1060
1023 1060
1024 1060
1025 1060
1026 1060
1027 1060
1028 1060
1029 1060
1030 1060
1031 1060
1032 1060
1033 1060
1034 1060
1035 1060
1036 1060
1037 1060
1038 1060
1039 1060
1040 1060
1041 1060
1042 1060
1043 1060
1044 1060
1045 1059
1046 1059
1047 1059
1048 1059
1049 1058
1050 1058
1051 1058
1052 1058
1053 1058
1054 1058
1055 1058
1056 1058
1057 1058
1058 1058
1059 1058
1060 1058
1061 1058
1062 1058
1063 1058
1064 1058
1065 1058
1066 1058
1067 1058
1068 1058
1069 1058
1070 1058
1071 1058
1072 1058
1073 1057
1074 1057
1075 1057
1076 1057
1077 1056
1078 1056
1079 1056
1080 1056
1081 1056
1082 1056
1083 1056
1084 1056
1085 1056
1086 1056
1087 1056
1088 1056
1089 1056
1090 1056
1091 1056
1092 1056
1093 1056
1094 1056
1095 1056
1096 1056
1097 1056
1098 1056
1099 1055
1100 1055
1101 1055
1102 1055
1103 1054
1104 1054
1105 1054
1106 1054
1107 1054
1108 1054
1109 1053
1110 1053
1111 1053
1112 1053
1113 1052
1114 1052
1115 1052
1116 1052
1117 1052
1118 1052
1119 1052
1120 1052
1121 1051
1122 1051
1123 1050
1124 1049
1125 1049
1126 1048
1127 1047
1128 1047
1129 1046
1130 1046
1131 1046
1132 1046
1133 1046
1134 1046
1135 1046
1136 1046
1137 1047
1138 1047
1139 1047
1140 1047
1141 1048
1142 1048
1143 1048
1144 1048
1145 1049
1146 1049
1147 1049
1148 1049
1149 1050
1150 1050
1151 1050
1152 1050
1153 1050
1154 1050
1155 1050
1156 1050
1157 1050
1158 1050
1159 1050
1160 1050
1161 1050
1162 1050
1163 1050
1164 1050
1165 1050
1166 1050
1167 1050
1168 1050
1169 1050
1170 1050
1171 1050
1172 1050
1173 1050
1174 1050
1175 1050
1176 1050
1177 1049
1178 1049
1179 1049
1180 1049
1181 1048
1182 1048
1183 1048
1184 1048
1185 1048
1186 1048
1187 1048
1188 1048
1189 1048
1190 1048
1191 1048
1192 1048
1193 1047
1194 1047
1195 1047
1196 1047
1197 1046
1198 1046
1199 1046
1200 1046
1201 1045
1202 1045
1203 1045
1204 1045
1205 1044
1206 1044
1207 1044
1208 1044
1209 1044
1210 1044
1211 1044
1212 1044
1213 1044
1214 1044
1215 1044
1216 1044
1217 1044
1218 1044
1219 1044
1220 1044
1221 1044
1222 1044
1223 1044
1224 1044
1225 1044
1226 1044
1227 1044
1228 1044
1229 1044
1230 1044
1231 1044
1232 1044
1233 1044
1234 1044
1235 1044
1236 1044
1237 1044
1238 1044
1239 1044
1240 1044
1241 1044
1242 1044
1243 1044
1244 1044
1245 1043
1246 1043
1247 1043
1248 1043
1249 1042
1250 1042
1251 1042
1252 1042
1253 1042
1254 1042
1255 1042
1256 1042
1257 1042
1258 1042
1259 1042
1260 1042
1261 1041
1262 1041
1263 1041
1264 1041
1265 1040
1266 1040
1267 1040
1268 1040
1269 1039
1270 1039
1271 1039
1272 1039
1273 1038
1274 1038
1275 1037
1276 1037
1277 1037
1278 1037
1279 1036
1280 1036
1281 1035
1282 1035
1283 1034
1284 1033
1285 1033
1285 1032
1286 1031
1287 1030
1288 1029
1289 1028
1289 1027
1290 1026
1291 1025
1292 1024
1293 1023
1294 1023
1295 1022
1296 1021
1297 1020
1298 1020
1299 1019
1300 1019
1301 1018
1302 1018
1303 1018
1304 1018
1305 1018
1306 1018
1307 1018
1308 1018
1309 1018
1310 1018
1311 1017
1312 1017
1313 1016
1314 1015
1315 1015
1316 1014
1317 1013
1318 1013
1319 1012
1320 1012
1321 1011
1322 1011
1323 1010
1324 1010
1325 1009
1326 1009
1327 1008
1328 1008
1329 1008
1330 1008
1331 1008
1332 1008
1333 1008
1334 1008
1335 1008
1336 1008
1337 1008
1338 1008
1339 1008
1340 1008
1341 1008
1342 1008
1343 1008
1344 1008
1345 1008
1346 1008
1347 1008
1348 1008
1349 1008
1350 1008
1351 1008
1352 1008
1353 1008
1354 1008
1355 1008
1356 1008
1357 1008
1358 1008
1359 1008
1360 1008
1361 1008
1362 1008
1363 1008
1364 1008
1365 1008
1366 1008
1367 1008
1368 1008
1369 1008
1370 1008
1371 1008
1372 1008
1373 1007
1374 1007
1375 1007
1376 1007
1377 1006
1378 1006
1379 1006
1380 1006
1381 1006
1382 1006
1383 1006
1384 1006
1385 1006
1386 1006
1387 1006
1388 1006
1389 1005
1390 1005
1391 1005
1392 1005
1393 1004
1394 1003
1395 1002
1396 1002
1397 1001
1398 1001
1399 1000
1400 999
1401 999
1402 999
1403 998
1404 997
1405 996
1406 995
1407 995
1407 994
1408 993
1409 993
1409 992
1410 991
1411 991
1411 990
1412 989
1413 989
1413 988
1414 987
1415 987
1415 986
1416 985
1417 985
1417 984
1418 983
1419 983
1419 982
1420 981
1421 981
1421 980
1422 979
1423 978
1424 977
1425 976
1425 975
1425 974
1426 973
1427 972
1427 971
1427 970
1427 969
1428 968
1428 967
1429 966
1429 965
1429 964
1429 963
1430 962
1430 961
1431 960
1431 959
1431 958
1432 957
1433 956
1433 955
1433 954
1433 953
1434 952
1434 951
1434 950
1434 949
1434 948
1434 947
1434 946
1434 945
1435 944
1435 943
1435 942
1435 941
1436 940
1436 939
1436 938
1436 937
1436 936
1436 935
1436 934
1436 933
1436 932
1436 931
1436 930
1436 929
1436 928
1436 927
1436 926
1436 925
1437 924
1437 923
1438 922
1438 921
1439 920
1439 919
1440 918
1440 917
1440 916
1440 915
1440 914
1440 913
1440 912
1440 911
1440 910
1440 909
1440 908
1440 907
1439 906
1439 905
1439 904
1439 903
1438 902
1437 901
1437 900
1437 899
1436 898
1436 897
1436 896
1436 895
1435 894
1435 893
1434 892
1434 891
1433 890
1433 889
1432 888
1432 887
1431 886
1431 885
1430 884
1429 883
1429 882
1428 882
1427 881
1427 880
1426 879
1425 878
1425 877
1424 876
1424 875
1423 874
1423 873
1423 872
1423 871
1422 870
1421 869
1421 868
1421 867
1420 866
1420 865
1420 864
1420 863
1420 862
1420 861
1420 860
1420 859
1419 858
1419 857
1418 856
1417 855
1417 854
1416 854
1415 853
1414 852
1413 851
1412 850
1411 850
1410 849
1409 848
1408 848
1407 847
1406 846
1405 845
1404 844
1403 844
1402 843
1401 842
1400 842
1399 841
1399 840
1398 840
1397 839
1396 838
1395 837
1394 836
1393 836
1392 835
1391 835
1390 834
1389 834
1388 833
1387 833
1386 832
1385 832
1384 832
1383 832
1382 831
1381 831
1380 831
1379 831
1378 831
1377 831
1376 831
1375 831
1374 831
1373 831
1372 831
1371 831
1370 831
1369 831
1368 831
1367 831
1366 831
1365 831
1364 831
1363 831
1362 831
1361 831
1360 831
1359 831
1358 831
1357 831
1356 831
1355 831
1354 831
1353 831
1352 831
1351 831
1350 831
1349 831
1348 831
1347 831
1346 831
1345 831
1344 831
1343 831
1342 831
1341 831
1340 831
1339 831
1338 831
1337 831
1336 831
1335 831
1334 831
1333 831
1332 831
1331 831
1330 831
1329 831
1328 831
1327 831
1326 831
1325 831
1324 831
1323 831
1322 831
1321 831
1320 831
1319 831
1318 831
1317 831
1316 831
1315 831
1314 831
1313 831
1312 831
1311 831
1310 830
1309 830
1308 829
1307 829
1306 828
1305 827
1304 826
1303 826
1302 826
1301 826
1300 825
1299 825
1298 825
1297 825
1296 825
1295 825
1294 825
1293 825
1292 825
1291 825
1290 825
1289 825
1288 825
1287 825
1286 825
1285 825
1284 826
1283 826
1282 826
1281 826
1280 827
1279 827
1278 827
1277 827
1276 827
1275 827
1274 827
1273 827
1272 828
1271 828
1270 828
1269 828
1268 829
1267 829
1266 830
1265 830
1264 830
1263 830
1262 831
1261 831
1260 831
1259 831
1258 832
1257 832
1256 832
1255 832
1254 833
1253 833
1252 834
1251 834
1250 835
1249 835
1248 836
1247 836
1246 837
1245 837
1244 837
1243 837
1242 837
1241 837
1240 838
1239 838
1238 838
1237 838
1236 839
1235 839
1234 839
1233 839
1232 839
1231 839
1230 839
1229 839
1228 839
1227 839
1226 839
1225 839
1224 839
1223 839
1222 839
1221 839
1220 839
1219 839
1218 840
1217 840
1216 840
1215 840
1214 841
1213 841
1212 841
1211 841
1210 842
1209 842
1208 842
1207 842
1206 843
1205 843
1204 843
1203 843
1202 843
1201 843
1200 843
1199 843
1198 843
1197 843
1196 843
1195 843
1194 844
1193 844
1192 844
1191 844
1190 845
1189 845
1188 845
1187 845
1186 845
1185 845
1184 845
1183 845
1182 845
1181 845
1180 845
1179 845
1178 845
1177 845
1176 845
1175 845
1174 845
1173 845
1172 845
1171 845
1170 845
1169 845
1168 845
1167 845
1166 845
1165 845
1164 845
1163 845
1162 845
1161 845
1160 845
1159 845
1158 845
1157 845
1156 845
1155 845
1154 845
1153 845
1152 845
1151 845
1150 845
1149 845
1148 845
1147 845
1146 845
1145 845
1144 845
1143 845
1142 845
1141 845
1140 845
1139 845
1138 845
1137 845
1136 845
1135 845
1134 845
1133 845
1132 845
1131 845
1130 845
1129 845
1128 845
1127 845
1126 845
1125 845
1124 845
1123 845
1122 845
1121 845
1120 845
1119 845
1118 845
1117 845
1116 845
1115 845
1114 845
1113 845
1112 845
1111 845
1110 844
1109 844
1108 844
1107 844
1106 843
1105 843
1104 843
1103 843
1102 843
1101 843
1100 843
1099 843
1098 843
1097 843
1096 843
1095 843
1094 843
1093 843
1092 843
1091 843
1090 843
1089 843
1088 843
1087 843
1086 843
1085 843
1084 843
1083 843
1082 843
1081 843
1080 843
1079 843
1078 843
1077 843
1076 843
1075 843
1074 843
1073 843
1072 842
1071 842
1070 842
1069 842
1068 841
1067 841
1066 841
1065 841
1064 841
1063 841
1062 841
1061 841
1060 841
1059 841
1058 840
1057 840
1056 840
1055 840
1054 839
1053 839
1052 839
1051 839
1050 839
1049 839
1048 839
1047 839
1046 839
1045 839
1044 839
1043 839
1042 838
1041 838
1040 838
1039 838
1038 837
1037 837
1036 837
1035 837
1034 837
1033 837
1032 837
1031 837
1030 836
1029 836
1028 836
1027 836
1026 835
1025 835
1024 835
1023 835
1022 835
1021 835
1020 835
1019 835
1018 834
1017 834
1016 834
1015 834
1014 833
1013 833
1012 832
1011 832
1010 832
1009 832
1008 831
1007 831
1006 831
1005 831
1004 831
1003 831
1002 831
1001 831
1000 831
999 831
998 830
997 830
996 830
995 830
994 829
993 829
992 828
991 828
990 828
989 828
988 827
987 827
986 827
985 827
984 827
983 827
982 827
981 827
980 826
979 826
978 826
977 826
976 825
975 825
974 825
973 825
972 824
971 824
970 824
969 824
968 823
967 823
966 823
965 823
964 823
963 823
962 823
961 823
960 822
959 822
958 822
957 822
956 821
955 821
954 821
953 821
952 821
951 821
950 821
949 821
948 821
947 821
946 820
945 820
944 820
943 820
942 819
941 819
940 819
939 819
938 819
937 819
936 819
935 819
934 818
933 818
932 818
931 818
930 817
929 817
928 817
927 817
926 817
925 817
924 817
923 817
922 816
921 816
920 816
919 816
918 815
917 815
916 815
915 815
914 815
913 815
912 815
911 815
910 814
909 814
908 814
907 814
906 813
905 813
904 813
903 813
902 813
901 813
900 813
899 813
898 812
897 812
896 812
895 812
894 811
893 811
892 811
891 811
890 811
889 811
888 811
887 811
886 811
885 811
884 811
883 811
882 811
881 811
