391 388
390 389
389 389
388 389
387 389
386 390
385 390
384 390
383 390
382 390
381 390
380 390
379 390
378 390
377 390
376 391
375 391
374 392
373 393
372 394
371 395
370 396
369 397
368 398
367 398
366 398
365 398
364 399
363 399
362 399
361 400
360 401
359 402
358 403
357 403
356 403
355 404
354 405
353 406
352 406
351 406
350 407
349 408
348 409
347 410
346 411
345 412
344 412
343 413
342 413
341 414
340 414
339 415
338 415
337 415
336 416
335 417
334 417
333 418
332 418
331 419
330 419
329 420
328 420
327 420
326 421
325 422
324 423
323 423
322 424
321 424
320 424
319 425
318 426
317 426
316 426
315 427
314 427
313 428
312 428
311 429
310 429
309 430
308 430
307 430
306 431
305 432
304 432
303 433
302 434
301 434
300 435
299 436
298 437
297 438
296 438
295 439
294 440
293 440
292 441
291 442
290 443
290 444
289 445
289 446
288 447
288 448
288 449
288 450
287 451
286 451
286 452
285 453
284 453
284 454
283 455
282 456
282 457
281 458
281 459
282 460
282 461
283 462
284 463
285 464
286 464
287 465
288 465
289 466
290 466
291 467
292 468
293 468
294 469
294 470
295 470
296 471
296 472
297 473
298 474
298 475
299 476
300 477
301 478
302 479
302 480
303 480
304 481
304 482
305 482
306 483
306 484
307 484
308 485
309 486
310 486
311 487
312 487
313 487
314 487
315 487
316 487
317 487
318 487
319 488
320 488
321 489
322 490
323 490
324 491
324 492
325 492
326 493
326 494
327 494
328 495
328 496
329 497
330 498
330 499
331 500
331 501
332 502
332 503
332 504
332 505
333 506
333 507
333 508
333 509
333 510
333 511
334 512
334 513
334 514
334 515
335 516
335 517
336 518
336 519
337 520
338 520
339 521
340 521
341 522
342 522
343 523
344 524
345 524
346 525
347 526
348 526
349 527
350 527
351 528
352 528
353 529
354 529
355 530
356 531
357 532
358 532
359 532
360 532
361 533
362 533
363 533
364 533
365 534
366 534
367 535
368 535
369 536
370 536
371 537
372 537
373 537
374 537
375 538
376 538
377 538
378 538
379 539
380 539
381 539
382 539
383 539
384 539
385 539
386 539
387 540
388 540
389 540
390 540
391 541
392 541
393 541
394 541
395 541
396 541
397 541
398 541
399 541
400 541
401 541
402 541
403 541
404 541
405 541
406 541
407 542
408 542
409 543
410 543
411 544
412 544
413 545
414 545
415 545
416 545
417 545
418 545
419 545
420 545
421 545
422 545
423 545
424 545
425 545
426 545
427 545
428 545
429 545
430 545
431 545
432 545
433 544
434 544
435 544
436 544
437 543
438 543
439 543
440 543
441 543
442 543
443 543
444 543
445 543
446 543
447 543
448 543
449 543
450 543
451 543
452 543
453 544
454 544
455 544
456 544
457 545
458 545
459 545
460 545
461 545
462 545
463 545
464 545
465 545
466 545
467 545
468 545
469 545
470 545
471 545
472 545
473 545
474 545
475 545
476 545
477 544
478 544
479 544
480 544
481 543
482 543
483 543
484 543
485 543
486 543
487 543
488 543
489 543
490 543
491 543
492 543
493 543
494 543
495 543
496 543
497 543
498 543
499 543
500 543
501 543
502 543
503 543
504 543
505 543
506 543
507 543
508 543
509 543
510 543
511 542
512 542
513 542
514 542
515 541
516 541
517 541
518 541
519 540
520 540
521 540
522 540
523 539
524 539
525 538
526 538
527 538
528 538
529 537
530 537
531 537
532 537
533 537
534 537
535 537
536 537
537 537
538 537
539 537
540 537
541 537
542 537
543 537
544 537
545 537
546 537
547 537
548 537
549 537
550 537
551 537
552 537
553 537
554 537
555 537
556 537
557 537
558 537
559 537
560 537
561 536
562 536
563 536
564 536
565 535
566 535
567 535
568 535
569 535
570 535
571 535
572 535
573 535
574 535
575 535
576 535
577 535
578 535
579 535
580 535
581 535
582 535
583 535
584 535
585 534
586 534
587 534
588 534
589 533
590 533
591 533
592 533
593 533
594 533
595 533
596 533
597 532
598 532
599 531
600 531
601 530
602 530
603 529
604 528
605 528
606 528
607 527
608 527
609 527
610 527
611 528
612 528
613 528
614 528
615 529
616 529
617 529
618 529
619 529
620 529
621 529
622 529
623 529
624 529
625 529
626 529
627 528
628 528
629 528
630 528
631 527
632 527
633 526
634 526
635 526
636 526
637 525
638 525
639 524
640 524
641 524
642 524
643 523
644 523
645 523
646 523
647 523
648 523
649 522
650 522
651 522
652 522
653 521
654 521
655 520
656 520
657 520
658 520
659 519
660 519
661 518
662 518
663 518
664 518
665 517
666 517
667 517
668 517
669 516
670 516
671 515
672 514
673 514
674 513
675 512
676 512
677 511
678 511
679 511
680 511
681 511
682 511
683 511
684 511
685 511
686 511
687 510
688 510
689 509
690 508
691 508
692 507
693 506
694 506
695 505
696 504
697 503
698 502
699 502
700 501
701 500
702 500
703 499
704 498
705 497
706 496
707 496
707 495
708 494
709 493
710 492
711 491
711 490
712 489
713 488
713 487
714 486
715 485
715 484
716 483
716 482
716 481
716 480
716 479
716 478
716 477
716 476
716 475
716 474
716 473
716 472
716 471
716 470
716 469
716 468
716 467
716 466
715 465
715 464
714 463
713 462
712 461
711 461
710 460
709 459
708 459
707 458
707 457
706 457
705 456
705 455
704 455
703 454
702 453
701 452
700 451
699 451
698 450
697 449
696 449
695 448
695 447
694 447
693 446
693 445
692 445
691 444
690 443
689 443
688 442
687 442
686 441
685 440
684 439
683 438
682 437
681 436
681 435
680 435
679 434
679 433
678 433
677 432
677 431
676 431
675 430
674 429
673 428
672 427
671 427
670 427
669 427
668 426
667 426
666 426
665 426
664 425
663 425
662 425
661 425
660 424
659 424
658 423
657 423
656 423
655 423
654 422
653 422
652 422
651 422
650 422
649 422
648 422
647 422
646 422
645 422
644 421
643 421
642 421
641 420
640 419
639 419
638 419
637 418
636 417
635 417
634 416
633 415
632 415
631 414
631 413
630 413
629 412
628 411
627 411
626 410
625 410
624 409
623 409
622 409
621 409
620 408
619 408
618 407
617 407
616 407
615 407
614 406
613 406
612 406
611 406
610 405
609 405
608 405
607 405
606 404
605 404
604 404
603 404
602 404
601 404
600 404
599 404
598 404
597 404
596 404
595 404
594 404
593 404
592 404
591 404
590 403
589 403
588 403
587 403
586 402
585 402
584 402
583 402
582 402
581 402
580 402
579 402
578 402
577 402
576 401
575 401
574 401
573 401
572 400
571 400
570 400
569 400
568 400
567 400
566 400
565 400
564 400
563 400
562 400
561 400
560 400
559 400
558 400
557 400
556 399
555 399
554 399
553 399
552 398
551 398
550 398
549 398
548 398
547 398
546 398
545 398
544 398
543 398
542 399
541 399
540 399
539 399
538 400
537 400
536 400
535 400
534 400
533 400
532 400
531 400
530 400
529 400
528 400
527 400
526 400
525 400
524 400
523 400
522 400
521 400
520 400
519 400
518 400
517 400
516 400
515 400
514 400
513 400
512 400
511 400
510 400
509 400
508 400
507 400
506 400
505 400
504 400
503 400
502 400
501 400
500 400
499 400
498 399
497 399
496 399
495 399
494 398
493 398
492 398
491 398
490 398
489 398
488 398
487 398
486 398
485 398
484 398
483 398
482 398
481 398
480 398
479 398
478 397
477 397
476 397
475 397
474 396
473 396
472 396
471 396
470 396
469 396
468 395
467 395
466 395
465 395
464 394
463 394
462 394
461 394
460 394
459 394
458 394
457 394
456 393
455 393
454 393
453 393
452 392
451 392
450 392
449 392
448 392
447 392
446 392
445 392
444 392
443 392
442 392
441 392
440 391
439 391
438 391
437 391
436 390
435 390
434 390
433 390
432 390
431 390
430 390
429 390
428 390
427 390
426 390
425 390
424 390
423 390
422 390
421 390
420 390
419 390
418 390
417 390
416 390
415 390
414 389
413 389
412 389
411 389
410 388
409 388
408 388
407 388
406 388
405 388
404 388
403 388
402 388
401 388
400 388
399 388
398 388
397 388
396 388
395 388
394 388
393 388
392 388
391 388
