1235 5073
1234 5074
1233 5074
1232 5074
1231 5074
1230 5075
1229 5075
1228 5075
1227 5075
1226 5075
1225 5075
1224 5075
1223 5075
1222 5076
1221 5076
1220 5076
1219 5076
1218 5077
1217 5078
1216 5078
1215 5078
1214 5079
1213 5080
1212 5080
1211 5080
1210 5081
1209 5081
1208 5081
1207 5081
1206 5081
1205 5081
1204 5082
1203 5082
1202 5082
1201 5082
1200 5083
1199 5083
1198 5083
1197 5083
1196 5083
1195 5083
1194 5083
1193 5083
1192 5083
1191 5083
1190 5083
1189 5083
1188 5083
1187 5083
1186 5084
1185 5084
1184 5085
1183 5086
1182 5086
1182 5087
1181 5088
1180 5088
1179 5089
1178 5090
1177 5090
1176 5091
1175 5092
1174 5093
1173 5094
1172 5094
1172 5095
1171 5096
1170 5096
1169 5097
1168 5098
1167 5098
1166 5099
1165 5100
1164 5101
1163 5102
1162 5102
1161 5103
1160 5104
1159 5104
1158 5105
1157 5106
1156 5106
1155 5106
1154 5107
1153 5108
1152 5109
1151 5109
1150 5110
1149 5110
1148 5111
1147 5112
1146 5112
1145 5112
1144 5113
1143 5114
1142 5114
1141 5114
1140 5115
1139 5116
1138 5116
1137 5116
1136 5117
1135 5118
1134 5118
1133 5118
1132 5119
1131 5120
1130 5120
1129 5120
1128 5121
1127 5122
1126 5123
1125 5124
1124 5125
1124 5126
1123 5127
1123 5128
1123 5129
1123 5130
1123 5131
1123 5132
1124 5133
1124 5134
1125 5135
1126 5136
1126 5137
1127 5137
1128 5138
1129 5139
1130 5139
1131 5140
1132 5140
1133 5140
1134 5140
1135 5140
1136 5140
1137 5140
1138 5140
1139 5140
1140 5140
1141 5141
1142 5141
1143 5141
1144 5141
1145 5142
1146 5142
1147 5142
1148 5142
1149 5142
1150 5142
1151 5142
1152 5142
1153 5142
1154 5142
1155 5142
1156 5142
1157 5142
1158 5142
1159 5142
1160 5142
1161 5142
1162 5142
1163 5143
1164 5143
1165 5143
1166 5143
1167 5144
1168 5144
1169 5144
1170 5144
1171 5144
1172 5144
1173 5145
1174 5145
1175 5146
1176 5147
1177 5147
1178 5148
1178 5149
1179 5149
1180 5150
1180 5151
1181 5151
1182 5152
1182 5153
1183 5154
1184 5155
1184 5156
1185 5157
1185 5158
1186 5159
1186 5160
1187 5161
1188 5162
1188 5163
1189 5163
1190 5164
1190 5165
1191 5165
1192 5166
1192 5167
1193 5167
1194 5168
1195 5169
1196 5169
1197 5170
1198 5170
1199 5170
1200 5170
1201 5170
1202 5170
1203 5170
1204 5170
1205 5170
1206 5170
1207 5170
1208 5170
1209 5170
1210 5170
1211 5170
1212 5170
1213 5170
1214 5170
1215 5170
1216 5170
1217 5170
1218 5170
1219 5170
1220 5170
1221 5170
1222 5170
1223 5170
1224 5170
1225 5170
1226 5170
1227 5170
1228 5170
1229 5170
1230 5170
1231 5170
1232 5170
1233 5170
1234 5170
1235 5170
1236 5170
1237 5170
1238 5170
1239 5171
1240 5171
1241 5172
1242 5173
1243 5173
1244 5174
1245 5175
1246 5175
1247 5176
1248 5176
1249 5176
1250 5176
1251 5176
1252 5176
1253 5176
1254 5176
1255 5177
1256 5177
1257 5177
1258 5177
1259 5178
1260 5178
1261 5178
1262 5178
1263 5179
1264 5179
1265 5179
1266 5179
1267 5180
1268 5180
1269 5180
1270 5180
1271 5180
1272 5180
1273 5181
1274 5181
1275 5181
1276 5181
1277 5182
1278 5182
1279 5182
1280 5182
1281 5182
1282 5182
1283 5182
1284 5182
1285 5182
1286 5182
1287 5182
1288 5182
1289 5182
1290 5182
1291 5182
1292 5182
1293 5182
1294 5182
1295 5182
1296 5182
1297 5182
1298 5182
1299 5182
1300 5182
1301 5182
1302 5182
1303 5182
1304 5182
1305 5182
1306 5182
1307 5181
1308 5181
1309 5180
1310 5179
1311 5179
1312 5178
1313 5177
1314 5177
1315 5176
1316 5176
1317 5176
1318 5176
1319 5176
1320 5176
1321 5176
1322 5176
1323 5176
1324 5176
1325 5176
1326 5176
1327 5176
1328 5176
1329 5176
1330 5176
1331 5176
1332 5176
1333 5176
1334 5176
1335 5176
1336 5176
1337 5176
1338 5176
1339 5176
1340 5176
1341 5176
1342 5176
1343 5176
1344 5176
1345 5176
1346 5176
1347 5176
1348 5176
1349 5176
1350 5176
1351 5176
1352 5176
1353 5176
1354 5176
1355 5176
1356 5176
1357 5176
1358 5176
1359 5176
1360 5176
1361 5176
1362 5176
1363 5176
1364 5176
1365 5176
1366 5176
1367 5176
1368 5176
1369 5176
1370 5176
1371 5176
1372 5176
1373 5176
1374 5176
1375 5175
1376 5175
1377 5175
1378 5175
1379 5174
1380 5174
1381 5174
1382 5174
1383 5174
1384 5174
1385 5173
1386 5173
1387 5173
1388 5173
1389 5172
1390 5172
1391 5172
1392 5172
1393 5172
1394 5172
1395 5172
1396 5172
1397 5172
1398 5172
1399 5172
1400 5172
1401 5172
1402 5172
1403 5172
1404 5172
1405 5172
1406 5172
1407 5172
1408 5172
1409 5172
1410 5172
1411 5172
1412 5172
1413 5172
1414 5172
1415 5172
1416 5172
1417 5172
1418 5172
1419 5172
1420 5172
1421 5172
1422 5172
1423 5171
1424 5171
1425 5171
1426 5171
1427 5170
1428 5169
1429 5168
1430 5167
1431 5167
1431 5166
1432 5165
1433 5164
1433 5163
1434 5162
1434 5161
1434 5160
1434 5159
1434 5158
1434 5157
1434 5156
1434 5155
1434 5154
1434 5153
1434 5152
1434 5151
1434 5150
1434 5149
1434 5148
1434 5147
1434 5146
1434 5145
1434 5144
1434 5143
1433 5142
1433 5141
1433 5140
1433 5139
1432 5138
1432 5137
1432 5136
1432 5135
1432 5134
1432 5133
1432 5132
1432 5131
1432 5130
1432 5129
1432 5128
1432 5127
1432 5126
1432 5125
1432 5124
1432 5123
1431 5122
1431 5121
1430 5120
1430 5119
1429 5118
1429 5117
1428 5116
1427 5115
1427 5114
1427 5113
1426 5112
1426 5111
1426 5110
1426 5109
1426 5108
1426 5107
1426 5106
1426 5105
1426 5104
1426 5103
1426 5102
1426 5101
1425 5100
1425 5099
1424 5098
1423 5097
1422 5096
1421 5096
1420 5095
1419 5095
1418 5095
1417 5095
1416 5095
1415 5095
1414 5095
1413 5095
1412 5095
1411 5095
1410 5095
1409 5095
1408 5095
1407 5095
1406 5095
1405 5095
1404 5095
1403 5095
1402 5096
1401 5096
1400 5096
1399 5096
1398 5097
1397 5097
1396 5097
1395 5097
1394 5097
1393 5097
1392 5097
1391 5097
1390 5097
1389 5097
1388 5097
1387 5097
1386 5096
1385 5096
1384 5095
1383 5095
1382 5094
1381 5093
1380 5092
1379 5092
1378 5091
1377 5091
1376 5090
1375 5089
1374 5088
1373 5088
1372 5087
1371 5086
1370 5086
1369 5085
1369 5084
1368 5084
1367 5083
1366 5082
1365 5082
1364 5081
1363 5081
1362 5081
1361 5081
1360 5081
1359 5081
1358 5081
1357 5081
1356 5081
1355 5081
1354 5081
1353 5081
1352 5081
1351 5081
1350 5081
1349 5081
1348 5081
1347 5081
1346 5081
1345 5081
1344 5080
1343 5080
1342 5080
1341 5079
1340 5078
1339 5078
1338 5078
1337 5078
1336 5077
1335 5077
1334 5078
1333 5078
1332 5078
1331 5078
1330 5079
1329 5080
1328 5080
1327 5080
1326 5081
1325 5081
1324 5082
1323 5082
1322 5082
1321 5082
1320 5083
1319 5084
1318 5084
1317 5084
1316 5085
1315 5085
1314 5085
1313 5085
1312 5085
1311 5085
1310 5085
1309 5085
1308 5085
1307 5085
1306 5085
1305 5085
1304 5085
1303 5085
1302 5085
1301 5085
1300 5085
1299 5085
1298 5085
1297 5085
1296 5085
1295 5085
1294 5085
1293 5085
1292 5085
1291 5085
1290 5084
1289 5084
1288 5084
1287 5084
1286 5083
1285 5083
1284 5082
1283 5082
1282 5082
1281 5081
1280 5080
1279 5080
1278 5079
1277 5079
1276 5078
1275 5078
1274 5077
1273 5077
1272 5077
1271 5077
1270 5077
1269 5077
1268 5077
1267 5077
1266 5077
1265 5077
1264 5077
1263 5077
1262 5077
1261 5077
1260 5077
1259 5077
1258 5077
1257 5077
1256 5076
1255 5076
1254 5076
1253 5076
1252 5075
1251 5075
1250 5075
1249 5075
1248 5074
1247 5074
1246 5074
1245 5074
1244 5073
1243 5073
1242 5073
1241 5073
1240 5073
1239 5073
1238 5073
1237 5073
1236 5073
1235 5073
