1391 2557
1390 2558
1389 2558
1388 2558
1387 2558
1386 2559
1385 2559
1384 2559
1383 2559
1382 2560
1381 2560
1380 2560
1379 2560
1378 2561
1377 2561
1376 2561
1375 2561
1374 2562
1373 2562
1372 2562
1371 2562
1370 2563
1369 2563
1368 2563
1367 2563
1366 2563
1365 2563
1364 2563
1363 2563
1362 2563
1361 2563
1360 2563
1359 2563
1358 2563
1357 2563
1356 2563
1355 2563
1354 2563
1353 2563
1352 2563
1351 2563
1350 2563
1349 2563
1348 2563
1347 2563
1346 2563
1345 2563
1344 2563
1343 2563
1342 2563
1341 2563
1340 2563
1339 2563
1338 2563
1337 2563
1336 2563
1335 2563
1334 2563
1333 2563
1332 2563
1331 2563
1330 2563
1329 2563
1328 2563
1327 2563
1326 2563
1325 2563
1324 2563
1323 2563
1322 2563
1321 2563
1320 2563
1319 2563
1318 2563
1317 2563
1316 2563
1315 2563
1314 2563
1313 2563
1312 2563
1311 2563
1310 2563
1309 2563
1308 2563
1307 2563
1306 2563
1305 2563
1304 2563
1303 2563
1302 2563
1301 2563
1300 2564
1299 2564
1298 2564
1297 2564
1296 2565
1295 2565
1294 2565
1293 2565
1292 2566
1291 2566
1290 2566
1289 2566
1288 2567
1287 2567
1286 2567
1285 2567
1284 2568
1283 2568
1282 2568
1281 2568
1280 2569
1279 2569
1278 2569
1277 2569
1276 2569
1275 2569
1274 2570
1273 2570
1272 2570
1271 2570
1270 2571
1269 2572
1268 2572
1267 2572
1266 2573
1265 2573
1264 2574
1263 2574
1262 2575
1261 2575
1260 2576
1259 2576
1258 2577
1257 2578
1256 2578
1255 2578
1254 2579
1253 2580
1252 2581
1251 2582
1250 2582
1249 2583
1248 2584
1247 2584
1246 2585
1245 2585
1244 2586
1243 2586
1242 2586
1241 2586
1240 2587
1239 2587
1238 2588
1237 2588
1236 2589
1235 2589
1234 2590
1233 2590
1232 2591
1231 2591
1230 2592
1229 2592
1228 2592
1227 2592
1226 2593
1225 2593
1224 2594
1223 2594
1222 2594
1221 2594
1220 2595
1219 2596
1218 2596
1217 2596
1216 2597
1215 2598
1214 2598
1213 2598
1212 2599
1211 2600
1210 2600
1209 2600
1208 2601
1207 2601
1206 2602
1205 2602
1204 2602
1203 2602
1202 2603
1201 2604
1200 2604
1199 2604
1198 2605
1197 2606
1196 2606
1195 2606
1194 2607
1193 2608
1192 2609
1191 2609
1190 2610
1189 2610
1188 2611
1187 2611
1186 2612
1185 2612
1184 2612
1183 2612
1182 2613
1181 2613
1180 2614
1179 2614
1178 2614
1177 2614
1176 2615
1175 2615
1174 2616
1173 2616
1172 2616
1171 2616
1170 2617
1169 2618
1168 2618
1167 2618
1166 2619
1165 2619
1164 2619
1163 2619
1162 2620
1161 2620
1160 2620
1159 2620
1158 2621
1157 2621
1156 2622
1155 2622
1154 2623
1153 2623
1152 2624
1151 2624
1150 2625
1149 2625
1148 2625
1147 2625
1146 2625
1145 2625
1144 2626
1143 2626
1142 2626
1141 2626
1140 2627
1139 2628
1138 2628
1137 2628
1136 2629
1135 2629
1134 2630
1133 2630
1132 2631
1131 2632
1130 2632
1129 2633
1128 2634
1127 2634
1126 2635
1125 2635
1124 2635
1123 2635
1122 2636
1121 2636
1120 2637
1120 2638
1119 2639
1119 2640
1118 2641
1118 2642
1117 2643
1116 2644
1116 2645
1115 2646
1114 2647
1114 2648
1113 2649
1113 2650
1113 2651
1113 2652
1113 2653
1113 2654
1113 2655
1113 2656
1113 2657
1113 2658
1113 2659
1113 2660
1114 2661
1114 2662
1115 2663
1116 2663
1117 2664
1118 2664
1119 2664
1120 2664
1121 2664
1122 2664
1123 2664
1124 2664
1125 2664
1126 2664
1127 2664
1128 2664
1129 2664
1130 2664
1131 2664
1132 2664
1133 2664
1134 2664
1135 2664
1136 2664
1137 2664
1138 2664
1139 2664
1140 2664
1141 2664
1142 2664
1143 2664
1144 2664
1145 2664
1146 2664
1147 2664
1148 2664
1149 2664
1150 2664
1151 2664
1152 2664
1153 2664
1154 2664
1155 2664
1156 2664
1157 2664
1158 2664
1159 2663
1160 2663
1161 2663
1162 2663
1163 2662
1164 2662
1165 2662
1166 2662
1167 2662
1168 2662
1169 2662
1170 2662
1171 2662
1172 2662
1173 2662
1174 2662
1175 2662
1176 2662
1177 2662
1178 2662
1179 2662
1180 2662
1181 2662
1182 2662
1183 2662
1184 2662
1185 2662
1186 2662
1187 2662
1188 2662
1189 2661
1190 2661
1191 2661
1192 2661
1193 2660
1194 2660
1195 2660
1196 2660
1197 2660
1198 2660
1199 2660
1200 2660
1201 2660
1202 2660
1203 2660
1204 2660
1205 2660
1206 2660
1207 2660
1208 2660
1209 2659
1210 2659
1211 2659
1212 2659
1213 2658
1214 2658
1215 2658
1216 2658
1217 2658
1218 2658
1219 2658
1220 2658
1221 2658
1222 2658
1223 2658
1224 2658
1225 2658
1226 2658
1227 2658
1228 2658
1229 2657
1230 2657
1231 2657
1232 2657
1233 2656
1234 2656
1235 2656
1236 2656
1237 2656
1238 2656
1239 2656
1240 2656
1241 2656
1242 2656
1243 2656
1244 2656
1245 2656
1246 2656
1247 2656
1248 2656
1249 2656
1250 2656
1251 2656
1252 2656
1253 2656
1254 2656
1255 2656
1256 2656
1257 2656
1258 2656
1259 2656
1260 2656
1261 2655
1262 2655
1263 2655
1264 2655
1265 2654
1266 2654
1267 2654
1268 2654
1269 2654
1270 2654
1271 2654
1272 2654
1273 2654
1274 2654
1275 2654
1276 2654
1277 2654
1278 2654
1279 2654
1280 2654
1281 2654
1282 2654
1283 2654
1284 2654
1285 2654
1286 2654
1287 2654
1288 2654
1289 2654
1290 2654
1291 2653
1292 2653
1293 2653
1294 2653
1295 2652
1296 2652
1297 2652
1298 2652
1299 2652
1300 2652
1301 2652
1302 2652
1303 2652
1304 2652
1305 2652
1306 2652
1307 2652
1308 2652
1309 2652
1310 2652
1311 2652
1312 2652
1313 2652
1314 2652
1315 2652
1316 2652
1317 2652
1318 2652
1319 2652
1320 2652
1321 2652
1322 2652
1323 2652
1324 2652
1325 2653
1326 2653
1327 2653
1328 2653
1329 2654
1330 2654
1331 2654
1332 2654
1333 2654
1334 2654
1335 2654
1336 2654
1337 2654
1338 2654
1339 2654
1340 2654
1341 2655
1342 2655
1343 2656
1344 2656
1345 2657
1346 2657
1347 2658
1348 2658
1349 2658
1350 2658
1351 2659
1352 2659
1353 2659
1354 2659
1355 2660
1356 2660
1357 2660
1358 2660
1359 2661
1360 2661
1361 2661
1362 2661
1363 2662
1364 2662
1365 2662
1366 2662
1367 2662
1368 2662
1369 2662
1370 2662
1371 2662
1372 2662
1373 2662
1374 2662
1375 2663
1376 2663
1377 2663
1378 2663
1379 2664
1380 2664
1381 2665
1382 2665
1383 2665
1384 2665
1385 2666
1386 2666
1387 2667
1388 2667
1389 2667
1390 2668
1391 2669
1392 2669
1393 2669
1394 2669
1395 2670
1396 2670
1397 2670
1398 2670
1399 2671
1400 2671
1401 2672
1402 2672
1403 2673
1404 2674
1405 2675
1406 2675
1407 2676
1408 2676
1409 2677
1410 2677
1411 2678
1412 2678
1413 2679
1414 2679
1415 2679
1416 2679
1417 2680
1418 2680
1419 2680
1420 2680
1421 2680
1422 2680
1423 2680
1424 2680
1425 2680
1426 2680
1427 2680
1428 2680
1429 2681
1430 2681
1431 2682
1432 2683
1433 2683
1434 2684
1434 2685
1435 2685
1436 2686
1437 2687
1438 2688
1439 2689
1440 2689
1441 2689
1442 2689
1443 2690
1444 2690
1445 2690
1446 2690
1447 2690
1448 2690
1449 2691
1450 2691
1451 2692
1452 2692
1453 2693
1454 2693
1455 2694
1456 2694
1457 2694
1458 2694
1459 2694
1460 2694
1461 2694
1462 2694
1463 2694
1464 2694
1465 2694
1466 2694
1467 2694
1468 2694
1469 2694
1470 2694
1471 2694
1472 2694
1473 2694
1474 2694
1475 2694
1476 2694
1477 2694
1478 2694
1479 2694
1480 2694
1481 2694
1482 2694
1483 2693
1484 2693
1485 2693
1486 2693
1487 2692
1488 2691
1489 2691
1490 2691
1491 2690
1492 2690
1493 2690
1494 2690
1495 2690
1496 2690
1497 2689
1498 2689
1499 2689
1500 2689
1501 2688
1502 2687
1503 2686
1504 2686
1505 2685
1506 2685
1507 2684
1508 2683
1509 2682
1510 2682
1511 2681
1512 2681
1513 2680
1514 2680
1515 2679
1516 2679
1517 2679
1518 2679
1519 2678
1520 2678
1521 2677
1522 2677
1523 2677
1524 2677
1525 2676
1526 2675
1527 2674
1528 2674
1529 2673
1530 2673
1531 2672
1532 2671
1533 2671
1534 2671
1535 2670
1536 2669
1537 2668
1538 2667
1539 2666
1540 2665
1541 2664
1541 2663
1541 2662
1542 2661
1543 2660
1543 2659
1543 2658
1544 2657
1545 2656
1545 2655
1546 2654
1546 2653
1547 2652
1547 2651
1548 2650
1548 2649
1549 2648
1549 2647
1549 2646
1549 2645
1550 2644
1550 2643
1550 2642
1550 2641
1550 2640
1550 2639
1549 2638
1549 2637
1548 2636
1547 2635
1547 2634
1546 2634
1545 2633
1545 2632
1544 2631
1543 2630
1543 2629
1542 2628
1542 2627
1541 2626
1541 2625
1540 2624
1539 2623
1539 2622
1538 2622
1537 2621
1537 2620
1536 2620
1535 2619
1535 2618
1534 2618
1533 2617
1533 2616
1532 2616
1531 2615
1531 2614
1530 2614
1529 2613
1529 2612
1528 2612
1527 2611
1527 2610
1526 2610
1525 2609
1525 2608
1524 2608
1523 2607
1523 2606
1522 2606
1521 2605
1521 2604
1520 2604
1519 2603
1519 2602
1518 2602
1517 2601
1517 2600
1516 2600
1515 2599
1515 2598
1514 2598
1513 2597
1513 2596
1512 2596
1511 2595
1511 2594
1510 2594
1509 2593
1509 2592
1508 2592
1507 2591
1507 2590
1506 2590
1505 2589
1505 2588
1504 2588
1503 2587
1503 2586
1502 2586
1501 2585
1501 2584
1500 2584
1499 2583
1499 2582
1498 2582
1497 2581
1497 2580
1496 2580
1495 2579
1495 2578
1494 2578
1493 2577
1493 2576
1492 2576
1491 2575
1491 2574
1490 2574
1489 2573
1489 2572
1488 2572
1487 2571
1487 2570
1486 2570
1485 2569
1484 2568
1483 2567
1482 2566
1481 2566
1480 2565
1479 2565
1478 2564
1477 2564
1476 2563
1475 2563
1474 2563
1473 2563
1472 2562
1471 2562
1470 2562
1469 2562
1468 2561
1467 2561
1466 2561
1465 2561
1464 2561
1463 2561
1462 2561
1461 2561
1460 2560
1459 2560
1458 2560
1457 2560
1456 2559
1455 2559
1454 2559
1453 2559
1452 2559
1451 2559
1450 2559
1449 2559
1448 2559
1447 2559
1446 2559
1445 2559
1444 2559
1443 2559
1442 2559
1441 2559
1440 2559
1439 2559
1438 2559
1437 2559
1436 2559
1435 2559
1434 2559
1433 2559
1432 2559
1431 2559
1430 2559
1429 2559
1428 2558
1427 2558
1426 2558
1425 2558
1424 2557
1423 2557
1422 2557
1421 2557
1420 2557
1419 2557
1418 2557
1417 2557
1416 2557
1415 2557
1414 2557
1413 2557
1412 2557
1411 2557
1410 2557
1409 2557
1408 2557
1407 2557
1406 2557
1405 2557
1404 2557
1403 2557
1402 2557
1401 2557
1400 2557
1399 2557
1398 2557
1397 2557
1396 2557
1395 2557
1394 2557
1393 2557
1392 2557
1391 2557
