633 3681
632 3682
631 3682
630 3682
629 3683
628 3684
627 3685
627 3686
627 3687
627 3688
627 3689
627 3690
628 3691
628 3692
628 3693
628 3694
629 3695
629 3696
630 3697
630 3698
630 3699
630 3700
631 3701
632 3702
632 3703
632 3704
633 3705
633 3706
634 3707
634 3708
634 3709
634 3710
635 3711
636 3712
636 3713
636 3714
637 3715
637 3716
638 3717
638 3718
639 3719
640 3720
640 3721
641 3721
642 3722
642 3723
643 3723
644 3724
644 3725
645 3726
646 3727
646 3728
647 3729
648 3730
649 3731
650 3732
650 3733
651 3733
652 3734
652 3735
653 3735
654 3736
654 3737
655 3737
656 3738
657 3739
658 3739
659 3740
660 3740
661 3740
662 3740
663 3740
664 3740
665 3740
666 3740
667 3740
668 3740
669 3740
670 3740
671 3741
672 3741
673 3741
674 3741
675 3742
676 3742
677 3742
678 3742
679 3742
680 3742
681 3742
682 3742
683 3742
684 3742
685 3742
686 3742
687 3742
688 3742
689 3742
690 3742
691 3742
692 3742
693 3742
694 3742
695 3742
696 3742
697 3742
698 3742
699 3742
700 3742
701 3742
702 3742
703 3743
704 3743
705 3743
706 3744
707 3745
708 3745
709 3745
710 3745
711 3746
712 3746
713 3746
714 3746
715 3746
716 3746
717 3746
718 3746
719 3746
720 3746
721 3746
722 3746
723 3746
724 3746
725 3746
726 3746
727 3746
728 3746
729 3746
730 3746
731 3746
732 3746
733 3747
734 3747
735 3747
736 3747
737 3748
738 3748
739 3748
740 3748
741 3748
742 3748
743 3748
744 3748
745 3747
746 3747
747 3747
748 3747
749 3746
750 3746
751 3746
752 3746
753 3746
754 3746
755 3746
756 3746
757 3746
758 3746
759 3747
759 3748
759 3749
759 3750
759 3751
759 3752
760 3752
761 3751
762 3751
763 3750
764 3750
765 3749
766 3749
767 3749
768 3749
769 3750
770 3750
771 3751
772 3751
773 3752
774 3752
775 3752
776 3752
777 3752
778 3752
779 3752
780 3752
781 3752
782 3752
783 3752
784 3752
785 3752
786 3752
787 3752
788 3752
789 3752
790 3752
791 3751
792 3751
793 3751
794 3751
795 3750
796 3750
797 3749
798 3749
799 3749
800 3749
801 3748
802 3748
803 3748
804 3748
805 3748
806 3748
807 3748
808 3748
809 3748
810 3748
811 3748
812 3748
813 3748
814 3748
815 3748
816 3748
817 3748
818 3748
819 3748
820 3748
821 3748
822 3748
823 3748
824 3748
825 3748
826 3748
827 3748
828 3748
829 3747
830 3747
831 3747
832 3747
833 3746
834 3746
835 3746
836 3746
837 3746
838 3746
839 3745
840 3745
841 3745
842 3745
843 3744
844 3743
845 3743
846 3743
847 3742
848 3741
849 3740
850 3739
851 3739
851 3738
852 3737
853 3737
853 3736
854 3735
855 3735
856 3734
857 3733
858 3733
859 3732
860 3732
861 3732
862 3732
863 3731
864 3731
865 3731
866 3731
867 3730
868 3730
869 3729
870 3729
871 3728
872 3727
873 3727
873 3726
874 3725
875 3724
875 3723
876 3722
876 3721
875 3720
875 3719
874 3718
874 3717
873 3716
873 3715
872 3714
871 3713
870 3712
869 3711
868 3710
867 3710
866 3709
865 3708
865 3707
864 3706
863 3705
863 3704
863 3703
862 3702
862 3701
863 3700
863 3699
864 3698
865 3697
866 3696
867 3695
868 3694
868 3693
867 3693
866 3693
865 3693
864 3692
863 3692
862 3691
861 3690
860 3690
859 3689
859 3688
858 3688
857 3687
857 3686
856 3686
855 3685
854 3684
853 3684
852 3683
851 3683
850 3683
849 3683
848 3683
847 3683
846 3683
845 3683
844 3683
843 3683
842 3683
841 3683
840 3683
839 3683
838 3683
837 3683
836 3683
835 3683
834 3683
833 3683
832 3683
831 3683
830 3683
829 3683
828 3683
827 3683
826 3683
825 3683
824 3683
823 3683
822 3683
821 3683
820 3683
819 3683
818 3683
817 3683
816 3683
815 3683
814 3683
813 3683
812 3683
811 3683
810 3683
809 3683
808 3683
807 3683
806 3683
805 3683
804 3683
803 3683
802 3683
801 3683
800 3683
799 3683
798 3683
797 3683
796 3683
795 3683
794 3683
793 3683
792 3683
791 3683
790 3683
789 3683
788 3683
787 3683
786 3683
785 3683
784 3683
783 3683
782 3683
781 3683
780 3683
779 3683
778 3683
777 3683
776 3683
775 3683
774 3683
773 3683
772 3683
771 3683
770 3683
769 3683
768 3683
767 3683
766 3683
765 3683
764 3683
763 3683
762 3683
761 3683
760 3683
759 3683
758 3683
757 3683
756 3683
755 3683
754 3683
753 3683
752 3683
751 3683
750 3683
749 3683
748 3683
747 3683
746 3683
745 3683
744 3683
743 3683
742 3683
741 3683
740 3683
739 3683
738 3683
737 3683
736 3683
735 3683
734 3683
733 3683
732 3683
731 3683
730 3683
729 3683
728 3683
727 3683
726 3683
725 3683
724 3683
723 3683
722 3683
721 3683
720 3683
719 3683
718 3683
717 3683
716 3682
715 3682
714 3682
713 3682
712 3681
711 3681
710 3681
709 3681
708 3681
707 3681
706 3681
705 3681
704 3681
703 3681
702 3681
701 3681
700 3681
699 3681
698 3681
697 3681
696 3681
695 3681
694 3681
693 3681
692 3682
691 3682
690 3683
689 3683
688 3684
687 3684
686 3685
685 3685
684 3686
683 3686
682 3686
681 3686
680 3687
679 3687
678 3687
677 3687
676 3687
675 3687
674 3687
673 3687
672 3686
671 3686
670 3686
669 3686
668 3685
667 3685
666 3685
665 3685
664 3685
663 3685
662 3684
661 3684
660 3683
659 3683
658 3682
657 3682
656 3681
655 3681
654 3681
653 3681
652 3681
651 3681
650 3681
649 3681
648 3681
647 3681
646 3681
645 3681
644 3681
643 3681
642 3681
641 3681
640 3681
639 3681
638 3681
637 3681
636 3681
635 3681
634 3681
633 3681
