717 2399
716 2400
715 2400
714 2401
713 2401
712 2402
711 2402
710 2403
709 2403
708 2403
707 2403
706 2403
705 2403
704 2403
703 2403
702 2404
701 2404
700 2404
699 2404
698 2405
697 2405
696 2405
695 2405
694 2406
693 2406
692 2406
691 2406
690 2407
689 2407
688 2408
687 2408
686 2408
685 2408
684 2409
683 2409
682 2409
681 2409
680 2409
679 2409
678 2409
677 2409
676 2409
675 2409
674 2409
673 2409
672 2409
671 2409
670 2409
669 2409
668 2409
667 2409
666 2409
665 2409
664 2410
663 2410
662 2411
661 2412
660 2412
659 2413
658 2414
657 2414
656 2415
655 2415
654 2415
653 2415
652 2416
651 2416
650 2417
649 2418
648 2418
648 2419
647 2420
646 2420
646 2421
645 2422
644 2422
643 2423
642 2424
641 2424
640 2425
639 2425
638 2426
637 2426
636 2426
635 2426
634 2427
633 2428
632 2428
631 2428
630 2429
629 2430
628 2431
627 2432
626 2432
626 2433
625 2434
624 2434
624 2435
623 2436
622 2436
622 2437
621 2438
620 2439
620 2440
619 2441
619 2442
619 2443
619 2444
619 2445
619 2446
619 2447
619 2448
619 2449
619 2450
619 2451
619 2452
619 2453
619 2454
620 2455
620 2456
620 2457
620 2458
621 2459
622 2460
622 2461
622 2462
623 2463
624 2464
624 2465
624 2466
625 2467
626 2468
627 2469
628 2470
628 2471
629 2472
630 2473
630 2474
631 2475
632 2476
633 2477
634 2478
634 2479
635 2479
636 2480
636 2481
637 2481
638 2482
638 2483
639 2483
640 2484
640 2485
641 2485
642 2486
643 2487
644 2487
645 2488
646 2488
647 2488
648 2488
649 2488
650 2488
651 2488
652 2488
653 2488
654 2488
655 2488
656 2488
657 2488
658 2488
659 2488
660 2488
661 2488
662 2488
663 2488
664 2488
665 2488
666 2488
667 2488
668 2488
669 2488
670 2488
671 2488
672 2488
673 2488
674 2488
675 2488
676 2488
677 2488
678 2488
679 2488
680 2488
681 2488
682 2488
683 2488
684 2488
685 2488
686 2488
687 2488
688 2488
689 2488
690 2488
691 2488
692 2488
693 2487
694 2487
695 2487
696 2487
697 2486
698 2486
699 2485
700 2485
701 2485
702 2485
703 2484
704 2484
705 2484
706 2484
707 2484
708 2484
709 2484
710 2484
711 2484
712 2484
713 2483
714 2483
715 2483
716 2483
717 2482
718 2482
719 2482
720 2482
721 2482
722 2482
723 2482
724 2482
725 2482
726 2482
727 2482
728 2482
729 2482
730 2482
731 2482
732 2482
733 2482
734 2482
735 2482
736 2482
737 2482
738 2482
739 2482
740 2482
741 2482
742 2482
743 2482
744 2482
745 2482
746 2482
747 2482
748 2482
749 2481
750 2481
751 2481
752 2481
753 2480
754 2480
755 2480
756 2480
757 2480
758 2480
759 2479
760 2479
761 2479
762 2479
763 2478
764 2478
765 2478
766 2478
767 2478
768 2478
769 2478
770 2478
771 2478
772 2478
773 2478
774 2478
775 2478
776 2478
777 2478
778 2478
779 2478
780 2478
781 2478
782 2478
783 2478
784 2478
785 2478
786 2478
787 2479
788 2479
789 2479
790 2479
791 2480
792 2480
793 2480
794 2480
795 2480
796 2480
797 2480
798 2480
799 2480
800 2480
801 2481
802 2481
803 2481
804 2481
805 2482
806 2482
807 2482
808 2482
809 2482
810 2482
811 2482
812 2482
813 2482
814 2482
815 2482
816 2482
817 2482
818 2482
819 2482
820 2482
821 2482
822 2482
823 2482
824 2482
825 2481
826 2481
827 2481
828 2481
829 2480
830 2480
831 2480
832 2480
833 2480
834 2480
835 2480
836 2480
837 2480
838 2480
839 2480
840 2480
841 2480
842 2480
843 2480
844 2480
845 2480
846 2480
847 2479
848 2479
849 2479
850 2479
851 2478
852 2478
853 2478
854 2478
855 2478
856 2478
857 2477
858 2477
859 2476
860 2475
861 2474
862 2473
863 2472
863 2471
864 2470
865 2469
866 2469
867 2468
868 2467
869 2467
870 2467
871 2466
872 2465
873 2464
874 2463
875 2462
875 2461
876 2460
876 2459
876 2458
876 2457
876 2456
876 2455
876 2454
876 2453
876 2452
876 2451
876 2450
876 2449
875 2448
875 2447
874 2446
873 2445
873 2444
872 2444
871 2443
870 2442
869 2441
868 2440
867 2440
866 2440
865 2439
864 2438
863 2438
862 2437
861 2436
860 2436
859 2435
858 2434
857 2433
856 2432
855 2432
854 2432
853 2431
852 2430
851 2430
850 2429
849 2429
848 2428
847 2428
846 2427
845 2427
844 2427
843 2427
842 2427
841 2427
840 2427
839 2427
838 2427
837 2427
836 2427
835 2427
834 2427
833 2427
832 2426
831 2426
830 2426
829 2426
828 2425
827 2425
826 2424
825 2424
824 2424
823 2424
822 2423
821 2423
820 2423
819 2423
818 2423
817 2423
816 2423
815 2423
814 2422
813 2422
812 2422
811 2422
810 2421
809 2421
808 2421
807 2421
806 2421
805 2421
804 2420
803 2420
802 2420
801 2420
800 2419
799 2419
798 2419
797 2419
796 2419
795 2419
794 2418
793 2418
792 2417
791 2417
790 2416
789 2416
788 2415
787 2415
786 2415
785 2415
784 2415
783 2415
782 2414
781 2414
780 2414
779 2413
778 2412
777 2412
776 2412
775 2412
774 2411
773 2411
772 2411
771 2411
770 2411
769 2411
768 2410
767 2410
766 2410
765 2409
764 2408
763 2408
762 2408
761 2407
760 2406
759 2406
758 2406
757 2406
756 2405
755 2405
754 2405
753 2405
752 2405
751 2405
750 2404
749 2404
748 2404
747 2404
746 2403
745 2403
744 2403
743 2403
742 2403
741 2403
740 2403
739 2403
738 2402
737 2402
736 2401
735 2401
734 2400
733 2400
732 2399
731 2399
730 2399
729 2399
728 2399
727 2399
726 2399
725 2399
724 2399
723 2399
722 2399
721 2399
720 2399
719 2399
718 2399
717 2399
