877 339
876 340
875 340
874 340
873 340
872 341
871 341
870 341
869 341
868 341
867 341
866 342
865 342
864 343
863 343
862 344
861 344
860 345
859 345
858 345
857 345
856 345
855 345
854 345
853 345
852 346
851 346
850 346
849 346
848 347
847 347
846 347
845 347
844 348
843 348
842 348
841 348
840 349
839 350
838 350
837 350
836 351
835 351
834 351
833 351
832 351
831 351
830 352
829 352
828 352
827 352
826 353
825 353
824 353
823 353
822 353
821 353
820 354
819 354
818 354
817 354
816 355
815 355
814 356
813 356
812 356
811 356
810 357
809 357
808 357
807 357
806 357
805 357
804 357
803 357
802 358
801 358
800 358
799 358
798 359
797 359
796 359
795 359
794 359
793 359
792 360
791 360
790 360
789 360
788 361
787 361
786 361
785 361
784 361
783 361
782 361
781 361
780 361
779 361
778 362
777 362
776 362
775 362
774 363
773 363
772 363
771 363
770 364
769 364
768 364
767 364
766 365
765 365
764 365
763 365
762 365
761 365
760 365
759 365
758 366
757 366
756 366
755 366
754 367
753 367
752 367
751 367
750 367
749 367
748 367
747 367
746 367
745 367
744 367
743 367
742 367
741 367
740 367
739 367
738 367
737 367
736 368
735 368
734 368
733 368
732 369
731 369
730 369
729 369
728 369
727 369
726 369
725 369
724 369
723 369
722 369
721 369
720 369
719 369
718 369
717 369
716 369
715 369
714 369
713 369
712 369
711 369
710 369
709 369
708 369
707 369
706 369
705 369
704 369
703 369
702 369
701 369
700 369
699 369
698 369
697 369
696 369
695 369
694 369
693 369
692 370
691 370
690 370
689 370
688 371
687 371
686 371
685 371
684 371
683 371
682 371
681 371
680 372
679 372
678 372
677 372
676 373
675 373
674 373
673 373
672 373
671 373
670 373
669 373
668 373
667 373
666 373
665 373
664 373
663 373
662 374
661 374
660 374
659 374
658 375
657 375
656 375
655 375
654 375
653 375
652 375
651 375
650 375
649 375
648 375
647 375
646 376
645 376
644 376
643 376
642 377
641 377
640 377
639 377
638 377
637 377
636 377
635 377
634 377
633 377
632 378
631 378
630 378
629 378
628 379
627 379
626 379
625 379
624 379
623 379
622 379
621 379
620 379
619 379
618 379
617 379
616 379
615 379
614 379
613 379
612 379
611 379
610 380
609 380
608 380
607 380
606 381
605 381
604 381
603 381
602 381
601 381
600 381
599 381
598 381
597 381
596 382
595 382
594 382
593 382
592 383
591 383
590 384
589 384
588 384
587 384
586 385
585 385
584 385
583 385
582 385
581 385
580 385
579 385
578 386
577 386
576 386
575 386
574 387
573 387
572 388
571 388
570 388
569 388
568 389
567 390
566 390
565 390
564 391
563 391
562 391
561 391
560 391
559 391
558 391
557 391
556 392
555 392
554 392
553 392
552 393
551 393
550 393
549 393
548 393
547 393
546 393
545 393
544 393
543 393
542 393
541 393
540 393
539 393
538 393
537 393
536 393
535 393
534 393
533 393
532 393
531 393
530 393
529 393
528 393
527 393
526 393
525 393
524 393
523 393
522 393
521 393
520 393
519 393
518 393
517 393
516 393
515 393
514 393
513 393
512 394
511 394
510 395
509 395
508 396
507 396
506 397
505 397
504 397
503 397
502 397
501 397
500 397
499 397
498 397
497 397
496 397
495 397
494 396
493 396
492 396
491 396
490 395
489 395
488 395
487 395
486 395
485 395
484 396
483 396
482 396
481 396
480 397
479 397
478 397
477 397
476 397
475 397
474 397
473 397
472 397
471 397
470 397
469 397
468 397
467 397
466 397
465 397
464 398
463 398
462 398
461 398
460 399
459 399
458 399
457 399
456 399
455 399
454 399
453 399
452 399
451 399
450 399
449 399
448 399
447 399
446 399
445 399
444 399
443 399
442 399
441 399
440 399
439 399
438 399
437 399
436 399
435 399
434 399
433 399
432 400
431 400
430 400
429 400
428 401
427 401
426 401
425 401
424 401
423 401
422 401
421 401
420 401
419 401
418 401
417 401
416 401
415 401
414 401
413 401
412 401
411 401
410 401
409 401
408 401
407 401
406 401
405 401
404 401
403 401
402 401
401 401
400 401
399 401
398 401
397 401
396 401
395 401
394 402
393 402
392 402
391 402
390 403
389 403
388 403
387 403
386 403
385 403
384 403
383 403
382 403
381 403
380 403
379 403
378 403
377 403
376 403
375 403
374 403
373 403
372 403
371 403
370 403
369 403
368 404
367 404
366 405
365 406
364 406
364 407
363 408
362 408
362 409
361 410
360 410
360 411
359 412
358 412
358 413
357 414
356 414
356 415
355 416
354 416
354 417
353 418
352 419
352 420
351 421
351 422
351 423
351 424
351 425
351 426
352 427
352 428
352 429
352 430
353 431
353 432
354 433
354 434
355 435
356 436
356 437
357 437
358 438
359 439
360 440
361 441
362 441
363 441
364 442
365 443
366 443
367 443
368 444
369 445
370 445
371 445
372 446
373 447
374 447
375 447
376 448
377 449
378 449
379 449
380 449
381 450
382 450
383 451
384 451
385 452
386 453
387 453
388 454
388 455
389 455
390 456
391 457
392 457
393 458
394 458
395 459
396 459
397 459
398 460
399 461
400 461
401 461
402 461
403 462
404 462
405 463
406 463
407 463
408 463
409 464
410 464
411 464
412 464
413 464
414 464
415 464
416 464
417 464
418 464
419 464
420 464
421 464
422 464
423 464
424 464
425 464
426 464
427 464
428 464
429 464
430 464
431 464
432 464
433 464
434 464
435 464
436 464
437 465
438 465
439 465
440 465
441 466
442 466
443 466
444 466
445 466
446 466
447 467
448 467
449 467
450 467
451 468
452 468
453 468
454 468
455 469
456 469
457 469
458 470
459 471
460 471
461 471
462 471
463 472
464 472
465 472
466 472
467 472
468 472
469 472
470 472
471 473
472 473
473 473
474 474
475 475
476 475
477 475
478 475
479 476
480 476
481 476
482 476
483 476
484 476
485 477
486 477
487 477
488 477
489 478
490 478
491 479
492 479
493 480
494 481
495 481
496 482
497 483
498 483
499 484
500 484
501 484
502 484
503 484
504 484
505 484
506 484
507 484
508 484
509 484
510 484
511 484
512 484
513 484
514 484
515 483
516 483
517 483
518 483
519 482
520 482
521 482
522 482
523 482
524 482
525 482
526 482
527 483
528 483
529 483
530 483
531 484
532 484
533 484
534 484
535 484
536 484
537 484
538 484
539 484
540 484
541 485
542 485
543 485
544 485
545 486
546 486
547 486
548 486
549 486
550 486
551 486
552 486
553 486
554 486
555 486
556 486
557 486
558 486
559 487
560 487
561 488
562 488
563 489
564 489
565 490
566 490
567 491
568 491
569 491
570 492
571 493
572 493
573 493
574 493
575 494
576 494
577 495
578 495
579 495
580 495
581 496
582 496
583 496
584 496
585 496
586 496
587 496
588 496
589 497
590 497
591 497
592 497
593 498
594 498
595 498
596 498
597 498
598 498
599 498
600 498
601 498
602 498
603 498
604 498
605 498
606 498
607 498
608 498
609 498
610 498
611 498
612 498
613 498
614 498
615 498
616 498
617 498
618 498
619 498
620 498
621 498
622 498
623 498
624 498
625 498
626 498
627 498
628 498
629 498
630 498
631 498
632 498
633 498
634 498
635 498
636 498
637 498
638 498
639 498
640 498
641 498
642 498
643 498
644 498
645 498
646 498
647 498
648 498
649 498
650 498
651 498
652 498
653 498
654 498
655 498
656 498
657 498
658 498
659 498
660 498
661 498
662 498
663 498
664 498
665 498
666 498
667 498
668 498
669 498
670 498
671 498
672 498
673 498
674 498
675 498
676 498
677 499
678 499
679 499
680 499
681 500
682 500
683 500
684 500
685 500
686 500
687 500
688 500
689 500
690 500
691 500
692 500
693 500
694 500
695 500
696 500
697 500
698 500
699 500
700 500
701 500
702 500
703 500
704 500
705 500
706 500
707 500
708 500
709 500
710 500
711 500
712 500
713 500
714 500
715 500
716 500
717 500
718 500
719 500
720 500
721 500
722 500
723 500
724 500
725 500
726 500
727 500
728 500
729 500
730 500
731 500
732 500
733 500
734 500
735 500
736 500
737 500
738 500
739 500
740 500
741 500
742 500
743 500
744 500
745 500
746 500
747 500
748 500
749 500
750 500
751 500
752 500
753 500
754 500
755 500
756 500
757 500
758 500
759 500
760 500
761 500
762 500
763 500
764 500
765 500
766 500
767 500
768 500
769 500
770 500
771 500
772 500
773 500
774 500
775 500
776 500
777 500
778 500
779 500
780 500
781 500
782 500
783 500
784 500
785 500
786 500
787 500
788 500
789 500
790 500
791 500
792 500
793 500
794 500
795 500
796 500
797 500
798 500
799 500
800 500
801 500
802 500
803 500
804 500
805 500
806 500
807 500
808 500
809 500
810 500
811 500
812 500
813 500
814 500
815 500
816 500
817 500
818 500
819 500
820 500
821 500
822 500
823 500
824 500
825 500
826 500
827 501
828 501
829 501
830 501
831 502
832 502
833 502
834 502
835 502
836 502
837 502
838 502
839 502
840 502
841 502
842 502
843 502
844 502
845 502
846 502
847 502
848 502
849 502
850 502
851 502
852 502
853 502
854 502
855 502
856 502
857 502
858 502
859 502
860 502
861 501
862 501
863 501
864 501
865 500
866 500
867 500
868 500
869 500
870 500
871 500
872 500
873 500
874 500
875 500
876 500
877 500
878 500
879 500
880 500
881 500
882 500
883 500
884 500
885 500
886 500
887 500
888 500
889 500
890 500
891 500
892 500
893 500
894 500
895 500
896 500
897 500
898 500
899 499
900 499
901 499
902 499
903 498
904 498
905 498
906 498
907 498
908 498
909 498
910 498
911 498
912 498
913 498
914 498
915 498
916 498
917 498
918 498
919 498
920 498
921 498
922 498
923 498
924 498
925 498
926 498
927 497
928 497
929 497
930 497
931 496
932 496
933 496
934 496
935 496
936 496
937 496
938 496
939 496
940 496
941 496
942 496
943 495
944 495
945 495
946 495
947 494
948 494
949 493
950 493
951 493
952 493
953 492
954 492
955 492
956 492
957 492
958 492
959 492
960 492
961 492
962 492
963 492
964 492
965 492
966 492
967 492
968 492
969 492
970 492
971 491
972 491
973 490
974 490
975 489
976 489
977 488
978 488
979 488
980 488
981 488
982 488
983 487
984 487
985 487
986 487
987 486
988 486
989 486
990 486
991 486
992 486
993 485
994 485
995 485
996 485
997 484
998 484
999 484
1000 484
1001 483
1002 483
1003 482
1004 482
1005 481
1006 481
1007 480
1008 480
1009 480
1010 480
1011 480
1012 480
1013 479
1014 479
1015 479
1016 479
1017 478
1018 477
1019 477
1020 477
1021 476
1022 476
1023 475
1024 475
1025 474
1026 473
1027 472
1028 471
1029 470
1029 469
1030 468
1031 467
1031 466
1032 465
1033 465
1033 464
1034 463
1035 463
1035 462
1036 461
1037 460
1037 459
1038 458
1038 457
1038 456
1038 455
1038 454
1038 453
1038 452
1038 451
1038 450
1038 449
1038 448
1038 447
1037 446
1037 445
1037 444
1037 443
1036 442
1036 441
1036 440
1036 439
1036 438
1036 437
1036 436
1036 435
1036 434
1036 433
1036 432
1036 431
1036 430
1036 429
1035 428
1035 427
1034 426
1033 425
1033 424
1032 424
1031 423
1031 422
1030 422
1029 421
1028 420
1027 419
1026 418
1025 418
1024 417
1023 416
1022 416
1021 415
1021 414
1020 414
1019 413
1019 412
1018 411
1017 410
1017 409
1016 408
1015 407
1014 406
1014 405
1013 404
1013 403
1012 402
1011 401
1011 400
1011 399
1010 398
1009 397
1009 396
1009 395
1008 394
1007 393
1007 392
1007 391
1006 390
1005 389
1004 388
1003 387
1003 386
1002 386
1001 385
1001 384
1000 383
999 382
999 381
998 380
997 379
996 378
995 377
995 376
994 376
993 375
993 374
992 374
991 373
990 372
989 371
988 370
987 370
986 370
985 369
984 368
983 368
982 368
981 368
980 367
979 367
978 367
977 367
976 367
975 367
974 367
973 367
972 366
971 366
970 366
969 366
968 365
967 365
966 364
965 364
964 364
963 364
962 363
961 363
960 363
959 363
958 362
957 362
956 362
955 361
954 360
953 360
952 360
951 360
950 359
949 359
948 359
947 359
946 358
945 358
944 358
943 358
942 357
941 357
940 357
939 357
938 357
937 357
936 357
935 357
934 357
933 357
932 356
931 356
930 356
929 356
928 355
927 355
926 355
925 355
924 355
923 355
922 355
921 355
920 354
919 354
918 354
917 353
916 352
915 352
914 351
913 350
912 350
911 349
910 348
909 348
908 347
907 347
906 346
905 346
904 346
903 345
902 344
901 344
900 344
899 343
898 342
897 342
896 342
895 342
894 341
893 341
892 340
891 340
890 340
889 340
888 339
887 339
886 339
885 339
884 339
883 339
882 339
881 339
880 339
879 339
878 339
877 339
