2271 2045
2270 2046
2269 2046
2268 2046
2267 2046
2266 2047
2265 2047
2264 2047
2263 2047
2262 2047
2261 2047
2260 2047
2259 2047
2258 2047
2257 2047
2256 2047
2255 2047
2254 2048
2253 2048
2252 2048
2251 2048
2250 2049
2249 2049
2248 2049
2247 2049
2246 2050
2245 2050
2244 2050
2243 2050
2242 2051
2241 2051
2240 2051
2239 2051
2238 2052
2237 2052
2236 2052
2235 2052
2234 2053
2233 2054
2232 2055
2231 2056
2230 2056
2229 2057
2228 2058
2227 2058
2226 2059
2225 2059
2224 2060
2223 2060
2222 2061
2221 2062
2220 2062
2220 2063
2219 2064
2218 2065
2218 2066
2217 2067
2217 2068
2216 2069
2216 2070
2216 2071
2215 2072
2214 2073
2214 2074
2213 2075
2213 2076
2212 2077
2212 2078
2211 2079
2211 2080
2211 2081
2211 2082
2211 2083
2211 2084
2211 2085
2211 2086
2212 2087
2212 2088
2212 2089
2212 2090
2213 2091
2214 2092
2214 2093
2214 2094
2215 2095
2216 2096
2216 2097
2216 2098
2217 2099
2218 2100
2218 2101
2218 2102
2219 2103
2219 2104
2220 2105
2220 2106
2220 2107
2220 2108
2221 2109
2221 2110
2221 2111
2221 2112
2222 2113
2222 2114
2223 2115
2224 2116
2225 2117
2226 2117
2227 2118
2228 2118
2229 2118
2230 2118
2231 2118
2232 2118
2233 2118
2234 2118
2235 2118
2236 2118
2237 2118
2238 2118
2239 2118
2240 2118
2241 2118
2242 2118
2243 2118
2244 2118
2245 2118
2246 2118
2247 2118
2248 2118
2249 2118
2250 2118
2251 2118
2252 2118
2253 2118
2254 2118
2255 2118
2256 2118
2257 2118
2258 2118
2259 2118
2260 2118
2261 2118
2262 2118
2263 2118
2264 2118
2265 2118
2266 2118
2267 2118
2268 2118
2269 2118
2270 2118
2271 2118
2272 2118
2273 2118
2274 2118
2275 2118
2276 2118
2277 2118
2278 2118
2279 2118
2280 2118
2281 2118
2282 2118
2283 2118
2284 2118
2285 2118
2286 2118
2287 2118
2288 2118
2289 2118
2290 2118
2291 2118
2292 2118
2293 2119
2294 2119
2295 2119
2296 2119
2297 2120
2298 2120
2299 2120
2300 2120
2301 2120
2302 2120
2303 2120
2304 2120
2305 2120
2306 2120
2307 2121
2308 2121
2309 2121
2310 2121
2311 2122
2312 2122
2313 2122
2314 2122
2315 2123
2316 2123
2317 2123
2318 2124
2319 2125
2320 2125
2321 2125
2322 2125
2323 2126
2324 2126
2325 2126
2326 2126
2327 2127
2328 2127
2329 2127
2330 2127
2331 2128
2332 2128
2333 2128
2334 2128
2335 2128
2336 2128
2337 2128
2338 2128
2339 2128
2340 2128
2341 2128
2342 2128
2343 2128
2344 2128
2345 2129
2346 2129
2347 2129
2348 2129
2349 2130
2350 2130
2351 2130
2352 2130
2353 2130
2354 2130
2355 2130
2356 2130
2357 2130
2358 2130
2359 2130
2360 2130
2361 2130
2362 2130
2363 2130
2364 2130
2365 2130
2366 2130
2367 2130
2368 2130
2369 2130
2370 2130
2371 2130
2372 2130
2373 2130
2374 2130
2375 2130
2376 2130
2377 2130
2378 2130
2379 2130
2380 2130
2381 2130
2382 2130
2383 2130
2384 2130
2385 2130
2386 2130
2387 2130
2388 2130
2389 2131
2390 2131
2391 2131
2392 2131
2393 2132
2394 2132
2395 2132
2396 2132
2397 2132
2398 2132
2399 2132
2400 2132
2401 2132
2402 2132
2403 2132
2404 2132
2405 2132
2406 2132
2407 2132
2408 2132
2409 2131
2410 2131
2411 2131
2412 2131
2413 2130
2414 2130
2415 2130
2416 2130
2417 2129
2418 2129
2419 2129
2420 2129
2421 2128
2422 2128
2423 2128
2424 2128
2425 2128
2426 2128
2427 2128
2428 2128
2429 2127
2430 2127
2431 2127
2432 2127
2433 2126
2434 2126
2435 2126
2436 2126
2437 2126
2438 2126
2439 2125
2440 2125
2441 2125
2442 2125
2443 2124
2444 2123
2445 2123
2446 2123
2447 2122
2448 2121
2449 2121
2450 2121
2451 2120
2452 2120
2453 2119
2454 2119
2455 2119
2456 2119
2457 2118
2458 2117
2459 2117
2460 2117
2461 2116
2462 2115
2463 2114
2464 2113
2465 2113
2465 2112
2466 2111
2467 2111
2467 2110
2468 2109
2469 2108
2469 2107
2470 2106
2470 2105
2470 2104
2470 2103
2470 2102
2470 2101
2470 2100
2470 2099
2470 2098
2470 2097
2469 2096
2469 2095
2468 2094
2467 2093
2466 2092
2465 2092
2464 2091
2463 2090
2462 2089
2461 2088
2461 2087
2460 2086
2460 2085
2459 2084
2459 2083
2458 2082
2457 2081
2457 2080
2456 2080
2455 2079
2454 2078
2453 2077
2452 2076
2451 2076
2450 2075
2449 2074
2448 2074
2447 2073
2446 2072
2445 2071
2444 2070
2443 2070
2442 2070
2441 2070
2440 2069
2439 2069
2438 2068
2437 2068
2436 2068
2435 2068
2434 2067
2433 2067
2432 2066
2431 2066
2430 2066
2429 2066
2428 2065
2427 2065
2426 2064
2425 2064
2424 2064
2423 2063
2422 2062
2421 2062
2420 2062
2419 2062
2418 2061
2417 2061
2416 2060
2415 2060
2414 2060
2413 2060
2412 2059
2411 2059
2410 2059
2409 2059
2408 2058
2407 2058
2406 2058
2405 2058
2404 2057
2403 2057
2402 2057
2401 2057
2400 2057
2399 2057
2398 2057
2397 2057
2396 2056
2395 2056
2394 2056
2393 2055
2392 2054
2391 2054
2390 2054
2389 2054
2388 2053
2387 2053
2386 2053
2385 2053
2384 2053
2383 2053
2382 2053
2381 2053
2380 2052
2379 2052
2378 2052
2377 2052
2376 2051
2375 2051
2374 2051
2373 2051
2372 2051
2371 2051
2370 2051
2369 2051
2368 2051
2367 2051
2366 2051
2365 2051
2364 2051
2363 2051
2362 2051
2361 2051
2360 2051
2359 2051
2358 2051
2357 2051
2356 2050
2355 2050
2354 2050
2353 2050
2352 2049
2351 2049
2350 2049
2349 2049
2348 2049
2347 2049
2346 2049
2345 2049
2344 2049
2343 2049
2342 2049
2341 2049
2340 2049
2339 2049
2338 2049
2337 2049
2336 2049
2335 2049
2334 2049
2333 2049
2332 2049
2331 2049
2330 2049
2329 2049
2328 2049
2327 2049
2326 2049
2325 2049
2324 2049
2323 2049
2322 2049
2321 2049
2320 2049
2319 2049
2318 2049
2317 2049
2316 2049
2315 2049
2314 2049
2313 2049
2312 2049
2311 2049
2310 2049
2309 2049
2308 2049
2307 2049
2306 2048
2305 2048
2304 2048
2303 2048
2302 2047
2301 2047
2300 2047
2299 2047
2298 2047
2297 2047
2296 2047
2295 2047
2294 2047
2293 2047
2292 2047
2291 2047
2290 2047
2289 2047
2288 2046
2287 2046
2286 2046
2285 2046
2284 2045
2283 2045
2282 2045
2281 2045
2280 2045
2279 2045
2278 2045
2277 2045
2276 2045
2275 2045
2274 2045
2273 2045
2272 2045
2271 2045
