241 3198
240 3199
239 3199
238 3199
237 3199
236 3200
235 3200
234 3200
233 3200
232 3200
231 3200
230 3200
229 3200
228 3200
227 3200
226 3200
225 3200
224 3200
223 3200
222 3200
221 3200
220 3201
219 3201
218 3201
217 3201
216 3202
215 3202
214 3202
213 3202
212 3202
211 3202
210 3203
209 3203
208 3204
207 3205
206 3206
206 3207
206 3208
206 3209
205 3210
205 3211
205 3212
205 3213
205 3214
205 3215
205 3216
205 3217
205 3218
205 3219
205 3220
205 3221
205 3222
205 3223
206 3224
206 3225
206 3226
206 3227
207 3228
207 3229
207 3230
207 3231
207 3232
207 3233
208 3234
208 3235
208 3236
208 3237
209 3238
209 3239
209 3240
209 3241
209 3242
209 3243
210 3244
210 3245
211 3246
212 3247
212 3248
213 3248
214 3249
214 3250
215 3250
216 3251
216 3252
217 3253
218 3254
218 3255
219 3256
220 3257
221 3258
222 3259
222 3260
223 3260
224 3261
224 3262
225 3262
226 3263
226 3264
227 3264
228 3265
228 3266
229 3266
230 3267
231 3268
232 3269
233 3270
234 3270
235 3270
236 3270
237 3271
238 3271
239 3272
240 3272
241 3272
242 3273
243 3274
244 3274
245 3274
246 3275
247 3276
248 3276
249 3276
250 3276
251 3277
252 3277
253 3278
254 3278
255 3278
256 3278
257 3279
258 3279
259 3279
260 3279
261 3280
262 3280
263 3280
264 3280
265 3281
266 3281
267 3282
268 3282
269 3283
270 3283
271 3284
272 3284
273 3285
274 3285
275 3286
276 3286
277 3286
278 3286
279 3287
280 3287
281 3288
282 3288
283 3288
284 3288
285 3289
286 3289
287 3290
288 3290
289 3290
290 3291
291 3292
292 3292
293 3292
294 3292
295 3293
296 3293
297 3293
298 3293
299 3293
300 3293
301 3293
302 3293
303 3293
304 3293
305 3293
306 3293
307 3294
308 3294
309 3295
310 3296
310 3297
311 3298
312 3299
313 3300
314 3300
315 3301
316 3301
317 3302
318 3302
319 3302
320 3302
321 3303
322 3303
323 3303
324 3303
325 3303
326 3303
327 3303
328 3303
329 3303
330 3303
331 3303
332 3303
333 3303
334 3303
335 3303
336 3303
337 3303
338 3303
339 3302
340 3302
341 3302
342 3302
343 3301
344 3301
345 3301
346 3301
347 3301
348 3301
349 3301
350 3301
351 3301
352 3301
353 3301
354 3301
355 3300
356 3300
357 3300
358 3299
359 3298
360 3297
361 3296
362 3295
363 3294
364 3294
365 3293
366 3292
367 3292
368 3292
369 3291
370 3291
371 3291
372 3291
373 3291
374 3291
375 3291
376 3291
377 3291
378 3291
379 3290
380 3290
381 3289
382 3289
383 3288
384 3288
385 3287
386 3287
387 3287
388 3287
389 3286
390 3286
391 3286
392 3286
393 3285
394 3284
395 3284
396 3284
397 3283
398 3283
399 3282
400 3282
401 3282
402 3282
403 3281
404 3280
405 3279
406 3279
407 3278
408 3278
409 3277
410 3277
411 3276
412 3276
413 3275
413 3274
414 3273
414 3272
414 3271
414 3270
414 3269
414 3268
415 3267
415 3266
416 3265
416 3264
417 3263
417 3262
418 3261
418 3260
418 3259
418 3258
418 3257
418 3256
418 3255
418 3254
418 3253
418 3252
418 3251
418 3250
417 3249
417 3248
417 3247
417 3246
416 3245
416 3244
415 3243
415 3242
415 3241
415 3240
414 3239
413 3238
412 3237
412 3236
411 3235
411 3234
410 3233
410 3232
409 3231
409 3230
408 3229
407 3228
407 3227
406 3227
405 3226
405 3225
404 3225
403 3224
403 3223
402 3223
401 3222
401 3221
400 3221
399 3220
399 3219
398 3219
397 3218
397 3217
396 3217
395 3216
395 3215
394 3215
393 3214
393 3213
392 3213
391 3212
390 3211
389 3211
388 3210
387 3210
386 3210
385 3210
384 3210
383 3210
382 3210
381 3210
380 3209
379 3209
378 3209
377 3209
376 3208
375 3208
374 3208
373 3208
372 3208
371 3208
370 3208
369 3208
368 3208
367 3208
366 3208
365 3208
364 3207
363 3207
362 3207
361 3207
360 3206
359 3206
358 3206
357 3206
356 3206
355 3206
354 3206
353 3206
352 3206
351 3206
350 3206
349 3206
348 3206
347 3206
346 3206
345 3206
344 3206
343 3206
342 3206
341 3206
340 3206
339 3206
338 3206
337 3206
336 3206
335 3206
334 3206
333 3206
332 3206
331 3206
330 3206
329 3206
328 3206
327 3206
326 3206
325 3206
324 3206
323 3206
322 3206
321 3206
320 3206
319 3206
318 3206
317 3206
316 3206
315 3206
314 3206
313 3206
312 3206
311 3206
310 3206
309 3206
308 3206
307 3206
306 3206
305 3206
304 3206
303 3206
302 3206
301 3206
300 3206
299 3206
298 3205
297 3205
296 3205
295 3205
294 3204
293 3204
292 3204
291 3204
290 3204
289 3204
288 3204
287 3204
286 3204
285 3204
284 3203
283 3203
282 3203
281 3203
280 3202
279 3202
278 3202
277 3202
276 3202
275 3202
274 3202
273 3202
272 3202
271 3202
270 3202
269 3202
268 3202
267 3202
266 3202
265 3202
264 3202
263 3202
262 3202
261 3202
260 3202
259 3202
258 3202
257 3202
256 3202
255 3202
254 3201
253 3201
252 3201
251 3201
250 3200
249 3200
248 3200
247 3200
246 3199
245 3199
244 3199
243 3199
242 3198
241 3198
