1415 3071
1414 3072
1413 3072
1412 3072
1411 3072
1410 3073
1409 3073
1408 3073
1407 3073
1406 3073
1405 3073
1404 3073
1403 3073
1402 3074
1401 3074
1400 3074
1399 3074
1398 3075
1397 3075
1396 3075
1395 3075
1394 3076
1393 3076
1392 3076
1391 3076
1390 3077
1389 3077
1388 3077
1387 3077
1386 3078
1385 3078
1384 3078
1383 3078
1382 3079
1381 3079
1380 3079
1379 3079
1378 3079
1377 3079
1376 3079
1375 3079
1374 3079
1373 3079
1372 3079
1371 3079
1370 3079
1369 3079
1368 3079
1367 3079
1366 3079
1365 3079
1364 3079
1363 3079
1362 3079
1361 3079
1360 3079
1359 3079
1358 3079
1357 3079
1356 3079
1355 3079
1354 3079
1353 3079
1352 3079
1351 3079
1350 3079
1349 3079
1348 3079
1347 3079
1346 3079
1345 3079
1344 3079
1343 3079
1342 3078
1341 3078
1340 3077
1339 3077
1338 3076
1337 3076
1336 3075
1335 3075
1334 3075
1333 3075
1332 3075
1331 3075
1330 3076
1329 3076
1328 3076
1327 3076
1326 3077
1325 3077
1324 3077
1323 3077
1322 3077
1321 3077
1320 3078
1319 3078
1318 3078
1317 3078
1316 3079
1315 3079
1314 3079
1313 3079
1312 3079
1311 3079
1310 3079
1309 3079
1308 3080
1307 3080
1306 3080
1305 3080
1304 3081
1303 3081
1302 3081
1301 3081
1300 3081
1299 3081
1298 3081
1297 3081
1296 3081
1295 3081
1294 3081
1293 3081
1292 3081
1291 3081
1290 3081
1289 3081
1288 3082
1287 3082
1286 3082
1285 3082
1284 3083
1283 3083
1282 3083
1281 3083
1280 3083
1279 3083
1278 3083
1277 3083
1276 3083
1275 3083
1274 3083
1273 3083
1272 3083
1271 3083
1270 3083
1269 3083
1268 3083
1267 3083
1266 3083
1265 3083
1264 3083
1263 3083
1262 3084
1261 3084
1260 3084
1259 3084
1258 3085
1257 3085
1256 3085
1255 3085
1254 3085
1253 3085
1252 3085
1251 3085
1250 3085
1249 3085
1248 3085
1247 3085
1246 3085
1245 3085
1244 3085
1243 3085
1242 3085
1241 3085
1240 3086
1239 3086
1238 3086
1237 3086
1236 3087
1235 3087
1234 3087
1233 3087
1232 3088
1231 3088
1230 3088
1229 3088
1228 3089
1227 3089
1226 3089
1225 3089
1224 3090
1223 3090
1222 3090
1221 3090
1220 3091
1219 3091
1218 3091
1217 3091
1216 3091
1215 3091
1214 3091
1213 3091
1212 3092
1211 3092
1210 3093
1209 3094
1208 3095
1208 3096
1207 3097
1207 3098
1207 3099
1207 3100
1208 3101
1208 3102
1208 3103
1208 3104
1209 3105
1209 3106
1209 3107
1209 3108
1209 3109
1209 3110
1209 3111
1209 3112
1209 3113
1209 3114
1209 3115
1209 3116
1210 3117
1210 3118
1211 3119
1212 3120
1212 3121
1213 3121
1214 3122
1214 3123
1215 3123
1216 3124
1216 3125
1217 3125
1218 3126
1218 3127
1219 3128
1220 3129
1220 3130
1221 3131
1222 3132
1222 3133
1222 3134
1223 3135
1224 3136
1224 3137
1224 3138
1225 3139
1226 3140
1227 3141
1228 3142
1228 3143
1229 3143
1230 3144
1230 3145
1231 3145
1232 3146
1232 3147
1233 3147
1234 3148
1234 3149
1235 3149
1236 3150
1236 3151
1237 3151
1238 3152
1238 3153
1239 3153
1240 3154
1240 3155
1241 3155
1242 3156
1243 3157
1244 3157
1245 3158
1246 3158
1247 3159
1248 3159
1249 3159
1250 3159
1251 3160
1252 3160
1253 3160
1254 3160
1255 3161
1256 3161
1257 3162
1258 3163
1259 3163
1260 3164
1261 3165
1262 3166
1263 3167
1264 3167
1265 3167
1266 3168
1267 3169
1268 3169
1269 3169
1270 3169
1271 3170
1272 3170
1273 3171
1274 3171
1275 3171
1276 3171
1277 3172
1278 3172
1279 3173
1280 3173
1281 3173
1282 3174
1283 3175
1284 3175
1285 3175
1286 3176
1287 3177
1288 3177
1289 3177
1290 3178
1291 3179
1292 3179
1293 3179
1294 3179
1295 3180
1296 3180
1297 3181
1298 3181
1299 3181
1300 3181
1301 3182
1302 3182
1303 3183
1304 3183
1305 3183
1306 3183
1307 3184
1308 3184
1309 3184
1310 3184
1311 3184
1312 3184
1313 3185
1314 3185
1315 3186
1316 3186
1317 3187
1318 3187
1319 3188
1320 3188
1321 3188
1322 3188
1323 3189
1324 3189
1325 3189
1326 3189
1327 3190
1328 3190
1329 3190
1330 3190
1331 3190
1332 3190
1333 3190
1334 3190
1335 3190
1336 3190
1337 3190
1338 3190
1339 3191
1340 3191
1341 3191
1342 3192
1343 3193
1344 3193
1345 3194
1346 3194
1347 3195
1348 3195
1349 3196
1350 3196
1351 3196
1352 3196
1353 3196
1354 3196
1355 3196
1356 3196
1357 3196
1358 3196
1359 3196
1360 3196
1361 3196
1362 3196
1363 3197
1364 3197
1365 3197
1366 3197
1367 3198
1368 3198
1369 3198
1370 3198
1371 3198
1372 3198
1373 3198
1374 3198
1375 3198
1376 3198
1377 3198
1378 3198
1379 3198
1380 3198
1381 3198
1382 3198
1383 3198
1384 3198
1385 3198
1386 3198
1387 3198
1388 3198
1389 3198
1390 3198
1391 3198
1392 3198
1393 3198
1394 3198
1395 3199
1396 3199
1397 3199
1398 3199
1399 3200
1400 3200
1401 3200
1402 3200
1403 3201
1404 3201
1405 3201
1406 3201
1407 3202
1408 3202
1409 3202
1410 3202
1411 3202
1412 3202
1413 3202
1414 3202
1415 3202
1416 3202
1417 3203
1418 3203
1419 3203
1420 3203
1421 3204
1422 3204
1423 3204
1424 3204
1425 3204
1426 3204
1427 3204
1428 3204
1429 3204
1430 3204
1431 3204
1432 3204
1433 3204
1434 3204
1435 3204
1436 3204
1437 3204
1438 3204
1439 3204
1440 3204
1441 3204
1442 3204
1443 3205
1444 3205
1445 3205
1446 3205
1447 3206
1448 3206
1449 3206
1450 3206
1451 3206
1452 3206
1453 3206
1454 3206
1455 3206
1456 3206
1457 3206
1458 3206
1459 3206
1460 3206
1461 3206
1462 3206
1463 3206
1464 3206
1465 3206
1466 3206
1467 3206
1468 3206
1469 3206
1470 3206
1471 3206
1472 3206
1473 3205
1474 3205
1475 3205
1476 3205
1477 3204
1478 3204
1479 3204
1480 3204
1481 3204
1482 3204
1483 3205
1484 3205
1485 3205
1486 3205
1487 3206
1488 3206
1489 3206
1490 3206
1491 3206
1492 3206
1493 3206
1494 3206
1495 3206
1496 3206
1497 3206
1498 3206
1499 3206
1500 3206
1501 3206
1502 3206
1503 3206
1504 3206
1505 3206
1506 3206
1507 3206
1508 3206
1509 3206
1510 3206
1511 3206
1512 3206
1513 3206
1514 3206
1515 3206
1516 3206
1517 3206
1518 3206
1519 3206
1520 3206
1521 3206
1522 3206
1523 3206
1524 3206
1525 3206
1526 3206
1527 3206
1528 3206
1529 3205
1530 3205
1531 3205
1532 3205
1533 3204
1534 3204
1535 3203
1536 3203
1537 3203
1538 3203
1539 3202
1540 3201
1541 3201
1542 3201
1543 3200
1544 3200
1545 3199
1546 3199
1547 3199
1548 3199
1549 3198
1550 3197
1551 3197
1552 3197
1553 3196
1554 3195
1555 3195
1556 3195
1557 3194
1558 3193
1559 3192
1560 3191
1561 3191
1561 3190
1562 3189
1563 3189
1563 3188
1564 3187
1565 3187
1565 3186
1566 3185
1567 3185
1567 3184
1568 3183
1569 3183
1569 3182
1570 3181
1571 3180
1572 3179
1573 3178
1573 3177
1574 3176
1575 3175
1575 3174
1576 3173
1577 3172
1578 3171
1579 3170
1579 3169
1579 3168
1579 3167
1580 3166
1580 3165
1581 3164
1581 3163
1581 3162
1581 3161
1582 3160
1582 3159
1582 3158
1582 3157
1582 3156
1582 3155
1582 3154
1582 3153
1582 3152
1582 3151
1582 3150
1582 3149
1582 3148
1582 3147
1582 3146
1582 3145
1582 3144
1582 3143
1582 3142
1582 3141
1582 3140
1582 3139
1582 3138
1582 3137
1582 3136
1582 3135
1582 3134
1582 3133
1582 3132
1582 3131
1582 3130
1582 3129
1582 3128
1582 3127
1582 3126
1582 3125
1581 3124
1581 3123
1581 3122
1581 3121
1580 3120
1580 3119
1580 3118
1580 3117
1580 3116
1580 3115
1580 3114
1580 3113
1580 3112
1580 3111
1580 3110
1580 3109
1580 3108
1580 3107
1580 3106
1580 3105
1579 3104
1579 3103
1578 3102
1577 3101
1577 3100
1576 3100
1575 3099
1575 3098
1574 3098
1573 3097
1572 3096
1571 3095
1570 3094
1569 3094
1568 3094
1567 3094
1566 3093
1565 3093
1564 3092
1563 3092
1562 3092
1561 3091
1560 3090
1559 3090
1558 3089
1557 3089
1556 3088
1555 3088
1554 3087
1553 3087
1552 3086
1551 3086
1550 3086
1549 3086
1548 3085
1547 3085
1546 3084
1545 3084
1544 3084
1543 3084
1542 3083
1541 3083
1540 3083
1539 3083
1538 3082
1537 3082
1536 3082
1535 3082
1534 3081
1533 3081
1532 3081
1531 3081
1530 3081
1529 3081
1528 3081
1527 3081
1526 3081
1525 3081
1524 3081
1523 3081
1522 3081
1521 3081
1520 3081
1519 3081
1518 3081
1517 3081
1516 3081
1515 3081
1514 3081
1513 3081
1512 3081
1511 3081
1510 3081
1509 3081
1508 3081
1507 3081
1506 3080
1505 3080
1504 3080
1503 3080
1502 3079
1501 3079
1500 3079
1499 3079
1498 3079
1497 3079
1496 3079
1495 3079
1494 3079
1493 3079
1492 3079
1491 3079
1490 3078
1489 3078
1488 3078
1487 3078
1486 3077
1485 3077
1484 3076
1483 3076
1482 3076
1481 3076
1480 3075
1479 3075
1478 3074
1477 3074
1476 3073
1475 3073
1474 3072
1473 3072
1472 3071
1471 3071
1470 3071
1469 3071
1468 3071
1467 3071
1466 3071
1465 3071
1464 3071
1463 3071
1462 3071
1461 3071
1460 3071
1459 3071
1458 3071
1457 3071
1456 3071
1455 3071
1454 3071
1453 3071
1452 3071
1451 3071
1450 3071
1449 3071
1448 3071
1447 3071
1446 3071
1445 3071
1444 3071
1443 3071
1442 3071
1441 3071
1440 3071
1439 3071
1438 3071
1437 3071
1436 3071
1435 3071
1434 3071
1433 3071
1432 3071
1431 3071
1430 3071
1429 3071
1428 3071
1427 3071
1426 3071
1425 3071
1424 3071
1423 3071
1422 3071
1421 3071
1420 3071
1419 3071
1418 3071
1417 3071
1416 3071
1415 3071
