147 2380
146 2381
145 2381
144 2381
143 2381
142 2382
141 2382
140 2383
139 2383
138 2383
137 2383
136 2384
135 2384
134 2385
133 2385
132 2386
131 2387
130 2387
130 2388
129 2389
128 2389
127 2390
126 2391
125 2391
124 2392
123 2393
122 2394
121 2395
120 2395
120 2396
119 2397
118 2397
118 2398
117 2399
116 2399
116 2400
115 2401
114 2401
114 2402
113 2403
112 2403
112 2404
111 2405
110 2406
109 2407
108 2408
108 2409
107 2410
106 2411
105 2412
104 2413
103 2413
102 2414
101 2415
100 2416
99 2417
98 2417
98 2418
97 2419
96 2419
96 2420
95 2421
94 2421
94 2422
93 2423
92 2423
92 2424
91 2425
90 2426
89 2427
88 2428
88 2429
88 2430
87 2431
86 2432
86 2433
86 2434
85 2435
84 2436
84 2437
84 2438
83 2439
82 2440
82 2441
82 2442
81 2443
80 2444
80 2445
80 2446
79 2447
78 2448
78 2449
78 2450
78 2451
77 2452
77 2453
77 2454
77 2455
77 2456
77 2457
76 2458
76 2459
75 2460
75 2461
74 2462
74 2463
73 2464
73 2465
72 2466
72 2467
72 2468
72 2469
71 2470
71 2471
70 2472
70 2473
70 2474
70 2475
69 2476
69 2477
69 2478
69 2479
69 2480
69 2481
69 2482
69 2483
69 2484
69 2485
69 2486
69 2487
70 2488
70 2489
70 2490
70 2491
71 2492
72 2493
72 2494
72 2495
73 2496
74 2497
74 2498
74 2499
75 2500
76 2501
76 2502
76 2503
77 2504
78 2505
79 2506
80 2507
80 2508
81 2509
82 2510
82 2511
83 2512
84 2513
84 2514
84 2515
85 2516
86 2517
87 2518
88 2519
89 2520
90 2520
91 2521
92 2522
93 2522
94 2523
94 2524
95 2524
96 2525
97 2526
98 2526
99 2527
100 2527
101 2527
102 2527
103 2528
104 2528
105 2528
106 2528
107 2529
108 2529
109 2529
110 2529
111 2529
112 2529
113 2529
114 2529
115 2529
116 2529
117 2529
118 2529
119 2530
120 2530
121 2530
122 2530
123 2530
124 2530
125 2530
126 2530
127 2529
128 2529
129 2529
130 2529
131 2528
132 2528
133 2528
134 2528
135 2527
136 2526
137 2525
138 2524
139 2524
140 2523
141 2522
142 2522
143 2521
144 2521
145 2522
146 2522
147 2523
148 2523
149 2524
150 2525
151 2526
152 2526
153 2526
154 2527
155 2528
156 2528
157 2528
158 2528
159 2529
160 2529
161 2529
162 2529
163 2529
164 2529
165 2529
166 2529
167 2529
168 2529
169 2529
170 2529
171 2529
172 2529
173 2529
174 2529
175 2529
176 2529
177 2529
178 2529
179 2529
180 2529
181 2529
182 2529
183 2529
184 2529
185 2529
186 2529
187 2529
188 2529
189 2529
190 2529
191 2530
192 2530
193 2530
194 2530
195 2531
196 2531
197 2531
198 2531
199 2531
200 2531
201 2532
202 2532
203 2533
204 2533
205 2534
206 2534
207 2535
208 2535
209 2535
210 2535
211 2535
212 2535
213 2535
214 2535
215 2535
216 2535
217 2536
218 2536
219 2536
220 2536
221 2537
222 2537
223 2537
224 2537
225 2537
226 2537
227 2537
228 2537
229 2538
230 2538
231 2538
232 2538
233 2539
234 2539
235 2539
236 2539
237 2539
238 2539
239 2539
240 2539
241 2539
242 2539
243 2539
244 2539
245 2539
246 2539
247 2539
248 2539
249 2539
250 2539
251 2539
252 2539
253 2539
254 2539
255 2539
256 2539
257 2538
258 2538
259 2538
260 2538
261 2537
262 2537
263 2537
264 2537
265 2537
266 2537
267 2537
268 2537
269 2537
270 2537
271 2537
272 2537
273 2537
274 2537
275 2537
276 2537
277 2537
278 2537
279 2537
280 2537
281 2538
282 2538
283 2538
284 2538
285 2539
286 2539
287 2539
288 2539
289 2539
290 2539
291 2539
292 2539
293 2539
294 2539
295 2539
296 2539
297 2539
298 2539
299 2539
300 2539
301 2539
302 2539
303 2539
304 2539
305 2539
306 2539
307 2539
308 2539
309 2539
310 2539
311 2538
312 2538
313 2538
314 2538
315 2537
316 2537
317 2537
318 2537
319 2537
320 2537
321 2537
322 2537
323 2537
324 2537
325 2537
326 2537
327 2537
328 2537
329 2537
330 2537
331 2537
332 2537
333 2537
334 2537
335 2537
336 2537
337 2537
338 2537
339 2537
340 2537
341 2537
342 2537
343 2537
344 2537
345 2537
346 2537
347 2537
348 2537
349 2537
350 2537
351 2537
352 2537
353 2537
354 2537
355 2537
356 2537
357 2537
358 2537
359 2537
360 2537
361 2537
362 2537
363 2537
364 2537
365 2537
366 2537
367 2537
368 2537
369 2537
370 2537
371 2537
372 2537
373 2537
374 2537
375 2537
376 2537
377 2536
378 2536
379 2536
380 2536
381 2535
382 2535
383 2535
384 2535
385 2534
386 2534
387 2534
388 2534
389 2533
390 2533
391 2532
392 2532
393 2532
394 2532
395 2531
396 2531
397 2530
398 2530
399 2530
400 2530
401 2529
402 2528
403 2528
404 2528
405 2527
406 2527
407 2526
408 2526
409 2526
410 2526
411 2525
412 2524
413 2523
414 2523
415 2522
416 2522
417 2521
418 2521
419 2520
420 2520
421 2520
422 2520
423 2519
424 2518
425 2518
426 2518
427 2517
428 2516
429 2516
430 2516
431 2515
432 2514
433 2513
434 2513
435 2512
436 2512
437 2511
438 2510
439 2510
440 2510
441 2509
442 2508
443 2508
444 2508
445 2507
446 2506
447 2506
448 2506
449 2505
450 2504
451 2504
452 2504
453 2503
454 2502
455 2501
456 2500
457 2500
457 2499
458 2498
459 2498
460 2497
461 2496
462 2496
463 2495
464 2494
465 2493
466 2492
467 2492
468 2491
469 2490
470 2490
471 2489
472 2488
473 2487
474 2486
475 2485
476 2484
477 2483
477 2482
478 2481
478 2480
479 2479
479 2478
480 2477
480 2476
481 2475
481 2474
481 2473
481 2472
482 2471
482 2470
482 2469
482 2468
482 2467
482 2466
482 2465
482 2464
482 2463
482 2462
481 2461
481 2460
480 2459
480 2458
479 2457
479 2456
478 2455
478 2454
478 2453
478 2452
477 2451
477 2450
476 2449
475 2448
475 2447
474 2447
473 2446
473 2445
472 2445
471 2444
470 2443
469 2442
468 2441
467 2441
466 2440
465 2439
464 2439
463 2438
463 2437
462 2437
461 2436
461 2435
460 2435
459 2434
459 2433
458 2433
457 2432
457 2431
456 2431
455 2430
455 2429
454 2429
453 2428
453 2427
452 2427
451 2426
450 2425
449 2424
448 2423
447 2423
446 2422
445 2421
444 2421
443 2420
443 2419
442 2419
441 2418
440 2417
439 2417
438 2416
437 2416
436 2415
435 2415
434 2414
433 2413
432 2413
431 2412
430 2411
429 2410
428 2409
427 2409
426 2409
425 2408
424 2407
423 2407
422 2407
421 2406
420 2405
419 2405
418 2405
417 2404
416 2403
415 2403
414 2403
413 2402
412 2401
411 2401
410 2401
409 2401
408 2400
407 2400
406 2399
405 2399
404 2399
403 2399
402 2398
401 2398
400 2398
399 2398
398 2397
397 2397
396 2397
395 2397
394 2396
393 2396
392 2396
391 2396
390 2395
389 2395
388 2395
387 2395
386 2394
385 2394
384 2394
383 2394
382 2394
381 2394
380 2394
379 2394
378 2394
377 2394
376 2394
375 2394
374 2394
373 2394
372 2394
371 2394
370 2393
369 2393
368 2393
367 2392
366 2391
365 2391
364 2391
363 2391
362 2390
361 2390
360 2390
359 2390
358 2390
357 2390
356 2390
355 2390
354 2390
353 2390
352 2390
351 2390
350 2390
349 2390
348 2390
347 2390
346 2390
345 2390
344 2390
343 2390
342 2390
341 2390
340 2390
339 2390
338 2390
337 2390
336 2390
335 2390
334 2390
333 2390
332 2390
331 2390
330 2390
329 2390
328 2390
327 2390
326 2390
325 2390
324 2390
323 2390
322 2390
321 2390
320 2390
319 2390
318 2390
317 2390
316 2391
315 2391
314 2391
313 2391
312 2392
311 2392
310 2392
309 2392
308 2392
307 2392
306 2392
305 2392
304 2392
303 2392
302 2392
301 2392
300 2392
299 2392
298 2393
297 2393
296 2393
295 2393
294 2394
293 2394
292 2394
291 2394
290 2394
289 2394
288 2394
287 2394
286 2394
285 2394
284 2394
283 2394
282 2395
281 2395
280 2395
279 2395
278 2396
277 2396
276 2397
275 2397
274 2397
273 2397
272 2398
271 2398
270 2398
269 2398
268 2398
267 2398
266 2398
265 2398
264 2398
263 2398
262 2397
261 2397
260 2397
259 2397
258 2396
257 2396
256 2396
255 2396
254 2396
253 2396
252 2395
251 2395
250 2395
249 2394
248 2393
247 2393
246 2393
245 2393
244 2392
243 2392
242 2391
241 2391
240 2391
239 2390
238 2389
237 2389
236 2389
235 2389
234 2388
233 2388
232 2388
231 2388
230 2387
229 2387
228 2387
227 2386
226 2385
225 2385
224 2385
223 2385
222 2384
221 2384
220 2384
219 2384
218 2384
217 2384
216 2383
215 2383
214 2383
213 2383
212 2382
211 2382
210 2382
209 2382
208 2382
207 2382
206 2382
205 2382
204 2382
203 2382
202 2382
201 2382
200 2382
199 2382
198 2381
197 2381
196 2381
195 2381
194 2380
193 2380
192 2380
191 2380
190 2380
189 2380
188 2380
187 2380
186 2380
185 2380
184 2380
183 2380
182 2380
181 2380
180 2380
179 2380
178 2380
177 2380
176 2380
175 2380
174 2380
173 2380
172 2380
171 2380
170 2380
169 2380
168 2380
167 2380
166 2380
165 2380
164 2380
163 2380
162 2380
161 2380
160 2380
159 2380
158 2380
157 2380
156 2380
155 2380
154 2380
153 2380
152 2380
151 2380
150 2380
149 2380
148 2380
147 2380
