1813 4335
1812 4336
1811 4336
1810 4337
1809 4337
1808 4338
1807 4338
1806 4339
1805 4339
1804 4339
1803 4339
1802 4339
1801 4339
1800 4339
1799 4339
1798 4339
1797 4339
1796 4340
1795 4340
1794 4340
1793 4340
1792 4341
1791 4342
1790 4343
1789 4344
1788 4344
1788 4345
1787 4346
1786 4346
1786 4347
1785 4348
1784 4349
1783 4350
1782 4351
1782 4352
1781 4353
1780 4354
1779 4355
1778 4356
1777 4356
1776 4357
1775 4358
1774 4359
1773 4360
1772 4360
1772 4361
1771 4362
1770 4362
1769 4363
1768 4364
1767 4364
1766 4365
1765 4365
1764 4365
1763 4365
1762 4365
1761 4365
1760 4365
1759 4365
1758 4365
1757 4365
1756 4366
1755 4366
1754 4366
1753 4366
1752 4367
1751 4367
1750 4368
1749 4368
1748 4368
1747 4368
1746 4369
1745 4369
1744 4370
1743 4370
1742 4370
1741 4370
1740 4371
1739 4372
1738 4372
1737 4372
1736 4373
1735 4373
1734 4374
1733 4374
1732 4374
1731 4374
1730 4375
1729 4376
1728 4376
1727 4376
1726 4377
1725 4378
1724 4378
1723 4378
1722 4379
1721 4380
1720 4380
1719 4380
1718 4381
1717 4381
1716 4381
1715 4381
1714 4381
1713 4381
1712 4381
1711 4381
1710 4381
1709 4381
1708 4381
1707 4381
1706 4381
1705 4381
1704 4382
1703 4382
1702 4382
1701 4382
1700 4383
1699 4383
1698 4383
1697 4383
1696 4384
1695 4384
1694 4384
1693 4384
1692 4385
1691 4385
1690 4385
1689 4385
1688 4385
1687 4385
1686 4386
1685 4386
1684 4386
1683 4386
1682 4387
1681 4387
1680 4387
1679 4387
1678 4387
1677 4387
1676 4387
1675 4387
1674 4387
1673 4387
1672 4387
1671 4387
1670 4388
1669 4388
1668 4389
1667 4390
1666 4390
1666 4391
1665 4392
1664 4392
1664 4393
1663 4394
1662 4395
1661 4396
1660 4397
1660 4398
1659 4399
1658 4400
1658 4401
1657 4402
1656 4402
1656 4403
1655 4404
1654 4404
1654 4405
1653 4406
1652 4407
1652 4408
1651 4409
1651 4410
1651 4411
1651 4412
1652 4413
1652 4414
1653 4415
1654 4416
1654 4417
1655 4417
1656 4418
1657 4419
1658 4420
1659 4421
1660 4421
1661 4421
1662 4421
1663 4422
1664 4422
1665 4422
1666 4422
1667 4423
1668 4423
1669 4423
1670 4423
1671 4424
1672 4424
1673 4425
1674 4425
1675 4425
1676 4426
1677 4427
1678 4427
1679 4427
1680 4428
1681 4429
1682 4429
1683 4429
1684 4429
1685 4430
1686 4430
1687 4430
1688 4430
1689 4431
1690 4431
1691 4431
1692 4431
1693 4432
1694 4432
1695 4433
1696 4433
1697 4433
1698 4433
1699 4434
1700 4434
1701 4434
1702 4434
1703 4435
1704 4435
1705 4435
1706 4435
1707 4436
1708 4436
1709 4437
1710 4437
1711 4437
1712 4437
1713 4438
1714 4438
1715 4438
1716 4438
1717 4438
1718 4438
1719 4439
1720 4439
1721 4439
1722 4440
1723 4441
1724 4441
1725 4441
1726 4441
1727 4442
1728 4442
1729 4442
1730 4442
1731 4442
1732 4442
1733 4442
1734 4442
1735 4443
1736 4443
1737 4443
1738 4444
1739 4445
1740 4445
1741 4445
1742 4445
1743 4446
1744 4446
1745 4446
1746 4446
1747 4447
1748 4447
1749 4447
1750 4447
1751 4448
1752 4448
1753 4448
1754 4448
1755 4449
1756 4449
1757 4449
1758 4449
1759 4450
1760 4450
1761 4451
1762 4451
1763 4451
1764 4451
1765 4452
1766 4452
1767 4452
1768 4452
1769 4453
1770 4453
1771 4453
1772 4453
1773 4454
1774 4454
1775 4454
1776 4454
1777 4455
1778 4455
1779 4455
1780 4455
1781 4456
1782 4456
1783 4456
1784 4456
1785 4457
1786 4457
1787 4457
1788 4457
1789 4458
1790 4458
1791 4458
1792 4458
1793 4459
1794 4459
1795 4459
1796 4459
1797 4460
1798 4460
1799 4460
1800 4460
1801 4460
1802 4460
1803 4461
1804 4461
1805 4461
1806 4461
1807 4462
1808 4462
1809 4462
1810 4462
1811 4463
1812 4463
1813 4464
1814 4464
1815 4465
1816 4465
1817 4466
1818 4466
1819 4466
1820 4466
1821 4467
1822 4467
1823 4468
1824 4469
1825 4469
1826 4470
1827 4471
1828 4471
1829 4472
1830 4472
1831 4473
1832 4473
1833 4474
1834 4475
1835 4475
1836 4476
1837 4477
1838 4478
1839 4479
1840 4479
1841 4479
1842 4479
1843 4480
1844 4480
1845 4481
1846 4481
1847 4482
1848 4482
1849 4483
1850 4484
1851 4485
1852 4485
1853 4485
1854 4486
1855 4487
1856 4487
1857 4487
1858 4488
1859 4489
1860 4489
1861 4489
1862 4489
1863 4490
1864 4490
1865 4491
1866 4491
1867 4492
1868 4492
1869 4493
1870 4494
1871 4495
1872 4495
1873 4495
1874 4496
1875 4497
1876 4497
1877 4497
1878 4498
1879 4499
1880 4499
1881 4499
1882 4500
1883 4501
1884 4501
1885 4501
1886 4502
1887 4503
1888 4503
1889 4503
1890 4504
1891 4505
1892 4505
1893 4505
1894 4506
1895 4507
1896 4507
1897 4507
1898 4508
1899 4509
1900 4509
1901 4509
1902 4510
1903 4511
1904 4511
1905 4511
1906 4512
1907 4513
1908 4513
1909 4513
1910 4513
1911 4514
1912 4514
1913 4515
1914 4515
1915 4516
1916 4516
1917 4517
1918 4518
1919 4519
1920 4519
1921 4519
1922 4519
1923 4520
1924 4520
1925 4521
1926 4521
1927 4522
1928 4522
1929 4523
1930 4524
1931 4525
1932 4525
1933 4525
1934 4526
1935 4527
1936 4527
1937 4527
1938 4528
1939 4529
1940 4529
1941 4529
1942 4529
1943 4530
1944 4530
1945 4531
1946 4531
1947 4531
1948 4532
1949 4533
1950 4533
1951 4533
1952 4533
1953 4534
1954 4534
1955 4535
1956 4535
1957 4535
1958 4536
1959 4537
1960 4537
1961 4537
1962 4537
1963 4538
1964 4538
1965 4538
1966 4538
1967 4539
1968 4539
1969 4540
1970 4540
1971 4541
1972 4542
1973 4543
1974 4543
1975 4543
1976 4544
1977 4545
1978 4545
1979 4545
1980 4545
1981 4546
1982 4546
1983 4547
1984 4547
1985 4547
1986 4547
1987 4548
1988 4548
1989 4548
1990 4548
1991 4549
1992 4549
1993 4549
1994 4550
1995 4551
1996 4551
1997 4551
1998 4551
1999 4552
2000 4552
2001 4553
2002 4553
2003 4553
2004 4553
2005 4554
2006 4554
2007 4554
2008 4554
2009 4555
2010 4555
2011 4555
2012 4555
2013 4556
2014 4556
2015 4556
2016 4556
2017 4556
2018 4556
2019 4556
2020 4556
2021 4557
2022 4557
2023 4557
2024 4557
2025 4558
2026 4558
2027 4559
2028 4559
2029 4559
2030 4559
2031 4560
2032 4560
2033 4560
2034 4560
2035 4560
2036 4560
2037 4560
2038 4560
2039 4560
2040 4560
2041 4560
2042 4560
2043 4560
2044 4560
2045 4560
2046 4560
2047 4560
2048 4560
2049 4560
2050 4560
2051 4560
2052 4560
2053 4560
2054 4560
2055 4560
2056 4560
2057 4560
2058 4560
2059 4560
2060 4560
2061 4560
2062 4560
2063 4560
2064 4560
2065 4560
2066 4560
2067 4560
2068 4560
2069 4560
2070 4560
2071 4560
2072 4560
2073 4560
2074 4560
2075 4560
2076 4560
2077 4560
2078 4560
2079 4560
2080 4560
2081 4560
2082 4560
2083 4560
2084 4560
2085 4559
2086 4559
2087 4559
2088 4559
2089 4558
2090 4558
2091 4558
2092 4558
2093 4558
2094 4558
2095 4558
2096 4558
2097 4558
2098 4558
2099 4558
2100 4558
2101 4557
2102 4557
2103 4557
2104 4557
2105 4556
2106 4556
2107 4556
2108 4556
2109 4556
2110 4556
2111 4555
2112 4555
2113 4555
2114 4555
2115 4554
2116 4554
2117 4554
2118 4554
2119 4554
2120 4554
2121 4554
2122 4554
2123 4554
2124 4554
2125 4554
2126 4554
2127 4554
2128 4554
2129 4554
2130 4554
2131 4554
2132 4554
2133 4554
2134 4554
2135 4554
2136 4554
2137 4554
2138 4554
2139 4554
2140 4554
2141 4554
2142 4554
2143 4554
2144 4554
2145 4554
2146 4554
2147 4554
2148 4554
2149 4554
2150 4554
2151 4554
2152 4554
2153 4554
2154 4554
2155 4553
2156 4553
2157 4553
2158 4553
2159 4552
2160 4551
2161 4551
2162 4551
2163 4550
2164 4550
2165 4549
2166 4549
2167 4549
2168 4549
2169 4548
2170 4548
2171 4548
2172 4548
2173 4548
2174 4548
2175 4548
2176 4548
2177 4547
2178 4547
2179 4547
2180 4547
2181 4546
2182 4546
2183 4545
2184 4545
2185 4544
2186 4544
2187 4543
2188 4543
2189 4542
2190 4542
2191 4542
2192 4542
2193 4541
2194 4541
2195 4541
2196 4541
2197 4540
2198 4540
2199 4539
2200 4539
2201 4538
2202 4537
2203 4537
2203 4536
2204 4535
2205 4535
2205 4534
2206 4533
2207 4533
2208 4532
2209 4531
2210 4531
2211 4530
2212 4529
2213 4529
2214 4529
2215 4528
2216 4527
2217 4527
2218 4527
2219 4526
2220 4525
2221 4524
2222 4524
2223 4523
2224 4523
2225 4522
2226 4521
2227 4520
2228 4520
2229 4519
2230 4519
2231 4518
2232 4517
2233 4517
2234 4517
2235 4516
2236 4515
2237 4514
2238 4514
2239 4513
2240 4513
2241 4512
2242 4512
2243 4511
2244 4511
2245 4510
2246 4510
2247 4509
2248 4509
2249 4508
2250 4507
2251 4506
2252 4506
2253 4505
2254 4505
2255 4504
2256 4503
2257 4502
2258 4502
2259 4501
2260 4501
2261 4500
2262 4500
2263 4500
2264 4500
2265 4500
2266 4500
2267 4500
2268 4500
2269 4500
2270 4500
2271 4500
2272 4500
2273 4500
2274 4500
2275 4500
2276 4500
2277 4500
2278 4500
2279 4500
2280 4500
2281 4500
2282 4500
2283 4499
2284 4499
2285 4499
2286 4499
2287 4498
2288 4497
2289 4497
2290 4497
2291 4496
2292 4496
2293 4496
2294 4496
2295 4496
2296 4496
2297 4495
2298 4495
2299 4495
2300 4495
2301 4494
2302 4493
2303 4493
2304 4493
2305 4492
2306 4492
2307 4491
2308 4491
2309 4491
2310 4491
2311 4490
2312 4489
2313 4488
2314 4488
2315 4487
2316 4487
2317 4486
2318 4485
2319 4484
2320 4483
2321 4483
2321 4482
2322 4481
2323 4481
2323 4480
2324 4479
2325 4478
2325 4477
2326 4476
2326 4475
2327 4474
2327 4473
2327 4472
2327 4471
2328 4470
2328 4469
2329 4468
2329 4467
2329 4466
2329 4465
2330 4464
2330 4463
2331 4462
2331 4461
2332 4460
2333 4459
2333 4458
2334 4457
2335 4457
2335 4456
2336 4455
2337 4454
2338 4453
2339 4452
2339 4451
2340 4450
2341 4449
2341 4448
2342 4447
2343 4446
2343 4445
2344 4444
2344 4443
2344 4442
2344 4441
2344 4440
2344 4439
2344 4438
2344 4437
2344 4436
2344 4435
2345 4434
2345 4433
2345 4432
2345 4431
2346 4430
2346 4429
2346 4428
2346 4427
2345 4426
2345 4425
2345 4424
2345 4423
2344 4422
2343 4421
2342 4420
2341 4419
2341 4418
2340 4417
2339 4416
2339 4415
2338 4414
2338 4413
2337 4412
2337 4411
2337 4410
2337 4409
2336 4408
2335 4407
2335 4406
2335 4405
2334 4404
2333 4403
2333 4402
2333 4401
2332 4400
2331 4399
2330 4398
2329 4398
2328 4397
2327 4397
2326 4397
2325 4397
2324 4396
2323 4396
2322 4396
2321 4396
2320 4395
2319 4395
2318 4395
2317 4395
2316 4395
2315 4395
2314 4395
2313 4395
2312 4395
2311 4395
2310 4395
2309 4395
2308 4395
2307 4395
2306 4395
2305 4395
2304 4394
2303 4394
2302 4393
2301 4393
2300 4392
2299 4391
2298 4390
2297 4390
2296 4390
2295 4390
2294 4389
2293 4389
2292 4389
2291 4389
2290 4388
2289 4388
2288 4388
2287 4388
2286 4387
2285 4387
2284 4387
2283 4387
2282 4388
2281 4388
2280 4388
2279 4388
2278 4389
2277 4389
2276 4389
2275 4389
2274 4389
2273 4389
2272 4388
2271 4388
2270 4388
2269 4387
2268 4386
2267 4386
2266 4385
2265 4385
2264 4384
2263 4384
2262 4383
2261 4383
2260 4383
2259 4383
2258 4383
2257 4383
2256 4383
2255 4383
2254 4382
2253 4382
2252 4382
2251 4382
2250 4381
2249 4381
2248 4382
2247 4382
2246 4382
2245 4382
2244 4383
2243 4383
2242 4383
2241 4383
2240 4383
2239 4383
2238 4383
2237 4383
2236 4382
2235 4382
2234 4382
2233 4382
2232 4381
2231 4381
2230 4381
2229 4381
2228 4381
2227 4381
2226 4380
2225 4380
2224 4380
2223 4380
2222 4379
2221 4379
2220 4379
2219 4379
2218 4379
2217 4379
2216 4379
2215 4379
2214 4379
2213 4379
2212 4379
2211 4379
2210 4379
2209 4379
2208 4379
2207 4379
2206 4379
2205 4379
2204 4379
2203 4379
2202 4379
2201 4379
2200 4379
2199 4379
2198 4379
2197 4379
2196 4378
2195 4378
2194 4378
2193 4378
2192 4377
2191 4377
2190 4377
2189 4377
2188 4377
2187 4377
2186 4377
2185 4377
2184 4377
2183 4377
2182 4377
2181 4377
2180 4377
2179 4377
2178 4377
2177 4377
2176 4377
2175 4377
2174 4377
2173 4377
2172 4377
2171 4377
2170 4377
2169 4377
2168 4377
2167 4377
2166 4377
2165 4377
2164 4377
2163 4377
2162 4377
2161 4377
2160 4377
2159 4377
2158 4377
2157 4377
2156 4377
2155 4377
2154 4377
2153 4377
2152 4377
2151 4377
2150 4377
2149 4377
2148 4377
2147 4377
2146 4376
2145 4376
2144 4376
2143 4376
2142 4375
2141 4375
2140 4375
2139 4375
2138 4375
2137 4375
2136 4375
2135 4375
2134 4375
2133 4375
2132 4375
2131 4375
2130 4375
2129 4375
2128 4375
2127 4375
2126 4375
2125 4375
2124 4375
2123 4375
2122 4374
2121 4374
2120 4373
2119 4373
2118 4372
2117 4372
2116 4371
2115 4371
2114 4371
2113 4371
2112 4371
2111 4371
2110 4371
2109 4371
2108 4371
2107 4371
2106 4371
2105 4371
2104 4371
2103 4371
2102 4371
2101 4371
2100 4371
2099 4371
2098 4371
2097 4371
2096 4371
2095 4371
2094 4371
2093 4371
2092 4371
2091 4371
2090 4371
2089 4371
2088 4371
2087 4371
2086 4371
2085 4371
2084 4371
2083 4371
2082 4371
2081 4371
2080 4371
2079 4371
2078 4371
2077 4371
2076 4371
2075 4371
2074 4371
2073 4371
2072 4371
2071 4371
2070 4371
2069 4371
2068 4371
2067 4371
2066 4371
2065 4371
2064 4371
2063 4371
2062 4371
2061 4371
2060 4371
2059 4371
2058 4371
2057 4371
2056 4371
2055 4371
2054 4371
2053 4371
2052 4371
2051 4371
2050 4371
2049 4371
2048 4371
2047 4371
2046 4371
2045 4371
2044 4371
2043 4371
2042 4371
2041 4371
2040 4372
2039 4372
2038 4372
2037 4372
2036 4373
2035 4374
2034 4374
2033 4374
2032 4375
2031 4375
2030 4375
2029 4375
2028 4375
2027 4375
2026 4375
2025 4375
2024 4376
2023 4376
2022 4376
2021 4376
2020 4377
2019 4378
2018 4378
2017 4378
2016 4379
2015 4379
2014 4379
2013 4379
2012 4379
2011 4379
2010 4379
2009 4379
2008 4380
2007 4380
2006 4380
2005 4380
2004 4381
2003 4381
2002 4381
2001 4381
2000 4382
1999 4382
1998 4382
1997 4382
1996 4383
1995 4383
1994 4383
1993 4383
1992 4383
1991 4383
1990 4383
1989 4383
1988 4384
1987 4384
1986 4384
1985 4384
1984 4385
1983 4385
1982 4385
1981 4385
1980 4385
1979 4385
1978 4385
1977 4385
1976 4385
1975 4385
1974 4385
1973 4385
1972 4385
1971 4385
1970 4385
1969 4385
1968 4385
1967 4385
1966 4385
1965 4385
1964 4385
1963 4385
1962 4385
1961 4385
1960 4385
1959 4385
1958 4385
1957 4385
1956 4385
1955 4385
1954 4385
1953 4385
1952 4385
1951 4385
1950 4385
1949 4385
1948 4385
1947 4385
1946 4385
1945 4385
1944 4385
1943 4385
1942 4384
1941 4384
1940 4384
1939 4384
1938 4383
1937 4383
1936 4383
1935 4383
1934 4383
1933 4383
1932 4383
1931 4383
1930 4383
1929 4383
1928 4383
1927 4383
1926 4383
1925 4383
1924 4383
1923 4383
1922 4383
1921 4383
1920 4383
1919 4383
1918 4382
1917 4382
1916 4382
1915 4382
1914 4381
1913 4381
1912 4381
1911 4381
1910 4381
1909 4381
1908 4381
1907 4381
1906 4381
1905 4381
1904 4381
1903 4381
1902 4381
1901 4381
1900 4380
1899 4380
1898 4380
1897 4380
1896 4379
1895 4379
1894 4378
1893 4378
1892 4378
1891 4377
1890 4376
1889 4376
1888 4376
1887 4376
1886 4375
1885 4375
1884 4375
1883 4375
1882 4374
1881 4374
1880 4373
1879 4373
1878 4372
1877 4372
1876 4371
1875 4371
1874 4371
1873 4371
1872 4371
1871 4371
1870 4371
1869 4371
1868 4371
1867 4371
1866 4371
1865 4371
1864 4370
1863 4370
1862 4370
1861 4369
1860 4368
1859 4368
1858 4367
1857 4367
1856 4366
1855 4366
1854 4365
1853 4365
1852 4365
1851 4365
1850 4364
1849 4364
1848 4364
1847 4363
1846 4362
1845 4362
1844 4362
1843 4361
1842 4360
1841 4360
1840 4360
1839 4359
1838 4358
1837 4358
1836 4357
1835 4356
1834 4356
1833 4355
1832 4354
1831 4354
1830 4353
1829 4353
1828 4353
1827 4353
1826 4352
1826 4351
1826 4350
1826 4349
1826 4348
1826 4347
1826 4346
1826 4345
1826 4344
1826 4343
1825 4342
1825 4341
1824 4340
1823 4339
1822 4338
1821 4337
1820 4336
1819 4336
1818 4336
1817 4336
1816 4335
1815 4335
1814 4335
1813 4335
