807 651
806 652
805 652
804 652
803 652
802 653
801 654
800 655
799 656
798 657
798 658
797 659
797 660
796 661
796 662
795 663
794 664
793 665
792 666
791 666
790 667
789 668
788 669
787 669
786 670
785 670
784 671
783 671
782 671
781 671
780 671
779 671
778 671
777 671
776 671
775 671
774 671
773 671
772 670
771 670
770 670
769 670
768 669
767 669
766 669
765 669
764 669
763 669
762 668
761 668
760 668
759 668
758 667
757 667
756 667
755 667
754 667
753 667
752 667
751 667
750 667
749 667
748 668
747 668
746 669
745 669
744 670
743 670
742 671
741 672
740 672
739 672
738 673
737 674
736 675
735 676
734 676
734 677
733 678
732 678
732 679
731 680
730 680
730 681
729 682
728 682
728 683
727 684
726 684
725 685
724 686
723 686
722 687
721 688
720 689
719 690
718 690
718 691
717 692
716 692
715 693
714 694
713 694
712 695
711 696
710 697
709 698
708 698
708 699
707 700
706 700
706 701
705 702
704 702
703 703
702 704
701 704
700 705
699 705
698 706
697 706
696 707
695 708
694 708
694 709
693 710
692 710
692 711
691 712
690 712
690 713
689 714
688 714
688 715
687 716
686 716
686 717
685 718
684 718
684 719
683 720
682 720
682 721
681 722
680 722
680 723
679 724
678 724
678 725
677 726
676 726
676 727
675 728
674 728
674 729
673 730
672 731
671 732
670 733
670 734
669 735
669 736
668 737
667 738
666 739
666 740
666 741
665 742
664 743
664 744
664 745
664 746
663 747
663 748
663 749
663 750
664 751
664 752
665 753
666 753
667 754
668 754
669 755
670 755
671 755
672 756
673 757
674 757
675 757
676 758
677 759
678 759
679 760
680 761
681 761
682 762
682 763
683 763
684 764
685 765
686 766
687 767
688 767
689 767
690 767
691 768
692 768
693 768
694 768
695 769
696 769
697 770
698 771
699 771
700 772
701 773
702 773
703 774
704 774
705 775
706 775
707 775
708 775
709 776
710 776
711 776
712 776
713 776
714 776
715 777
716 777
717 777
718 777
719 778
720 778
721 778
722 778
723 778
724 778
725 778
726 778
727 778
728 778
729 778
730 778
731 778
732 778
733 778
734 778
735 778
736 778
737 778
738 778
739 778
740 778
741 778
742 778
743 778
744 778
745 778
746 778
747 777
748 777
749 777
750 777
751 776
752 776
753 776
754 776
755 776
756 776
757 776
758 776
759 776
760 776
761 776
762 776
763 776
764 776
765 776
766 776
767 775
768 775
769 775
770 775
771 774
772 773
773 773
774 773
775 772
776 772
777 772
778 772
779 772
780 772
781 772
782 772
783 772
784 772
785 772
786 772
787 772
788 772
789 772
790 772
791 771
792 771
793 771
794 771
795 770
796 770
797 770
798 770
799 770
800 770
801 770
802 770
803 770
804 770
805 770
806 770
807 770
808 770
809 770
810 770
811 770
812 770
813 770
814 770
815 770
816 770
817 770
818 770
819 770
820 770
821 770
822 770
823 770
824 770
825 770
826 770
827 770
828 770
829 770
830 770
831 770
832 770
833 770
834 770
835 770
836 770
837 769
838 769
839 769
840 769
841 768
842 768
843 768
844 768
845 768
846 768
847 768
848 768
849 768
850 768
851 768
852 768
853 768
854 768
855 768
856 768
857 768
858 768
859 768
860 768
861 767
862 767
863 767
864 767
865 766
866 766
867 766
868 766
869 766
870 766
871 767
872 767
873 767
874 767
875 768
876 768
877 768
878 768
879 768
880 768
881 768
882 768
883 768
884 768
885 768
886 768
887 768
888 768
889 767
890 767
891 767
892 767
893 766
894 766
895 766
896 766
897 766
898 766
899 766
900 766
901 766
902 766
903 766
904 766
905 766
906 766
907 766
908 766
909 766
910 766
911 765
912 765
913 765
914 765
915 764
916 764
917 764
918 764
919 764
920 764
921 764
922 764
923 764
924 764
925 764
926 764
927 764
928 764
929 764
930 764
931 763
932 763
933 763
934 763
935 762
936 761
937 761
938 761
939 760
940 759
941 759
942 759
943 758
944 758
945 758
946 758
947 757
948 757
949 756
950 755
951 755
951 754
952 753
953 753
953 752
954 751
955 751
955 750
956 749
957 749
957 748
958 747
959 746
960 745
961 744
961 743
961 742
961 741
962 740
962 739
962 738
962 737
963 736
963 735
963 734
963 733
964 732
964 731
964 730
964 729
964 728
964 727
965 726
965 725
965 724
965 723
966 722
966 721
966 720
966 719
966 718
966 717
966 716
966 715
966 714
966 713
966 712
966 711
966 710
966 709
966 708
966 707
966 706
966 705
965 704
965 703
965 702
965 701
964 700
964 699
964 698
964 697
964 696
964 695
964 694
964 693
964 692
964 691
964 690
964 689
964 688
964 687
964 686
964 685
964 684
964 683
964 682
964 681
964 680
964 679
964 678
964 677
963 676
963 675
963 674
963 673
962 672
962 671
962 670
962 669
961 668
961 667
960 666
959 665
958 664
957 663
956 662
955 662
954 662
953 662
952 661
951 661
950 660
949 660
948 660
947 659
946 658
945 658
944 658
943 658
942 657
941 657
940 657
939 657
938 657
937 657
936 657
935 657
934 657
933 657
932 657
931 657
930 657
929 657
928 658
927 658
926 658
925 658
924 659
923 659
922 658
921 658
920 658
919 658
918 657
917 657
916 656
915 656
914 656
913 656
912 655
911 655
910 655
909 655
908 655
907 655
906 655
905 655
904 655
903 655
902 655
901 655
900 655
899 655
898 655
897 655
896 655
895 655
894 655
893 655
892 655
891 655
890 655
889 655
888 655
887 655
886 655
885 655
884 655
883 655
882 655
881 655
880 655
879 655
878 655
877 655
876 655
875 655
874 655
873 655
872 655
871 655
870 655
869 655
868 655
867 655
866 655
865 655
864 655
863 655
862 655
861 655
860 655
859 655
858 654
857 654
856 654
855 654
854 653
853 653
852 653
851 653
850 653
849 653
848 654
847 654
846 654
845 654
844 655
843 655
842 655
841 655
840 656
839 656
838 656
837 656
836 657
835 657
834 657
833 657
832 656
831 656
830 656
829 655
828 654
827 654
826 654
825 653
824 652
823 652
822 652
821 652
820 651
819 651
818 651
817 651
816 651
815 651
814 651
813 651
812 651
811 651
810 651
809 651
808 651
807 651
