1151 4113
1150 4114
1149 4114
1148 4114
1147 4114
1146 4115
1145 4115
1144 4115
1143 4115
1142 4115
1141 4115
1140 4115
1139 4115
1138 4115
1137 4115
1136 4115
1135 4115
1134 4115
1133 4115
1132 4116
1131 4116
1130 4116
1129 4116
1128 4117
1127 4118
1126 4118
1125 4118
1124 4119
1123 4120
1122 4121
1121 4121
1120 4122
1119 4122
1118 4123
1117 4123
1116 4124
1115 4124
1114 4124
1113 4124
1112 4125
1111 4125
1110 4125
1109 4126
1108 4127
1107 4127
1106 4128
1105 4128
1104 4129
1103 4129
1102 4129
1101 4129
1100 4130
1099 4130
1098 4131
1097 4131
1096 4132
1095 4132
1094 4133
1093 4133
1092 4133
1091 4133
1090 4133
1089 4133
1088 4133
1087 4133
1086 4133
1085 4133
1084 4133
1083 4133
1082 4134
1081 4134
1080 4134
1079 4134
1078 4135
1077 4136
1076 4136
1075 4136
1074 4137
1073 4137
1072 4137
1071 4137
1070 4137
1069 4137
1068 4138
1067 4138
1066 4139
1065 4139
1064 4140
1063 4140
1062 4141
1061 4141
1060 4141
1059 4141
1058 4141
1057 4141
1056 4141
1055 4141
1054 4141
1053 4141
1052 4141
1051 4141
1050 4141
1049 4141
1048 4141
1047 4141
1046 4142
1045 4142
1044 4142
1043 4142
1042 4143
1041 4143
1040 4143
1039 4143
1038 4143
1037 4143
1036 4143
1035 4143
1034 4142
1033 4142
1032 4141
1031 4141
1030 4140
1029 4140
1028 4139
1027 4139
1026 4139
1025 4139
1024 4139
1023 4139
1022 4140
1021 4140
1020 4141
1019 4141
1018 4142
1017 4142
1016 4143
1015 4143
1014 4144
1013 4144
1012 4144
1011 4144
1010 4145
1009 4145
1008 4145
1007 4145
1006 4145
1005 4145
1004 4145
1003 4145
1002 4145
1001 4145
1000 4145
999 4145
998 4145
997 4145
996 4146
995 4146
994 4147
993 4148
992 4149
991 4150
990 4151
990 4152
989 4153
988 4154
988 4155
987 4156
986 4156
986 4157
985 4158
984 4159
983 4160
982 4161
982 4162
981 4163
981 4164
980 4165
979 4166
978 4167
978 4168
978 4169
977 4170
976 4171
976 4172
975 4173
974 4174
974 4175
973 4176
972 4177
972 4178
971 4179
971 4180
971 4181
971 4182
970 4183
970 4184
970 4185
970 4186
969 4187
969 4188
969 4189
969 4190
969 4191
969 4192
969 4193
969 4194
969 4195
969 4196
969 4197
969 4198
969 4199
969 4200
969 4201
969 4202
969 4203
969 4204
969 4205
969 4206
969 4207
969 4208
969 4209
969 4210
970 4211
970 4212
971 4213
972 4214
972 4215
973 4215
974 4216
975 4217
976 4218
977 4219
978 4219
979 4220
980 4220
981 4221
982 4221
983 4222
984 4222
985 4222
986 4222
987 4223
988 4223
989 4223
990 4224
991 4225
992 4225
993 4226
994 4226
995 4227
996 4227
997 4228
998 4228
999 4228
1000 4228
1001 4229
1002 4229
1003 4229
1004 4229
1005 4230
1006 4230
1007 4230
1008 4230
1009 4230
1010 4230
1011 4231
1012 4231
1013 4231
1014 4231
1015 4232
1016 4232
1017 4232
1018 4232
1019 4232
1020 4232
1021 4232
1022 4232
1023 4232
1024 4232
1025 4232
1026 4232
1027 4232
1028 4232
1029 4232
1030 4232
1031 4232
1032 4232
1033 4232
1034 4232
1035 4232
1036 4232
1037 4233
1038 4233
1039 4233
1040 4233
1041 4234
1042 4234
1043 4234
1044 4234
1045 4234
1046 4234
1047 4235
1048 4235
1049 4235
1050 4235
1051 4236
1052 4236
1053 4236
1054 4236
1055 4237
1056 4237
1057 4237
1058 4237
1059 4238
1060 4238
1061 4238
1062 4238
1063 4238
1064 4238
1065 4239
1066 4239
1067 4239
1068 4240
1069 4241
1070 4241
1071 4241
1072 4242
1073 4243
1074 4243
1075 4243
1076 4243
1077 4244
1078 4244
1079 4244
1080 4244
1081 4244
1082 4244
1083 4244
1084 4244
1085 4245
1086 4245
1087 4245
1088 4245
1089 4246
1090 4246
1091 4246
1092 4246
1093 4246
1094 4246
1095 4246
1096 4246
1097 4246
1098 4246
1099 4246
1100 4246
1101 4246
1102 4246
1103 4246
1104 4246
1105 4247
1106 4247
1107 4248
1108 4249
1109 4249
1110 4250
1110 4251
1111 4251
1112 4252
1113 4253
1114 4253
1115 4254
1116 4254
1117 4254
1118 4254
1119 4254
1120 4254
1121 4254
1122 4254
1123 4254
1124 4254
1125 4254
1126 4254
1127 4254
1128 4254
1129 4254
1130 4254
1131 4254
1132 4254
1133 4254
1134 4254
1135 4254
1136 4254
1137 4254
1138 4254
1139 4254
1140 4254
1141 4254
1142 4254
1143 4254
1144 4254
1145 4254
1146 4254
1147 4254
1148 4254
1149 4254
1150 4254
1151 4254
1152 4254
1153 4254
1154 4254
1155 4254
1156 4254
1157 4254
1158 4254
1159 4254
1160 4254
1161 4254
1162 4254
1163 4254
1164 4254
1165 4254
1166 4254
1167 4254
1168 4254
1169 4253
1170 4253
1171 4253
1172 4253
1173 4252
1174 4252
1175 4252
1176 4252
1177 4251
1178 4251
1179 4251
1180 4251
1181 4250
1182 4250
1183 4250
1184 4250
1185 4249
1186 4249
1187 4249
1188 4249
1189 4248
1190 4248
1191 4247
1192 4247
1193 4247
1194 4247
1195 4246
1196 4245
1197 4245
1198 4245
1199 4244
1200 4244
1201 4244
1202 4244
1203 4243
1204 4243
1205 4243
1206 4243
1207 4242
1208 4242
1209 4241
1210 4241
1211 4241
1212 4241
1213 4240
1214 4239
1215 4239
1216 4239
1217 4238
1218 4237
1219 4236
1220 4235
1221 4235
1221 4234
1222 4233
1223 4233
1223 4232
1224 4231
1225 4231
1225 4230
1226 4229
1227 4229
1227 4228
1228 4227
1229 4227
1229 4226
1230 4225
1231 4225
1231 4224
1232 4223
1233 4223
1233 4222
1234 4221
1235 4221
1235 4220
1236 4219
1237 4219
1237 4218
1238 4217
1239 4217
1239 4216
1240 4215
1241 4215
1241 4214
1242 4213
1243 4213
1243 4212
1244 4211
1245 4211
1245 4210
1246 4209
1247 4208
1248 4207
1249 4206
1249 4205
1250 4204
1251 4203
1251 4202
1252 4201
1253 4200
1253 4199
1254 4198
1254 4197
1254 4196
1254 4195
1254 4194
1254 4193
1254 4192
1254 4191
1254 4190
1254 4189
1254 4188
1254 4187
1253 4186
1253 4185
1253 4184
1253 4183
1252 4182
1252 4181
1252 4180
1252 4179
1252 4178
1252 4177
1252 4176
1252 4175
1252 4174
1252 4173
1251 4172
1251 4171
1251 4170
1251 4169
1250 4168
1250 4167
1250 4166
1250 4165
1250 4164
1250 4163
1250 4162
1250 4161
1250 4160
1250 4159
1249 4158
1249 4157
1248 4156
1247 4155
1247 4154
1246 4154
1245 4153
1245 4152
1244 4151
1243 4150
1243 4149
1242 4148
1241 4147
1240 4146
1239 4145
1239 4144
1238 4144
1237 4143
1237 4142
1236 4142
1235 4141
1235 4140
1234 4140
1233 4139
1233 4138
1232 4138
1231 4137
1231 4136
1230 4136
1229 4135
1229 4134
1228 4134
1227 4133
1227 4132
1226 4132
1225 4131
1224 4130
1223 4130
1222 4129
1221 4129
1220 4129
1219 4129
1218 4128
1217 4128
1216 4127
1215 4127
1214 4126
1213 4125
1212 4124
1211 4124
1210 4124
1209 4123
1208 4122
1207 4122
1206 4122
1205 4122
1204 4121
1203 4121
1202 4121
1201 4121
1200 4120
1199 4120
1198 4120
1197 4119
1196 4118
1195 4118
1194 4117
1193 4117
1192 4116
1191 4116
1190 4115
1189 4115
1188 4115
1187 4115
1186 4114
1185 4114
1184 4114
1183 4114
1182 4113
1181 4113
1180 4113
1179 4113
1178 4113
1177 4113
1176 4113
1175 4113
1174 4113
1173 4113
1172 4113
1171 4113
1170 4113
1169 4113
1168 4113
1167 4113
1166 4113
1165 4113
1164 4113
1163 4113
1162 4113
1161 4113
1160 4113
1159 4113
1158 4113
1157 4113
1156 4113
1155 4113
1154 4113
1153 4113
1152 4113
1151 4113
