735 3291
734 3292
733 3292
732 3292
731 3292
730 3293
729 3293
728 3293
727 3293
726 3293
725 3293
724 3293
723 3293
722 3293
721 3293
720 3293
719 3293
718 3293
717 3293
716 3293
715 3293
714 3293
713 3293
712 3293
711 3293
710 3293
709 3293
708 3293
707 3293
706 3293
705 3293
704 3293
703 3293
702 3293
701 3293
700 3293
699 3293
698 3293
697 3293
696 3293
695 3293
694 3293
693 3293
692 3293
691 3293
690 3293
689 3293
688 3293
687 3293
686 3293
685 3293
684 3293
683 3293
682 3293
681 3293
680 3293
679 3293
678 3293
677 3293
676 3293
675 3293
674 3293
673 3293
672 3293
671 3293
670 3293
669 3293
668 3293
667 3293
666 3294
665 3294
664 3295
663 3296
662 3296
662 3297
661 3298
660 3298
659 3299
658 3300
657 3300
656 3301
655 3302
654 3303
653 3304
652 3304
652 3305
651 3306
650 3306
649 3307
648 3308
647 3308
646 3309
645 3310
644 3311
643 3311
642 3312
641 3312
640 3313
639 3314
638 3315
637 3316
636 3316
635 3317
634 3318
633 3318
632 3319
631 3320
630 3321
629 3321
628 3322
627 3322
626 3323
625 3324
624 3324
623 3324
622 3325
621 3325
620 3325
619 3325
618 3326
617 3326
616 3327
615 3328
614 3328
614 3329
613 3330
612 3330
612 3331
611 3332
610 3332
610 3333
609 3334
608 3335
607 3336
606 3337
606 3338
606 3339
605 3340
604 3341
604 3342
604 3343
604 3344
603 3345
603 3346
603 3347
603 3348
603 3349
603 3350
602 3351
602 3352
602 3353
602 3354
601 3355
601 3356
602 3357
602 3358
603 3359
604 3360
605 3361
606 3361
607 3361
608 3361
609 3362
610 3362
611 3362
612 3362
613 3362
614 3362
615 3362
616 3362
617 3362
618 3362
619 3362
620 3362
621 3363
622 3363
623 3363
624 3363
625 3364
626 3364
627 3364
628 3364
629 3365
630 3365
631 3365
632 3365
633 3366
634 3366
635 3367
636 3367
637 3367
638 3367
639 3368
640 3368
641 3368
642 3368
643 3368
644 3368
645 3368
646 3368
647 3368
648 3368
649 3368
650 3368
651 3368
652 3368
653 3368
654 3368
655 3368
656 3368
657 3368
658 3368
659 3368
660 3368
661 3368
662 3368
663 3368
664 3368
665 3368
666 3368
667 3368
668 3368
669 3369
670 3369
671 3370
672 3371
672 3372
673 3372
674 3373
675 3374
676 3374
677 3375
678 3375
679 3375
680 3375
681 3376
682 3376
683 3376
684 3376
685 3376
686 3376
687 3377
688 3377
689 3378
690 3379
691 3379
692 3380
693 3381
694 3382
695 3383
696 3383
697 3383
698 3383
699 3384
700 3384
701 3385
702 3385
703 3386
704 3386
705 3387
706 3388
707 3389
708 3389
709 3390
710 3390
711 3391
712 3392
713 3393
714 3393
715 3393
716 3394
717 3395
718 3395
719 3395
720 3395
721 3396
722 3396
723 3397
724 3397
725 3398
726 3398
727 3399
728 3400
729 3401
730 3401
731 3401
732 3402
733 3403
734 3403
735 3403
736 3404
737 3405
738 3405
739 3405
740 3406
741 3407
742 3407
743 3407
744 3407
745 3408
746 3408
747 3408
748 3408
749 3408
750 3408
751 3408
752 3408
753 3408
754 3408
755 3408
756 3408
757 3408
758 3408
759 3408
760 3408
761 3408
762 3408
763 3407
764 3407
765 3407
766 3407
767 3406
768 3406
769 3405
770 3405
771 3404
772 3404
773 3403
774 3403
775 3402
776 3401
777 3400
778 3400
779 3399
780 3399
781 3398
782 3397
783 3396
784 3396
785 3395
786 3395
787 3394
788 3394
789 3393
790 3393
791 3392
792 3392
793 3391
794 3391
795 3390
796 3389
797 3389
798 3389
799 3388
800 3387
801 3387
802 3387
803 3386
804 3385
805 3384
806 3384
807 3383
808 3383
809 3382
810 3381
811 3380
812 3379
813 3379
813 3378
814 3377
815 3376
815 3375
816 3374
816 3373
816 3372
816 3371
817 3370
817 3369
817 3368
818 3367
819 3366
819 3365
819 3364
819 3363
820 3362
820 3361
820 3360
820 3359
820 3358
820 3357
819 3356
819 3355
819 3354
819 3353
818 3352
818 3351
818 3350
818 3349
818 3348
818 3347
818 3346
818 3345
818 3344
818 3343
818 3342
818 3341
818 3340
818 3339
817 3338
817 3337
816 3336
815 3335
815 3334
814 3333
813 3332
813 3331
812 3330
811 3329
811 3328
811 3327
810 3326
809 3325
808 3324
807 3323
807 3322
806 3321
805 3320
805 3319
804 3318
803 3317
802 3316
801 3315
801 3314
800 3314
799 3313
799 3312
798 3312
797 3311
797 3310
796 3310
795 3309
795 3308
794 3308
793 3307
793 3306
792 3306
791 3305
790 3304
789 3303
788 3302
787 3302
786 3301
785 3300
784 3300
783 3299
783 3298
782 3298
781 3297
780 3296
779 3295
778 3294
777 3294
776 3294
775 3293
774 3292
773 3292
772 3292
771 3292
770 3291
769 3291
768 3291
767 3291
766 3291
765 3291
764 3291
763 3291
762 3291
761 3291
760 3291
759 3291
758 3291
757 3291
756 3291
755 3291
754 3291
753 3291
752 3291
751 3291
750 3291
749 3291
748 3291
747 3291
746 3291
745 3291
744 3291
743 3291
742 3291
741 3291
740 3291
739 3291
738 3291
737 3291
736 3291
735 3291
