347 2300
346 2301
345 2301
344 2301
343 2301
342 2302
341 2302
340 2302
339 2302
338 2303
337 2303
336 2303
335 2303
334 2304
333 2304
332 2304
331 2304
330 2305
329 2305
328 2305
327 2305
326 2306
325 2306
324 2306
323 2306
322 2307
321 2307
320 2307
319 2307
318 2308
317 2308
316 2308
315 2308
314 2308
313 2308
312 2308
311 2308
310 2309
309 2309
308 2309
307 2309
306 2310
305 2310
304 2311
303 2311
302 2311
301 2311
300 2312
299 2312
298 2312
297 2312
296 2313
295 2313
294 2313
293 2313
292 2314
291 2314
290 2314
289 2314
288 2314
287 2314
286 2315
285 2315
284 2315
283 2315
282 2316
281 2316
280 2317
279 2317
278 2317
277 2317
276 2318
275 2318
274 2318
273 2318
272 2319
271 2319
270 2319
269 2319
268 2320
267 2320
266 2321
265 2321
264 2321
263 2321
262 2322
261 2322
260 2323
259 2323
258 2323
257 2323
256 2324
255 2324
254 2325
253 2325
252 2325
251 2325
250 2326
249 2326
248 2327
247 2327
246 2327
245 2327
244 2328
243 2328
242 2328
241 2328
240 2329
239 2329
238 2330
237 2331
236 2331
235 2332
234 2333
233 2333
232 2334
231 2334
230 2335
229 2335
228 2335
227 2335
226 2336
225 2336
224 2336
223 2336
222 2336
221 2336
220 2337
219 2337
218 2338
217 2339
216 2340
215 2341
214 2342
213 2343
212 2344
212 2345
212 2346
212 2347
213 2348
214 2349
215 2350
216 2351
217 2352
218 2352
219 2353
220 2353
221 2354
222 2355
223 2356
224 2356
225 2356
226 2357
227 2358
228 2358
229 2358
230 2358
231 2359
232 2359
233 2360
234 2360
235 2360
236 2361
237 2362
238 2362
239 2362
240 2362
241 2363
242 2363
243 2364
244 2364
245 2364
246 2364
247 2365
248 2365
249 2365
250 2365
251 2366
252 2366
253 2366
254 2366
255 2367
256 2367
257 2368
258 2368
259 2368
260 2368
261 2369
262 2369
263 2369
264 2369
265 2369
266 2369
267 2370
268 2370
269 2370
270 2370
271 2371
272 2371
273 2371
274 2371
275 2372
276 2372
277 2372
278 2372
279 2373
280 2373
281 2373
282 2373
283 2374
284 2374
285 2374
286 2374
287 2375
288 2375
289 2375
290 2375
291 2376
292 2376
293 2376
294 2376
295 2377
296 2377
297 2377
298 2377
299 2378
300 2378
301 2378
302 2378
303 2379
304 2379
305 2379
306 2379
307 2380
308 2380
309 2380
310 2380
311 2381
312 2381
313 2382
314 2382
315 2383
316 2383
317 2384
318 2384
319 2385
320 2385
321 2386
322 2386
323 2386
324 2387
325 2388
326 2388
327 2388
328 2388
329 2389
330 2389
331 2389
332 2389
333 2390
334 2390
335 2390
336 2390
337 2391
338 2391
339 2391
340 2391
341 2391
342 2391
343 2391
344 2391
345 2392
346 2392
347 2392
348 2392
349 2393
350 2393
351 2393
352 2393
353 2393
354 2393
355 2393
356 2393
357 2393
358 2393
359 2393
360 2393
361 2393
362 2393
363 2393
364 2393
365 2393
366 2393
367 2393
368 2393
369 2393
370 2393
371 2392
372 2392
373 2391
374 2391
375 2390
376 2390
377 2389
378 2388
379 2388
380 2388
381 2387
382 2386
383 2385
384 2384
385 2384
385 2383
386 2382
387 2382
387 2381
388 2380
389 2380
389 2379
390 2378
391 2378
391 2377
392 2376
393 2376
393 2375
394 2374
395 2373
396 2372
397 2371
397 2370
398 2369
399 2368
400 2367
401 2366
402 2366
403 2365
404 2364
405 2363
406 2362
407 2362
407 2361
408 2360
409 2360
409 2359
410 2358
411 2357
411 2356
412 2355
412 2354
412 2353
412 2352
412 2351
412 2350
412 2349
412 2348
412 2347
412 2346
412 2345
412 2344
412 2343
412 2342
412 2341
412 2340
411 2339
411 2338
411 2337
411 2336
410 2335
410 2334
409 2333
409 2332
408 2331
407 2330
407 2329
406 2329
405 2328
405 2327
404 2326
403 2325
403 2324
402 2323
401 2322
400 2321
400 2320
399 2319
399 2318
398 2317
397 2316
396 2315
395 2314
395 2313
394 2313
393 2312
393 2311
392 2311
391 2310
391 2309
390 2309
389 2308
388 2307
387 2307
386 2306
385 2306
384 2306
383 2306
382 2305
381 2305
380 2305
379 2305
378 2304
377 2304
376 2304
375 2304
374 2303
373 2303
372 2303
371 2303
370 2302
369 2302
368 2301
367 2301
366 2301
365 2301
364 2300
363 2300
362 2300
361 2300
360 2300
359 2300
358 2300
357 2300
356 2300
355 2300
354 2300
353 2300
352 2300
351 2300
350 2300
349 2300
348 2300
347 2300
