2377 1433
2376 1434
2375 1434
2374 1434
2373 1434
2372 1435
2371 1435
2370 1435
2369 1435
2368 1435
2367 1435
2366 1435
2365 1435
2364 1435
2363 1435
2362 1435
2361 1435
2360 1435
2359 1435
2358 1435
2357 1435
2356 1436
2355 1436
2354 1436
2353 1436
2352 1437
2351 1437
2350 1437
2349 1437
2348 1437
2347 1437
2346 1438
2345 1438
2344 1438
2343 1438
2342 1439
2341 1439
2340 1439
2339 1439
2338 1440
2337 1440
2336 1440
2335 1440
2334 1441
2333 1441
2332 1441
2331 1441
2330 1441
2329 1441
2328 1441
2327 1441
2326 1441
2325 1441
2324 1441
2323 1441
2322 1442
2321 1442
2320 1442
2319 1442
2318 1443
2317 1443
2316 1443
2315 1443
2314 1443
2313 1443
2312 1444
2311 1444
2310 1444
2309 1444
2308 1445
2307 1445
2306 1445
2305 1445
2304 1446
2303 1446
2302 1447
2301 1447
2300 1448
2299 1448
2298 1449
2297 1449
2296 1449
2295 1449
2294 1449
2293 1449
2292 1449
2291 1449
2290 1450
2289 1450
2288 1450
2287 1450
2286 1451
2285 1451
2284 1452
2283 1452
2282 1453
2281 1453
2280 1454
2279 1454
2278 1455
2277 1455
2276 1455
2275 1455
2274 1455
2273 1455
2272 1456
2271 1456
2270 1456
2269 1456
2268 1457
2267 1457
2266 1458
2265 1458
2264 1458
2263 1458
2262 1459
2261 1460
2260 1460
2259 1460
2258 1461
2257 1461
2256 1462
2255 1462
2254 1462
2253 1462
2252 1463
2251 1463
2250 1464
2249 1464
2248 1464
2247 1464
2246 1465
2245 1466
2244 1467
2243 1468
2242 1469
2242 1470
2241 1471
2241 1472
2241 1473
2241 1474
2241 1475
2241 1476
2242 1477
2242 1478
2243 1479
2244 1479
2245 1480
2246 1480
2247 1481
2248 1481
2249 1481
2250 1481
2251 1482
2252 1482
2253 1482
2254 1482
2255 1483
2256 1483
2257 1483
2258 1483
2259 1484
2260 1484
2261 1484
2262 1484
2263 1485
2264 1485
2265 1485
2266 1485
2267 1486
2268 1486
2269 1487
2270 1487
2271 1487
2272 1487
2273 1488
2274 1488
2275 1488
2276 1488
2277 1489
2278 1489
2279 1489
2280 1489
2281 1490
2282 1490
2283 1490
2284 1490
2285 1491
2286 1491
2287 1491
2288 1491
2289 1492
2290 1492
2291 1492
2292 1492
2293 1492
2294 1492
2295 1492
2296 1492
2297 1492
2298 1492
2299 1492
2300 1492
2301 1492
2302 1492
2303 1493
2304 1493
2305 1494
2306 1494
2307 1495
2308 1495
2309 1496
2310 1496
2311 1496
2312 1496
2313 1496
2314 1496
2315 1496
2316 1496
2317 1496
2318 1496
2319 1496
2320 1496
2321 1496
2322 1496
2323 1496
2324 1496
2325 1496
2326 1496
2327 1496
2328 1496
2329 1496
2330 1496
2331 1497
2332 1497
2333 1498
2334 1498
2335 1499
2336 1499
2337 1500
2338 1500
2339 1500
2340 1500
2341 1500
2342 1500
2343 1501
2344 1501
2345 1501
2346 1501
2347 1502
2348 1502
2349 1502
2350 1502
2351 1502
2352 1502
2353 1502
2354 1502
2355 1503
2356 1503
2357 1503
2358 1503
2359 1504
2360 1504
2361 1504
2362 1504
2363 1505
2364 1505
2365 1505
2366 1505
2367 1506
2368 1506
2369 1506
2370 1506
2371 1506
2372 1506
2373 1506
2374 1506
2375 1506
2376 1506
2377 1506
2378 1506
2379 1506
2380 1506
2381 1506
2382 1506
2383 1507
2384 1507
2385 1507
2386 1507
2387 1508
2388 1508
2389 1508
2390 1508
2391 1508
2392 1508
2393 1508
2394 1508
2395 1508
2396 1508
2397 1508
2398 1508
2399 1508
2400 1508
2401 1508
2402 1508
2403 1508
2404 1508
2405 1509
2406 1509
2407 1509
2408 1509
2409 1510
2410 1510
2411 1510
2412 1510
2413 1510
2414 1510
2415 1510
2416 1510
2417 1510
2418 1510
2419 1510
2420 1510
2421 1510
2422 1510
2423 1511
2424 1511
2425 1511
2426 1511
2427 1512
2428 1512
2429 1512
2430 1512
2431 1512
2432 1512
2433 1512
2434 1512
2435 1512
2436 1512
2437 1513
2438 1513
2439 1513
2440 1513
2441 1514
2442 1514
2443 1514
2444 1514
2445 1514
2446 1514
2447 1514
2448 1514
2449 1514
2450 1514
2451 1514
2452 1514
2453 1514
2454 1514
2455 1514
2456 1514
2457 1514
2458 1514
2459 1514
2460 1514
2461 1514
2462 1514
2463 1514
2464 1514
2465 1514
2466 1514
2467 1514
2468 1514
2469 1514
2470 1514
2471 1514
2472 1514
2473 1514
2474 1514
2475 1514
2476 1514
2477 1514
2478 1514
2479 1513
2480 1513
2481 1513
2482 1513
2483 1512
2484 1511
2485 1511
2486 1511
2487 1510
2488 1510
2489 1509
2490 1509
2491 1509
2492 1509
2493 1508
2494 1508
2495 1508
2496 1508
2497 1508
2498 1508
2499 1508
2500 1508
2501 1507
2502 1507
2503 1507
2504 1507
2505 1506
2506 1505
2507 1505
2508 1505
2509 1504
2510 1504
2511 1504
2512 1504
2513 1504
2514 1504
2515 1503
2516 1503
2517 1502
2518 1501
2519 1501
2519 1500
2520 1499
2521 1498
2521 1497
2522 1496
2522 1495
2522 1494
2522 1493
2522 1492
2522 1491
2522 1490
2522 1489
2523 1488
2523 1487
2523 1486
2523 1485
2524 1484
2524 1483
2524 1482
2524 1481
2524 1480
2524 1479
2524 1478
2524 1477
2524 1476
2524 1475
2524 1474
2524 1473
2524 1472
2524 1471
2524 1470
2524 1469
2523 1468
2523 1467
2523 1466
2523 1465
2522 1464
2522 1463
2522 1462
2522 1461
2521 1460
2521 1459
2520 1458
2519 1457
2519 1456
2518 1456
2517 1455
2517 1454
2516 1454
2515 1453
2515 1452
2514 1452
2513 1451
2512 1450
2511 1449
2510 1448
2509 1448
2508 1448
2507 1447
2506 1446
2505 1446
2504 1445
2503 1444
2502 1444
2501 1443
2501 1442
2500 1442
2499 1441
2498 1440
2497 1440
2496 1439
2495 1439
2494 1439
2493 1439
2492 1439
2491 1439
2490 1438
2489 1438
2488 1438
2487 1438
2486 1437
2485 1437
2484 1437
2483 1437
2482 1437
2481 1437
2480 1437
2479 1437
2478 1437
2477 1437
2476 1437
2475 1437
2474 1437
2473 1437
2472 1437
2471 1437
2470 1436
2469 1436
2468 1436
2467 1436
2466 1435
2465 1435
2464 1435
2463 1435
2462 1435
2461 1435
2460 1435
2459 1435
2458 1435
2457 1435
2456 1435
2455 1435
2454 1435
2453 1435
2452 1435
2451 1435
2450 1435
2449 1435
2448 1435
2447 1435
2446 1435
2445 1435
2444 1435
2443 1435
2442 1435
2441 1435
2440 1434
2439 1434
2438 1434
2437 1434
2436 1433
2435 1433
2434 1433
2433 1433
2432 1433
2431 1433
2430 1433
2429 1433
2428 1433
2427 1433
2426 1433
2425 1433
2424 1433
2423 1433
2422 1433
2421 1433
2420 1433
2419 1433
2418 1433
2417 1433
2416 1433
2415 1433
2414 1433
2413 1433
2412 1433
2411 1433
2410 1433
2409 1433
2408 1433
2407 1433
2406 1433
2405 1433
2404 1433
2403 1433
2402 1433
2401 1433
2400 1433
2399 1433
2398 1433
2397 1433
2396 1433
2395 1433
2394 1433
2393 1433
2392 1433
2391 1433
2390 1433
2389 1433
2388 1433
2387 1433
2386 1433
2385 1433
2384 1433
2383 1433
2382 1433
2381 1433
2380 1433
2379 1433
2378 1433
2377 1433
