405 4905
404 4906
403 4906
402 4906
401 4906
400 4907
399 4907
398 4907
397 4907
396 4907
395 4907
394 4908
393 4908
392 4908
391 4908
390 4909
389 4909
388 4909
387 4909
386 4910
385 4910
384 4910
383 4910
382 4911
381 4912
380 4913
379 4913
378 4914
377 4914
376 4915
375 4915
374 4915
373 4915
372 4915
371 4915
370 4915
369 4915
368 4916
367 4916
366 4917
365 4917
364 4918
363 4918
362 4919
361 4920
360 4920
359 4920
358 4921
357 4922
356 4923
355 4924
354 4924
353 4925
352 4926
351 4926
350 4927
349 4928
348 4928
347 4928
346 4929
345 4930
344 4931
343 4931
342 4932
341 4932
340 4933
339 4934
338 4934
337 4934
336 4935
335 4936
334 4937
333 4937
332 4938
331 4938
330 4939
329 4939
328 4940
327 4940
326 4941
325 4941
324 4942
323 4942
322 4943
321 4943
320 4944
319 4944
318 4945
317 4946
316 4946
316 4947
315 4948
314 4948
314 4949
313 4950
312 4950
312 4951
311 4952
310 4952
310 4953
309 4954
308 4954
308 4955
307 4956
306 4956
306 4957
305 4958
304 4958
304 4959
303 4960
302 4960
302 4961
301 4962
300 4962
300 4963
299 4964
298 4964
298 4965
297 4966
296 4967
295 4968
294 4969
294 4970
294 4971
294 4972
293 4973
293 4974
292 4975
292 4976
292 4977
291 4978
290 4979
290 4980
290 4981
290 4982
289 4983
289 4984
289 4985
289 4986
289 4987
289 4988
289 4989
289 4990
289 4991
289 4992
289 4993
289 4994
290 4995
290 4996
291 4997
292 4997
293 4998
294 4998
295 4999
296 4999
297 4999
298 5000
299 5001
300 5001
301 5001
302 5001
303 5002
304 5002
305 5003
306 5003
307 5003
308 5003
309 5004
310 5004
311 5004
312 5004
313 5005
314 5005
315 5006
316 5007
317 5007
318 5008
319 5009
320 5010
321 5011
322 5011
323 5012
324 5012
325 5013
326 5013
327 5014
328 5014
329 5014
330 5014
331 5014
332 5014
333 5014
334 5014
335 5014
336 5014
337 5015
338 5015
339 5015
340 5015
341 5016
342 5016
343 5016
344 5016
345 5017
346 5017
347 5017
348 5017
349 5018
350 5018
351 5018
352 5018
353 5019
354 5019
355 5020
356 5020
357 5021
358 5022
359 5023
360 5023
361 5024
362 5024
363 5025
364 5025
365 5026
366 5026
367 5026
368 5026
369 5026
370 5026
371 5026
372 5026
373 5026
374 5026
375 5026
376 5026
377 5026
378 5026
379 5026
380 5026
381 5027
382 5027
383 5028
384 5029
385 5029
386 5030
387 5031
388 5032
389 5033
390 5033
391 5034
392 5034
393 5035
394 5036
395 5037
396 5037
397 5037
398 5037
399 5038
400 5038
401 5038
402 5038
403 5038
404 5038
405 5039
406 5039
407 5040
408 5041
409 5041
410 5042
411 5043
412 5044
413 5045
414 5045
415 5046
416 5046
417 5047
418 5047
419 5048
420 5048
421 5049
422 5049
423 5049
424 5050
425 5051
426 5051
427 5051
428 5051
429 5052
430 5052
431 5053
432 5053
433 5054
434 5054
435 5055
436 5056
437 5057
438 5057
439 5057
440 5057
441 5058
442 5058
443 5058
444 5058
445 5058
446 5058
447 5058
448 5058
449 5057
450 5057
451 5057
452 5057
453 5056
454 5056
455 5056
456 5056
457 5056
458 5056
459 5056
460 5056
461 5055
462 5055
463 5054
464 5053
465 5053
465 5052
466 5051
467 5051
467 5050
468 5049
469 5049
469 5048
470 5047
471 5047
472 5046
473 5045
474 5045
475 5044
476 5044
477 5043
478 5043
479 5043
480 5043
481 5042
482 5042
483 5042
484 5042
485 5042
486 5042
487 5042
488 5042
489 5042
490 5042
491 5042
492 5042
493 5042
494 5042
495 5042
496 5042
497 5041
498 5041
499 5040
500 5040
501 5039
502 5039
503 5038
504 5038
505 5038
506 5038
507 5037
508 5037
509 5036
510 5035
511 5035
512 5034
513 5033
514 5033
515 5032
516 5031
517 5031
518 5031
519 5030
520 5029
521 5028
522 5027
523 5027
523 5026
524 5025
525 5025
525 5024
526 5023
527 5023
527 5022
528 5021
529 5021
529 5020
530 5019
531 5019
531 5018
532 5017
533 5016
534 5015
535 5014
535 5013
536 5012
537 5011
537 5010
538 5009
539 5008
540 5007
541 5006
541 5005
542 5004
543 5003
543 5002
544 5001
545 5000
545 4999
546 4998
546 4997
546 4996
546 4995
546 4994
546 4993
546 4992
546 4991
546 4990
546 4989
546 4988
546 4987
546 4986
546 4985
545 4984
545 4983
545 4982
545 4981
544 4980
544 4979
544 4978
544 4977
543 4976
543 4975
543 4974
543 4973
542 4972
542 4971
541 4970
541 4969
541 4968
541 4967
540 4966
540 4965
540 4964
540 4963
539 4962
539 4961
539 4960
539 4959
538 4958
538 4957
538 4956
538 4955
537 4954
537 4953
537 4952
537 4951
536 4950
535 4949
535 4948
535 4947
534 4946
533 4945
532 4944
531 4944
530 4943
529 4943
528 4942
527 4942
526 4942
525 4942
524 4941
523 4941
522 4940
521 4940
520 4940
519 4939
518 4938
517 4938
516 4937
515 4936
514 4936
513 4935
513 4934
512 4934
511 4933
510 4932
509 4932
508 4931
507 4931
506 4931
505 4931
504 4930
503 4930
502 4929
501 4928
500 4928
499 4927
499 4926
498 4926
497 4925
496 4924
495 4923
494 4922
493 4922
492 4922
491 4922
490 4921
489 4921
488 4921
487 4921
486 4921
485 4921
484 4921
483 4921
482 4921
481 4921
480 4921
479 4921
478 4921
477 4921
476 4921
475 4921
474 4920
473 4920
472 4920
471 4919
470 4918
469 4918
468 4917
467 4916
466 4916
465 4915
464 4914
463 4914
462 4913
461 4913
460 4913
459 4913
458 4912
457 4912
456 4912
455 4912
454 4911
453 4911
452 4910
451 4910
450 4909
449 4909
448 4908
447 4908
446 4907
445 4907
444 4907
443 4907
442 4907
441 4907
440 4907
439 4907
438 4907
437 4907
436 4906
435 4906
434 4906
433 4906
432 4905
431 4905
430 4905
429 4905
428 4905
427 4905
426 4905
425 4905
424 4905
423 4905
422 4905
421 4905
420 4905
419 4905
418 4905
417 4905
416 4905
415 4905
414 4905
413 4905
412 4905
411 4905
410 4905
409 4905
408 4905
407 4905
406 4905
405 4905
