439 792
438 793
437 793
436 793
435 793
434 794
433 794
432 794
431 794
430 794
429 794
428 794
427 794
426 794
425 794
424 795
423 795
422 795
421 795
420 796
419 796
418 796
417 796
416 796
415 796
414 796
413 796
412 796
411 796
410 796
409 796
408 796
407 796
406 796
405 796
404 796
403 796
402 796
401 796
400 796
399 796
398 796
397 796
396 796
395 796
394 796
393 796
392 796
391 796
390 796
389 796
388 796
387 796
386 797
385 797
384 797
383 797
382 798
381 799
380 799
379 799
378 800
377 800
376 800
375 800
374 800
373 800
372 800
371 800
370 800
369 800
368 800
367 800
366 800
365 800
364 800
363 800
362 800
361 800
360 800
359 800
358 800
357 800
356 800
355 800
354 800
353 800
352 800
351 800
350 800
349 800
348 801
347 801
346 801
345 801
344 802
343 802
342 802
341 802
340 802
339 802
338 802
337 802
336 802
335 802
334 802
333 802
332 802
331 802
330 803
329 803
328 803
327 803
326 804
325 804
324 804
323 804
322 804
321 804
320 805
319 805
318 806
317 807
316 808
316 809
315 810
314 811
314 812
313 813
312 813
312 814
311 815
310 815
310 816
309 817
308 817
308 818
307 819
306 819
306 820
305 821
304 821
304 822
303 823
302 823
302 824
301 825
300 826
299 827
298 828
298 829
298 830
298 831
297 832
297 833
297 834
297 835
297 836
297 837
296 838
296 839
295 840
295 841
294 842
294 843
293 844
293 845
293 846
293 847
293 848
293 849
293 850
293 851
293 852
293 853
294 854
294 855
295 856
295 857
296 858
296 859
297 860
298 861
299 862
300 863
300 864
301 864
302 865
302 866
303 866
304 867
304 868
305 868
306 869
306 870
307 870
308 871
308 872
309 873
310 874
310 875
311 876
312 877
313 878
314 879
315 880
316 881
317 882
318 882
319 883
320 883
321 884
322 885
323 886
324 886
325 886
326 886
327 887
328 887
329 887
330 887
331 887
332 887
333 888
334 888
335 889
336 890
337 890
338 891
338 892
339 892
340 893
341 894
342 894
343 895
344 895
345 896
346 896
347 896
348 896
349 897
350 897
351 897
352 897
353 897
354 897
355 897
356 897
357 897
358 897
359 897
360 897
361 897
362 897
363 897
364 897
365 897
366 897
367 897
368 897
369 897
370 897
371 897
372 897
373 897
374 897
375 897
376 897
377 897
378 897
379 897
380 897
381 898
382 898
383 898
384 898
385 899
386 899
387 900
388 900
389 900
390 900
391 901
392 901
393 902
394 902
395 902
396 903
397 904
398 904
399 904
400 904
401 905
402 905
403 906
404 906
405 906
406 906
407 907
408 907
409 908
410 908
411 908
412 908
413 909
414 909
415 909
416 909
417 909
418 909
419 909
420 909
421 909
422 909
423 909
424 909
425 909
426 909
427 909
428 909
429 909
430 909
431 909
432 909
433 909
434 909
435 909
436 909
437 909
438 909
439 909
440 909
441 909
442 909
443 909
444 909
445 910
446 910
447 910
448 910
449 911
450 911
451 911
452 911
453 911
454 911
455 911
456 911
457 911
458 911
459 911
460 911
461 911
462 911
463 911
464 911
465 910
466 910
467 909
468 909
469 908
470 908
471 907
472 907
473 908
474 908
475 908
476 908
477 909
478 909
479 909
480 909
481 909
482 909
483 909
484 909
485 910
486 910
487 910
488 910
489 911
490 911
491 911
492 911
493 910
494 910
495 909
496 908
497 908
497 907
498 906
499 906
499 905
500 904
501 904
502 903
503 902
504 902
505 901
506 900
507 899
508 898
509 898
509 897
510 896
511 896
511 895
512 894
513 894
513 893
514 892
515 892
515 891
516 890
517 890
517 889
518 888
519 888
519 887
520 886
521 885
522 884
523 883
523 882
523 881
524 880
525 879
525 878
525 877
525 876
526 875
526 874
527 873
527 872
528 871
528 870
529 869
530 868
531 867
531 866
531 865
532 864
533 863
533 862
534 861
534 860
535 859
535 858
536 857
536 856
537 855
537 854
537 853
538 852
539 851
539 850
539 849
539 848
540 847
540 846
540 845
540 844
541 843
541 842
541 841
542 840
543 839
543 838
544 837
545 836
545 835
546 834
547 833
547 832
548 831
548 830
548 829
548 828
547 827
547 826
546 825
545 824
545 823
544 823
543 822
543 821
542 821
541 820
541 819
540 819
539 818
539 817
538 817
537 816
537 815
536 815
535 814
534 813
533 812
532 811
531 811
530 810
529 809
528 809
527 808
526 807
525 807
524 806
523 806
522 806
521 806
520 806
519 806
518 805
517 805
516 804
515 803
514 803
513 802
512 801
511 801
510 800
509 800
508 799
507 799
506 799
505 799
504 798
503 798
502 797
501 797
500 797
499 797
498 796
497 796
496 795
495 795
494 795
493 795
492 794
491 794
490 794
489 794
488 794
487 794
486 793
485 793
484 793
483 793
482 792
481 792
480 792
479 792
478 792
477 792
476 792
475 792
474 792
473 792
472 792
471 792
470 792
469 792
468 792
467 792
466 792
465 792
464 792
463 792
462 792
461 792
460 792
459 792
458 792
457 792
456 792
455 792
454 792
453 792
452 792
451 792
450 792
449 792
448 792
447 792
446 792
445 792
444 792
443 792
442 792
441 792
440 792
439 792
