767 4947
766 4948
765 4948
764 4949
763 4950
762 4950
762 4951
761 4952
760 4953
760 4954
759 4955
759 4956
758 4957
758 4958
758 4959
758 4960
757 4961
757 4962
757 4963
757 4964
757 4965
757 4966
757 4967
757 4968
758 4969
758 4970
759 4971
760 4972
760 4973
761 4973
762 4974
762 4975
763 4975
764 4976
765 4977
766 4977
767 4978
768 4978
769 4979
770 4979
771 4980
772 4981
773 4981
774 4982
774 4983
775 4984
776 4985
776 4986
777 4987
778 4988
779 4989
780 4990
780 4991
781 4991
782 4992
782 4993
783 4993
784 4994
785 4995
786 4995
787 4996
788 4996
789 4996
790 4996
791 4996
792 4996
793 4997
794 4997
795 4998
796 4999
797 4999
798 5000
798 5001
799 5001
800 5002
800 5003
801 5003
802 5004
802 5005
803 5005
804 5006
804 5007
805 5007
806 5008
807 5009
808 5009
809 5010
810 5010
811 5010
812 5010
813 5010
814 5010
815 5009
816 5009
817 5008
818 5007
819 5007
820 5006
821 5005
822 5005
823 5004
824 5004
825 5004
826 5004
827 5005
828 5005
829 5006
830 5006
831 5007
832 5007
833 5008
834 5008
835 5008
836 5008
837 5008
838 5008
839 5008
840 5008
841 5008
842 5008
843 5008
844 5008
845 5008
846 5008
847 5008
848 5008
849 5008
850 5008
851 5008
852 5008
853 5008
854 5008
855 5007
856 5007
857 5007
858 5007
859 5006
860 5006
861 5005
862 5005
863 5005
864 5005
865 5004
866 5004
867 5004
868 5004
869 5004
870 5004
871 5004
872 5004
873 5004
874 5004
875 5004
876 5004
877 5003
878 5003
879 5002
880 5001
881 5001
881 5000
882 4999
883 4999
883 4998
884 4997
885 4997
885 4996
886 4995
887 4994
887 4993
888 4992
888 4991
888 4990
888 4989
888 4988
888 4987
888 4986
888 4985
888 4984
888 4983
888 4982
888 4981
888 4980
888 4979
888 4978
888 4977
888 4976
888 4975
888 4974
888 4973
888 4972
888 4971
888 4970
888 4969
887 4968
887 4967
886 4966
885 4965
885 4964
884 4964
883 4963
882 4962
881 4962
880 4961
879 4961
878 4960
877 4960
876 4959
875 4958
875 4957
874 4956
873 4955
872 4954
871 4954
870 4953
869 4953
868 4953
867 4953
866 4953
865 4953
864 4952
863 4952
862 4951
861 4951
860 4950
859 4950
858 4949
857 4949
856 4948
855 4948
854 4948
853 4948
852 4947
851 4947
850 4947
849 4947
848 4947
847 4947
846 4947
845 4947
844 4947
843 4947
842 4947
841 4947
840 4947
839 4947
838 4947
837 4947
836 4947
835 4947
834 4947
833 4947
832 4947
831 4947
830 4947
829 4947
828 4947
827 4947
826 4947
825 4947
824 4947
823 4947
822 4947
821 4947
820 4947
819 4947
818 4947
817 4947
816 4947
815 4947
814 4947
813 4947
812 4947
811 4947
810 4947
809 4947
808 4948
807 4948
806 4948
805 4948
804 4949
803 4949
802 4949
801 4949
800 4948
799 4948
798 4948
797 4948
796 4947
795 4947
794 4947
793 4947
792 4947
791 4947
790 4947
789 4947
788 4947
787 4947
786 4947
785 4947
784 4947
783 4947
782 4947
781 4947
780 4947
779 4947
778 4947
777 4947
776 4947
775 4947
774 4947
773 4947
772 4947
771 4947
770 4947
769 4947
768 4947
767 4947
