769 2845
768 2846
767 2846
766 2847
765 2848
764 2848
764 2849
763 2850
762 2850
762 2851
761 2852
760 2852
760 2853
759 2854
758 2854
758 2855
757 2856
756 2856
756 2857
755 2858
754 2858
753 2859
752 2860
751 2860
750 2861
749 2861
748 2861
747 2861
746 2861
745 2861
744 2862
743 2862
742 2862
741 2862
740 2863
739 2863
738 2862
737 2862
736 2862
735 2862
734 2861
733 2861
732 2861
731 2861
730 2861
729 2861
728 2861
727 2861
726 2861
725 2861
724 2861
723 2861
722 2861
721 2861
720 2861
719 2861
718 2861
717 2861
716 2861
715 2861
714 2861
713 2861
712 2862
711 2862
710 2862
709 2862
708 2863
707 2864
706 2864
705 2864
704 2865
703 2866
702 2866
701 2866
700 2867
699 2867
698 2867
697 2867
696 2867
695 2867
694 2867
693 2867
692 2867
691 2867
690 2867
689 2867
688 2867
687 2867
686 2867
685 2867
684 2867
683 2867
682 2866
681 2866
680 2866
679 2866
678 2865
677 2865
676 2865
675 2865
674 2865
673 2865
672 2864
671 2864
670 2864
669 2863
668 2862
667 2862
666 2862
665 2861
664 2860
663 2860
662 2860
661 2859
660 2858
659 2858
658 2857
657 2857
656 2856
655 2856
654 2855
653 2855
652 2855
651 2855
650 2855
649 2855
648 2855
647 2855
646 2856
645 2856
644 2856
643 2856
642 2857
641 2857
640 2857
639 2857
638 2857
637 2857
636 2857
635 2857
634 2857
633 2857
632 2857
631 2857
630 2857
629 2857
628 2857
627 2857
626 2858
625 2858
624 2858
623 2858
622 2859
621 2859
620 2859
619 2859
618 2860
617 2860
616 2860
615 2860
614 2861
613 2861
612 2861
611 2861
610 2861
609 2861
608 2861
607 2861
606 2861
605 2861
604 2861
603 2861
602 2862
601 2863
600 2863
600 2864
599 2865
598 2866
598 2867
597 2868
596 2868
596 2869
595 2870
594 2871
594 2872
593 2873
593 2874
593 2875
593 2876
593 2877
593 2878
593 2879
593 2880
593 2881
593 2882
593 2883
593 2884
593 2885
593 2886
594 2887
594 2888
594 2889
594 2890
595 2891
595 2892
595 2893
595 2894
595 2895
595 2896
595 2897
595 2898
595 2899
595 2900
595 2901
595 2902
595 2903
595 2904
595 2905
595 2906
596 2906
597 2906
598 2906
599 2907
600 2907
601 2907
602 2908
603 2909
604 2909
605 2910
606 2911
607 2911
608 2912
608 2913
609 2914
610 2915
610 2916
611 2917
611 2918
612 2919
612 2920
612 2921
612 2922
613 2923
614 2924
615 2925
616 2926
616 2927
617 2927
618 2928
618 2929
619 2929
620 2930
620 2931
621 2931
622 2932
623 2933
624 2933
625 2934
626 2934
627 2934
628 2934
629 2934
630 2934
631 2934
632 2934
633 2934
634 2934
635 2934
636 2934
637 2934
638 2934
639 2934
640 2934
641 2935
642 2935
643 2936
644 2937
645 2937
646 2938
646 2939
647 2939
648 2940
649 2941
650 2942
651 2943
652 2943
653 2943
654 2943
655 2944
656 2944
657 2944
658 2944
659 2944
660 2944
661 2944
662 2944
663 2944
664 2944
665 2944
666 2944
667 2944
668 2944
669 2944
670 2944
671 2944
672 2944
673 2944
674 2944
675 2944
676 2944
677 2944
678 2944
679 2945
680 2945
681 2945
682 2945
683 2946
684 2946
685 2946
686 2946
687 2946
688 2946
689 2946
690 2946
691 2946
692 2946
693 2946
694 2946
695 2946
696 2946
697 2946
698 2946
699 2946
700 2946
701 2946
702 2946
703 2946
704 2946
705 2946
706 2946
707 2946
708 2946
709 2946
710 2946
711 2946
712 2946
713 2947
714 2947
715 2947
716 2947
717 2948
718 2948
719 2948
720 2948
721 2948
722 2948
723 2948
724 2948
725 2948
726 2948
727 2948
728 2948
729 2948
730 2948
731 2948
732 2948
733 2948
734 2948
735 2948
736 2948
737 2949
738 2949
739 2949
740 2949
741 2950
742 2950
743 2950
744 2950
745 2950
746 2950
747 2950
748 2950
749 2950
750 2950
751 2950
752 2950
753 2950
754 2950
755 2950
756 2950
757 2950
758 2950
759 2950
760 2950
761 2950
762 2950
763 2950
764 2950
765 2950
766 2950
767 2950
768 2950
769 2949
770 2949
771 2949
772 2949
773 2948
774 2948
775 2948
776 2948
777 2948
778 2948
779 2948
780 2948
781 2948
782 2948
783 2948
784 2948
785 2947
786 2947
787 2947
788 2947
789 2946
790 2946
791 2946
792 2946
793 2946
794 2946
795 2946
796 2946
797 2946
798 2946
799 2946
800 2946
801 2946
802 2946
803 2945
804 2945
805 2944
806 2943
807 2943
807 2942
808 2941
809 2941
810 2940
811 2939
812 2939
813 2938
814 2937
815 2936
816 2935
817 2935
817 2934
818 2933
819 2932
819 2931
820 2930
820 2929
820 2928
820 2927
820 2926
820 2925
820 2924
820 2923
820 2922
820 2921
820 2920
820 2919
821 2918
821 2917
822 2916
822 2915
823 2914
823 2913
824 2912
824 2911
825 2910
825 2909
825 2908
825 2907
826 2906
826 2905
826 2904
826 2903
826 2902
826 2901
826 2900
826 2899
826 2898
826 2897
826 2896
826 2895
825 2894
825 2893
825 2892
825 2891
824 2890
823 2889
823 2888
823 2887
822 2886
821 2885
820 2884
819 2883
818 2882
817 2882
816 2881
815 2881
814 2881
813 2881
812 2881
811 2881
810 2881
809 2881
808 2880
808 2879
808 2878
808 2877
808 2876
808 2875
807 2874
807 2873
807 2872
807 2871
806 2870
806 2869
805 2868
805 2867
804 2866
803 2865
803 2864
802 2864
801 2863
801 2862
800 2862
799 2861
799 2860
798 2860
797 2859
796 2858
795 2857
794 2856
793 2856
792 2855
791 2854
790 2854
789 2853
789 2852
788 2852
787 2851
787 2850
786 2850
785 2849
784 2848
783 2848
782 2847
781 2847
780 2846
779 2846
778 2846
777 2846
776 2845
775 2845
774 2845
773 2845
772 2845
771 2845
770 2845
769 2845
