313 1796
312 1797
311 1797
310 1797
309 1797
308 1798
307 1798
306 1798
305 1798
304 1798
303 1798
302 1798
301 1798
300 1798
299 1798
298 1799
297 1799
296 1800
295 1801
294 1801
293 1802
292 1803
291 1803
290 1804
289 1804
288 1805
287 1805
286 1806
285 1807
284 1808
283 1809
282 1810
282 1811
281 1812
280 1813
279 1813
278 1814
277 1815
276 1816
275 1816
274 1817
273 1817
272 1818
271 1819
270 1820
269 1820
268 1821
267 1821
266 1822
265 1822
264 1822
263 1822
262 1822
261 1822
260 1822
259 1822
258 1823
257 1823
256 1823
255 1823
254 1824
253 1825
252 1825
251 1825
250 1826
249 1827
248 1827
247 1827
246 1828
245 1829
244 1830
243 1830
242 1831
241 1831
240 1832
239 1832
238 1832
237 1832
236 1833
235 1833
234 1834
233 1835
232 1836
232 1837
231 1838
231 1839
230 1840
230 1841
230 1842
229 1843
228 1844
228 1845
228 1846
227 1847
226 1848
226 1849
226 1850
226 1851
225 1852
225 1853
225 1854
225 1855
225 1856
225 1857
225 1858
225 1859
226 1860
226 1861
227 1862
228 1862
229 1863
230 1863
231 1864
232 1864
233 1865
234 1866
235 1866
236 1867
236 1868
237 1868
238 1869
238 1870
239 1870
240 1871
240 1872
241 1872
242 1873
243 1874
244 1874
245 1875
246 1875
247 1875
248 1875
249 1875
250 1875
251 1875
252 1875
253 1876
254 1876
255 1877
256 1877
257 1878
258 1879
259 1880
260 1880
261 1881
262 1882
263 1882
264 1883
264 1884
265 1884
266 1885
266 1886
267 1886
268 1887
268 1888
269 1888
270 1889
270 1890
271 1890
272 1891
272 1892
273 1892
274 1893
275 1894
276 1895
277 1896
278 1896
279 1897
280 1898
281 1898
282 1899
282 1900
283 1900
284 1901
285 1902
286 1903
287 1904
288 1904
289 1904
290 1905
291 1906
292 1906
293 1906
294 1907
295 1908
296 1908
297 1908
298 1908
299 1909
300 1909
301 1910
302 1910
303 1910
304 1910
305 1911
306 1911
307 1912
308 1912
309 1912
310 1912
311 1913
312 1913
313 1913
314 1913
315 1913
316 1913
317 1914
318 1914
319 1914
320 1914
321 1915
322 1915
323 1915
324 1915
325 1915
326 1915
327 1915
328 1915
329 1915
330 1915
331 1916
332 1916
333 1916
334 1916
335 1917
336 1917
337 1917
338 1917
339 1917
340 1917
341 1918
342 1918
343 1918
344 1918
345 1919
346 1919
347 1919
348 1919
349 1919
350 1919
351 1919
352 1919
353 1919
354 1919
355 1919
356 1919
357 1918
358 1918
359 1918
360 1918
361 1917
362 1916
363 1916
364 1916
365 1915
366 1914
367 1914
368 1914
369 1913
370 1913
371 1913
372 1913
373 1914
374 1914
375 1915
376 1916
377 1916
378 1917
379 1918
380 1918
381 1919
382 1919
383 1920
384 1920
385 1921
386 1921
387 1922
388 1922
389 1923
390 1923
391 1923
392 1923
393 1923
394 1923
395 1923
396 1923
397 1923
398 1923
399 1923
400 1923
401 1922
402 1922
403 1922
404 1922
405 1921
406 1921
407 1920
408 1920
409 1919
410 1919
411 1918
412 1918
413 1917
414 1916
415 1916
416 1916
417 1915
418 1914
419 1913
420 1913
421 1912
422 1912
423 1911
424 1911
425 1910
426 1910
427 1910
428 1910
429 1909
430 1908
431 1907
432 1907
433 1906
434 1906
435 1905
436 1905
437 1904
438 1904
439 1904
440 1904
441 1903
442 1902
443 1902
444 1902
445 1901
446 1901
447 1900
448 1900
449 1899
449 1898
450 1897
450 1896
451 1895
451 1894
452 1893
452 1892
453 1891
453 1890
454 1889
454 1888
455 1887
455 1886
455 1885
455 1884
456 1883
456 1882
457 1881
457 1880
457 1879
458 1878
459 1877
459 1876
459 1875
459 1874
460 1873
460 1872
460 1871
460 1870
460 1869
460 1868
460 1867
460 1866
460 1865
460 1864
460 1863
460 1862
460 1861
460 1860
460 1859
460 1858
460 1857
460 1856
460 1855
460 1854
460 1853
460 1852
460 1851
460 1850
460 1849
460 1848
460 1847
460 1846
460 1845
460 1844
460 1843
460 1842
460 1841
460 1840
460 1839
460 1838
459 1837
459 1836
458 1835
457 1834
457 1833
456 1832
455 1831
455 1830
454 1829
454 1828
453 1827
453 1826
452 1825
451 1824
451 1823
450 1822
449 1821
449 1820
448 1819
447 1818
446 1817
445 1816
445 1815
444 1815
443 1814
443 1813
442 1813
441 1812
441 1811
440 1811
439 1810
438 1809
437 1808
436 1807
435 1807
434 1806
433 1805
432 1805
431 1804
430 1803
429 1802
428 1801
427 1801
426 1801
425 1801
424 1800
423 1800
422 1800
421 1800
420 1800
419 1800
418 1800
417 1800
416 1800
415 1800
414 1800
413 1800
412 1800
411 1800
410 1799
409 1799
408 1799
407 1799
406 1798
405 1798
404 1798
403 1798
402 1798
401 1798
400 1798
399 1798
398 1798
397 1798
396 1798
395 1798
394 1798
393 1798
392 1798
391 1798
390 1798
389 1798
388 1798
387 1798
386 1798
385 1798
384 1798
383 1798
382 1798
381 1798
380 1798
379 1798
378 1798
377 1798
376 1798
375 1798
374 1798
373 1798
372 1798
371 1798
370 1798
369 1798
368 1798
367 1798
366 1798
365 1798
364 1798
363 1798
362 1798
361 1798
360 1798
359 1798
358 1798
357 1798
356 1798
355 1798
354 1798
353 1798
352 1798
351 1798
350 1798
349 1798
348 1798
347 1798
346 1798
345 1798
344 1798
343 1798
342 1798
341 1798
340 1798
339 1798
338 1798
337 1798
336 1797
335 1797
334 1797
333 1797
332 1796
331 1796
330 1796
329 1796
328 1796
327 1796
326 1796
325 1796
324 1796
323 1796
322 1796
321 1796
320 1796
319 1796
318 1796
317 1796
316 1796
315 1796
314 1796
313 1796
