1243 3265
1242 3266
1241 3266
1240 3267
1239 3268
1238 3269
1238 3270
1237 3271
1236 3272
1236 3273
1235 3274
1234 3274
1234 3275
1233 3276
1232 3277
1232 3278
1231 3279
1231 3280
1230 3281
1230 3282
1229 3283
1228 3284
1228 3285
1227 3286
1226 3286
1225 3287
1224 3288
1223 3288
1222 3289
1221 3289
1220 3289
1219 3289
1218 3289
1217 3289
1216 3289
1215 3289
1214 3289
1213 3289
1212 3289
1211 3289
1210 3289
1209 3289
1208 3289
1207 3289
1206 3289
1205 3289
1204 3289
1203 3289
1202 3288
1201 3288
1200 3288
1199 3288
1198 3287
1197 3287
1196 3287
1195 3287
1194 3287
1193 3287
1192 3288
1191 3288
1190 3289
1189 3290
1188 3290
1188 3291
1187 3292
1186 3292
1186 3293
1185 3294
1184 3294
1184 3295
1183 3296
1182 3297
1182 3298
1181 3299
1181 3300
1180 3301
1180 3302
1180 3303
1180 3304
1179 3305
1179 3306
1179 3307
1179 3308
1179 3309
1179 3310
1179 3311
1179 3312
1179 3313
1179 3314
1179 3315
1179 3316
1179 3317
1179 3318
1179 3319
1179 3320
1179 3321
1179 3322
1178 3323
1178 3324
1177 3325
1177 3326
1176 3327
1176 3328
1175 3329
1175 3330
1175 3331
1175 3332
1175 3333
1175 3334
1176 3335
1176 3336
1176 3337
1176 3338
1177 3339
1177 3340
1177 3341
1177 3342
1177 3343
1177 3344
1177 3345
1177 3346
1177 3347
1177 3348
1177 3349
1177 3350
1176 3351
1175 3351
1174 3351
1173 3351
1172 3352
1171 3352
1170 3353
1169 3354
1168 3355
1168 3356
1167 3357
1167 3358
1167 3359
1167 3360
1167 3361
1167 3362
1167 3363
1167 3364
1167 3365
1167 3366
1167 3367
1167 3368
1167 3369
1167 3370
1168 3371
1168 3372
1168 3373
1168 3374
1169 3375
1170 3376
1171 3377
1172 3378
1172 3379
1173 3380
1174 3381
1174 3382
1175 3383
1175 3384
1176 3385
1176 3386
1176 3387
1176 3388
1177 3389
1178 3390
1179 3391
1179 3392
1180 3393
1180 3394
1181 3395
1182 3396
1182 3397
1182 3398
1183 3399
1184 3400
1185 3401
1185 3402
1186 3403
1186 3404
1187 3405
1188 3406
1188 3407
1188 3408
1189 3409
1190 3410
1191 3411
1192 3412
1193 3413
1194 3414
1195 3415
1196 3416
1197 3417
1198 3418
1198 3419
1199 3419
1200 3420
1200 3421
1201 3421
1202 3422
1203 3423
1204 3423
1205 3424
1206 3424
1207 3425
1208 3425
1209 3425
1210 3426
1211 3427
1212 3428
1213 3429
1213 3430
1213 3431
1213 3432
1213 3433
1213 3434
1213 3435
1213 3436
1213 3437
1213 3438
1214 3439
1214 3440
1215 3441
1216 3442
1216 3443
1217 3443
1218 3444
1218 3445
1219 3445
1220 3446
1220 3447
1221 3447
1222 3448
1223 3449
1224 3449
1225 3450
1226 3450
1227 3450
1228 3450
1229 3450
1230 3450
1231 3450
1232 3450
1233 3450
1234 3450
1235 3450
1236 3450
1237 3450
1238 3450
1239 3449
1240 3449
1241 3449
1242 3449
1243 3448
1244 3448
1245 3448
1246 3448
1247 3448
1248 3448
1249 3448
1250 3448
1251 3448
1252 3448
1253 3447
1254 3447
1255 3447
1256 3447
1257 3446
1258 3445
1259 3444
1260 3443
1261 3443
1261 3442
1262 3441
1263 3441
1263 3440
1264 3439
1265 3439
1265 3438
1266 3437
1267 3437
1268 3436
1269 3435
1270 3435
1271 3434
1272 3433
1273 3433
1274 3433
1275 3432
1276 3432
1277 3432
1278 3432
1279 3432
1280 3432
1281 3432
1282 3432
1283 3432
1284 3432
1285 3432
1286 3432
1287 3432
1288 3432
1289 3432
1290 3432
1291 3432
1292 3432
1293 3432
1294 3432
1295 3433
1296 3433
1297 3433
1298 3434
1299 3435
1300 3435
1301 3435
1302 3435
1303 3436
1304 3436
1305 3436
1306 3436
1307 3436
1308 3436
1309 3436
1310 3436
1311 3436
1312 3436
1313 3436
1314 3436
1315 3436
1316 3436
1317 3436
1318 3436
1319 3436
1320 3436
1321 3436
1322 3436
1323 3436
1324 3436
1325 3436
1326 3436
1327 3436
1328 3436
1329 3436
1330 3436
1331 3436
1332 3436
1333 3436
1334 3436
1335 3436
1336 3436
1337 3436
1338 3436
1339 3436
1340 3436
1341 3436
1342 3436
1343 3436
1344 3436
1345 3436
1346 3436
1347 3436
1348 3436
1349 3436
1350 3436
1351 3436
1352 3436
1353 3436
1354 3436
1355 3436
1356 3436
1357 3436
1358 3436
1359 3435
1360 3435
1361 3435
1362 3435
1363 3434
1364 3433
1365 3433
1366 3433
1367 3432
1368 3432
1369 3431
1370 3431
1371 3431
1372 3431
1373 3430
1374 3430
1375 3429
1376 3429
1377 3428
1378 3428
1379 3427
1380 3427
1381 3426
1382 3426
1383 3426
1384 3426
1385 3425
1386 3425
1387 3424
1388 3424
1389 3423
1390 3423
1391 3422
1392 3421
1393 3421
1394 3421
1395 3420
1396 3420
1397 3420
1398 3420
1399 3419
1400 3419
1401 3418
1402 3417
1403 3417
1403 3416
1404 3415
1405 3415
1405 3414
1406 3413
1407 3413
1407 3412
1408 3411
1409 3411
1409 3410
1410 3409
1411 3409
1411 3408
1412 3407
1413 3407
1413 3406
1414 3405
1415 3405
1415 3404
1416 3403
1417 3403
1417 3402
1418 3401
1419 3401
1419 3400
1420 3399
1421 3399
1421 3398
1422 3397
1423 3397
1423 3396
1424 3395
1425 3395
1425 3394
1426 3393
1427 3392
1428 3391
1429 3390
1429 3389
1430 3388
1431 3387
1432 3387
1433 3386
1434 3386
1435 3386
1436 3386
1437 3386
1438 3386
1439 3385
1440 3385
1441 3384
1442 3383
1443 3383
1443 3382
1444 3381
1445 3381
1445 3380
1446 3379
1447 3378
1448 3377
1449 3376
1449 3375
1450 3374
1451 3373
1451 3372
1452 3371
1453 3370
1453 3369
1454 3368
1454 3367
1455 3366
1455 3365
1455 3364
1456 3363
1457 3362
1457 3361
1457 3360
1457 3359
1458 3358
1458 3357
1458 3356
1458 3355
1459 3354
1459 3353
1459 3352
1459 3351
1460 3350
1460 3349
1460 3348
1460 3347
1460 3346
1460 3345
1459 3344
1459 3343
1459 3342
1459 3341
1458 3340
1458 3339
1458 3338
1458 3337
1458 3336
1458 3335
1457 3334
1457 3333
1457 3332
1457 3331
1456 3330
1456 3329
1455 3328
1455 3327
1454 3326
1453 3325
1453 3324
1452 3324
1451 3323
1451 3322
1450 3322
1449 3321
1449 3320
1448 3319
1447 3318
1447 3317
1446 3316
1445 3315
1445 3314
1445 3313
1444 3312
1443 3311
1443 3310
1443 3309
1442 3308
1442 3307
1441 3306
1441 3305
1440 3304
1439 3303
1438 3302
1437 3301
1436 3300
1435 3300
1434 3300
1433 3300
1432 3299
1431 3299
1430 3299
1429 3299
1428 3298
1427 3298
1426 3298
1425 3298
1424 3297
1423 3297
1422 3296
1421 3296
1420 3296
1419 3296
1418 3295
1417 3295
1416 3294
1415 3294
1414 3294
1413 3294
1412 3293
1411 3293
1410 3293
1409 3293
1408 3292
1407 3292
1406 3292
1405 3291
1404 3290
1403 3290
1402 3290
1401 3290
1400 3289
1399 3289
1398 3289
1397 3289
1396 3289
1395 3289
1394 3289
1393 3289
1392 3288
1391 3288
1390 3288
1389 3288
1388 3287
1387 3287
1386 3286
1385 3286
1384 3286
1383 3286
1382 3285
1381 3285
1380 3284
1379 3284
1378 3283
1377 3283
1376 3282
1375 3282
1374 3281
1373 3281
1372 3281
1371 3281
1370 3281
1369 3281
1368 3281
1367 3281
1366 3281
1365 3281
1364 3281
1363 3281
1362 3281
1361 3281
1360 3281
1359 3281
1358 3281
1357 3281
1356 3281
1355 3281
1354 3281
1353 3281
1352 3281
1351 3281
1350 3281
1349 3281
1348 3281
1347 3281
1346 3281
1345 3281
1344 3282
1343 3282
1342 3282
1341 3282
1340 3283
1339 3283
1338 3283
1337 3283
1336 3283
1335 3283
1334 3283
1333 3283
1332 3282
1331 3282
1330 3282
1329 3282
1328 3281
1327 3281
1326 3280
1325 3280
1324 3280
1323 3280
1322 3279
1321 3279
1320 3279
1319 3279
1318 3278
1317 3278
1316 3278
1315 3278
1314 3277
1313 3277
1312 3277
1311 3277
1310 3277
1309 3277
1308 3276
1307 3276
1306 3276
1305 3276
1304 3275
1303 3275
1302 3274
1301 3274
1300 3274
1299 3274
1298 3273
1297 3273
1296 3273
1295 3273
1294 3273
1293 3273
1292 3273
1291 3273
1290 3273
1289 3273
1288 3273
1287 3273
1286 3273
1285 3273
1284 3273
1283 3273
1282 3273
1281 3273
1280 3273
1279 3273
1278 3273
1277 3273
1276 3272
1275 3272
1274 3271
1273 3271
1272 3270
1271 3270
1270 3269
1269 3269
1268 3269
1267 3269
1266 3269
1265 3269
1264 3268
1263 3268
1262 3267
1261 3267
1260 3266
1259 3266
1258 3265
1257 3265
1256 3265
1255 3265
1254 3265
1253 3265
1252 3265
1251 3265
1250 3265
1249 3265
1248 3265
1247 3265
1246 3265
1245 3265
1244 3265
1243 3265
