1009 1445
1008 1446
1007 1446
1006 1446
1005 1446
1004 1447
1003 1447
1002 1447
1001 1447
1000 1448
999 1448
998 1449
997 1449
996 1450
995 1450
994 1451
993 1452
992 1452
991 1452
990 1453
989 1453
988 1454
987 1454
986 1454
985 1454
984 1455
983 1455
982 1455
981 1455
980 1455
979 1455
978 1455
977 1455
976 1455
975 1455
974 1455
973 1455
972 1455
971 1455
970 1455
969 1455
968 1456
967 1456
966 1456
965 1456
964 1456
963 1456
962 1455
961 1455
960 1454
959 1454
958 1454
957 1454
956 1454
955 1454
954 1455
953 1455
952 1456
951 1456
950 1457
949 1458
948 1458
948 1459
947 1460
946 1461
946 1462
945 1463
945 1464
945 1465
945 1466
944 1467
944 1468
943 1469
942 1470
941 1470
940 1471
939 1471
938 1472
937 1472
936 1472
935 1472
934 1473
933 1473
932 1474
931 1474
930 1474
929 1474
928 1475
927 1475
926 1476
925 1476
924 1476
923 1476
922 1477
921 1477
920 1478
919 1478
918 1478
917 1478
916 1479
915 1479
914 1480
913 1480
912 1480
911 1480
910 1481
909 1481
908 1481
907 1481
906 1482
905 1482
904 1482
903 1482
902 1483
901 1483
900 1483
899 1483
898 1484
897 1484
896 1484
895 1484
894 1485
893 1486
892 1486
891 1486
890 1487
889 1487
888 1488
887 1488
886 1488
885 1488
884 1489
883 1489
882 1490
881 1490
880 1490
879 1490
878 1491
877 1491
876 1492
875 1492
874 1493
873 1493
872 1494
871 1494
870 1495
869 1496
868 1496
867 1496
866 1497
865 1497
864 1498
863 1498
862 1499
861 1500
860 1500
860 1501
859 1502
858 1502
858 1503
857 1504
856 1505
856 1506
855 1507
855 1508
855 1509
855 1510
855 1511
855 1512
855 1513
855 1514
855 1515
855 1516
855 1517
855 1518
855 1519
855 1520
855 1521
855 1522
855 1523
855 1524
855 1525
855 1526
855 1527
855 1528
855 1529
855 1530
855 1531
855 1532
855 1533
855 1534
855 1535
855 1536
855 1537
855 1538
856 1539
856 1540
856 1541
856 1542
857 1543
857 1544
857 1545
857 1546
857 1547
857 1548
857 1549
857 1550
857 1551
857 1552
857 1553
857 1554
857 1555
857 1556
858 1557
858 1558
858 1559
858 1560
859 1561
859 1562
859 1563
859 1564
860 1565
860 1566
861 1567
862 1568
862 1569
863 1569
864 1570
864 1571
865 1571
866 1572
867 1573
868 1574
869 1575
870 1575
871 1576
872 1577
873 1577
874 1578
874 1579
875 1579
876 1580
876 1581
877 1581
878 1582
878 1583
879 1583
880 1584
880 1585
881 1585
882 1586
882 1587
883 1587
884 1588
884 1589
885 1590
886 1591
886 1592
887 1593
888 1594
889 1595
890 1596
891 1597
892 1597
893 1598
894 1598
895 1598
896 1598
897 1598
898 1598
899 1598
900 1598
901 1598
902 1598
903 1598
904 1598
905 1598
906 1598
907 1598
908 1598
909 1598
910 1598
911 1598
912 1598
913 1598
914 1598
915 1598
916 1598
917 1598
918 1598
919 1598
920 1598
921 1598
922 1598
923 1598
924 1598
925 1598
926 1598
927 1598
928 1598
929 1598
930 1598
931 1598
932 1598
933 1598
934 1598
935 1598
936 1598
937 1598
938 1598
939 1598
940 1598
941 1598
942 1598
943 1598
944 1598
945 1598
946 1598
947 1598
948 1598
949 1598
950 1598
951 1598
952 1598
953 1598
954 1598
955 1598
956 1598
957 1598
958 1598
959 1598
960 1598
961 1598
962 1598
963 1598
964 1598
965 1598
966 1598
967 1598
968 1598
969 1598
970 1598
971 1598
972 1598
973 1598
974 1598
975 1598
976 1598
977 1598
978 1598
979 1598
980 1598
981 1598
982 1598
983 1598
984 1598
985 1598
986 1598
987 1598
988 1598
989 1598
990 1598
991 1598
992 1598
993 1598
994 1598
995 1598
996 1598
997 1598
998 1598
999 1598
1000 1598
1001 1598
1002 1598
1003 1598
1004 1598
1005 1598
1006 1598
1007 1599
1008 1599
1009 1599
1010 1599
1011 1600
1012 1600
1013 1600
1014 1600
1015 1600
1016 1600
1017 1600
1018 1600
1019 1600
1020 1600
1021 1600
1022 1600
1023 1600
1024 1600
1025 1600
1026 1600
1027 1601
1028 1601
1029 1601
1030 1601
1031 1602
1032 1602
1033 1602
1034 1602
1035 1602
1036 1602
1037 1602
1038 1602
1039 1602
1040 1602
1041 1602
1042 1602
1043 1602
1044 1602
1045 1603
1046 1603
1047 1603
1048 1603
1049 1604
1050 1604
1051 1604
1052 1604
1053 1604
1054 1604
1055 1604
1056 1604
1057 1604
1058 1604
1059 1605
1060 1605
1061 1605
1062 1605
1063 1606
1064 1606
1065 1606
1066 1606
1067 1606
1068 1606
1069 1607
1070 1607
1071 1607
1072 1607
1073 1608
1074 1608
1075 1608
1076 1608
1077 1608
1078 1608
1079 1609
1080 1609
1081 1609
1082 1609
1083 1610
1084 1610
1085 1610
1086 1610
1087 1610
1088 1610
1089 1610
1090 1610
1091 1610
1092 1610
1093 1611
1094 1611
1095 1611
1096 1611
1097 1612
1098 1612
1099 1612
1100 1612
1101 1612
1102 1612
1103 1612
1104 1612
1105 1612
1106 1612
1107 1612
1108 1612
1109 1612
1110 1612
1111 1612
1112 1612
1113 1612
1114 1612
1115 1612
1116 1612
1117 1612
1118 1612
1119 1612
1120 1612
1121 1612
1122 1612
1123 1611
1124 1611
1125 1611
1126 1611
1127 1610
1128 1610
1129 1609
1130 1609
1131 1609
1132 1609
1133 1608
1134 1608
1135 1607
1136 1607
1137 1607
1138 1607
1139 1606
1140 1606
1141 1605
1142 1605
1143 1605
1144 1605
1145 1604
1146 1604
1147 1603
1148 1603
1149 1603
1150 1603
1151 1602
1152 1601
1153 1601
1154 1601
1155 1600
1156 1599
1157 1599
1158 1599
1159 1598
1160 1597
1161 1597
1162 1597
1163 1596
1164 1596
1165 1595
1166 1595
1167 1594
1168 1593
1169 1593
1169 1592
1170 1591
1171 1591
1171 1590
1172 1589
1173 1589
1173 1588
1174 1587
1175 1587
1175 1586
1176 1585
1177 1585
1177 1584
1178 1583
1179 1582
1179 1581
1180 1580
1180 1579
1181 1578
1181 1577
1181 1576
1182 1575
1183 1574
1183 1573
1184 1572
1185 1571
1185 1570
1186 1569
1187 1569
1187 1568
1188 1567
1189 1567
1189 1566
1190 1565
1191 1564
1192 1563
1193 1562
1193 1561
1194 1560
1195 1559
1195 1558
1196 1557
1197 1556
1198 1555
1199 1554
1199 1553
1200 1552
1201 1551
1201 1550
1202 1549
1203 1549
1203 1548
1204 1547
1205 1547
1205 1546
1206 1545
1207 1544
1207 1543
1208 1542
1208 1541
1208 1540
1208 1539
1208 1538
1208 1537
1208 1536
1208 1535
1208 1534
1208 1533
1208 1532
1208 1531
1208 1530
1208 1529
1208 1528
1208 1527
1207 1526
1207 1525
1206 1524
1205 1523
1205 1522
1204 1522
1203 1521
1203 1520
1202 1519
1201 1518
1201 1517
1200 1516
1199 1515
1199 1514
1199 1513
1198 1512
1198 1511
1198 1510
1198 1509
1198 1508
1198 1507
1198 1506
1198 1505
1198 1504
1198 1503
1198 1502
1198 1501
1198 1500
1198 1499
1198 1498
1198 1497
1197 1496
1197 1495
1196 1494
1195 1493
1195 1492
1194 1492
1193 1491
1193 1490
1192 1490
1191 1489
1191 1488
1190 1488
1189 1487
1189 1486
1188 1486
1187 1485
1186 1484
1185 1483
1184 1482
1183 1482
1182 1482
1181 1481
1180 1480
1179 1480
1178 1480
1177 1479
1176 1478
1175 1478
1174 1478
1173 1478
1172 1477
1171 1477
1170 1477
1169 1477
1168 1477
1167 1477
1166 1476
1165 1476
1164 1476
1163 1476
1162 1475
1161 1475
1160 1474
1159 1474
1158 1474
1157 1474
1156 1473
1155 1473
1154 1473
1153 1473
1152 1473
1151 1473
1150 1473
1149 1473
1148 1472
1147 1472
1146 1472
1145 1472
1144 1471
1143 1471
1142 1471
1141 1471
1140 1471
1139 1471
1138 1471
1137 1471
1136 1471
1135 1471
1134 1471
1133 1471
1132 1471
1131 1471
1130 1470
1129 1470
1128 1470
1127 1470
1126 1469
1125 1469
1124 1468
1123 1468
1122 1468
1121 1468
1120 1467
1119 1467
1118 1467
1117 1467
1116 1467
1115 1467
1114 1467
1113 1467
1112 1466
1111 1466
1110 1466
1109 1466
1108 1465
1107 1465
1106 1465
1105 1465
1104 1465
1103 1465
1102 1465
1101 1465
1100 1464
1099 1464
1098 1464
1097 1464
1096 1463
1095 1463
1094 1463
1093 1463
1092 1462
1091 1462
1090 1462
1089 1462
1088 1461
1087 1461
1086 1461
1085 1461
1084 1461
1083 1461
1082 1461
1081 1461
1080 1460
1079 1460
1078 1460
1077 1459
1076 1458
1075 1458
1074 1458
1073 1458
1072 1457
1071 1457
1070 1457
1069 1457
1068 1456
1067 1456
1066 1456
1065 1456
1064 1455
1063 1455
1062 1455
1061 1455
1060 1455
1059 1455
1058 1455
1057 1455
1056 1455
1055 1455
1054 1454
1053 1454
1052 1453
1051 1453
1050 1452
1049 1452
1048 1451
1047 1451
1046 1451
1045 1451
1044 1451
1043 1451
1042 1451
1041 1451
1040 1451
1039 1451
1038 1451
1037 1451
1036 1450
1035 1450
1034 1450
1033 1450
1032 1449
1031 1449
1030 1449
1029 1449
1028 1449
1027 1449
1026 1448
1025 1448
1024 1448
1023 1448
1022 1447
1021 1447
1020 1447
1019 1447
1018 1447
1017 1447
1016 1446
1015 1446
1014 1446
1013 1446
1012 1445
1011 1445
1010 1445
1009 1445
