843 993
842 994
841 994
840 994
839 994
838 995
837 995
836 995
835 995
834 995
833 995
832 995
831 995
830 995
829 995
828 995
827 995
826 995
825 995
824 995
823 995
822 996
821 996
820 997
819 998
818 998
818 999
817 1000
816 1000
815 1001
814 1002
813 1002
812 1003
811 1003
810 1003
809 1003
808 1003
807 1003
806 1003
805 1003
804 1003
803 1003
802 1003
801 1003
800 1003
799 1003
798 1004
797 1004
796 1004
795 1004
794 1005
793 1005
792 1006
791 1006
790 1006
789 1006
788 1007
787 1007
786 1007
785 1007
784 1008
783 1008
782 1009
781 1009
780 1010
779 1010
778 1011
777 1011
776 1012
775 1012
774 1012
773 1012
772 1013
771 1013
770 1014
769 1014
768 1014
767 1014
766 1015
765 1015
764 1015
763 1015
762 1016
761 1016
760 1016
759 1016
758 1017
757 1017
756 1017
755 1017
754 1017
753 1017
752 1017
751 1017
750 1017
749 1017
748 1018
747 1018
746 1019
745 1020
744 1020
744 1021
743 1022
742 1022
742 1023
741 1024
740 1024
740 1025
739 1026
738 1026
737 1027
736 1028
735 1028
734 1029
733 1030
732 1031
731 1031
730 1032
729 1032
728 1033
727 1034
726 1034
725 1034
724 1035
723 1036
722 1037
721 1038
720 1038
720 1039
719 1040
718 1040
717 1041
716 1042
715 1042
714 1043
713 1044
712 1045
711 1045
710 1046
709 1046
708 1047
707 1048
706 1049
706 1050
705 1051
705 1052
705 1053
705 1054
704 1055
704 1056
704 1057
704 1058
703 1059
703 1060
702 1061
702 1062
702 1063
701 1064
700 1065
700 1066
700 1067
699 1068
698 1069
698 1070
698 1071
697 1072
696 1073
696 1074
696 1075
695 1076
694 1077
694 1078
693 1079
692 1080
692 1081
691 1082
690 1083
690 1084
689 1085
689 1086
689 1087
689 1088
689 1089
689 1090
689 1091
689 1092
690 1093
690 1094
691 1095
692 1096
693 1097
694 1097
695 1098
696 1098
697 1098
698 1098
699 1098
700 1098
701 1098
702 1098
703 1097
704 1097
705 1097
706 1097
707 1096
708 1096
709 1096
710 1096
711 1096
712 1096
713 1096
714 1096
715 1096
716 1096
717 1096
718 1096
719 1096
720 1096
721 1095
722 1095
723 1095
724 1095
725 1094
726 1094
727 1094
728 1094
729 1093
730 1093
731 1093
732 1093
733 1092
734 1092
735 1092
736 1092
737 1092
738 1092
739 1092
740 1092
741 1092
742 1092
743 1092
744 1092
745 1092
746 1092
747 1092
748 1092
749 1091
750 1091
751 1091
752 1091
753 1090
754 1090
755 1090
756 1090
757 1090
758 1090
759 1090
760 1090
761 1090
762 1090
763 1090
764 1090
765 1090
766 1090
767 1090
768 1090
769 1090
770 1090
771 1090
772 1090
773 1090
774 1090
775 1090
776 1090
777 1090
778 1090
779 1091
780 1091
781 1091
782 1091
783 1092
784 1092
785 1092
786 1092
787 1092
788 1092
789 1092
790 1092
791 1092
792 1092
793 1091
794 1091
795 1091
796 1091
797 1090
798 1090
799 1090
800 1090
801 1091
802 1091
803 1091
804 1091
805 1092
806 1092
807 1092
808 1092
809 1092
810 1092
811 1091
812 1091
813 1091
814 1091
815 1090
816 1090
817 1090
818 1090
819 1090
820 1090
821 1090
822 1090
823 1091
824 1091
825 1091
826 1092
827 1093
828 1093
829 1093
830 1093
831 1094
832 1094
833 1095
834 1095
835 1095
836 1095
837 1096
838 1096
839 1096
840 1096
841 1096
842 1096
843 1096
844 1096
845 1096
846 1096
847 1096
848 1096
849 1096
850 1096
851 1096
852 1096
853 1097
854 1097
855 1097
856 1097
857 1098
858 1098
859 1098
860 1098
861 1098
862 1098
863 1098
864 1098
865 1098
866 1098
867 1099
868 1099
869 1099
870 1099
871 1100
872 1100
873 1100
874 1100
875 1100
876 1100
877 1101
878 1101
879 1101
880 1101
881 1102
882 1102
883 1102
884 1102
885 1102
886 1102
887 1103
888 1103
889 1103
890 1103
891 1104
892 1104
893 1104
894 1104
895 1104
896 1104
897 1105
898 1105
899 1105
900 1105
901 1106
902 1106
903 1106
904 1106
905 1106
906 1106
907 1106
908 1106
909 1106
910 1106
911 1106
912 1106
913 1106
914 1106
915 1106
916 1106
917 1105
918 1105
919 1105
920 1105
921 1104
922 1104
923 1104
924 1104
925 1104
926 1104
927 1103
928 1103
929 1103
930 1103
931 1102
932 1101
933 1101
934 1101
935 1100
936 1100
937 1100
938 1100
939 1100
940 1100
941 1100
942 1100
943 1100
944 1100
945 1099
946 1099
947 1098
948 1098
949 1097
950 1097
951 1096
952 1096
953 1096
954 1096
955 1096
956 1096
957 1095
958 1095
959 1094
960 1093
961 1092
962 1091
963 1090
963 1089
963 1088
964 1087
965 1086
965 1085
966 1084
966 1083
967 1082
967 1081
968 1080
968 1079
968 1078
968 1077
968 1076
968 1075
968 1074
968 1073
968 1072
968 1071
968 1070
968 1069
968 1068
968 1067
968 1066
968 1065
968 1064
968 1063
969 1062
969 1061
969 1060
970 1059
971 1058
971 1057
971 1056
971 1055
972 1054
972 1053
972 1052
972 1051
971 1050
971 1049
971 1048
971 1047
970 1046
970 1045
969 1044
969 1043
968 1042
968 1041
967 1040
967 1039
966 1038
965 1037
965 1036
965 1035
964 1034
963 1033
962 1032
961 1031
961 1030
960 1029
959 1028
959 1027
958 1026
957 1025
956 1024
955 1023
954 1022
953 1022
952 1021
951 1021
950 1020
949 1020
948 1020
947 1019
946 1018
945 1018
944 1017
943 1017
942 1016
941 1016
940 1015
939 1015
938 1014
937 1014
936 1014
935 1013
934 1012
933 1012
932 1012
931 1012
930 1011
929 1011
928 1010
927 1010
926 1010
925 1010
924 1009
923 1009
922 1008
921 1008
920 1008
919 1008
918 1007
917 1007
916 1007
915 1007
914 1007
913 1007
912 1006
911 1006
910 1005
909 1005
908 1004
907 1004
906 1003
905 1003
904 1003
903 1003
902 1003
901 1003
900 1002
899 1002
898 1002
897 1002
896 1001
895 1001
894 1001
893 1001
892 1000
891 1000
890 1000
889 1000
888 999
887 999
886 998
885 998
884 998
883 998
882 997
881 997
880 997
879 997
878 997
877 997
876 997
875 997
874 997
873 997
872 997
871 997
870 997
869 997
868 997
867 997
866 997
865 997
864 997
863 997
862 997
861 997
860 997
859 997
858 997
857 997
856 996
855 996
854 996
853 995
852 994
851 994
850 994
849 994
848 993
847 993
846 993
845 993
844 993
843 993
