1869 3195
1868 3196
1867 3197
1866 3198
1865 3199
1864 3200
1863 3200
1862 3201
1861 3201
1860 3200
1859 3200
1858 3200
1857 3200
1856 3199
1855 3199
1854 3199
1853 3199
1852 3199
1851 3199
1850 3199
1849 3199
1848 3199
1847 3199
1846 3199
1845 3199
1844 3199
1843 3199
1842 3199
1841 3199
1840 3199
1839 3199
1838 3199
1837 3199
1836 3200
1835 3200
1834 3200
1833 3200
1832 3201
1831 3201
1830 3201
1829 3201
1828 3201
1827 3201
1826 3201
1825 3201
1824 3201
1823 3201
1822 3201
1821 3201
1820 3201
1819 3201
1818 3201
1817 3201
1816 3201
1815 3201
1814 3201
1813 3201
1812 3201
1811 3201
1810 3201
1809 3201
1808 3201
1807 3201
1806 3201
1805 3201
1804 3201
1803 3201
1802 3201
1801 3201
1800 3201
1799 3201
1798 3201
1797 3201
1796 3201
1795 3201
1794 3201
1793 3201
1792 3201
1791 3201
1790 3201
1789 3201
1788 3201
1787 3201
1786 3201
1785 3201
1784 3201
1783 3201
1782 3201
1781 3201
1780 3201
1779 3201
1778 3201
1777 3201
1776 3201
1775 3201
1774 3201
1773 3201
1772 3201
1771 3201
1770 3201
1769 3201
1768 3201
1767 3201
1766 3202
1765 3202
1764 3202
1763 3202
1762 3203
1761 3204
1760 3204
1759 3204
1758 3205
1757 3205
1756 3206
1755 3206
1754 3206
1753 3206
1752 3207
1751 3208
1750 3208
1749 3208
1748 3209
1747 3209
1746 3210
1745 3210
1744 3211
1743 3212
1742 3212
1742 3213
1741 3214
1740 3215
1740 3216
1739 3217
1739 3218
1740 3219
1740 3220
1740 3221
1740 3222
1741 3223
1742 3224
1742 3225
1742 3226
1743 3227
1743 3228
1742 3229
1742 3230
1742 3231
1741 3232
1740 3233
1740 3234
1739 3235
1739 3236
1738 3237
1738 3238
1737 3239
1737 3240
1737 3241
1737 3242
1736 3243
1736 3244
1735 3245
1734 3246
1733 3246
1732 3247
1731 3248
1730 3249
1729 3250
1728 3251
1728 3252
1727 3253
1726 3254
1726 3255
1725 3256
1724 3257
1724 3258
1723 3259
1723 3260
1723 3261
1723 3262
1723 3263
1723 3264
1724 3265
1724 3266
1725 3267
1726 3268
1726 3269
1727 3269
1728 3270
1728 3271
1729 3271
1730 3272
1730 3273
1731 3273
1732 3274
1732 3275
1733 3276
1734 3277
1735 3278
1736 3279
1737 3280
1738 3280
1739 3280
1740 3280
1741 3280
1742 3280
1743 3280
1744 3280
1745 3281
1746 3281
1747 3281
1748 3281
1749 3282
1750 3282
1751 3282
1752 3282
1753 3282
1754 3282
1755 3283
1756 3283
1757 3283
1758 3283
1759 3284
1760 3284
1761 3284
1762 3284
1763 3284
1764 3284
1765 3284
1766 3284
1767 3284
1768 3284
1769 3284
1770 3284
1771 3284
1772 3284
1773 3284
1774 3284
1775 3284
1776 3284
1777 3284
1778 3284
1779 3284
1780 3284
1781 3284
1782 3284
1783 3284
1784 3284
1785 3284
1786 3284
1787 3284
1788 3284
1789 3283
1790 3283
1791 3283
1792 3283
1793 3282
1794 3282
1795 3282
1796 3282
1797 3282
1798 3282
1799 3282
1800 3282
1801 3282
1802 3282
1803 3282
1804 3282
1805 3282
1806 3282
1807 3282
1808 3282
1809 3282
1810 3282
1811 3282
1812 3282
1813 3282
1814 3282
1815 3282
1816 3282
1817 3282
1818 3282
1819 3282
1820 3282
1821 3282
1822 3282
1823 3282
1824 3282
1825 3282
1826 3282
1827 3283
1828 3283
1829 3283
1830 3283
1831 3284
1832 3284
1833 3284
1834 3284
1835 3284
1836 3284
1837 3284
1838 3284
1839 3284
1840 3284
1841 3284
1842 3284
1843 3284
1844 3284
1845 3284
1846 3284
1847 3284
1848 3284
1849 3284
1850 3284
1851 3284
1852 3284
1853 3285
1854 3285
1855 3285
1856 3285
1857 3286
1858 3286
1859 3286
1860 3286
1861 3286
1862 3286
1863 3286
1864 3286
1865 3286
1866 3286
1867 3286
1868 3286
1869 3287
1870 3287
1871 3287
1872 3287
1873 3288
1874 3288
1875 3288
1876 3288
1877 3288
1878 3288
1879 3288
1880 3288
1881 3288
1882 3288
1883 3288
1884 3288
1885 3288
1886 3288
1887 3288
1888 3288
1889 3288
1890 3288
1891 3288
1892 3288
1893 3288
1894 3288
1895 3288
1896 3288
1897 3288
1898 3288
1899 3288
1900 3288
1901 3288
1902 3288
1903 3288
1904 3288
1905 3288
1906 3288
1907 3288
1908 3288
1909 3288
1910 3288
1911 3289
1912 3289
1913 3289
1914 3290
1915 3291
1916 3291
1917 3291
1918 3292
1919 3293
1920 3293
1921 3293
1922 3294
1923 3295
1924 3295
1925 3295
1926 3295
1927 3296
1928 3296
1929 3297
1930 3297
1931 3297
1932 3297
1933 3298
1934 3298
1935 3297
1936 3297
1937 3297
1938 3297
1939 3296
1940 3296
1941 3295
1942 3295
1943 3295
1944 3295
1945 3294
1946 3293
1947 3292
1948 3291
1949 3291
1949 3290
1950 3289
1951 3288
1952 3287
1953 3286
1953 3285
1954 3284
1955 3283
1955 3282
1956 3281
1957 3281
1957 3280
1958 3279
1959 3278
1960 3277
1961 3276
1961 3275
1962 3274
1962 3273
1963 3272
1963 3271
1964 3270
1964 3269
1965 3268
1965 3267
1965 3266
1966 3265
1967 3264
1967 3263
1967 3262
1967 3261
1968 3260
1968 3259
1968 3258
1968 3257
1968 3256
1968 3255
1968 3254
1968 3253
1968 3252
1968 3251
1968 3250
1968 3249
1968 3248
1968 3247
1968 3246
1968 3245
1968 3244
1968 3243
1968 3242
1968 3241
1968 3240
1968 3239
1967 3238
1967 3237
1967 3236
1967 3235
1966 3234
1966 3233
1965 3232
1965 3231
1965 3230
1965 3229
1964 3228
1963 3227
1962 3226
1961 3225
1960 3224
1959 3223
1958 3222
1957 3222
1956 3221
1955 3221
1954 3220
1953 3219
1952 3218
1951 3218
1950 3217
1949 3217
1948 3216
1947 3215
1946 3214
1945 3214
1944 3213
1943 3212
1942 3212
1941 3211
1940 3210
1939 3209
1938 3208
1937 3208
1936 3207
1935 3207
1934 3206
1933 3206
1932 3205
1931 3205
1930 3204
1929 3204
1928 3204
1927 3204
1926 3203
1925 3203
1924 3202
1923 3202
1922 3202
1921 3202
1920 3201
1919 3201
1918 3200
1917 3200
1916 3200
1915 3200
1914 3199
1913 3199
1912 3199
1911 3199
1910 3199
1909 3199
1908 3198
1907 3198
1906 3198
1905 3198
1904 3197
1903 3197
1902 3197
1901 3197
1900 3197
1899 3197
1898 3197
1897 3197
1896 3197
1895 3197
1894 3197
1893 3197
1892 3197
1891 3197
1890 3197
1889 3197
1888 3197
1887 3197
1886 3197
1885 3197
1884 3197
1883 3197
1882 3196
1881 3196
1880 3196
1879 3196
1878 3195
1877 3195
1876 3195
1875 3195
1874 3195
1873 3195
1872 3195
1871 3195
1870 3195
1869 3195
