960 660
959 661
958 661
957 661
956 662
955 662
954 662
953 662
952 662
951 662
950 662
949 662
948 662
947 662
946 663
945 663
944 663
943 663
942 664
941 664
940 664
939 664
938 664
937 664
936 664
935 664
934 664
933 664
932 664
931 664
930 664
929 664
928 664
927 664
926 664
925 664
924 663
923 663
922 663
921 663
920 662
919 662
918 662
917 662
916 662
915 662
914 662
913 662
912 662
911 662
910 662
909 662
908 662
907 662
906 662
905 662
904 662
903 662
902 662
901 662
900 662
899 662
898 662
897 662
896 662
895 662
894 663
893 663
892 663
891 663
890 664
889 664
888 665
887 665
886 665
885 665
884 666
883 667
882 668
881 669
880 669
880 670
879 671
878 671
877 672
876 673
875 673
874 674
873 675
872 675
871 675
870 676
869 676
868 676
867 676
866 676
865 676
864 676
863 676
862 677
861 677
860 677
859 677
858 678
857 679
856 680
855 681
854 681
853 682
852 683
851 683
850 684
849 685
848 685
847 685
846 686
845 687
844 687
843 687
842 687
841 687
840 687
839 687
838 688
837 688
836 688
835 688
834 689
833 689
832 690
831 690
830 690
829 691
828 691
827 692
826 692
825 693
824 694
823 695
822 695
821 695
820 696
819 696
818 697
817 697
816 697
815 698
814 698
813 699
812 699
811 700
810 701
809 701
808 701
807 701
806 701
805 702
804 702
803 703
802 703
801 704
800 704
799 705
798 705
797 706
796 706
795 707
794 707
793 708
792 708
791 709
790 710
789 711
788 712
787 713
786 714
786 715
785 716
784 717
783 718
783 719
782 720
782 721
781 722
780 723
780 724
779 725
779 726
778 727
778 728
778 729
778 730
777 731
777 732
777 733
777 734
777 735
777 736
777 737
778 738
778 739
779 740
779 741
780 742
781 743
782 744
782 745
783 746
784 747
785 748
786 748
787 749
788 749
789 750
790 750
791 750
792 751
793 751
794 752
795 752
796 752
797 752
798 752
799 753
800 753
801 753
802 753
803 753
804 753
805 754
806 754
807 754
808 754
809 755
810 755
811 756
812 756
813 756
814 756
815 757
816 757
817 758
818 758
819 758
820 758
821 759
822 759
823 760
824 760
825 760
826 760
827 760
828 760
829 760
830 760
831 760
832 760
833 760
834 761
835 761
836 761
837 761
838 761
839 761
840 761
841 761
842 762
843 762
844 763
844 764
845 764
846 765
847 766
848 766
849 767
850 767
851 768
852 768
853 768
854 768
855 769
856 769
857 769
858 769
859 770
860 770
861 770
862 770
863 771
864 771
865 772
866 772
867 772
868 772
869 773
870 773
871 773
872 773
873 774
874 774
875 775
876 775
877 776
878 777
879 778
880 778
881 778
882 778
883 779
884 779
885 780
886 780
887 781
888 781
889 782
890 782
891 783
892 783
893 784
894 784
895 784
896 784
897 785
898 785
899 785
900 785
901 785
902 785
903 785
904 785
905 785
906 785
907 785
908 785
909 786
910 786
911 786
912 786
913 787
914 787
915 787
916 787
917 786
918 785
919 785
920 784
921 784
922 784
923 785
924 786
925 787
926 788
927 789
928 790
929 790
930 790
931 791
932 791
933 791
934 791
935 791
936 791
937 791
938 791
939 791
940 791
941 791
942 791
943 791
944 791
945 791
946 791
947 791
948 791
949 792
950 792
951 792
952 793
953 794
954 794
955 794
956 794
957 795
958 795
959 795
960 795
961 795
962 795
963 795
964 795
965 795
966 795
967 795
968 795
969 795
970 795
971 795
972 795
973 795
974 795
975 795
976 795
977 795
978 795
979 795
980 795
981 795
982 795
983 795
984 795
985 795
986 795
987 795
988 795
989 795
990 795
991 795
992 795
993 795
994 795
995 795
996 795
997 795
998 795
999 795
1000 795
1001 795
1002 795
1003 795
1004 795
1005 795
1006 795
1007 795
1008 795
1009 795
1010 795
1011 795
1012 795
1013 795
1014 795
1015 795
1016 795
1017 795
1018 795
1019 795
1020 795
1021 795
1022 795
1023 795
1024 795
1025 795
1026 795
1027 796
1028 796
1029 796
1030 796
1031 797
1032 797
1033 797
1034 797
1035 798
1036 798
1037 798
1038 798
1039 799
1040 799
1041 799
1042 799
1043 799
1044 799
1045 799
1046 799
1047 799
1048 799
1049 799
1050 799
1051 799
1052 799
1053 798
1054 798
1055 797
1056 797
1057 796
1058 796
1059 795
1060 794
1061 794
1062 794
1063 793
1064 793
1065 793
1066 793
1067 793
1068 793
1069 793
1070 793
1071 793
1072 793
1073 793
1074 793
1075 793
1076 793
1077 793
1078 793
1079 793
1080 793
1081 793
1082 793
1083 793
1084 793
1085 793
1086 793
1087 793
1088 793
1089 793
1090 793
1091 793
1092 793
1093 792
1094 792
1095 792
1096 792
1097 791
1098 791
1099 790
1100 790
1101 790
1102 790
1103 789
1104 788
1105 787
1106 787
1107 786
1108 786
1109 785
1110 785
1111 784
1112 784
1113 783
1114 782
1115 782
1115 781
1116 780
1117 780
1117 779
1118 778
1119 778
1119 777
1120 776
1121 776
1121 775
1122 774
1123 773
1124 772
1125 771
1125 770
1126 769
1127 768
1127 767
1128 766
1129 766
1129 765
1130 764
1131 764
1131 763
1132 762
1133 762
1133 761
1134 760
1135 760
1135 759
1136 758
1137 758
1137 757
1138 756
1139 756
1139 755
1140 754
1141 754
1141 753
1142 752
1143 752
1143 751
1144 750
1145 749
1145 748
1146 747
1146 746
1147 745
1147 744
1147 743
1147 742
1148 741
1148 740
1149 739
1149 738
1149 737
1149 736
1150 735
1150 734
1150 733
1150 732
1151 731
1151 730
1151 729
1151 728
1152 727
1152 726
1151 725
1151 724
1150 723
1149 722
1148 721
1147 720
1146 719
1145 719
1144 718
1143 718
1142 717
1141 716
1140 715
1139 715
1138 715
1137 714
1136 713
1135 713
1134 712
1133 711
1132 711
1131 710
1130 709
1129 709
1128 708
1127 708
1126 707
1125 707
1124 706
1123 706
1122 705
1121 704
1120 703
1119 703
1118 703
1117 702
1116 701
1115 701
1114 701
1113 700
1112 699
1111 699
1110 699
1109 698
1108 697
1107 697
1106 697
1105 696
1104 695
1103 695
1102 695
1101 694
1100 693
1099 693
1098 692
1097 692
1096 691
1095 691
1094 690
1093 690
1092 689
1091 689
1090 688
1089 688
1088 687
1087 687
1086 686
1085 686
1084 686
1083 686
1082 686
1081 686
1080 685
1079 685
1078 685
1077 684
1076 683
1075 683
1074 683
1073 683
1072 682
1071 682
1070 682
1069 682
1068 681
1067 681
1066 681
1065 681
1064 680
1063 680
1062 679
1061 679
1060 679
1059 679
1058 678
1057 678
1056 678
1055 678
1054 678
1053 678
1052 677
1051 677
1050 677
1049 677
1048 676
1047 676
1046 676
1045 676
1044 676
1043 676
1042 675
1041 675
1040 675
1039 675
1038 674
1037 674
1036 674
1035 674
1034 674
1033 674
1032 674
1031 674
1030 674
1029 674
1028 673
1027 673
1026 673
1025 673
1024 672
1023 672
1022 672
1021 672
1020 672
1019 672
1018 671
1017 671
1016 671
1015 671
1014 670
1013 670
1012 670
1011 670
1010 670
1009 670
1008 670
1007 670
1006 669
1005 669
1004 669
1003 669
1002 668
1001 668
1000 667
999 667
998 667
997 667
996 666
995 666
994 666
993 666
992 666
991 666
990 665
989 665
988 665
987 664
986 663
985 663
984 663
983 663
982 662
981 662
980 662
979 662
978 662
977 662
976 662
975 662
974 662
973 662
972 661
971 661
970 661
969 661
968 660
967 660
966 660
965 660
964 660
963 660
962 660
961 660
960 660
