885 2611
884 2612
883 2612
882 2612
881 2612
880 2613
879 2613
878 2613
877 2613
876 2614
875 2614
874 2614
873 2614
872 2615
871 2615
870 2615
869 2615
868 2615
867 2615
866 2615
865 2615
864 2615
863 2615
862 2615
861 2615
860 2615
859 2615
858 2615
857 2615
856 2615
855 2615
854 2614
853 2614
852 2614
851 2614
850 2613
849 2613
848 2613
847 2613
846 2614
845 2614
844 2615
843 2615
842 2615
841 2616
840 2617
839 2617
838 2618
837 2618
836 2618
835 2618
834 2618
833 2618
832 2618
831 2618
830 2618
829 2618
828 2619
827 2619
826 2620
825 2620
824 2621
824 2622
823 2623
822 2624
821 2624
820 2625
819 2625
818 2626
817 2626
816 2627
815 2627
814 2628
813 2628
812 2629
811 2629
810 2629
809 2629
808 2629
807 2629
806 2630
805 2630
804 2631
803 2632
802 2632
802 2633
801 2634
800 2634
800 2635
799 2636
798 2636
797 2637
796 2638
795 2638
794 2639
793 2639
792 2640
791 2640
790 2640
789 2640
788 2641
787 2641
786 2641
785 2641
784 2641
783 2641
782 2641
781 2641
780 2641
779 2641
778 2641
777 2641
776 2642
775 2642
774 2642
773 2642
772 2643
771 2643
770 2643
769 2643
768 2643
767 2643
766 2643
765 2643
764 2644
763 2644
762 2644
761 2644
760 2645
759 2646
758 2646
757 2646
756 2647
755 2647
754 2647
753 2647
752 2648
751 2648
750 2648
749 2648
748 2649
747 2649
746 2650
745 2650
744 2651
743 2651
742 2652
741 2652
740 2653
739 2653
738 2653
737 2653
736 2653
735 2653
734 2653
733 2653
732 2653
731 2653
730 2653
729 2653
728 2653
727 2653
726 2653
725 2653
724 2653
723 2653
722 2653
721 2653
720 2653
719 2653
718 2653
717 2653
716 2653
715 2653
714 2654
713 2654
712 2654
711 2654
710 2655
709 2656
708 2657
707 2658
706 2659
706 2660
705 2661
705 2662
705 2663
705 2664
705 2665
705 2666
705 2667
705 2668
705 2669
705 2670
705 2671
705 2672
705 2673
705 2674
705 2675
705 2676
705 2677
705 2678
706 2679
706 2680
706 2681
706 2682
707 2683
708 2684
708 2685
708 2686
709 2687
709 2688
709 2689
709 2690
709 2691
709 2692
710 2693
710 2694
711 2695
712 2696
712 2697
713 2697
714 2698
714 2699
715 2699
716 2700
716 2701
717 2701
718 2702
719 2703
720 2704
721 2705
722 2705
723 2706
724 2707
725 2707
726 2708
726 2709
727 2709
728 2710
728 2711
729 2711
730 2712
730 2713
731 2713
732 2714
732 2715
733 2715
734 2716
735 2717
736 2717
737 2718
738 2718
739 2718
740 2718
741 2719
742 2719
743 2719
744 2719
745 2720
746 2720
747 2721
748 2721
749 2721
750 2721
751 2722
752 2722
753 2723
754 2723
755 2723
756 2723
757 2724
758 2724
759 2724
760 2724
761 2724
762 2724
763 2724
764 2724
765 2724
766 2724
767 2724
768 2724
769 2724
770 2724
771 2724
772 2724
773 2724
774 2724
775 2724
776 2724
777 2724
778 2724
779 2725
780 2725
781 2726
782 2726
783 2727
784 2727
785 2728
786 2728
787 2728
788 2728
789 2728
790 2728
791 2728
792 2728
793 2729
794 2729
795 2730
796 2730
797 2731
798 2731
799 2732
800 2732
801 2732
802 2732
803 2732
804 2732
805 2732
806 2732
807 2732
808 2732
809 2732
810 2732
811 2732
812 2732
813 2732
814 2732
815 2732
816 2732
817 2732
818 2732
819 2732
820 2732
821 2732
822 2732
823 2732
824 2732
825 2732
826 2732
827 2732
828 2732
829 2732
830 2732
831 2732
832 2732
833 2732
834 2732
835 2732
836 2732
837 2732
838 2732
839 2732
840 2732
841 2732
842 2732
843 2732
844 2732
845 2732
846 2732
847 2732
848 2732
849 2732
850 2732
851 2732
852 2732
853 2732
854 2732
855 2732
856 2732
857 2732
858 2732
859 2732
860 2732
861 2732
862 2732
863 2732
864 2732
865 2732
866 2732
867 2732
868 2732
869 2732
870 2732
871 2732
872 2732
873 2732
874 2732
875 2732
876 2732
877 2733
878 2733
879 2733
880 2733
881 2734
882 2734
883 2734
884 2734
885 2734
886 2734
887 2734
888 2734
889 2734
890 2734
891 2734
892 2734
893 2734
894 2734
895 2734
896 2734
897 2734
898 2734
899 2734
900 2734
901 2734
902 2734
903 2734
904 2734
905 2733
906 2733
907 2733
908 2733
909 2732
910 2732
911 2732
912 2732
913 2732
914 2732
915 2732
916 2732
917 2732
918 2732
919 2732
920 2732
921 2732
922 2732
923 2732
924 2732
925 2732
926 2732
927 2732
928 2732
929 2732
930 2732
931 2732
932 2732
933 2732
934 2732
935 2732
936 2732
937 2732
938 2732
939 2732
940 2732
941 2732
942 2732
943 2732
944 2732
945 2732
946 2732
947 2732
948 2732
949 2732
950 2732
951 2732
952 2732
953 2733
954 2733
955 2733
956 2733
957 2734
958 2734
959 2734
960 2734
961 2735
962 2735
963 2735
964 2735
965 2736
966 2736
967 2736
968 2736
969 2737
970 2737
971 2737
972 2737
973 2738
974 2738
975 2738
976 2738
977 2738
978 2738
979 2738
980 2738
981 2738
982 2738
983 2738
984 2738
985 2737
986 2737
987 2736
988 2735
989 2734
990 2733
991 2732
991 2731
992 2730
993 2729
994 2729
995 2728
996 2728
997 2729
998 2729
999 2729
1000 2729
1001 2730
1002 2730
1003 2731
1004 2731
1005 2731
1006 2732
1007 2733
1008 2733
1009 2733
1010 2733
1011 2734
1012 2734
1013 2734
1014 2734
1015 2735
1016 2735
1017 2735
1018 2735
1019 2736
1020 2736
1021 2736
1022 2736
1023 2736
1024 2736
1025 2736
1026 2736
1027 2736
1028 2736
1029 2736
1030 2736
1031 2736
1032 2736
1033 2736
1034 2736
1035 2735
1036 2735
1037 2735
1038 2735
1039 2734
1040 2734
1041 2733
1042 2733
1043 2733
1044 2733
1045 2732
1046 2731
1047 2730
1048 2730
1049 2729
1050 2729
1051 2728
1052 2728
1053 2728
1054 2728
1055 2727
1056 2727
1057 2727
1058 2727
1059 2726
1060 2725
1061 2725
1062 2725
1063 2724
1064 2723
1065 2723
1066 2723
1067 2722
1068 2721
1069 2721
1070 2721
1071 2720
1072 2719
1073 2718
1074 2717
1075 2717
1076 2716
1077 2715
1078 2715
1079 2714
1080 2714
1081 2714
1082 2714
1083 2713
1084 2713
1085 2713
1086 2713
1087 2712
1088 2711
1089 2710
1090 2709
1091 2708
1091 2707
1092 2706
1092 2705
1093 2704
1093 2703
1093 2702
1094 2701
1095 2700
1095 2699
1095 2698
1095 2697
1096 2696
1096 2695
1096 2694
1096 2693
1096 2692
1096 2691
1096 2690
1096 2689
1096 2688
1096 2687
1097 2686
1097 2685
1097 2684
1097 2683
1098 2682
1098 2681
1098 2680
1098 2679
1098 2678
1098 2677
1098 2676
1098 2675
1098 2674
1098 2673
1098 2672
1098 2671
1098 2670
1098 2669
1098 2668
1098 2667
1098 2666
1098 2665
1098 2664
1098 2663
1098 2662
1098 2661
1098 2660
1098 2659
1098 2658
1098 2657
1098 2656
1098 2655
1098 2654
1098 2653
1097 2652
1097 2651
1097 2650
1097 2649
1096 2648
1096 2647
1096 2646
1096 2645
1095 2645
1094 2645
1093 2645
1092 2645
1091 2645
1090 2645
1089 2645
1088 2644
1087 2644
1086 2644
1085 2644
1084 2643
1083 2643
1082 2643
1081 2643
1080 2643
1079 2643
1078 2642
1077 2642
1076 2642
1075 2642
1074 2641
1073 2641
1072 2641
1071 2641
1070 2640
1069 2640
1068 2640
1067 2639
1066 2638
1065 2638
1064 2638
1063 2637
1062 2636
1061 2636
1060 2636
1059 2636
1058 2635
1057 2635
1056 2634
1055 2634
1054 2634
1053 2634
1052 2633
1051 2633
1050 2633
1049 2633
1048 2633
1047 2633
1046 2633
1045 2633
1044 2633
1043 2633
1042 2633
1041 2633
1040 2632
1039 2632
1038 2632
1037 2632
1036 2631
1035 2631
1034 2631
1033 2631
1032 2631
1031 2631
1030 2630
1029 2630
1028 2630
1027 2630
1026 2629
1025 2629
1024 2629
1023 2629
1022 2629
1021 2629
1020 2629
1019 2629
1018 2629
1017 2629
1016 2629
1015 2629
1014 2629
1013 2629
1012 2629
1011 2629
1010 2629
1009 2629
1008 2629
1007 2629
1006 2628
1005 2628
1004 2628
1003 2628
1002 2627
1001 2627
1000 2627
999 2627
998 2627
997 2627
996 2627
995 2627
994 2627
993 2627
992 2626
991 2626
990 2626
989 2626
988 2625
987 2625
986 2625
985 2625
984 2625
983 2625
982 2625
981 2625
980 2625
979 2625
978 2624
977 2624
976 2624
975 2624
974 2623
973 2623
972 2623
971 2623
970 2623
969 2623
968 2623
967 2623
966 2623
965 2623
964 2623
963 2623
962 2623
961 2623
960 2622
959 2622
958 2622
957 2622
956 2621
955 2621
954 2621
953 2621
952 2621
951 2621
950 2621
949 2621
948 2620
947 2620
946 2620
945 2620
944 2619
943 2619
942 2619
941 2619
940 2618
939 2618
938 2618
937 2618
936 2617
935 2617
934 2617
933 2617
932 2616
931 2616
930 2616
929 2616
928 2615
927 2615
926 2615
925 2615
924 2615
923 2615
922 2615
921 2615
920 2614
919 2614
918 2614
917 2614
916 2613
915 2613
914 2612
913 2612
912 2612
911 2612
910 2611
909 2611
908 2611
907 2611
906 2611
905 2611
904 2611
903 2611
902 2611
901 2611
900 2611
899 2611
898 2611
897 2611
896 2611
895 2611
894 2611
893 2611
892 2611
891 2611
890 2611
889 2611
888 2611
887 2611
886 2611
885 2611
