419 2346
418 2347
417 2347
416 2347
415 2347
414 2348
413 2349
412 2349
411 2349
410 2350
409 2350
408 2350
407 2350
406 2351
405 2351
404 2351
403 2351
402 2352
401 2353
400 2354
400 2355
399 2356
399 2357
399 2358
399 2359
398 2360
398 2361
398 2362
397 2363
396 2364
396 2365
396 2366
395 2367
394 2368
394 2369
393 2370
392 2371
391 2372
390 2373
389 2373
388 2374
387 2374
386 2374
385 2374
384 2374
383 2374
382 2374
381 2374
380 2374
379 2374
378 2374
377 2374
376 2373
375 2373
374 2373
373 2373
372 2372
371 2372
370 2372
369 2372
368 2372
367 2372
366 2372
365 2372
364 2372
363 2372
362 2372
361 2372
360 2372
359 2372
358 2372
357 2372
356 2373
355 2373
354 2373
353 2373
352 2374
351 2374
350 2375
349 2375
348 2376
348 2377
347 2378
347 2379
347 2380
347 2381
347 2382
347 2383
346 2384
346 2385
345 2386
344 2387
344 2388
343 2389
342 2389
342 2390
341 2391
340 2391
340 2392
339 2393
338 2393
337 2394
336 2395
335 2395
334 2396
333 2396
332 2396
331 2396
330 2396
329 2396
328 2397
327 2397
326 2398
325 2398
324 2399
323 2399
322 2400
321 2400
320 2401
319 2401
318 2402
317 2403
316 2403
316 2404
315 2405
314 2405
313 2406
312 2407
311 2407
310 2408
309 2408
308 2408
307 2408
306 2408
305 2408
304 2408
303 2408
302 2408
301 2408
300 2409
299 2409
298 2409
297 2409
296 2410
295 2411
294 2412
293 2412
292 2413
291 2413
290 2414
289 2415
288 2415
287 2415
286 2416
285 2416
284 2416
283 2416
282 2417
281 2417
280 2417
279 2417
278 2418
277 2419
276 2419
275 2419
274 2420
273 2420
272 2420
271 2420
270 2421
269 2421
268 2421
267 2421
266 2422
265 2422
264 2422
263 2422
262 2423
261 2423
260 2423
259 2423
258 2424
257 2424
256 2424
255 2424
254 2425
253 2425
252 2425
251 2425
250 2426
249 2427
248 2427
247 2427
246 2428
245 2429
244 2430
244 2431
243 2432
243 2433
243 2434
243 2435
243 2436
243 2437
243 2438
243 2439
243 2440
243 2441
243 2442
243 2443
243 2444
243 2445
243 2446
243 2447
244 2448
244 2449
244 2450
244 2451
245 2452
245 2453
245 2454
245 2455
245 2456
245 2457
245 2458
245 2459
245 2460
245 2461
245 2462
245 2463
245 2464
245 2465
245 2466
245 2467
245 2468
245 2469
245 2470
245 2471
245 2472
245 2473
245 2474
245 2475
246 2476
246 2477
246 2478
246 2479
247 2480
248 2481
249 2482
249 2483
250 2484
250 2485
251 2486
251 2487
251 2488
251 2489
251 2490
251 2491
251 2492
251 2493
251 2494
251 2495
251 2496
251 2497
251 2498
251 2499
251 2500
251 2501
251 2502
251 2503
251 2504
251 2505
251 2506
251 2507
251 2508
251 2509
252 2510
252 2511
252 2512
252 2513
253 2514
253 2515
254 2516
254 2517
255 2518
256 2519
256 2520
257 2520
258 2521
258 2522
259 2522
260 2523
260 2524
261 2525
262 2526
262 2527
263 2528
264 2529
265 2530
266 2531
266 2532
267 2532
268 2533
269 2534
270 2534
271 2535
272 2535
273 2535
274 2535
275 2535
276 2535
277 2535
278 2535
279 2535
280 2535
281 2535
282 2535
283 2535
284 2535
285 2535
286 2535
287 2535
288 2535
289 2535
290 2535
291 2535
292 2535
293 2535
294 2535
295 2535
296 2535
297 2535
298 2535
299 2535
300 2535
301 2535
302 2535
303 2535
304 2535
305 2535
306 2535
307 2535
308 2535
309 2535
310 2535
311 2535
312 2535
313 2535
314 2535
315 2535
316 2535
317 2535
318 2535
319 2535
320 2535
321 2534
322 2534
323 2534
324 2534
325 2533
326 2533
327 2533
328 2533
329 2533
330 2533
331 2533
332 2533
333 2533
334 2533
335 2532
336 2532
337 2532
338 2532
339 2531
340 2531
341 2530
342 2530
343 2530
344 2530
345 2529
346 2529
347 2529
348 2529
349 2529
350 2529
351 2529
352 2529
353 2529
354 2529
355 2528
356 2528
357 2528
358 2528
359 2527
360 2527
361 2527
362 2527
363 2527
364 2527
365 2527
366 2527
367 2527
368 2527
369 2527
370 2527
371 2527
372 2527
373 2527
374 2527
375 2527
376 2527
377 2527
378 2527
379 2527
380 2527
381 2527
382 2527
383 2527
384 2527
385 2527
386 2527
387 2527
388 2527
389 2527
390 2527
391 2527
392 2527
393 2527
394 2527
395 2527
396 2527
397 2527
398 2527
399 2527
400 2527
401 2527
402 2527
403 2527
404 2527
405 2528
406 2528
407 2528
408 2528
409 2529
410 2529
411 2529
412 2529
413 2529
414 2529
415 2529
416 2529
417 2529
418 2529
419 2529
420 2529
421 2529
422 2529
423 2530
424 2530
425 2530
426 2530
427 2531
428 2531
429 2531
430 2531
431 2531
432 2531
433 2531
434 2531
435 2531
436 2531
437 2531
438 2531
439 2531
440 2531
441 2531
442 2531
443 2531
444 2531
445 2532
446 2532
447 2532
448 2532
449 2533
450 2533
451 2533
452 2533
453 2533
454 2533
455 2533
456 2533
457 2533
458 2533
459 2533
460 2533
461 2533
462 2533
463 2533
464 2533
465 2533
466 2533
467 2533
468 2533
469 2533
470 2533
471 2534
472 2534
473 2534
474 2534
475 2535
476 2535
477 2535
478 2535
479 2536
480 2536
481 2536
482 2536
483 2537
484 2537
485 2537
486 2537
487 2537
488 2537
489 2537
490 2537
491 2537
492 2537
493 2537
494 2537
495 2537
496 2537
497 2537
498 2537
499 2537
500 2537
501 2537
502 2537
503 2537
504 2537
505 2537
506 2537
507 2537
508 2537
509 2537
510 2537
511 2537
512 2537
513 2537
514 2537
515 2537
516 2537
517 2537
518 2537
519 2537
520 2537
521 2538
522 2538
523 2538
524 2538
525 2539
526 2539
527 2539
528 2539
529 2539
530 2539
531 2539
532 2539
533 2540
534 2540
535 2541
536 2541
537 2542
538 2542
539 2543
540 2543
541 2543
542 2543
543 2543
544 2543
545 2544
546 2544
547 2544
548 2544
549 2545
550 2545
551 2545
552 2545
553 2545
554 2545
555 2545
556 2545
557 2546
558 2546
559 2546
560 2546
561 2547
562 2547
563 2547
564 2547
565 2548
566 2548
567 2548
568 2548
569 2549
570 2549
571 2549
572 2549
573 2549
574 2549
575 2549
576 2549
577 2549
578 2549
579 2549
580 2549
581 2549
582 2549
583 2549
584 2549
585 2549
586 2549
587 2549
588 2549
589 2549
590 2549
591 2549
592 2549
593 2549
594 2549
595 2549
596 2549
597 2549
598 2549
599 2549
600 2549
601 2549
602 2549
603 2549
604 2549
605 2549
606 2549
607 2549
608 2549
609 2550
610 2550
611 2550
612 2550
613 2551
614 2551
615 2551
616 2551
617 2551
618 2551
619 2551
620 2551
621 2551
622 2551
623 2551
624 2551
625 2551
626 2551
627 2551
628 2551
629 2551
630 2551
631 2551
632 2551
633 2551
634 2551
635 2550
636 2550
637 2550
638 2550
639 2549
640 2549
641 2549
642 2549
643 2548
644 2548
645 2548
646 2548
647 2547
648 2547
649 2547
650 2547
651 2547
652 2547
653 2547
654 2547
655 2547
656 2547
657 2546
658 2546
659 2546
660 2546
661 2546
662 2546
663 2547
664 2547
665 2548
666 2549
667 2550
668 2550
669 2550
670 2551
671 2552
672 2552
673 2552
674 2552
675 2553
676 2553
677 2553
678 2553
679 2553
680 2553
681 2553
682 2553
683 2553
684 2553
685 2553
686 2553
687 2553
688 2553
689 2553
690 2553
691 2553
692 2553
693 2553
694 2553
695 2553
696 2553
697 2553
698 2553
699 2553
700 2553
701 2553
702 2553
703 2553
704 2553
705 2553
706 2553
707 2553
708 2553
709 2554
710 2554
711 2554
712 2554
713 2555
714 2555
715 2555
716 2555
717 2555
718 2555
719 2555
720 2555
721 2555
722 2555
723 2555
724 2555
725 2555
726 2555
727 2555
728 2555
729 2554
730 2554
731 2554
732 2554
733 2553
734 2552
735 2551
736 2550
737 2550
738 2549
739 2548
740 2548
741 2547
742 2547
743 2548
744 2548
745 2549
746 2549
747 2550
748 2550
749 2551
750 2551
751 2551
752 2551
753 2551
754 2551
755 2551
756 2551
757 2551
758 2551
759 2550
760 2550
761 2550
762 2550
763 2549
764 2549
765 2549
766 2549
767 2548
768 2548
769 2548
770 2548
771 2547
772 2547
773 2547
774 2547
775 2547
776 2547
777 2546
778 2546
779 2545
780 2544
781 2544
782 2543
783 2542
784 2542
785 2541
786 2540
787 2539
788 2538
789 2538
790 2537
791 2536
792 2536
793 2535
794 2534
795 2534
796 2534
797 2533
798 2533
799 2533
800 2533
801 2533
802 2533
803 2533
804 2533
805 2532
806 2532
807 2531
808 2530
809 2530
810 2529
811 2528
812 2528
813 2527
814 2526
815 2525
816 2525
817 2524
818 2524
819 2523
820 2522
821 2521
822 2520
823 2520
823 2519
824 2518
825 2518
825 2517
826 2516
827 2515
828 2514
829 2513
829 2512
829 2511
830 2510
831 2509
831 2508
831 2507
831 2506
832 2505
832 2504
832 2503
832 2502
832 2501
832 2500
832 2499
832 2498
832 2497
832 2496
831 2495
831 2494
831 2493
831 2492
830 2491
830 2490
829 2489
829 2488
828 2487
828 2486
827 2485
827 2484
826 2483
826 2482
826 2481
826 2480
826 2479
826 2478
826 2477
826 2476
826 2475
826 2474
826 2473
826 2472
826 2471
826 2470
825 2469
825 2468
824 2467
824 2466
823 2465
823 2464
822 2463
821 2462
821 2461
821 2460
820 2459
819 2458
818 2457
818 2456
817 2455
817 2454
816 2453
815 2452
815 2451
815 2450
814 2449
813 2448
813 2447
813 2446
812 2445
812 2444
812 2443
812 2442
812 2441
812 2440
812 2439
812 2438
812 2437
812 2436
812 2435
812 2434
812 2433
812 2432
812 2431
812 2430
812 2429
812 2428
812 2427
812 2426
812 2425
812 2424
812 2423
812 2422
812 2421
812 2420
811 2419
811 2418
810 2417
809 2416
809 2415
808 2415
807 2414
807 2413
806 2413
805 2412
805 2411
804 2411
803 2410
802 2409
801 2408
800 2407
799 2407
798 2407
797 2406
796 2405
795 2405
794 2405
793 2404
792 2403
791 2403
790 2403
789 2402
788 2401
787 2401
786 2401
785 2401
784 2400
783 2400
782 2399
781 2399
780 2399
779 2398
778 2397
777 2397
776 2397
775 2396
774 2395
773 2395
772 2395
771 2395
770 2394
769 2394
768 2393
767 2393
766 2393
765 2392
764 2391
763 2391
762 2391
761 2390
760 2389
759 2389
758 2389
757 2388
756 2387
755 2387
754 2387
753 2387
752 2386
751 2386
750 2386
749 2386
748 2386
747 2386
746 2386
745 2386
744 2385
743 2385
742 2384
741 2384
740 2383
739 2382
738 2381
737 2381
736 2380
735 2379
734 2379
733 2378
733 2377
732 2377
731 2376
730 2375
729 2374
728 2373
727 2373
726 2372
725 2371
724 2371
723 2370
722 2369
721 2368
720 2367
719 2367
718 2367
717 2367
716 2366
715 2366
714 2366
713 2366
712 2366
711 2366
710 2366
709 2366
708 2366
707 2366
706 2366
705 2366
704 2366
703 2366
702 2366
701 2366
700 2366
699 2366
698 2366
697 2366
696 2366
695 2366
694 2366
693 2366
692 2366
691 2366
690 2366
689 2366
688 2366
687 2366
686 2366
685 2366
684 2366
683 2366
682 2367
681 2367
680 2367
679 2367
678 2368
677 2368
676 2368
675 2368
674 2368
673 2368
672 2368
671 2368
670 2368
669 2368
668 2368
667 2368
666 2368
665 2368
664 2368
663 2368
662 2368
661 2368
660 2368
659 2368
658 2368
657 2368
656 2368
655 2368
654 2368
653 2368
652 2368
651 2368
650 2368
649 2368
648 2368
647 2368
646 2368
645 2368
644 2368
643 2368
642 2368
641 2368
640 2368
639 2368
638 2367
637 2367
636 2367
635 2367
634 2366
633 2366
632 2366
631 2366
630 2366
629 2366
628 2366
627 2366
626 2366
625 2366
624 2366
623 2366
622 2366
621 2366
620 2366
619 2366
618 2366
617 2366
616 2366
615 2366
614 2367
613 2367
612 2367
611 2367
610 2368
609 2368
608 2368
607 2368
606 2368
605 2368
604 2368
603 2368
602 2368
601 2368
600 2368
599 2368
598 2369
597 2369
596 2369
595 2369
594 2370
593 2370
592 2370
591 2370
590 2370
589 2370
588 2370
587 2370
586 2370
585 2370
584 2369
583 2369
582 2369
581 2368
580 2367
579 2367
578 2366
577 2366
576 2365
575 2365
574 2364
573 2364
572 2364
571 2364
570 2364
569 2364
568 2364
567 2364
566 2364
565 2364
564 2364
563 2364
562 2364
561 2364
560 2364
559 2364
558 2363
557 2363
556 2363
555 2363
554 2362
553 2362
552 2362
551 2362
550 2362
549 2362
548 2361
547 2361
546 2361
545 2361
544 2360
543 2360
542 2360
541 2360
540 2360
539 2360
538 2360
537 2360
536 2359
535 2359
534 2359
533 2359
532 2358
531 2358
530 2358
529 2358
528 2358
527 2358
526 2357
525 2357
524 2357
523 2357
522 2356
521 2356
520 2355
519 2355
518 2354
517 2354
516 2353
515 2353
514 2352
513 2352
512 2352
511 2352
510 2352
509 2352
508 2352
507 2352
506 2352
505 2352
504 2352
503 2352
502 2352
501 2352
500 2352
499 2352
498 2351
497 2351
496 2351
495 2351
494 2350
493 2350
492 2351
491 2351
490 2351
489 2351
488 2352
487 2352
486 2352
485 2352
484 2351
483 2351
482 2351
481 2351
480 2350
479 2350
478 2351
477 2351
476 2351
475 2351
474 2352
473 2352
472 2352
471 2352
470 2351
469 2351
468 2351
467 2351
466 2350
465 2350
464 2350
463 2350
462 2349
461 2349
460 2349
459 2349
458 2348
457 2348
456 2348
455 2348
454 2348
453 2348
452 2348
451 2348
450 2348
449 2348
448 2348
447 2348
446 2348
445 2348
444 2347
443 2347
442 2347
441 2347
440 2346
439 2346
438 2346
437 2346
436 2346
435 2346
434 2346
433 2346
432 2346
431 2346
430 2346
429 2346
428 2346
427 2346
426 2346
425 2346
424 2346
423 2346
422 2346
421 2346
420 2346
419 2346
