2509 693
2508 694
2507 694
2506 694
2505 694
2504 695
2503 695
2502 695
2501 695
2500 695
2499 695
2498 695
2497 695
2496 695
2495 695
2494 695
2493 695
2492 695
2491 695
2490 695
2489 695
2488 695
2487 695
2486 695
2485 695
2484 695
2483 695
2482 696
2481 696
2480 696
2479 696
2478 697
2477 697
2476 697
2475 697
2474 697
2473 697
2472 697
2471 697
2470 697
2469 697
2468 697
2467 697
2466 697
2465 697
2464 698
2463 698
2462 698
2461 698
2460 699
2459 700
2458 700
2457 700
2456 701
2455 701
2454 701
2453 701
2452 702
2451 702
2450 702
2449 702
2448 703
2447 703
2446 703
2445 703
2444 703
2443 703
2442 703
2441 703
2440 704
2439 704
2438 705
2437 706
2436 706
2435 707
2434 708
2433 708
2432 709
2431 710
2430 710
2429 710
2428 711
2427 712
2426 712
2425 712
2424 713
2423 713
2422 713
2421 713
2420 713
2419 713
2418 714
2417 714
2416 714
2415 714
2414 715
2413 715
2412 715
2411 715
2410 716
2409 716
2408 716
2407 716
2406 717
2405 717
2404 718
2403 718
2402 719
2401 719
2400 720
2399 720
2398 721
2397 722
2396 722
2395 722
2394 723
2393 723
2392 723
2391 723
2390 723
2389 723
2388 724
2387 724
2386 724
2385 724
2384 725
2383 725
2382 725
2381 725
2380 725
2379 725
2378 725
2377 725
2376 725
2375 725
2374 725
2373 725
2372 725
2371 725
2370 725
2369 725
2368 725
2367 725
2366 724
2365 724
2364 724
2363 724
2362 723
2361 723
2360 723
2359 723
2358 723
2357 723
2356 723
2355 723
2354 723
2353 723
2352 723
2351 723
2350 723
2349 723
2348 724
2347 724
2346 724
2345 724
2344 725
2343 725
2342 725
2341 725
2340 725
2339 725
2338 725
2337 725
2336 725
2335 725
2334 725
2333 725
2332 725
2331 725
2330 725
2329 725
2328 725
2327 725
2326 725
2325 725
2324 724
2323 724
2322 724
2321 724
2320 723
2319 723
2318 723
2317 723
2316 723
2315 723
2314 723
2313 723
2312 723
2311 723
2310 723
2309 723
2308 723
2307 723
2306 722
2305 722
2304 722
2303 722
2302 721
2301 721
2300 721
2299 721
2298 721
2297 721
2296 721
2295 721
2294 721
2293 721
2292 721
2291 721
2290 721
2289 721
2288 721
2287 721
2286 721
2285 721
2284 721
2283 721
2282 721
2281 721
2280 721
2279 721
2278 721
2277 721
2276 721
2275 721
2274 721
2273 721
2272 721
2271 721
2270 721
2269 721
2268 720
2267 720
2266 720
2265 720
2264 719
2263 719
2262 719
2261 719
2260 719
2259 719
2258 719
2257 719
2256 719
2255 719
2254 719
2253 719
2252 719
2251 719
2250 719
2249 719
2248 719
2247 719
2246 718
2245 718
2244 717
2243 717
2242 716
2241 716
2240 715
2239 715
2238 715
2237 715
2236 715
2235 715
2234 715
2233 715
2232 715
2231 715
2230 715
2229 715
2228 715
2227 715
2226 715
2225 715
2224 715
2223 715
2222 714
2221 714
2220 714
2219 714
2218 713
2217 713
2216 713
2215 713
2214 713
2213 713
2212 713
2211 713
2210 713
2209 713
2208 712
2207 712
2206 712
2205 712
2204 711
2203 711
2202 710
2201 710
2200 710
2199 710
2198 709
2197 709
2196 709
2195 709
2194 709
2193 709
2192 709
2191 709
2190 709
2189 709
2188 709
2187 709
2186 709
2185 709
2184 709
2183 709
2182 709
2181 709
2180 709
2179 709
2178 709
2177 709
2176 709
2175 709
2174 709
2173 709
2172 709
2171 709
2170 708
2169 708
2168 708
2167 708
2166 707
2165 707
2164 707
2163 707
2162 707
2161 707
2160 707
2159 707
2158 707
2157 707
2156 708
2155 708
2154 708
2153 708
2152 709
2151 709
2150 710
2149 710
2148 711
2147 712
2146 712
2146 713
2145 714
2144 714
2144 715
2143 716
2142 716
2141 717
2140 718
2139 718
2138 719
2137 720
2136 721
2135 721
2134 722
2133 722
2132 723
2131 723
2130 723
2129 723
2128 724
2127 724
2126 724
2125 724
2124 725
2123 726
2122 727
2121 728
2120 728
2120 729
2119 730
2118 730
2118 731
2117 732
2116 732
2116 733
2115 734
2114 734
2114 735
2113 736
2112 736
2112 737
2111 738
2110 738
2109 739
2108 740
2107 740
2106 741
2105 741
2104 741
2103 741
2102 741
2101 741
2100 741
2099 741
2098 741
2097 741
2096 741
2095 741
2094 741
2093 741
2092 742
2091 742
2090 743
2089 743
2088 744
2087 744
2086 745
2085 746
2084 747
2083 748
2082 748
2081 749
2080 750
2079 750
2078 751
2077 751
2076 752
2075 752
2074 753
2073 754
2072 754
2072 755
2071 756
2070 756
2069 757
2068 758
2067 758
2066 759
2065 759
2064 760
2063 760
2062 761
2061 762
2060 762
2060 763
2059 764
2058 764
2058 765
2057 766
2056 766
2055 767
2054 768
2053 768
2052 769
2051 770
2050 771
2049 771
2048 772
2047 772
2046 773
2045 773
2044 774
2043 774
2042 774
2041 774
2040 775
2039 775
2038 776
2037 776
2036 777
2035 778
2034 778
2034 779
2033 780
2032 780
2032 781
2031 782
2030 782
2030 783
2029 784
2028 784
2028 785
2027 786
2026 786
2026 787
2025 788
2024 788
2024 789
2023 790
2022 791
2022 792
2021 793
2021 794
2021 795
2021 796
2021 797
2021 798
2022 799
2022 800
2023 801
2024 802
2025 803
2026 803
2027 804
2028 804
2029 805
2030 806
2031 807
2032 807
2033 807
2034 807
2035 808
2036 808
2037 809
2038 809
2039 809
2040 810
2041 811
2042 811
2043 811
2044 812
2045 813
2046 813
2047 814
2048 814
2049 815
2050 816
2051 817
2052 817
2053 817
2054 818
2055 819
2056 819
2057 820
2058 820
2059 821
2060 822
2061 823
2062 823
2063 823
2064 824
2065 825
2066 825
2067 826
2068 826
2069 827
2070 828
2071 829
2072 829
2073 829
2074 830
2075 831
2076 831
2077 832
2078 832
2079 833
2080 834
2081 835
2082 835
2083 836
2084 837
2085 837
2086 838
2087 839
2088 840
2089 841
2090 841
2091 842
2092 842
2093 843
2094 844
2095 845
2096 845
2097 845
2098 846
2099 847
2100 847
2101 848
2102 848
2103 849
2104 850
2105 851
2106 851
2107 852
2108 853
2109 853
2110 854
2110 855
2111 855
2112 856
2113 857
2114 857
2115 858
2116 858
2117 859
2118 859
2119 859
2120 859
2121 860
2122 860
2123 860
2124 860
2125 861
2126 861
2127 861
2128 862
2129 863
2130 863
2131 863
2132 863
2133 864
2134 864
2135 864
2136 864
2137 864
2138 864
2139 864
2140 864
2141 864
2142 864
2143 864
2144 864
2145 864
2146 864
2147 863
2148 863
2149 862
2150 861
2151 861
2152 860
2153 859
2154 859
2155 858
2156 857
2157 857
2158 857
2159 856
2160 856
2161 856
2162 856
2163 857
2164 857
2165 857
2166 857
2167 858
2168 858
2169 858
2170 858
2171 858
2172 858
2173 858
2174 858
2175 858
2176 858
2177 858
2178 858
2179 858
2180 858
2181 858
2182 858
2183 858
2184 858
2185 858
2186 858
2187 857
2188 857
2189 857
2190 857
2191 856
2192 855
2193 855
2194 855
2195 854
2196 854
2197 854
2198 854
2199 854
2200 854
2201 854
2202 854
2203 855
2204 855
2205 856
2206 856
2207 857
2208 857
2209 858
2210 858
2211 859
2212 859
2213 859
2214 860
2215 861
2216 861
2217 862
2218 862
2219 863
2220 863
2221 864
2222 864
2223 864
2224 864
2225 864
2226 864
2227 864
2228 864
2229 865
2230 865
2231 865
2232 865
2233 866
2234 866
2235 866
2236 866
2237 866
2238 866
2239 865
2240 865
2241 865
2242 865
2243 864
2244 864
2245 864
2246 864
2247 864
2248 864
2249 864
2250 864
2251 864
2252 864
2253 864
2254 864
2255 864
2256 864
2257 864
2258 864
2259 864
2260 864
2261 864
2262 864
2263 864
2264 864
2265 864
2266 864
2267 863
2268 863
2269 863
2270 863
2271 862
2272 861
2273 861
2274 861
2275 860
2276 860
2277 860
2278 860
2279 860
2280 860
2281 861
2282 861
2283 861
2284 861
2285 862
2286 862
2287 862
2288 862
2289 862
2290 862
2291 862
2292 862
2293 862
2294 862
2295 863
2296 863
2297 864
2298 865
2299 865
2300 866
2301 867
2302 867
2303 868
2304 868
2305 868
2306 868
2307 868
2308 868
2309 868
2310 868
2311 868
2312 868
2313 868
2314 868
2315 868
2316 868
2317 868
2318 868
2319 868
2320 868
2321 868
2322 868
2323 868
2324 868
2325 868
2326 868
2327 867
2328 867
2329 866
2330 865
2331 865
2332 864
2333 863
2334 863
2335 862
2336 862
2337 862
2338 862
2339 862
2340 862
2341 862
2342 862
2343 862
2344 862
2345 862
2346 862
2347 862
2348 862
2349 862
2350 862
2351 862
2352 862
2353 862
2354 862
2355 862
2356 862
2357 863
2358 863
2359 863
2360 864
2361 865
2362 865
2363 865
2364 865
2365 866
2366 866
2367 866
2368 866
2369 866
2370 866
2371 866
2372 866
2373 866
2374 866
2375 866
2376 866
2377 866
2378 866
2379 866
2380 866
2381 866
2382 866
2383 866
2384 866
2385 866
2386 866
2387 866
2388 866
2389 866
2390 866
2391 866
2392 866
2393 867
2394 867
2395 867
2396 867
2397 868
2398 868
2399 868
2400 868
2401 869
2402 869
2403 869
2404 869
2405 870
2406 870
2407 870
2408 870
2409 870
2410 870
2411 870
2412 870
2413 870
2414 870
2415 870
2416 870
2417 871
2418 871
2419 871
2420 872
2421 873
2422 873
2423 873
2424 873
2425 874
2426 874
2427 874
2428 874
2429 874
2430 874
2431 874
2432 874
2433 874
2434 874
2435 874
2436 874
2437 874
2438 874
2439 874
2440 874
2441 874
2442 874
2443 874
2444 874
2445 874
2446 874
2447 873
2448 873
2449 873
2450 873
2451 872
2452 871
2453 871
2454 871
2455 870
2456 870
2457 870
2458 870
2459 870
2460 870
2461 870
2462 870
2463 871
2464 871
2465 871
2466 871
2467 872
2468 872
2469 872
2470 872
2471 872
2472 872
2473 873
2474 873
2475 873
2476 873
2477 874
2478 874
2479 874
2480 874
2481 874
2482 874
2483 874
2484 874
2485 874
2486 874
2487 874
2488 874
2489 874
2490 874
2491 874
2492 874
2493 874
2494 874
2495 874
2496 874
2497 874
2498 874
2499 874
2500 874
2501 874
2502 874
2503 873
2504 873
2505 873
2506 873
2507 872
2508 871
2509 871
2510 871
2511 870
2512 870
2513 870
2514 870
2515 870
2516 870
2517 870
2518 870
2519 870
2520 870
2521 870
2522 870
2523 870
2524 870
2525 869
2526 869
2527 868
2528 868
2529 867
2530 867
2531 866
2532 865
2533 865
2534 865
2535 864
2536 864
2537 864
2538 864
2539 864
2540 864
2541 864
2542 864
2543 864
2544 864
2545 864
2546 864
2547 864
2548 864
2549 864
2550 864
2551 864
2552 864
2553 864
2554 864
2555 864
2556 864
2557 864
2558 864
2559 863
2560 863
2561 863
2562 863
2563 862
2564 862
2565 862
2566 862
2567 862
2568 862
2569 861
2570 861
2571 861
2572 861
2573 860
2574 860
2575 860
2576 860
2577 859
2578 859
2579 859
2580 859
2581 858
2582 858
2583 858
2584 858
2585 857
2586 857
2587 856
2588 855
2589 855
2589 854
2590 853
2591 852
2592 851
2593 850
2593 849
2593 848
2594 847
2595 846
2595 845
2596 844
2597 843
2597 842
2598 841
2599 841
2599 840
2600 839
2601 839
2601 838
2602 837
2603 837
2603 836
2604 835
2605 834
2606 833
2607 832
2607 831
2608 830
2608 829
2609 828
2609 827
2610 826
2610 825
2610 824
2610 823
2611 822
2611 821
2612 820
2613 819
2613 818
2614 817
2615 817
2615 816
2616 815
2617 815
2617 814
2618 813
2619 812
2619 811
2620 810
2620 809
2620 808
2620 807
2620 806
2620 805
2620 804
2620 803
2620 802
2620 801
2620 800
2620 799
2620 798
2620 797
2619 796
2619 795
2618 794
2618 793
2617 792
2617 791
2616 790
2616 789
2615 788
2615 787
2615 786
2615 785
2614 784
2614 783
2614 782
2614 781
2614 780
2614 779
2614 778
2614 777
2614 776
2614 775
2614 774
2614 773
2614 772
2614 771
2614 770
2614 769
2613 768
2613 767
2612 766
2612 765
2611 764
2611 763
2610 762
2609 761
2609 760
2609 759
2608 758
2607 757
2607 756
2607 755
2606 754
2605 753
2604 752
2604 751
2603 750
2603 749
2602 748
2601 747
2600 746
2599 745
2599 744
2598 744
2597 743
2597 742
2596 742
2595 741
2595 740
2594 740
2593 739
2593 738
2592 737
2591 736
2591 735
2590 734
2589 733
2588 732
2587 731
2587 730
2586 730
2585 729
2585 728
2584 728
2583 727
2583 726
2582 726
2581 725
2581 724
2580 724
2579 723
2579 722
2578 722
2577 721
2577 720
2576 720
2575 719
2575 718
2574 718
2573 717
2573 716
2572 716
2571 715
2571 714
2570 714
2569 713
2569 712
2568 711
2567 710
2567 709
2566 708
2566 707
2566 706
2566 705
2565 704
2565 703
2564 702
2563 701
2563 700
2562 700
2561 699
2561 698
2560 698
2559 697
2558 696
2557 696
2556 695
2555 695
2554 695
2553 695
2552 695
2551 695
2550 695
2549 695
2548 695
2547 695
2546 695
2545 695
2544 695
2543 695
2542 695
2541 695
2540 695
2539 695
2538 694
2537 694
2536 694
2535 694
2534 693
2533 693
2532 693
2531 693
2530 693
2529 693
2528 693
2527 693
2526 693
2525 693
2524 693
2523 693
2522 693
2521 693
2520 693
2519 693
2518 693
2517 693
2516 693
2515 693
2514 693
2513 693
2512 693
2511 693
2510 693
2509 693
