345 2812
344 2813
343 2813
342 2813
341 2813
340 2814
339 2814
338 2814
337 2814
336 2814
335 2814
334 2814
333 2814
332 2814
331 2814
330 2814
329 2814
328 2814
327 2814
326 2814
325 2814
324 2814
323 2814
322 2814
321 2814
320 2814
319 2814
318 2814
317 2814
316 2814
315 2814
314 2814
313 2814
312 2814
311 2814
310 2815
309 2815
308 2815
307 2815
306 2816
305 2816
304 2816
303 2816
302 2816
301 2816
300 2816
299 2816
298 2816
297 2816
296 2816
295 2816
294 2816
293 2816
292 2817
291 2817
290 2817
289 2817
288 2818
287 2818
286 2819
285 2819
284 2820
283 2820
282 2821
281 2821
280 2822
279 2822
278 2823
277 2823
276 2823
275 2823
274 2824
273 2825
272 2826
271 2827
270 2827
269 2828
268 2829
267 2829
266 2829
265 2829
264 2829
263 2829
262 2828
261 2828
260 2828
259 2828
258 2829
257 2829
256 2830
255 2831
254 2831
253 2832
252 2833
251 2833
250 2834
249 2835
248 2835
247 2835
246 2836
245 2837
244 2837
243 2837
242 2838
241 2838
240 2839
239 2839
238 2839
237 2839
236 2840
235 2840
234 2840
233 2840
232 2840
231 2840
230 2841
229 2841
228 2841
227 2841
226 2842
225 2843
224 2843
223 2843
222 2844
221 2844
220 2844
219 2844
218 2844
217 2844
216 2844
215 2844
214 2845
213 2845
212 2845
211 2845
210 2846
209 2846
208 2846
207 2846
206 2847
205 2847
204 2848
203 2849
202 2850
202 2851
201 2852
201 2853
201 2854
201 2855
201 2856
201 2857
200 2858
200 2859
200 2860
200 2861
199 2862
199 2863
198 2864
198 2865
198 2866
198 2867
197 2868
197 2869
198 2870
198 2871
198 2872
198 2873
199 2874
200 2875
201 2876
202 2877
202 2878
203 2878
204 2879
204 2880
205 2880
206 2881
206 2882
207 2882
208 2883
209 2884
210 2885
211 2886
212 2886
213 2887
214 2887
215 2888
216 2889
217 2890
218 2890
219 2890
220 2890
221 2891
222 2891
223 2891
224 2891
225 2891
226 2891
227 2891
228 2891
229 2892
230 2892
231 2892
232 2892
233 2893
234 2893
235 2893
236 2893
237 2893
238 2893
239 2893
240 2893
241 2893
242 2893
243 2894
244 2894
245 2895
246 2895
247 2896
248 2896
249 2897
250 2897
251 2898
252 2898
253 2898
254 2898
255 2899
256 2899
257 2899
258 2899
259 2900
260 2900
261 2900
262 2900
263 2901
264 2901
265 2901
266 2901
267 2901
268 2901
269 2901
270 2901
271 2901
272 2901
273 2901
274 2901
275 2901
276 2901
277 2901
278 2901
279 2901
280 2901
281 2901
282 2901
283 2901
284 2901
285 2901
286 2901
287 2901
288 2901
289 2901
290 2901
291 2901
292 2901
293 2901
294 2901
295 2901
296 2901
297 2900
298 2900
299 2900
300 2900
301 2899
302 2899
303 2899
304 2899
305 2899
306 2899
307 2898
308 2898
309 2898
310 2898
311 2897
312 2896
313 2895
314 2895
315 2894
316 2894
317 2893
318 2893
319 2893
320 2893
321 2893
322 2893
323 2893
324 2893
325 2893
326 2893
327 2893
328 2893
329 2893
330 2893
331 2893
332 2893
333 2892
334 2892
335 2892
336 2892
337 2891
338 2891
339 2891
340 2891
341 2891
342 2891
343 2891
344 2891
345 2892
346 2892
347 2892
348 2892
349 2893
350 2893
351 2893
352 2893
353 2893
354 2893
355 2893
356 2893
357 2893
358 2893
359 2893
360 2893
361 2893
362 2893
363 2893
364 2893
365 2893
366 2893
367 2893
368 2893
369 2893
370 2893
371 2893
372 2893
373 2893
374 2893
375 2892
376 2892
377 2892
378 2892
379 2891
380 2891
381 2890
382 2890
383 2890
384 2890
385 2889
386 2889
387 2888
388 2888
389 2887
390 2887
391 2886
392 2886
393 2885
394 2884
395 2884
396 2884
397 2883
398 2882
399 2882
400 2882
401 2881
402 2880
403 2880
404 2880
405 2879
406 2878
407 2878
408 2878
409 2877
410 2876
411 2876
412 2876
413 2875
414 2874
415 2873
416 2872
417 2871
417 2870
418 2869
418 2868
419 2867
419 2866
419 2865
419 2864
420 2863
420 2862
420 2861
420 2860
419 2859
419 2858
419 2857
419 2856
418 2855
417 2854
417 2853
417 2852
416 2851
415 2850
415 2849
415 2848
414 2847
413 2846
413 2845
413 2844
412 2843
411 2842
410 2841
409 2840
409 2839
408 2839
407 2838
407 2837
406 2837
405 2836
405 2835
404 2835
403 2834
403 2833
402 2833
401 2832
400 2831
399 2831
398 2830
397 2830
396 2830
395 2830
394 2830
393 2830
392 2830
391 2830
390 2829
389 2829
388 2828
387 2827
386 2827
385 2826
384 2825
383 2825
382 2824
381 2824
380 2824
379 2824
378 2824
377 2824
376 2824
375 2824
374 2823
373 2823
372 2822
371 2821
370 2821
369 2820
368 2819
367 2818
366 2817
365 2817
364 2817
363 2817
362 2816
361 2816
360 2815
359 2815
358 2815
357 2815
356 2814
355 2814
354 2813
353 2813
352 2813
351 2813
350 2812
349 2812
348 2812
347 2812
346 2812
345 2812
