717 4323
716 4324
715 4324
714 4324
713 4324
712 4325
711 4325
710 4325
709 4325
708 4325
707 4325
706 4325
705 4325
704 4325
703 4325
702 4325
701 4325
700 4325
699 4325
698 4326
697 4326
696 4326
695 4326
694 4327
693 4327
692 4327
691 4327
690 4327
689 4327
688 4327
687 4327
686 4327
685 4327
684 4327
683 4327
682 4327
681 4327
680 4327
679 4327
678 4327
677 4327
676 4327
675 4327
674 4328
673 4328
672 4328
671 4328
670 4329
669 4329
668 4330
667 4330
666 4330
665 4330
664 4331
663 4331
662 4332
661 4332
660 4332
659 4332
658 4333
657 4333
656 4333
655 4333
654 4334
653 4334
652 4334
651 4334
650 4335
649 4335
648 4335
647 4335
646 4335
645 4335
644 4336
643 4336
642 4336
641 4336
640 4337
639 4338
638 4338
637 4338
636 4339
635 4340
634 4341
633 4342
632 4343
632 4344
631 4345
631 4346
631 4347
631 4348
632 4349
633 4350
633 4351
634 4351
635 4351
636 4352
637 4353
638 4353
639 4353
640 4354
641 4355
642 4355
643 4355
644 4355
645 4356
646 4356
647 4356
648 4356
649 4356
650 4356
651 4356
652 4356
653 4356
654 4356
655 4356
656 4356
657 4356
658 4356
659 4356
660 4356
661 4356
662 4356
663 4356
664 4356
665 4356
666 4356
667 4356
668 4356
669 4356
670 4356
671 4356
672 4356
673 4356
674 4356
675 4356
676 4356
677 4356
678 4356
679 4356
680 4356
681 4356
682 4356
683 4356
684 4356
685 4356
686 4356
687 4356
688 4356
689 4356
690 4356
691 4356
692 4356
693 4356
694 4356
695 4356
696 4356
697 4356
698 4356
699 4356
700 4356
701 4356
702 4356
703 4356
704 4356
705 4356
706 4356
707 4356
708 4356
709 4356
710 4356
711 4356
712 4356
713 4356
714 4356
715 4356
716 4356
717 4356
718 4356
719 4356
720 4356
721 4356
722 4356
723 4356
724 4356
725 4357
726 4357
727 4357
728 4358
729 4359
730 4359
731 4359
732 4359
733 4360
734 4360
735 4360
736 4360
737 4360
738 4360
739 4361
740 4361
741 4361
742 4361
743 4362
744 4362
745 4362
746 4362
747 4363
748 4363
749 4363
750 4363
751 4364
752 4364
753 4364
754 4364
755 4365
756 4365
757 4365
758 4366
759 4367
760 4367
761 4367
762 4367
763 4368
764 4368
765 4368
766 4368
767 4368
768 4368
769 4368
770 4368
771 4368
772 4368
773 4368
774 4368
775 4369
776 4369
777 4369
778 4370
779 4371
780 4371
781 4371
782 4371
783 4372
784 4372
785 4372
786 4372
787 4372
788 4372
789 4372
790 4372
791 4373
792 4373
793 4373
794 4373
795 4374
796 4374
797 4374
798 4374
799 4375
800 4375
801 4375
802 4375
803 4376
804 4376
805 4376
806 4376
807 4376
808 4376
809 4376
810 4376
811 4376
812 4376
813 4376
814 4376
815 4375
816 4375
817 4375
818 4375
819 4374
820 4374
821 4374
822 4374
823 4374
824 4374
825 4374
826 4374
827 4374
828 4374
829 4373
830 4373
831 4373
832 4373
833 4372
834 4372
835 4372
836 4372
837 4372
838 4372
839 4372
840 4372
841 4371
842 4371
843 4370
844 4369
845 4369
845 4368
846 4367
847 4366
848 4365
849 4364
849 4363
849 4362
849 4361
850 4360
850 4359
851 4358
851 4357
852 4356
852 4355
853 4354
853 4353
854 4352
854 4351
854 4350
854 4349
854 4348
854 4347
854 4346
854 4345
854 4344
854 4343
853 4342
853 4341
852 4340
851 4339
850 4338
849 4338
848 4337
847 4337
846 4337
845 4337
844 4337
843 4337
842 4337
841 4337
840 4336
839 4336
838 4335
837 4334
837 4333
836 4332
836 4331
836 4330
836 4329
835 4328
835 4327
834 4326
833 4326
832 4325
831 4325
830 4325
829 4325
828 4325
827 4325
826 4325
825 4325
824 4325
823 4325
822 4325
821 4325
820 4325
819 4325
818 4325
817 4325
816 4325
815 4325
814 4325
813 4325
812 4325
811 4325
810 4325
809 4325
808 4325
807 4325
806 4325
805 4325
804 4325
803 4325
802 4325
801 4325
800 4325
799 4325
798 4325
797 4325
796 4325
795 4325
794 4325
793 4325
792 4325
791 4325
790 4325
789 4325
788 4325
787 4325
786 4325
785 4325
784 4325
783 4325
782 4325
781 4325
780 4325
779 4325
778 4325
777 4325
776 4325
775 4325
774 4325
773 4325
772 4325
771 4325
770 4325
769 4325
768 4325
767 4325
766 4325
765 4325
764 4324
763 4324
762 4324
761 4324
760 4323
759 4323
758 4323
757 4323
756 4323
755 4323
754 4323
753 4323
752 4323
751 4323
750 4323
749 4323
748 4323
747 4323
746 4323
745 4323
744 4323
743 4323
742 4323
741 4323
740 4323
739 4323
738 4323
737 4323
736 4323
735 4323
734 4323
733 4323
732 4323
731 4323
730 4323
729 4323
728 4323
727 4323
726 4323
725 4323
724 4323
723 4323
722 4323
721 4323
720 4323
719 4323
718 4323
717 4323
