2061 1419
2060 1420
2059 1420
2058 1421
2057 1421
2056 1421
2055 1421
2054 1422
2053 1422
2052 1422
2051 1422
2050 1423
2049 1423
2048 1423
2047 1423
2046 1423
2045 1423
2044 1423
2043 1423
2042 1424
2041 1424
2040 1424
2039 1424
2038 1424
2037 1424
2036 1424
2035 1424
2034 1424
2033 1424
2032 1424
2031 1424
2030 1425
2029 1425
2028 1425
2027 1425
2026 1425
2025 1425
2024 1425
2023 1425
2022 1425
2021 1425
2020 1425
2019 1426
2018 1426
2018 1427
2017 1428
2016 1428
2016 1429
2015 1430
2014 1430
2014 1431
2013 1432
2012 1432
2012 1433
2011 1434
2010 1434
2010 1435
2009 1436
2008 1436
2007 1437
2006 1438
2005 1438
2004 1439
2003 1439
2002 1440
2001 1440
2000 1440
1999 1440
1998 1441
1997 1441
1996 1441
1995 1441
1994 1441
1993 1441
1992 1441
1991 1441
1990 1441
1989 1441
1988 1441
1987 1441
1986 1441
1985 1441
1984 1441
1983 1441
1982 1441
1981 1441
1980 1441
1979 1441
1978 1442
1977 1442
1976 1443
1975 1444
1974 1445
1973 1446
1972 1447
1972 1448
1972 1449
1971 1450
1970 1451
1970 1452
1969 1453
1969 1454
1968 1455
1967 1456
1966 1457
1966 1458
1965 1459
1964 1460
1963 1460
1962 1461
1961 1461
1960 1461
1959 1461
1958 1461
1957 1461
1956 1462
1955 1462
1954 1463
1953 1463
1952 1464
1951 1464
1950 1465
1949 1466
1948 1466
1947 1466
1946 1467
1945 1468
1944 1468
1943 1468
1942 1469
1941 1469
1940 1469
1939 1469
1938 1469
1937 1469
1936 1470
1935 1470
1934 1471
1933 1472
1932 1472
1931 1473
1930 1474
1929 1474
1928 1475
1927 1475
1926 1475
1925 1475
1924 1476
1923 1476
1922 1477
1921 1477
1920 1478
1919 1478
1918 1479
1917 1479
1916 1479
1915 1479
1914 1480
1913 1480
1912 1481
1911 1481
1910 1482
1909 1482
1908 1483
1907 1483
1906 1483
1905 1483
1904 1483
1903 1483
1902 1484
1901 1484
1900 1484
1899 1484
1898 1485
1897 1485
1896 1485
1895 1485
1894 1485
1893 1485
1892 1485
1891 1485
1890 1485
1889 1485
1888 1485
1887 1485
1886 1485
1885 1485
1884 1485
1883 1485
1882 1486
1881 1486
1880 1486
1879 1486
1878 1487
1877 1487
1876 1487
1875 1487
1874 1487
1873 1487
1872 1487
1871 1487
1870 1488
1869 1488
1868 1489
1867 1490
1866 1490
1866 1491
1865 1492
1864 1492
1864 1493
1863 1494
1862 1494
1862 1495
1861 1496
1860 1497
1859 1498
1858 1499
1858 1500
1858 1501
1857 1502
1856 1503
1856 1504
1855 1505
1855 1506
1854 1507
1854 1508
1853 1509
1853 1510
1852 1511
1852 1512
1852 1513
1851 1514
1850 1515
1850 1516
1850 1517
1849 1518
1848 1519
1848 1520
1847 1521
1847 1522
1846 1523
1845 1524
1844 1525
1844 1526
1844 1527
1844 1528
1843 1529
1843 1530
1844 1531
1844 1532
1845 1533
1846 1534
1847 1535
1848 1535
1849 1536
1850 1537
1851 1537
1852 1538
1852 1539
1853 1539
1854 1540
1855 1541
1856 1541
1857 1542
1858 1542
1859 1542
1860 1542
1861 1542
1862 1542
1863 1542
1864 1542
1865 1542
1866 1542
1867 1543
1868 1543
1869 1544
1870 1544
1871 1545
1872 1545
1873 1546
1874 1546
1875 1547
1876 1547
1877 1547
1878 1547
1879 1548
1880 1548
1881 1548
1882 1548
1883 1548
1884 1548
1885 1548
1886 1548
1887 1548
1888 1548
1889 1548
1890 1548
1891 1549
1892 1549
1893 1549
1894 1550
1895 1551
1896 1551
1897 1552
1898 1552
1899 1553
1900 1553
1901 1554
1902 1554
1903 1555
1904 1555
1905 1556
1906 1557
1907 1557
1908 1558
1909 1559
1910 1559
1911 1560
1912 1560
1913 1561
1914 1561
1915 1562
1916 1562
1917 1563
1918 1564
1919 1565
1920 1565
1921 1566
1922 1566
1923 1567
1924 1568
1925 1569
1926 1569
1927 1570
1928 1571
1929 1571
1930 1572
1931 1573
1932 1574
1933 1575
1934 1575
1935 1575
1936 1575
1937 1576
1938 1576
1939 1577
1940 1577
1941 1577
1942 1578
1943 1579
1944 1579
1945 1579
1946 1580
1947 1581
1948 1581
1949 1582
1950 1583
1951 1583
1952 1584
1953 1585
1954 1586
1955 1587
1956 1587
1957 1588
1958 1588
1959 1589
1960 1590
1961 1591
1962 1591
1963 1591
1964 1592
1965 1593
1966 1593
1967 1593
1968 1593
1969 1594
1970 1594
1971 1594
1972 1594
1973 1594
1974 1594
1975 1594
1976 1594
1977 1594
1978 1594
1979 1594
1980 1594
1981 1594
1982 1594
1983 1595
1984 1595
1985 1596
1986 1597
1987 1597
1988 1598
1988 1599
1989 1599
1990 1600
1990 1601
1991 1601
1992 1602
1993 1603
1994 1603
1995 1604
1996 1604
1997 1605
1998 1605
1999 1606
2000 1606
2001 1607
2002 1607
2003 1608
2004 1608
2005 1608
2006 1608
2007 1608
2008 1608
2009 1608
2010 1608
2011 1608
2012 1608
2013 1608
2014 1608
2015 1608
2016 1608
2017 1608
2018 1608
2019 1608
2020 1608
2021 1608
2022 1608
2023 1608
2024 1608
2025 1608
2026 1608
2027 1608
2028 1608
2029 1609
2030 1609
2031 1610
2032 1611
2033 1611
2034 1612
2034 1613
2035 1613
2036 1614
2037 1615
2038 1616
2039 1617
2040 1617
2041 1618
2042 1619
2043 1619
2044 1620
2045 1621
2046 1621
2047 1622
2048 1622
2049 1622
2050 1622
2051 1622
2052 1622
2053 1622
2054 1622
2055 1621
2056 1621
2057 1620
2058 1619
2059 1619
2059 1618
2060 1617
2061 1617
2061 1616
2062 1615
2063 1615
2064 1614
2065 1613
2066 1613
2067 1612
2068 1611
2069 1610
2070 1609
2071 1609
2071 1608
2072 1607
2073 1607
2074 1606
2075 1605
2076 1605
2077 1604
2078 1604
2079 1604
2080 1604
2081 1603
2082 1603
2083 1602
2084 1602
2085 1601
2086 1601
2087 1600
2088 1600
2089 1599
2090 1599
2091 1598
2092 1597
2093 1596
2093 1595
2094 1594
2094 1593
2093 1592
2093 1591
2093 1590
2093 1589
2092 1588
2092 1587
2092 1586
2092 1585
2093 1584
2094 1584
2095 1584
2096 1584
2097 1584
2098 1584
2099 1584
2100 1584
2101 1584
2102 1584
2103 1585
2104 1585
2105 1585
2106 1586
2107 1587
2108 1587
2109 1588
2110 1588
2111 1589
2112 1589
2113 1590
2114 1590
2115 1589
2116 1589
2117 1588
2118 1587
2119 1587
2119 1586
2120 1585
2121 1585
2121 1584
2122 1583
2123 1583
2124 1582
2125 1581
2126 1581
2127 1580
2128 1579
2129 1578
2130 1577
2131 1577
2131 1576
2132 1575
2133 1574
2134 1573
2135 1572
2135 1571
2136 1570
2137 1569
2137 1568
2138 1567
2139 1566
2140 1565
2141 1564
2141 1563
2141 1562
2142 1561
2143 1560
2143 1559
2143 1558
2143 1557
2144 1556
2144 1555
2144 1554
2144 1553
2144 1552
2144 1551
2145 1550
2145 1549
2145 1548
2145 1547
2146 1546
2146 1545
2147 1544
2147 1543
2147 1542
2147 1541
2148 1540
2148 1539
2148 1538
2148 1537
2148 1536
2148 1535
2148 1534
2148 1533
2148 1532
2148 1531
2148 1530
2148 1529
2148 1528
2148 1527
2148 1526
2148 1525
2148 1524
2148 1523
2148 1522
2148 1521
2149 1520
2149 1519
2149 1518
2149 1517
2150 1516
2150 1515
2150 1514
2150 1513
2150 1512
2150 1511
2150 1510
2150 1509
2150 1508
2150 1507
2150 1506
2150 1505
2150 1504
2150 1503
2150 1502
2150 1501
2150 1500
2150 1499
2150 1498
2150 1497
2150 1496
2150 1495
2150 1494
2150 1493
2150 1492
2150 1491
2150 1490
2150 1489
2150 1488
2150 1487
2150 1486
2150 1485
2150 1484
2150 1483
2150 1482
2150 1481
2150 1480
2150 1479
2150 1478
2150 1477
2150 1476
2150 1475
2150 1474
2150 1473
2150 1472
2150 1471
2150 1470
2150 1469
2150 1468
2150 1467
2150 1466
2150 1465
2150 1464
2150 1463
2150 1462
2150 1461
2150 1460
2150 1459
2150 1458
2150 1457
2150 1456
2150 1455
2150 1454
2150 1453
2150 1452
2150 1451
2150 1450
2150 1449
2149 1448
2149 1447
2148 1446
2147 1445
2146 1444
2145 1444
2144 1443
2143 1443
2142 1443
2141 1443
2140 1443
2139 1443
2138 1443
2137 1443
2136 1443
2135 1443
2134 1443
2133 1443
2132 1443
2131 1443
2130 1442
2129 1442
2128 1442
2127 1442
2126 1441
2125 1441
2124 1441
2123 1441
2122 1441
2121 1441
2120 1440
2119 1440
2118 1439
2117 1439
2116 1438
2115 1437
2114 1436
2113 1436
2112 1435
2111 1435
2110 1434
2109 1433
2108 1432
2107 1432
2106 1432
2105 1432
2104 1431
2103 1431
2102 1430
2101 1430
2100 1430
2099 1429
2098 1428
2097 1428
2096 1428
2095 1427
2094 1426
2093 1426
2092 1425
2091 1424
2090 1424
2089 1423
2089 1422
2088 1422
2087 1422
2086 1422
2085 1422
2084 1422
2083 1422
2082 1422
2081 1422
2080 1422
2079 1422
2078 1422
2077 1422
2076 1422
2075 1422
2074 1422
2073 1422
2072 1422
2071 1422
2070 1422
2069 1422
2068 1422
2067 1422
2066 1422
2065 1421
2064 1421
2063 1420
2062 1420
2061 1419
