993 3475
992 3476
991 3476
990 3477
989 3478
988 3478
988 3479
987 3480
986 3480
986 3481
985 3482
984 3483
984 3484
983 3485
983 3486
983 3487
983 3488
983 3489
983 3490
983 3491
983 3492
982 3493
982 3494
981 3495
980 3496
980 3497
979 3498
978 3498
978 3499
977 3500
976 3501
975 3502
974 3503
974 3504
974 3505
974 3506
973 3507
973 3508
973 3509
973 3510
973 3511
973 3512
973 3513
973 3514
973 3515
973 3516
973 3517
973 3518
973 3519
973 3520
973 3521
973 3522
974 3523
974 3524
974 3525
974 3526
975 3527
975 3528
975 3529
975 3530
976 3531
976 3532
976 3533
976 3534
977 3535
977 3536
977 3537
977 3538
977 3539
977 3540
977 3541
977 3542
977 3543
977 3544
977 3545
977 3546
977 3547
977 3548
977 3549
977 3550
977 3551
977 3552
977 3553
977 3554
978 3555
978 3556
978 3557
978 3558
979 3559
979 3560
979 3561
979 3562
979 3563
979 3564
979 3565
979 3566
979 3567
979 3568
979 3569
979 3570
979 3571
979 3572
979 3573
979 3574
979 3575
979 3576
979 3577
979 3578
980 3579
980 3580
980 3581
981 3582
982 3583
983 3584
984 3584
985 3585
986 3585
987 3586
988 3587
989 3587
990 3588
990 3589
991 3589
992 3590
993 3591
994 3591
995 3592
996 3592
997 3593
998 3593
999 3594
1000 3595
1001 3595
1002 3596
1002 3597
1003 3597
1004 3598
1004 3599
1005 3599
1006 3600
1006 3601
1007 3601
1008 3602
1009 3603
1010 3604
1011 3605
1012 3605
1013 3606
1014 3606
1015 3607
1016 3607
1017 3608
1018 3608
1019 3608
1020 3608
1021 3608
1022 3608
1023 3608
1024 3608
1025 3609
1026 3609
1027 3610
1028 3611
1029 3611
1030 3612
1030 3613
1031 3613
1032 3614
1033 3615
1034 3616
1035 3617
1036 3617
1037 3618
1038 3619
1039 3619
1040 3620
1041 3621
1042 3621
1043 3622
1044 3622
1045 3622
1046 3622
1047 3622
1048 3622
1049 3622
1050 3622
1051 3622
1052 3622
1053 3622
1054 3622
1055 3622
1056 3622
1057 3622
1058 3622
1059 3621
1060 3621
1061 3620
1062 3620
1063 3619
1064 3619
1065 3618
1066 3618
1067 3617
1068 3617
1069 3616
1070 3615
1071 3615
1071 3614
1072 3613
1073 3613
1073 3612
1074 3611
1075 3611
1076 3610
1077 3609
1078 3609
1079 3608
1080 3608
1081 3608
1082 3608
1083 3607
1084 3607
1085 3607
1086 3607
1087 3606
1088 3606
1089 3605
1090 3605
1091 3604
1092 3604
1093 3603
1094 3603
1095 3602
1096 3602
1097 3602
1098 3602
1099 3602
1100 3602
1101 3602
1102 3602
1103 3601
1104 3601
1105 3601
1106 3601
1107 3600
1108 3600
1109 3600
1110 3600
1111 3599
1112 3599
1113 3599
1114 3599
1115 3598
1116 3598
1117 3598
1118 3598
1119 3598
1120 3598
1121 3598
1122 3598
1123 3598
1124 3598
1125 3598
1126 3598
1127 3598
1128 3598
1129 3597
1130 3597
1131 3597
1132 3597
1133 3596
1134 3596
1135 3596
1136 3596
1137 3596
1138 3596
1139 3596
1140 3596
1141 3595
1142 3595
1143 3595
1144 3595
1145 3594
1146 3594
1147 3593
1148 3593
1149 3593
1150 3593
1151 3592
1152 3592
1153 3592
1154 3592
1155 3592
1156 3592
1157 3592
1158 3592
1159 3592
1160 3592
1161 3592
1162 3592
1163 3592
1164 3592
1165 3592
1166 3592
1167 3592
1168 3592
1169 3592
1170 3592
1171 3592
1172 3592
1173 3592
1174 3592
1175 3592
1176 3592
1177 3592
1178 3592
1179 3591
1180 3591
1181 3591
1182 3591
1183 3590
1184 3590
1185 3590
1186 3590
1187 3589
1188 3589
1189 3589
1190 3589
1191 3588
1192 3588
1193 3588
1194 3588
1195 3587
1196 3587
1197 3587
1198 3587
1199 3586
1200 3586
1201 3586
1202 3586
1203 3586
1204 3586
1205 3585
1206 3585
1207 3585
1208 3585
1209 3584
1210 3584
1211 3584
1212 3584
1213 3584
1214 3584
1215 3583
1216 3583
1217 3583
1218 3583
1219 3582
1220 3581
1221 3581
1222 3581
1223 3580
1224 3580
1225 3579
1226 3579
1227 3579
1228 3579
1229 3578
1230 3578
1231 3578
1232 3578
1233 3578
1234 3578
1235 3578
1236 3578
1237 3578
1238 3578
1239 3578
1240 3578
1241 3578
1242 3578
1243 3578
1244 3578
1245 3577
1246 3577
1247 3577
1248 3577
1249 3576
1250 3576
1251 3576
1252 3576
1253 3576
1254 3576
1255 3576
1256 3576
1257 3576
1258 3576
1259 3576
1260 3576
1261 3576
1262 3576
1263 3576
1264 3576
1265 3576
1266 3576
1267 3575
1268 3575
1269 3575
1270 3575
1271 3574
1272 3573
1273 3572
1274 3571
1275 3570
1276 3569
1277 3568
1277 3567
1277 3566
1278 3565
1279 3564
1279 3563
1280 3562
1281 3561
1281 3560
1282 3559
1283 3558
1283 3557
1284 3556
1284 3555
1284 3554
1284 3553
1284 3552
1284 3551
1284 3550
1284 3549
1285 3548
1285 3547
1285 3546
1285 3545
1286 3544
1286 3543
1286 3542
1286 3541
1286 3540
1286 3539
1286 3538
1286 3537
1286 3536
1286 3535
1286 3534
1286 3533
1286 3532
1286 3531
1286 3530
1286 3529
1286 3528
1286 3527
1286 3526
1286 3525
1286 3524
1286 3523
1286 3522
1286 3521
1286 3520
1286 3519
1286 3518
1286 3517
1286 3516
1286 3515
1285 3514
1285 3513
1285 3512
1285 3511
1284 3510
1284 3509
1284 3508
1284 3507
1283 3506
1283 3505
1282 3504
1281 3503
1281 3502
1280 3502
1279 3501
1279 3500
1278 3500
1277 3499
1276 3498
1275 3498
1274 3497
1273 3497
1272 3497
1271 3497
1270 3497
1269 3497
1268 3496
1267 3496
1266 3496
1265 3495
1264 3494
1263 3494
1262 3494
1261 3494
1260 3493
1259 3493
1258 3493
1257 3493
1256 3492
1255 3492
1254 3492
1253 3491
1252 3490
1251 3490
1250 3490
1249 3490
1248 3489
1247 3489
1246 3488
1245 3488
1244 3488
1243 3488
1242 3487
1241 3487
1240 3486
1239 3486
1238 3486
1237 3486
1236 3485
1235 3485
1234 3485
1233 3485
1232 3484
1231 3484
1230 3484
1229 3484
1228 3483
1227 3483
1226 3483
1225 3483
1224 3483
1223 3483
1222 3483
1221 3483
1220 3483
1219 3483
1218 3483
1217 3483
1216 3483
1215 3483
1214 3483
1213 3483
1212 3483
1211 3483
1210 3483
1209 3483
1208 3483
1207 3483
1206 3483
1205 3483
1204 3483
1203 3483
1202 3483
1201 3483
1200 3483
1199 3483
1198 3483
1197 3483
1196 3483
1195 3483
1194 3483
1193 3483
1192 3483
1191 3483
1190 3483
1189 3483
1188 3483
1187 3483
1186 3483
1185 3483
1184 3483
1183 3483
1182 3483
1181 3483
1180 3483
1179 3483
1178 3483
1177 3483
1176 3483
1175 3483
1174 3483
1173 3483
1172 3483
1171 3483
1170 3483
1169 3483
1168 3483
1167 3483
1166 3483
1165 3483
1164 3483
1163 3483
1162 3483
1161 3483
1160 3483
1159 3483
1158 3483
1157 3483
1156 3483
1155 3483
1154 3483
1153 3483
1152 3483
1151 3483
1150 3483
1149 3483
1148 3483
1147 3483
1146 3483
1145 3483
1144 3483
1143 3483
1142 3483
1141 3483
1140 3483
1139 3483
1138 3484
1137 3484
1136 3484
1135 3484
1134 3485
1133 3485
1132 3485
1131 3485
1130 3486
1129 3486
1128 3487
1127 3487
1126 3488
1125 3488
1124 3489
1123 3489
1122 3489
1121 3489
1120 3489
1119 3489
1118 3488
1117 3488
1116 3487
1115 3487
1114 3486
1113 3486
1112 3485
1111 3485
1110 3484
1109 3484
1108 3484
1107 3484
1106 3483
1105 3483
1104 3483
1103 3483
1102 3483
1101 3483
1100 3483
1099 3483
1098 3483
1097 3483
1096 3483
1095 3483
1094 3483
1093 3483
1092 3484
1091 3484
1090 3484
1089 3484
1088 3485
1087 3485
1086 3485
1085 3485
1084 3484
1083 3484
1082 3483
1081 3482
1080 3482
1079 3481
1078 3480
1077 3480
1076 3479
1075 3479
1074 3479
1073 3479
1072 3479
1071 3479
1070 3479
1069 3479
1068 3479
1067 3479
1066 3479
1065 3479
1064 3479
1063 3479
1062 3479
1061 3479
1060 3479
1059 3479
1058 3479
1057 3479
1056 3478
1055 3478
1054 3478
1053 3478
1052 3477
1051 3477
1050 3477
1049 3477
1048 3477
1047 3477
1046 3477
1045 3477
1044 3477
1043 3477
1042 3477
1041 3477
1040 3478
1039 3478
1038 3478
1037 3478
1036 3479
1035 3479
1034 3479
1033 3479
1032 3479
1031 3479
1030 3478
1029 3478
1028 3478
1027 3477
1026 3476
1025 3476
1024 3476
1023 3476
1022 3475
1021 3475
1020 3475
1019 3475
1018 3475
1017 3475
1016 3475
1015 3475
1014 3475
1013 3475
1012 3475
1011 3475
1010 3475
1009 3475
1008 3475
1007 3475
1006 3475
1005 3475
1004 3475
1003 3475
1002 3475
1001 3475
1000 3475
999 3475
998 3475
997 3475
996 3475
995 3475
994 3475
993 3475
