561 838
560 839
559 839
558 839
557 839
556 840
555 840
554 840
553 840
552 840
551 840
550 840
549 840
548 840
547 840
546 841
545 841
544 841
543 841
542 842
541 842
540 842
539 842
538 842
537 842
536 842
535 842
534 843
533 843
532 844
531 845
530 845
529 846
528 847
527 847
526 848
525 848
524 847
523 847
522 847
521 847
520 846
519 846
518 846
517 846
516 846
515 846
514 846
513 846
512 846
511 846
510 846
509 846
508 846
507 846
506 847
505 847
504 847
503 847
502 848
501 848
500 848
499 848
498 848
497 848
496 849
495 849
494 850
493 851
492 851
492 852
491 853
490 853
489 854
488 855
487 855
486 856
485 857
484 858
483 858
482 859
481 859
480 860
479 860
478 860
477 860
476 861
475 861
474 861
473 861
472 862
471 862
470 862
469 862
468 861
467 861
466 861
465 861
464 860
463 860
462 859
461 859
460 859
459 859
458 858
457 858
456 858
455 858
454 858
453 858
452 858
451 858
450 858
449 858
448 858
447 858
446 858
445 858
444 858
443 858
442 858
441 858
440 858
439 858
438 858
437 858
436 858
435 858
434 858
433 858
432 859
431 859
430 859
429 859
428 860
427 860
426 861
425 861
424 861
423 861
422 862
421 862
420 862
419 862
418 862
417 862
416 863
415 863
414 863
413 863
412 864
411 864
410 864
409 864
408 865
407 865
406 865
405 865
404 866
403 867
402 867
401 867
400 868
399 868
398 868
397 868
396 868
395 868
394 868
393 868
392 868
391 868
390 868
389 868
388 869
387 869
386 869
385 869
384 870
383 870
382 870
381 870
380 870
379 870
378 870
377 870
376 870
375 870
374 870
373 870
372 871
371 871
370 871
369 871
368 872
367 872
366 872
365 872
364 873
363 873
362 873
361 873
360 874
359 874
358 874
357 874
356 875
355 875
354 875
353 875
352 876
351 876
350 876
349 876
348 877
347 877
346 877
345 877
344 878
343 878
342 878
341 878
340 879
339 879
338 879
337 879
336 880
335 880
334 881
333 881
332 881
331 881
330 882
329 882
328 882
327 882
326 883
325 883
324 883
323 883
322 884
321 884
320 885
319 885
318 885
317 885
316 886
315 886
314 887
313 887
312 887
311 887
310 888
309 889
308 889
307 889
306 890
305 890
304 890
303 890
302 890
301 890
300 890
299 890
298 891
297 891
296 891
295 891
294 892
293 892
292 892
291 892
290 892
289 892
288 893
287 893
286 893
285 893
284 894
283 894
282 894
281 894
280 895
279 895
278 895
277 895
276 896
275 896
274 896
273 896
272 896
271 896
270 897
269 897
268 898
267 899
266 899
266 900
265 901
264 901
264 902
263 903
262 903
262 904
261 905
260 905
260 906
259 907
258 907
258 908
257 909
256 910
255 911
254 912
254 913
253 914
253 915
252 916
252 917
251 918
251 919
251 920
251 921
252 922
252 923
252 924
252 925
253 926
254 927
254 928
254 929
255 930
255 931
256 932
256 933
257 934
257 935
258 936
258 937
259 938
259 939
259 940
259 941
260 942
260 943
260 944
260 945
261 946
262 947
262 948
262 949
263 950
264 951
264 952
264 953
265 954
266 955
266 956
266 957
267 958
268 959
268 960
268 961
269 962
270 963
270 964
270 965
271 966
272 967
273 968
274 969
274 970
275 970
276 971
276 972
277 972
278 973
278 974
279 974
280 975
280 976
281 976
282 977
282 978
283 978
284 979
285 980
286 981
287 982
288 982
289 982
290 982
291 983
292 983
293 984
294 984
295 984
296 984
297 985
298 985
299 986
300 986
301 986
302 987
303 988
304 988
305 988
306 989
307 990
308 990
309 990
310 991
311 992
312 992
313 992
314 993
315 994
316 994
317 994
318 995
319 996
320 996
321 996
322 996
323 997
324 997
325 998
326 998
327 998
328 998
329 999
330 999
331 1000
332 1000
333 1000
334 1000
335 1001
336 1001
337 1002
338 1002
339 1002
340 1003
341 1004
342 1004
343 1004
344 1004
345 1005
346 1005
347 1005
348 1005
349 1005
350 1005
351 1005
352 1005
353 1006
354 1006
355 1006
356 1006
357 1007
358 1007
359 1008
360 1008
361 1008
362 1008
363 1009
364 1009
365 1009
366 1009
367 1009
368 1009
369 1010
370 1010
371 1010
372 1010
373 1011
374 1011
375 1011
376 1011
377 1011
378 1011
379 1012
380 1012
381 1012
382 1013
383 1014
384 1014
385 1014
386 1014
387 1015
388 1015
389 1016
390 1016
391 1016
392 1016
393 1017
394 1017
395 1017
396 1017
397 1017
398 1017
399 1018
400 1018
401 1018
402 1018
403 1019
404 1019
405 1019
406 1019
407 1019
408 1019
409 1019
410 1019
411 1019
412 1019
413 1019
414 1019
415 1019
416 1019
417 1019
418 1019
419 1019
420 1019
421 1019
422 1019
423 1019
424 1019
425 1019
426 1019
427 1019
428 1019
429 1019
430 1019
431 1019
432 1019
433 1019
434 1019
435 1019
436 1019
437 1019
438 1019
439 1019
440 1019
441 1019
442 1019
443 1019
444 1019
445 1019
446 1019
447 1018
448 1018
449 1018
450 1018
451 1017
452 1016
453 1016
454 1016
455 1015
456 1015
457 1015
458 1015
459 1015
460 1015
461 1015
462 1015
463 1015
464 1015
465 1015
466 1015
467 1015
468 1015
469 1016
470 1016
471 1016
472 1017
473 1018
474 1018
475 1018
476 1018
477 1019
478 1019
479 1019
480 1019
481 1019
482 1019
483 1019
484 1019
485 1018
486 1018
487 1017
488 1017
489 1016
490 1016
491 1015
492 1015
493 1015
494 1015
495 1015
496 1015
497 1016
498 1016
499 1016
500 1016
501 1017
502 1017
503 1017
504 1017
505 1017
506 1017
507 1017
508 1017
509 1017
510 1017
511 1017
512 1017
513 1017
514 1017
515 1017
516 1017
517 1017
518 1017
519 1017
520 1017
521 1017
522 1017
523 1017
524 1017
525 1017
526 1017
527 1017
528 1017
529 1017
530 1017
531 1017
532 1017
533 1017
534 1017
535 1017
536 1017
537 1017
538 1017
539 1017
540 1017
541 1017
542 1017
543 1018
544 1018
545 1018
546 1018
547 1019
548 1019
549 1019
550 1019
551 1019
552 1019
553 1019
554 1019
555 1019
556 1019
557 1019
558 1019
559 1019
560 1019
561 1019
562 1019
563 1019
564 1019
565 1019
566 1019
567 1019
568 1019
569 1019
570 1019
571 1019
572 1019
573 1019
574 1019
575 1019
576 1019
577 1019
578 1019
579 1019
580 1019
581 1019
582 1019
583 1019
584 1019
585 1019
586 1019
587 1019
588 1019
589 1019
590 1019
591 1019
592 1019
593 1019
594 1019
595 1019
596 1019
597 1019
598 1019
599 1019
600 1019
601 1019
602 1019
603 1019
604 1019
605 1019
606 1019
607 1019
608 1019
609 1019
610 1019
611 1019
612 1019
613 1019
614 1019
615 1019
616 1019
617 1019
618 1019
619 1019
620 1019
621 1019
622 1019
623 1019
624 1019
625 1019
626 1019
627 1019
628 1019
629 1018
630 1018
631 1018
632 1018
633 1017
634 1017
635 1017
636 1017
637 1016
638 1016
639 1016
640 1016
641 1015
642 1015
643 1015
644 1015
645 1014
646 1014
647 1014
648 1014
649 1013
650 1013
651 1013
652 1013
653 1012
654 1012
655 1012
656 1012
657 1011
658 1011
659 1010
660 1010
661 1010
662 1010
663 1010
664 1010
665 1010
666 1010
667 1011
668 1011
669 1011
670 1011
671 1010
672 1010
673 1010
674 1010
675 1009
676 1008
677 1007
677 1006
678 1005
678 1004
679 1003
679 1002
680 1001
681 1000
681 999
682 998
683 998
683 997
684 996
685 996
686 995
687 994
688 994
689 993
690 992
691 991
692 990
693 990
693 989
694 988
695 988
695 987
696 986
697 986
697 985
698 984
699 984
699 983
700 982
701 982
701 981
702 980
703 980
703 979
704 978
705 977
706 976
707 975
707 974
708 973
708 972
709 971
710 970
711 969
711 968
711 967
711 966
712 965
712 964
713 963
713 962
713 961
713 960
714 959
714 958
715 957
715 956
715 955
716 954
717 953
717 952
717 951
717 950
718 949
718 948
718 947
718 946
719 945
719 944
719 943
719 942
720 941
720 940
721 939
721 938
721 937
721 936
722 935
722 934
723 933
723 932
723 931
724 930
725 929
725 928
725 927
726 926
727 925
727 924
727 923
728 922
729 921
729 920
730 919
730 918
731 917
731 916
732 915
732 914
732 913
732 912
732 911
732 910
732 909
732 908
732 907
732 906
732 905
732 904
732 903
732 902
731 901
731 900
730 899
729 898
729 897
728 897
727 896
727 895
726 895
725 894
725 893
724 893
723 892
723 891
722 891
721 890
721 889
720 889
719 888
719 887
718 887
717 886
717 885
716 885
715 884
715 883
714 883
713 882
713 881
712 880
711 879
711 878
710 877
709 876
708 875
707 874
707 873
706 873
705 872
705 871
704 871
703 870
702 869
701 868
700 867
699 867
698 867
697 867
696 866
695 866
694 865
693 865
692 864
691 864
690 863
689 863
688 862
687 862
686 861
685 861
684 861
683 860
682 859
681 859
680 858
679 858
678 857
677 857
676 856
675 856
674 856
673 856
672 856
671 856
670 855
669 855
668 854
667 854
666 853
665 852
664 851
663 851
662 851
661 851
660 850
659 850
658 850
657 850
656 850
655 850
654 850
653 850
652 850
651 850
650 850
649 850
648 850
647 850
646 849
645 849
644 848
643 848
642 847
641 847
640 846
639 846
638 846
637 846
636 846
635 846
634 845
633 845
632 845
631 845
630 844
629 844
628 843
627 843
626 843
625 843
624 842
623 842
622 842
621 842
620 842
619 842
618 842
617 842
616 842
615 842
614 842
613 842
612 842
611 842
610 842
609 842
608 841
607 841
606 841
605 841
604 840
603 840
602 839
601 839
600 839
599 839
598 838
597 838
596 838
595 838
594 838
593 838
592 838
591 838
590 838
589 838
588 838
587 838
586 838
585 838
584 838
583 838
582 838
581 838
580 838
579 838
578 838
577 838
576 838
575 838
574 838
573 838
572 838
571 838
570 838
569 838
568 838
567 838
566 838
565 838
564 838
563 838
562 838
561 838
