477 4269
476 4270
475 4270
474 4270
473 4270
472 4271
471 4271
470 4271
469 4271
468 4271
467 4271
466 4271
465 4271
464 4271
463 4271
462 4271
461 4271
460 4271
459 4271
458 4271
457 4271
456 4271
455 4271
454 4271
453 4271
452 4271
451 4271
450 4271
449 4271
448 4271
447 4271
446 4271
445 4271
444 4271
443 4271
442 4271
441 4271
440 4271
439 4271
438 4271
437 4271
436 4271
435 4271
434 4272
433 4272
432 4272
431 4272
430 4273
429 4273
428 4273
427 4273
426 4273
425 4273
424 4273
423 4273
422 4273
421 4273
420 4274
419 4274
418 4275
417 4275
416 4276
415 4276
414 4277
413 4278
412 4278
411 4278
410 4279
409 4279
408 4279
407 4279
406 4279
405 4279
404 4279
403 4279
402 4280
401 4280
400 4280
399 4280
398 4281
397 4281
396 4282
395 4282
394 4282
393 4282
392 4283
391 4283
390 4283
389 4283
388 4284
387 4284
386 4284
385 4284
384 4285
383 4286
382 4286
381 4286
380 4287
379 4288
378 4289
377 4289
376 4290
375 4290
374 4291
373 4292
372 4292
371 4292
370 4293
369 4293
368 4293
367 4293
366 4293
365 4293
364 4294
363 4294
362 4294
361 4294
360 4295
359 4295
358 4296
357 4296
356 4296
355 4296
354 4297
353 4298
352 4298
351 4298
350 4299
349 4300
348 4301
347 4301
346 4302
345 4302
344 4303
343 4304
342 4305
341 4305
340 4306
339 4306
338 4307
337 4307
336 4308
335 4308
334 4309
333 4310
332 4310
332 4311
331 4312
330 4313
330 4314
329 4315
329 4316
329 4317
329 4318
329 4319
329 4320
329 4321
329 4322
329 4323
329 4324
328 4325
328 4326
328 4327
328 4328
327 4329
327 4330
327 4331
327 4332
326 4333
326 4334
326 4335
325 4336
324 4337
324 4338
324 4339
323 4340
322 4341
322 4342
322 4343
321 4344
320 4345
320 4346
319 4347
318 4348
318 4349
317 4350
316 4350
316 4351
315 4352
314 4353
313 4354
312 4355
312 4356
311 4357
310 4358
310 4359
309 4360
308 4361
308 4362
307 4363
307 4364
307 4365
307 4366
307 4367
307 4368
307 4369
307 4370
307 4371
307 4372
308 4373
308 4374
309 4375
310 4376
310 4377
311 4377
312 4378
312 4379
313 4379
314 4380
315 4381
316 4381
317 4382
318 4382
319 4382
320 4382
321 4382
322 4382
323 4382
324 4382
325 4382
326 4382
327 4382
328 4382
329 4383
330 4383
331 4383
332 4383
333 4384
334 4384
335 4384
336 4384
337 4385
338 4385
339 4386
340 4386
341 4387
342 4387
343 4388
344 4388
345 4389
346 4389
347 4389
348 4390
349 4391
350 4391
351 4391
352 4391
353 4392
354 4392
355 4392
356 4392
357 4393
358 4393
359 4394
360 4395
361 4395
362 4396
363 4397
364 4397
365 4398
366 4398
367 4398
368 4398
369 4399
370 4399
371 4400
372 4400
373 4401
374 4402
375 4403
376 4403
377 4404
378 4404
379 4405
380 4405
381 4406
382 4406
383 4406
384 4406
385 4407
386 4407
387 4407
388 4408
389 4409
390 4409
391 4410
392 4410
393 4411
394 4412
395 4413
396 4413
397 4414
398 4415
399 4415
400 4416
401 4417
402 4417
403 4418
404 4418
405 4419
406 4419
407 4419
408 4419
409 4420
410 4420
411 4421
412 4421
413 4422
414 4422
415 4423
416 4423
417 4424
418 4424
419 4424
420 4424
421 4424
422 4424
423 4424
424 4424
425 4424
426 4424
427 4425
428 4425
429 4426
430 4427
431 4427
432 4428
432 4429
433 4429
434 4430
434 4431
435 4431
436 4432
437 4433
438 4433
439 4434
440 4434
441 4435
442 4435
443 4435
444 4435
445 4436
446 4436
447 4436
448 4436
449 4436
450 4436
451 4436
452 4436
453 4436
454 4436
455 4436
456 4436
457 4437
458 4437
459 4437
460 4437
461 4438
462 4438
463 4438
464 4438
465 4438
466 4438
467 4438
468 4438
469 4438
470 4438
471 4438
472 4438
473 4438
474 4438
475 4438
476 4438
477 4438
478 4438
479 4438
480 4438
481 4439
482 4439
483 4439
484 4439
485 4440
486 4440
487 4440
488 4440
489 4440
490 4440
491 4440
492 4440
493 4440
494 4440
495 4440
496 4440
497 4440
498 4440
499 4440
500 4440
501 4440
502 4440
503 4440
504 4440
505 4439
506 4439
507 4439
508 4439
509 4438
510 4438
511 4437
512 4437
513 4436
514 4436
515 4435
516 4435
517 4434
518 4434
519 4434
520 4434
521 4434
522 4434
523 4434
524 4434
525 4434
526 4434
527 4434
528 4434
529 4433
530 4433
531 4433
532 4433
533 4432
534 4432
535 4431
536 4431
537 4431
538 4431
539 4430
540 4430
541 4430
542 4430
543 4430
544 4430
545 4429
546 4429
547 4428
548 4427
549 4427
550 4426
551 4425
552 4425
553 4424
554 4423
555 4422
556 4422
557 4421
558 4421
559 4420
560 4420
561 4419
562 4419
563 4419
564 4419
565 4418
566 4418
567 4418
568 4418
569 4418
570 4418
571 4418
572 4418
573 4418
574 4418
575 4418
576 4418
577 4418
578 4418
579 4418
580 4418
581 4418
582 4418
583 4418
584 4418
585 4417
586 4417
587 4416
588 4415
589 4415
589 4414
590 4413
591 4413
591 4412
592 4411
593 4411
593 4410
594 4409
595 4409
595 4408
596 4407
597 4406
597 4405
598 4404
598 4403
599 4402
599 4401
599 4400
600 4399
601 4398
601 4397
602 4396
603 4395
604 4395
605 4394
606 4394
607 4394
608 4394
609 4394
610 4394
611 4394
612 4394
613 4393
614 4393
615 4393
616 4393
617 4392
618 4392
619 4392
620 4392
621 4391
622 4391
623 4391
624 4391
625 4390
626 4390
627 4390
628 4390
629 4390
630 4390
631 4389
632 4389
633 4388
633 4387
634 4386
634 4385
634 4384
634 4383
634 4382
634 4381
635 4380
635 4379
635 4378
635 4377
636 4376
636 4375
636 4374
636 4373
637 4372
637 4371
637 4370
637 4369
638 4368
638 4367
638 4366
638 4365
639 4364
639 4363
639 4362
639 4361
640 4360
640 4359
640 4358
640 4357
641 4356
641 4355
641 4354
641 4353
642 4352
642 4351
643 4350
643 4349
643 4348
643 4347
644 4346
644 4345
644 4344
644 4343
644 4342
644 4341
644 4340
644 4339
644 4338
644 4337
644 4336
644 4335
644 4334
644 4333
644 4332
644 4331
644 4330
644 4329
644 4328
644 4327
644 4326
644 4325
644 4324
644 4323
643 4322
643 4321
642 4320
641 4319
641 4318
640 4318
639 4317
638 4316
637 4316
636 4315
635 4315
634 4314
633 4314
632 4313
631 4312
630 4312
629 4311
629 4310
628 4309
627 4308
627 4307
626 4306
625 4305
624 4304
623 4303
623 4302
622 4302
621 4301
621 4300
620 4300
619 4299
618 4298
617 4298
616 4297
615 4297
614 4297
613 4297
612 4296
611 4296
610 4296
609 4295
608 4294
607 4294
606 4293
605 4292
604 4292
603 4291
603 4290
602 4290
601 4289
601 4288
600 4288
599 4287
598 4286
597 4286
596 4285
595 4285
594 4284
593 4284
592 4283
591 4283
590 4282
589 4282
588 4281
587 4281
586 4281
585 4281
584 4281
583 4281
582 4281
581 4281
580 4281
579 4281
578 4281
577 4281
576 4281
575 4281
574 4280
573 4280
572 4279
571 4279
570 4278
569 4278
568 4277
567 4277
566 4276
565 4276
564 4276
563 4276
562 4275
561 4275
560 4274
559 4274
558 4274
557 4273
556 4272
555 4272
554 4272
553 4271
552 4270
551 4270
550 4270
549 4270
548 4269
547 4269
546 4269
545 4269
544 4270
543 4270
542 4270
541 4270
540 4271
539 4271
538 4271
537 4271
536 4271
535 4271
534 4270
533 4270
532 4270
531 4270
530 4269
529 4269
528 4269
527 4269
526 4269
525 4269
524 4269
523 4269
522 4269
521 4269
520 4269
519 4269
518 4269
517 4269
516 4269
515 4269
514 4269
513 4269
512 4269
511 4269
510 4269
509 4269
508 4269
507 4269
506 4269
505 4269
504 4269
503 4269
502 4269
501 4269
500 4269
499 4269
498 4269
497 4269
496 4269
495 4269
494 4269
493 4269
492 4269
491 4269
490 4269
489 4269
488 4269
487 4269
486 4269
485 4269
484 4269
483 4269
482 4269
481 4269
480 4269
479 4269
478 4269
477 4269
