885 2393
884 2394
883 2394
882 2394
881 2394
880 2395
879 2395
878 2396
877 2396
876 2396
875 2396
874 2397
873 2397
872 2397
871 2397
870 2397
869 2397
868 2397
867 2397
866 2397
865 2397
864 2397
863 2397
862 2397
861 2397
860 2397
859 2397
858 2397
857 2397
856 2397
855 2397
854 2397
853 2397
852 2397
851 2397
850 2397
849 2397
848 2397
847 2397
846 2397
845 2397
844 2397
843 2397
842 2397
841 2397
840 2398
839 2398
838 2399
837 2399
836 2400
835 2400
834 2401
833 2401
832 2401
831 2401
830 2401
829 2401
828 2401
827 2401
826 2401
825 2401
824 2401
823 2401
822 2402
821 2402
820 2402
819 2402
818 2403
817 2403
816 2403
815 2403
814 2403
813 2403
812 2404
811 2404
810 2404
809 2404
808 2405
807 2405
806 2406
805 2406
804 2406
803 2406
802 2407
801 2408
800 2408
799 2408
798 2409
797 2409
796 2409
795 2409
794 2409
793 2409
792 2409
791 2409
790 2410
789 2410
788 2410
787 2410
786 2411
785 2411
784 2412
783 2412
782 2412
781 2412
780 2413
779 2413
778 2414
777 2414
776 2415
775 2415
774 2416
773 2416
772 2417
771 2417
770 2417
769 2417
768 2417
767 2417
766 2418
765 2418
764 2418
763 2418
762 2419
761 2419
760 2419
759 2419
758 2420
757 2420
756 2421
755 2421
754 2422
753 2422
752 2423
751 2423
750 2423
749 2423
748 2424
747 2424
746 2424
745 2424
744 2425
743 2426
742 2427
741 2428
740 2428
740 2429
739 2430
738 2430
737 2431
736 2432
735 2432
734 2433
733 2434
732 2434
731 2434
730 2435
729 2436
728 2436
727 2436
726 2437
725 2438
724 2439
723 2440
722 2440
722 2441
721 2442
720 2442
720 2443
719 2444
718 2444
718 2445
717 2446
716 2446
716 2447
715 2448
714 2449
713 2450
712 2451
712 2452
711 2453
710 2454
710 2455
709 2456
708 2456
708 2457
707 2458
706 2458
706 2459
705 2460
704 2460
704 2461
703 2462
702 2462
702 2463
701 2464
700 2464
700 2465
699 2466
698 2466
698 2467
697 2468
696 2468
696 2469
695 2470
694 2470
694 2471
693 2472
692 2472
692 2473
691 2474
690 2474
690 2475
689 2476
688 2476
688 2477
687 2478
686 2478
686 2479
685 2480
684 2480
684 2481
683 2482
682 2482
682 2483
681 2484
680 2485
680 2486
679 2487
679 2488
679 2489
679 2490
678 2491
678 2492
677 2493
677 2494
676 2495
676 2496
675 2497
675 2498
675 2499
675 2500
674 2501
674 2502
674 2503
673 2504
672 2505
672 2506
672 2507
672 2508
671 2509
671 2510
671 2511
671 2512
671 2513
671 2514
671 2515
671 2516
671 2517
671 2518
670 2519
670 2520
670 2521
670 2522
669 2523
669 2524
669 2525
669 2526
669 2527
669 2528
668 2529
668 2530
667 2531
666 2532
666 2533
665 2534
664 2534
664 2535
663 2536
662 2536
662 2537
661 2538
660 2538
660 2539
659 2540
658 2540
658 2541
657 2542
656 2543
655 2544
654 2545
654 2546
654 2547
654 2548
653 2549
653 2550
653 2551
653 2552
652 2553
652 2554
651 2555
651 2556
650 2557
649 2558
648 2559
648 2560
648 2561
648 2562
647 2563
647 2564
647 2565
647 2566
647 2567
647 2568
646 2569
646 2570
645 2571
645 2572
644 2573
644 2574
643 2575
643 2576
643 2577
643 2578
643 2579
643 2580
643 2581
643 2582
644 2583
644 2584
645 2585
646 2586
646 2587
647 2587
648 2588
649 2589
650 2590
651 2591
652 2591
653 2592
654 2593
655 2594
656 2595
656 2596
657 2597
657 2598
657 2599
657 2600
658 2601
658 2602
659 2603
659 2604
660 2605
660 2606
661 2607
662 2608
663 2609
663 2610
664 2611
664 2612
665 2613
666 2614
667 2615
667 2616
668 2617
668 2618
669 2619
670 2620
670 2621
670 2622
671 2623
671 2624
671 2625
671 2626
671 2627
671 2628
671 2629
671 2630
672 2631
672 2632
673 2633
674 2634
674 2635
675 2635
676 2636
677 2637
678 2637
679 2638
680 2638
681 2638
682 2638
683 2638
684 2638
685 2639
686 2639
687 2639
688 2639
689 2640
690 2640
691 2640
692 2640
693 2640
694 2640
695 2640
696 2640
697 2640
698 2640
699 2640
700 2640
701 2639
702 2639
703 2639
704 2639
705 2638
706 2638
707 2638
708 2638
709 2638
710 2638
711 2638
712 2638
713 2638
714 2638
715 2638
716 2638
717 2638
718 2638
719 2638
720 2638
721 2638
722 2638
723 2638
724 2638
725 2638
726 2638
727 2638
728 2638
729 2638
730 2638
731 2637
732 2637
733 2637
734 2637
735 2636
736 2636
737 2636
738 2636
739 2636
740 2636
741 2636
742 2636
743 2636
744 2636
745 2636
746 2636
747 2636
748 2636
749 2636
750 2636
751 2636
752 2636
753 2636
754 2636
755 2636
756 2636
757 2636
758 2636
759 2636
760 2636
761 2636
762 2636
763 2636
764 2636
765 2636
766 2636
767 2636
768 2636
769 2636
770 2636
771 2637
772 2637
773 2637
774 2637
775 2638
776 2638
777 2638
778 2638
779 2638
780 2638
781 2638
782 2638
783 2638
784 2638
785 2638
786 2638
787 2638
788 2638
789 2639
790 2639
791 2639
792 2639
793 2640
794 2640
795 2640
796 2640
797 2640
798 2640
799 2640
800 2640
801 2640
802 2640
803 2640
804 2640
805 2640
806 2640
807 2640
808 2640
809 2640
810 2640
811 2640
812 2640
813 2640
814 2640
815 2640
816 2640
817 2640
818 2640
819 2640
820 2640
821 2640
822 2640
823 2640
824 2640
825 2640
826 2640
827 2640
828 2640
829 2640
830 2640
831 2640
832 2640
833 2640
834 2640
835 2640
836 2640
837 2639
838 2639
839 2639
840 2639
841 2638
842 2638
843 2638
844 2638
845 2638
846 2638
847 2638
848 2638
849 2637
850 2637
851 2637
852 2637
853 2636
854 2635
855 2635
856 2635
857 2634
858 2634
859 2634
860 2634
861 2633
862 2633
863 2633
864 2633
865 2632
866 2632
867 2631
868 2631
869 2631
870 2631
871 2630
872 2630
873 2630
874 2630
875 2629
876 2629
877 2629
878 2629
879 2628
880 2628
881 2627
882 2627
883 2627
884 2627
885 2626
886 2626
887 2626
888 2626
889 2626
890 2626
891 2626
892 2626
893 2626
894 2626
895 2626
896 2626
897 2626
898 2626
899 2625
900 2625
901 2625
902 2625
903 2624
904 2624
905 2624
906 2624
907 2624
908 2624
909 2624
910 2624
911 2623
912 2623
913 2623
914 2623
915 2622
916 2622
917 2622
918 2622
919 2622
920 2622
921 2622
922 2622
923 2622
924 2622
925 2622
926 2622
927 2622
928 2622
929 2622
930 2622
931 2622
932 2622
933 2622
934 2622
935 2622
936 2622
937 2622
938 2622
939 2622
940 2622
941 2622
942 2622
943 2622
944 2622
945 2622
946 2622
947 2622
948 2622
949 2622
950 2622
951 2622
952 2622
953 2621
954 2620
955 2620
956 2619
957 2618
958 2618
959 2618
960 2618
961 2618
962 2618
963 2618
964 2618
965 2617
966 2617
967 2616
968 2615
969 2615
970 2614
971 2613
972 2613
973 2612
974 2612
975 2612
976 2612
977 2612
978 2612
979 2612
980 2612
981 2612
982 2612
983 2612
984 2612
985 2612
986 2612
987 2611
988 2611
989 2611
990 2611
991 2610
992 2610
993 2610
994 2610
995 2610
996 2610
997 2609
998 2609
999 2609
1000 2609
1001 2608
1002 2608
1003 2608
1004 2608
1005 2608
1006 2608
1007 2608
1008 2608
1009 2608
1010 2608
1011 2608
1012 2608
1013 2607
1014 2607
1015 2607
1016 2607
1017 2606
1018 2606
1019 2606
1020 2606
1021 2606
1022 2606
1023 2606
1024 2606
1025 2605
1026 2605
1027 2605
1028 2605
1029 2604
1030 2604
1031 2604
1032 2604
1033 2604
1034 2604
1035 2604
1036 2604
1037 2604
1038 2604
1039 2605
1040 2605
1041 2605
1042 2605
1043 2606
1044 2606
1045 2606
1046 2606
1047 2606
1048 2606
1049 2606
1050 2606
1051 2606
1052 2606
1053 2606
1054 2606
1055 2606
1056 2606
1057 2606
1058 2606
1059 2606
1060 2606
1061 2605
1062 2605
1063 2605
1064 2605
1065 2604
1066 2604
1067 2604
1068 2604
1069 2604
1070 2604
1071 2604
1072 2604
1073 2603
1074 2603
1075 2603
1076 2603
1077 2602
1078 2602
1079 2601
1080 2601
1081 2601
1082 2601
1083 2600
1084 2599
1085 2598
1086 2597
1087 2597
1087 2596
1088 2595
1089 2595
1089 2594
1090 2593
1091 2593
1091 2592
1092 2591
1093 2590
1093 2589
1094 2588
1094 2587
1094 2586
1094 2585
1094 2584
1094 2583
1094 2582
1094 2581
1094 2580
1094 2579
1095 2578
1095 2577
1096 2576
1096 2575
1097 2574
1097 2573
1098 2572
1098 2571
1098 2570
1098 2569
1099 2568
1099 2567
1099 2566
1099 2565
1100 2564
1100 2563
1100 2562
1100 2561
1100 2560
1100 2559
1101 2558
1101 2557
1101 2556
1101 2555
1102 2554
1102 2553
1102 2552
1102 2551
1102 2550
1102 2549
1103 2548
1103 2547
1103 2546
1103 2545
1104 2544
1104 2543
1105 2542
1105 2541
1105 2540
1105 2539
1106 2538
1106 2537
1106 2536
1106 2535
1106 2534
1106 2533
1106 2532
1106 2531
1106 2530
1106 2529
1107 2528
1107 2527
1107 2526
1107 2525
1108 2524
1108 2523
1107 2522
1107 2521
1107 2520
1107 2519
1106 2518
1105 2517
1105 2516
1105 2515
1104 2514
1104 2513
1104 2512
1104 2511
1104 2510
1104 2509
1104 2508
1104 2507
1105 2506
1105 2505
1106 2504
1107 2503
1107 2502
1108 2501
1109 2501
1109 2500
1110 2499
1111 2499
1111 2498
1112 2497
1113 2497
1113 2496
1114 2495
1115 2494
1115 2493
1116 2492
1116 2491
1117 2490
1117 2489
1117 2488
1117 2487
1118 2486
1118 2485
1118 2484
1118 2483
1118 2482
1118 2481
1118 2480
1118 2479
1118 2478
1118 2477
1118 2476
1118 2475
1117 2474
1117 2473
1117 2472
1117 2471
1116 2470
1115 2469
1115 2468
1115 2467
1114 2466
1113 2465
1112 2464
1111 2463
1110 2462
1109 2461
1108 2460
1107 2460
1106 2459
1105 2459
1104 2458
1103 2457
1102 2456
1101 2456
1100 2456
1099 2456
1098 2455
1097 2455
1096 2454
1095 2454
1094 2454
1093 2454
1092 2453
1091 2453
1090 2453
1089 2453
1088 2453
1087 2453
1086 2453
1085 2453
1084 2453
1083 2453
1082 2453
1081 2453
1080 2453
1079 2453
1078 2453
1077 2453
1076 2453
1075 2453
1074 2452
1073 2452
1072 2452
1071 2451
1070 2450
1069 2450
1068 2450
1067 2450
1066 2449
1065 2449
1064 2448
1063 2448
1062 2447
1061 2447
1060 2446
1059 2446
1058 2445
1057 2445
1056 2445
1055 2445
1054 2444
1053 2444
1052 2444
1051 2444
1050 2443
1049 2443
1048 2443
1047 2443
1046 2443
1045 2443
1044 2443
1043 2443
1042 2443
1041 2443
1040 2442
1039 2442
1038 2442
1037 2442
1036 2441
1035 2441
1034 2441
1033 2441
1032 2441
1031 2441
1030 2440
1029 2440
1028 2440
1027 2440
1026 2439
1025 2439
1024 2439
1023 2439
1022 2438
1021 2438
1020 2438
1019 2438
1018 2437
1017 2437
1016 2437
1015 2437
1014 2437
1013 2437
1012 2436
1011 2436
1010 2436
1009 2435
1008 2434
1007 2434
1006 2434
1005 2433
1004 2432
1003 2432
1002 2432
1001 2431
1000 2430
999 2430
998 2430
997 2429
996 2428
995 2428
994 2428
993 2428
992 2427
991 2427
990 2427
989 2427
988 2426
987 2426
986 2426
985 2425
984 2424
983 2424
982 2424
981 2423
980 2422
979 2422
978 2422
977 2422
976 2421
975 2421
974 2421
973 2421
972 2420
971 2420
970 2420
969 2420
968 2419
967 2419
966 2418
965 2418
964 2418
963 2417
962 2416
961 2416
960 2416
959 2416
958 2415
957 2415
956 2415
955 2415
954 2414
953 2414
952 2414
951 2413
950 2412
949 2412
948 2411
947 2410
946 2410
945 2409
944 2408
943 2408
942 2407
941 2407
940 2406
939 2406
938 2406
937 2405
936 2404
935 2404
934 2404
933 2404
932 2403
931 2403
930 2403
929 2403
928 2403
927 2403
926 2403
925 2403
924 2403
923 2403
922 2403
921 2403
920 2403
919 2403
918 2403
917 2403
916 2402
915 2402
914 2402
913 2402
912 2401
911 2401
910 2400
909 2400
908 2399
907 2398
906 2398
905 2397
905 2396
904 2396
903 2395
902 2394
901 2394
900 2393
899 2393
898 2393
897 2393
896 2393
895 2393
894 2393
893 2393
892 2393
891 2393
890 2393
889 2393
888 2393
887 2393
886 2393
885 2393
