1709 3743
1708 3744
1707 3744
1706 3745
1705 3746
1704 3747
1703 3748
1702 3749
1702 3750
1702 3751
1702 3752
1701 3753
1701 3754
1701 3755
1701 3756
1701 3757
1701 3758
1701 3759
1701 3760
1701 3761
1701 3762
1701 3763
1701 3764
1701 3765
1701 3766
1701 3767
1701 3768
1701 3769
1701 3770
1701 3771
1701 3772
1701 3773
1701 3774
1702 3775
1702 3776
1703 3777
1704 3778
1704 3779
1705 3780
1706 3781
1706 3782
1707 3783
1708 3784
1709 3785
1710 3786
1710 3787
1711 3787
1712 3788
1712 3789
1713 3789
1714 3790
1714 3791
1715 3791
1716 3792
1716 3793
1717 3793
1718 3794
1718 3795
1719 3795
1720 3796
1720 3797
1721 3797
1722 3798
1723 3799
1724 3800
1725 3801
1726 3801
1727 3801
1728 3801
1729 3802
1730 3802
1731 3803
1732 3803
1733 3804
1734 3805
1735 3806
1736 3807
1736 3808
1737 3809
1737 3810
1737 3811
1737 3812
1738 3813
1738 3814
1739 3815
1740 3816
1740 3817
1741 3817
1742 3818
1742 3819
1743 3819
1744 3820
1744 3821
1745 3822
1746 3823
1746 3824
1747 3825
1748 3826
1749 3827
1750 3828
1750 3829
1751 3829
1752 3830
1752 3831
1753 3831
1754 3832
1754 3833
1755 3833
1756 3834
1756 3835
1757 3835
1758 3836
1759 3837
1760 3838
1761 3839
1762 3839
1763 3839
1764 3839
1765 3840
1766 3840
1767 3841
1768 3841
1769 3842
1770 3842
1771 3843
1772 3844
1773 3845
1774 3845
1775 3846
1776 3846
1777 3847
1778 3847
1779 3848
1780 3848
1781 3849
1782 3849
1783 3849
1784 3850
1785 3851
1786 3851
1787 3851
1788 3852
1789 3853
1790 3853
1791 3854
1792 3854
1793 3855
1794 3856
1795 3857
1796 3857
1797 3857
1798 3858
1799 3859
1800 3859
1801 3859
1802 3859
1803 3860
1804 3860
1805 3861
1806 3861
1807 3862
1808 3862
1809 3863
1810 3863
1811 3864
1812 3864
1813 3865
1814 3865
1815 3865
1816 3866
1817 3867
1818 3867
1819 3867
1820 3868
1821 3869
1822 3869
1823 3869
1824 3870
1825 3871
1826 3871
1827 3871
1828 3871
1829 3872
1830 3872
1831 3873
1832 3873
1833 3873
1834 3873
1835 3874
1836 3874
1837 3874
1838 3874
1839 3874
1840 3874
1841 3874
1842 3874
1843 3874
1844 3874
1845 3874
1846 3874
1847 3875
1848 3875
1849 3875
1850 3875
1851 3876
1852 3876
1853 3877
1854 3877
1855 3878
1856 3879
1856 3880
1857 3881
1858 3882
1859 3883
1860 3884
1861 3885
1862 3885
1863 3886
1864 3886
1865 3887
1866 3887
1867 3887
1868 3887
1869 3888
1870 3888
1871 3889
1872 3889
1873 3889
1874 3890
1875 3891
1876 3891
1877 3891
1878 3891
1879 3892
1880 3892
1881 3892
1882 3892
1883 3892
1884 3892
1885 3891
1886 3891
1887 3891
1888 3891
1889 3890
1890 3890
1891 3890
1892 3890
1893 3890
1894 3890
1895 3891
1896 3891
1897 3891
1898 3891
1899 3892
1900 3892
1901 3893
1902 3893
1903 3894
1904 3894
1905 3895
1906 3896
1907 3897
1908 3897
1909 3897
1910 3898
1911 3899
1912 3899
1913 3900
1914 3900
1915 3901
1916 3901
1917 3902
1918 3902
1919 3903
1920 3903
1921 3903
1922 3903
1923 3904
1924 3904
1925 3904
1926 3904
1927 3904
1928 3904
1929 3904
1930 3904
1931 3904
1932 3904
1933 3905
1934 3905
1935 3905
1936 3905
1937 3906
1938 3906
1939 3907
1940 3907
1941 3908
1942 3908
1943 3909
1944 3909
1945 3910
1946 3910
1947 3911
1948 3911
1949 3911
1950 3911
1951 3912
1952 3912
1953 3912
1954 3912
1955 3912
1956 3912
1957 3912
1958 3912
1959 3912
1960 3912
1961 3912
1962 3912
1963 3913
1964 3913
1965 3913
1966 3913
1967 3914
1968 3914
1969 3914
1970 3914
1971 3914
1972 3914
1973 3914
1974 3914
1975 3914
1976 3914
1977 3914
1978 3914
1979 3914
1980 3914
1981 3914
1982 3914
1983 3914
1984 3914
1985 3915
1986 3915
1987 3915
1988 3915
1989 3916
1990 3916
1991 3916
1992 3916
1993 3916
1994 3916
1995 3916
1996 3916
1997 3916
1998 3916
1999 3916
2000 3916
2001 3916
2002 3916
2003 3916
2004 3916
2005 3917
2006 3917
2007 3917
2008 3917
2009 3918
2010 3918
2011 3918
2012 3918
2013 3918
2014 3918
2015 3918
2016 3918
2017 3918
2018 3918
2019 3918
2020 3918
2021 3918
2022 3918
2023 3918
2024 3918
2025 3918
2026 3918
2027 3919
2028 3919
2029 3919
2030 3919
2031 3920
2032 3920
2033 3920
2034 3920
2035 3920
2036 3920
2037 3920
2038 3920
2039 3920
2040 3920
2041 3920
2042 3920
2043 3920
2044 3920
2045 3920
2046 3920
2047 3920
2048 3920
2049 3920
2050 3920
2051 3920
2052 3920
2053 3920
2054 3920
2055 3920
2056 3920
2057 3920
2058 3920
2059 3920
2060 3920
2061 3920
2062 3920
2063 3920
2064 3920
2065 3920
2066 3920
2067 3920
2068 3920
2069 3920
2070 3920
2071 3920
2072 3920
2073 3920
2074 3920
2075 3920
2076 3920
2077 3920
2078 3920
2079 3920
2080 3920
2081 3920
2082 3920
2083 3920
2084 3920
2085 3920
2086 3920
2087 3920
2088 3920
2089 3920
2090 3920
2091 3920
2092 3920
2093 3920
2094 3920
2095 3920
2096 3920
2097 3920
2098 3920
2099 3920
2100 3920
2101 3920
2102 3920
2103 3920
2104 3920
2105 3920
2106 3920
2107 3920
2108 3920
2109 3920
2110 3920
2111 3920
2112 3920
2113 3920
2114 3920
2115 3920
2116 3920
2117 3920
2118 3920
2119 3920
2120 3920
2121 3920
2122 3920
2123 3920
2124 3920
2125 3920
2126 3920
2127 3920
2128 3920
2129 3920
2130 3920
2131 3920
2132 3920
2133 3920
2134 3920
2135 3919
2136 3919
2137 3919
2138 3919
2139 3918
2140 3918
2141 3918
2142 3918
2143 3918
2144 3918
2145 3917
2146 3917
2147 3917
2148 3917
2149 3916
2150 3916
2151 3916
2152 3916
2153 3915
2154 3915
2155 3914
2156 3913
2157 3913
2158 3912
2159 3911
2160 3911
2161 3910
2162 3909
2163 3909
2164 3909
2165 3908
2166 3907
2167 3907
2168 3907
2169 3906
2170 3905
2171 3905
2172 3905
2173 3904
2174 3903
2175 3903
2176 3903
2177 3902
2178 3901
2179 3900
2180 3900
2181 3899
2182 3899
2183 3898
2184 3898
2185 3897
2186 3897
2187 3896
2188 3895
2189 3895
2189 3894
2190 3893
2191 3893
2192 3892
2193 3891
2194 3891
2195 3890
2196 3890
2197 3889
2198 3889
2199 3888
2200 3888
2201 3887
2202 3887
2203 3886
2204 3885
2205 3885
2206 3885
2207 3884
2208 3884
2209 3883
2210 3883
2211 3882
2212 3882
2213 3881
2214 3881
2215 3880
2216 3880
2217 3880
2218 3880
2219 3879
2220 3879
2221 3878
2222 3878
2223 3877
2224 3877
2225 3876
2226 3876
2227 3876
2228 3876
2229 3876
2230 3876
2231 3876
2232 3876
2233 3875
2234 3875
2235 3875
2236 3875
2237 3874
2238 3874
2239 3873
2240 3873
2241 3873
2242 3873
2243 3872
2244 3872
2245 3872
2246 3872
2247 3872
2248 3872
2249 3872
2250 3872
2251 3872
2252 3872
2253 3871
2254 3871
2255 3871
2256 3871
2257 3870
2258 3870
2259 3869
2260 3869
2261 3869
2262 3869
2263 3868
2264 3868
2265 3868
2266 3868
2267 3867
2268 3867
2269 3866
2270 3866
2271 3865
2272 3865
2273 3864
2274 3863
2275 3863
2276 3863
2277 3862
2278 3862
2279 3862
2280 3862
2281 3862
2282 3862
2283 3862
2284 3862
2285 3861
2286 3861
2287 3861
2288 3861
2289 3860
2290 3860
2291 3859
2292 3859
2293 3859
2294 3859
2295 3858
2296 3857
2297 3856
2298 3855
2299 3855
2299 3854
2300 3853
2301 3852
2302 3851
2303 3850
2303 3849
2304 3848
2305 3847
2305 3846
2306 3845
2307 3845
2307 3844
2308 3843
2309 3843
2309 3842
2310 3841
2311 3841
2311 3840
2312 3839
2313 3839
2313 3838
2314 3837
2315 3837
2315 3836
2316 3835
2317 3834
2317 3833
2318 3832
2318 3831
2318 3830
2318 3829
2318 3828
2318 3827
2318 3826
2318 3825
2318 3824
2318 3823
2318 3822
2318 3821
2317 3820
2317 3819
2316 3818
2315 3817
2315 3816
2314 3816
2313 3815
2313 3814
2312 3814
2311 3813
2310 3812
2309 3811
2308 3810
2307 3810
2306 3810
2305 3809
2304 3808
2303 3808
2302 3808
2301 3808
2300 3807
2299 3807
2298 3807
2297 3807
2296 3806
2295 3806
2294 3806
2293 3806
2292 3805
2291 3805
2290 3805
2289 3805
2288 3805
2287 3805
2286 3804
2285 3804
2284 3804
2283 3803
2282 3802
2281 3802
2280 3802
2279 3801
2278 3800
2277 3800
2276 3800
2275 3800
2274 3799
2273 3799
2272 3799
2271 3799
2270 3799
2269 3799
2268 3799
2267 3799
2266 3800
2265 3800
2264 3800
2263 3800
2262 3801
2261 3801
2260 3801
2259 3801
2258 3801
2257 3801
2256 3801
2255 3801
2254 3801
2253 3801
2252 3801
2251 3801
2250 3801
2249 3801
2248 3800
2247 3800
2246 3800
2245 3799
2244 3798
2243 3798
2242 3798
2241 3797
2240 3796
2239 3796
2238 3795
2237 3795
2236 3794
2235 3793
2234 3792
2233 3792
2232 3792
2231 3791
2230 3790
2229 3790
2228 3789
2227 3789
2226 3788
2225 3788
2224 3787
2223 3787
2222 3787
2221 3787
2220 3787
2219 3787
2218 3787
2217 3787
2216 3787
2215 3787
2214 3787
2213 3787
2212 3786
2211 3786
2210 3785
2209 3784
2208 3784
2207 3783
2207 3782
2206 3782
2205 3781
2204 3780
2203 3780
2202 3779
2201 3779
2200 3779
2199 3779
2198 3779
2197 3779
2196 3779
2195 3779
2194 3779
2193 3779
2192 3779
2191 3779
2190 3779
2189 3779
2188 3779
2187 3779
2186 3780
2185 3780
2184 3781
2183 3781
2182 3782
2181 3782
2180 3783
2179 3783
2178 3783
2177 3783
2176 3782
2175 3782
2174 3782
2173 3782
2172 3781
2171 3781
2170 3781
2169 3781
2168 3780
2167 3780
2166 3780
2165 3780
2164 3779
2163 3779
2162 3778
2161 3778
2160 3778
2159 3778
2158 3777
2157 3777
2156 3777
2155 3777
2154 3777
2153 3777
2152 3777
2151 3777
2150 3776
2149 3776
2148 3776
2147 3776
2146 3775
2145 3775
2144 3775
2143 3775
2142 3775
2141 3775
2140 3774
2139 3774
2138 3773
2137 3773
2136 3772
2135 3772
2134 3771
2133 3771
2132 3771
2131 3771
2130 3771
2129 3771
2128 3771
2127 3771
2126 3771
2125 3771
2124 3770
2123 3770
2122 3770
2121 3770
2120 3769
2119 3769
2118 3768
2117 3768
2116 3767
2115 3767
2114 3766
2113 3766
2112 3765
2111 3765
2110 3765
2109 3765
2108 3764
2107 3764
2106 3764
2105 3764
2104 3763
2103 3763
2102 3763
2101 3763
2100 3762
2099 3762
2098 3761
2097 3761
2096 3760
2095 3760
2094 3759
2093 3759
2092 3759
2091 3759
2090 3758
2089 3758
2088 3758
2087 3758
2086 3757
2085 3757
2084 3757
2083 3757
2082 3757
2081 3757
2080 3758
2079 3758
2078 3758
2077 3758
2076 3759
2075 3759
2074 3759
2073 3759
2072 3759
2071 3759
2070 3759
2069 3759
2068 3758
2067 3758
2066 3758
2065 3758
2064 3757
2063 3757
2062 3758
2061 3758
2060 3758
2059 3758
2058 3759
2057 3759
2056 3760
2055 3760
2054 3760
2053 3760
2052 3761
2051 3762
2050 3762
2049 3762
2048 3763
2047 3763
2046 3763
2045 3763
2044 3763
2043 3763
2042 3763
2041 3763
2040 3763
2039 3763
2038 3764
2037 3764
2036 3764
2035 3764
2034 3765
2033 3765
2032 3766
2031 3766
2030 3767
2029 3767
2028 3768
2027 3768
2026 3769
2025 3770
2024 3771
2023 3771
2022 3772
2021 3772
2020 3773
2019 3774
2018 3774
2017 3774
2016 3775
2015 3776
2014 3776
2013 3776
2012 3777
2011 3777
2010 3777
2009 3777
2008 3777
2007 3777
2006 3778
2005 3778
2004 3778
2003 3778
2002 3779
2001 3779
2000 3780
1999 3780
1998 3780
1997 3780
1996 3781
1995 3781
1994 3781
1993 3781
1992 3781
1991 3781
1990 3781
1989 3781
1988 3781
1987 3781
1986 3781
1985 3781
1984 3782
1983 3782
1982 3782
1981 3782
1980 3783
1979 3783
1978 3783
1977 3783
1976 3783
1975 3783
1974 3783
1973 3783
1972 3783
1971 3783
1970 3783
1969 3783
1968 3783
1967 3783
1966 3783
1965 3783
1964 3784
1963 3784
1962 3784
1961 3784
1960 3785
1959 3785
1958 3785
1957 3785
1956 3786
1955 3786
1954 3786
1953 3786
1952 3787
1951 3787
1950 3787
1949 3787
1948 3787
1947 3787
1946 3787
1945 3787
1944 3788
1943 3788
1942 3789
1941 3789
1940 3790
1939 3790
1938 3790
1937 3790
1936 3789
1935 3788
1934 3788
1933 3787
1932 3786
1931 3786
1930 3785
1929 3785
1928 3785
1927 3785
1926 3785
1925 3785
1924 3785
1923 3785
1922 3785
1921 3785
1920 3785
1919 3785
1918 3785
1917 3785
1916 3785
1915 3785
1914 3785
1913 3785
1912 3786
1911 3786
1910 3786
1909 3786
1908 3787
1907 3787
1906 3787
1905 3787
1904 3787
1903 3787
1902 3788
1901 3788
1900 3788
1899 3788
1898 3789
1897 3789
1896 3789
1895 3789
1894 3790
1893 3790
1892 3790
1891 3790
1890 3791
1889 3792
1888 3792
1887 3792
1886 3793
1885 3793
1884 3793
1883 3793
1882 3793
1881 3793
1880 3793
1879 3793
1878 3793
1877 3793
1876 3794
1875 3794
1874 3795
1873 3796
1872 3796
1872 3797
1871 3798
1870 3798
1869 3799
1868 3800
1867 3800
1866 3801
1865 3801
1864 3801
1863 3801
1862 3801
1861 3801
1860 3801
1859 3801
1858 3800
1857 3800
1856 3799
1855 3798
1855 3797
1854 3796
1854 3795
1853 3794
1853 3793
1852 3792
1851 3791
1850 3790
1849 3790
1848 3789
1847 3789
1846 3788
1845 3788
1844 3787
1843 3787
1842 3786
1841 3786
1840 3785
1839 3785
1838 3785
1837 3785
1836 3784
1835 3784
1834 3783
1833 3782
1832 3782
1831 3781
1830 3780
1829 3780
1828 3779
1827 3779
1826 3779
1825 3779
1824 3778
1823 3778
1822 3778
1821 3778
1820 3777
1819 3777
1818 3776
1817 3776
1816 3776
1815 3775
1814 3774
1813 3774
1812 3773
1811 3773
1810 3772
1809 3771
1808 3770
1807 3770
1806 3769
1805 3769
1804 3768
1803 3768
1802 3767
1801 3767
1800 3766
1799 3766
1798 3766
1797 3765
1796 3764
1795 3764
1794 3764
1793 3764
1792 3763
1791 3763
1790 3763
1789 3763
1788 3762
1787 3762
1786 3761
1785 3761
1784 3760
1783 3759
1782 3758
1781 3758
1780 3758
1779 3758
1778 3757
1777 3757
1776 3757
1775 3757
1774 3757
1773 3757
1772 3757
1771 3757
1770 3757
1769 3757
1768 3756
1767 3756
1766 3756
1765 3756
1764 3755
1763 3755
1762 3755
1761 3755
1760 3755
1759 3755
1758 3755
1757 3755
1756 3754
1755 3754
1754 3754
1753 3754
1752 3753
1751 3753
1750 3753
1749 3753
1748 3752
1747 3752
1746 3752
1745 3751
1744 3750
1743 3750
1742 3750
1741 3750
1740 3749
1739 3749
1738 3749
1737 3749
1736 3748
1735 3748
1734 3748
1733 3748
1732 3747
1731 3747
1730 3747
1729 3747
1728 3746
1727 3746
1726 3746
1725 3746
1724 3745
1723 3745
1722 3745
1721 3745
1720 3745
1719 3745
1718 3744
1717 3744
1716 3744
1715 3744
1714 3743
1713 3743
1712 3743
1711 3743
1710 3743
1709 3743
