851 1241
850 1242
849 1242
848 1242
847 1242
846 1243
845 1243
844 1243
843 1243
842 1243
841 1243
840 1243
839 1243
838 1244
837 1245
836 1246
835 1247
834 1248
834 1249
833 1250
832 1250
832 1251
831 1252
830 1252
829 1253
828 1254
827 1254
826 1255
825 1255
824 1255
823 1255
822 1255
821 1255
820 1255
819 1255
818 1255
817 1255
816 1255
815 1255
814 1255
813 1255
812 1255
811 1255
810 1255
809 1255
808 1256
807 1256
806 1256
805 1256
804 1257
803 1257
802 1257
801 1257
800 1257
799 1257
798 1257
797 1257
796 1257
795 1257
794 1257
793 1257
792 1257
791 1257
790 1257
789 1257
788 1257
787 1257
786 1257
785 1257
784 1257
783 1257
782 1257
781 1257
780 1257
779 1257
778 1257
777 1257
776 1257
775 1257
774 1258
773 1258
772 1259
771 1259
770 1260
769 1260
768 1261
767 1261
766 1262
765 1262
764 1263
763 1263
762 1264
761 1264
760 1265
759 1265
758 1265
757 1265
756 1265
755 1265
754 1266
753 1266
752 1266
751 1266
750 1267
749 1267
748 1268
747 1268
746 1269
745 1270
744 1270
744 1271
743 1272
742 1273
741 1274
740 1275
740 1276
740 1277
739 1278
738 1279
738 1280
737 1281
737 1282
736 1283
735 1284
734 1285
734 1286
734 1287
734 1288
733 1289
733 1290
732 1291
732 1292
732 1293
732 1294
731 1295
731 1296
731 1297
731 1298
730 1299
730 1300
730 1301
730 1302
729 1303
729 1304
728 1305
728 1306
728 1307
727 1308
726 1309
726 1310
725 1311
724 1312
724 1313
723 1314
722 1315
721 1316
720 1317
720 1318
720 1319
719 1320
718 1321
718 1322
718 1323
718 1324
717 1325
717 1326
716 1327
716 1328
716 1329
716 1330
715 1331
715 1332
714 1333
714 1334
714 1335
714 1336
713 1337
713 1338
713 1339
713 1340
714 1341
714 1342
715 1343
716 1344
716 1345
717 1345
718 1346
718 1347
719 1347
720 1348
720 1349
721 1349
722 1350
722 1351
723 1351
724 1352
724 1353
725 1353
726 1354
727 1355
728 1355
729 1356
730 1356
731 1356
732 1356
733 1356
734 1356
735 1356
736 1356
737 1356
738 1356
739 1356
740 1356
741 1356
742 1356
743 1356
744 1356
745 1356
746 1356
747 1356
748 1356
749 1356
750 1356
751 1355
752 1355
753 1355
754 1355
755 1354
756 1354
757 1354
758 1354
759 1354
760 1354
761 1354
762 1354
763 1354
764 1354
765 1354
766 1354
767 1354
768 1354
769 1354
770 1354
771 1354
772 1354
773 1354
774 1354
775 1354
776 1354
777 1354
778 1354
779 1354
780 1354
781 1354
782 1354
783 1354
784 1354
785 1353
786 1353
787 1353
788 1353
789 1352
790 1352
791 1352
792 1352
793 1352
794 1352
795 1352
796 1352
797 1352
798 1352
799 1352
800 1352
801 1352
802 1352
803 1352
804 1352
805 1352
806 1352
807 1352
808 1352
809 1352
810 1352
811 1352
812 1352
813 1352
814 1352
815 1352
816 1352
817 1352
818 1352
819 1353
820 1353
821 1353
822 1353
823 1354
824 1354
825 1354
826 1354
827 1355
828 1355
829 1355
830 1355
831 1356
832 1356
833 1356
834 1356
835 1356
836 1356
837 1356
838 1356
839 1356
840 1356
841 1356
842 1356
843 1356
844 1356
845 1356
846 1356
847 1356
848 1356
849 1356
850 1356
851 1357
852 1357
853 1357
854 1357
855 1358
856 1358
857 1359
858 1359
859 1359
860 1359
861 1360
862 1360
863 1360
864 1360
865 1360
866 1360
867 1360
868 1360
869 1360
870 1360
871 1360
872 1360
873 1359
874 1359
875 1359
876 1359
877 1358
878 1358
879 1358
880 1358
881 1358
882 1358
883 1359
884 1359
885 1359
886 1359
887 1360
888 1360
889 1360
890 1360
891 1360
892 1360
893 1360
894 1360
895 1360
896 1360
897 1360
898 1360
899 1360
900 1360
901 1360
902 1360
903 1360
904 1360
905 1360
906 1360
907 1360
908 1360
909 1360
910 1360
911 1360
912 1360
913 1359
914 1359
915 1359
916 1359
917 1358
918 1358
919 1357
920 1357
921 1357
922 1357
923 1356
924 1356
925 1355
926 1355
927 1355
928 1355
929 1354
930 1354
931 1353
932 1353
933 1353
934 1353
935 1352
936 1352
937 1351
938 1351
939 1350
940 1350
941 1349
942 1349
943 1348
944 1348
945 1348
946 1348
947 1348
948 1348
949 1347
950 1347
951 1347
952 1347
953 1346
954 1345
955 1345
956 1345
957 1344
958 1344
959 1343
960 1343
961 1343
962 1343
963 1342
964 1342
965 1342
966 1342
967 1342
968 1342
969 1341
970 1341
971 1341
972 1341
973 1340
974 1340
975 1340
976 1340
977 1340
978 1340
979 1339
980 1339
981 1339
982 1339
983 1338
984 1338
985 1338
986 1338
987 1338
988 1338
989 1337
990 1337
991 1336
992 1335
993 1335
993 1334
994 1333
995 1333
995 1332
996 1331
997 1331
997 1330
998 1329
999 1329
999 1328
1000 1327
1001 1327
1001 1326
1002 1325
1003 1325
1003 1324
1004 1323
1005 1322
1006 1321
1007 1320
1007 1319
1008 1318
1009 1317
1009 1316
1010 1315
1011 1315
1011 1314
1012 1313
1013 1312
1013 1311
1014 1310
1014 1309
1014 1308
1014 1307
1014 1306
1014 1305
1014 1304
1014 1303
1014 1302
1014 1301
1014 1300
1014 1299
1014 1298
1014 1297
1014 1296
1014 1295
1014 1294
1014 1293
1014 1292
1014 1291
1014 1290
1014 1289
1014 1288
1014 1287
1014 1286
1014 1285
1014 1284
1014 1283
1014 1282
1014 1281
1014 1280
1014 1279
1013 1279
1012 1279
1011 1279
1010 1278
1009 1278
1008 1278
1007 1278
1006 1277
1005 1277
1004 1277
1003 1277
1002 1277
1001 1277
1000 1277
999 1277
998 1276
997 1276
996 1276
995 1276
994 1275
993 1275
992 1275
991 1275
990 1275
989 1275
988 1274
987 1274
986 1274
985 1274
984 1273
983 1273
982 1273
981 1273
980 1273
979 1273
978 1273
977 1273
976 1273
975 1273
974 1273
973 1273
972 1273
971 1273
970 1273
969 1273
968 1273
967 1273
966 1272
965 1272
964 1271
963 1270
962 1270
961 1269
961 1268
960 1268
959 1267
959 1266
958 1266
957 1265
957 1264
956 1264
955 1263
954 1262
953 1261
952 1260
951 1260
950 1259
949 1259
948 1258
947 1257
946 1256
945 1256
944 1255
943 1254
942 1254
941 1253
941 1252
940 1252
939 1251
939 1250
938 1250
937 1249
937 1248
936 1248
935 1247
935 1246
934 1246
933 1245
932 1244
931 1244
930 1243
929 1243
928 1243
927 1243
926 1243
925 1243
924 1243
923 1243
922 1243
921 1243
920 1243
919 1243
918 1243
917 1243
916 1243
915 1243
914 1243
913 1243
912 1243
911 1243
910 1243
909 1243
908 1243
907 1243
906 1243
905 1243
904 1243
903 1243
902 1243
901 1243
900 1243
899 1243
898 1243
897 1243
896 1243
895 1243
894 1243
893 1243
892 1243
891 1243
890 1243
889 1243
888 1243
887 1243
886 1243
885 1243
884 1243
883 1243
882 1243
881 1243
880 1243
879 1243
878 1243
877 1243
876 1243
875 1243
874 1243
873 1243
872 1243
871 1243
870 1243
869 1243
868 1242
867 1242
866 1242
865 1242
864 1241
863 1241
862 1241
861 1241
860 1241
859 1241
858 1241
857 1241
856 1241
855 1241
854 1241
853 1241
852 1241
851 1241
