2275 2661
2274 2662
2273 2662
2272 2663
2271 2663
2270 2664
2269 2664
2268 2665
2267 2665
2266 2666
2265 2666
2264 2666
2263 2666
2262 2667
2261 2667
2260 2667
2259 2667
2258 2667
2257 2667
2256 2668
2255 2668
2254 2668
2253 2668
2252 2669
2251 2669
2250 2669
2249 2669
2248 2670
2247 2670
2246 2671
2245 2671
2244 2672
2243 2672
2242 2673
2241 2673
2240 2673
2239 2673
2238 2673
2237 2673
2236 2673
2235 2673
2234 2674
2233 2674
2232 2675
2231 2676
2230 2676
2229 2677
2228 2678
2227 2678
2226 2679
2225 2679
2224 2680
2223 2680
2222 2680
2221 2680
2220 2681
2219 2682
2218 2682
2217 2682
2216 2683
2215 2683
2214 2684
2213 2684
2212 2684
2211 2684
2210 2685
2209 2685
2208 2685
2207 2685
2206 2685
2205 2685
2204 2685
2203 2685
2202 2686
2201 2686
2200 2687
2199 2688
2198 2688
2197 2689
2196 2690
2195 2690
2194 2691
2193 2692
2192 2692
2191 2692
2190 2693
2189 2694
2188 2694
2187 2694
2186 2695
2185 2695
2184 2695
2183 2695
2182 2695
2181 2695
2180 2695
2179 2695
2178 2695
2177 2695
2176 2695
2175 2695
2174 2695
2173 2695
2172 2696
2171 2696
2170 2696
2169 2696
2168 2697
2167 2697
2166 2697
2165 2697
2164 2697
2163 2697
2162 2698
2161 2698
2160 2699
2159 2699
2158 2700
2157 2700
2156 2701
2155 2701
2154 2701
2153 2701
2152 2701
2151 2701
2150 2701
2149 2701
2148 2701
2147 2701
2146 2701
2145 2701
2144 2701
2143 2701
2142 2702
2141 2702
2140 2702
2139 2702
2138 2703
2137 2704
2136 2705
2135 2706
2134 2706
2134 2707
2133 2708
2132 2709
2132 2710
2131 2711
2131 2712
2131 2713
2131 2714
2131 2715
2131 2716
2130 2717
2130 2718
2130 2719
2129 2720
2128 2721
2128 2722
2128 2723
2128 2724
2127 2725
2127 2726
2127 2727
2127 2728
2127 2729
2127 2730
2127 2731
2127 2732
2127 2733
2127 2734
2127 2735
2127 2736
2126 2737
2126 2738
2126 2739
2125 2740
2124 2741
2124 2742
2124 2743
2124 2744
2123 2745
2123 2746
2124 2747
2124 2748
2125 2749
2126 2749
2127 2750
2128 2750
2129 2751
2130 2751
2131 2751
2132 2751
2133 2752
2134 2752
2135 2753
2136 2753
2137 2753
2138 2754
2139 2755
2140 2755
2141 2756
2142 2756
2143 2757
2144 2757
2145 2758
2146 2758
2147 2759
2148 2759
2149 2759
2150 2759
2151 2760
2152 2760
2153 2761
2154 2761
2155 2761
2156 2762
2157 2763
2158 2763
2159 2764
2160 2764
2161 2765
2162 2765
2163 2766
2164 2766
2165 2767
2166 2767
2167 2767
2168 2768
2169 2769
2170 2769
2171 2769
2172 2769
2173 2770
2174 2770
2175 2771
2176 2771
2177 2772
2178 2772
2179 2773
2180 2773
2181 2774
2182 2774
2183 2775
2184 2775
2185 2775
2186 2775
2187 2776
2188 2776
2189 2777
2190 2777
2191 2777
2192 2777
2193 2778
2194 2778
2195 2778
2196 2778
2197 2778
2198 2778
2199 2779
2200 2779
2201 2779
2202 2779
2203 2780
2204 2780
2205 2780
2206 2780
2207 2780
2208 2780
2209 2780
2210 2780
2211 2780
2212 2780
2213 2780
2214 2780
2215 2781
2216 2781
2217 2782
2218 2782
2219 2783
2220 2783
2221 2784
2222 2784
2223 2784
2224 2784
2225 2785
2226 2785
2227 2785
2228 2785
2229 2786
2230 2786
2231 2787
2232 2787
2233 2787
2234 2788
2235 2789
2236 2789
2237 2789
2238 2790
2239 2791
2240 2791
2241 2791
2242 2792
2243 2793
2244 2793
2245 2794
2246 2795
2247 2795
2248 2796
2249 2797
2250 2797
2251 2798
2252 2798
2253 2799
2254 2799
2255 2799
2256 2799
2257 2800
2258 2800
2259 2800
2260 2800
2261 2800
2262 2800
2263 2800
2264 2800
2265 2800
2266 2800
2267 2800
2268 2800
2269 2800
2270 2800
2271 2800
2272 2800
2273 2800
2274 2800
2275 2800
2276 2800
2277 2800
2278 2800
2279 2800
2280 2800
2281 2800
2282 2800
2283 2800
2284 2800
2285 2800
2286 2800
2287 2799
2288 2799
2289 2799
2290 2799
2291 2798
2292 2798
2293 2798
2294 2798
2295 2798
2296 2798
2297 2798
2298 2798
2299 2797
2300 2797
2301 2797
2302 2797
2303 2796
2304 2795
2305 2794
2306 2793
2307 2793
2307 2792
2308 2791
2309 2791
2309 2790
2310 2789
2311 2789
2311 2788
2312 2787
2313 2787
2313 2786
2314 2785
2315 2785
2315 2784
2316 2783
2317 2783
2317 2782
2318 2781
2319 2781
2319 2780
2320 2779
2321 2779
2321 2778
2322 2777
2323 2777
2323 2776
2324 2775
2325 2775
2325 2774
2326 2773
2327 2773
2327 2772
2328 2771
2329 2771
2329 2770
2330 2769
2331 2769
2332 2768
2333 2767
2334 2767
2335 2766
2336 2765
2337 2764
2338 2763
2339 2763
2339 2762
2340 2761
2341 2761
2341 2760
2342 2759
2343 2759
2344 2758
2345 2757
2346 2757
2347 2756
2348 2756
2349 2755
2350 2755
2351 2754
2352 2753
2353 2753
2353 2752
2354 2751
2355 2751
2355 2750
2356 2749
2357 2748
2357 2747
2357 2746
2357 2745
2357 2744
2357 2743
2356 2742
2356 2741
2355 2740
2355 2739
2355 2738
2355 2737
2354 2736
2353 2735
2353 2734
2353 2733
2352 2732
2351 2731
2351 2730
2351 2729
2350 2728
2350 2727
2350 2726
2350 2725
2349 2724
2349 2723
2349 2722
2349 2721
2348 2720
2347 2719
2346 2718
2345 2717
2345 2716
2344 2715
2343 2714
2343 2713
2342 2712
2341 2711
2341 2710
2341 2709
2340 2708
2340 2707
2339 2706
2339 2705
2339 2704
2339 2703
2338 2702
2338 2701
2337 2700
2337 2699
2337 2698
2337 2697
2336 2696
2335 2695
2334 2694
2333 2693
2333 2692
2332 2691
2331 2690
2331 2689
2330 2688
2329 2687
2328 2686
2327 2685
2327 2684
2326 2684
2325 2683
2325 2682
2324 2682
2323 2681
2322 2680
2321 2679
2320 2678
2319 2678
2318 2677
2317 2676
2316 2676
2315 2675
2314 2674
2313 2674
2312 2673
2311 2673
2310 2672
2309 2672
2308 2672
2307 2671
2306 2670
2305 2670
2304 2670
2303 2670
2302 2669
2301 2669
2300 2669
2299 2669
2298 2668
2297 2668
2296 2668
2295 2667
2294 2666
2293 2666
2292 2666
2291 2665
2290 2664
2289 2664
2288 2664
2287 2663
2286 2662
2285 2662
2284 2662
2283 2662
2282 2661
2281 2661
2280 2661
2279 2661
2278 2661
2277 2661
2276 2661
2275 2661
