837 3273
836 3274
835 3274
834 3274
833 3274
832 3275
831 3275
830 3276
829 3276
828 3276
827 3276
826 3277
825 3277
824 3277
823 3277
822 3278
821 3278
820 3278
819 3278
818 3279
817 3279
816 3279
815 3279
814 3280
813 3280
812 3280
811 3280
810 3281
809 3281
808 3282
807 3282
806 3282
805 3282
804 3283
803 3284
802 3284
801 3285
800 3286
799 3287
799 3288
798 3289
798 3290
797 3291
796 3292
796 3293
795 3294
794 3294
793 3295
792 3296
791 3296
790 3297
789 3298
788 3298
787 3298
786 3299
785 3299
784 3300
783 3300
782 3301
781 3302
780 3302
780 3303
779 3304
778 3305
778 3306
777 3307
777 3308
777 3309
777 3310
777 3311
777 3312
776 3313
776 3314
776 3315
776 3316
775 3317
775 3318
775 3319
775 3320
775 3321
775 3322
775 3323
775 3324
776 3325
776 3326
776 3327
776 3328
777 3329
777 3330
777 3331
777 3332
777 3333
777 3334
776 3335
776 3336
776 3337
776 3338
775 3339
775 3340
775 3341
775 3342
775 3343
775 3344
775 3345
775 3346
776 3347
776 3348
776 3349
776 3350
777 3351
777 3352
777 3353
777 3354
778 3355
778 3356
778 3357
778 3358
779 3359
779 3360
780 3361
780 3362
781 3363
781 3364
782 3365
782 3366
783 3367
784 3368
785 3369
786 3370
787 3371
788 3372
789 3373
790 3373
791 3374
792 3375
793 3375
794 3376
794 3377
795 3377
796 3378
796 3379
797 3379
798 3380
798 3381
799 3382
800 3383
800 3384
801 3385
802 3386
803 3387
803 3388
804 3389
804 3390
805 3391
806 3392
807 3393
808 3394
808 3395
809 3395
810 3396
811 3397
812 3397
813 3398
814 3398
815 3398
816 3398
817 3398
818 3398
819 3398
820 3398
821 3398
822 3398
823 3398
824 3398
825 3398
826 3398
827 3398
828 3398
829 3398
830 3398
831 3398
832 3398
833 3398
834 3398
835 3398
836 3398
837 3398
838 3398
839 3398
840 3398
841 3398
842 3398
843 3398
844 3398
845 3397
846 3397
847 3397
848 3397
849 3396
850 3396
851 3396
852 3396
853 3396
854 3396
855 3396
856 3396
857 3396
858 3396
859 3397
860 3397
861 3397
862 3397
863 3398
864 3398
865 3398
866 3398
867 3398
868 3398
869 3398
870 3398
871 3398
872 3398
873 3398
874 3398
875 3398
876 3398
877 3399
878 3399
879 3399
880 3399
881 3400
882 3400
883 3400
884 3400
885 3400
886 3400
887 3401
888 3401
889 3401
890 3402
891 3403
892 3403
893 3403
894 3404
895 3405
896 3405
897 3405
898 3405
899 3406
900 3406
901 3406
902 3406
903 3406
904 3406
905 3406
906 3406
907 3407
908 3407
909 3407
910 3407
911 3408
912 3408
913 3408
914 3408
915 3408
916 3408
917 3408
918 3408
919 3409
920 3409
921 3409
922 3409
923 3410
924 3410
925 3410
926 3410
927 3410
928 3410
929 3410
930 3410
931 3410
932 3410
933 3409
934 3409
935 3409
936 3409
937 3408
938 3408
939 3408
940 3408
941 3408
942 3408
943 3407
944 3407
945 3407
946 3407
947 3406
948 3406
949 3406
950 3406
951 3406
952 3406
953 3406
954 3406
955 3406
956 3406
957 3406
958 3406
959 3406
960 3406
961 3406
962 3406
963 3406
964 3406
965 3406
966 3406
967 3406
968 3406
969 3406
970 3406
971 3405
972 3405
973 3404
974 3404
975 3404
976 3404
977 3404
978 3404
979 3404
980 3404
981 3404
982 3404
983 3404
984 3404
985 3404
986 3404
987 3404
988 3404
989 3403
990 3403
991 3403
992 3403
993 3402
994 3402
995 3402
996 3402
997 3402
998 3402
999 3402
1000 3402
1001 3402
1002 3402
1003 3402
1004 3402
1005 3402
1006 3402
1007 3401
1008 3401
1009 3401
1010 3401
1011 3400
1012 3400
1013 3400
1014 3400
1015 3400
1016 3400
1017 3400
1018 3400
1019 3400
1020 3400
1021 3400
1022 3400
1023 3400
1024 3400
1025 3400
1026 3400
1027 3399
1028 3399
1029 3399
1030 3399
1031 3398
1032 3398
1033 3398
1034 3398
1035 3398
1036 3398
1037 3398
1038 3398
1039 3397
1040 3397
1041 3397
1042 3397
1043 3396
1044 3396
1045 3396
1046 3396
1047 3396
1048 3396
1049 3396
1050 3396
1051 3396
1052 3396
1053 3395
1054 3395
1055 3395
1056 3395
1057 3394
1058 3394
1059 3394
1060 3394
1061 3394
1062 3394
1063 3394
1064 3394
1065 3393
1066 3393
1067 3393
1068 3393
1069 3392
1070 3392
1071 3391
1072 3391
1073 3391
1074 3391
1075 3390
1076 3390
1077 3389
1078 3389
1079 3388
1080 3387
1081 3387
1081 3386
1082 3385
1083 3385
1084 3384
1085 3383
1086 3383
1087 3382
1088 3382
1089 3382
1090 3382
1091 3382
1092 3382
1093 3382
1094 3382
1095 3382
1096 3382
1097 3381
1098 3381
1099 3381
1100 3381
1101 3380
1102 3379
1103 3379
1104 3379
1105 3378
1106 3377
1107 3376
1108 3376
1109 3375
1110 3375
1111 3374
1112 3373
1113 3372
1114 3371
1115 3371
1116 3370
1117 3369
1118 3369
1119 3368
1120 3367
1121 3366
1122 3365
1123 3365
1123 3364
1124 3363
1125 3363
1125 3362
1126 3361
1127 3360
1127 3359
1128 3358
1128 3357
1128 3356
1128 3355
1128 3354
1128 3353
1128 3352
1128 3351
1128 3350
1128 3349
1128 3348
1128 3347
1129 3346
1129 3345
1129 3344
1129 3343
1130 3342
1130 3341
1130 3340
1130 3339
1130 3338
1130 3337
1130 3336
1130 3335
1130 3334
1130 3333
1130 3332
1130 3331
1130 3330
1130 3329
1130 3328
1130 3327
1130 3326
1130 3325
1130 3324
1130 3323
1129 3322
1129 3321
1129 3320
1129 3319
1128 3318
1128 3317
1127 3316
1127 3315
1127 3314
1127 3313
1126 3312
1126 3311
1125 3310
1125 3309
1125 3308
1125 3307
1124 3306
1123 3305
1123 3304
1123 3303
1122 3302
1121 3301
1121 3300
1121 3299
1120 3298
1119 3297
1119 3296
1119 3295
1118 3294
1117 3293
1116 3292
1115 3292
1114 3291
1113 3291
1112 3291
1111 3291
1110 3291
1109 3291
1108 3291
1107 3291
1106 3291
1105 3291
1104 3291
1103 3291
1102 3291
1101 3291
1100 3291
1099 3291
1098 3291
1097 3291
1096 3290
1095 3290
1094 3290
1093 3290
1092 3289
1091 3289
1090 3288
1089 3288
1088 3288
1087 3288
1086 3287
1085 3287
1084 3287
1083 3287
1082 3287
1081 3287
1080 3287
1079 3287
1078 3287
1077 3287
1076 3287
1075 3287
1074 3287
1073 3287
1072 3287
1071 3287
1070 3287
1069 3287
1068 3287
1067 3287
1066 3287
1065 3287
1064 3287
1063 3287
1062 3287
1061 3287
1060 3286
1059 3286
1058 3286
1057 3286
1056 3285
1055 3285
1054 3285
1053 3285
1052 3285
1051 3285
1050 3285
1049 3285
1048 3285
1047 3285
1046 3285
1045 3285
1044 3285
1043 3285
1042 3285
1041 3285
1040 3284
1039 3284
1038 3284
1037 3284
1036 3283
1035 3283
1034 3283
1033 3283
1032 3283
1031 3283
1030 3283
1029 3283
1028 3283
1027 3283
1026 3282
1025 3282
1024 3282
1023 3282
1022 3281
1021 3281
1020 3280
1019 3280
1018 3280
1017 3280
1016 3279
1015 3279
1014 3278
1013 3278
1012 3278
1011 3278
1010 3277
1009 3277
1008 3277
1007 3277
1006 3277
1005 3277
1004 3277
1003 3277
1002 3277
1001 3277
1000 3276
999 3276
998 3276
997 3276
996 3275
995 3275
994 3275
993 3275
992 3275
991 3275
990 3275
989 3275
988 3276
987 3276
986 3276
985 3276
984 3277
983 3277
982 3277
981 3277
980 3277
979 3277
978 3277
977 3277
976 3277
975 3277
974 3278
973 3278
972 3278
971 3278
970 3279
969 3279
968 3279
967 3279
966 3280
965 3280
964 3280
963 3280
962 3281
961 3281
960 3281
959 3281
958 3281
957 3281
956 3281
955 3281
954 3281
953 3281
952 3281
951 3281
950 3281
949 3281
948 3281
947 3281
946 3281
945 3281
944 3281
943 3281
942 3281
941 3281
940 3281
939 3281
938 3281
937 3281
936 3281
935 3281
934 3281
933 3281
932 3281
931 3281
930 3281
929 3281
928 3281
927 3281
926 3281
925 3281
924 3281
923 3281
922 3281
921 3281
920 3281
919 3281
918 3281
917 3281
916 3281
915 3281
914 3281
913 3281
912 3280
911 3280
910 3280
909 3280
908 3279
907 3279
906 3279
905 3279
904 3278
903 3278
902 3278
901 3278
900 3277
899 3277
898 3277
897 3277
896 3277
895 3277
894 3277
893 3277
892 3277
891 3277
890 3277
889 3277
888 3277
887 3277
886 3277
885 3277
884 3277
883 3277
882 3277
881 3277
880 3277
879 3277
878 3277
877 3277
876 3277
875 3277
874 3277
873 3277
872 3277
871 3277
870 3277
869 3277
868 3277
867 3277
866 3277
865 3277
864 3277
863 3277
862 3276
861 3276
860 3276
859 3275
858 3274
857 3274
856 3274
855 3274
854 3273
853 3273
852 3273
851 3273
850 3273
849 3273
848 3273
847 3273
846 3273
845 3273
844 3273
843 3273
842 3273
841 3273
840 3273
839 3273
838 3273
837 3273
