369 904
368 905
367 905
366 905
365 905
364 906
363 906
362 907
361 907
360 907
359 907
358 908
357 909
356 910
355 910
354 911
353 911
352 912
351 913
350 914
349 915
348 915
348 916
347 917
346 917
346 918
345 919
344 919
344 920
343 921
342 921
342 922
341 923
340 923
340 924
339 925
338 925
338 926
337 927
336 927
336 928
335 929
334 929
334 930
333 931
332 931
332 932
331 933
330 934
329 935
328 936
328 937
327 938
327 939
326 940
326 941
325 942
325 943
325 944
325 945
325 946
325 947
325 948
325 949
326 950
326 951
327 952
328 952
329 953
330 953
331 953
332 953
333 953
334 953
335 953
336 953
337 953
338 953
339 954
340 954
341 954
342 954
343 955
344 955
345 955
346 955
347 955
348 955
349 955
350 955
351 955
352 955
353 956
354 956
355 956
356 957
357 958
358 958
359 958
360 959
361 960
362 960
363 960
364 961
365 962
366 962
367 962
368 962
369 963
370 963
371 963
372 963
373 964
374 964
375 964
376 964
377 965
378 965
379 966
380 966
381 966
382 966
383 967
384 967
385 967
386 967
387 967
388 967
389 967
390 967
391 967
392 967
393 967
394 967
395 967
396 967
397 967
398 967
399 967
400 967
401 967
402 967
403 968
404 968
405 968
406 968
407 969
408 969
409 969
410 969
411 969
412 969
413 970
414 970
415 970
416 970
417 971
418 971
419 971
420 971
421 971
422 971
423 971
424 971
425 971
426 971
427 972
428 972
429 972
430 972
431 973
432 973
433 973
434 973
435 973
436 973
437 973
438 973
439 973
440 973
441 973
442 973
443 973
444 973
445 973
446 973
447 973
448 973
449 973
450 973
451 973
452 973
453 973
454 973
455 973
456 973
457 973
458 973
459 973
460 973
461 974
462 974
463 974
464 974
465 975
466 975
467 975
468 975
469 975
470 975
471 975
472 975
473 975
474 975
475 975
476 975
477 975
478 975
479 975
480 975
481 975
482 975
483 975
484 975
485 975
486 975
487 975
488 975
489 975
490 975
491 975
492 975
493 975
494 975
495 975
496 975
497 975
498 975
499 975
500 975
501 976
502 976
503 976
504 976
505 977
506 977
507 977
508 977
509 977
510 977
511 977
512 977
513 977
514 977
515 977
516 977
517 977
518 977
519 977
520 977
521 977
522 977
523 977
524 977
525 977
526 977
527 978
528 978
529 978
530 978
531 979
532 979
533 979
534 979
535 979
536 979
537 979
538 979
539 979
540 979
541 979
542 979
543 979
544 979
545 979
546 979
547 979
548 979
549 979
550 979
551 979
552 979
553 979
554 979
555 979
556 979
557 979
558 979
559 978
560 978
561 977
562 976
563 975
563 974
564 973
564 972
564 971
564 970
564 969
564 968
563 967
563 966
563 965
563 964
562 963
561 962
561 961
561 960
560 959
560 958
559 957
559 956
558 955
558 954
557 953
557 952
556 951
556 950
555 949
555 948
555 947
555 946
554 945
553 944
553 943
553 942
552 941
552 940
551 939
551 938
551 937
551 936
550 935
550 934
550 933
550 932
550 931
550 930
550 929
550 928
549 927
548 926
547 925
546 924
545 924
544 923
543 923
542 922
541 922
540 922
539 922
538 922
537 922
536 922
535 922
534 921
533 921
532 920
531 920
530 919
529 919
528 918
527 918
526 918
525 918
524 918
523 918
522 918
521 918
520 918
519 918
518 918
517 918
516 917
515 917
514 917
513 916
512 915
511 915
510 915
509 915
508 914
507 914
506 913
505 913
504 913
503 913
502 912
501 912
500 911
499 911
498 911
497 911
496 910
495 910
494 909
493 909
492 909
491 909
490 908
489 908
488 908
487 908
486 908
485 908
484 908
483 908
482 908
481 908
480 908
479 908
478 908
477 908
476 908
475 908
474 908
473 908
472 908
471 908
470 909
469 909
468 909
467 909
466 910
465 910
464 910
463 910
462 910
461 910
460 910
459 910
458 910
457 910
456 910
455 910
454 910
453 910
452 910
451 910
450 910
449 910
448 910
447 910
446 911
445 911
444 912
443 912
442 913
441 913
440 914
439 914
438 915
437 915
436 915
435 915
434 916
433 916
432 916
431 916
430 916
429 916
428 916
427 916
426 916
425 916
424 915
423 915
422 915
421 915
420 914
419 914
418 914
417 914
416 914
415 914
414 913
413 913
412 913
411 913
410 912
409 912
408 912
407 912
406 911
405 911
404 911
403 911
402 910
401 910
400 909
399 909
398 909
397 909
396 908
395 908
394 908
393 908
392 908
391 908
390 908
389 908
388 907
387 907
386 907
385 907
384 906
383 906
382 905
381 905
380 905
379 905
378 904
377 904
376 904
375 904
374 904
373 904
372 904
371 904
370 904
369 904
