1217 4067
1216 4068
1215 4068
1214 4069
1213 4070
1212 4070
1212 4071
1211 4072
1210 4072
1210 4073
1209 4074
1208 4074
1208 4075
1207 4076
1206 4076
1206 4077
1205 4078
1204 4079
1204 4080
1203 4081
1203 4082
1203 4083
1203 4084
1203 4085
1203 4086
1202 4087
1202 4088
1202 4089
1202 4090
1201 4091
1201 4092
1201 4093
1201 4094
1200 4095
1200 4096
1200 4097
1200 4098
1199 4099
1199 4100
1199 4101
1199 4102
1199 4103
1199 4104
1198 4105
1198 4106
1198 4107
1198 4108
1197 4109
1197 4110
1197 4111
1197 4112
1196 4113
1196 4114
1196 4115
1196 4116
1195 4117
1195 4118
1194 4119
1194 4120
1194 4121
1193 4122
1192 4123
1192 4124
1192 4125
1191 4126
1190 4127
1190 4128
1190 4129
1189 4130
1188 4131
1188 4132
1188 4133
1187 4134
1186 4135
1186 4136
1186 4137
1185 4138
1184 4139
1184 4140
1183 4141
1183 4142
1182 4143
1181 4144
1180 4145
1180 4146
1179 4147
1178 4148
1178 4149
1177 4150
1176 4150
1176 4151
1175 4152
1174 4152
1174 4153
1173 4154
1172 4154
1172 4155
1171 4156
1170 4156
1170 4157
1169 4158
1168 4158
1168 4159
1167 4160
1166 4160
1165 4161
1164 4162
1163 4162
1162 4163
1161 4164
1160 4165
1159 4166
1158 4166
1158 4167
1157 4168
1156 4168
1155 4169
1154 4170
1153 4170
1152 4171
1151 4172
1150 4173
1149 4174
1148 4174
1148 4175
1147 4176
1146 4176
1146 4177
1145 4178
1144 4179
1144 4180
1143 4181
1143 4182
1144 4183
1144 4184
1145 4185
1146 4185
1147 4186
1148 4186
1149 4186
1150 4186
1151 4187
1152 4187
1153 4188
1154 4189
1155 4189
1156 4190
1156 4191
1157 4191
1158 4192
1158 4193
1159 4193
1160 4194
1160 4195
1161 4195
1162 4196
1162 4197
1163 4197
1164 4198
1165 4199
1166 4200
1167 4201
1168 4201
1169 4201
1170 4202
1171 4203
1172 4203
1173 4204
1174 4204
1175 4205
1176 4206
1177 4207
1178 4207
1179 4207
1180 4208
1181 4209
1182 4209
1183 4210
1184 4211
1185 4211
1186 4212
1187 4213
1188 4214
1189 4215
1190 4215
1191 4216
1192 4216
1193 4217
1194 4217
1195 4218
1196 4218
1197 4219
1198 4219
1199 4219
1200 4219
1201 4220
1202 4220
1203 4220
1204 4220
1205 4221
1206 4221
1207 4222
1208 4222
1209 4223
1210 4223
1211 4224
1212 4224
1213 4225
1214 4225
1215 4225
1216 4225
1217 4226
1218 4226
1219 4227
1220 4227
1221 4227
1222 4228
1223 4229
1224 4229
1225 4229
1226 4229
1227 4230
1228 4230
1229 4230
1230 4230
1231 4230
1232 4230
1233 4230
1234 4230
1235 4230
1236 4230
1237 4230
1238 4230
1239 4230
1240 4230
1241 4230
1242 4230
1243 4230
1244 4230
1245 4230
1246 4230
1247 4230
1248 4230
1249 4230
1250 4230
1251 4229
1252 4229
1253 4229
1254 4229
1255 4228
1256 4228
1257 4228
1258 4228
1259 4228
1260 4228
1261 4227
1262 4227
1263 4227
1264 4227
1265 4226
1266 4226
1267 4226
1268 4226
1269 4226
1270 4226
1271 4226
1272 4226
1273 4225
1274 4225
1275 4225
1276 4225
1277 4224
1278 4224
1279 4224
1280 4224
1281 4223
1282 4223
1283 4223
1284 4223
1285 4222
1286 4222
1287 4222
1288 4222
1289 4222
1290 4222
1291 4221
1292 4221
1293 4221
1294 4221
1295 4220
1296 4220
1297 4220
1298 4220
1299 4219
1300 4219
1301 4218
1302 4218
1303 4217
1304 4217
1305 4216
1306 4216
1307 4216
1308 4216
1309 4216
1310 4216
1311 4215
1312 4215
1313 4215
1314 4215
1315 4214
1316 4214
1317 4214
1318 4214
1319 4214
1320 4214
1321 4214
1322 4214
1323 4214
1324 4214
1325 4214
1326 4214
1327 4214
1328 4214
1329 4214
1330 4214
1331 4214
1332 4214
1333 4213
1334 4213
1335 4213
1336 4213
1337 4212
1338 4212
1339 4212
1340 4212
1341 4212
1342 4212
1343 4212
1344 4212
1345 4212
1346 4212
1347 4212
1348 4212
1349 4212
1350 4212
1351 4212
1352 4212
1353 4211
1354 4211
1355 4211
1356 4211
1357 4210
1358 4210
1359 4210
1360 4210
1361 4210
1362 4210
1363 4209
1364 4209
1365 4209
1366 4209
1367 4208
1368 4208
1369 4208
1370 4208
1371 4208
1372 4208
1373 4208
1374 4208
1375 4208
1376 4208
1377 4208
1378 4208
1379 4209
1380 4209
1381 4210
1382 4210
1383 4211
1384 4211
1385 4212
1386 4212
1387 4212
1388 4212
1389 4212
1390 4212
1391 4212
1392 4212
1393 4212
1394 4212
1395 4212
1396 4212
1397 4212
1398 4212
1399 4212
1400 4212
1401 4212
1402 4212
1403 4211
1404 4211
1405 4211
1406 4211
1407 4210
1408 4209
1409 4209
1410 4209
1411 4208
1412 4208
1413 4208
1414 4208
1415 4208
1416 4208
1417 4208
1418 4208
1419 4208
1420 4208
1421 4209
1422 4209
1423 4209
1424 4209
1425 4210
1426 4210
1427 4210
1428 4210
1429 4210
1430 4210
1431 4210
1432 4210
1433 4210
1434 4210
1435 4210
1436 4210
1437 4210
1438 4210
1439 4210
1440 4210
1441 4210
1442 4210
1443 4209
1444 4209
1445 4209
1446 4209
1447 4208
1448 4207
1449 4207
1450 4207
1451 4206
1452 4206
1453 4205
1454 4205
1455 4204
1456 4204
1457 4203
1458 4203
1459 4202
1460 4201
1461 4201
1462 4201
1463 4200
1464 4200
1465 4200
1466 4200
1467 4200
1468 4200
1469 4200
1470 4200
1471 4200
1472 4200
1473 4200
1474 4200
1475 4200
1476 4200
1477 4200
1478 4200
1479 4200
1480 4200
1481 4200
1482 4200
1483 4200
1484 4200
1485 4200
1486 4200
1487 4200
1488 4200
1489 4200
1490 4200
1491 4200
1492 4200
1493 4200
1494 4200
1495 4200
1496 4200
1497 4199
1498 4199
1499 4199
1500 4199
1501 4198
1502 4197
1503 4197
1504 4197
1505 4196
1506 4196
1507 4195
1508 4195
1509 4195
1510 4195
1511 4194
1512 4193
1513 4192
1514 4191
1515 4191
1515 4190
1516 4189
1517 4189
1517 4188
1518 4187
1519 4187
1519 4186
1520 4185
1521 4185
1521 4184
1522 4183
1523 4183
1523 4182
1524 4181
1525 4181
1525 4180
1526 4179
1527 4179
1527 4178
1528 4177
1529 4177
1529 4176
1530 4175
1531 4175
1531 4174
1532 4173
1533 4172
1534 4171
1535 4170
1535 4169
1535 4168
1535 4167
1536 4166
1536 4165
1537 4164
1537 4163
1537 4162
1538 4161
1539 4160
1539 4159
1539 4158
1539 4157
1540 4156
1540 4155
1540 4154
1540 4153
1540 4152
1540 4151
1540 4150
1540 4149
1540 4148
1540 4147
1540 4146
1540 4145
1540 4144
1540 4143
1539 4142
1539 4141
1539 4140
1539 4139
1538 4138
1537 4137
1537 4136
1537 4135
1536 4134
1535 4133
1534 4132
1533 4131
1533 4130
1532 4130
1531 4129
1531 4128
1530 4128
1529 4127
1529 4126
1528 4126
1527 4125
1527 4124
1526 4124
1525 4123
1524 4122
1523 4122
1522 4121
1521 4121
1520 4121
1519 4121
1518 4120
1517 4120
1516 4120
1515 4119
1514 4118
1513 4118
1512 4118
1511 4117
1510 4116
1509 4116
1508 4116
1507 4116
1506 4115
1505 4115
1504 4114
1503 4114
1502 4114
1501 4113
1500 4112
1499 4112
1498 4112
1497 4111
1496 4110
1495 4110
1494 4110
1493 4109
1492 4108
1491 4108
1490 4108
1489 4107
1488 4106
1487 4106
1486 4105
1485 4105
1484 4104
1483 4104
1482 4103
1481 4103
1480 4103
1479 4103
1478 4103
1477 4103
1476 4103
1475 4103
1474 4103
1473 4103
1472 4102
1471 4102
1470 4101
1469 4101
1468 4101
1467 4101
1466 4101
1465 4102
1464 4103
1463 4103
1462 4103
1461 4103
1460 4103
1459 4103
1458 4103
1457 4103
1456 4103
1455 4103
1454 4102
1453 4102
1452 4102
1451 4102
1450 4101
1449 4101
1448 4101
1447 4101
1446 4101
1445 4101
1444 4101
1443 4101
1442 4100
1441 4100
1440 4099
1439 4098
1438 4098
1437 4097
1436 4096
1435 4096
1434 4095
1433 4095
1432 4095
1431 4095
1430 4095
1429 4095
1428 4095
1427 4095
1426 4095
1425 4095
1424 4095
1423 4095
1422 4095
1421 4095
1420 4095
1419 4095
1418 4095
1417 4095
1416 4095
1415 4095
1414 4095
1413 4095
1412 4095
1411 4095
1410 4095
1409 4095
1408 4095
1407 4095
1406 4095
1405 4095
1404 4095
1403 4095
1402 4095
1401 4095
1400 4095
1399 4095
1398 4095
1397 4095
1396 4095
1395 4095
1394 4095
1393 4095
1392 4095
1391 4095
1390 4095
1389 4095
1388 4095
1387 4095
1386 4095
1385 4095
1384 4095
1383 4095
1382 4095
1381 4095
1380 4094
1379 4094
1378 4094
1377 4094
1376 4093
1375 4093
1374 4093
1373 4093
1372 4093
1371 4093
1370 4093
1369 4093
1368 4092
1367 4092
1366 4092
1365 4092
1364 4091
1363 4091
1362 4091
1361 4091
1360 4091
1359 4091
1358 4091
1357 4091
1356 4091
1355 4091
1354 4090
1353 4090
1352 4090
1351 4090
1350 4089
1349 4089
1348 4089
1347 4089
1346 4088
1345 4088
1344 4088
1343 4088
1342 4087
1341 4087
1340 4087
1339 4087
1338 4087
1337 4087
1336 4087
1335 4087
1334 4086
1333 4086
1332 4086
1331 4086
1330 4085
1329 4085
1328 4085
1327 4085
1326 4085
1325 4085
1324 4084
1323 4084
1322 4083
1321 4083
1320 4082
1319 4082
1318 4081
1317 4081
1316 4081
1315 4081
1314 4081
1313 4081
1312 4081
1311 4081
1310 4081
1309 4081
1308 4081
1307 4081
1306 4081
1305 4081
1304 4080
1303 4080
1302 4080
1301 4080
1300 4079
1299 4079
1298 4079
1297 4079
1296 4079
1295 4079
1294 4079
1293 4079
1292 4078
1291 4078
1290 4078
1289 4078
1288 4077
1287 4077
1286 4076
1285 4076
1284 4076
1283 4075
1282 4074
1281 4074
1280 4074
1279 4074
1278 4073
1277 4073
1276 4073
1275 4073
1274 4073
1273 4073
1272 4073
1271 4073
1270 4073
1269 4073
1268 4073
1267 4073
1266 4073
1265 4073
1264 4072
1263 4072
1262 4072
1261 4072
1260 4071
1259 4071
1258 4071
1257 4071
1256 4071
1255 4071
1254 4071
1253 4071
1252 4070
1251 4070
1250 4070
1249 4069
1248 4068
1247 4068
1246 4068
1245 4068
1244 4067
1243 4067
1242 4067
1241 4067
1240 4067
1239 4067
1238 4067
1237 4067
1236 4067
1235 4067
1234 4067
1233 4067
1232 4067
1231 4067
1230 4067
1229 4067
1228 4067
1227 4067
1226 4067
1225 4067
1224 4067
1223 4067
1222 4067
1221 4067
1220 4067
1219 4067
1218 4067
1217 4067
