281 3514
280 3515
279 3515
278 3515
277 3515
276 3516
275 3516
274 3516
273 3516
272 3516
271 3516
270 3516
269 3516
268 3516
267 3516
266 3516
265 3516
264 3516
263 3516
262 3516
261 3516
260 3517
259 3517
258 3517
257 3517
256 3518
255 3518
254 3518
253 3518
252 3518
251 3518
250 3518
249 3518
248 3518
247 3518
246 3518
245 3518
244 3518
243 3518
242 3518
241 3518
240 3518
239 3518
238 3519
237 3519
236 3519
235 3519
234 3520
233 3520
232 3520
231 3520
230 3520
229 3520
228 3521
227 3521
226 3521
225 3521
224 3522
223 3522
222 3522
221 3522
220 3522
219 3522
218 3522
217 3522
216 3522
215 3522
214 3522
213 3522
212 3522
211 3522
210 3523
209 3523
208 3524
207 3524
206 3525
205 3525
204 3526
203 3526
202 3526
201 3526
200 3526
199 3526
198 3526
197 3526
196 3526
195 3526
194 3527
193 3527
192 3527
191 3527
190 3528
189 3529
188 3529
187 3529
186 3530
185 3530
184 3529
183 3529
182 3529
181 3529
180 3528
179 3528
178 3528
177 3528
176 3528
175 3528
174 3528
173 3528
172 3528
171 3528
170 3528
169 3528
168 3528
167 3528
166 3528
165 3528
164 3529
163 3529
162 3529
161 3529
160 3530
159 3531
158 3530
157 3530
156 3531
155 3531
154 3530
153 3530
152 3530
151 3530
150 3529
149 3529
148 3529
147 3529
146 3528
145 3528
144 3527
143 3527
142 3526
141 3526
140 3525
139 3525
138 3524
137 3524
136 3525
135 3525
134 3525
133 3525
132 3526
131 3526
130 3526
129 3526
128 3527
127 3527
126 3528
125 3528
124 3529
123 3529
122 3530
121 3530
120 3530
119 3530
118 3530
117 3530
116 3530
115 3530
114 3530
113 3530
112 3531
111 3531
110 3532
109 3533
108 3534
108 3535
108 3536
108 3537
107 3538
107 3539
106 3540
106 3541
106 3542
106 3543
105 3544
105 3545
105 3546
105 3547
104 3548
104 3549
104 3550
104 3551
103 3552
103 3553
103 3554
103 3555
103 3556
103 3557
103 3558
103 3559
104 3560
104 3561
104 3562
104 3563
105 3564
106 3565
106 3566
106 3567
107 3568
107 3569
107 3570
107 3571
108 3572
108 3573
108 3574
108 3575
109 3576
109 3577
109 3578
109 3579
109 3580
109 3581
109 3582
109 3583
109 3584
109 3585
109 3586
109 3587
109 3588
109 3589
108 3590
108 3591
109 3592
109 3593
109 3594
110 3595
110 3596
111 3596
112 3597
112 3598
113 3599
114 3600
114 3601
115 3602
115 3603
115 3604
115 3605
115 3606
115 3607
115 3608
115 3609
115 3610
115 3611
115 3612
115 3613
115 3614
115 3615
115 3616
115 3617
115 3618
115 3619
116 3620
116 3621
117 3622
118 3623
118 3624
119 3625
120 3626
120 3627
121 3628
121 3629
122 3630
122 3631
123 3632
124 3632
125 3632
126 3632
127 3632
128 3632
129 3631
130 3631
131 3631
132 3631
133 3631
134 3631
135 3632
136 3632
137 3633
138 3634
138 3635
138 3636
138 3637
138 3638
138 3639
137 3640
137 3641
137 3642
137 3643
138 3644
138 3645
139 3646
140 3646
141 3647
142 3647
143 3647
144 3647
145 3647
146 3647
147 3648
147 3649
147 3650
147 3651
146 3652
146 3653
145 3654
144 3655
144 3656
143 3657
143 3658
143 3659
143 3660
144 3661
145 3662
146 3663
147 3664
148 3664
149 3664
150 3664
151 3664
152 3664
153 3664
154 3664
155 3663
156 3663
157 3663
158 3663
159 3663
160 3663
161 3662
162 3662
163 3662
164 3662
165 3662
166 3662
167 3662
168 3662
169 3663
170 3663
171 3663
172 3663
173 3664
174 3664
175 3664
176 3664
177 3665
178 3665
179 3666
180 3666
181 3666
182 3666
183 3667
184 3667
185 3667
186 3667
187 3668
187 3669
187 3670
187 3671
187 3672
187 3673
187 3674
187 3675
188 3676
188 3677
189 3678
190 3678
191 3679
192 3679
193 3679
194 3679
195 3680
196 3680
197 3681
198 3681
199 3682
200 3682
201 3683
202 3683
203 3683
204 3683
205 3683
206 3683
207 3684
208 3684
209 3684
210 3684
211 3685
212 3685
213 3685
214 3685
215 3685
216 3685
217 3686
218 3686
219 3686
220 3686
221 3687
222 3687
223 3686
224 3686
225 3685
226 3685
227 3684
228 3684
229 3683
230 3683
231 3683
232 3683
233 3683
234 3683
235 3684
236 3684
237 3684
238 3684
239 3685
240 3685
241 3686
242 3686
243 3686
244 3686
245 3687
246 3687
247 3687
248 3687
249 3687
250 3687
251 3687
252 3687
253 3687
254 3687
255 3687
256 3687
257 3687
258 3687
259 3687
260 3687
261 3687
262 3687
263 3687
264 3687
265 3687
266 3687
267 3687
268 3687
269 3687
270 3687
271 3687
272 3687
273 3687
274 3687
275 3687
276 3687
277 3687
278 3687
279 3687
280 3687
281 3687
282 3687
283 3687
284 3687
285 3687
286 3687
287 3687
288 3687
289 3687
290 3687
291 3687
292 3687
293 3687
294 3687
295 3687
296 3687
297 3687
298 3687
299 3687
300 3687
301 3687
302 3687
303 3687
304 3687
305 3686
306 3686
307 3685
308 3685
309 3684
310 3684
311 3683
312 3683
313 3683
314 3683
315 3683
316 3683
317 3683
318 3683
319 3682
320 3682
321 3682
322 3682
323 3681
324 3681
325 3681
326 3681
327 3681
328 3681
329 3681
330 3681
331 3681
332 3681
333 3681
334 3681
335 3681
336 3681
337 3680
338 3680
339 3680
340 3680
341 3679
342 3679
343 3679
344 3679
345 3679
346 3679
347 3679
348 3679
349 3680
350 3680
351 3680
352 3680
353 3681
354 3681
355 3681
356 3681
357 3681
358 3681
359 3681
360 3681
361 3681
362 3681
363 3681
364 3681
365 3680
366 3680
367 3680
368 3680
369 3679
370 3679
371 3679
372 3679
373 3678
374 3678
375 3678
376 3678
377 3677
378 3677
379 3677
380 3677
381 3676
382 3676
383 3676
384 3676
385 3675
386 3675
387 3675
388 3675
389 3675
390 3675
391 3675
392 3675
393 3675
394 3675
395 3675
396 3675
397 3675
398 3675
399 3675
400 3675
401 3675
402 3675
403 3675
404 3675
405 3675
406 3675
407 3675
408 3675
409 3675
410 3675
411 3675
412 3675
413 3674
414 3674
415 3673
416 3672
417 3672
417 3671
418 3670
419 3670
419 3669
420 3668
421 3668
421 3667
422 3666
423 3666
423 3665
424 3664
425 3664
426 3663
427 3662
428 3662
429 3661
430 3660
431 3659
432 3658
433 3658
433 3657
434 3656
435 3656
435 3655
436 3654
437 3654
438 3653
439 3652
440 3652
441 3651
442 3650
443 3650
444 3650
445 3649
446 3648
447 3647
448 3646
449 3646
450 3645
451 3644
452 3644
453 3643
454 3642
455 3641
456 3640
457 3640
457 3639
458 3638
459 3637
460 3636
461 3635
461 3634
462 3633
463 3632
463 3631
464 3630
465 3630
465 3629
466 3628
467 3628
467 3627
468 3626
469 3625
470 3624
471 3623
471 3622
471 3621
471 3620
472 3619
472 3618
472 3617
472 3616
473 3615
473 3614
473 3613
473 3612
474 3611
474 3610
475 3609
475 3608
476 3607
477 3606
477 3605
478 3604
479 3604
479 3603
480 3602
481 3601
481 3600
482 3599
482 3598
482 3597
482 3596
482 3595
482 3594
483 3593
483 3592
483 3591
483 3590
484 3589
484 3588
484 3587
484 3586
484 3585
484 3584
484 3583
484 3582
483 3581
483 3580
483 3579
483 3578
482 3577
482 3576
482 3575
482 3574
482 3573
482 3572
481 3571
481 3570
480 3569
479 3568
479 3567
478 3567
477 3566
477 3565
476 3565
475 3564
475 3563
474 3563
473 3562
473 3561
472 3561
471 3560
471 3559
470 3559
469 3558
469 3557
468 3557
467 3556
467 3555
466 3555
465 3554
465 3553
464 3553
463 3552
463 3551
462 3551
461 3550
460 3549
459 3549
458 3548
457 3548
456 3547
455 3547
454 3546
453 3546
452 3545
451 3544
450 3543
449 3543
448 3543
447 3542
446 3541
445 3541
444 3540
443 3540
442 3539
441 3538
440 3537
439 3537
438 3537
437 3536
436 3535
435 3535
434 3534
433 3534
432 3533
431 3532
430 3531
429 3531
428 3530
427 3530
426 3529
425 3529
424 3528
423 3528
422 3527
421 3527
420 3527
419 3526
418 3525
417 3525
416 3525
415 3525
414 3524
413 3524
412 3523
411 3523
410 3523
409 3523
408 3522
407 3522
406 3521
405 3521
404 3521
403 3521
402 3520
401 3520
400 3520
399 3520
398 3519
397 3519
396 3519
395 3519
394 3518
393 3518
392 3518
391 3518
390 3518
389 3518
388 3518
387 3518
386 3517
385 3517
384 3517
383 3517
382 3516
381 3516
380 3515
379 3515
378 3515
377 3515
376 3514
375 3514
374 3514
373 3514
372 3514
371 3514
370 3514
369 3514
368 3514
367 3514
366 3514
365 3514
364 3514
363 3514
362 3514
361 3514
360 3514
359 3514
358 3514
357 3514
356 3514
355 3514
354 3514
353 3514
352 3514
351 3514
350 3514
349 3514
348 3514
347 3514
346 3514
345 3514
344 3514
343 3514
342 3514
341 3514
340 3514
339 3514
338 3514
337 3514
336 3514
335 3514
334 3514
333 3514
332 3514
331 3514
330 3514
329 3514
328 3514
327 3514
326 3514
325 3514
324 3514
323 3514
322 3514
321 3514
320 3514
319 3514
318 3514
317 3514
316 3514
315 3514
314 3514
313 3514
312 3514
311 3514
310 3514
309 3514
308 3514
307 3514
306 3514
305 3514
304 3514
303 3514
302 3514
301 3514
300 3514
299 3514
298 3514
297 3514
296 3514
295 3514
294 3514
293 3514
292 3514
291 3514
290 3514
289 3514
288 3514
287 3514
286 3514
285 3514
284 3514
283 3514
282 3514
281 3514
