1311 4613
1310 4614
1309 4614
1308 4614
1307 4614
1306 4615
1305 4615
1304 4615
1303 4615
1302 4615
1301 4615
1300 4615
1299 4615
1298 4614
1297 4614
1296 4614
1295 4614
1294 4614
1293 4614
1292 4614
1291 4614
1290 4615
1289 4615
1288 4616
1287 4616
1286 4617
1285 4617
1284 4618
1283 4618
1282 4619
1281 4619
1280 4620
1279 4620
1278 4620
1277 4620
1276 4621
1275 4621
1274 4621
1273 4621
1272 4621
1271 4621
1270 4621
1269 4621
1268 4621
1267 4621
1266 4621
1265 4621
1264 4621
1263 4621
1262 4621
1261 4621
1260 4621
1259 4621
1258 4621
1257 4621
1256 4621
1255 4621
1254 4620
1253 4620
1252 4620
1251 4619
1250 4618
1249 4618
1248 4617
1247 4617
1246 4616
1245 4616
1244 4615
1243 4615
1242 4615
1241 4615
1240 4615
1239 4615
1238 4615
1237 4615
1236 4615
1235 4615
1234 4615
1233 4615
1232 4615
1231 4615
1230 4615
1229 4615
1228 4615
1227 4615
1226 4615
1225 4615
1224 4616
1223 4616
1222 4616
1221 4616
1220 4617
1219 4617
1218 4617
1217 4617
1216 4617
1215 4617
1214 4618
1213 4618
1212 4618
1211 4618
1210 4619
1209 4619
1208 4619
1207 4619
1206 4620
1205 4620
1204 4620
1203 4620
1202 4621
1201 4621
1200 4622
1199 4622
1198 4622
1197 4622
1196 4623
1195 4623
1194 4624
1193 4624
1192 4625
1191 4625
1190 4626
1189 4626
1188 4627
1187 4628
1186 4629
1185 4629
1184 4630
1183 4630
1182 4631
1181 4632
1180 4632
1179 4632
1178 4633
1177 4633
1176 4633
1175 4633
1174 4634
1173 4634
1172 4634
1171 4634
1170 4635
1169 4636
1168 4637
1167 4637
1166 4638
1165 4638
1164 4639
1163 4639
1162 4639
1161 4639
1160 4640
1159 4640
1158 4640
1157 4640
1156 4641
1155 4641
1154 4641
1153 4641
1152 4641
1151 4641
1150 4642
1149 4642
1148 4643
1147 4643
1146 4644
1145 4644
1144 4645
1143 4645
1142 4645
1141 4645
1140 4646
1139 4646
1138 4647
1137 4648
1136 4648
1136 4649
1135 4650
1134 4650
1134 4651
1133 4652
1132 4652
1132 4653
1131 4654
1130 4655
1130 4656
1129 4657
1129 4658
1129 4659
1129 4660
1129 4661
1129 4662
1129 4663
1129 4664
1129 4665
1129 4666
1129 4667
1129 4668
1129 4669
1129 4670
1129 4671
1129 4672
1129 4673
1129 4674
1129 4675
1129 4676
1130 4677
1130 4678
1130 4679
1130 4680
1131 4681
1132 4682
1132 4683
1132 4684
1133 4685
1134 4686
1135 4687
1136 4687
1137 4688
1138 4688
1139 4689
1140 4689
1141 4689
1142 4689
1143 4690
1144 4690
1145 4690
1146 4690
1147 4690
1148 4690
1149 4691
1150 4691
1151 4691
1152 4692
1153 4693
1154 4693
1155 4694
1156 4694
1157 4695
1158 4695
1159 4696
1160 4696
1161 4696
1162 4696
1163 4696
1164 4696
1165 4696
1166 4696
1167 4696
1168 4696
1169 4696
1170 4696
1171 4696
1172 4696
1173 4696
1174 4696
1175 4697
1176 4697
1177 4697
1178 4697
1179 4698
1180 4698
1181 4698
1182 4698
1183 4698
1184 4698
1185 4698
1186 4698
1187 4698
1188 4698
1189 4698
1190 4698
1191 4698
1192 4698
1193 4698
1194 4698
1195 4698
1196 4698
1197 4698
1198 4698
1199 4698
1200 4698
1201 4699
1202 4699
1203 4699
1204 4699
1205 4700
1206 4700
1207 4700
1208 4700
1209 4701
1210 4701
1211 4701
1212 4701
1213 4702
1214 4702
1215 4702
1216 4702
1217 4703
1218 4703
1219 4703
1220 4704
1221 4705
1222 4705
1223 4705
1224 4705
1225 4706
1226 4706
1227 4706
1228 4706
1229 4707
1230 4707
1231 4708
1232 4709
1233 4709
1234 4710
1235 4711
1236 4711
1237 4712
1238 4712
1239 4712
1240 4712
1241 4712
1242 4712
1243 4713
1244 4713
1245 4713
1246 4714
1247 4715
1248 4715
1249 4715
1250 4715
1251 4716
1252 4716
1253 4717
1254 4717
1255 4718
1256 4718
1257 4719
1258 4719
1259 4720
1260 4720
1261 4721
1262 4721
1263 4721
1264 4721
1265 4722
1266 4722
1267 4722
1268 4722
1269 4723
1270 4723
1271 4723
1272 4723
1273 4724
1274 4724
1275 4725
1276 4725
1277 4725
1278 4726
1279 4727
1280 4727
1281 4727
1282 4727
1283 4728
1284 4728
1285 4728
1286 4728
1287 4728
1288 4728
1289 4728
1290 4728
1291 4729
1292 4729
1293 4729
1294 4730
1295 4731
1296 4731
1297 4732
1298 4732
1299 4733
1300 4733
1301 4734
1302 4734
1303 4734
1304 4734
1305 4734
1306 4734
1307 4734
1308 4734
1309 4734
1310 4734
1311 4733
1312 4733
1313 4733
1314 4733
1315 4732
1316 4731
1317 4731
1318 4731
1319 4730
1320 4730
1321 4730
1322 4730
1323 4730
1324 4730
1325 4730
1326 4730
1327 4730
1328 4730
1329 4730
1330 4730
1331 4730
1332 4730
1333 4730
1334 4730
1335 4730
1336 4730
1337 4729
1338 4729
1339 4729
1340 4729
1341 4728
1342 4728
1343 4727
1344 4727
1345 4726
1346 4726
1347 4725
1348 4725
1349 4724
1350 4723
1351 4723
1352 4723
1353 4722
1354 4722
1355 4721
1356 4721
1357 4720
1358 4720
1359 4719
1360 4719
1361 4718
1362 4717
1363 4717
1364 4717
1365 4716
1366 4716
1367 4716
1368 4716
1369 4716
1370 4716
1371 4716
1372 4716
1373 4716
1374 4716
1375 4716
1376 4716
1377 4715
1378 4715
1379 4715
1380 4715
1381 4714
1382 4713
1383 4712
1384 4711
1385 4711
1386 4710
1387 4709
1388 4709
1389 4708
1390 4708
1391 4707
1392 4707
1393 4706
1394 4706
1395 4705
1396 4705
1397 4704
1398 4704
1399 4704
1400 4704
1401 4703
1402 4703
1403 4702
1403 4701
1404 4700
1404 4699
1404 4698
1404 4697
1405 4696
1405 4695
1405 4694
1405 4693
1406 4692
1406 4691
1407 4690
1407 4689
1407 4688
1407 4687
1408 4686
1408 4685
1408 4684
1408 4683
1408 4682
1408 4681
1408 4680
1408 4679
1408 4678
1408 4677
1408 4676
1408 4675
1408 4674
1408 4673
1408 4672
1408 4671
1408 4670
1408 4669
1408 4668
1408 4667
1408 4666
1408 4665
1408 4664
1408 4663
1407 4662
1407 4661
1407 4660
1407 4659
1406 4658
1405 4657
1405 4656
1405 4655
1404 4654
1404 4653
1404 4652
1404 4651
1403 4650
1403 4649
1403 4648
1403 4647
1402 4646
1402 4645
1401 4644
1401 4643
1401 4642
1401 4641
1400 4640
1400 4639
1400 4638
1400 4637
1400 4636
1400 4635
1399 4634
1399 4633
1399 4632
1399 4631
1398 4630
1397 4629
1396 4628
1395 4627
1395 4626
1394 4626
1393 4625
1393 4624
1392 4624
1391 4623
1390 4622
1389 4622
1388 4621
1387 4621
1386 4621
1385 4621
1384 4621
1383 4621
1382 4621
1381 4621
1380 4621
1379 4621
1378 4621
1377 4621
1376 4620
1375 4620
1374 4620
1373 4620
1372 4619
1371 4619
1370 4618
1369 4618
1368 4617
1367 4617
1366 4616
1365 4616
1364 4615
1363 4615
1362 4615
1361 4615
1360 4615
1359 4615
1358 4615
1357 4615
1356 4615
1355 4615
1354 4615
1353 4615
1352 4615
1351 4615
1350 4615
1349 4615
1348 4616
1347 4616
1346 4616
1345 4616
1344 4617
1343 4617
1342 4617
1341 4617
1340 4617
1339 4617
1338 4617
1337 4617
1336 4617
1335 4617
1334 4616
1333 4616
1332 4616
1331 4616
1330 4615
1329 4615
1328 4615
1327 4615
1326 4615
1325 4615
1324 4614
1323 4614
1322 4614
1321 4614
1320 4613
1319 4613
1318 4613
1317 4613
1316 4613
1315 4613
1314 4613
1313 4613
1312 4613
1311 4613
