375 1308
374 1309
373 1309
372 1309
371 1309
370 1310
369 1310
368 1310
367 1310
366 1310
365 1310
364 1310
363 1310
362 1311
361 1311
360 1312
359 1313
358 1313
357 1314
356 1315
355 1315
354 1316
353 1316
352 1316
351 1316
350 1316
349 1316
348 1316
347 1316
346 1316
345 1316
344 1317
343 1317
342 1317
341 1317
340 1318
339 1318
338 1319
337 1319
336 1319
335 1319
334 1320
333 1321
332 1321
331 1321
330 1322
329 1322
328 1322
327 1322
326 1323
325 1323
324 1323
323 1323
322 1324
321 1324
320 1325
319 1325
318 1325
317 1325
316 1326
315 1326
314 1327
313 1327
312 1328
311 1328
310 1329
309 1329
308 1330
307 1330
306 1331
305 1331
304 1331
303 1331
302 1332
301 1332
300 1332
299 1332
298 1332
297 1332
296 1332
295 1332
294 1332
293 1332
292 1332
291 1332
290 1332
289 1332
288 1332
287 1332
286 1332
285 1332
284 1332
283 1332
282 1332
281 1332
280 1333
279 1333
278 1333
277 1333
276 1334
275 1335
274 1336
273 1337
272 1337
272 1338
271 1339
270 1339
269 1340
268 1341
267 1341
266 1342
265 1343
264 1344
263 1345
262 1345
262 1346
261 1347
260 1347
259 1348
258 1349
257 1349
256 1350
255 1351
254 1352
253 1353
252 1353
252 1354
251 1355
250 1356
250 1357
249 1358
249 1359
250 1360
250 1361
251 1362
251 1363
252 1364
252 1365
253 1366
254 1367
255 1368
255 1369
256 1370
256 1371
257 1372
258 1373
259 1374
260 1375
260 1376
261 1377
262 1378
262 1379
263 1380
264 1381
265 1382
266 1383
266 1384
267 1384
268 1385
268 1386
269 1386
270 1387
270 1388
271 1389
272 1390
272 1391
273 1392
274 1393
275 1394
276 1395
277 1396
278 1396
279 1397
280 1397
281 1398
282 1399
283 1400
284 1400
285 1400
286 1400
287 1401
288 1401
289 1401
290 1401
291 1401
292 1401
293 1402
294 1402
295 1402
296 1402
297 1403
298 1403
299 1403
300 1403
301 1403
302 1403
303 1403
304 1403
305 1403
306 1403
307 1403
308 1403
309 1403
310 1403
311 1403
312 1403
313 1403
314 1403
315 1403
316 1403
317 1403
318 1403
319 1403
320 1403
321 1404
322 1404
323 1404
324 1404
325 1405
326 1405
327 1405
328 1405
329 1405
330 1405
331 1405
332 1405
333 1405
334 1405
335 1405
336 1405
337 1405
338 1405
339 1405
340 1405
341 1405
342 1405
343 1406
344 1406
345 1406
346 1406
347 1407
348 1407
349 1407
350 1407
351 1407
352 1407
353 1407
354 1407
355 1407
356 1407
357 1407
358 1407
359 1407
360 1407
361 1408
362 1408
363 1408
364 1408
365 1409
366 1409
367 1409
368 1409
369 1410
370 1410
371 1410
372 1411
373 1412
374 1412
375 1412
376 1412
377 1413
378 1413
379 1413
380 1413
381 1414
382 1414
383 1414
384 1414
385 1415
386 1415
387 1415
388 1415
389 1415
390 1415
391 1415
392 1415
393 1415
394 1415
395 1415
396 1415
397 1415
398 1415
399 1414
400 1414
401 1414
402 1414
403 1413
404 1413
405 1413
406 1413
407 1413
408 1413
409 1413
410 1413
411 1413
412 1413
413 1413
414 1413
415 1413
416 1413
417 1413
418 1413
419 1413
420 1413
421 1412
422 1412
423 1412
424 1412
425 1411
426 1411
427 1411
428 1411
429 1411
430 1411
431 1410
432 1410
433 1410
434 1410
435 1409
436 1409
437 1409
438 1409
439 1408
440 1408
441 1408
442 1408
443 1407
444 1407
445 1406
446 1406
447 1406
448 1406
449 1405
450 1405
451 1405
452 1405
453 1405
454 1405
455 1405
456 1405
457 1405
458 1405
459 1405
460 1405
461 1404
462 1404
463 1404
464 1404
465 1403
466 1402
467 1402
468 1402
469 1401
470 1401
471 1401
472 1401
473 1400
474 1400
475 1399
476 1399
477 1398
478 1398
479 1397
480 1396
481 1396
482 1396
483 1395
484 1394
485 1393
486 1392
487 1392
487 1391
488 1390
489 1390
489 1389
490 1388
491 1388
491 1387
492 1386
493 1386
493 1385
494 1384
495 1383
495 1382
496 1381
496 1380
497 1379
497 1378
497 1377
498 1376
499 1375
499 1374
499 1373
499 1372
500 1371
500 1370
500 1369
500 1368
500 1367
500 1366
500 1365
500 1364
500 1363
500 1362
500 1361
500 1360
500 1359
500 1358
499 1357
499 1356
499 1355
499 1354
498 1353
498 1352
497 1351
497 1350
496 1349
495 1348
494 1347
493 1347
492 1346
491 1346
490 1345
489 1345
488 1344
487 1343
486 1343
485 1342
485 1341
484 1341
483 1340
482 1339
481 1338
480 1337
479 1337
478 1336
477 1336
476 1335
475 1335
474 1334
473 1334
472 1334
471 1334
470 1333
469 1333
468 1332
467 1332
466 1331
465 1331
464 1330
463 1330
462 1329
461 1329
460 1328
459 1327
458 1327
457 1326
456 1325
455 1324
454 1323
453 1323
452 1323
451 1322
450 1321
449 1321
448 1320
447 1320
446 1319
445 1319
444 1318
443 1318
442 1318
441 1318
440 1317
439 1317
438 1317
437 1317
436 1316
435 1316
434 1315
433 1315
432 1315
431 1315
430 1314
429 1314
428 1313
427 1313
426 1313
425 1313
424 1312
423 1312
422 1312
421 1312
420 1312
419 1312
418 1312
417 1312
416 1312
415 1312
414 1312
413 1312
412 1312
411 1312
410 1312
409 1312
408 1311
407 1311
406 1311
405 1310
404 1309
403 1309
402 1309
401 1309
400 1308
399 1308
398 1308
397 1308
396 1308
395 1308
394 1308
393 1308
392 1308
391 1308
390 1308
389 1308
388 1308
387 1308
386 1308
385 1308
384 1308
383 1308
382 1308
381 1308
380 1308
379 1308
378 1308
377 1308
376 1308
375 1308
