1191 4761
1190 4762
1189 4762
1188 4762
1187 4762
1186 4763
1185 4763
1184 4763
1183 4763
1182 4763
1181 4763
1180 4763
1179 4763
1178 4763
1177 4763
1176 4763
1175 4763
1174 4763
1173 4763
1172 4763
1171 4763
1170 4763
1169 4763
1168 4763
1167 4763
1166 4763
1165 4763
1164 4763
1163 4763
1162 4763
1161 4763
1160 4763
1159 4763
1158 4763
1157 4763
1156 4763
1155 4763
1154 4764
1153 4764
1152 4764
1151 4764
1150 4765
1149 4766
1148 4767
1147 4768
1146 4768
1146 4769
1145 4770
1144 4770
1144 4771
1143 4772
1142 4772
1142 4773
1141 4774
1140 4774
1140 4775
1139 4776
1138 4777
1137 4778
1136 4779
1136 4780
1136 4781
1136 4782
1135 4783
1135 4784
1134 4785
1134 4786
1134 4787
1134 4788
1133 4789
1133 4790
1133 4791
1133 4792
1133 4793
1133 4794
1133 4795
1133 4796
1133 4797
1133 4798
1133 4799
1133 4800
1134 4801
1134 4802
1135 4803
1136 4804
1136 4805
1137 4805
1138 4806
1138 4807
1139 4807
1140 4808
1140 4809
1141 4809
1142 4810
1142 4811
1143 4811
1144 4812
1144 4813
1145 4813
1146 4814
1146 4815
1147 4815
1148 4816
1148 4817
1149 4817
1150 4818
1150 4819
1151 4820
1152 4821
1152 4822
1153 4823
1153 4824
1154 4825
1154 4826
1155 4827
1155 4828
1156 4829
1156 4830
1157 4831
1157 4832
1157 4833
1157 4834
1157 4835
1157 4836
1157 4837
1157 4838
1157 4839
1157 4840
1157 4841
1157 4842
1157 4843
1157 4844
1158 4845
1158 4846
1159 4847
1159 4848
1160 4849
1160 4850
1161 4851
1162 4852
1163 4853
1164 4854
1164 4855
1165 4855
1166 4856
1166 4857
1167 4857
1168 4858
1168 4859
1169 4859
1170 4860
1170 4861
1171 4861
1172 4862
1172 4863
1173 4863
1174 4864
1174 4865
1175 4865
1176 4866
1176 4867
1177 4867
1178 4868
1179 4869
1180 4869
1181 4870
1182 4870
1183 4870
1184 4870
1185 4870
1186 4870
1187 4870
1188 4870
1189 4870
1190 4870
1191 4870
1192 4870
1193 4870
1194 4870
1195 4870
1196 4870
1197 4870
1198 4870
1199 4871
1200 4871
1201 4872
1202 4873
1203 4873
1204 4874
1205 4875
1206 4875
1207 4876
1208 4876
1209 4877
1210 4877
1211 4878
1212 4879
1213 4879
1214 4880
1215 4881
1216 4882
1217 4883
1218 4883
1219 4884
1220 4884
1221 4885
1222 4885
1223 4886
1224 4886
1225 4886
1226 4886
1227 4886
1228 4886
1229 4886
1230 4886
1231 4886
1232 4886
1233 4886
1234 4886
1235 4886
1236 4886
1237 4886
1238 4886
1239 4886
1240 4886
1241 4886
1242 4886
1243 4887
1244 4887
1245 4887
1246 4887
1247 4888
1248 4888
1249 4888
1250 4888
1251 4888
1252 4888
1253 4888
1254 4888
1255 4888
1256 4888
1257 4888
1258 4888
1259 4888
1260 4888
1261 4888
1262 4888
1263 4888
1264 4888
1265 4888
1266 4888
1267 4888
1268 4888
1269 4888
1270 4888
1271 4887
1272 4887
1273 4886
1274 4885
1275 4885
1275 4884
1276 4883
1277 4883
1277 4882
1278 4881
1279 4881
1279 4880
1280 4879
1281 4879
1281 4878
1282 4877
1283 4877
1283 4876
1284 4875
1285 4875
1286 4874
1287 4873
1288 4873
1289 4872
1290 4872
1291 4872
1292 4872
1293 4872
1294 4872
1295 4872
1296 4872
1297 4872
1298 4872
1299 4871
1300 4871
1301 4871
1302 4871
1303 4870
1304 4870
1305 4870
1306 4870
1307 4870
1308 4870
1309 4869
1310 4869
1311 4869
1312 4869
1313 4868
1314 4868
1315 4867
1316 4867
1317 4867
1318 4867
1319 4866
1320 4866
1321 4866
1322 4866
1323 4865
1324 4865
1325 4865
1326 4865
1327 4864
1328 4863
1329 4862
1330 4861
1331 4861
1331 4860
1332 4859
1333 4859
1333 4858
1334 4857
1335 4857
1335 4856
1336 4855
1337 4855
1337 4854
1338 4853
1339 4852
1340 4851
1341 4850
1341 4849
1341 4848
1342 4847
1343 4846
1343 4845
1344 4844
1345 4843
1345 4842
1346 4841
1347 4841
1347 4840
1348 4839
1349 4838
1349 4837
1350 4836
1350 4835
1350 4834
1350 4833
1350 4832
1350 4831
1350 4830
1350 4829
1350 4828
1350 4827
1350 4826
1350 4825
1350 4824
1350 4823
1351 4822
1351 4821
1351 4820
1351 4819
1352 4818
1352 4817
1352 4816
1352 4815
1352 4814
1352 4813
1352 4812
1352 4811
1352 4810
1352 4809
1352 4808
1352 4807
1352 4806
1352 4805
1352 4804
1352 4803
1352 4802
1352 4801
1352 4800
1352 4799
1352 4798
1352 4797
1352 4796
1352 4795
1352 4794
1352 4793
1351 4792
1351 4791
1350 4790
1349 4789
1349 4788
1348 4788
1347 4787
1347 4786
1346 4785
1345 4784
1345 4783
1344 4782
1344 4781
1343 4780
1343 4779
1342 4778
1341 4777
1341 4776
1340 4776
1339 4775
1339 4774
1338 4774
1337 4773
1337 4772
1336 4772
1335 4771
1335 4770
1334 4770
1333 4769
1332 4768
1331 4768
1330 4767
1329 4767
1328 4767
1327 4767
1326 4767
1325 4767
1324 4767
1323 4767
1322 4768
1321 4768
1320 4768
1319 4768
1318 4769
1317 4769
1316 4769
1315 4769
1314 4769
1313 4769
1312 4769
1311 4769
1310 4769
1309 4769
1308 4769
1307 4769
1306 4769
1305 4769
1304 4769
1303 4769
1302 4769
1301 4769
1300 4769
1299 4769
1298 4769
1297 4769
1296 4769
1295 4769
1294 4769
1293 4769
1292 4769
1291 4769
1290 4769
1289 4769
1288 4769
1287 4769
1286 4769
1285 4769
1284 4769
1283 4769
1282 4769
1281 4769
1280 4769
1279 4769
1278 4769
1277 4769
1276 4769
1275 4769
1274 4769
1273 4769
1272 4769
1271 4769
1270 4770
1269 4770
1268 4771
1267 4771
1266 4772
1265 4772
1264 4773
1263 4773
1262 4773
1261 4773
1260 4773
1259 4773
1258 4773
1257 4773
1256 4772
1255 4772
1254 4772
1253 4772
1252 4771
1251 4771
1250 4771
1249 4771
1248 4770
1247 4770
1246 4770
1245 4770
1244 4769
1243 4769
1242 4769
1241 4769
1240 4769
1239 4769
1238 4769
1237 4769
1236 4769
1235 4769
1234 4769
1233 4769
1232 4769
1231 4769
1230 4769
1229 4769
1228 4769
1227 4769
1226 4769
1225 4769
1224 4769
1223 4769
1222 4768
1221 4768
1220 4768
1219 4768
1218 4767
1217 4767
1216 4767
1215 4767
1214 4766
1213 4766
1212 4766
1211 4766
1210 4765
1209 4765
1208 4764
1207 4764
1206 4764
1205 4764
1204 4763
1203 4763
1202 4763
1201 4763
1200 4762
1199 4762
1198 4762
1197 4762
1196 4761
1195 4761
1194 4761
1193 4761
1192 4761
1191 4761
