779 1471
778 1472
777 1472
776 1472
775 1472
774 1473
773 1473
772 1473
771 1473
770 1473
769 1473
768 1473
767 1473
766 1473
765 1473
764 1473
763 1473
762 1473
761 1473
760 1473
759 1473
758 1473
757 1473
756 1473
755 1473
754 1473
753 1473
752 1473
751 1473
750 1473
749 1473
748 1473
747 1473
746 1473
745 1473
744 1474
743 1474
742 1474
741 1474
740 1475
739 1476
738 1477
737 1477
736 1478
735 1478
734 1479
733 1479
732 1479
731 1479
730 1479
729 1479
728 1479
727 1479
726 1479
725 1479
724 1479
723 1479
722 1480
721 1480
720 1481
719 1482
718 1482
718 1483
717 1484
716 1484
716 1485
715 1486
714 1487
714 1488
713 1489
713 1490
713 1491
713 1492
713 1493
713 1494
714 1495
714 1496
714 1497
714 1498
715 1499
715 1500
715 1501
715 1502
715 1503
715 1504
715 1505
715 1506
715 1507
715 1508
715 1509
715 1510
715 1511
715 1512
716 1513
716 1514
717 1515
718 1516
718 1517
719 1517
720 1518
720 1519
721 1519
722 1520
722 1521
723 1521
724 1522
724 1523
725 1523
726 1524
726 1525
727 1525
728 1526
728 1527
729 1528
730 1529
730 1530
731 1531
732 1532
732 1533
732 1534
733 1535
733 1536
734 1537
734 1538
734 1539
734 1540
735 1541
736 1542
736 1543
736 1544
737 1545
738 1546
739 1547
739 1548
740 1549
740 1550
741 1551
742 1552
743 1553
744 1554
745 1555
746 1555
747 1556
748 1556
749 1557
750 1557
751 1557
752 1557
753 1558
754 1558
755 1559
756 1559
757 1559
758 1560
759 1561
760 1561
761 1562
762 1562
763 1563
764 1563
765 1564
766 1564
767 1564
768 1564
769 1564
770 1564
771 1564
772 1564
773 1564
774 1564
775 1564
776 1564
777 1565
778 1565
779 1566
780 1566
781 1567
782 1567
783 1568
784 1568
785 1569
786 1569
787 1569
788 1569
789 1570
790 1570
791 1571
792 1571
793 1571
794 1571
795 1572
796 1572
797 1572
798 1572
799 1572
800 1572
801 1572
802 1572
803 1573
804 1573
805 1573
806 1573
807 1574
808 1574
809 1574
810 1574
811 1574
812 1574
813 1574
814 1574
815 1574
816 1574
817 1574
818 1574
819 1575
820 1575
821 1575
822 1575
823 1576
824 1576
825 1576
826 1576
827 1576
828 1576
829 1577
830 1577
831 1577
832 1577
833 1578
834 1578
835 1578
836 1578
837 1578
838 1578
839 1578
840 1578
841 1578
842 1578
843 1578
844 1578
845 1578
846 1578
847 1578
848 1578
849 1578
850 1578
851 1578
852 1578
853 1578
854 1578
855 1578
856 1578
857 1578
858 1578
859 1578
860 1578
861 1578
862 1578
863 1578
864 1578
865 1578
866 1578
867 1578
868 1578
869 1578
870 1578
871 1578
872 1578
873 1578
874 1578
875 1578
876 1578
877 1578
878 1578
879 1578
880 1578
881 1577
882 1577
883 1577
884 1577
885 1576
886 1576
887 1576
888 1576
889 1576
890 1576
891 1576
892 1576
893 1576
894 1576
895 1575
896 1575
897 1575
898 1575
899 1574
900 1574
901 1573
902 1573
903 1573
904 1573
905 1572
906 1571
907 1571
908 1571
909 1570
910 1570
911 1569
912 1569
913 1569
914 1569
915 1568
916 1568
917 1568
918 1568
919 1567
920 1567
921 1567
922 1567
923 1566
924 1565
925 1564
926 1564
927 1563
928 1563
929 1562
930 1561
931 1560
932 1560
933 1559
934 1559
935 1558
936 1557
937 1557
938 1557
939 1556
940 1556
941 1555
942 1555
943 1554
943 1553
944 1552
944 1551
945 1550
945 1549
945 1548
945 1547
946 1546
946 1545
946 1544
946 1543
946 1542
946 1541
946 1540
946 1539
946 1538
946 1537
946 1536
946 1535
946 1534
946 1533
946 1532
946 1531
946 1530
946 1529
946 1528
946 1527
946 1526
946 1525
946 1524
946 1523
946 1522
946 1521
946 1520
946 1519
946 1518
946 1517
946 1516
946 1515
946 1514
946 1513
945 1512
945 1511
945 1510
945 1509
944 1508
944 1507
944 1506
944 1505
944 1504
944 1503
943 1502
943 1501
943 1500
943 1499
942 1498
941 1497
940 1496
939 1495
938 1494
937 1494
936 1493
935 1493
934 1492
933 1492
932 1491
931 1490
930 1490
929 1489
929 1488
928 1488
927 1487
927 1486
926 1486
925 1485
925 1484
924 1484
923 1483
923 1482
922 1482
921 1481
921 1480
920 1480
919 1479
918 1478
917 1478
916 1477
915 1477
914 1477
913 1477
912 1476
911 1476
910 1475
909 1475
908 1474
907 1474
906 1473
905 1473
904 1473
903 1473
902 1473
901 1473
900 1473
899 1473
898 1473
897 1473
896 1473
895 1473
894 1472
893 1472
892 1472
891 1472
890 1471
889 1471
888 1471
887 1471
886 1471
885 1471
884 1471
883 1471
882 1471
881 1471
880 1471
879 1471
878 1471
877 1471
876 1471
875 1471
874 1471
873 1471
872 1471
871 1471
870 1471
869 1471
868 1471
867 1471
866 1471
865 1471
864 1471
863 1471
862 1471
861 1471
860 1471
859 1471
858 1471
857 1471
856 1471
855 1471
854 1471
853 1471
852 1471
851 1471
850 1471
849 1471
848 1471
847 1471
846 1471
845 1471
844 1471
843 1471
842 1471
841 1471
840 1471
839 1471
838 1471
837 1471
836 1471
835 1471
834 1471
833 1471
832 1471
831 1471
830 1471
829 1471
828 1471
827 1471
826 1471
825 1471
824 1471
823 1471
822 1472
821 1472
820 1472
819 1472
818 1473
817 1473
816 1473
815 1473
814 1473
813 1473
812 1473
811 1473
810 1473
809 1473
808 1473
807 1473
806 1472
805 1472
804 1472
803 1472
802 1471
801 1471
800 1471
799 1471
798 1471
797 1471
796 1471
795 1471
794 1471
793 1471
792 1471
791 1471
790 1471
789 1471
788 1471
787 1471
786 1471
785 1471
784 1471
783 1471
782 1471
781 1471
780 1471
779 1471
