1149 2891
1148 2892
1147 2892
1146 2893
1145 2894
1144 2894
1143 2895
1142 2896
1141 2896
1140 2897
1139 2897
1138 2897
1137 2897
1136 2897
1135 2897
1134 2897
1133 2897
1132 2897
1131 2897
1130 2897
1129 2897
1128 2897
1127 2897
1126 2897
1125 2897
1124 2898
1123 2898
1122 2899
1121 2899
1120 2900
1119 2900
1118 2901
1117 2902
1116 2902
1115 2902
1114 2903
1113 2904
1112 2905
1111 2905
1110 2906
1109 2906
1108 2907
1107 2908
1106 2908
1105 2908
1104 2909
1103 2909
1102 2910
1101 2910
1100 2910
1099 2910
1098 2911
1097 2912
1096 2912
1095 2912
1094 2913
1093 2913
1092 2913
1091 2913
1090 2914
1089 2914
1088 2914
1087 2914
1086 2915
1085 2915
1084 2915
1083 2915
1082 2916
1081 2916
1080 2916
1079 2916
1078 2917
1077 2917
1076 2918
1075 2918
1074 2918
1073 2918
1072 2919
1071 2919
1070 2920
1069 2920
1068 2920
1067 2920
1066 2921
1065 2921
1064 2922
1063 2922
1062 2922
1061 2922
1060 2923
1059 2923
1058 2923
1057 2923
1056 2923
1055 2923
1054 2923
1053 2923
1052 2923
1051 2923
1050 2923
1049 2923
1048 2923
1047 2923
1046 2923
1045 2923
1044 2923
1043 2923
1042 2923
1041 2923
1040 2923
1039 2923
1038 2923
1037 2923
1036 2923
1035 2923
1034 2923
1033 2923
1032 2923
1031 2923
1030 2923
1029 2923
1028 2924
1027 2924
1026 2925
1025 2925
1024 2926
1023 2926
1022 2927
1021 2927
1020 2927
1019 2927
1018 2928
1017 2928
1016 2929
1015 2930
1014 2931
1013 2932
1012 2933
1012 2934
1011 2935
1010 2935
1009 2935
1008 2936
1007 2936
1006 2936
1005 2936
1004 2937
1003 2938
1002 2939
1001 2940
1000 2940
999 2940
998 2940
997 2939
996 2938
995 2938
994 2937
993 2937
992 2936
991 2935
990 2934
989 2934
988 2934
987 2934
986 2933
985 2933
984 2933
983 2933
982 2933
981 2933
980 2933
979 2933
978 2933
977 2933
976 2933
975 2933
974 2933
973 2933
972 2933
971 2933
970 2934
969 2934
968 2934
967 2934
966 2935
965 2935
964 2936
963 2936
962 2936
961 2936
960 2937
959 2937
958 2937
957 2937
956 2937
955 2937
954 2938
953 2938
952 2938
951 2938
950 2939
949 2939
948 2939
947 2939
946 2939
945 2939
944 2939
943 2939
942 2940
941 2940
940 2940
939 2940
938 2941
937 2941
936 2941
935 2941
934 2941
933 2941
932 2941
931 2941
930 2941
929 2941
928 2941
927 2941
926 2942
925 2942
924 2943
923 2944
922 2944
922 2945
921 2946
920 2946
920 2947
919 2948
918 2949
918 2950
917 2951
917 2952
917 2953
917 2954
917 2955
917 2956
917 2957
917 2958
917 2959
917 2960
917 2961
917 2962
917 2963
917 2964
917 2965
917 2966
917 2967
917 2968
917 2969
917 2970
917 2971
917 2972
917 2973
917 2974
917 2975
917 2976
917 2977
917 2978
917 2979
917 2980
917 2981
917 2982
917 2983
917 2984
918 2985
918 2986
918 2987
918 2988
919 2989
919 2990
920 2991
920 2992
920 2993
920 2994
921 2995
922 2996
922 2997
922 2998
923 2999
924 3000
925 3001
926 3002
926 3003
927 3003
928 3004
929 3005
930 3005
931 3006
932 3006
933 3007
934 3007
935 3008
936 3008
937 3009
938 3009
939 3010
940 3010
941 3010
942 3010
943 3010
944 3010
945 3010
946 3010
947 3010
948 3010
949 3010
950 3010
951 3010
952 3010
953 3010
954 3010
955 3010
956 3010
957 3010
958 3010
959 3011
960 3011
961 3011
962 3012
963 3013
964 3013
965 3014
966 3015
967 3015
968 3016
968 3017
969 3017
970 3018
970 3019
971 3019
972 3020
972 3021
973 3021
974 3022
975 3023
976 3024
977 3025
978 3025
979 3025
980 3026
981 3027
982 3027
983 3028
984 3028
985 3029
986 3030
987 3031
988 3031
989 3031
990 3031
991 3032
992 3032
993 3032
994 3032
995 3033
996 3033
997 3033
998 3033
999 3034
1000 3034
1001 3034
1002 3034
1003 3034
1004 3034
1005 3034
1006 3034
1007 3034
1008 3034
1009 3034
1010 3034
1011 3035
1012 3035
1013 3035
1014 3036
1015 3037
1016 3037
1017 3037
1018 3038
1019 3039
1020 3039
1021 3040
1022 3041
1023 3041
1024 3042
1025 3043
1026 3043
1027 3044
1028 3044
1029 3044
1030 3044
1031 3044
1032 3044
1033 3044
1034 3044
1035 3045
1036 3045
1037 3046
1038 3046
1039 3047
1040 3048
1041 3049
1042 3049
1043 3049
1044 3049
1045 3050
1046 3050
1047 3050
1048 3050
1049 3050
1050 3050
1051 3050
1052 3050
1053 3051
1054 3051
1055 3052
1056 3052
1057 3053
1058 3053
1059 3054
1060 3054
1061 3054
1062 3054
1063 3054
1064 3054
1065 3053
1066 3052
1067 3051
1068 3050
1069 3049
1069 3048
1070 3047
1071 3047
1072 3046
1073 3045
1074 3045
1075 3044
1076 3044
1077 3044
1078 3044
1079 3044
1080 3044
1081 3044
1082 3044
1083 3043
1084 3042
1085 3042
1086 3041
1087 3040
1088 3040
1089 3040
1090 3040
1091 3040
1092 3040
1093 3040
1094 3040
1095 3041
1096 3041
1097 3041
1098 3042
1099 3043
1100 3043
1101 3044
1102 3045
1102 3046
1103 3047
1103 3048
1102 3049
1102 3050
1102 3051
1102 3052
1102 3053
1102 3054
1102 3055
1102 3056
1103 3057
1104 3058
1105 3059
1106 3059
1107 3060
1108 3060
1109 3060
1110 3060
1111 3060
1112 3060
1113 3060
1114 3060
1115 3060
1116 3060
1117 3060
1118 3060
1119 3060
1120 3060
1121 3060
1122 3060
1123 3060
1124 3060
1125 3060
1126 3060
1127 3060
1128 3060
1129 3060
1130 3060
1131 3060
1132 3060
1133 3060
1134 3060
1135 3060
1136 3060
1137 3060
1138 3060
1139 3060
1140 3060
1141 3060
1142 3060
1143 3060
1144 3060
1145 3060
1146 3060
1147 3060
1148 3060
1149 3060
1150 3060
1151 3060
1152 3060
1153 3060
1154 3060
1155 3060
1156 3060
1157 3060
1158 3060
1159 3060
1160 3060
1161 3060
1162 3060
1163 3060
1164 3060
1165 3060
1166 3060
1167 3060
1168 3060
1169 3060
1170 3060
1171 3059
1172 3059
1173 3059
1174 3059
1175 3058
1176 3058
1177 3058
1178 3058
1179 3058
1180 3058
1181 3058
1182 3058
1183 3057
1184 3057
1185 3057
1186 3057
1187 3056
1188 3055
1189 3055
1190 3055
1191 3054
1192 3054
1193 3054
1194 3054
1195 3053
1196 3053
1197 3053
1198 3053
1199 3052
1200 3052
1201 3051
1202 3051
1203 3050
1204 3049
1205 3048
1205 3047
1206 3046
1206 3045
1206 3044
1206 3043
1207 3042
1208 3042
1209 3042
1210 3042
1211 3042
1212 3042
1213 3041
1214 3041
1215 3040
1216 3040
1217 3039
1218 3039
1219 3038
1220 3037
1221 3036
1222 3035
1223 3035
1223 3034
1224 3033
1225 3033
1225 3032
1226 3031
1227 3031
1227 3030
1228 3029
1229 3028
1230 3027
1231 3026
1231 3025
1232 3024
1232 3023
1233 3022
1233 3021
1234 3020
1234 3019
1234 3018
1234 3017
1234 3016
1234 3015
1234 3014
1234 3013
1234 3012
1234 3011
1234 3010
1234 3009
1234 3008
1234 3007
1234 3006
1234 3005
1234 3004
1234 3003
1235 3002
1235 3001
1236 3000
1236 2999
1237 2998
1238 2997
1239 2996
1239 2995
1239 2994
1239 2993
1240 2992
1240 2991
1240 2990
1240 2989
1240 2988
1240 2987
1240 2986
1240 2985
1240 2984
1240 2983
1240 2982
1240 2981
1241 2980
1241 2979
1241 2978
1241 2977
1242 2976
1242 2975
1242 2974
1242 2973
1242 2972
1242 2971
1242 2970
1242 2969
1242 2968
1242 2967
1242 2966
1242 2965
1242 2964
1242 2963
1242 2962
1242 2961
1242 2960
1242 2959
1241 2958
1241 2957
1240 2956
1239 2955
1239 2954
1238 2954
1237 2953
1237 2952
1236 2951
1235 2950
1235 2949
1234 2948
1233 2947
1233 2946
1233 2945
1232 2944
1232 2943
1231 2942
1231 2941
1230 2940
1230 2939
1229 2938
1229 2937
1228 2936
1227 2935
1226 2934
1225 2933
1225 2932
1224 2932
1223 2931
1223 2930
1222 2930
1221 2929
1221 2928
1220 2928
1219 2927
1218 2926
1217 2925
1216 2924
1215 2924
1214 2923
1213 2922
1213 2921
1212 2920
1211 2919
1210 2918
1209 2917
1209 2916
1208 2916
1207 2915
1207 2914
1206 2914
1205 2913
1205 2912
1204 2912
1203 2911
1203 2910
1202 2910
1201 2909
1201 2908
1200 2908
1199 2907
1199 2906
1198 2906
1197 2905
1197 2904
1196 2904
1195 2903
1194 2902
1193 2901
1192 2900
1191 2900
1190 2899
1189 2898
1188 2898
1187 2897
1186 2896
1185 2895
1184 2894
1183 2894
1182 2894
1181 2894
1180 2893
1179 2893
1178 2892
1177 2892
1176 2892
1175 2892
1174 2891
1173 2891
1172 2891
1171 2891
1170 2891
1169 2891
1168 2891
1167 2891
1166 2891
1165 2891
1164 2891
1163 2891
1162 2891
1161 2891
1160 2891
1159 2891
1158 2891
1157 2891
1156 2891
1155 2891
1154 2891
1153 2891
1152 2891
1151 2891
1150 2891
1149 2891
