1151 5105
1150 5106
1149 5106
1148 5106
1147 5106
1146 5107
1145 5107
1144 5107
1143 5107
1142 5107
1141 5107
1140 5108
1139 5108
1138 5108
1137 5108
1136 5109
1135 5110
1134 5110
1133 5110
1132 5111
1131 5111
1130 5112
1129 5112
1128 5113
1127 5114
1126 5114
1125 5115
1124 5116
1123 5116
1122 5117
1121 5118
1120 5118
1119 5118
1118 5119
1117 5120
1116 5120
1115 5120
1114 5121
1113 5122
1112 5122
1111 5122
1110 5123
1109 5123
1108 5123
1107 5123
1106 5124
1105 5124
1104 5124
1103 5124
1102 5125
1101 5126
1100 5126
1099 5126
1098 5127
1097 5127
1096 5128
1095 5128
1094 5128
1093 5128
1092 5129
1091 5129
1090 5130
1089 5130
1088 5130
1087 5130
1086 5131
1085 5131
1084 5131
1083 5131
1082 5131
1081 5131
1080 5131
1079 5131
1078 5131
1077 5131
1076 5131
1075 5131
1074 5131
1073 5131
1072 5132
1071 5132
1070 5132
1069 5132
1068 5133
1067 5133
1066 5133
1065 5133
1064 5133
1063 5133
1062 5133
1061 5133
1060 5134
1059 5134
1058 5134
1057 5134
1056 5135
1055 5135
1054 5135
1053 5135
1052 5136
1051 5136
1050 5137
1049 5137
1048 5138
1047 5138
1046 5139
1045 5139
1044 5139
1043 5139
1042 5139
1041 5139
1040 5139
1039 5139
1038 5139
1037 5139
1036 5140
1035 5140
1034 5140
1033 5140
1032 5141
1031 5141
1030 5142
1029 5142
1028 5142
1027 5142
1026 5143
1025 5143
1024 5143
1023 5143
1022 5143
1021 5143
1020 5144
1019 5144
1018 5144
1017 5144
1016 5145
1015 5145
1014 5145
1013 5145
1012 5145
1011 5145
1010 5145
1009 5145
1008 5145
1007 5145
1006 5146
1005 5146
1004 5146
1003 5146
1002 5147
1001 5147
1000 5146
999 5146
998 5146
997 5145
996 5144
995 5144
994 5144
993 5144
992 5143
991 5143
990 5143
989 5143
988 5143
987 5143
986 5143
985 5143
984 5143
983 5143
982 5143
981 5143
980 5142
979 5142
978 5142
977 5142
976 5141
975 5141
974 5141
973 5141
972 5140
971 5140
970 5140
969 5139
968 5138
967 5138
966 5138
965 5137
964 5136
963 5136
962 5136
961 5136
960 5135
959 5135
958 5135
957 5135
956 5135
955 5135
954 5135
953 5135
952 5135
951 5135
950 5135
949 5135
948 5135
947 5135
946 5135
945 5135
944 5135
943 5135
942 5135
941 5135
940 5135
939 5135
938 5135
937 5135
936 5135
935 5135
934 5136
933 5136
932 5136
931 5136
930 5137
929 5137
928 5137
927 5137
926 5138
925 5138
924 5138
923 5138
922 5139
921 5140
920 5140
919 5140
918 5141
917 5141
916 5141
915 5141
914 5141
913 5141
912 5142
911 5142
910 5142
909 5142
908 5143
907 5144
906 5144
905 5144
904 5145
903 5145
902 5145
901 5145
900 5145
899 5145
898 5145
897 5145
896 5145
895 5145
894 5145
893 5145
892 5146
891 5146
890 5146
889 5146
888 5147
887 5147
886 5147
885 5147
884 5147
883 5147
882 5148
881 5148
880 5148
879 5148
878 5149
877 5150
876 5150
875 5150
874 5151
873 5151
872 5151
871 5151
870 5151
869 5151
868 5152
867 5152
866 5152
865 5152
864 5153
863 5153
862 5154
861 5154
860 5154
859 5154
858 5155
857 5155
856 5156
855 5156
854 5156
853 5156
852 5157
851 5157
850 5158
849 5158
848 5158
847 5158
846 5159
845 5159
844 5159
843 5159
842 5159
841 5159
840 5158
839 5158
838 5158
837 5158
836 5157
835 5157
834 5158
833 5158
832 5159
831 5159
830 5160
829 5160
828 5161
827 5161
826 5161
825 5161
824 5161
823 5161
822 5162
821 5162
820 5163
819 5164
818 5164
818 5165
817 5166
816 5166
816 5167
815 5168
814 5168
814 5169
813 5170
812 5170
812 5171
811 5172
810 5172
810 5173
809 5174
808 5174
807 5175
806 5176
805 5176
804 5177
803 5177
802 5178
801 5178
800 5179
799 5180
798 5180
797 5181
796 5182
795 5182
794 5183
793 5184
792 5184
791 5184
790 5185
789 5186
788 5187
787 5188
786 5189
785 5190
784 5191
784 5192
783 5193
782 5194
782 5195
781 5196
780 5197
779 5198
778 5199
778 5200
777 5201
777 5202
776 5203
776 5204
775 5205
775 5206
774 5207
774 5208
774 5209
774 5210
773 5211
773 5212
772 5213
772 5214
772 5215
772 5216
771 5217
771 5218
771 5219
771 5220
772 5221
772 5222
773 5223
774 5224
775 5225
776 5225
777 5226
778 5226
779 5227
780 5227
781 5227
782 5227
783 5228
784 5228
785 5228
786 5228
787 5229
788 5229
789 5229
790 5229
791 5230
792 5230
793 5231
794 5231
795 5232
796 5232
797 5233
798 5233
799 5234
800 5234
801 5234
802 5234
803 5234
804 5234
805 5234
806 5234
807 5234
808 5234
809 5234
810 5234
811 5234
812 5234
813 5234
814 5234
815 5234
816 5234
817 5234
818 5234
819 5234
820 5234
821 5235
822 5235
823 5235
824 5235
825 5236
826 5236
827 5237
828 5237
829 5238
830 5238
831 5239
832 5240
833 5241
834 5241
835 5242
836 5243
837 5243
838 5244
839 5245
840 5245
841 5246
842 5246
843 5246
844 5246
845 5246
846 5246
847 5246
848 5246
849 5246
850 5246
851 5246
852 5246
853 5246
854 5246
855 5246
856 5246
857 5247
858 5247
859 5248
860 5248
861 5249
862 5249
863 5250
864 5250
865 5250
866 5250
867 5250
868 5250
869 5251
870 5251
871 5251
872 5251
873 5252
874 5252
875 5252
876 5252
877 5253
878 5253
879 5253
880 5253
881 5254
882 5254
883 5254
884 5254
885 5254
886 5254
887 5255
888 5255
889 5255
890 5255
891 5256
892 5256
893 5256
894 5256
895 5256
896 5256
897 5256
898 5256
899 5256
900 5256
901 5257
902 5257
903 5257
904 5257
905 5258
906 5258
907 5258
908 5258
909 5258
910 5258
911 5258
912 5258
913 5258
914 5258
915 5258
916 5258
917 5258
918 5258
919 5258
920 5258
921 5258
922 5258
923 5258
924 5258
925 5258
926 5258
927 5258
928 5258
929 5258
930 5258
931 5258
932 5258
933 5258
934 5258
935 5258
936 5258
937 5258
938 5258
939 5258
940 5258
941 5258
942 5258
943 5258
944 5258
945 5258
946 5258
947 5258
948 5258
949 5258
950 5258
951 5258
952 5258
953 5258
954 5258
955 5258
956 5258
957 5259
958 5259
959 5259
960 5260
961 5261
962 5261
963 5261
964 5261
965 5262
966 5262
967 5262
968 5262
969 5262
970 5262
971 5262
972 5262
973 5263
974 5263
975 5264
976 5264
977 5265
978 5266
979 5267
980 5267
981 5267
982 5268
983 5269
984 5269
985 5269
986 5269
987 5270
988 5270
989 5270
990 5270
991 5271
992 5271
993 5271
994 5272
995 5273
996 5273
997 5273
998 5274
999 5275
1000 5275
1001 5276
1002 5276
1003 5277
1004 5277
1005 5278
1006 5278
1007 5278
1008 5278
1009 5278
1010 5278
1011 5278
1012 5278
1013 5278
1014 5278
1015 5278
1016 5278
1017 5278
1018 5278
1019 5278
1020 5278
1021 5278
1022 5278
1023 5278
1024 5278
1025 5278
1026 5278
1027 5278
1028 5278
1029 5278
1030 5278
1031 5278
1032 5278
1033 5278
1034 5278
1035 5278
1036 5278
1037 5278
1038 5278
1039 5278
1040 5278
1041 5279
1042 5279
1043 5279
1044 5279
1045 5280
1046 5280
1047 5280
1048 5280
1049 5280
1050 5280
1051 5280
1052 5280
1053 5280
1054 5280
1055 5280
1056 5280
1057 5280
1058 5280
1059 5280
1060 5280
1061 5281
1062 5281
1063 5281
1064 5281
1065 5282
1066 5282
1067 5282
1068 5282
1069 5282
1070 5282
1071 5282
1072 5282
1073 5283
1074 5283
1075 5283
1076 5283
1077 5284
1078 5284
1079 5284
1080 5284
1081 5284
1082 5284
1083 5284
1084 5284
1085 5284
1086 5284
1087 5284
1088 5284
1089 5284
1090 5284
1091 5284
1092 5284
1093 5284
1094 5284
1095 5284
1096 5284
1097 5284
1098 5284
1099 5284
1100 5284
1101 5284
1102 5284
1103 5284
1104 5284
1105 5284
1106 5284
1107 5284
1108 5284
1109 5284
1110 5284
1111 5284
1112 5284
1113 5284
1114 5284
1115 5284
1116 5284
1117 5284
1118 5284
1119 5284
1120 5284
1121 5284
1122 5284
1123 5284
1124 5284
1125 5284
1126 5284
1127 5284
1128 5284
1129 5284
1130 5284
1131 5284
1132 5284
1133 5284
1134 5284
1135 5284
1136 5284
1137 5285
1138 5285
1139 5285
1140 5285
1141 5286
1142 5286
1143 5286
1144 5286
1145 5286
1146 5286
1147 5286
1148 5286
1149 5286
1150 5286
1151 5286
1152 5286
1153 5286
1154 5286
1155 5286
1156 5286
1157 5286
1158 5286
1159 5286
1160 5286
1161 5286
1162 5286
1163 5286
1164 5286
1165 5286
1166 5286
1167 5286
1168 5286
1169 5286
1170 5286
1171 5286
1172 5286
1173 5286
1174 5286
1175 5286
1176 5286
1177 5286
1178 5286
1179 5286
1180 5286
1181 5286
1182 5286
1183 5286
1184 5286
1185 5286
1186 5286
1187 5286
1188 5286
1189 5286
1190 5286
1191 5286
1192 5286
1193 5286
1194 5286
1195 5286
1196 5286
1197 5285
1198 5285
1199 5285
1200 5285
1201 5284
1202 5284
1203 5284
1204 5284
1205 5284
1206 5284
1207 5284
1208 5284
1209 5284
1210 5284
1211 5284
1212 5284
1213 5284
1214 5284
1215 5284
1216 5284
1217 5284
1218 5284
1219 5284
1220 5284
1221 5284
1222 5284
1223 5284
1224 5284
1225 5284
1226 5284
1227 5284
1228 5284
1229 5284
1230 5284
1231 5284
1232 5284
1233 5285
1234 5285
1235 5285
1236 5285
1237 5286
1238 5286
1239 5286
1240 5286
1241 5286
1242 5286
1243 5286
1244 5286
1245 5286
1246 5286
1247 5285
1248 5285
1249 5284
1250 5284
1251 5283
1252 5283
1253 5282
1254 5282
1255 5281
1256 5281
1257 5280
1258 5279
1259 5279
1259 5278
1260 5277
1261 5276
1262 5275
1263 5274
1263 5273
1264 5272
1265 5271
1265 5270
1266 5269
1267 5269
1267 5268
1268 5267
1269 5267
1269 5266
1270 5265
1271 5265
1271 5264
1272 5263
1273 5262
1273 5261
1274 5260
1274 5259
1274 5258
1274 5257
1275 5256
1275 5255
1275 5254
1276 5253
1277 5252
1277 5251
1278 5250
1279 5249
1279 5248
1280 5247
1281 5246
1282 5245
1283 5244
1283 5243
1283 5242
1283 5241
1284 5240
1284 5239
1284 5238
1284 5237
1285 5236
1285 5235
1285 5234
1285 5233
1286 5232
1286 5231
1286 5230
1286 5229
1286 5228
1286 5227
1286 5226
1286 5225
1286 5224
1286 5223
1286 5222
1286 5221
1286 5220
1286 5219
1286 5218
1286 5217
1286 5216
1286 5215
1286 5214
1286 5213
1286 5212
1286 5211
1286 5210
1286 5209
1286 5208
1286 5207
1286 5206
1286 5205
1286 5204
1286 5203
1286 5202
1286 5201
1286 5200
1286 5199
1286 5198
1286 5197
1286 5196
1286 5195
1286 5194
1286 5193
1286 5192
1286 5191
1285 5190
1285 5189
1284 5188
1283 5188
1282 5187
1281 5187
1280 5187
1279 5187
1278 5187
1277 5187
1276 5186
1275 5186
1274 5185
1273 5184
1272 5184
1271 5183
1270 5182
1269 5181
1268 5180
1267 5180
1266 5180
1265 5180
1264 5180
1263 5180
1262 5180
1261 5180
1260 5181
1259 5181
1258 5181
1257 5181
1256 5182
1255 5182
1254 5183
1253 5184
1252 5184
1252 5185
1251 5186
1250 5186
1249 5187
1248 5188
1247 5188
1246 5189
1245 5189
1244 5189
1243 5189
1242 5189
1241 5189
1240 5189
1239 5189
1238 5189
1237 5189
1236 5189
1235 5189
1234 5189
1233 5189
1232 5188
1232 5187
1232 5186
1232 5185
1232 5184
1232 5183
1232 5182
1232 5181
1231 5180
1231 5179
1231 5178
1231 5177
1231 5176
1231 5175
1231 5174
1231 5173
1232 5172
1232 5171
1232 5170
1232 5169
1231 5168
1230 5167
1229 5166
1228 5165
1227 5164
1226 5164
1225 5163
1225 5162
1224 5162
1223 5161
1223 5160
1222 5160
1221 5159
1221 5158
1220 5158
1219 5157
1218 5156
1217 5155
1216 5154
1215 5154
1214 5153
1213 5152
1212 5152
1211 5151
1211 5150
1210 5150
1209 5149
1208 5148
1207 5148
1206 5147
1205 5147
1204 5147
1203 5147
1202 5147
1201 5147
1200 5147
1199 5147
1198 5148
1197 5148
1196 5148
1195 5148
1194 5149
1193 5149
1192 5149
1191 5149
1190 5149
1189 5149
1188 5149
1187 5149
1186 5148
1185 5148
1184 5147
1183 5146
1182 5146
1181 5145
1181 5144
1180 5144
1179 5143
1179 5142
1178 5142
1177 5141
1177 5140
1176 5139
1175 5138
1175 5137
1174 5136
1174 5135
1173 5134
1173 5133
1173 5132
1173 5131
1172 5130
1172 5129
1171 5128
1171 5127
1170 5126
1170 5125
1169 5124
1169 5123
1168 5122
1167 5121
1167 5120
1167 5119
1166 5118
1165 5117
1164 5116
1163 5115
1163 5114
1162 5114
1161 5113
1161 5112
1160 5112
1159 5111
1159 5110
1158 5110
1157 5109
1157 5108
1156 5108
1155 5107
1154 5106
1153 5106
1152 5105
1151 5105
