2281 1819
2280 1820
2279 1820
2278 1820
2277 1820
2276 1821
2275 1821
2274 1821
2273 1821
2272 1821
2271 1821
2270 1821
2269 1821
2268 1821
2267 1821
2266 1821
2265 1821
2264 1821
2263 1821
2262 1821
2261 1821
2260 1821
2259 1821
2258 1821
2257 1821
2256 1821
2255 1821
2254 1821
2253 1821
2252 1821
2251 1821
2250 1821
2249 1821
2248 1822
2247 1822
2246 1822
2245 1822
2244 1823
2243 1823
2242 1823
2241 1823
2240 1823
2239 1823
2238 1823
2237 1823
2236 1823
2235 1823
2234 1824
2233 1824
2232 1825
2231 1826
2230 1827
2230 1828
2229 1829
2228 1830
2227 1830
2226 1831
2225 1831
2224 1831
2223 1831
2222 1831
2221 1831
2220 1832
2219 1832
2218 1832
2217 1832
2216 1833
2215 1834
2214 1835
2213 1836
2212 1836
2211 1837
2210 1838
2209 1838
2208 1839
2207 1840
2206 1841
2205 1842
2204 1842
2204 1843
2203 1844
2202 1844
2201 1845
2200 1846
2199 1846
2198 1847
2197 1848
2196 1849
2195 1850
2194 1850
2194 1851
2193 1852
2192 1852
2191 1853
2190 1854
2189 1854
2188 1855
2187 1856
2186 1857
2185 1858
2184 1858
2183 1859
2182 1860
2181 1860
2180 1861
2179 1862
2178 1862
2177 1862
2176 1863
2175 1864
2174 1865
2173 1866
2172 1866
2172 1867
2171 1868
2170 1868
2169 1869
2168 1870
2167 1870
2166 1871
2165 1872
2164 1873
2163 1874
2162 1874
2162 1875
2161 1876
2160 1877
2160 1878
2159 1879
2159 1880
2159 1881
2159 1882
2159 1883
2159 1884
2160 1885
2160 1886
2161 1887
2162 1888
2162 1889
2163 1889
2164 1890
2164 1891
2165 1891
2166 1892
2166 1893
2167 1893
2168 1894
2168 1895
2169 1895
2170 1896
2170 1897
2171 1897
2172 1898
2172 1899
2173 1899
2174 1900
2174 1901
2175 1901
2176 1902
2176 1903
2177 1903
2178 1904
2178 1905
2179 1905
2180 1906
2180 1907
2181 1907
2182 1908
2182 1909
2183 1909
2184 1910
2184 1911
2185 1911
2186 1912
2186 1913
2187 1913
2188 1914
2188 1915
2189 1915
2190 1916
2190 1917
2191 1917
2192 1918
2192 1919
2193 1919
2194 1920
2195 1921
2196 1922
2197 1923
2198 1923
2199 1923
2200 1923
2201 1924
2202 1924
2203 1924
2204 1924
2205 1925
2206 1925
2207 1925
2208 1925
2209 1926
2210 1926
2211 1927
2212 1927
2213 1927
2214 1927
2215 1928
2216 1928
2217 1928
2218 1928
2219 1929
2220 1929
2221 1929
2222 1930
2223 1931
2224 1931
2225 1931
2226 1932
2227 1933
2228 1933
2229 1933
2230 1933
2231 1934
2232 1934
2233 1935
2234 1935
2235 1935
2236 1935
2237 1936
2238 1936
2239 1937
2240 1937
2241 1937
2242 1938
2243 1939
2244 1939
2245 1939
2246 1940
2247 1941
2248 1941
2249 1941
2250 1941
2251 1942
2252 1942
2253 1942
2254 1942
2255 1943
2256 1943
2257 1943
2258 1944
2259 1945
2260 1945
2261 1945
2262 1945
2263 1946
2264 1946
2265 1947
2266 1947
2267 1947
2268 1947
2269 1948
2270 1948
2271 1949
2272 1949
2273 1950
2274 1951
2275 1951
2276 1952
2277 1953
2278 1953
2279 1954
2280 1954
2281 1954
2282 1954
2283 1954
2284 1954
2285 1954
2286 1954
2287 1954
2288 1954
2289 1954
2290 1954
2291 1954
2292 1954
2293 1954
2294 1954
2295 1954
2296 1954
2297 1954
2298 1954
2299 1954
2300 1954
2301 1954
2302 1954
2303 1954
2304 1954
2305 1954
2306 1954
2307 1954
2308 1954
2309 1954
2310 1954
2311 1954
2312 1954
2313 1954
2314 1954
2315 1954
2316 1954
2317 1954
2318 1954
2319 1953
2320 1953
2321 1953
2322 1953
2323 1952
2324 1952
2325 1952
2326 1952
2327 1952
2328 1952
2329 1952
2330 1952
2331 1952
2332 1952
2333 1952
2334 1952
2335 1952
2336 1952
2337 1952
2338 1952
2339 1952
2340 1952
2341 1952
2342 1952
2343 1952
2344 1952
2345 1952
2346 1952
2347 1952
2348 1952
2349 1952
2350 1952
2351 1952
2352 1952
2353 1952
2354 1952
2355 1952
2356 1952
2357 1952
2358 1952
2359 1952
2360 1952
2361 1952
2362 1952
2363 1952
2364 1952
2365 1952
2366 1952
2367 1952
2368 1952
2369 1952
2370 1952
2371 1952
2372 1952
2373 1952
2374 1952
2375 1952
2376 1952
2377 1952
2378 1952
2379 1952
2380 1952
2381 1952
2382 1952
2383 1952
2384 1952
2385 1952
2386 1952
2387 1952
2388 1952
2389 1952
2390 1952
2391 1952
2392 1952
2393 1952
2394 1952
2395 1953
2396 1953
2397 1953
2398 1953
2399 1954
2400 1954
2401 1954
2402 1954
2403 1954
2404 1954
2405 1954
2406 1954
2407 1954
2408 1954
2409 1954
2410 1954
2411 1954
2412 1954
2413 1955
2414 1955
2415 1955
2416 1955
2417 1956
2418 1956
2419 1956
2420 1956
2421 1956
2422 1956
2423 1956
2424 1956
2425 1956
2426 1956
2427 1956
2428 1956
2429 1956
2430 1956
2431 1956
2432 1956
2433 1956
2434 1956
2435 1956
2436 1956
2437 1956
2438 1956
2439 1956
2440 1956
2441 1956
2442 1956
2443 1956
2444 1956
2445 1956
2446 1956
2447 1956
2448 1956
2449 1956
2450 1956
2451 1956
2452 1956
2453 1956
2454 1956
2455 1956
2456 1956
2457 1956
2458 1956
2459 1956
2460 1956
2461 1956
2462 1956
2463 1956
2464 1956
2465 1956
2466 1956
2467 1956
2468 1956
2469 1956
2470 1956
2471 1955
2472 1955
2473 1955
2474 1955
2475 1954
2476 1954
2477 1954
2478 1954
2479 1954
2480 1954
2481 1954
2482 1954
2483 1954
2484 1954
2485 1954
2486 1954
2487 1954
2488 1954
2489 1954
2490 1954
2491 1954
2492 1954
2493 1954
2494 1954
2495 1954
2496 1954
2497 1954
2498 1954
2499 1954
2500 1954
2501 1954
2502 1954
2503 1954
2504 1954
2505 1954
2506 1954
2507 1954
2508 1954
2509 1954
2510 1954
2511 1954
2512 1954
2513 1954
2514 1954
2515 1954
2516 1954
2517 1954
2518 1954
2519 1954
2520 1954
2521 1954
2522 1954
2523 1954
2524 1954
2525 1954
2526 1954
2527 1954
2528 1954
2529 1954
2530 1954
2531 1954
2532 1954
2533 1954
2534 1954
2535 1954
2536 1954
2537 1954
2538 1954
2539 1954
2540 1954
2541 1954
2542 1954
2543 1954
2544 1954
2545 1954
2546 1954
2547 1954
2548 1954
2549 1954
2550 1954
2551 1954
2552 1954
2553 1954
2554 1954
2555 1953
2556 1953
2557 1952
2558 1951
2559 1951
2560 1950
2561 1949
2562 1949
2563 1948
2564 1948
2565 1948
2566 1948
2567 1948
2568 1948
2569 1948
2570 1948
2571 1948
2572 1948
2573 1948
2574 1948
2575 1948
2576 1948
2577 1948
2578 1948
2579 1948
2580 1948
2581 1948
2582 1948
2583 1948
2584 1948
2585 1948
2586 1948
2587 1948
2588 1948
2589 1947
2590 1947
2591 1946
2591 1945
2592 1944
2592 1943
2592 1942
2592 1941
2593 1940
2593 1939
2593 1938
2594 1937
2595 1936
2595 1935
2595 1934
2596 1933
2597 1932
2597 1931
2597 1930
2598 1929
2599 1928
2599 1927
2599 1926
2599 1925
2600 1924
2600 1923
2600 1922
2600 1921
2601 1920
2601 1919
2602 1918
2603 1917
2603 1916
2604 1915
2605 1915
2605 1914
2606 1913
2607 1913
2608 1912
2609 1911
2610 1911
2611 1910
2612 1909
2613 1908
2614 1907
2615 1907
2616 1906
2617 1905
2618 1905
2619 1904
2620 1903
2621 1903
2622 1903
2623 1902
2624 1902
2625 1901
2626 1901
2627 1901
2628 1901
2629 1900
2630 1900
2631 1900
2632 1900
2633 1899
2634 1899
2635 1898
2636 1897
2637 1897
2637 1896
2638 1895
2639 1895
2639 1894
2640 1893
2641 1893
2641 1892
2642 1891
2643 1891
2643 1890
2644 1889
2645 1889
2645 1888
2646 1887
2647 1887
2647 1886
2648 1885
2649 1885
2649 1884
2650 1883
2651 1882
2651 1881
2652 1880
2652 1879
2652 1878
2652 1877
2652 1876
2652 1875
2652 1874
2652 1873
2652 1872
2652 1871
2652 1870
2652 1869
2651 1868
2651 1867
2651 1866
2651 1865
2650 1864
2650 1863
2650 1862
2650 1861
2650 1860
2650 1859
2649 1858
2649 1857
2648 1856
2647 1855
2647 1854
2646 1854
2645 1853
2645 1852
2644 1852
2643 1851
2643 1850
2642 1850
2641 1849
2641 1848
2640 1848
2639 1847
2639 1846
2638 1846
2637 1845
2636 1844
2635 1844
2634 1843
2633 1843
2632 1842
2631 1842
2630 1842
2629 1841
2628 1840
2627 1840
2626 1840
2625 1840
2624 1839
2623 1839
2622 1839
2621 1839
2620 1839
2619 1839
2618 1839
2617 1839
2616 1838
2615 1838
2614 1838
2613 1838
2612 1837
2611 1837
2610 1836
2609 1836
2608 1836
2607 1836
2606 1835
2605 1835
2604 1835
2603 1835
2602 1834
2601 1834
2600 1834
2599 1834
2598 1833
2597 1833
2596 1833
2595 1833
2594 1833
2593 1833
2592 1832
2591 1832
2590 1832
2589 1832
2588 1831
2587 1831
2586 1831
2585 1831
2584 1831
2583 1831
2582 1831
2581 1831
2580 1831
2579 1831
2578 1830
2577 1830
2576 1830
2575 1830
2574 1829
2573 1829
2572 1829
2571 1829
2570 1829
2569 1829
2568 1829
2567 1829
2566 1829
2565 1829
2564 1829
2563 1829
2562 1828
2561 1828
2560 1828
2559 1828
2558 1827
2557 1827
2556 1827
2555 1827
2554 1827
2553 1827
2552 1827
2551 1827
2550 1827
2549 1827
2548 1827
2547 1827
2546 1827
2545 1827
2544 1827
2543 1827
2542 1827
2541 1827
2540 1827
2539 1827
2538 1827
2537 1827
2536 1827
2535 1827
2534 1827
2533 1827
2532 1827
2531 1827
2530 1827
2529 1827
2528 1827
2527 1827
2526 1827
2525 1827
2524 1827
2523 1827
2522 1827
2521 1827
2520 1827
2519 1827
2518 1827
2517 1827
2516 1827
2515 1827
2514 1827
2513 1827
2512 1827
2511 1827
2510 1827
2509 1827
2508 1827
2507 1827
2506 1827
2505 1827
2504 1827
2503 1827
2502 1827
2501 1827
2500 1827
2499 1827
2498 1827
2497 1827
2496 1827
2495 1827
2494 1827
2493 1827
2492 1827
2491 1827
2490 1827
2489 1827
2488 1827
2487 1827
2486 1827
2485 1827
2484 1827
2483 1827
2482 1827
2481 1827
2480 1827
2479 1827
2478 1827
2477 1827
2476 1827
2475 1827
2474 1827
2473 1827
2472 1827
2471 1827
2470 1827
2469 1827
2468 1827
2467 1827
2466 1827
2465 1827
2464 1827
2463 1827
2462 1827
2461 1827
2460 1827
2459 1827
2458 1827
2457 1827
2456 1827
2455 1827
2454 1827
2453 1827
2452 1826
2451 1826
2450 1826
2449 1826
2448 1825
2447 1825
2446 1825
2445 1825
2444 1825
2443 1825
2442 1825
2441 1825
2440 1825
2439 1825
2438 1825
2437 1825
2436 1825
2435 1825
2434 1824
2433 1824
2432 1824
2431 1824
2430 1823
2429 1823
2428 1823
2427 1823
2426 1823
2425 1823
2424 1823
2423 1823
2422 1823
2421 1823
2420 1823
2419 1823
2418 1823
2417 1823
2416 1823
2415 1823
2414 1823
2413 1823
2412 1823
2411 1823
2410 1822
2409 1822
2408 1822
2407 1822
2406 1821
2405 1821
2404 1821
2403 1821
2402 1821
2401 1821
2400 1821
2399 1821
2398 1821
2397 1821
2396 1821
2395 1821
2394 1821
2393 1821
2392 1821
2391 1821
2390 1821
2389 1821
2388 1821
2387 1821
2386 1821
2385 1821
2384 1821
2383 1821
2382 1821
2381 1821
2380 1821
2379 1821
2378 1821
2377 1821
2376 1821
2375 1821
2374 1821
2373 1821
2372 1821
2371 1821
2370 1821
2369 1821
2368 1821
2367 1821
2366 1820
2365 1820
2364 1820
2363 1820
2362 1819
2361 1819
2360 1819
2359 1819
2358 1819
2357 1819
2356 1819
2355 1819
2354 1819
2353 1819
2352 1819
2351 1819
2350 1819
2349 1819
2348 1819
2347 1819
2346 1819
2345 1819
2344 1819
2343 1819
2342 1820
2341 1820
2340 1820
2339 1820
2338 1821
2337 1821
2336 1821
2335 1821
2334 1821
2333 1821
2332 1821
2331 1821
2330 1821
2329 1821
2328 1821
2327 1821
2326 1822
2325 1822
2324 1822
2323 1822
2322 1823
2321 1823
2320 1822
2319 1822
2318 1822
2317 1822
2316 1821
2315 1821
2314 1821
2313 1821
2312 1821
2311 1821
2310 1820
2309 1820
2308 1820
2307 1820
2306 1819
2305 1819
2304 1819
2303 1819
2302 1819
2301 1819
2300 1819
2299 1819
2298 1819
2297 1819
2296 1819
2295 1819
2294 1819
2293 1819
2292 1819
2291 1819
2290 1819
2289 1819
2288 1819
2287 1819
2286 1819
2285 1819
2284 1819
2283 1819
2282 1819
2281 1819
