379 2968
378 2969
377 2969
376 2969
375 2969
374 2970
373 2970
372 2970
371 2970
370 2970
369 2970
368 2970
367 2970
366 2970
365 2970
364 2970
363 2970
362 2970
361 2970
360 2970
359 2970
358 2970
357 2970
356 2970
355 2970
354 2970
353 2970
352 2971
351 2971
350 2971
349 2971
348 2972
347 2972
346 2972
345 2972
344 2972
343 2972
342 2972
341 2972
340 2973
339 2973
338 2973
337 2973
336 2974
335 2974
334 2974
333 2974
332 2974
331 2974
330 2974
329 2974
328 2974
327 2974
326 2974
325 2974
324 2975
323 2975
322 2975
321 2975
320 2976
319 2976
318 2976
317 2976
316 2977
315 2977
314 2977
313 2977
312 2978
311 2978
310 2978
309 2978
308 2978
307 2978
306 2978
305 2978
304 2979
303 2979
302 2979
301 2979
300 2980
299 2980
298 2980
297 2980
296 2980
295 2980
294 2981
293 2981
292 2981
291 2981
290 2982
289 2983
288 2983
287 2983
286 2984
285 2984
284 2985
283 2985
282 2985
281 2985
280 2986
279 2986
278 2987
277 2987
276 2987
275 2987
274 2988
273 2988
272 2988
271 2988
270 2989
269 2989
268 2989
267 2989
266 2990
265 2990
264 2990
263 2990
262 2991
261 2991
260 2991
259 2991
258 2992
257 2992
256 2993
255 2993
254 2993
253 2993
252 2994
251 2995
250 2995
249 2995
248 2996
247 2996
246 2997
245 2997
244 2997
243 2997
242 2998
241 2998
240 2999
239 2999
238 2999
237 2999
236 3000
235 3000
234 3001
233 3001
232 3001
231 3001
230 3002
229 3002
228 3003
227 3003
226 3003
225 3003
224 3004
223 3005
222 3005
221 3005
220 3006
219 3006
218 3006
217 3006
216 3007
215 3007
214 3007
213 3007
212 3008
211 3008
210 3009
209 3009
208 3009
207 3009
206 3010
205 3011
204 3012
203 3012
202 3013
201 3013
200 3014
199 3014
198 3014
197 3014
196 3014
195 3014
194 3014
193 3014
192 3015
191 3015
190 3015
189 3015
188 3016
187 3016
186 3016
185 3016
184 3017
183 3017
182 3018
181 3018
180 3019
179 3019
178 3020
177 3020
176 3020
175 3020
174 3020
173 3020
172 3020
171 3020
170 3020
169 3020
168 3021
167 3021
166 3021
165 3021
164 3022
163 3023
162 3024
161 3024
160 3025
159 3025
158 3026
157 3027
156 3027
155 3027
154 3028
153 3029
152 3029
151 3029
150 3030
149 3031
148 3031
147 3031
146 3032
145 3033
144 3034
143 3035
142 3035
142 3036
141 3037
140 3038
140 3039
139 3040
139 3041
139 3042
139 3043
140 3044
140 3045
141 3046
142 3047
143 3048
144 3049
145 3050
146 3050
147 3050
148 3051
149 3052
150 3052
151 3052
152 3053
153 3054
154 3054
155 3055
156 3055
157 3056
158 3057
159 3058
160 3058
161 3058
162 3059
163 3060
164 3060
165 3060
166 3060
167 3061
168 3061
169 3062
170 3062
171 3063
172 3063
173 3064
174 3065
175 3066
176 3066
177 3066
178 3066
179 3067
180 3067
181 3068
182 3068
183 3068
184 3068
185 3069
186 3069
187 3069
188 3069
189 3070
190 3070
191 3070
192 3070
193 3071
194 3071
195 3072
196 3072
197 3072
198 3073
199 3074
200 3074
201 3074
202 3075
203 3076
204 3076
205 3076
206 3076
207 3077
208 3077
209 3078
210 3078
211 3078
212 3079
213 3080
214 3080
215 3080
216 3080
217 3081
218 3081
219 3082
220 3082
221 3082
222 3083
223 3084
224 3084
225 3084
226 3085
227 3086
228 3086
229 3086
230 3086
231 3087
232 3087
233 3088
234 3088
235 3088
236 3089
237 3090
238 3090
239 3090
240 3091
241 3092
242 3092
243 3092
244 3092
245 3093
246 3093
247 3093
248 3093
249 3094
250 3094
251 3094
252 3094
253 3095
254 3095
255 3096
256 3096
257 3096
258 3096
259 3097
260 3097
261 3097
262 3097
263 3097
264 3097
265 3097
266 3097
267 3097
268 3097
269 3097
270 3097
271 3097
272 3097
273 3097
274 3097
275 3097
276 3097
277 3097
278 3097
279 3097
280 3097
281 3097
282 3097
283 3097
284 3097
285 3097
286 3097
287 3097
288 3097
289 3097
290 3097
291 3097
292 3097
293 3097
294 3097
295 3097
296 3097
297 3097
298 3097
299 3097
300 3097
301 3097
302 3097
303 3097
304 3097
305 3097
306 3097
307 3098
308 3098
309 3098
310 3098
311 3099
312 3099
313 3099
314 3099
315 3099
316 3099
317 3099
318 3099
319 3099
320 3099
321 3099
322 3099
323 3099
324 3099
325 3100
326 3100
327 3100
328 3100
329 3101
330 3101
331 3101
332 3101
333 3101
334 3101
335 3101
336 3101
337 3101
338 3101
339 3101
340 3101
341 3101
342 3101
343 3101
344 3101
345 3101
346 3101
347 3102
348 3102
349 3102
350 3102
351 3103
352 3103
353 3103
354 3103
355 3103
356 3103
357 3103
358 3103
359 3103
360 3103
361 3103
362 3103
363 3104
364 3104
365 3104
366 3104
367 3105
368 3105
369 3105
370 3105
371 3105
372 3105
373 3105
374 3105
375 3105
376 3105
377 3105
378 3105
379 3105
380 3105
381 3105
382 3105
383 3106
384 3106
385 3106
386 3106
387 3107
388 3107
389 3108
390 3108
391 3108
392 3108
393 3109
394 3109
395 3110
396 3110
397 3110
398 3110
399 3111
400 3111
401 3111
402 3111
403 3112
404 3112
405 3112
406 3112
407 3113
408 3113
409 3113
410 3113
411 3113
412 3113
413 3113
414 3113
415 3114
416 3114
417 3114
418 3114
419 3115
420 3115
421 3115
422 3115
423 3115
424 3115
425 3115
426 3115
427 3115
428 3115
429 3115
430 3115
431 3114
432 3114
433 3114
434 3114
435 3113
436 3112
437 3111
438 3110
439 3110
440 3109
441 3108
442 3108
443 3107
444 3106
445 3106
446 3106
447 3105
448 3105
449 3104
450 3104
451 3103
452 3102
453 3102
453 3101
454 3100
455 3100
455 3099
456 3098
457 3098
458 3097
459 3096
460 3096
461 3095
462 3094
463 3093
464 3092
465 3092
466 3091
467 3090
468 3090
469 3089
470 3088
471 3088
472 3088
473 3087
474 3086
475 3085
476 3084
477 3084
477 3083
478 3082
479 3082
479 3081
480 3080
481 3080
481 3079
482 3078
483 3078
483 3077
484 3076
485 3076
485 3075
486 3074
487 3073
487 3072
488 3071
488 3070
489 3069
489 3068
490 3067
490 3066
491 3065
491 3064
492 3063
492 3062
492 3061
492 3060
492 3059
492 3058
492 3057
492 3056
492 3055
492 3054
492 3053
492 3052
492 3051
492 3050
492 3049
492 3048
492 3047
492 3046
492 3045
492 3044
492 3043
492 3042
492 3041
492 3040
492 3039
492 3038
492 3037
492 3036
492 3035
492 3034
492 3033
492 3032
492 3031
492 3030
492 3029
492 3028
492 3027
492 3026
492 3025
492 3024
492 3023
492 3022
492 3021
492 3020
491 3019
491 3018
491 3017
491 3016
490 3015
490 3014
490 3013
490 3012
489 3011
489 3010
489 3009
489 3008
488 3007
488 3006
488 3005
488 3004
487 3003
487 3002
486 3001
486 3000
485 2999
485 2998
484 2997
483 2996
482 2995
481 2994
480 2993
479 2993
478 2992
477 2991
476 2991
475 2990
475 2989
474 2989
473 2988
472 2987
471 2986
470 2985
469 2985
468 2985
467 2985
466 2984
465 2984
464 2983
463 2983
462 2983
461 2983
460 2982
459 2982
458 2982
457 2982
456 2981
455 2981
454 2980
453 2980
452 2979
451 2979
450 2978
449 2978
448 2977
447 2977
446 2976
445 2975
444 2975
443 2974
442 2973
441 2972
440 2971
439 2971
438 2971
437 2970
436 2969
435 2969
434 2969
433 2969
432 2968
431 2968
430 2968
429 2968
428 2968
427 2968
426 2968
425 2968
424 2968
423 2968
422 2968
421 2968
420 2968
419 2968
418 2968
417 2968
416 2968
415 2968
414 2968
413 2968
412 2968
411 2968
410 2968
409 2968
408 2968
407 2968
406 2968
405 2968
404 2968
403 2968
402 2968
401 2968
400 2968
399 2968
398 2968
397 2968
396 2968
395 2968
394 2968
393 2968
392 2968
391 2968
390 2968
389 2968
388 2968
387 2968
386 2968
385 2968
384 2968
383 2968
382 2968
381 2968
380 2968
379 2968
