799 1927
798 1928
797 1928
796 1928
795 1928
794 1929
793 1929
792 1930
791 1930
790 1930
789 1930
788 1931
787 1931
786 1931
785 1931
784 1931
783 1931
782 1931
781 1931
780 1931
779 1931
778 1931
777 1931
776 1931
775 1931
774 1931
773 1931
772 1931
771 1931
770 1931
769 1931
768 1931
767 1931
766 1931
765 1931
764 1931
763 1931
762 1931
761 1931
760 1931
759 1931
758 1931
757 1931
756 1932
755 1932
754 1932
753 1932
752 1933
751 1933
750 1933
749 1933
748 1933
747 1933
746 1933
745 1933
744 1933
743 1933
742 1933
741 1933
740 1933
739 1933
738 1934
737 1934
736 1934
735 1934
734 1935
733 1935
732 1935
731 1935
730 1935
729 1935
728 1936
727 1936
726 1937
725 1937
724 1938
723 1938
722 1939
721 1939
720 1939
719 1939
718 1939
717 1939
716 1939
715 1939
714 1940
713 1940
712 1940
711 1940
710 1941
709 1941
708 1942
707 1942
706 1943
705 1944
704 1944
704 1945
703 1946
702 1946
701 1947
700 1948
699 1948
698 1948
697 1948
696 1947
695 1946
694 1945
693 1944
693 1943
692 1942
691 1941
691 1940
691 1939
690 1938
690 1937
689 1936
689 1935
688 1934
687 1934
686 1933
685 1933
684 1934
683 1934
682 1935
681 1936
680 1936
680 1937
679 1938
678 1938
678 1939
677 1940
676 1940
676 1941
675 1942
674 1942
673 1943
672 1944
671 1944
670 1945
669 1946
668 1947
667 1947
666 1948
665 1948
664 1949
663 1950
662 1951
661 1951
660 1952
659 1952
658 1953
657 1954
656 1955
655 1956
654 1957
653 1958
652 1959
652 1960
652 1961
651 1962
650 1963
650 1964
650 1965
650 1966
649 1967
649 1968
648 1969
648 1970
647 1971
646 1972
646 1973
645 1974
644 1975
644 1976
643 1977
643 1978
644 1979
644 1980
645 1981
646 1982
646 1983
647 1983
648 1984
648 1985
649 1985
650 1986
650 1987
651 1987
652 1988
652 1989
653 1989
654 1990
655 1991
656 1992
657 1993
658 1993
659 1994
660 1995
661 1995
662 1996
663 1997
664 1998
665 1999
666 1999
667 2000
668 2000
669 2001
670 2002
671 2003
672 2003
673 2003
674 2004
675 2005
676 2005
677 2005
678 2005
679 2006
680 2006
681 2007
682 2007
683 2007
684 2007
685 2008
686 2008
687 2009
688 2009
689 2009
690 2009
691 2010
692 2010
693 2010
694 2010
695 2010
696 2010
697 2010
698 2010
699 2010
700 2010
701 2011
702 2011
703 2011
704 2011
705 2012
706 2012
707 2012
708 2012
709 2012
710 2012
711 2012
712 2012
713 2012
714 2012
715 2012
716 2012
717 2013
718 2013
719 2013
720 2013
721 2014
722 2014
723 2014
724 2014
725 2014
726 2014
727 2014
728 2014
729 2014
730 2014
731 2014
732 2014
733 2015
734 2015
735 2015
736 2015
737 2016
738 2016
739 2016
740 2016
741 2016
742 2016
743 2016
744 2016
745 2016
746 2016
747 2017
748 2017
749 2017
750 2017
751 2018
752 2018
753 2018
754 2018
755 2018
756 2018
757 2019
758 2019
759 2019
760 2019
761 2020
762 2020
763 2020
764 2020
765 2021
766 2021
767 2021
768 2021
769 2022
770 2022
771 2022
772 2022
773 2022
774 2022
775 2022
776 2022
777 2022
778 2022
779 2021
780 2021
781 2020
782 2019
783 2018
783 2017
784 2016
785 2015
786 2015
787 2014
788 2014
789 2014
790 2014
791 2014
792 2014
793 2015
794 2015
795 2016
796 2017
796 2018
797 2019
797 2020
797 2021
797 2022
797 2023
797 2024
797 2025
797 2026
798 2027
798 2028
799 2029
800 2029
801 2030
802 2030
803 2030
804 2030
805 2030
806 2030
807 2030
808 2030
809 2030
810 2030
811 2030
812 2030
813 2030
814 2030
815 2030
816 2030
817 2030
818 2030
819 2030
820 2030
821 2030
822 2030
823 2030
824 2030
825 2030
826 2030
827 2030
828 2030
829 2030
830 2030
831 2030
832 2030
833 2030
834 2030
835 2030
836 2030
837 2030
838 2030
839 2030
840 2030
841 2030
842 2030
843 2030
844 2030
845 2030
846 2030
847 2030
848 2030
849 2030
850 2030
851 2030
852 2030
853 2030
854 2030
855 2030
856 2030
857 2030
858 2030
859 2030
860 2030
861 2029
862 2029
863 2029
864 2029
865 2028
866 2028
867 2028
868 2028
869 2028
870 2028
871 2028
872 2028
873 2027
874 2027
875 2027
876 2027
877 2026
878 2025
879 2025
880 2025
881 2024
882 2024
883 2023
884 2023
885 2023
886 2023
887 2022
888 2021
889 2021
890 2021
891 2020
892 2019
893 2019
894 2019
895 2018
896 2017
897 2017
898 2017
899 2016
900 2015
901 2015
902 2015
903 2014
904 2013
905 2012
906 2011
907 2010
907 2009
908 2008
908 2007
908 2006
908 2005
908 2004
908 2003
909 2002
910 2001
910 2000
911 1999
912 1998
913 1998
913 1997
913 1996
913 1995
914 1994
914 1993
915 1992
915 1991
915 1990
916 1989
917 1988
917 1987
917 1986
918 1985
919 1984
919 1983
919 1982
919 1981
920 1980
920 1979
920 1978
920 1977
920 1976
920 1975
920 1974
920 1973
920 1972
920 1971
920 1970
920 1969
919 1968
919 1967
919 1966
919 1965
918 1964
917 1963
916 1962
915 1961
915 1960
914 1960
913 1959
913 1958
912 1958
911 1957
911 1956
910 1956
909 1955
909 1954
908 1954
907 1953
906 1952
905 1951
904 1950
903 1950
902 1949
901 1949
900 1948
899 1947
898 1946
897 1946
896 1945
895 1945
894 1944
893 1943
892 1942
891 1942
890 1942
889 1942
888 1941
887 1941
886 1941
885 1941
884 1940
883 1940
882 1940
881 1939
880 1938
879 1938
878 1938
877 1937
876 1936
875 1936
874 1936
873 1935
872 1934
871 1934
870 1934
869 1934
868 1933
867 1933
866 1933
865 1933
864 1932
863 1932
862 1932
861 1932
860 1931
859 1931
858 1931
857 1931
856 1931
855 1931
854 1931
853 1931
852 1931
851 1931
850 1931
849 1931
848 1930
847 1930
846 1930
845 1930
844 1929
843 1929
842 1928
841 1928
840 1928
839 1928
838 1927
837 1927
836 1927
835 1927
834 1927
833 1927
832 1927
831 1927
830 1927
829 1927
828 1927
827 1927
826 1927
825 1927
824 1927
823 1927
822 1927
821 1927
820 1927
819 1927
818 1927
817 1927
816 1927
815 1927
814 1927
813 1927
812 1927
811 1927
810 1927
809 1927
808 1927
807 1927
806 1927
805 1927
804 1927
803 1927
802 1927
801 1927
800 1927
799 1927
