909 3830
908 3831
907 3831
906 3831
905 3831
904 3831
903 3831
902 3831
901 3831
900 3831
899 3831
898 3832
897 3832
896 3832
895 3832
894 3833
893 3834
892 3834
891 3834
890 3835
889 3835
888 3835
887 3835
886 3836
885 3836
884 3837
883 3837
882 3838
881 3838
880 3839
879 3839
878 3838
877 3838
876 3838
875 3837
874 3836
873 3836
872 3836
871 3836
870 3835
869 3835
868 3836
867 3836
866 3836
865 3836
864 3837
863 3837
862 3838
861 3838
860 3838
859 3838
858 3839
857 3839
856 3839
855 3839
854 3840
853 3840
852 3840
851 3840
850 3841
849 3841
848 3841
847 3841
846 3841
845 3841
844 3841
843 3841
842 3841
841 3841
840 3841
839 3841
838 3842
837 3842
836 3842
835 3842
834 3843
833 3843
832 3843
831 3843
830 3844
829 3844
828 3845
827 3846
826 3847
826 3848
826 3849
825 3850
824 3851
823 3852
822 3853
821 3853
820 3854
819 3854
818 3855
818 3856
817 3857
817 3858
817 3859
817 3860
817 3861
817 3862
817 3863
817 3864
816 3865
816 3866
815 3867
815 3868
814 3869
813 3870
812 3871
811 3872
810 3873
809 3873
808 3874
807 3874
806 3875
805 3876
804 3877
804 3878
803 3879
803 3880
802 3881
802 3882
801 3883
801 3884
800 3885
800 3886
799 3887
799 3888
798 3889
798 3890
798 3891
798 3892
797 3893
797 3894
797 3895
797 3896
797 3897
797 3898
797 3899
797 3900
798 3901
798 3902
798 3903
798 3904
799 3905
799 3906
799 3907
799 3908
800 3909
800 3910
800 3911
800 3912
801 3913
801 3914
802 3915
802 3916
803 3917
804 3918
805 3919
806 3919
807 3920
808 3921
809 3921
810 3922
810 3923
811 3923
812 3924
812 3925
813 3925
814 3926
814 3927
815 3927
816 3928
817 3929
818 3930
819 3931
820 3931
821 3931
822 3931
823 3932
824 3932
825 3932
826 3932
827 3933
828 3933
829 3933
830 3933
831 3934
832 3934
833 3934
834 3934
835 3934
836 3934
837 3934
838 3934
839 3935
840 3935
841 3936
842 3936
843 3937
844 3937
845 3938
846 3938
847 3938
848 3938
849 3938
850 3938
851 3938
852 3938
853 3939
854 3939
855 3939
856 3940
857 3941
858 3941
859 3941
860 3942
861 3943
862 3943
863 3943
864 3944
865 3945
866 3945
867 3945
868 3946
869 3947
870 3947
871 3947
872 3947
873 3948
874 3948
875 3948
876 3948
877 3948
878 3948
879 3949
880 3949
881 3949
882 3949
883 3950
884 3950
885 3950
886 3950
887 3951
888 3951
889 3951
890 3951
891 3952
892 3952
893 3952
894 3952
895 3953
896 3953
897 3953
898 3953
899 3954
900 3954
901 3954
902 3954
903 3954
904 3954
905 3955
906 3955
907 3955
908 3955
909 3956
910 3956
911 3956
912 3956
913 3956
914 3956
915 3956
916 3956
917 3956
918 3956
919 3956
920 3956
921 3956
922 3956
923 3956
924 3956
925 3956
926 3956
927 3956
928 3956
929 3956
930 3956
931 3956
932 3956
933 3956
934 3956
935 3956
936 3956
937 3956
938 3956
939 3956
940 3956
941 3955
942 3955
943 3955
944 3955
945 3954
946 3954
947 3954
948 3954
949 3954
950 3954
951 3953
952 3953
953 3953
954 3953
955 3952
956 3952
957 3952
958 3952
959 3952
960 3952
961 3952
962 3952
963 3952
964 3952
965 3952
966 3952
967 3951
968 3951
969 3951
970 3951
971 3950
972 3950
973 3949
974 3949
975 3949
976 3949
977 3948
978 3947
979 3946
980 3946
981 3945
982 3945
983 3944
984 3943
985 3942
986 3941
987 3941
988 3940
989 3939
990 3939
991 3938
992 3937
993 3937
994 3937
995 3936
996 3935
997 3934
998 3934
999 3933
1000 3933
1001 3932
1002 3931
1003 3930
1004 3930
1005 3929
1006 3928
1007 3927
1008 3926
1009 3925
1010 3924
1010 3923
1011 3922
1011 3921
1012 3920
1012 3919
1012 3918
1012 3917
1012 3916
1012 3915
1013 3914
1013 3913
1013 3912
1013 3911
1014 3910
1014 3909
1014 3908
1014 3907
1014 3906
1014 3905
1014 3904
1014 3903
1014 3902
1014 3901
1014 3900
1014 3899
1015 3898
1015 3897
1015 3896
1015 3895
1016 3894
1016 3893
1016 3892
1016 3891
1016 3890
1016 3889
1015 3888
1015 3887
1015 3886
1015 3885
1014 3884
1014 3883
1014 3882
1014 3881
1014 3880
1014 3879
1014 3878
1014 3877
1014 3876
1014 3875
1015 3874
1015 3873
1016 3872
1016 3871
1017 3870
1017 3869
1018 3868
1018 3867
1018 3866
1018 3865
1018 3864
1018 3863
1017 3862
1017 3861
1017 3860
1017 3859
1016 3858
1015 3857
1014 3856
1013 3855
1013 3854
1012 3854
1011 3853
1011 3852
1010 3852
1009 3851
1008 3850
1007 3849
1006 3848
1005 3848
1004 3848
1003 3847
1002 3846
1001 3846
1000 3846
999 3846
998 3845
997 3845
996 3844
995 3844
994 3844
993 3843
992 3842
991 3842
990 3842
989 3841
988 3840
987 3840
986 3840
985 3840
984 3839
983 3839
982 3839
981 3839
980 3839
979 3839
978 3839
977 3839
976 3839
975 3839
974 3839
973 3839
972 3838
971 3838
970 3838
969 3837
968 3836
967 3836
966 3836
965 3836
964 3835
963 3835
962 3834
961 3834
960 3834
959 3834
958 3833
957 3833
956 3833
955 3833
954 3833
953 3833
952 3833
951 3833
950 3833
949 3833
948 3833
947 3833
946 3833
945 3833
944 3833
943 3833
942 3833
941 3833
940 3833
939 3833
938 3833
937 3833
936 3833
935 3833
934 3832
933 3832
932 3832
931 3832
930 3831
929 3831
928 3831
927 3831
926 3831
925 3831
924 3831
923 3831
922 3831
921 3831
920 3831
919 3831
918 3831
917 3831
916 3830
915 3830
914 3830
913 3830
912 3830
911 3830
910 3830
909 3830
