446 1717
445 1718
444 1718
443 1718
442 1718
441 1718
440 1718
439 1718
438 1718
437 1718
436 1718
435 1718
434 1718
433 1718
432 1718
431 1718
430 1718
429 1718
428 1718
427 1718
426 1718
425 1718
424 1718
423 1718
422 1718
421 1718
420 1718
419 1718
418 1718
417 1718
416 1718
415 1718
414 1718
413 1718
412 1718
411 1718
410 1718
409 1718
408 1718
407 1718
406 1718
405 1718
404 1718
403 1718
402 1718
401 1718
400 1718
399 1718
398 1718
397 1718
396 1719
395 1719
394 1719
393 1719
392 1720
391 1720
390 1720
389 1720
388 1720
387 1720
386 1720
385 1720
384 1720
383 1720
382 1720
381 1720
380 1720
379 1720
378 1721
377 1721
376 1721
375 1721
374 1722
373 1722
372 1722
371 1722
370 1722
369 1722
368 1722
367 1722
366 1722
365 1722
364 1722
363 1722
362 1722
361 1722
360 1722
359 1722
358 1722
357 1722
356 1723
355 1723
354 1723
353 1723
352 1724
351 1725
350 1725
349 1725
348 1726
347 1726
346 1726
345 1726
344 1726
343 1726
342 1726
341 1726
340 1726
339 1726
338 1727
337 1727
336 1727
335 1727
334 1728
333 1728
332 1729
331 1729
330 1730
329 1730
328 1731
327 1731
326 1732
325 1732
324 1732
323 1732
322 1733
321 1733
320 1733
319 1733
318 1734
317 1735
316 1736
315 1737
314 1737
314 1738
313 1739
312 1739
312 1740
311 1741
310 1742
310 1743
310 1744
310 1745
310 1746
310 1747
311 1748
312 1749
312 1750
312 1751
313 1752
313 1753
313 1754
313 1755
313 1756
313 1757
314 1758
314 1759
315 1760
316 1761
316 1762
317 1762
318 1763
319 1764
320 1764
321 1765
322 1765
323 1766
324 1766
325 1766
326 1766
327 1767
328 1767
329 1767
330 1767
331 1767
332 1767
333 1767
334 1767
335 1767
336 1767
337 1767
338 1767
339 1766
340 1766
341 1766
342 1766
343 1765
344 1765
345 1765
346 1765
347 1765
348 1765
349 1765
350 1765
351 1765
352 1765
353 1765
354 1765
355 1765
356 1765
357 1765
358 1765
359 1765
360 1765
361 1765
362 1765
363 1765
364 1765
365 1765
366 1765
367 1765
368 1765
369 1765
370 1765
371 1765
372 1765
373 1765
374 1765
375 1765
376 1765
377 1765
378 1765
379 1765
380 1765
381 1765
382 1765
383 1765
384 1765
385 1765
386 1765
387 1765
388 1765
389 1765
390 1765
391 1765
392 1765
393 1765
394 1765
395 1765
396 1765
397 1765
398 1765
399 1766
400 1766
401 1766
402 1766
403 1767
404 1767
405 1767
406 1767
407 1767
408 1767
409 1767
410 1767
411 1767
412 1767
413 1767
414 1767
415 1767
416 1767
417 1767
418 1767
419 1767
420 1767
421 1767
422 1767
423 1767
424 1767
425 1767
426 1767
427 1767
428 1767
429 1767
430 1767
431 1767
432 1767
433 1767
434 1767
435 1767
436 1767
437 1768
438 1768
439 1768
440 1768
441 1769
442 1769
443 1769
444 1769
445 1769
446 1769
447 1769
448 1769
449 1769
450 1769
451 1769
452 1769
453 1769
454 1769
455 1769
456 1769
457 1769
458 1769
459 1769
460 1769
461 1770
462 1770
463 1770
464 1770
465 1771
466 1771
467 1771
468 1771
469 1771
470 1771
471 1771
472 1771
473 1771
474 1771
475 1771
476 1771
477 1771
478 1771
479 1771
480 1771
481 1771
482 1771
483 1771
484 1771
485 1771
486 1771
487 1771
488 1771
489 1771
490 1771
491 1772
492 1772
493 1772
494 1772
495 1773
496 1773
497 1773
498 1773
499 1774
500 1774
501 1774
502 1774
503 1775
504 1775
505 1776
506 1776
507 1776
508 1776
509 1777
510 1777
511 1777
512 1777
513 1778
514 1778
515 1778
516 1778
517 1779
518 1779
519 1780
520 1780
521 1780
522 1781
523 1782
524 1782
525 1782
526 1782
527 1783
528 1783
529 1783
530 1783
531 1784
532 1784
533 1785
534 1786
535 1787
536 1788
536 1789
537 1790
538 1791
539 1792
540 1792
541 1793
542 1793
543 1793
544 1793
545 1793
546 1793
547 1793
548 1793
549 1793
550 1793
551 1792
552 1792
553 1791
554 1790
555 1789
555 1788
556 1787
557 1786
557 1785
558 1784
559 1784
559 1783
560 1782
561 1781
562 1780
563 1779
563 1778
564 1777
564 1776
565 1775
566 1774
567 1773
567 1772
567 1771
567 1770
568 1769
568 1768
569 1767
569 1766
569 1765
569 1764
570 1763
570 1762
570 1761
570 1760
570 1759
570 1758
569 1757
569 1756
569 1755
569 1754
568 1753
567 1752
566 1751
565 1750
565 1749
564 1748
563 1747
563 1746
562 1745
561 1744
560 1743
559 1742
558 1741
557 1740
556 1739
555 1739
554 1738
553 1738
552 1737
551 1736
550 1735
549 1735
548 1734
547 1733
546 1733
545 1732
545 1731
544 1731
543 1730
543 1729
542 1729
541 1728
540 1727
539 1726
538 1725
537 1725
536 1725
535 1724
534 1723
533 1723
532 1723
531 1723
530 1722
529 1722
528 1722
527 1722
526 1722
525 1722
524 1722
523 1722
522 1722
521 1722
520 1722
519 1722
518 1722
517 1722
516 1722
515 1722
514 1722
513 1722
512 1722
511 1722
510 1722
509 1722
508 1722
507 1722
506 1722
505 1722
504 1722
503 1722
502 1722
501 1722
500 1722
499 1722
498 1722
497 1722
496 1722
495 1722
494 1722
493 1722
492 1722
491 1722
490 1722
489 1722
488 1722
487 1722
486 1722
485 1722
484 1722
483 1722
482 1722
481 1722
480 1722
479 1722
478 1722
477 1722
476 1722
475 1722
474 1721
473 1721
472 1721
471 1721
470 1720
469 1720
468 1720
467 1720
466 1720
465 1720
464 1720
463 1720
462 1720
461 1720
460 1719
459 1719
458 1719
457 1718
456 1718
455 1718
454 1717
453 1717
452 1717
451 1717
450 1717
449 1717
448 1717
447 1717
446 1717
