303 3562
302 3563
301 3563
300 3563
299 3563
298 3564
297 3565
296 3565
295 3566
294 3567
293 3568
292 3569
292 3570
291 3571
290 3571
290 3572
289 3573
288 3573
287 3574
286 3575
285 3575
284 3576
283 3576
282 3577
281 3577
280 3577
279 3577
278 3578
277 3578
276 3578
275 3578
274 3578
273 3578
272 3578
271 3578
270 3578
269 3578
268 3579
267 3579
266 3579
265 3579
264 3580
263 3580
262 3580
261 3580
260 3580
259 3580
258 3581
257 3581
256 3581
255 3581
254 3582
253 3583
252 3583
251 3583
250 3584
249 3584
248 3584
247 3584
246 3585
245 3585
244 3585
243 3585
242 3586
241 3586
240 3586
239 3586
238 3586
237 3586
236 3587
235 3587
234 3587
233 3587
232 3588
231 3589
230 3590
229 3591
228 3591
227 3592
226 3593
225 3593
224 3594
223 3595
222 3595
221 3595
220 3596
219 3597
218 3597
217 3597
216 3598
215 3599
214 3599
213 3599
212 3600
211 3601
210 3602
210 3603
209 3604
209 3605
209 3606
209 3607
210 3608
210 3609
210 3610
210 3611
211 3612
211 3613
212 3614
212 3615
212 3616
212 3617
213 3618
214 3619
215 3620
216 3621
216 3622
217 3623
218 3624
218 3625
219 3626
219 3627
219 3628
219 3629
219 3630
219 3631
219 3632
219 3633
218 3634
218 3635
217 3636
217 3637
216 3638
216 3639
215 3640
215 3641
215 3642
215 3643
216 3644
216 3645
216 3646
216 3647
217 3648
217 3649
218 3650
218 3651
219 3652
220 3653
220 3654
221 3655
222 3656
222 3657
223 3658
223 3659
224 3660
224 3661
224 3662
225 3663
226 3664
227 3665
228 3665
229 3665
230 3665
231 3665
232 3665
233 3665
234 3665
235 3666
236 3666
237 3666
238 3667
239 3668
240 3668
241 3668
242 3668
243 3669
244 3669
245 3670
246 3670
247 3670
248 3671
249 3672
250 3672
251 3673
252 3674
253 3674
254 3675
255 3676
256 3676
257 3677
258 3677
259 3678
260 3678
261 3679
262 3680
263 3680
264 3681
264 3682
265 3682
266 3683
266 3684
267 3684
268 3685
268 3686
269 3686
270 3687
270 3688
271 3688
272 3689
272 3690
273 3690
274 3691
274 3692
275 3692
276 3693
276 3694
277 3694
278 3695
278 3696
279 3696
280 3697
281 3698
282 3699
283 3700
284 3700
285 3700
286 3700
287 3701
288 3701
289 3702
290 3702
291 3702
292 3702
293 3703
294 3703
295 3703
296 3703
297 3704
298 3704
299 3704
300 3704
301 3705
302 3705
303 3705
304 3705
305 3705
306 3705
307 3705
308 3705
309 3705
310 3705
311 3705
312 3705
313 3705
314 3705
315 3704
316 3704
317 3703
318 3703
319 3702
320 3702
321 3701
322 3701
323 3701
324 3701
325 3701
326 3701
327 3702
328 3702
329 3702
330 3702
331 3703
332 3703
333 3703
334 3703
335 3704
336 3704
337 3704
338 3704
339 3705
340 3705
341 3705
342 3705
343 3705
344 3705
345 3704
346 3704
347 3704
348 3704
349 3703
350 3703
351 3703
352 3703
353 3703
354 3703
355 3703
356 3703
357 3702
358 3702
359 3702
360 3702
361 3701
362 3701
363 3700
364 3700
365 3700
366 3700
367 3699
368 3699
369 3698
370 3698
371 3698
372 3698
373 3697
374 3696
375 3696
376 3696
377 3695
378 3695
379 3694
380 3694
381 3694
382 3694
383 3693
384 3692
385 3692
386 3692
387 3691
388 3691
389 3691
390 3691
391 3691
392 3691
393 3690
394 3690
395 3690
396 3690
397 3689
398 3688
399 3688
400 3688
401 3687
402 3686
403 3686
404 3686
405 3685
406 3684
407 3684
408 3684
409 3683
410 3683
411 3682
412 3682
413 3681
414 3680
415 3680
415 3679
416 3678
417 3677
418 3676
419 3675
419 3674
419 3673
419 3672
420 3671
420 3670
419 3669
419 3668
419 3667
419 3666
418 3665
418 3664
418 3663
418 3662
418 3661
418 3660
417 3659
417 3658
417 3657
417 3656
416 3655
415 3654
415 3653
415 3652
414 3651
414 3650
414 3649
414 3648
415 3647
415 3646
415 3645
415 3644
416 3643
416 3642
417 3641
417 3640
417 3639
418 3638
419 3637
419 3636
419 3635
420 3634
421 3633
421 3632
421 3631
421 3630
422 3629
422 3628
421 3627
421 3626
421 3625
421 3624
420 3623
420 3622
420 3621
420 3620
420 3619
420 3618
420 3617
420 3616
420 3615
420 3614
419 3613
419 3612
419 3611
419 3610
418 3609
417 3608
416 3607
415 3606
415 3605
414 3605
413 3604
413 3603
412 3602
411 3601
411 3600
410 3599
409 3598
408 3597
407 3596
406 3595
405 3595
404 3594
403 3594
402 3593
401 3593
400 3592
399 3592
398 3591
397 3591
396 3590
395 3590
394 3589
393 3589
392 3588
391 3588
390 3587
389 3587
388 3587
387 3586
386 3585
385 3585
384 3584
383 3584
382 3583
381 3583
380 3582
379 3582
378 3581
377 3581
376 3581
375 3581
374 3580
373 3580
372 3579
371 3579
370 3579
369 3578
368 3577
367 3577
366 3576
365 3576
364 3575
363 3575
362 3574
361 3574
360 3573
359 3573
358 3573
357 3573
356 3572
355 3572
354 3572
353 3572
352 3571
351 3571
350 3571
349 3571
348 3570
347 3570
346 3570
345 3570
344 3570
343 3570
342 3570
341 3570
340 3570
339 3570
338 3570
337 3570
336 3570
335 3570
334 3570
333 3570
332 3571
331 3571
330 3571
329 3571
328 3572
327 3572
326 3572
325 3572
324 3572
323 3572
322 3571
321 3571
320 3570
319 3569
318 3569
317 3568
316 3567
315 3566
314 3565
313 3565
312 3564
311 3564
310 3563
309 3563
308 3563
307 3562
306 3562
305 3562
304 3562
303 3562
