533 238
532 239
531 239
530 240
529 240
528 241
527 241
526 242
525 242
524 242
523 242
522 242
521 242
520 243
519 243
518 243
517 243
516 244
515 244
514 244
513 244
512 245
511 245
510 245
509 245
508 246
507 247
506 248
505 249
504 249
503 250
502 251
501 251
500 252
499 252
498 252
497 252
496 252
495 252
494 252
493 252
492 252
491 252
490 252
489 252
488 253
487 253
486 253
485 253
484 254
483 254
482 254
481 254
480 254
479 254
478 255
477 255
476 255
475 255
474 256
473 256
472 256
471 256
470 257
469 257
468 258
467 259
466 259
466 260
465 261
464 261
464 262
463 263
462 263
462 264
461 265
460 265
459 266
458 267
457 267
456 268
455 268
454 268
453 268
452 268
451 268
450 268
449 268
448 268
447 268
446 268
445 268
444 268
443 268
442 268
441 268
440 269
439 269
438 270
437 271
436 271
436 272
435 273
434 273
433 274
432 275
431 275
430 276
429 276
428 276
427 276
426 276
425 276
424 275
423 275
422 275
421 275
420 274
419 274
418 274
417 274
416 274
415 274
414 274
413 274
412 274
411 274
410 274
409 274
408 274
407 274
406 274
405 274
404 274
403 274
402 273
401 273
400 273
399 273
398 272
397 272
396 272
395 272
394 271
393 271
392 270
391 269
390 269
389 268
388 267
387 266
386 265
385 265
384 264
383 263
382 263
381 262
380 261
379 260
378 259
377 259
376 258
375 258
374 257
373 256
372 255
371 255
370 254
369 253
368 253
367 252
367 251
366 251
365 250
364 249
363 248
362 247
361 247
360 247
359 246
358 245
357 245
356 245
355 245
354 244
353 244
352 244
351 244
350 245
349 245
348 246
347 247
346 247
346 248
345 249
344 249
344 250
343 251
342 252
342 253
341 254
341 255
340 256
340 257
339 258
339 259
338 260
338 261
337 262
337 263
337 264
337 265
336 266
336 267
336 268
336 269
335 270
335 271
335 272
335 273
335 274
335 275
335 276
335 277
335 278
335 279
335 280
335 281
336 282
336 283
337 284
337 285
338 286
338 287
339 288
339 289
340 290
340 291
340 292
340 293
341 294
341 295
341 296
341 297
342 298
342 299
343 300
343 301
344 302
344 303
345 304
345 305
345 306
345 307
346 308
346 309
346 310
346 311
347 312
347 313
347 314
347 315
347 316
347 317
347 318
347 319
347 320
347 321
347 322
347 323
348 324
348 325
348 326
348 327
349 328
349 329
349 330
349 331
350 332
350 333
350 334
350 335
351 336
351 337
352 338
352 339
353 340
353 341
354 342
354 343
355 344
355 345
356 346
356 347
356 348
356 349
357 350
358 351
358 352
358 353
359 354
360 355
360 356
360 357
361 358
362 359
363 360
364 361
365 362
366 362
367 363
368 363
369 364
370 364
371 364
372 364
373 365
374 365
375 366
376 366
377 366
378 366
379 367
380 367
381 368
382 368
383 368
384 368
385 369
386 369
387 369
388 369
389 369
390 369
391 370
392 370
393 370
394 370
395 371
396 371
397 372
398 372
399 372
400 372
401 373
402 373
403 373
404 373
405 373
406 373
407 373
408 373
409 374
410 374
411 374
412 374
413 375
414 375
415 375
416 375
417 375
418 375
419 375
420 375
421 375
422 375
423 375
424 375
425 375
426 375
427 375
428 375
429 375
430 375
431 375
432 375
433 375
434 375
435 375
436 375
437 375
438 375
439 375
440 375
441 375
442 375
443 376
444 376
445 376
446 376
447 377
448 377
449 377
450 377
451 377
452 377
453 377
454 377
455 377
456 377
457 377
458 377
459 377
460 377
461 377
462 377
463 377
464 377
465 378
466 378
467 378
468 378
469 379
470 379
471 380
472 380
473 380
474 380
475 381
476 381
477 381
478 381
479 381
480 381
481 381
482 381
483 381
484 381
485 382
486 382
487 382
488 382
489 383
490 383
491 383
492 383
493 383
494 383
495 383
496 383
497 383
498 383
499 383
500 383
501 383
502 383
503 383
504 383
505 383
506 383
507 383
508 383
509 383
510 383
511 383
512 383
513 384
514 384
515 384
516 384
517 385
518 385
519 385
520 385
521 385
522 385
523 385
524 385
525 385
526 385
527 385
528 385
529 385
530 385
531 385
532 385
533 385
534 385
535 385
536 385
537 385
538 385
539 385
540 385
541 385
542 385
543 385
544 385
545 385
546 385
547 385
548 385
549 385
550 385
551 385
552 385
553 385
554 385
555 385
556 385
557 385
558 385
559 385
560 385
561 384
562 384
563 384
564 384
565 383
566 383
567 383
568 383
569 383
570 383
571 383
572 383
573 383
574 383
575 383
576 383
577 383
578 383
579 382
580 382
581 382
582 382
583 381
584 381
585 381
586 381
587 381
588 381
589 380
590 380
591 380
592 380
593 379
594 379
595 379
596 379
597 379
598 379
599 378
600 378
601 378
602 378
603 377
604 377
605 377
606 377
607 377
608 377
609 377
610 377
611 376
612 376
613 376
614 376
615 375
616 375
617 375
618 375
619 375
620 375
621 375
622 375
623 374
624 374
625 374
626 374
627 373
628 373
629 372
630 372
631 372
632 372
633 371
634 371
635 370
636 370
637 370
638 370
639 369
640 369
641 369
642 369
643 368
644 368
645 368
646 368
647 367
648 367
649 366
650 366
651 365
652 364
653 364
653 363
654 362
655 361
656 360
657 359
657 358
657 357
657 356
658 355
658 354
658 353
658 352
658 351
658 350
658 349
658 348
659 347
659 346
659 345
659 344
660 343
660 342
660 341
660 340
660 339
660 338
660 337
660 336
660 335
660 334
660 333
660 332
660 331
660 330
660 329
660 328
660 327
660 326
660 325
660 324
659 323
659 322
658 321
657 320
657 319
656 319
655 318
655 317
654 317
653 316
653 315
652 315
651 314
651 313
650 313
649 312
649 311
648 311
647 310
646 309
645 308
644 307
643 307
642 306
641 305
640 305
639 304
639 303
638 302
637 301
637 300
636 299
636 298
636 297
636 296
636 295
636 294
636 293
636 292
636 291
636 290
636 289
636 288
635 287
635 286
634 285
633 284
633 283
632 283
631 282
631 281
630 281
629 280
629 279
628 279
627 278
627 277
626 277
625 276
625 275
624 275
623 274
623 273
622 273
621 272
620 271
619 270
618 269
617 269
616 268
615 268
614 267
613 267
612 266
611 266
610 265
609 265
608 265
607 265
606 264
605 264
604 263
603 263
602 262
601 262
600 261
599 260
598 259
597 259
596 259
595 258
594 257
593 257
592 257
591 257
590 256
589 256
588 256
587 256
586 255
585 255
584 255
583 254
582 253
581 253
580 253
579 253
578 252
577 252
576 251
575 251
574 250
573 250
572 249
571 249
570 248
569 248
568 248
567 248
566 247
565 247
564 247
563 246
562 245
561 245
560 245
559 245
558 244
557 244
556 243
555 243
554 243
553 242
552 241
551 241
550 241
549 241
548 240
547 240
546 239
545 239
544 239
543 239
542 238
541 238
540 238
539 238
538 238
537 238
536 238
535 238
534 238
533 238
