889 1793
888 1794
887 1794
886 1795
885 1795
884 1796
883 1796
882 1797
881 1797
880 1797
879 1797
878 1797
877 1797
876 1797
875 1797
874 1797
873 1797
872 1797
871 1797
870 1797
869 1797
868 1797
867 1797
866 1797
865 1797
864 1797
863 1797
862 1797
861 1797
860 1797
859 1797
858 1797
857 1797
856 1797
855 1797
854 1798
853 1798
852 1799
851 1799
850 1800
849 1800
848 1801
847 1801
846 1801
845 1801
844 1801
843 1801
842 1801
841 1801
840 1801
839 1801
838 1801
837 1801
836 1801
835 1801
834 1801
833 1801
832 1801
831 1801
830 1801
829 1801
828 1801
827 1801
826 1801
825 1801
824 1801
823 1801
822 1801
821 1801
820 1801
819 1801
818 1801
817 1801
816 1801
815 1801
814 1801
813 1801
812 1800
811 1800
810 1800
809 1800
808 1799
807 1799
806 1799
805 1799
804 1799
803 1799
802 1799
801 1799
800 1799
799 1799
798 1799
797 1799
796 1799
795 1799
794 1799
793 1799
792 1799
791 1799
790 1799
789 1799
788 1799
787 1799
786 1799
785 1799
784 1799
783 1799
782 1799
781 1799
780 1799
779 1799
778 1799
777 1799
776 1799
775 1799
774 1799
773 1799
772 1800
771 1800
770 1801
769 1801
768 1802
767 1802
766 1803
765 1804
764 1804
763 1804
762 1805
761 1805
760 1806
759 1806
758 1807
757 1808
756 1808
755 1809
754 1810
753 1810
752 1811
751 1812
750 1813
749 1813
748 1814
747 1814
746 1815
745 1816
744 1817
743 1818
742 1818
742 1819
741 1820
740 1821
739 1822
738 1823
738 1824
737 1825
736 1826
736 1827
735 1828
734 1828
734 1829
733 1830
732 1831
732 1832
731 1833
731 1834
731 1835
731 1836
730 1837
730 1838
730 1839
730 1840
729 1841
729 1842
729 1843
729 1844
729 1845
729 1846
729 1847
729 1848
729 1849
729 1850
729 1851
729 1852
730 1853
730 1854
731 1855
732 1856
732 1857
733 1857
734 1858
734 1859
735 1859
736 1860
736 1861
737 1861
738 1862
738 1863
739 1863
740 1864
740 1865
741 1865
742 1866
742 1867
743 1867
744 1868
745 1869
746 1870
747 1871
748 1871
749 1872
750 1872
751 1873
752 1874
753 1875
754 1875
755 1875
756 1876
757 1877
758 1877
759 1878
760 1879
761 1879
762 1880
762 1881
763 1881
764 1882
765 1883
766 1884
767 1885
768 1885
769 1886
770 1887
771 1887
772 1888
773 1889
774 1890
775 1891
776 1891
777 1891
778 1892
779 1893
780 1893
781 1894
782 1894
783 1895
784 1896
785 1897
786 1897
787 1897
788 1898
789 1899
790 1899
791 1899
792 1900
793 1901
794 1901
795 1902
796 1903
797 1903
798 1904
798 1905
799 1905
800 1906
800 1907
801 1907
802 1908
802 1909
803 1909
804 1910
805 1911
806 1912
807 1913
808 1913
809 1914
810 1914
811 1915
812 1916
813 1917
814 1917
815 1917
816 1917
817 1918
818 1918
819 1919
820 1919
821 1919
822 1919
823 1919
824 1919
825 1919
826 1919
827 1918
828 1918
829 1917
830 1917
831 1916
832 1915
833 1915
833 1914
834 1913
835 1913
835 1912
836 1911
837 1911
838 1910
839 1909
840 1909
841 1908
842 1908
843 1907
844 1907
845 1907
846 1907
847 1906
848 1906
849 1906
850 1906
851 1906
852 1906
853 1906
854 1906
855 1907
856 1907
857 1908
858 1909
859 1909
860 1910
861 1911
862 1912
863 1913
864 1913
865 1913
866 1913
867 1914
868 1914
869 1914
870 1914
871 1914
872 1914
873 1915
874 1915
875 1915
876 1915
877 1916
878 1916
879 1915
880 1915
881 1915
882 1915
883 1915
884 1915
885 1915
886 1915
887 1916
888 1916
889 1917
890 1917
891 1917
892 1917
893 1918
894 1918
895 1918
896 1918
897 1918
898 1918
899 1918
900 1918
901 1918
902 1918
903 1918
904 1918
905 1919
906 1919
907 1919
908 1919
909 1920
910 1920
911 1920
912 1920
913 1920
914 1920
915 1920
916 1920
917 1919
918 1919
919 1919
920 1919
921 1918
922 1918
923 1918
924 1918
925 1918
926 1918
927 1918
928 1918
929 1917
930 1917
931 1917
932 1917
933 1916
934 1916
935 1916
936 1916
937 1915
938 1915
939 1915
940 1915
941 1914
942 1914
943 1913
944 1913
945 1913
946 1913
947 1912
948 1912
949 1911
950 1911
951 1911
952 1911
953 1910
954 1910
955 1910
956 1910
957 1909
958 1909
959 1909
960 1909
961 1908
962 1908
963 1907
964 1907
965 1906
966 1905
967 1904
968 1903
969 1902
969 1901
970 1900
971 1899
971 1898
972 1897
973 1897
974 1896
975 1895
976 1895
977 1894
978 1893
979 1892
980 1891
981 1891
981 1890
982 1889
983 1888
983 1887
984 1886
984 1885
984 1884
984 1883
984 1882
984 1881
984 1880
984 1879
984 1878
984 1877
985 1876
985 1875
985 1874
986 1873
987 1872
987 1871
988 1870
989 1869
989 1868
990 1867
991 1867
991 1866
992 1865
993 1865
993 1864
994 1863
995 1863
995 1862
996 1861
997 1861
997 1860
998 1859
999 1859
999 1858
1000 1857
1001 1856
1001 1855
1002 1854
1002 1853
1002 1852
1002 1851
1002 1850
1002 1849
1002 1848
1002 1847
1001 1846
1001 1845
1001 1844
1001 1843
1000 1842
1000 1841
1000 1840
1000 1839
999 1838
999 1837
999 1836
999 1835
998 1834
998 1833
998 1832
998 1831
998 1830
998 1829
997 1828
997 1827
997 1826
997 1825
996 1824
996 1823
996 1822
996 1821
995 1820
995 1819
995 1818
995 1817
994 1816
993 1815
992 1814
991 1814
990 1813
989 1813
988 1813
987 1813
986 1813
985 1813
984 1813
983 1813
982 1813
981 1813
980 1813
979 1813
978 1813
977 1813
976 1812
975 1812
974 1812
973 1812
972 1811
971 1811
970 1810
969 1810
968 1810
967 1810
966 1809
965 1809
964 1809
963 1809
962 1808
961 1808
960 1808
959 1808
958 1807
957 1807
956 1807
955 1807
954 1807
953 1807
952 1807
951 1807
950 1807
949 1807
948 1806
947 1806
946 1805
945 1805
944 1804
943 1803
942 1802
941 1802
940 1802
939 1802
938 1801
937 1801
936 1800
935 1800
934 1800
933 1800
932 1799
931 1799
930 1799
929 1799
928 1798
927 1798
926 1798
925 1798
924 1797
923 1797
922 1796
921 1796
920 1796
919 1795
918 1794
917 1794
916 1794
915 1794
914 1793
913 1793
912 1793
911 1793
910 1793
909 1793
908 1793
907 1793
906 1793
905 1793
904 1793
903 1793
902 1793
901 1793
900 1793
899 1793
898 1793
897 1793
896 1793
895 1793
894 1793
893 1793
892 1793
891 1793
890 1793
889 1793
