1323 2527
1322 2528
1321 2528
1320 2528
1319 2528
1318 2529
1317 2529
1316 2529
1315 2529
1314 2529
1313 2529
1312 2529
1311 2529
1310 2529
1309 2529
1308 2529
1307 2529
1306 2529
1305 2529
1304 2529
1303 2529
1302 2530
1301 2530
1300 2530
1299 2530
1298 2531
1297 2531
1296 2531
1295 2531
1294 2531
1293 2531
1292 2531
1291 2531
1290 2532
1289 2532
1288 2532
1287 2532
1286 2533
1285 2533
1284 2534
1283 2534
1282 2534
1281 2534
1280 2535
1279 2535
1278 2536
1277 2536
1276 2536
1275 2536
1274 2537
1273 2538
1272 2538
1271 2538
1270 2539
1269 2539
1268 2539
1267 2539
1266 2540
1265 2540
1264 2540
1263 2540
1262 2541
1261 2542
1260 2542
1259 2542
1258 2543
1257 2543
1256 2543
1255 2543
1254 2543
1253 2543
1252 2544
1251 2544
1250 2544
1249 2544
1248 2545
1247 2545
1246 2546
1245 2546
1244 2546
1243 2546
1242 2547
1241 2547
1240 2547
1239 2547
1238 2548
1237 2548
1236 2548
1235 2548
1234 2549
1233 2549
1232 2549
1231 2549
1230 2549
1229 2549
1228 2550
1227 2550
1226 2550
1225 2550
1224 2551
1223 2551
1222 2551
1221 2551
1220 2552
1219 2552
1218 2553
1217 2554
1216 2554
1216 2555
1215 2556
1214 2557
1213 2558
1212 2559
1212 2560
1212 2561
1211 2562
1210 2563
1210 2564
1209 2565
1208 2566
1208 2567
1207 2568
1206 2568
1206 2569
1205 2570
1204 2571
1204 2572
1203 2573
1203 2574
1203 2575
1203 2576
1202 2577
1202 2578
1201 2579
1200 2580
1200 2581
1199 2582
1198 2582
1198 2583
1197 2584
1196 2585
1196 2586
1195 2587
1195 2588
1195 2589
1195 2590
1195 2591
1195 2592
1195 2593
1195 2594
1196 2595
1196 2596
1196 2597
1197 2598
1198 2599
1199 2600
1200 2601
1201 2601
1202 2601
1203 2602
1204 2602
1205 2602
1206 2602
1207 2602
1208 2602
1209 2603
1210 2603
1211 2603
1212 2604
1213 2605
1214 2605
1215 2606
1216 2607
1217 2608
1218 2609
1218 2610
1219 2611
1219 2612
1219 2613
1219 2614
1219 2615
1219 2616
1220 2617
1220 2618
1221 2619
1222 2620
1223 2621
1224 2621
1225 2622
1226 2622
1227 2622
1228 2622
1229 2622
1230 2622
1231 2622
1232 2622
1233 2622
1234 2622
1235 2622
1236 2622
1237 2622
1238 2622
1239 2622
1240 2622
1241 2622
1242 2622
1243 2622
1244 2622
1245 2622
1246 2622
1247 2622
1248 2622
1249 2622
1250 2622
1251 2622
1252 2622
1253 2622
1254 2622
1255 2622
1256 2622
1257 2623
1258 2623
1259 2624
1260 2625
1261 2625
1262 2626
1262 2627
1263 2627
1264 2628
1264 2629
1265 2629
1266 2630
1267 2631
1268 2631
1269 2632
1270 2632
1271 2632
1272 2632
1273 2633
1274 2633
1275 2633
1276 2633
1277 2634
1278 2634
1279 2634
1280 2634
1281 2634
1282 2634
1283 2634
1284 2634
1285 2635
1286 2635
1287 2635
1288 2635
1289 2636
1290 2636
1291 2636
1292 2636
1293 2636
1294 2636
1295 2636
1296 2636
1297 2636
1298 2636
1299 2636
1300 2636
1301 2637
1302 2637
1303 2637
1304 2637
1305 2638
1306 2638
1307 2638
1308 2638
1309 2638
1310 2638
1311 2639
1312 2639
1313 2639
1314 2639
1315 2640
1316 2640
1317 2640
1318 2640
1319 2640
1320 2640
1321 2640
1322 2640
1323 2640
1324 2640
1325 2641
1326 2641
1327 2641
1328 2641
1329 2642
1330 2642
1331 2642
1332 2642
1333 2642
1334 2642
1335 2643
1336 2643
1337 2643
1338 2643
1339 2644
1340 2644
1341 2644
1342 2644
1343 2644
1344 2644
1345 2644
1346 2644
1347 2644
1348 2644
1349 2644
1350 2644
1351 2645
1352 2645
1353 2645
1354 2645
1355 2646
1356 2646
1357 2646
1358 2646
1359 2646
1360 2646
1361 2647
1362 2647
1363 2647
1364 2647
1365 2648
1366 2648
1367 2648
1368 2648
1369 2648
1370 2648
1371 2649
1372 2649
1373 2649
1374 2649
1375 2650
1376 2650
1377 2651
1378 2651
1379 2651
1380 2651
1381 2652
1382 2652
1383 2652
1384 2652
1385 2652
1386 2652
1387 2652
1388 2652
1389 2653
1390 2653
1391 2653
1392 2653
1393 2654
1394 2654
1395 2654
1396 2654
1397 2654
1398 2654
1399 2654
1400 2654
1401 2654
1402 2654
1403 2655
1404 2655
1405 2656
1406 2656
1407 2657
1408 2657
1409 2658
1410 2658
1411 2658
1412 2658
1413 2658
1414 2658
1415 2659
1416 2659
1417 2659
1418 2659
1419 2660
1420 2660
1421 2661
1422 2661
1423 2661
1424 2661
1425 2662
1426 2662
1427 2662
1428 2662
1429 2662
1430 2662
1431 2663
1432 2663
1433 2663
1434 2664
1435 2665
1436 2665
1437 2665
1438 2665
1439 2666
1440 2666
1441 2666
1442 2666
1443 2666
1444 2666
1445 2666
1446 2666
1447 2666
1448 2666
1449 2666
1450 2666
1451 2665
1452 2665
1453 2665
1454 2665
1455 2664
1456 2664
1457 2663
1458 2663
1459 2663
1460 2663
1461 2662
1462 2662
1463 2662
1464 2662
1465 2662
1466 2662
1467 2662
1468 2662
1469 2661
1470 2661
1471 2661
1472 2661
1473 2660
1474 2659
1475 2658
1476 2658
1477 2657
1478 2657
1479 2656
1480 2656
1481 2655
1482 2655
1483 2654
1484 2653
1485 2653
1485 2652
1486 2651
1487 2651
1487 2650
1488 2649
1489 2649
1490 2648
1491 2647
1492 2647
1493 2646
1494 2645
1495 2644
1496 2643
1497 2642
1497 2641
1498 2640
1498 2639
1499 2638
1499 2637
1499 2636
1499 2635
1500 2634
1500 2633
1500 2632
1500 2631
1500 2630
1500 2629
1499 2628
1499 2627
1499 2626
1499 2625
1498 2624
1498 2623
1498 2622
1498 2621
1497 2620
1497 2619
1497 2618
1497 2617
1496 2616
1496 2615
1497 2614
1497 2613
1497 2612
1497 2611
1498 2610
1498 2609
1499 2608
1499 2607
1499 2606
1500 2605
1501 2604
1501 2603
1502 2602
1502 2601
1503 2600
1504 2599
1505 2598
1505 2597
1505 2596
1506 2595
1507 2594
1507 2593
1507 2592
1508 2591
1509 2590
1509 2589
1509 2588
1509 2587
1509 2586
1509 2585
1509 2584
1509 2583
1508 2582
1508 2581
1508 2580
1508 2579
1507 2578
1507 2577
1506 2576
1505 2575
1505 2574
1504 2574
1503 2573
1503 2572
1502 2571
1501 2570
1501 2569
1500 2568
1499 2567
1498 2566
1497 2565
1497 2564
1496 2563
1495 2562
1495 2561
1494 2560
1494 2559
1493 2558
1493 2557
1492 2556
1491 2555
1491 2554
1490 2554
1489 2553
1488 2552
1487 2551
1486 2550
1485 2550
1484 2550
1483 2549
1482 2548
1481 2548
1480 2547
1479 2547
1478 2546
1477 2545
1476 2544
1475 2544
1474 2544
1473 2544
1472 2543
1471 2543
1470 2543
1469 2543
1468 2543
1467 2543
1466 2543
1465 2543
1464 2542
1463 2542
1462 2542
1461 2542
1460 2541
1459 2541
1458 2541
1457 2541
1456 2541
1455 2541
1454 2540
1453 2540
1452 2540
1451 2540
1450 2539
1449 2539
1448 2539
1447 2539
1446 2538
1445 2538
1444 2538
1443 2538
1442 2537
1441 2537
1440 2537
1439 2537
1438 2537
1437 2537
1436 2536
1435 2536
1434 2536
1433 2536
1432 2535
1431 2535
1430 2535
1429 2535
1428 2534
1427 2534
1426 2534
1425 2534
1424 2533
1423 2533
1422 2533
1421 2533
1420 2533
1419 2533
1418 2533
1417 2533
1416 2532
1415 2532
1414 2532
1413 2532
1412 2531
1411 2531
1410 2531
1409 2531
1408 2531
1407 2531
1406 2531
1405 2531
1404 2531
1403 2531
1402 2531
1401 2531
1400 2531
1399 2531
1398 2531
1397 2531
1396 2531
1395 2531
1394 2531
1393 2531
1392 2532
1391 2532
1390 2532
1389 2532
1388 2533
1387 2533
1386 2533
1385 2533
1384 2533
1383 2533
1382 2533
1381 2533
1380 2533
1379 2533
1378 2533
1377 2533
1376 2533
1375 2533
1374 2533
1373 2533
1372 2533
1371 2533
1370 2533
1369 2533
1368 2533
1367 2533
1366 2533
1365 2533
1364 2533
1363 2533
1362 2533
1361 2533
1360 2533
1359 2533
1358 2533
1357 2533
1356 2533
1355 2533
1354 2532
1353 2532
1352 2532
1351 2532
1350 2531
1349 2531
1348 2531
1347 2531
1346 2531
1345 2531
1344 2531
1343 2531
1342 2530
1341 2530
1340 2530
1339 2529
1338 2528
1337 2528
1336 2528
1335 2528
1334 2527
1333 2527
1332 2527
1331 2527
1330 2527
1329 2527
1328 2527
1327 2527
1326 2527
1325 2527
1324 2527
1323 2527
