1233 943
1232 944
1231 944
1230 945
1229 946
1228 946
1227 947
1226 948
1225 948
1224 949
1223 949
1222 949
1221 949
1220 949
1219 949
1218 949
1217 949
1216 949
1215 949
1214 950
1213 950
1212 950
1211 950
1210 951
1209 951
1208 952
1207 952
1206 952
1205 952
1204 953
1203 953
1202 953
1201 953
1200 954
1199 954
1198 954
1197 954
1196 955
1195 955
1194 955
1193 955
1192 955
1191 955
1190 956
1189 956
1188 956
1187 956
1186 957
1185 957
1184 957
1183 957
1182 957
1181 957
1180 957
1179 957
1178 957
1177 957
1176 958
1175 958
1174 959
1173 959
1172 960
1171 960
1170 961
1169 961
1168 961
1167 961
1166 961
1165 961
1164 962
1163 962
1162 963
1161 963
1160 964
1159 964
1158 965
1157 965
1156 966
1155 966
1154 966
1153 966
1152 967
1151 968
1150 968
1149 968
1148 969
1147 969
1146 969
1145 969
1144 970
1143 970
1142 971
1141 972
1140 973
1140 974
1139 975
1139 976
1139 977
1139 978
1139 979
1139 980
1139 981
1139 982
1139 983
1139 984
1139 985
1139 986
1139 987
1139 988
1139 989
1139 990
1139 991
1139 992
1139 993
1139 994
1139 995
1139 996
1139 997
1139 998
1139 999
1139 1000
1139 1001
1139 1002
1139 1003
1139 1004
1139 1005
1139 1006
1139 1007
1139 1008
1139 1009
1139 1010
1139 1011
1139 1012
1139 1013
1139 1014
1139 1015
1139 1016
1139 1017
1139 1018
1139 1019
1139 1020
1139 1021
1139 1022
1139 1023
1139 1024
1140 1025
1140 1026
1140 1027
1140 1028
1141 1029
1141 1030
1141 1031
1141 1032
1141 1033
1141 1034
1141 1035
1141 1036
1141 1037
1141 1038
1141 1039
1141 1040
1142 1041
1142 1042
1142 1043
1142 1044
1143 1045
1144 1046
1144 1047
1144 1048
1145 1049
1145 1050
1145 1051
1145 1052
1145 1053
1145 1054
1146 1055
1146 1056
1147 1057
1148 1058
1148 1059
1149 1060
1150 1061
1150 1062
1151 1063
1151 1064
1152 1065
1152 1066
1153 1067
1154 1068
1155 1069
1156 1070
1157 1071
1158 1071
1159 1071
1160 1071
1161 1072
1162 1072
1163 1071
1164 1071
1165 1071
1166 1071
1167 1070
1168 1070
1169 1070
1170 1070
1171 1071
1172 1071
1173 1071
1174 1071
1175 1072
1176 1072
1177 1072
1178 1072
1179 1072
1180 1072
1181 1072
1182 1072
1183 1072
1184 1072
1185 1072
1186 1072
1187 1072
1188 1072
1189 1072
1190 1072
1191 1072
1192 1072
1193 1072
1194 1072
1195 1072
1196 1072
1197 1072
1198 1072
1199 1072
1200 1072
1201 1072
1202 1072
1203 1072
1204 1072
1205 1072
1206 1072
1207 1072
1208 1072
1209 1072
1210 1072
1211 1072
1212 1072
1213 1072
1214 1072
1215 1072
1216 1072
1217 1072
1218 1072
1219 1072
1220 1072
1221 1072
1222 1072
1223 1072
1224 1072
1225 1072
1226 1072
1227 1072
1228 1072
1229 1072
1230 1072
1231 1072
1232 1072
1233 1072
1234 1072
1235 1072
1236 1072
1237 1073
1238 1073
1239 1073
1240 1074
1241 1075
1242 1075
1243 1076
1244 1076
1245 1077
1246 1078
1247 1079
1248 1079
1249 1079
1250 1080
1251 1081
1252 1081
1253 1082
1254 1083
1255 1083
1256 1084
1256 1085
1257 1085
1258 1086
1258 1087
1259 1087
1260 1088
1260 1089
1261 1089
1262 1090
1262 1091
1263 1091
1264 1092
1264 1093
1265 1094
1266 1095
1266 1096
1267 1097
1268 1098
1269 1099
1270 1100
1270 1101
1271 1101
1272 1102
1272 1103
1273 1103
1274 1104
1274 1105
1275 1105
1276 1106
1276 1107
1277 1107
1278 1108
1278 1109
1279 1109
1280 1110
1280 1111
1281 1111
1282 1112
1283 1113
1284 1114
1285 1115
1286 1115
1287 1115
1288 1115
1289 1116
1290 1116
1291 1116
1292 1116
1293 1116
1294 1116
1295 1116
1296 1116
1297 1116
1298 1116
1299 1117
1300 1117
1301 1117
1302 1117
1303 1118
1304 1118
1305 1119
1306 1119
1307 1120
1308 1120
1309 1121
1310 1122
1311 1123
1312 1123
1313 1123
1314 1123
1315 1124
1316 1124
1317 1124
1318 1124
1319 1125
1320 1125
1321 1125
1322 1125
1323 1126
1324 1126
1325 1126
1326 1126
1327 1126
1328 1126
1329 1126
1330 1126
1331 1126
1332 1126
1333 1127
1334 1127
1335 1127
1336 1127
1337 1128
1338 1128
1339 1128
1340 1128
1341 1127
1342 1127
1343 1127
1344 1127
1345 1126
1346 1126
1347 1126
1348 1126
1349 1126
1350 1126
1351 1126
1352 1126
1353 1126
1354 1126
1355 1126
1356 1126
1357 1126
1358 1126
1359 1126
1360 1126
1361 1126
1362 1126
1363 1126
1364 1126
1365 1125
1366 1125
1367 1125
1368 1125
1369 1124
1370 1124
1371 1124
1372 1124
1373 1124
1374 1124
1375 1124
1376 1124
1377 1124
1378 1124
1379 1124
1380 1124
1381 1124
1382 1124
1383 1123
1384 1123
1385 1122
1386 1122
1387 1121
1388 1121
1389 1120
1390 1120
1391 1119
1392 1119
1393 1118
1394 1118
1395 1117
1396 1117
1397 1116
1398 1115
1399 1114
1400 1114
1401 1113
1402 1113
1403 1112
1404 1112
1405 1112
1406 1112
1407 1111
1408 1111
1409 1110
1410 1109
1411 1109
1411 1108
1412 1107
1413 1107
1414 1106
1415 1105
1416 1105
1417 1104
1418 1104
1419 1103
1420 1103
1421 1103
1422 1103
1423 1102
1424 1102
1425 1102
1426 1102
1427 1101
1428 1101
1429 1100
1430 1099
1431 1098
1431 1097
1432 1096
1433 1095
1433 1094
1434 1093
1435 1093
1435 1092
1436 1091
1437 1090
1438 1089
1439 1088
1439 1087
1439 1086
1440 1085
1441 1084
1441 1083
1441 1082
1441 1081
1442 1080
1442 1079
1443 1078
1443 1077
1443 1076
1444 1075
1445 1074
1445 1073
1445 1072
1446 1071
1447 1070
1447 1069
1447 1068
1448 1067
1449 1066
1449 1065
1450 1064
1450 1063
1451 1062
1451 1061
1452 1060
1452 1059
1453 1058
1453 1057
1453 1056
1454 1055
1455 1054
1455 1053
1455 1052
1456 1051
1457 1050
1457 1049
1457 1048
1458 1047
1459 1046
1459 1045
1460 1044
1460 1043
1461 1042
1462 1041
1463 1040
1463 1039
1463 1038
1464 1037
1465 1036
1465 1035
1465 1034
1466 1033
1467 1032
1467 1031
1468 1030
1468 1029
1469 1028
1470 1027
1471 1026
1471 1025
1471 1024
1471 1023
1472 1022
1472 1021
1472 1020
1472 1019
1472 1018
1472 1017
1472 1016
1472 1015
1471 1014
1471 1013
1470 1012
1469 1011
1469 1010
1468 1009
1467 1008
1467 1007
1466 1006
1466 1005
1466 1004
1466 1003
1466 1002
1466 1001
1465 1000
1465 999
1465 998
1465 997
1464 996
1463 995
1462 994
1461 994
1460 993
1459 993
1458 993
1457 993
1456 992
1455 992
1454 991
1453 991
1452 990
1451 990
1450 989
1449 989
1448 989
1447 989
1446 989
1445 989
1444 989
1443 989
1442 988
1441 988
1440 988
1439 987
1438 986
1437 986
1436 986
1435 985
1434 984
1433 984
1432 983
1431 982
1430 982
1429 981
1429 980
1428 980
1427 979
1426 978
1425 977
1424 976
1423 976
1422 975
1421 974
1420 974
1419 973
1419 972
1418 972
1417 971
1417 970
1416 970
1415 969
1415 968
1414 968
1413 967
1412 966
1411 966
1410 965
1409 965
1408 965
1407 965
1406 964
1405 964
1404 964
1403 964
1402 963
1401 963
1400 963
1399 963
1398 963
1397 963
1396 963
1395 963
1394 963
1393 963
1392 963
1391 963
1390 963
1389 963
1388 963
1387 963
1386 963
1385 963
1384 963
1383 963
1382 962
1381 962
1380 962
1379 962
1378 961
1377 961
1376 961
1375 961
1374 961
1373 961
1372 961
1371 961
1370 960
1369 960
1368 960
1367 960
1366 959
1365 959
1364 959
1363 959
1362 958
1361 958
1360 958
1359 958
1358 957
1357 957
1356 956
1355 956
1354 956
1353 955
1352 954
1351 954
1350 954
1349 954
1348 953
1347 953
1346 953
1345 953
1344 952
1343 952
1342 952
1341 951
1340 950
1339 950
1338 950
1337 950
1336 949
1335 949
1334 949
1333 949
1332 949
1331 949
1330 949
1329 949
1328 949
1327 949
1326 949
1325 949
1324 948
1323 948
1322 947
1321 947
1320 946
1319 946
1318 945
1317 945
1316 945
1315 945
1314 945
1313 945
1312 945
1311 945
1310 945
1309 945
1308 945
1307 945
1306 945
1305 945
1304 945
1303 945
1302 945
1301 945
1300 945
1299 945
1298 945
1297 945
1296 945
1295 945
1294 945
1293 945
1292 945
1291 945
1290 945
1289 945
1288 945
1287 945
1286 945
1285 945
1284 945
1283 945
1282 945
1281 945
1280 945
1279 945
1278 945
1277 945
1276 945
1275 945
1274 945
1273 945
1272 945
1271 945
1270 945
1269 945
1268 945
1267 945
1266 945
1265 945
1264 945
1263 945
1262 945
1261 945
1260 945
1259 945
1258 944
1257 944
1256 944
1255 944
1254 943
1253 943
1252 943
1251 943
1250 943
1249 943
1248 943
1247 943
1246 943
1245 943
1244 943
1243 943
1242 943
1241 943
1240 943
1239 943
1238 943
1237 943
1236 943
1235 943
1234 943
1233 943
