543 3631
542 3632
541 3632
540 3632
539 3632
538 3633
537 3633
536 3633
535 3633
534 3633
533 3633
532 3633
531 3633
530 3633
529 3633
528 3633
527 3633
526 3633
525 3633
524 3633
523 3633
522 3633
521 3633
520 3634
519 3634
518 3634
517 3634
516 3635
515 3635
514 3634
513 3634
512 3634
511 3634
510 3633
509 3633
508 3633
507 3633
506 3634
505 3634
504 3634
503 3634
502 3635
501 3635
500 3635
499 3635
498 3635
497 3635
496 3635
495 3635
494 3635
493 3635
492 3635
491 3635
490 3635
489 3635
488 3635
487 3635
486 3635
485 3635
484 3635
483 3635
482 3635
481 3635
480 3635
479 3635
478 3635
477 3635
476 3636
475 3636
474 3636
473 3636
472 3637
471 3637
470 3637
469 3637
468 3638
467 3638
466 3638
465 3638
464 3639
463 3639
462 3639
461 3639
460 3639
459 3639
458 3639
457 3639
456 3639
455 3639
454 3640
453 3640
452 3640
451 3640
450 3641
449 3641
448 3641
447 3641
446 3642
445 3642
444 3642
443 3642
442 3643
441 3644
441 3645
441 3646
440 3647
439 3647
438 3647
437 3647
436 3647
435 3647
434 3647
433 3647
432 3647
431 3647
430 3647
429 3648
428 3648
427 3648
426 3648
425 3648
424 3648
423 3648
422 3648
421 3649
420 3649
419 3649
418 3649
417 3650
416 3650
415 3650
414 3650
413 3651
412 3651
411 3651
410 3651
409 3651
408 3651
407 3651
406 3651
405 3651
404 3650
403 3650
402 3649
401 3649
400 3649
399 3649
398 3650
397 3650
396 3651
395 3651
394 3652
393 3652
392 3653
391 3653
390 3654
389 3654
388 3654
387 3654
386 3655
385 3655
384 3655
383 3655
382 3655
381 3655
380 3655
379 3655
378 3655
377 3655
376 3656
375 3656
374 3656
373 3656
372 3657
371 3657
370 3657
369 3657
368 3657
367 3657
366 3658
365 3658
364 3658
363 3658
362 3659
361 3660
360 3660
359 3660
358 3661
357 3662
356 3662
355 3662
354 3663
353 3664
352 3664
351 3664
350 3665
349 3666
348 3666
347 3666
346 3667
345 3668
344 3668
343 3668
342 3669
341 3670
340 3670
339 3670
338 3671
337 3671
336 3672
335 3672
334 3673
333 3673
332 3674
331 3674
330 3675
329 3675
328 3675
327 3675
326 3676
325 3676
324 3676
323 3676
322 3677
321 3677
320 3677
319 3677
318 3677
317 3677
316 3677
315 3677
314 3677
313 3677
312 3677
311 3677
310 3677
309 3677
308 3677
307 3677
306 3677
305 3677
304 3678
303 3678
302 3678
301 3678
300 3679
299 3679
298 3679
297 3679
296 3679
295 3679
294 3680
293 3680
292 3680
291 3680
290 3681
289 3681
288 3681
287 3681
286 3681
285 3681
284 3681
283 3681
282 3681
281 3681
280 3681
279 3681
278 3681
277 3681
276 3681
275 3681
274 3681
273 3681
272 3681
271 3681
270 3682
269 3682
268 3682
267 3682
266 3683
265 3683
264 3683
263 3683
262 3683
261 3683
260 3684
259 3684
258 3685
257 3686
256 3686
256 3687
255 3688
254 3689
254 3690
253 3691
253 3692
252 3693
252 3694
251 3695
251 3696
250 3697
250 3698
249 3699
249 3700
249 3701
249 3702
249 3703
249 3704
249 3705
249 3706
249 3707
249 3708
249 3709
249 3710
250 3711
250 3712
251 3713
251 3714
252 3715
252 3716
253 3717
253 3718
253 3719
253 3720
254 3721
254 3722
255 3723
256 3724
257 3725
258 3725
259 3726
260 3726
261 3727
262 3728
263 3729
264 3729
265 3729
266 3730
267 3731
268 3731
269 3731
270 3732
271 3733
272 3733
273 3734
274 3734
275 3735
276 3736
277 3737
278 3737
279 3738
280 3739
281 3739
282 3740
283 3741
284 3741
285 3742
286 3742
287 3743
288 3743
289 3744
290 3744
291 3745
292 3746
293 3747
294 3747
295 3747
296 3748
297 3749
298 3749
299 3749
300 3749
301 3750
302 3750
303 3750
304 3750
305 3751
306 3751
307 3751
308 3752
309 3753
310 3753
311 3754
312 3754
313 3755
314 3756
315 3757
316 3757
317 3757
318 3757
319 3758
320 3758
321 3758
322 3758
323 3758
324 3758
325 3759
326 3759
327 3760
328 3760
329 3761
330 3761
331 3762
332 3762
333 3762
334 3762
335 3762
336 3762
337 3762
338 3762
339 3763
340 3763
341 3763
342 3764
343 3765
344 3765
345 3765
346 3765
347 3766
348 3766
349 3766
350 3766
351 3767
352 3767
353 3767
354 3767
355 3768
356 3768
357 3768
358 3768
359 3769
360 3769
361 3769
362 3769
363 3770
364 3770
365 3771
366 3771
367 3771
368 3772
369 3773
370 3773
371 3773
372 3773
373 3774
374 3774
375 3775
376 3775
377 3775
378 3776
379 3777
380 3777
381 3778
382 3778
383 3779
384 3779
385 3780
386 3780
387 3780
388 3780
389 3781
390 3781
391 3781
392 3781
393 3782
394 3782
395 3783
396 3783
397 3783
398 3784
399 3785
400 3785
401 3785
402 3785
403 3786
404 3786
405 3786
406 3786
407 3787
408 3787
409 3787
410 3788
411 3789
412 3789
413 3789
414 3789
415 3790
416 3790
417 3790
418 3790
419 3790
420 3790
421 3791
422 3791
423 3792
424 3792
425 3793
426 3794
427 3795
428 3795
429 3795
430 3795
431 3796
432 3796
433 3796
434 3796
435 3797
436 3797
437 3798
438 3798
439 3799
440 3799
441 3800
442 3800
443 3800
444 3800
445 3801
446 3801
447 3802
448 3802
449 3803
450 3803
451 3804
452 3804
453 3804
454 3804
455 3805
456 3805
457 3805
458 3806
459 3807
460 3807
461 3807
462 3807
463 3808
464 3808
465 3808
466 3808
467 3809
468 3809
469 3809
470 3809
471 3810
472 3810
473 3810
474 3810
475 3810
476 3810
477 3810
478 3810
479 3810
480 3810
481 3811
482 3811
483 3812
484 3813
485 3813
486 3814
487 3815
488 3815
489 3816
490 3816
491 3816
492 3816
493 3816
494 3816
495 3816
496 3816
497 3817
498 3817
499 3817
500 3817
501 3818
502 3818
503 3818
504 3818
505 3818
506 3818
507 3818
508 3818
509 3817
510 3817
511 3817
512 3817
513 3816
514 3816
515 3816
516 3816
517 3816
518 3816
519 3815
520 3815
521 3814
522 3814
523 3813
524 3813
525 3812
526 3812
527 3812
528 3812
529 3812
530 3812
531 3811
532 3811
533 3811
534 3811
535 3810
536 3810
537 3809
538 3809
539 3809
540 3809
541 3808
542 3808
543 3808
544 3808
545 3808
546 3808
547 3808
548 3808
549 3808
550 3808
551 3808
552 3808
553 3808
554 3808
555 3808
556 3808
557 3808
558 3808
559 3808
560 3808
561 3808
562 3808
563 3808
564 3808
565 3808
566 3808
567 3808
568 3808
569 3808
570 3808
571 3808
572 3808
573 3808
574 3808
575 3808
576 3808
577 3808
578 3808
579 3808
580 3808
581 3808
582 3808
583 3808
584 3808
585 3808
586 3808
587 3808
588 3808
589 3808
590 3808
591 3808
592 3808
593 3807
594 3807
595 3807
596 3807
597 3806
598 3806
599 3805
600 3805
601 3805
602 3805
603 3804
604 3804
605 3804
606 3804
607 3803
608 3803
609 3802
610 3801
611 3800
612 3799
613 3798
613 3797
614 3796
614 3795
615 3794
615 3793
616 3792
616 3791
616 3790
616 3789
617 3788
617 3787
618 3786
619 3785
619 3784
620 3783
621 3783
621 3782
622 3781
623 3781
623 3780
624 3779
625 3779
626 3778
627 3777
628 3777
629 3776
630 3776
631 3775
632 3775
633 3774
634 3773
635 3773
636 3772
637 3771
638 3771
639 3770
640 3769
641 3768
641 3767
642 3766
642 3765
643 3764
643 3763
644 3762
644 3761
645 3760
645 3759
646 3758
646 3757
647 3756
647 3755
648 3754
649 3753
649 3752
650 3751
651 3751
651 3750
652 3749
653 3749
653 3748
654 3747
655 3747
655 3746
656 3745
657 3744
658 3743
659 3742
659 3741
660 3740
660 3739
661 3738
662 3737
663 3736
663 3735
663 3734
663 3733
664 3732
664 3731
664 3730
664 3729
664 3728
664 3727
663 3726
663 3725
663 3724
663 3723
662 3722
662 3721
662 3720
662 3719
662 3718
662 3717
662 3716
662 3715
662 3714
662 3713
662 3712
662 3711
662 3710
662 3709
662 3708
662 3707
662 3706
662 3705
661 3704
661 3703
661 3702
661 3701
660 3700
660 3699
659 3698
659 3697
658 3696
658 3695
657 3694
657 3693
656 3692
655 3691
654 3690
653 3689
653 3688
652 3688
651 3687
651 3686
650 3686
649 3685
649 3684
648 3684
647 3683
647 3682
646 3682
645 3681
644 3680
643 3680
642 3679
641 3679
640 3678
639 3678
638 3678
637 3677
636 3676
635 3676
634 3675
633 3674
632 3674
631 3673
631 3672
630 3672
629 3671
629 3670
628 3670
627 3669
627 3668
626 3668
625 3667
624 3666
623 3665
622 3664
621 3664
620 3664
619 3663
618 3662
617 3662
616 3661
615 3661
614 3660
613 3659
612 3658
611 3658
610 3658
609 3657
608 3656
607 3656
606 3655
605 3654
604 3653
603 3652
603 3651
602 3650
601 3649
600 3648
599 3647
599 3646
598 3646
597 3645
596 3644
595 3643
594 3642
593 3642
592 3642
591 3641
590 3640
589 3640
588 3639
587 3638
587 3637
586 3636
585 3635
584 3634
583 3634
582 3633
581 3633
580 3633
579 3633
578 3633
577 3633
576 3633
575 3633
574 3633
573 3633
572 3633
571 3633
570 3633
569 3633
568 3633
567 3633
566 3633
565 3633
564 3632
563 3632
562 3632
561 3632
560 3631
559 3631
558 3631
557 3631
556 3631
555 3631
554 3631
553 3631
552 3631
551 3631
550 3631
549 3631
548 3631
547 3631
546 3631
545 3631
544 3631
543 3631
