347 2940
346 2941
345 2941
344 2941
343 2941
342 2942
341 2942
340 2942
339 2942
338 2942
337 2942
336 2942
335 2942
334 2943
333 2943
332 2943
331 2943
330 2944
329 2944
328 2944
327 2944
326 2944
325 2944
324 2944
323 2944
322 2945
321 2945
320 2945
319 2945
318 2946
317 2947
316 2947
315 2947
314 2948
313 2948
312 2948
311 2948
310 2948
309 2948
308 2948
307 2948
306 2948
305 2948
304 2948
303 2948
302 2948
301 2948
300 2948
299 2948
298 2949
297 2949
296 2949
295 2949
294 2950
293 2950
292 2950
291 2950
290 2950
289 2950
288 2950
287 2950
286 2951
285 2951
284 2951
283 2951
282 2952
281 2952
280 2952
279 2952
278 2952
277 2952
276 2952
275 2952
274 2953
273 2953
272 2953
271 2953
270 2954
269 2954
268 2954
267 2954
266 2955
265 2955
264 2955
263 2955
262 2956
261 2956
260 2956
259 2956
258 2956
257 2956
256 2957
255 2957
254 2957
253 2957
252 2958
251 2958
250 2959
249 2959
248 2959
247 2959
246 2960
245 2961
244 2961
243 2961
242 2962
241 2962
240 2963
239 2963
238 2963
237 2963
236 2964
235 2964
234 2965
233 2965
232 2965
231 2965
230 2966
229 2966
228 2967
227 2967
226 2967
225 2967
224 2968
223 2969
222 2969
221 2969
220 2970
219 2971
218 2972
217 2972
216 2973
215 2973
214 2974
213 2975
212 2976
211 2976
210 2977
209 2977
208 2978
207 2979
206 2980
205 2980
204 2981
203 2981
202 2982
201 2983
200 2983
199 2983
198 2984
197 2985
196 2986
195 2987
194 2987
194 2988
193 2989
192 2989
192 2990
191 2991
190 2991
189 2992
188 2993
187 2993
186 2994
185 2995
184 2996
183 2997
182 2998
181 2999
180 3000
180 3001
179 3002
179 3003
178 3004
178 3005
177 3006
177 3007
177 3008
177 3009
178 3010
178 3011
178 3012
178 3013
179 3014
179 3015
180 3016
180 3017
180 3018
180 3019
181 3020
181 3021
182 3022
182 3023
183 3024
184 3025
184 3026
185 3026
186 3027
186 3028
187 3028
188 3029
188 3030
189 3030
190 3031
190 3032
191 3032
192 3033
193 3034
194 3034
195 3034
196 3034
197 3034
198 3034
199 3033
200 3032
201 3032
202 3032
203 3031
204 3031
205 3032
206 3032
207 3033
208 3034
209 3034
210 3035
210 3036
211 3036
212 3037
212 3038
213 3038
214 3039
215 3040
216 3041
217 3042
218 3042
219 3042
220 3043
221 3044
222 3044
223 3045
224 3046
225 3046
226 3047
226 3048
227 3048
228 3049
229 3050
230 3051
231 3052
232 3052
233 3052
234 3053
235 3054
236 3054
237 3054
238 3054
239 3055
240 3055
241 3056
242 3056
243 3056
244 3057
245 3058
246 3058
247 3059
248 3060
249 3060
250 3061
251 3062
252 3063
253 3064
254 3064
255 3064
256 3065
257 3066
258 3066
259 3067
260 3067
261 3068
262 3069
263 3070
264 3070
265 3070
266 3071
267 3072
268 3072
269 3072
270 3072
271 3073
272 3073
273 3073
274 3073
275 3073
276 3073
277 3074
278 3074
279 3075
280 3076
281 3076
282 3077
282 3078
283 3078
284 3079
284 3080
285 3080
286 3081
287 3082
288 3082
289 3083
290 3083
291 3084
292 3084
293 3084
294 3084
295 3085
296 3085
297 3086
298 3086
299 3087
300 3087
301 3088
302 3088
303 3089
304 3089
305 3090
306 3090
307 3090
308 3090
309 3091
310 3091
311 3092
312 3092
313 3092
314 3093
315 3094
316 3094
317 3094
318 3094
319 3095
320 3095
321 3096
322 3096
323 3096
324 3096
325 3097
326 3097
327 3097
328 3097
329 3097
330 3097
331 3097
332 3097
333 3097
334 3097
335 3097
336 3097
337 3097
338 3097
339 3097
340 3097
341 3096
342 3096
343 3096
344 3096
345 3095
346 3095
347 3095
348 3095
349 3095
350 3095
351 3095
352 3095
353 3095
354 3095
355 3095
356 3095
357 3095
358 3095
359 3095
360 3095
361 3095
362 3095
363 3095
364 3095
365 3095
366 3095
367 3095
368 3095
369 3095
370 3095
371 3095
372 3095
373 3095
374 3095
375 3095
376 3095
377 3095
378 3095
379 3095
380 3095
381 3095
382 3095
383 3095
384 3095
385 3095
386 3095
387 3095
388 3095
389 3095
390 3095
391 3095
392 3095
393 3095
394 3095
395 3095
396 3095
397 3095
398 3095
399 3095
400 3095
401 3095
402 3095
403 3095
404 3095
405 3095
406 3095
407 3095
408 3095
409 3095
410 3095
411 3095
412 3095
413 3095
414 3095
415 3095
416 3095
417 3095
418 3095
419 3095
420 3095
421 3095
422 3095
423 3095
424 3095
425 3095
426 3095
427 3095
428 3095
429 3095
430 3095
431 3095
432 3095
433 3095
434 3095
435 3095
436 3095
437 3095
438 3095
439 3095
440 3095
441 3095
442 3095
443 3094
444 3094
445 3094
446 3094
447 3093
448 3093
449 3092
450 3092
451 3091
452 3091
453 3090
454 3090
455 3089
456 3089
457 3089
458 3089
459 3089
460 3089
461 3089
462 3089
463 3089
464 3089
465 3088
466 3088
467 3087
468 3086
469 3086
469 3085
470 3084
471 3084
472 3083
473 3082
474 3082
475 3081
476 3081
477 3080
478 3080
479 3079
480 3078
481 3078
482 3077
483 3076
484 3076
485 3075
486 3074
487 3073
488 3073
489 3072
490 3072
491 3071
492 3071
493 3070
494 3070
495 3069
496 3069
497 3068
498 3068
499 3067
500 3067
501 3067
502 3067
503 3067
504 3067
505 3067
506 3067
507 3067
508 3067
509 3067
510 3067
511 3067
512 3067
513 3067
514 3067
515 3067
516 3067
517 3067
518 3067
519 3067
520 3067
521 3068
522 3068
523 3068
524 3068
525 3069
526 3069
527 3069
528 3069
529 3070
530 3070
531 3070
532 3071
533 3072
534 3072
535 3073
536 3073
537 3074
538 3074
539 3075
540 3075
541 3076
542 3076
543 3076
544 3077
545 3078
546 3078
547 3079
548 3079
549 3080
550 3080
551 3081
552 3081
553 3081
554 3081
555 3081
556 3081
557 3081
558 3081
559 3081
560 3081
561 3081
562 3081
563 3082
564 3082
565 3083
566 3083
567 3084
568 3084
569 3085
570 3085
571 3086
572 3086
573 3087
574 3087
575 3088
576 3088
577 3089
578 3089
579 3089
580 3089
581 3089
582 3089
583 3089
584 3089
585 3089
586 3089
587 3089
588 3089
589 3089
590 3089
591 3089
592 3089
593 3089
594 3089
595 3089
596 3089
597 3088
598 3088
599 3087
600 3086
601 3085
602 3084
603 3083
603 3082
604 3081
605 3080
606 3080
607 3079
608 3079
609 3079
610 3079
611 3078
612 3078
613 3077
614 3076
615 3076
615 3075
616 3074
617 3074
617 3073
618 3072
619 3072
619 3071
620 3070
621 3070
622 3069
623 3068
624 3068
625 3067
626 3067
627 3067
628 3067
629 3067
630 3067
631 3067
632 3067
633 3067
634 3067
635 3066
636 3066
637 3066
638 3066
639 3065
640 3064
641 3063
642 3062
643 3061
644 3060
645 3059
645 3058
646 3057
647 3056
647 3055
648 3054
649 3054
649 3053
650 3052
651 3051
652 3050
653 3049
653 3048
654 3047
655 3046
655 3045
656 3044
657 3044
657 3043
658 3042
659 3042
660 3041
661 3040
662 3040
663 3039
664 3038
665 3038
666 3038
667 3037
668 3036
669 3035
670 3034
671 3034
671 3033
672 3032
673 3031
674 3030
675 3029
675 3028
675 3027
676 3026
677 3025
677 3024
678 3023
679 3022
679 3021
680 3020
681 3020
681 3019
682 3018
683 3018
683 3017
684 3016
685 3016
685 3015
686 3014
687 3014
687 3013
688 3012
689 3012
689 3011
690 3010
691 3009
692 3008
693 3007
693 3006
693 3005
693 3004
694 3003
694 3002
694 3001
694 3000
694 2999
694 2998
695 2997
695 2996
696 2995
696 2994
697 2993
697 2992
698 2991
698 2990
698 2989
698 2988
698 2987
698 2986
698 2985
698 2984
698 2983
698 2982
698 2981
698 2980
698 2979
698 2978
698 2977
698 2976
698 2975
698 2974
698 2973
698 2972
697 2971
697 2970
696 2969
695 2969
694 2968
693 2968
692 2967
691 2967
690 2967
689 2966
688 2965
687 2965
686 2965
685 2964
684 2963
683 2963
682 2963
681 2963
680 2962
679 2962
678 2961
677 2961
676 2961
675 2960
674 2959
673 2959
672 2959
671 2959
670 2958
669 2958
668 2958
667 2958
666 2957
665 2957
664 2957
663 2957
662 2956
661 2956
660 2956
659 2956
658 2955
657 2955
656 2955
655 2955
654 2954
653 2954
652 2954
651 2954
650 2954
649 2954
648 2953
647 2953
646 2953
645 2953
644 2952
643 2952
642 2952
641 2952
640 2952
639 2952
638 2952
637 2952
636 2952
635 2952
634 2951
633 2951
632 2951
631 2951
630 2950
629 2950
628 2951
627 2951
626 2951
625 2951
624 2952
623 2952
622 2952
621 2952
620 2952
619 2952
618 2952
617 2952
616 2952
615 2952
614 2952
613 2952
612 2952
611 2952
610 2952
609 2952
608 2952
607 2952
606 2952
605 2952
604 2952
603 2952
602 2952
601 2952
600 2952
599 2952
598 2952
597 2952
596 2952
595 2952
594 2952
593 2952
592 2952
591 2952
590 2952
589 2952
588 2952
587 2952
586 2952
585 2952
584 2952
583 2952
582 2952
581 2952
580 2952
579 2952
578 2952
577 2952
576 2952
575 2952
574 2952
573 2952
572 2952
571 2952
570 2952
569 2952
568 2952
567 2952
566 2952
565 2952
564 2952
563 2952
562 2952
561 2952
560 2952
559 2952
558 2952
557 2952
556 2952
555 2952
554 2952
553 2952
552 2952
551 2952
550 2952
549 2952
548 2952
547 2952
546 2952
545 2952
544 2952
543 2952
542 2952
541 2952
540 2952
539 2952
538 2952
537 2952
536 2952
535 2952
534 2952
533 2952
532 2952
531 2952
530 2952
529 2952
528 2952
527 2952
526 2952
525 2952
524 2952
523 2952
522 2952
521 2952
520 2952
519 2952
518 2952
517 2952
516 2951
515 2951
514 2951
513 2951
512 2950
511 2950
510 2950
509 2950
508 2950
507 2950
506 2950
505 2950
504 2950
503 2950
502 2950
501 2950
500 2950
499 2950
498 2950
497 2950
496 2950
495 2950
494 2950
493 2950
492 2950
491 2950
490 2950
489 2950
488 2949
487 2949
486 2948
485 2948
484 2947
483 2947
482 2946
481 2946
480 2946
479 2946
478 2946
477 2946
476 2946
475 2946
474 2946
473 2946
472 2945
471 2945
470 2945
469 2945
468 2944
467 2944
466 2944
465 2944
464 2944
463 2944
462 2944
461 2944
460 2944
459 2944
458 2944
457 2944
456 2944
455 2944
454 2944
453 2944
452 2944
451 2944
450 2944
449 2944
448 2944
447 2944
446 2944
445 2944
444 2945
443 2945
442 2945
441 2945
440 2946
439 2946
438 2946
437 2946
436 2946
435 2946
434 2946
433 2946
432 2946
431 2946
430 2946
429 2946
428 2946
427 2946
426 2945
425 2945
424 2945
423 2945
422 2944
421 2944
420 2944
419 2944
418 2944
417 2944
416 2944
415 2944
414 2944
413 2944
412 2944
411 2944
410 2944
409 2944
408 2944
407 2944
406 2945
405 2945
404 2945
403 2945
402 2946
401 2946
400 2946
399 2946
398 2946
397 2946
396 2946
395 2946
394 2946
393 2946
392 2946
391 2946
390 2946
389 2946
388 2946
387 2946
386 2946
385 2946
384 2946
383 2946
382 2946
381 2946
380 2946
379 2946
378 2946
377 2946
376 2945
375 2945
374 2945
373 2944
372 2943
371 2943
370 2942
369 2942
368 2941
367 2941
366 2940
365 2940
364 2940
363 2940
362 2940
361 2940
360 2940
359 2940
358 2940
357 2940
356 2940
355 2940
354 2940
353 2940
352 2940
351 2940
350 2940
349 2940
348 2940
347 2940
