1935 2603
1934 2604
1933 2604
1932 2605
1931 2606
1930 2606
1930 2607
1929 2608
1928 2608
1927 2609
1926 2610
1925 2610
1924 2611
1923 2611
1922 2611
1921 2611
1920 2612
1919 2612
1918 2612
1917 2612
1916 2613
1915 2613
1914 2613
1913 2613
1912 2613
1911 2613
1910 2613
1909 2613
1908 2613
1907 2613
1906 2613
1905 2613
1904 2613
1903 2613
1902 2613
1901 2613
1900 2613
1899 2613
1898 2613
1897 2613
1896 2613
1895 2613
1894 2613
1893 2613
1892 2613
1891 2613
1890 2613
1889 2613
1888 2613
1887 2613
1886 2613
1885 2613
1884 2613
1883 2613
1882 2613
1881 2613
1880 2613
1879 2613
1878 2613
1877 2613
1876 2613
1875 2613
1874 2613
1873 2613
1872 2612
1871 2612
1870 2612
1869 2612
1868 2611
1867 2611
1866 2611
1865 2611
1864 2611
1863 2611
1862 2611
1861 2611
1860 2611
1859 2611
1858 2611
1857 2611
1856 2611
1855 2611
1854 2611
1853 2611
1852 2611
1851 2611
1850 2611
1849 2611
1848 2611
1847 2611
1846 2611
1845 2611
1844 2612
1843 2612
1842 2612
1841 2612
1840 2613
1839 2613
1838 2613
1837 2613
1836 2613
1835 2613
1834 2613
1833 2613
1832 2614
1831 2614
1830 2614
1829 2614
1828 2615
1827 2615
1826 2615
1825 2615
1824 2615
1823 2615
1822 2615
1821 2615
1820 2615
1819 2615
1818 2615
1817 2615
1816 2615
1815 2615
1814 2615
1813 2615
1812 2615
1811 2615
1810 2615
1809 2615
1808 2615
1807 2615
1806 2615
1805 2615
1804 2615
1803 2615
1802 2616
1801 2616
1800 2616
1799 2616
1798 2617
1797 2617
1796 2617
1795 2617
1794 2617
1793 2617
1792 2617
1791 2617
1790 2617
1789 2617
1788 2617
1787 2617
1786 2617
1785 2617
1784 2617
1783 2617
1782 2617
1781 2617
1780 2617
1779 2617
1778 2617
1777 2617
1776 2617
1775 2617
1774 2617
1773 2617
1772 2618
1771 2618
1770 2618
1769 2618
1768 2619
1767 2619
1766 2619
1765 2619
1764 2619
1763 2619
1762 2619
1761 2619
1761 2620
1761 2621
1761 2622
1762 2623
1762 2624
1762 2625
1762 2626
1763 2627
1763 2628
1763 2629
1763 2630
1763 2631
1763 2632
1763 2633
1763 2634
1764 2635
1764 2636
1764 2637
1764 2638
1765 2639
1765 2640
1765 2641
1765 2642
1765 2643
1765 2644
1765 2645
1765 2646
1765 2647
1765 2648
1765 2649
1765 2650
1765 2651
1765 2652
1765 2653
1765 2654
1765 2655
1765 2656
1765 2657
1765 2658
1766 2659
1766 2660
1766 2661
1766 2662
1767 2663
1767 2664
1767 2665
1767 2666
1767 2667
1767 2668
1768 2669
1768 2670
1768 2671
1768 2672
1769 2673
1769 2674
1770 2675
1770 2676
1771 2677
1772 2678
1773 2679
1774 2679
1775 2680
1776 2680
1777 2680
1778 2680
1779 2681
1780 2681
1781 2682
1782 2682
1783 2683
1784 2684
1785 2685
1786 2685
1787 2685
1788 2686
1789 2687
1790 2687
1791 2687
1792 2687
1793 2688
1794 2688
1795 2689
1796 2689
1797 2689
1798 2689
1799 2690
1800 2690
1801 2691
1802 2691
1803 2691
1804 2691
1805 2692
1806 2692
1807 2692
1808 2692
1809 2693
1810 2693
1811 2693
1812 2693
1813 2694
1814 2694
1815 2694
1816 2694
1817 2694
1818 2694
1819 2694
1820 2694
1821 2694
1822 2694
1823 2694
1824 2694
1825 2694
1826 2694
1827 2694
1828 2694
1829 2695
1830 2695
1831 2696
1832 2696
1833 2697
1834 2697
1835 2698
1836 2698
1837 2698
1838 2698
1839 2698
1840 2698
1841 2698
1842 2698
1843 2699
1844 2699
1845 2699
1846 2699
1847 2700
1848 2700
1849 2700
1850 2700
1851 2700
1852 2700
1853 2700
1854 2700
1855 2701
1856 2701
1857 2701
1858 2701
1859 2702
1860 2702
1861 2702
1862 2702
1863 2703
1864 2703
1865 2703
1866 2703
1867 2704
1868 2704
1869 2705
1870 2705
1871 2706
1872 2706
1873 2707
1874 2708
1875 2709
1876 2709
1877 2709
1878 2709
1879 2710
1880 2710
1881 2711
1882 2711
1883 2711
1884 2711
1885 2712
1886 2712
1887 2713
1888 2713
1889 2713
1890 2713
1891 2714
1892 2714
1893 2714
1894 2714
1895 2714
1896 2714
1897 2714
1898 2714
1899 2714
1900 2714
1901 2714
1902 2714
1903 2714
1904 2714
1905 2714
1906 2714
1907 2714
1908 2714
1909 2714
1910 2714
1911 2714
1912 2714
1913 2714
1914 2714
1915 2714
1916 2714
1917 2714
1918 2714
1919 2715
1920 2715
1921 2716
1922 2716
1923 2717
1924 2717
1925 2718
1926 2718
1927 2718
1928 2718
1929 2718
1930 2718
1931 2718
1932 2718
1933 2718
1934 2718
1935 2718
1936 2718
1937 2718
1938 2718
1939 2718
1940 2718
1941 2718
1942 2718
1943 2718
1944 2718
1945 2718
1946 2718
1947 2718
1948 2718
1949 2717
1950 2717
1951 2717
1952 2717
1953 2716
1954 2716
1955 2716
1956 2716
1957 2717
1958 2717
1959 2717
1960 2717
1961 2718
1962 2718
1963 2718
1964 2718
1965 2718
1966 2718
1967 2718
1968 2718
1969 2718
1970 2718
1971 2718
1972 2718
1973 2718
1974 2718
1975 2718
1976 2718
1977 2718
1978 2718
1979 2718
1980 2718
1981 2718
1982 2718
1983 2717
1984 2716
1985 2715
1985 2714
1986 2713
1987 2712
1987 2711
1988 2710
1989 2709
1989 2708
1990 2707
1991 2707
1991 2706
1992 2705
1993 2704
1994 2703
1995 2702
1995 2701
1996 2700
1996 2699
1997 2698
1998 2697
1999 2696
1999 2695
2000 2694
2000 2693
2001 2692
2001 2691
2002 2690
2002 2689
2002 2688
2002 2687
2002 2686
2002 2685
2003 2684
2003 2683
2003 2682
2004 2681
2005 2680
2005 2679
2006 2678
2006 2677
2007 2676
2008 2675
2009 2674
2009 2673
2010 2672
2011 2671
2011 2670
2012 2669
2013 2668
2013 2667
2014 2666
2014 2665
2014 2664
2014 2663
2014 2662
2014 2661
2014 2660
2014 2659
2014 2658
2014 2657
2014 2656
2014 2655
2014 2654
2014 2653
2014 2652
2014 2651
2013 2650
2013 2649
2012 2648
2011 2647
2011 2646
2010 2646
2009 2645
2009 2644
2008 2644
2007 2643
2007 2642
2006 2642
2005 2641
2005 2640
2004 2640
2003 2639
2003 2638
2002 2638
2001 2637
2001 2636
2000 2635
1999 2634
1999 2633
1998 2632
1998 2631
1998 2630
1998 2629
1998 2628
1998 2627
1998 2626
1998 2625
1997 2624
1997 2623
1997 2622
1997 2621
1996 2620
1995 2619
1994 2618
1994 2617
1993 2616
1993 2615
1992 2614
1991 2613
1990 2612
1989 2611
1988 2610
1987 2609
1986 2608
1985 2608
1984 2607
1983 2606
1982 2606
1981 2605
1980 2604
1979 2604
1978 2603
1977 2603
1976 2603
1975 2603
1974 2603
1973 2603
1972 2603
1971 2603
1970 2603
1969 2603
1968 2603
1967 2603
1966 2603
1965 2603
1964 2603
1963 2603
1962 2603
1961 2603
1960 2603
1959 2603
1958 2603
1957 2603
1956 2603
1955 2603
1954 2603
1953 2603
1952 2603
1951 2603
1950 2603
1949 2603
1948 2603
1947 2603
1946 2603
1945 2603
1944 2603
1943 2603
1942 2603
1941 2603
1940 2603
1939 2603
1938 2603
1937 2603
1936 2603
1935 2603
