1679 4419
1678 4420
1677 4420
1676 4421
1675 4421
1674 4422
1673 4422
1672 4423
1671 4423
1670 4423
1669 4423
1668 4424
1667 4424
1666 4424
1665 4424
1664 4425
1663 4425
1662 4426
1661 4426
1660 4426
1659 4426
1658 4427
1657 4427
1656 4428
1655 4428
1654 4428
1653 4428
1652 4429
1651 4429
1650 4429
1649 4429
1648 4430
1647 4430
1646 4430
1645 4430
1644 4431
1643 4431
1642 4432
1641 4432
1640 4432
1639 4432
1638 4433
1637 4434
1636 4435
1635 4435
1634 4436
1633 4436
1632 4437
1631 4437
1630 4437
1629 4437
1628 4437
1627 4437
1626 4437
1625 4437
1624 4438
1623 4438
1622 4438
1621 4438
1620 4439
1619 4439
1618 4439
1617 4439
1616 4439
1615 4439
1614 4439
1613 4439
1612 4439
1611 4439
1610 4439
1609 4439
1608 4439
1607 4439
1606 4439
1605 4439
1604 4440
1603 4440
1602 4440
1601 4440
1600 4441
1599 4441
1598 4442
1597 4442
1596 4442
1595 4442
1594 4443
1593 4443
1592 4443
1591 4443
1590 4443
1589 4443
1588 4443
1587 4443
1586 4443
1585 4443
1584 4443
1583 4443
1582 4444
1581 4444
1580 4444
1579 4444
1578 4445
1577 4445
1576 4445
1575 4445
1574 4445
1573 4445
1572 4445
1571 4445
1570 4446
1569 4446
1568 4446
1567 4446
1566 4447
1565 4447
1564 4448
1563 4448
1562 4449
1561 4449
1560 4449
1559 4449
1558 4449
1557 4449
1556 4448
1555 4448
1554 4447
1553 4447
1552 4447
1551 4447
1550 4447
1549 4447
1548 4447
1547 4447
1546 4447
1545 4447
1544 4446
1543 4446
1542 4446
1541 4446
1540 4445
1539 4445
1538 4445
1537 4445
1536 4445
1535 4445
1534 4445
1533 4445
1532 4445
1531 4445
1530 4445
1529 4445
1528 4445
1527 4445
1526 4445
1525 4445
1524 4445
1523 4445
1522 4445
1521 4445
1520 4445
1519 4445
1518 4445
1517 4445
1516 4445
1515 4445
1514 4445
1513 4445
1512 4445
1511 4445
1510 4445
1509 4445
1508 4444
1507 4444
1506 4444
1505 4444
1504 4443
1503 4443
1502 4443
1501 4443
1500 4443
1499 4443
1498 4443
1497 4443
1496 4443
1495 4443
1494 4443
1493 4443
1492 4444
1491 4444
1490 4444
1489 4444
1488 4445
1487 4445
1486 4445
1485 4445
1484 4445
1483 4445
1482 4445
1481 4445
1480 4445
1479 4445
1478 4445
1477 4445
1476 4445
1475 4445
1474 4445
1473 4445
1472 4445
1471 4445
1470 4445
1469 4445
1468 4445
1467 4445
1466 4445
1465 4445
1464 4445
1463 4445
1462 4445
1461 4445
1460 4445
1459 4445
1458 4445
1457 4445
1456 4445
1455 4445
1454 4445
1453 4445
1452 4445
1451 4445
1450 4445
1449 4445
1448 4444
1447 4444
1446 4444
1445 4444
1444 4443
1443 4443
1442 4443
1441 4443
1440 4443
1439 4443
1438 4443
1437 4443
1436 4443
1435 4443
1434 4443
1433 4443
1432 4443
1431 4443
1430 4443
1429 4443
1428 4442
1427 4442
1426 4442
1425 4442
1424 4441
1423 4441
1422 4441
1421 4441
1420 4441
1419 4441
1418 4441
1417 4441
1416 4441
1415 4441
1414 4441
1413 4441
1412 4441
1411 4441
1410 4441
1409 4441
1408 4441
1407 4441
1406 4441
1405 4441
1404 4441
1403 4441
1402 4441
1401 4441
1400 4441
1399 4441
1398 4441
1397 4441
1396 4441
1395 4441
1394 4440
1393 4440
1392 4440
1391 4440
1390 4439
1389 4439
1388 4439
1387 4439
1386 4439
1385 4439
1384 4439
1383 4439
1382 4439
1381 4439
1380 4439
1379 4439
1378 4439
1377 4439
1376 4439
1375 4439
1374 4439
1373 4439
1372 4439
1371 4439
1370 4439
1369 4439
1368 4439
1367 4439
1366 4439
1365 4439
1364 4439
1363 4439
1362 4439
1361 4439
1360 4439
1359 4439
1358 4439
1357 4439
1356 4439
1355 4439
1354 4439
1353 4439
1352 4439
1351 4439
1350 4439
1349 4439
1348 4439
1347 4439
1346 4439
1345 4439
1344 4439
1343 4439
1342 4439
1341 4439
1340 4439
1339 4439
1338 4439
1337 4439
1336 4439
1335 4439
1334 4439
1333 4439
1332 4439
1331 4439
1330 4439
1329 4439
1328 4439
1327 4439
1326 4439
1325 4439
1324 4439
1323 4439
1322 4439
1321 4439
1320 4439
1319 4439
1318 4439
1317 4439
1316 4439
1315 4439
1314 4438
1313 4438
1312 4438
1311 4438
1310 4437
1309 4437
1308 4437
1307 4437
1306 4437
1305 4437
1304 4437
1303 4437
1302 4437
1301 4437
1300 4437
1299 4437
1298 4437
1297 4437
1296 4437
1295 4437
1294 4437
1293 4437
1292 4437
1291 4437
1290 4437
1289 4437
1288 4437
1287 4437
1286 4437
1285 4437
1284 4437
1283 4437
1282 4437
1281 4437
1280 4437
1279 4437
1278 4437
1277 4437
1276 4437
1275 4437
1274 4437
1273 4437
1272 4437
1271 4437
1270 4437
1269 4437
1268 4437
1267 4437
1266 4437
1265 4437
1264 4437
1263 4437
1262 4437
1261 4437
1260 4437
1259 4437
1258 4437
1257 4437
1256 4437
1255 4437
1254 4437
1253 4437
1252 4437
1251 4437
1250 4437
1249 4437
1248 4437
1247 4437
1246 4437
1245 4437
1244 4437
1243 4437
1242 4437
1241 4437
1240 4437
1239 4437
1238 4437
1237 4437
1236 4437
1235 4437
1234 4437
1233 4437
1232 4437
1231 4437
1230 4437
1229 4437
1228 4437
1227 4437
1226 4437
1225 4437
1224 4437
1223 4437
1222 4437
1221 4437
1220 4437
1219 4437
1218 4437
1217 4437
1216 4437
1215 4437
1214 4437
1213 4437
1212 4437
1211 4437
1210 4437
1209 4437
1208 4437
1207 4437
1206 4437
1205 4437
1204 4437
1203 4437
1202 4437
1201 4437
1200 4437
1199 4437
1198 4437
1197 4437
1196 4437
1195 4437
1194 4437
1193 4437
1192 4437
1191 4437
1190 4437
1189 4437
1188 4437
1187 4437
1186 4437
1185 4437
1184 4437
1183 4437
1182 4437
1181 4437
1180 4437
1179 4437
1178 4437
1177 4437
1176 4437
1175 4437
1174 4437
1173 4437
1172 4437
1171 4437
1170 4437
1169 4437
1168 4437
1167 4437
1166 4437
1165 4437
1164 4437
1163 4437
1162 4437
1161 4437
1160 4437
1159 4437
1158 4437
1157 4437
1156 4437
1155 4437
1154 4437
1153 4437
1152 4437
1151 4437
1150 4437
1149 4437
1148 4437
1147 4437
1146 4437
1145 4437
1144 4437
1143 4437
1142 4437
1141 4437
1140 4437
1139 4437
1138 4437
1137 4437
1136 4437
1135 4437
1134 4437
1133 4437
1132 4437
1131 4437
1130 4437
1129 4437
1128 4437
1127 4437
1126 4436
1125 4436
1124 4436
1123 4436
1122 4435
1121 4435
1120 4435
1119 4435
1118 4435
1117 4435
1116 4435
1115 4435
1114 4435
1113 4435
1112 4435
1111 4435
1110 4435
1109 4435
1108 4435
1107 4435
1106 4435
1105 4435
1104 4435
1103 4435
1102 4435
1101 4435
1100 4434
1099 4434
1098 4434
1097 4434
1096 4433
1095 4433
1094 4433
1093 4433
1092 4433
1091 4433
1090 4433
1089 4433
1088 4433
1087 4433
1086 4433
1085 4433
1084 4433
1083 4433
1082 4433
1081 4433
1080 4433
1079 4433
1078 4433
1077 4433
1076 4433
1075 4433
1074 4433
1073 4433
1072 4433
1071 4433
1070 4433
1069 4433
1068 4433
1067 4433
1066 4433
1065 4433
1064 4433
1063 4433
1062 4433
1061 4433
1060 4433
1059 4433
1058 4433
1057 4433
1056 4433
1055 4433
1054 4433
1053 4433
1052 4433
1051 4433
1050 4433
1049 4433
1048 4433
1047 4433
1046 4433
1045 4433
1044 4433
1043 4433
1042 4433
1041 4433
1040 4433
1039 4433
1038 4433
1037 4433
1036 4433
1035 4433
1034 4433
1033 4433
1032 4433
1031 4433
1030 4433
1029 4433
1028 4433
1027 4433
1026 4433
1025 4433
1024 4433
1023 4433
1022 4434
1021 4434
1020 4434
1019 4434
1018 4435
1017 4435
1016 4435
1015 4435
1014 4435
1013 4435
1012 4435
1011 4435
1010 4435
1009 4435
1008 4435
1007 4435
1006 4435
1005 4435
1004 4435
1003 4435
1002 4435
1001 4435
1000 4436
999 4436
998 4436
997 4436
996 4437
995 4437
994 4437
993 4437
992 4437
991 4437
990 4437
989 4437
988 4437
987 4437
986 4437
985 4437
984 4438
983 4438
982 4438
981 4438
980 4439
979 4439
978 4439
977 4439
976 4440
975 4440
974 4440
973 4440
972 4441
971 4442
970 4443
970 4444
969 4445
969 4446
969 4447
969 4448
969 4449
969 4450
969 4451
969 4452
969 4453
969 4454
970 4455
970 4456
970 4457
970 4458
971 4459
971 4460
971 4461
971 4462
971 4463
971 4464
971 4465
971 4466
971 4467
971 4468
971 4469
971 4470
971 4471
971 4472
971 4473
971 4474
971 4475
971 4476
971 4477
971 4478
971 4479
971 4480
971 4481
971 4482
971 4483
971 4484
972 4485
972 4486
973 4487
974 4488
974 4489
975 4489
976 4490
976 4491
977 4491
978 4492
979 4493
980 4493
981 4494
982 4494
983 4495
984 4495
985 4496
986 4497
987 4497
988 4498
988 4499
989 4499
990 4500
991 4501
992 4502
993 4503
994 4503
995 4504
996 4505
997 4505
998 4506
999 4507
1000 4508
1001 4509
1002 4509
1003 4509
1004 4510
1005 4511
1006 4511
1007 4511
1008 4512
1009 4513
1010 4513
1011 4514
1012 4514
1013 4515
1014 4516
1015 4517
1016 4517
1017 4518
1018 4519
1019 4519
1020 4520
1021 4521
1022 4521
1023 4522
1024 4522
1025 4522
1026 4522
1027 4522
1028 4522
1029 4523
1030 4523
1031 4524
1032 4525
1033 4525
1034 4526
1034 4527
1035 4527
1036 4528
1036 4529
1037 4529
1038 4530
1039 4531
1040 4532
1041 4533
1042 4533
1043 4533
1044 4533
1045 4534
1046 4534
1047 4534
1048 4534
1049 4535
1050 4535
1051 4535
1052 4536
1053 4537
1054 4537
1055 4537
1056 4537
1057 4538
1058 4538
1059 4538
1060 4538
1061 4539
1062 4539
1063 4539
1064 4540
1065 4541
1066 4541
1067 4541
1068 4542
1069 4543
1070 4543
1071 4543
1072 4544
1073 4545
1074 4545
1075 4545
1076 4545
1077 4546
1078 4546
1079 4546
1080 4546
1081 4547
1082 4547
1083 4547
1084 4547
1085 4548
1086 4548
1087 4548
1088 4548
1089 4548
1090 4548
1091 4549
1092 4549
1093 4549
1094 4550
1095 4551
1096 4551
1097 4551
1098 4552
1099 4553
1100 4553
1101 4553
1102 4553
1103 4554
1104 4554
1105 4554
1106 4554
1107 4554
1108 4554
1109 4554
1110 4554
1111 4555
1112 4555
1113 4555
1114 4555
1115 4556
1116 4556
1117 4556
1118 4556
1119 4557
1120 4557
1121 4557
1122 4557
1123 4558
1124 4558
1125 4559
1126 4559
1127 4559
1128 4559
1129 4560
1130 4560
1131 4560
1132 4560
1133 4560
1134 4560
1135 4561
1136 4561
1137 4561
1138 4561
1139 4562
1140 4562
1141 4562
1142 4562
1143 4563
1144 4563
1145 4563
1146 4563
1147 4564
1148 4564
1149 4564
1150 4564
1151 4564
1152 4564
1153 4564
1154 4564
1155 4564
1156 4564
1157 4565
1158 4565
1159 4565
1160 4565
1161 4566
1162 4566
1163 4566
1164 4566
1165 4567
1166 4567
1167 4567
1168 4567
1169 4568
1170 4568
1171 4568
1172 4568
1173 4568
1174 4568
1175 4569
1176 4569
1177 4569
1178 4569
1179 4570
1180 4570
1181 4570
1182 4570
1183 4570
1184 4570
1185 4571
1186 4571
1187 4571
1188 4571
1189 4572
1190 4572
1191 4573
1192 4573
1193 4573
1194 4573
1195 4574
1196 4574
1197 4574
1198 4574
1199 4574
1200 4574
1201 4574
1202 4574
1203 4575
1204 4575
1205 4575
1206 4575
1207 4576
1208 4576
1209 4576
1210 4576
1211 4576
1212 4576
1213 4577
1214 4577
1215 4577
1216 4577
1217 4578
1218 4578
1219 4579
1220 4579
1221 4579
1222 4579
1223 4580
1224 4580
1225 4580
1226 4580
1227 4580
1228 4580
1229 4580
1230 4580
1231 4580
1232 4580
1233 4581
1234 4581
1235 4581
1236 4581
1237 4582
1238 4582
1239 4582
1240 4582
1241 4582
1242 4582
1243 4582
1244 4582
1245 4583
1246 4583
1247 4583
1248 4583
1249 4584
1250 4584
1251 4584
1252 4584
1253 4584
1254 4584
1255 4584
1256 4584
1257 4584
1258 4584
1259 4585
1260 4585
1261 4585
1262 4585
1263 4586
1264 4586
1265 4586
1266 4586
1267 4586
1268 4586
1269 4586
1270 4586
1271 4586
1272 4586
1273 4586
1274 4586
1275 4586
1276 4586
1277 4586
1278 4586
1279 4586
1280 4586
1281 4586
1282 4586
1283 4586
1284 4586
1285 4585
1286 4585
1287 4585
1288 4585
1289 4584
1290 4584
1291 4584
1292 4584
1293 4584
1294 4584
1295 4584
1296 4584
1297 4584
1298 4584
1299 4584
1300 4584
1301 4584
1302 4584
1303 4584
1304 4584
1305 4584
1306 4584
1307 4584
1308 4584
1309 4584
1310 4584
1311 4584
1312 4584
1313 4584
1314 4584
1315 4584
1316 4584
1317 4584
1318 4584
1319 4584
1320 4584
1321 4584
1322 4584
1323 4584
1324 4584
1325 4584
1326 4584
1327 4584
1328 4584
1329 4584
1330 4584
1331 4584
1332 4584
1333 4584
1334 4584
1335 4584
1336 4584
1337 4584
1338 4584
1339 4584
1340 4584
1341 4584
1342 4584
1343 4584
1344 4584
1345 4584
1346 4584
1347 4584
1348 4584
1349 4584
1350 4584
1351 4584
1352 4584
1353 4584
1354 4584
1355 4584
1356 4584
1357 4584
1358 4584
1359 4584
1360 4584
1361 4584
1362 4584
1363 4584
1364 4584
1365 4584
1366 4584
1367 4584
1368 4584
1369 4584
1370 4584
1371 4584
1372 4584
1373 4584
1374 4584
1375 4584
1376 4584
1377 4584
1378 4584
1379 4584
1380 4584
1381 4584
1382 4584
1383 4584
1384 4584
1385 4584
1386 4584
1387 4584
1388 4584
1389 4584
1390 4584
1391 4584
1392 4584
1393 4584
1394 4584
1395 4584
1396 4584
1397 4584
1398 4584
1399 4584
1400 4584
1401 4584
1402 4584
1403 4584
1404 4584
1405 4584
1406 4584
1407 4584
1408 4584
1409 4584
1410 4584
1411 4585
1412 4585
1413 4585
1414 4585
1415 4586
1416 4586
1417 4586
1418 4586
1419 4586
1420 4586
1421 4586
1422 4586
1423 4586
1424 4586
1425 4586
1426 4586
1427 4586
1428 4586
1429 4586
1430 4586
1431 4586
1432 4586
1433 4586
1434 4586
1435 4586
1436 4586
1437 4586
1438 4586
1439 4586
1440 4586
1441 4586
1442 4586
1443 4586
1444 4586
1445 4587
1446 4587
1447 4587
1448 4587
1449 4588
1450 4588
1451 4588
1452 4588
1453 4588
1454 4588
1455 4588
1456 4588
1457 4588
1458 4588
1459 4588
1460 4588
1461 4588
1462 4588
1463 4588
1464 4588
1465 4588
1466 4588
1467 4588
1468 4588
1469 4588
1470 4588
1471 4588
1472 4588
1473 4588
1474 4588
1475 4588
1476 4588
1477 4588
1478 4588
1479 4588
1480 4588
1481 4588
1482 4588
1483 4588
1484 4588
1485 4588
1486 4588
1487 4588
1488 4588
1489 4588
1490 4588
1491 4588
1492 4588
1493 4588
1494 4588
1495 4588
1496 4588
1497 4588
1498 4588
1499 4588
1500 4588
1501 4588
1502 4588
1503 4588
1504 4588
1505 4588
1506 4588
1507 4588
1508 4588
1509 4588
1510 4588
1511 4588
1512 4588
1513 4588
1514 4588
1515 4588
1516 4588
1517 4588
1518 4588
1519 4588
1520 4588
1521 4588
1522 4588
1523 4589
1524 4589
1525 4589
1526 4589
1527 4590
1528 4590
1529 4590
1530 4590
1531 4590
1532 4590
1533 4590
1534 4590
1535 4590
1536 4590
1537 4590
1538 4590
1539 4590
1540 4590
1541 4590
1542 4590
1543 4590
1544 4590
1545 4590
1546 4590
1547 4590
1548 4590
1549 4589
1550 4589
1551 4589
1552 4589
1553 4588
1554 4588
1555 4588
1556 4588
1557 4588
1558 4588
1559 4587
1560 4587
1561 4587
1562 4587
1563 4586
1564 4586
1565 4586
1566 4586
1567 4586
1568 4586
1569 4585
1570 4585
1571 4585
1572 4585
1573 4584
1574 4584
1575 4583
1576 4583
1577 4583
1578 4583
1579 4582
1580 4582
1581 4582
1582 4582
1583 4582
1584 4582
1585 4581
1586 4581
1587 4581
1588 4581
1589 4580
1590 4580
1591 4579
1592 4579
1593 4579
1594 4579
1595 4578
1596 4578
1597 4578
1598 4578
1599 4578
1600 4578
1601 4578
1602 4578
1603 4578
1604 4578
1605 4578
1606 4578
1607 4577
1608 4577
1609 4577
1610 4577
1611 4576
1612 4576
1613 4575
1614 4575
1615 4574
1616 4574
1617 4573
1618 4573
1619 4572
1620 4572
1621 4572
1622 4572
1623 4572
1624 4572
1625 4572
1626 4572
1627 4572
1628 4572
1629 4571
1630 4571
1631 4571
1632 4571
1633 4570
1634 4570
1635 4570
1636 4570
1637 4570
1638 4570
1639 4570
1640 4570
1641 4569
1642 4569
1643 4569
1644 4569
1645 4568
1646 4568
1647 4568
1648 4568
1649 4568
1650 4568
1651 4568
1652 4568
1653 4568
1654 4568
1655 4568
1656 4568
1657 4568
1658 4568
1659 4568
1660 4568
1661 4567
1662 4567
1663 4567
1664 4567
1665 4566
1666 4565
1667 4564
1668 4564
1669 4563
1670 4563
1671 4562
1672 4561
1673 4561
1674 4561
1675 4560
1676 4560
1677 4559
1678 4559
1679 4558
1680 4558
1681 4557
1682 4557
1683 4556
1684 4556
1685 4556
1686 4556
1687 4556
1688 4556
1689 4556
1690 4556
1691 4556
1692 4556
1693 4555
1694 4555
1695 4555
1696 4555
1697 4554
1698 4554
1699 4553
1700 4553
1701 4553
1702 4553
1703 4552
1704 4551
1705 4550
1706 4549
1707 4549
1708 4548
1709 4547
1710 4547
1711 4546
1712 4545
1713 4544
1714 4543
1715 4543
1715 4542
1716 4541
1717 4541
1717 4540
1718 4539
1719 4539
1719 4538
1720 4537
1721 4537
1721 4536
1722 4535
1723 4535
1723 4534
1724 4533
1725 4533
1725 4532
1726 4531
1727 4531
1727 4530
1728 4529
1729 4529
1729 4528
1730 4527
1731 4527
1731 4526
1732 4525
1733 4525
1733 4524
1734 4523
1735 4523
1735 4522
1736 4521
1737 4521
1737 4520
1738 4519
1739 4519
1739 4518
1740 4517
1741 4516
1741 4515
1742 4514
1742 4513
1742 4512
1742 4511
1743 4510
1743 4509
1743 4508
1743 4507
1744 4506
1744 4505
1745 4504
1745 4503
1745 4502
1746 4501
1747 4500
1747 4499
1747 4498
1747 4497
1748 4496
1748 4495
1748 4494
1748 4493
1748 4492
1748 4491
1748 4490
1748 4489
1748 4488
1748 4487
1748 4486
1748 4485
1747 4484
1747 4483
1747 4482
1747 4481
1746 4480
1746 4479
1746 4478
1746 4477
1746 4476
1746 4475
1745 4474
1745 4473
1744 4472
1743 4471
1743 4470
1742 4469
1741 4468
1741 4467
1740 4466
1739 4465
1739 4464
1739 4463
1738 4462
1737 4461
1737 4460
1737 4459
1736 4458
1736 4457
1735 4456
1735 4455
1734 4454
1734 4453
1733 4452
1733 4451
1732 4450
1731 4449
1731 4448
1731 4447
1730 4446
1730 4445
1729 4444
1729 4443
1728 4442
1727 4441
1727 4440
1726 4440
1725 4439
1725 4438
1724 4437
1723 4436
1723 4435
1722 4434
1721 4433
1721 4432
1721 4431
1720 4430
1719 4429
1718 4428
1717 4427
1716 4426
1715 4426
1714 4425
1713 4425
1712 4425
1711 4425
1710 4424
1709 4424
1708 4424
1707 4424
1706 4423
1705 4423
1704 4423
1703 4423
1702 4422
1701 4422
1700 4422
1699 4422
1698 4421
1697 4421
1696 4421
1695 4421
1694 4420
1693 4420
1692 4420
1691 4420
1690 4419
1689 4419
1688 4419
1687 4419
1686 4419
1685 4419
1684 4419
1683 4419
1682 4419
1681 4419
1680 4419
1679 4419
