441 661
440 662
439 662
438 662
437 662
436 663
435 663
434 663
433 663
432 663
431 663
430 663
429 663
428 664
427 664
426 664
425 664
424 665
423 666
422 666
421 666
420 667
419 667
418 667
417 667
416 667
415 667
414 667
413 667
412 667
411 667
410 666
409 666
408 666
407 666
406 665
405 665
404 665
403 665
402 665
401 665
400 665
399 665
398 665
397 665
396 666
395 666
394 666
393 666
392 667
391 668
390 668
389 668
388 669
387 669
386 668
385 668
384 668
383 668
382 667
381 667
380 667
379 667
378 666
377 666
376 666
375 666
374 666
373 666
372 666
371 666
370 667
369 667
368 667
367 667
366 667
365 667
364 667
363 667
362 667
361 667
360 666
359 666
358 666
357 666
356 665
355 665
354 665
353 665
352 665
351 665
350 665
349 665
348 665
347 665
346 665
345 665
344 666
343 666
342 667
341 668
340 668
340 669
339 670
338 670
338 671
337 672
336 672
336 673
335 674
334 674
334 675
333 676
332 677
331 678
330 679
330 680
330 681
330 682
329 683
329 684
329 685
329 686
329 687
329 688
330 689
330 690
330 691
330 692
331 693
331 694
331 695
331 696
331 697
331 698
331 699
331 700
331 701
331 702
331 703
331 704
331 705
331 706
331 707
331 708
331 709
331 710
331 711
331 712
331 713
331 714
331 715
331 716
331 717
331 718
331 719
331 720
331 721
331 722
331 723
331 724
331 725
331 726
331 727
331 728
331 729
331 730
331 731
331 732
331 733
331 734
331 735
331 736
331 737
331 738
331 739
331 740
331 741
331 742
331 743
331 744
331 745
331 746
331 747
331 748
331 749
331 750
331 751
331 752
331 753
331 754
331 755
331 756
331 757
331 758
331 759
331 760
331 761
331 762
331 763
331 764
331 765
331 766
331 767
331 768
331 769
331 770
330 771
330 772
330 773
330 774
329 775
329 776
329 777
329 778
329 779
329 780
329 781
329 782
329 783
329 784
329 785
329 786
329 787
329 788
329 789
329 790
329 791
329 792
329 793
329 794
329 795
329 796
329 797
329 798
328 799
328 800
328 801
328 802
327 803
327 804
327 805
327 806
328 807
328 808
329 809
330 810
330 811
331 811
332 812
333 813
334 814
335 815
336 815
337 815
338 815
339 816
340 816
341 816
342 816
343 816
344 816
345 816
346 816
347 816
348 816
349 816
350 816
351 816
352 816
353 816
354 816
355 816
356 816
357 816
358 816
359 816
360 816
361 816
362 816
363 816
364 816
365 816
366 816
367 816
368 816
369 816
370 816
371 816
372 816
373 816
374 816
375 816
376 816
377 816
378 816
379 815
380 815
381 815
382 815
383 814
384 814
385 814
386 814
387 813
388 813
389 813
390 813
391 812
392 812
393 812
394 812
395 812
396 812
397 812
398 812
399 812
400 812
401 813
402 813
403 813
404 813
405 814
406 814
407 814
408 814
409 814
410 814
411 814
412 814
413 814
414 814
415 813
416 813
417 813
418 813
419 812
420 812
421 812
422 812
423 812
424 812
425 812
426 812
427 812
428 812
429 812
430 812
431 812
432 812
433 811
434 811
435 811
436 811
437 810
438 810
439 810
440 810
441 810
442 810
443 810
444 810
445 809
446 809
447 809
448 809
449 808
450 808
451 807
452 807
453 807
454 807
455 806
456 806
457 806
458 806
459 806
460 806
461 806
462 806
463 805
464 805
465 805
466 805
467 804
468 804
469 804
470 804
471 804
472 804
473 804
474 804
475 804
476 804
477 804
478 804
479 803
480 803
481 803
482 803
483 802
484 802
485 801
486 801
487 801
488 801
489 800
490 799
491 799
492 799
493 798
494 797
495 797
496 797
497 796
498 796
499 796
500 796
501 797
502 797
503 798
504 798
505 799
506 799
507 800
508 800
509 801
510 801
511 801
512 802
513 803
514 803
515 803
516 803
517 803
518 803
519 803
520 803
521 802
522 802
523 802
524 802
525 801
526 801
527 801
528 801
529 800
530 800
531 799
532 799
533 799
534 799
535 798
536 798
537 797
538 797
539 797
540 797
541 796
542 795
543 795
544 795
545 794
546 794
547 793
548 793
549 793
550 793
551 792
552 792
553 791
554 791
555 791
556 791
557 790
558 789
559 789
560 789
561 788
562 788
563 787
564 787
565 787
566 787
567 786
568 786
569 786
570 786
571 785
572 785
573 785
574 785
575 784
576 783
577 783
578 783
579 782
580 782
581 781
582 781
583 780
584 779
585 779
586 778
587 777
588 777
589 776
590 776
591 776
592 776
593 776
594 776
595 775
596 775
597 775
598 775
599 774
600 773
601 772
602 771
603 771
604 770
605 769
606 769
607 768
608 767
609 766
610 765
611 765
611 764
612 763
613 762
614 761
615 760
615 759
615 758
615 757
616 756
616 755
616 754
616 753
616 752
616 751
616 750
616 749
616 748
616 747
616 746
616 745
616 744
616 743
616 742
616 741
616 740
616 739
616 738
616 737
616 736
616 735
616 734
616 733
616 732
616 731
616 730
616 729
616 728
616 727
616 726
616 725
616 724
616 723
615 722
615 721
615 720
615 719
614 718
614 717
614 716
614 715
613 714
613 713
613 712
613 711
612 710
612 709
612 708
612 707
611 706
611 705
610 704
610 703
609 702
609 701
608 700
608 699
608 698
608 697
608 696
608 695
607 694
607 693
606 692
605 691
605 690
604 690
603 689
603 688
602 688
601 687
601 686
600 686
599 685
598 684
597 684
596 683
595 683
594 683
593 683
592 683
591 683
590 683
589 683
588 682
587 682
586 682
585 682
584 681
583 681
582 681
581 681
580 681
579 681
578 681
577 681
576 681
575 681
574 681
573 681
572 681
571 681
570 681
569 681
568 681
567 681
566 681
565 681
564 681
563 681
562 681
561 681
560 680
559 680
558 680
557 679
556 678
555 678
554 678
553 678
552 677
551 677
550 676
549 676
548 676
547 676
546 675
545 675
544 674
543 674
542 674
541 674
540 673
539 673
538 672
537 672
536 672
535 672
534 671
533 671
532 671
531 671
530 671
529 671
528 670
527 670
526 670
525 670
524 669
523 669
522 669
521 669
520 669
519 669
518 669
517 669
516 668
515 668
514 668
513 668
512 667
511 667
510 667
509 667
508 667
507 667
506 667
505 667
504 667
503 667
502 666
501 666
500 666
499 666
498 665
497 665
496 665
495 665
494 665
493 665
492 665
491 665
490 665
489 665
488 665
487 665
486 665
485 665
484 665
483 665
482 664
481 664
480 664
479 664
478 663
477 663
476 663
475 663
474 663
473 663
472 663
471 663
470 663
469 663
468 662
467 662
466 662
465 662
464 661
463 661
462 661
461 661
460 662
459 662
458 662
457 662
456 663
455 663
454 663
453 663
452 662
451 662
450 662
449 662
448 661
447 661
446 661
445 661
444 661
443 661
442 661
441 661
