334 1915
333 1916
332 1916
331 1916
330 1916
329 1917
328 1917
327 1918
326 1918
325 1918
324 1918
323 1919
322 1919
321 1919
320 1919
319 1919
318 1919
317 1919
316 1919
315 1919
314 1919
313 1919
312 1919
311 1919
310 1919
309 1919
308 1919
307 1919
306 1919
305 1920
304 1920
303 1920
302 1920
301 1921
300 1922
299 1922
298 1922
297 1923
296 1923
295 1924
294 1924
293 1924
292 1924
291 1925
290 1925
289 1925
288 1925
287 1925
286 1925
285 1925
284 1925
283 1925
282 1925
281 1926
280 1926
279 1926
278 1926
277 1927
276 1928
275 1928
274 1928
273 1929
272 1930
271 1930
270 1930
269 1931
268 1932
267 1932
266 1932
265 1933
264 1933
263 1933
262 1933
261 1934
260 1934
259 1935
258 1936
257 1936
257 1937
256 1938
255 1939
254 1940
253 1941
253 1942
252 1943
251 1944
251 1945
250 1946
249 1947
248 1948
247 1949
247 1950
246 1951
246 1952
245 1953
244 1954
243 1955
243 1956
242 1957
242 1958
241 1959
240 1960
239 1961
239 1962
239 1963
238 1964
237 1965
237 1966
236 1967
236 1968
235 1969
235 1970
234 1971
234 1972
234 1973
234 1974
235 1975
235 1976
236 1977
237 1978
237 1979
238 1980
239 1981
239 1982
240 1983
241 1984
242 1985
242 1986
243 1987
243 1988
244 1989
245 1990
245 1991
245 1992
246 1993
247 1994
248 1995
248 1996
249 1997
249 1998
250 1999
251 2000
252 2001
253 2002
253 2003
254 2004
255 2005
255 2006
256 2007
256 2008
257 2009
257 2010
257 2011
257 2012
258 2013
258 2014
259 2015
259 2016
259 2017
259 2018
260 2019
260 2020
259 2021
258 2021
257 2021
256 2021
255 2022
254 2022
253 2023
253 2024
253 2025
253 2026
254 2027
254 2028
255 2029
255 2030
256 2031
256 2032
256 2033
256 2034
256 2035
256 2036
256 2037
256 2038
257 2039
257 2040
258 2041
259 2042
259 2043
260 2043
261 2044
261 2045
262 2045
263 2046
263 2047
264 2047
265 2048
265 2049
266 2049
267 2050
267 2051
268 2051
269 2052
269 2053
270 2053
271 2054
271 2055
272 2055
273 2056
273 2057
274 2057
275 2058
275 2059
276 2059
277 2060
277 2061
278 2061
279 2062
279 2063
280 2063
281 2064
281 2065
282 2065
283 2066
283 2067
284 2067
285 2068
285 2069
286 2070
287 2071
287 2072
288 2073
288 2074
288 2075
288 2076
288 2077
288 2078
289 2079
289 2080
289 2081
289 2082
290 2083
290 2084
290 2085
290 2086
290 2087
290 2088
291 2089
291 2090
292 2091
293 2092
294 2093
295 2093
296 2093
297 2093
298 2094
299 2094
300 2094
301 2094
302 2095
303 2095
304 2095
305 2095
306 2096
307 2096
308 2096
309 2096
310 2097
311 2097
312 2097
313 2097
314 2098
315 2098
316 2099
317 2099
318 2099
319 2099
320 2100
321 2100
322 2101
323 2101
324 2101
325 2101
326 2102
327 2102
328 2102
329 2102
330 2102
331 2102
332 2102
333 2102
334 2103
335 2103
336 2103
337 2104
338 2105
339 2105
340 2105
341 2105
342 2106
343 2106
344 2106
345 2106
346 2107
347 2107
348 2107
349 2107
350 2108
351 2108
352 2108
353 2108
354 2108
355 2108
356 2108
357 2108
358 2108
359 2108
360 2108
361 2108
362 2108
363 2108
364 2108
365 2108
366 2108
367 2108
368 2108
369 2108
370 2108
371 2108
372 2108
373 2108
374 2108
375 2108
376 2108
377 2108
378 2108
379 2108
380 2108
381 2108
382 2108
383 2108
384 2108
385 2108
386 2108
387 2108
388 2108
389 2108
390 2108
391 2108
392 2108
393 2108
394 2108
395 2108
396 2108
397 2108
398 2108
399 2108
400 2108
401 2108
402 2108
403 2108
404 2108
405 2108
406 2108
407 2108
408 2108
409 2108
410 2108
411 2108
412 2108
413 2108
414 2108
415 2108
416 2108
417 2108
418 2108
419 2108
420 2108
421 2108
422 2108
423 2108
424 2108
425 2108
426 2108
427 2108
428 2108
429 2108
430 2108
431 2108
432 2108
433 2108
434 2108
435 2108
436 2108
437 2108
438 2108
439 2108
440 2108
441 2108
442 2108
443 2108
444 2108
445 2108
446 2108
447 2108
448 2108
449 2108
450 2108
451 2108
452 2109
453 2109
454 2109
455 2109
456 2110
457 2110
458 2110
459 2110
460 2110
461 2110
462 2111
463 2111
464 2111
465 2111
466 2112
467 2112
468 2112
469 2112
470 2112
471 2112
472 2112
473 2112
474 2112
475 2112
476 2112
477 2112
478 2112
479 2112
480 2112
481 2112
482 2112
483 2112
484 2112
485 2112
486 2111
487 2111
488 2111
489 2111
490 2110
491 2110
492 2110
493 2110
494 2110
495 2110
496 2110
497 2110
498 2110
499 2110
500 2110
501 2110
502 2110
503 2110
504 2110
505 2110
506 2110
507 2110
508 2110
509 2110
510 2110
511 2110
512 2110
513 2110
514 2110
515 2110
516 2110
517 2110
518 2110
519 2110
520 2110
521 2110
522 2110
523 2110
524 2110
525 2110
526 2110
527 2110
528 2110
529 2110
530 2110
531 2110
532 2110
533 2110
534 2110
535 2110
536 2110
537 2110
538 2110
539 2110
540 2110
541 2110
542 2110
543 2110
544 2111
545 2111
546 2111
547 2111
548 2112
549 2112
550 2112
551 2112
552 2112
553 2112
554 2112
555 2112
556 2112
557 2112
558 2112
559 2112
560 2112
561 2112
562 2113
563 2113
564 2113
565 2113
566 2114
567 2114
568 2114
569 2114
570 2114
571 2114
572 2114
573 2114
574 2114
575 2114
576 2114
577 2114
578 2114
579 2114
580 2114
581 2114
582 2115
583 2115
584 2115
585 2115
586 2116
587 2116
588 2116
589 2116
590 2116
591 2116
592 2116
593 2116
594 2116
595 2116
596 2116
597 2116
598 2116
599 2116
600 2117
601 2117
602 2117
603 2117
604 2118
605 2118
606 2118
607 2118
608 2118
609 2118
610 2118
611 2118
612 2119
613 2119
614 2119
615 2119
616 2120
617 2120
618 2120
619 2120
620 2120
621 2120
622 2120
623 2120
624 2120
625 2120
626 2121
627 2121
628 2121
629 2121
630 2122
631 2122
632 2122
633 2122
634 2122
635 2122
636 2123
637 2123
638 2123
639 2123
640 2124
641 2124
642 2124
643 2124
644 2124
645 2124
646 2125
647 2125
648 2125
649 2125
650 2126
651 2126
652 2126
653 2126
654 2126
655 2126
656 2126
657 2126
658 2127
659 2127
660 2127
661 2127
662 2128
663 2128
664 2128
665 2128
666 2129
667 2129
668 2129
669 2129
670 2130
671 2130
672 2130
673 2130
674 2130
675 2130
676 2131
677 2131
678 2131
679 2131
680 2132
681 2132
682 2132
683 2132
684 2132
685 2132
686 2132
687 2132
688 2132
689 2132
690 2132
691 2132
692 2132
693 2132
694 2132
695 2132
696 2132
697 2132
698 2132
699 2132
700 2132
701 2132
702 2132
703 2132
704 2132
705 2132
706 2132
707 2132
708 2132
709 2132
710 2132
711 2132
712 2132
713 2132
714 2132
715 2132
716 2132
717 2132
718 2132
719 2132
720 2131
721 2131
722 2131
723 2131
724 2130
725 2129
726 2129
727 2129
728 2128
729 2128
730 2128
731 2128
732 2127
733 2127
734 2127
735 2127
736 2126
737 2125
738 2125
739 2125
740 2124
741 2123
742 2122
743 2121
744 2121
744 2120
745 2119
746 2119
746 2118
747 2117
748 2117
748 2116
749 2115
750 2115
751 2114
752 2113
753 2113
754 2112
755 2111
756 2111
757 2111
758 2110
759 2109
760 2108
761 2107
762 2107
762 2106
763 2105
764 2105
765 2104
766 2103
767 2103
768 2102
769 2101
770 2101
771 2101
772 2100
773 2099
774 2098
775 2097
776 2097
776 2096
777 2095
778 2095
778 2094
779 2093
780 2093
780 2092
781 2091
782 2091
783 2090
784 2089
785 2089
786 2088
787 2087
788 2086
789 2085
790 2084
790 2083
790 2082
791 2081
792 2080
792 2079
792 2078
792 2077
793 2076
793 2075
794 2074
794 2073
794 2072
794 2071
795 2070
795 2069
795 2068
795 2067
796 2066
796 2065
796 2064
796 2063
797 2062
797 2061
797 2060
797 2059
798 2058
798 2057
798 2056
798 2055
799 2054
799 2053
799 2052
799 2051
799 2050
799 2049
800 2048
800 2047
800 2046
800 2045
801 2044
801 2043
802 2042
802 2041
802 2040
802 2039
803 2038
803 2037
803 2036
803 2035
804 2034
804 2033
804 2032
804 2031
805 2030
805 2029
805 2028
805 2027
805 2026
805 2025
805 2024
805 2023
805 2022
805 2021
805 2020
805 2019
805 2018
805 2017
805 2016
805 2015
805 2014
805 2013
805 2012
805 2011
805 2010
805 2009
805 2008
805 2007
805 2006
805 2005
805 2004
805 2003
805 2002
805 2001
805 2000
805 1999
805 1998
805 1997
805 1996
805 1995
805 1994
805 1993
805 1992
805 1991
805 1990
805 1989
804 1988
804 1987
803 1986
802 1985
801 1984
800 1984
799 1983
798 1983
797 1982
796 1982
795 1981
794 1980
793 1980
792 1979
791 1978
790 1978
789 1977
788 1977
787 1977
786 1977
785 1977
784 1977
783 1976
782 1976
781 1976
780 1976
779 1975
778 1975
777 1975
776 1975
775 1975
774 1975
773 1974
772 1974
771 1974
770 1973
769 1972
768 1972
767 1971
766 1971
765 1970
764 1970
763 1969
762 1969
761 1969
760 1969
759 1968
758 1968
757 1968
756 1968
755 1967
754 1967
753 1966
752 1966
751 1966
750 1966
749 1965
748 1965
747 1965
746 1965
745 1964
744 1964
743 1964
742 1964
741 1963
740 1963
739 1963
738 1963
737 1963
736 1963
735 1962
734 1962
733 1962
732 1962
731 1961
730 1961
729 1960
728 1960
727 1960
726 1960
725 1959
724 1959
723 1959
722 1959
721 1958
720 1958
719 1958
718 1958
717 1957
716 1957
715 1957
714 1957
713 1957
712 1957
711 1956
710 1956
709 1956
708 1956
707 1955
706 1955
705 1955
704 1955
703 1955
702 1955
701 1955
700 1955
699 1955
698 1955
697 1955
696 1955
695 1955
694 1955
693 1954
692 1954
691 1954
690 1954
689 1953
688 1953
687 1953
686 1953
685 1953
684 1953
683 1952
682 1952
681 1952
680 1952
679 1951
678 1951
677 1951
676 1951
675 1951
674 1951
673 1951
672 1951
671 1951
670 1951
669 1950
668 1950
667 1950
666 1950
665 1949
664 1949
663 1949
662 1949
661 1949
660 1949
659 1949
658 1949
657 1949
656 1949
655 1949
654 1949
653 1949
652 1949
651 1949
650 1949
649 1948
648 1948
647 1948
646 1948
645 1947
644 1947
643 1946
642 1946
641 1946
640 1946
639 1945
638 1945
637 1945
636 1945
635 1945
634 1945
633 1945
632 1945
631 1945
630 1945
629 1945
628 1945
627 1945
626 1945
625 1944
624 1944
623 1944
622 1944
621 1943
620 1943
619 1943
618 1943
617 1943
616 1943
615 1942
614 1942
613 1942
612 1942
611 1941
610 1941
609 1941
608 1941
607 1941
606 1941
605 1941
604 1941
603 1941
602 1941
601 1941
600 1941
599 1941
598 1941
597 1941
596 1941
595 1941
594 1941
593 1941
592 1941
591 1941
590 1941
589 1941
588 1941
587 1941
586 1941
585 1941
584 1941
583 1941
582 1941
581 1941
580 1941
579 1941
578 1941
577 1941
576 1941
575 1941
574 1941
573 1940
572 1940
571 1940
570 1940
569 1939
568 1939
567 1939
566 1939
565 1939
564 1939
563 1939
562 1939
561 1939
560 1939
559 1939
558 1939
557 1939
556 1939
555 1939
554 1939
553 1939
552 1939
551 1939
550 1939
549 1939
548 1939
547 1939
546 1939
545 1939
544 1939
543 1939
542 1939
541 1938
540 1938
539 1938
538 1938
537 1937
536 1937
535 1937
534 1937
533 1937
532 1937
531 1937
530 1937
529 1937
528 1937
527 1937
526 1937
525 1937
524 1937
523 1937
522 1937
521 1937
520 1937
519 1937
518 1937
517 1937
516 1937
515 1937
514 1937
513 1937
512 1937
511 1936
510 1936
509 1936
508 1935
507 1934
506 1934
505 1934
504 1934
503 1933
502 1933
501 1933
500 1933
499 1933
498 1933
497 1933
496 1933
495 1933
494 1933
493 1933
492 1933
491 1933
490 1933
489 1933
488 1933
487 1932
486 1932
485 1932
484 1932
483 1931
482 1931
481 1931
480 1931
479 1931
478 1931
477 1930
476 1930
475 1930
474 1930
473 1929
472 1929
471 1929
470 1929
469 1929
468 1929
467 1929
466 1929
465 1928
464 1928
463 1928
462 1928
461 1927
460 1927
459 1927
458 1927
457 1927
456 1927
455 1926
454 1926
453 1926
452 1926
451 1925
450 1925
449 1925
448 1925
447 1924
446 1924
445 1924
444 1924
443 1923
442 1923
441 1922
440 1922
439 1922
438 1922
437 1921
436 1921
435 1921
434 1921
433 1921
432 1921
431 1921
430 1921
429 1920
428 1920
427 1920
426 1920
425 1919
424 1919
423 1919
422 1919
421 1918
420 1918
419 1918
418 1918
417 1917
416 1917
415 1917
414 1917
413 1917
412 1917
411 1917
410 1917
409 1917
408 1917
407 1917
406 1917
405 1917
404 1917
403 1917
402 1917
401 1917
400 1917
399 1917
398 1917
397 1917
396 1917
395 1917
394 1917
393 1917
392 1917
391 1916
390 1916
389 1916
388 1916
387 1915
386 1915
385 1915
384 1915
383 1915
382 1915
381 1915
380 1915
379 1915
378 1915
377 1915
376 1915
375 1915
374 1915
373 1915
372 1915
371 1915
370 1915
369 1915
368 1915
367 1915
366 1915
365 1915
364 1915
363 1915
362 1915
361 1915
360 1915
359 1915
358 1915
357 1915
356 1915
355 1916
354 1916
353 1916
352 1916
351 1917
350 1917
349 1917
348 1917
347 1917
346 1917
345 1917
344 1917
343 1917
342 1917
341 1916
340 1916
339 1916
338 1916
337 1915
336 1915
335 1915
334 1915
