412 5072
411 5073
410 5073
409 5073
408 5073
407 5074
406 5074
405 5075
404 5075
403 5075
402 5075
401 5076
400 5076
399 5076
398 5076
397 5077
396 5077
395 5077
394 5077
393 5078
392 5078
391 5078
390 5078
389 5078
388 5078
387 5078
386 5078
385 5079
384 5079
383 5079
382 5079
381 5080
380 5080
379 5081
378 5081
377 5081
376 5081
375 5082
374 5082
373 5082
372 5082
371 5081
370 5081
369 5081
368 5081
367 5080
366 5080
365 5080
364 5080
363 5079
362 5079
361 5079
360 5078
359 5077
358 5077
357 5077
356 5077
355 5076
354 5076
353 5075
352 5075
351 5075
350 5075
349 5074
348 5074
347 5074
346 5074
345 5075
344 5075
343 5075
342 5075
341 5076
340 5077
339 5077
338 5077
337 5078
336 5078
335 5078
334 5078
333 5079
332 5079
331 5080
330 5081
329 5081
329 5082
328 5083
327 5083
327 5084
326 5085
325 5085
325 5086
324 5087
323 5087
323 5088
322 5089
321 5089
320 5090
319 5091
318 5091
317 5092
316 5093
315 5093
314 5093
313 5094
312 5095
311 5095
310 5095
309 5096
308 5096
307 5097
306 5097
305 5098
304 5099
303 5099
303 5100
302 5101
301 5101
301 5102
300 5103
299 5104
299 5105
298 5106
298 5107
298 5108
298 5109
298 5110
298 5111
298 5112
298 5113
298 5114
298 5115
298 5116
298 5117
299 5118
299 5119
300 5120
300 5121
301 5122
301 5123
302 5124
302 5125
302 5126
302 5127
302 5128
302 5129
302 5130
302 5131
302 5132
302 5133
303 5134
303 5135
303 5136
303 5137
304 5138
305 5139
306 5140
307 5141
308 5142
309 5143
310 5144
311 5144
312 5145
313 5146
314 5146
315 5147
315 5148
316 5148
317 5149
318 5150
319 5151
320 5152
321 5152
322 5153
323 5154
324 5154
325 5155
325 5156
326 5156
327 5157
327 5158
328 5158
329 5159
329 5160
330 5160
331 5161
331 5162
332 5162
333 5163
333 5164
334 5164
335 5165
335 5166
336 5166
337 5167
338 5168
339 5168
340 5169
341 5169
342 5170
343 5170
344 5171
345 5172
346 5172
347 5173
348 5174
349 5174
350 5175
351 5175
352 5176
353 5176
354 5176
355 5177
356 5178
357 5178
358 5178
359 5178
360 5179
361 5179
362 5180
363 5180
364 5181
365 5182
366 5182
367 5183
368 5184
369 5184
370 5185
371 5185
372 5185
373 5185
374 5186
375 5186
376 5187
377 5187
378 5188
379 5189
380 5190
381 5190
382 5190
383 5190
384 5191
385 5191
386 5191
387 5191
388 5191
389 5191
390 5191
391 5191
392 5191
393 5191
394 5192
395 5192
396 5192
397 5192
398 5193
399 5193
400 5194
401 5194
402 5194
403 5194
404 5195
405 5195
406 5195
407 5195
408 5195
409 5195
410 5196
411 5196
412 5196
413 5196
414 5197
415 5197
416 5197
417 5197
418 5197
419 5197
420 5197
421 5197
422 5197
423 5197
424 5198
425 5198
426 5198
427 5198
428 5199
429 5199
430 5199
431 5199
432 5199
433 5199
434 5199
435 5199
436 5198
437 5198
438 5197
439 5197
440 5196
441 5196
442 5195
443 5195
444 5195
445 5195
446 5195
447 5195
448 5194
449 5194
450 5193
451 5192
452 5192
452 5191
453 5190
454 5190
454 5189
455 5188
456 5188
456 5187
457 5186
458 5186
458 5185
459 5184
460 5184
460 5183
461 5182
462 5182
463 5181
464 5180
465 5180
466 5179
467 5179
468 5179
469 5179
470 5178
471 5178
472 5178
473 5178
474 5177
475 5177
476 5177
477 5177
478 5177
479 5177
480 5177
481 5177
482 5177
483 5177
484 5177
485 5177
486 5177
487 5177
488 5177
489 5177
490 5177
491 5177
492 5177
493 5177
494 5177
495 5177
496 5177
497 5177
498 5177
499 5177
500 5177
501 5177
502 5177
503 5177
504 5177
505 5177
506 5177
507 5177
508 5177
509 5177
510 5177
511 5177
512 5177
513 5177
514 5177
515 5177
516 5177
517 5177
518 5177
519 5177
520 5177
521 5177
522 5177
523 5177
524 5178
525 5178
526 5178
527 5179
528 5180
529 5180
530 5181
531 5181
532 5182
533 5182
534 5183
535 5183
536 5183
537 5183
538 5184
539 5184
540 5184
541 5184
542 5185
543 5185
544 5185
545 5185
546 5185
547 5185
548 5185
549 5185
550 5185
551 5185
552 5185
553 5185
554 5185
555 5185
556 5185
557 5185
558 5184
559 5184
560 5184
561 5184
562 5183
563 5183
564 5182
565 5182
566 5181
567 5180
568 5179
568 5178
569 5177
569 5176
570 5175
570 5174
570 5173
571 5172
572 5171
572 5170
573 5169
574 5168
574 5167
575 5166
576 5166
576 5165
577 5164
578 5164
578 5163
579 5162
580 5162
581 5161
582 5160
583 5160
584 5159
585 5159
586 5159
587 5159
588 5158
589 5158
590 5157
591 5156
592 5156
593 5155
594 5154
595 5154
596 5153
597 5153
598 5152
599 5152
600 5151
601 5150
602 5150
602 5149
603 5148
604 5148
604 5147
605 5146
606 5145
606 5144
607 5143
607 5142
607 5141
607 5140
607 5139
607 5138
607 5137
607 5136
607 5135
607 5134
607 5133
607 5132
607 5131
607 5130
607 5129
607 5128
607 5127
607 5126
607 5125
607 5124
607 5123
607 5122
607 5121
607 5120
607 5119
607 5118
607 5117
607 5116
607 5115
607 5114
607 5113
607 5112
607 5111
607 5110
607 5109
607 5108
607 5107
607 5106
607 5105
607 5104
606 5103
606 5102
606 5101
606 5100
605 5099
605 5098
604 5097
604 5096
604 5095
604 5094
603 5093
603 5092
602 5091
602 5090
601 5089
600 5088
599 5087
598 5087
597 5087
596 5086
595 5085
594 5085
593 5085
592 5084
591 5083
590 5083
589 5082
588 5081
587 5081
586 5080
585 5079
584 5079
583 5078
582 5078
581 5078
580 5078
579 5078
578 5078
577 5079
576 5079
575 5079
574 5079
573 5080
572 5080
571 5080
570 5080
569 5080
568 5080
567 5080
566 5080
565 5081
564 5081
563 5081
562 5081
561 5082
560 5082
559 5082
558 5082
557 5082
556 5082
555 5082
554 5082
553 5082
552 5082
551 5082
550 5082
549 5082
548 5082
547 5082
546 5082
545 5082
544 5082
543 5082
542 5082
541 5082
540 5082
539 5082
538 5082
537 5082
536 5082
535 5082
534 5082
533 5082
532 5082
531 5081
530 5081
529 5081
528 5081
527 5080
526 5080
525 5080
524 5080
523 5080
522 5080
521 5079
520 5079
519 5079
518 5079
517 5078
516 5078
515 5078
514 5078
513 5078
512 5078
511 5077
510 5077
509 5077
508 5077
507 5076
506 5076
505 5076
504 5076
503 5076
502 5076
501 5076
500 5076
499 5075
498 5075
497 5075
496 5075
495 5074
494 5074
493 5074
492 5074
491 5074
490 5074
489 5074
488 5074
487 5074
486 5074
485 5074
484 5074
483 5074
482 5074
481 5074
480 5074
479 5074
478 5074
477 5074
476 5074
475 5074
474 5074
473 5074
472 5074
471 5074
470 5074
469 5074
468 5074
467 5074
466 5074
465 5074
464 5074
463 5074
462 5074
461 5074
460 5074
459 5074
458 5074
457 5074
456 5074
455 5074
454 5074
453 5074
452 5074
451 5074
450 5074
449 5074
448 5074
447 5074
446 5074
445 5074
444 5074
443 5074
442 5074
441 5074
440 5074
439 5074
438 5074
437 5074
436 5074
435 5074
434 5074
433 5074
432 5074
431 5074
430 5074
429 5073
428 5073
427 5073
426 5073
425 5072
424 5072
423 5072
422 5072
421 5072
420 5072
419 5072
418 5072
417 5072
416 5072
415 5072
414 5072
413 5072
412 5072
