1201 325
1200 326
1199 326
1198 326
1197 326
1196 327
1195 327
1194 327
1193 327
1192 327
1191 327
1190 327
1189 327
1188 327
1187 327
1186 327
1185 327
1184 327
1183 327
1182 328
1181 328
1180 328
1179 328
1178 329
1177 329
1176 329
1175 329
1174 330
1173 330
1172 331
1171 332
1170 332
1170 333
1169 334
1168 334
1167 335
1166 336
1165 336
1164 337
1163 338
1162 338
1161 338
1160 339
1159 339
1158 340
1157 340
1156 341
1155 342
1154 342
1154 343
1153 344
1152 344
1152 345
1151 346
1150 346
1150 347
1149 348
1148 348
1148 349
1147 350
1146 350
1146 351
1145 352
1144 352
1143 353
1142 354
1141 354
1140 355
1139 356
1138 357
1137 357
1136 358
1135 358
1134 359
1133 359
1132 360
1131 360
1130 361
1130 362
1129 363
1129 364
1129 365
1129 366
1129 367
1129 368
1129 369
1129 370
1130 371
1130 372
1130 373
1130 374
1131 375
1132 376
1132 377
1132 378
1133 379
1134 380
1134 381
1134 382
1135 383
1135 384
1136 385
1136 386
1136 387
1136 388
1137 389
1138 390
1138 391
1138 392
1139 393
1139 394
1140 395
1140 396
1141 397
1141 398
1142 399
1142 400
1143 401
1144 402
1144 403
1144 404
1145 405
1146 406
1147 407
1148 408
1148 409
1149 409
1150 410
1150 411
1151 411
1152 412
1153 413
1154 413
1155 414
1156 414
1157 414
1158 414
1159 414
1160 414
1161 414
1162 414
1163 414
1164 414
1165 415
1165 416
1165 417
1165 418
1165 419
1165 420
1165 421
1165 422
1166 423
1166 424
1167 425
1168 426
1168 427
1169 427
1170 428
1170 429
1171 429
1172 430
1172 431
1173 431
1174 432
1174 433
1175 433
1176 434
1177 435
1178 435
1179 436
1180 436
1181 437
1182 437
1183 437
1184 438
1185 439
1186 439
1187 440
1188 440
1189 441
1190 441
1191 442
1192 442
1193 442
1194 442
1195 442
1196 442
1197 442
1198 442
1199 443
1200 443
1201 444
1202 445
1203 445
1204 446
1205 447
1206 447
1207 448
1208 448
1209 448
1210 448
1211 449
1212 449
1213 450
1214 451
1215 451
1216 452
1217 453
1218 453
1219 454
1220 454
1221 454
1222 454
1223 454
1224 454
1225 454
1226 454
1227 454
1228 454
1229 453
1230 453
1231 452
1232 452
1233 451
1234 451
1235 450
1236 450
1237 450
1238 450
1239 449
1240 449
1241 449
1242 449
1243 448
1244 448
1245 448
1246 448
1247 448
1248 448
1249 448
1250 448
1251 449
1252 449
1253 449
1254 450
1255 451
1256 451
1257 452
1258 452
1259 453
1260 453
1261 454
1262 454
1263 454
1264 454
1265 454
1266 454
1267 454
1268 454
1269 455
1270 455
1271 455
1272 455
1273 456
1274 456
1275 456
1276 456
1277 456
1278 456
1279 456
1280 456
1281 456
1282 456
1283 455
1284 455
1285 454
1286 453
1287 452
1288 451
1289 450
1289 449
1290 448
1290 447
1291 446
1292 445
1293 444
1293 443
1294 442
1295 441
1296 440
1297 439
1298 439
1299 438
1300 438
1301 438
1302 438
1303 438
1304 438
1305 438
1306 438
1307 438
1308 438
1309 438
1310 438
1311 437
1312 437
1313 436
1314 435
1315 435
1315 434
1316 433
1317 433
1317 432
1318 431
1319 431
1319 430
1320 429
1321 429
1321 428
1322 427
1323 427
1323 426
1324 425
1325 425
1325 424
1326 423
1327 423
1327 422
1328 421
1329 421
1329 420
1330 419
1331 419
1331 418
1332 417
1333 417
1333 416
1334 415
1335 415
1335 414
1336 413
1337 412
1337 411
1338 410
1338 409
1339 408
1339 407
1339 406
1339 405
1340 404
1340 403
1340 402
1340 401
1339 400
1339 399
1339 398
1339 397
1338 396
1338 395
1337 394
1337 393
1337 392
1337 391
1336 390
1336 389
1336 388
1336 387
1336 386
1336 385
1336 384
1336 383
1336 382
1336 381
1336 380
1336 379
1336 378
1336 377
1336 376
1336 375
1336 374
1336 373
1336 372
1336 371
1336 370
1336 369
1336 368
1336 367
1335 366
1335 365
1335 364
1335 363
1334 362
1333 361
1332 360
1332 359
1331 358
1331 357
1330 356
1330 355
1330 354
1330 353
1330 352
1330 351
1330 350
1330 349
1330 348
1330 347
1329 346
1329 345
1328 344
1327 343
1326 342
1325 342
1324 341
1323 341
1322 340
1321 340
1320 340
1319 339
1318 338
1317 338
1316 338
1315 338
1314 337
1313 337
1312 336
1311 336
1310 335
1309 335
1308 334
1307 334
1306 333
1305 333
1304 333
1303 333
1302 333
1301 333
1300 332
1299 332
1298 332
1297 331
1296 330
1295 330
1294 330
1293 330
1292 329
1291 329
1290 329
1289 329
1288 329
1287 329
1286 328
1285 328
1284 328
1283 328
1282 327
1281 327
1280 327
1279 327
1278 327
1277 327
1276 327
1275 327
1274 327
1273 327
1272 327
1271 327
1270 327
1269 327
1268 327
1267 327
1266 327
1265 327
1264 327
1263 327
1262 327
1261 327
1260 327
1259 327
1258 327
1257 327
1256 327
1255 327
1254 327
1253 327
1252 327
1251 327
1250 327
1249 327
1248 327
1247 327
1246 327
1245 327
1244 327
1243 327
1242 326
1241 326
1240 326
1239 326
1238 325
1237 325
1236 325
1235 325
1234 325
1233 325
1232 325
1231 325
1230 325
1229 325
1228 325
1227 325
1226 325
1225 325
1224 325
1223 325
1222 325
1221 325
1220 325
1219 325
1218 325
1217 325
1216 325
1215 325
1214 325
1213 325
1212 325
1211 325
1210 325
1209 325
1208 325
1207 325
1206 325
1205 325
1204 325
1203 325
1202 325
1201 325
