1285 2493
1284 2494
1283 2494
1282 2495
1281 2496
1280 2496
1280 2497
1279 2498
1278 2498
1278 2499
1277 2500
1276 2500
1276 2501
1275 2502
1274 2502
1274 2503
1273 2504
1272 2504
1272 2505
1271 2506
1270 2506
1270 2507
1269 2508
1268 2508
1268 2509
1267 2510
1266 2510
1266 2511
1265 2512
1264 2512
1264 2513
1263 2514
1262 2514
1262 2515
1261 2516
1260 2516
1260 2517
1259 2518
1258 2518
1258 2519
1257 2520
1256 2520
1256 2521
1255 2522
1254 2522
1254 2523
1253 2524
1252 2525
1252 2526
1251 2527
1251 2528
1250 2529
1250 2530
1249 2531
1248 2532
1248 2533
1247 2534
1246 2535
1246 2536
1245 2537
1245 2538
1245 2539
1245 2540
1245 2541
1245 2542
1245 2543
1245 2544
1245 2545
1245 2546
1245 2547
1245 2548
1246 2549
1246 2550
1246 2551
1246 2552
1247 2553
1248 2554
1248 2555
1248 2556
1249 2557
1249 2558
1249 2559
1249 2560
1249 2561
1249 2562
1250 2563
1250 2564
1250 2565
1250 2566
1251 2567
1251 2568
1251 2569
1251 2570
1251 2571
1251 2572
1251 2573
1251 2574
1251 2575
1251 2576
1251 2577
1251 2578
1251 2579
1251 2580
1251 2581
1251 2582
1251 2583
1251 2584
1252 2585
1252 2586
1252 2587
1252 2588
1253 2589
1253 2590
1253 2591
1253 2592
1254 2593
1254 2594
1254 2595
1254 2596
1255 2597
1256 2598
1256 2599
1256 2600
1257 2601
1257 2602
1257 2603
1257 2604
1257 2605
1257 2606
1257 2607
1257 2608
1257 2609
1257 2610
1257 2611
1257 2612
1257 2613
1257 2614
1257 2615
1257 2616
1257 2617
1257 2618
1257 2619
1257 2620
1257 2621
1257 2622
1257 2623
1257 2624
1257 2625
1257 2626
1257 2627
1257 2628
1257 2629
1257 2630
1257 2631
1257 2632
1257 2633
1257 2634
1257 2635
1257 2636
1257 2637
1257 2638
1257 2639
1257 2640
1257 2641
1257 2642
1257 2643
1257 2644
1257 2645
1257 2646
1256 2647
1256 2648
1256 2649
1256 2650
1255 2651
1255 2652
1255 2653
1255 2654
1255 2655
1255 2656
1255 2657
1255 2658
1255 2659
1255 2660
1255 2661
1255 2662
1255 2663
1255 2664
1255 2665
1255 2666
1255 2667
1255 2668
1255 2669
1255 2670
1255 2671
1255 2672
1255 2673
1255 2674
1255 2675
1255 2676
1255 2677
1255 2678
1255 2679
1255 2680
1255 2681
1255 2682
1255 2683
1255 2684
1255 2685
1255 2686
1255 2687
1255 2688
1255 2689
1255 2690
1255 2691
1255 2692
1255 2693
1255 2694
1255 2695
1255 2696
1255 2697
1255 2698
1255 2699
1255 2700
1255 2701
1255 2702
1255 2703
1255 2704
1255 2705
1255 2706
1255 2707
1255 2708
1255 2709
1255 2710
1255 2711
1255 2712
1255 2713
1255 2714
1255 2715
1255 2716
1255 2717
1255 2718
1255 2719
1255 2720
1255 2721
1255 2722
1255 2723
1255 2724
1255 2725
1255 2726
1255 2727
1255 2728
1255 2729
1255 2730
1255 2731
1255 2732
1255 2733
1255 2734
1255 2735
1255 2736
1255 2737
1255 2738
1255 2739
1255 2740
1255 2741
1255 2742
1255 2743
1255 2744
1256 2745
1256 2746
1256 2747
1256 2748
1257 2749
1257 2750
1257 2751
1257 2752
1257 2753
1257 2754
1257 2755
1257 2756
1257 2757
1257 2758
1257 2759
1257 2760
1257 2761
1257 2762
1257 2763
1257 2764
1257 2765
1257 2766
1257 2767
1257 2768
1257 2769
1257 2770
1257 2771
1257 2772
1257 2773
1257 2774
1257 2775
1257 2776
1257 2777
1257 2778
1257 2779
1257 2780
1257 2781
1257 2782
1257 2783
1257 2784
1257 2785
1257 2786
1257 2787
1257 2788
1257 2789
1257 2790
1257 2791
1257 2792
1257 2793
1257 2794
1257 2795
1257 2796
1257 2797
1257 2798
1257 2799
1257 2800
1257 2801
1257 2802
1257 2803
1257 2804
1257 2805
1257 2806
1257 2807
1257 2808
1257 2809
1257 2810
1257 2811
1257 2812
1257 2813
1257 2814
1257 2815
1257 2816
1257 2817
1257 2818
1257 2819
1257 2820
1258 2821
1258 2822
1259 2823
1259 2824
1260 2825
1260 2826
1261 2827
1262 2828
1262 2829
1262 2830
1263 2831
1264 2832
1264 2833
1264 2834
1265 2835
1266 2836
1266 2837
1266 2838
1267 2839
1268 2840
1268 2841
1268 2842
1269 2843
1270 2844
1270 2845
1270 2846
1271 2847
1271 2848
1271 2849
1271 2850
1272 2851
1272 2852
1273 2853
1274 2854
1274 2855
1275 2855
1276 2856
1276 2857
1277 2857
1278 2858
1279 2859
1280 2859
1281 2860
1282 2860
1283 2860
1284 2860
1285 2860
1286 2860
1287 2860
1288 2860
1289 2860
1290 2860
1291 2860
1292 2860
1293 2860
1294 2860
1295 2861
1296 2861
1297 2861
1298 2861
1299 2862
1300 2862
1301 2862
1302 2862
1303 2863
1304 2863
1305 2864
1306 2865
1307 2865
1308 2866
1309 2867
1310 2867
1311 2868
1312 2868
1313 2868
1314 2868
1315 2869
1316 2869
1317 2870
1318 2870
1319 2871
1320 2871
1321 2872
1322 2872
1323 2873
1324 2873
1325 2873
1326 2873
1327 2874
1328 2874
1329 2874
1330 2874
1331 2874
1332 2874
1333 2874
1334 2874
1335 2874
1336 2874
1337 2874
1338 2874
1339 2874
1340 2874
1341 2874
1342 2874
1343 2874
1344 2874
1345 2874
1346 2874
1347 2874
1348 2874
1349 2874
1350 2874
1351 2874
1352 2874
1353 2874
1354 2874
1355 2874
1356 2874
1357 2874
1358 2874
1359 2874
1360 2874
1361 2874
1362 2874
1363 2874
1364 2874
1365 2874
1366 2874
1367 2874
1368 2874
1369 2874
1370 2874
1371 2874
1372 2874
1373 2874
1374 2874
1375 2874
1376 2874
1377 2874
1378 2874
1379 2874
1380 2874
1381 2874
1382 2874
1383 2874
1384 2874
1385 2874
1386 2874
1387 2874
1388 2874
1389 2874
1390 2874
1391 2873
1392 2873
1393 2873
1394 2873
1395 2872
1396 2872
1397 2872
1398 2872
1399 2871
1400 2871
1401 2870
1402 2870
1403 2869
1404 2869
1405 2868
1406 2868
1407 2868
1408 2868
1409 2868
1410 2868
1411 2868
1412 2868
1413 2868
1414 2868
1415 2868
1416 2868
1417 2867
1418 2867
1419 2867
1420 2867
1421 2866
1422 2866
1423 2865
1424 2865
1425 2864
1426 2863
1427 2862
1427 2861
1428 2860
1428 2859
1429 2858
1429 2857
1430 2856
1431 2855
1432 2854
1433 2853
1434 2853
1435 2853
1436 2853
1437 2854
1438 2854
1439 2855
1440 2855
1441 2856
1442 2856
1443 2856
1444 2856
1445 2856
1446 2856
1447 2856
1448 2856
1449 2856
1450 2856
1451 2856
1452 2856
1453 2856
1454 2856
1455 2856
1456 2856
1457 2856
1458 2856
1459 2856
1460 2856
1461 2856
1462 2856
1463 2855
1464 2855
1465 2854
1466 2854
1467 2853
1468 2853
1469 2852
1470 2851
1471 2850
1472 2850
1473 2849
1474 2849
1475 2848
1476 2848
1477 2848
1478 2848
1479 2848
1480 2848
1481 2848
1482 2848
1483 2848
1484 2848
1485 2848
1486 2848
1487 2848
1488 2848
1489 2848
1490 2848
1491 2848
1492 2848
1493 2848
1494 2848
1495 2848
1496 2848
1497 2848
1498 2848
1499 2848
1500 2848
1501 2848
1502 2848
1503 2848
1504 2848
1505 2848
1506 2848
1507 2848
1508 2848
1509 2848
1510 2848
1511 2848
1512 2848
1513 2848
1514 2848
1515 2848
1516 2848
1517 2849
1518 2849
1519 2849
1520 2849
1521 2850
1522 2850
1523 2850
1524 2850
1525 2851
1526 2851
1527 2852
1528 2852
1529 2853
1530 2853
1531 2854
1532 2854
1533 2854
1534 2854
1535 2854
1536 2854
1537 2854
1538 2854
1539 2854
1540 2854
1541 2854
1542 2854
1543 2854
1544 2854
1545 2854
1546 2854
1547 2853
1548 2853
1549 2852
1550 2852
1551 2851
1552 2851
1553 2850
1554 2850
1555 2849
1556 2849
1557 2848
1557 2847
1558 2846
1558 2845
1558 2844
1558 2843
1558 2842
1558 2841
1558 2840
1558 2839
1558 2838
1558 2837
1558 2836
1558 2835
1558 2834
1558 2833
1559 2832
1559 2831
1560 2830
1561 2829
1562 2828
1563 2827
1564 2827
1565 2826
1566 2825
1567 2824
1568 2823
1569 2823
1569 2822
1570 2821
1571 2821
1572 2820
1573 2819
1574 2819
1575 2818
1576 2818
1577 2817
1578 2817
1579 2816
1580 2816
1581 2815
1582 2815
1583 2814
1584 2814
1585 2813
1586 2813
1587 2812
1588 2812
1589 2811
1590 2811
1591 2810
1592 2809
1593 2809
1594 2809
1595 2808
1596 2807
1597 2807
1598 2807
1599 2806
1600 2806
1601 2805
1602 2805
1603 2804
1604 2804
1605 2803
1606 2803
1607 2802
1608 2802
1609 2802
1610 2802
1611 2802
1612 2802
1613 2802
1614 2802
1615 2802
1616 2802
1617 2802
1618 2802
1619 2802
1620 2802
1621 2802
1622 2802
1623 2802
1624 2802
1625 2802
1626 2802
1627 2802
1628 2802
1629 2802
1630 2802
1631 2802
1632 2802
1633 2802
1634 2802
1635 2802
1636 2802
1637 2802
1638 2802
1639 2802
1640 2802
1641 2802
1642 2802
1643 2802
1644 2802
1645 2802
1646 2802
1647 2802
1648 2802
1649 2803
1650 2803
1651 2804
1652 2804
1653 2805
1654 2805
1655 2806
1656 2806
1657 2806
1658 2806
1659 2806
1660 2806
1661 2806
1662 2806
1663 2806
1664 2806
1665 2806
1666 2806
1667 2806
1668 2806
1669 2806
1670 2806
1671 2807
1672 2807
1673 2807
1674 2807
1675 2808
1676 2808
1677 2808
1678 2808
1679 2808
1680 2808
1681 2808
1682 2808
1683 2808
1684 2808
1685 2808
1686 2808
1687 2809
1688 2809
1689 2809
1690 2809
1691 2810
1692 2810
1693 2810
1694 2810
1695 2810
1696 2810
1697 2810
1698 2810
1699 2810
1700 2810
1701 2810
1702 2810
1703 2810
1704 2810
1705 2810
1706 2810
1707 2810
1708 2810
1709 2810
1710 2810
1711 2810
1712 2810
1713 2810
1714 2810
1715 2810
1716 2810
1717 2810
1718 2810
1719 2810
1720 2810
1721 2809
1722 2809
1723 2809
1724 2809
1725 2808
1726 2808
1727 2807
1728 2807
1729 2806
1730 2805
1731 2805
1732 2804
1733 2803
1734 2803
1735 2802
1736 2801
1737 2801
1738 2801
1739 2800
1740 2800
1741 2800
1742 2800
1743 2800
1744 2800
1745 2800
1746 2800
1747 2800
1748 2800
1749 2800
1750 2800
1751 2800
1752 2800
1753 2800
1754 2800
1755 2800
1756 2800
1757 2800
1758 2800
1759 2800
1760 2800
1761 2800
1762 2800
1763 2800
1764 2800
1765 2800
1766 2800
1767 2800
1768 2800
1769 2800
1770 2800
1771 2800
1772 2800
1773 2800
1774 2800
1775 2799
1776 2799
1777 2799
1778 2799
1779 2798
1780 2798
1781 2798
1782 2798
1783 2798
1784 2798
1785 2798
1786 2798
1787 2798
1788 2798
1789 2798
1790 2798
1791 2798
1792 2798
1793 2798
1794 2798
1795 2798
1796 2798
1797 2798
1798 2798
1799 2798
1800 2798
1801 2798
1802 2798
1803 2798
1804 2798
1805 2798
1806 2798
1807 2798
1808 2798
1809 2798
1810 2798
1811 2798
1812 2798
1813 2798
1814 2798
1815 2798
1816 2798
1817 2798
1818 2798
1819 2798
1820 2798
1821 2798
1822 2798
1823 2798
1824 2798
1825 2799
1826 2799
1827 2799
1828 2799
1829 2800
1830 2800
1831 2800
1832 2800
1833 2800
1834 2800
1835 2800
1836 2800
1837 2800
1838 2800
1839 2800
1840 2800
1841 2800
1842 2800
1843 2800
1844 2800
1845 2800
1846 2800
1847 2800
1848 2800
1849 2800
1850 2800
1851 2800
1852 2800
1853 2800
1854 2800
1855 2800
1856 2800
1857 2800
1858 2800
1859 2800
1860 2800
1861 2799
1862 2799
1863 2798
1864 2797
1865 2796
1865 2795
1866 2794
1866 2793
1866 2792
1866 2791
1866 2790
1866 2789
1866 2788
1866 2787
1866 2786
1866 2785
1867 2784
1867 2783
1867 2782
1867 2781
1868 2780
1868 2779
1868 2778
1868 2777
1868 2776
1868 2775
1868 2774
1868 2773
1868 2772
1868 2771
1868 2770
1868 2769
1868 2768
1868 2767
1868 2766
1868 2765
1867 2764
1867 2763
1867 2762
1867 2761
1866 2760
1866 2759
1866 2758
1866 2757
1866 2756
1866 2755
1866 2754
1866 2753
1866 2752
1866 2751
1866 2750
1866 2749
1866 2748
1866 2747
1865 2746
1865 2745
1865 2744
1865 2743
1864 2742
1864 2741
1864 2740
1864 2739
1864 2738
1864 2737
1863 2736
1863 2735
1863 2734
1863 2733
1862 2732
1862 2731
1862 2730
1862 2729
1861 2728
1861 2727
1861 2726
1861 2725
1860 2724
1860 2723
1859 2722
1859 2721
1858 2720
1857 2719
1857 2718
1856 2718
1855 2717
1855 2716
1854 2716
1853 2715
1853 2714
1852 2714
1851 2713
1851 2712
1850 2712
1849 2711
1849 2710
1848 2710
1847 2709
1847 2708
1846 2708
1845 2707
1845 2706
1844 2706
1843 2705
1843 2704
1842 2704
1841 2703
1841 2702
1840 2702
1839 2701
1838 2700
1837 2700
1836 2699
1835 2699
1834 2698
1833 2698
1832 2697
1831 2696
1830 2695
1829 2694
1829 2693
1828 2692
1827 2691
1826 2690
1825 2689
1825 2688
1824 2688
1823 2687
1822 2686
1821 2686
1820 2685
1819 2685
1818 2685
1817 2685
1816 2684
1815 2684
1814 2683
1813 2682
1812 2682
1811 2681
1810 2680
1809 2680
1808 2679
1807 2679
1806 2678
1805 2678
1804 2678
1803 2677
1802 2676
1801 2676
1800 2675
1799 2674
1798 2674
1797 2673
1797 2672
1796 2672
1795 2671
1794 2670
1793 2669
1792 2668
1791 2668
1790 2667
1789 2666
1788 2666
1787 2665
1787 2664
1786 2664
1785 2663
1785 2662
1784 2662
1783 2661
1783 2660
1782 2660
1781 2659
1781 2658
1780 2658
1779 2657
1778 2656
1777 2656
1776 2655
1775 2655
1774 2654
1773 2654
1772 2654
1771 2654
1770 2653
1769 2653
1768 2653
1767 2653
1766 2653
1765 2653
1764 2653
1763 2653
1762 2653
1761 2653
1760 2653
1759 2653
1758 2652
1757 2652
1756 2652
1755 2652
1754 2651
1753 2651
1752 2651
1751 2651
1750 2651
1749 2651
1748 2651
1747 2651
1746 2651
1745 2651
1744 2650
1743 2650
1742 2650
1741 2649
1740 2648
1739 2648
1738 2647
1737 2646
1736 2646
1735 2645
1735 2644
1734 2644
1733 2643
1733 2642
1732 2641
1731 2640
1731 2639
1730 2638
1729 2637
1728 2636
1727 2635
1727 2634
1726 2634
1725 2633
1724 2632
1723 2632
1722 2631
1721 2631
1720 2631
1719 2631
1718 2630
1717 2630
1716 2630
1715 2629
1714 2628
1713 2628
1712 2628
1711 2627
1710 2626
1709 2626
1708 2626
1707 2625
1706 2624
1705 2624
1704 2623
1703 2623
1702 2622
1701 2622
1700 2621
1699 2621
1698 2621
1697 2621
1696 2621
1695 2621
1694 2620
1693 2620
1692 2620
1691 2620
1690 2619
1689 2619
1688 2619
1687 2619
1686 2619
1685 2619
1684 2619
1683 2619
1682 2619
1681 2619
1680 2619
1679 2619
1678 2619
1677 2619
1676 2619
1675 2619
1674 2619
1673 2619
1672 2619
1671 2619
1670 2619
1669 2619
1668 2618
1667 2618
1666 2618
1665 2618
1664 2617
1663 2617
1662 2617
1661 2617
1660 2617
1659 2617
1658 2617
1657 2617
1656 2617
1655 2617
1654 2617
1653 2617
1652 2617
1651 2617
1650 2617
1649 2617
1648 2617
1647 2617
1646 2617
1645 2617
1644 2617
1643 2617
1642 2617
1641 2617
1640 2617
1639 2617
1638 2617
1637 2617
1636 2617
1635 2617
1634 2618
1633 2618
1632 2618
1631 2618
1630 2619
1629 2619
1628 2619
1627 2619
1626 2618
1625 2618
1624 2617
1623 2616
1622 2616
1621 2615
1621 2614
1620 2614
1619 2613
1619 2612
1618 2612
1617 2611
1617 2610
1616 2610
1615 2609
1615 2608
1614 2608
1613 2607
1613 2606
1612 2606
1611 2605
1611 2604
1610 2604
1609 2603
1609 2602
1608 2602
1607 2601
1606 2600
1605 2599
1604 2598
1603 2598
1602 2597
1601 2597
1600 2596
1599 2595
1598 2594
1597 2594
1596 2594
1595 2594
1594 2593
1593 2593
1592 2593
1591 2593
1590 2593
1589 2593
1588 2592
1587 2592
1586 2591
1585 2590
1584 2590
1583 2589
1583 2588
1582 2588
1581 2587
1580 2586
1579 2586
1578 2585
1577 2585
1576 2584
1575 2584
1574 2584
1573 2583
1572 2582
1571 2582
1570 2582
1569 2582
1568 2581
1567 2581
1566 2581
1565 2581
1564 2581
1563 2581
1562 2580
1561 2580
1560 2580
1559 2579
1558 2578
1557 2578
1556 2578
1555 2578
1554 2577
1553 2577
1552 2577
1551 2577
1550 2576
1549 2576
1548 2576
1547 2575
1546 2574
1545 2574
1544 2574
1543 2574
1542 2573
1541 2573
1540 2572
1539 2572
1538 2572
1537 2572
1536 2571
1535 2571
1534 2571
1533 2571
1532 2570
1531 2570
1530 2569
1529 2568
1528 2568
1527 2567
1526 2566
1525 2566
1524 2565
1523 2565
1522 2565
1521 2565
1520 2565
1519 2565
1518 2565
1517 2565
1516 2565
1515 2565
1514 2564
1513 2564
1512 2564
1511 2563
1510 2562
1509 2562
1508 2562
1507 2561
1506 2560
1505 2560
1504 2560
1503 2560
1502 2559
1501 2559
1500 2558
1499 2558
1498 2558
1497 2558
1496 2557
1495 2557
1494 2556
1493 2556
1492 2556
1491 2556
1490 2555
1489 2555
1488 2555
1487 2555
1486 2554
1485 2554
1484 2554
1483 2554
1482 2553
1481 2553
1480 2552
1479 2552
1478 2552
1477 2552
1476 2551
1475 2551
1474 2551
1473 2551
1472 2551
1471 2551
1470 2551
1469 2551
1468 2550
1467 2550
1466 2550
1465 2549
1464 2548
1463 2548
1462 2548
1461 2547
1460 2546
1459 2546
1458 2546
1457 2546
1456 2545
1455 2545
1454 2545
1453 2545
1452 2545
1451 2545
1450 2544
1449 2544
1448 2544
1447 2543
1446 2542
1445 2542
1444 2541
1443 2541
1442 2540
1441 2540
1440 2539
1439 2539
1438 2539
1437 2539
1436 2539
1435 2539
1434 2538
1433 2538
1432 2538
1431 2537
1430 2536
1429 2536
1428 2536
1427 2535
1426 2534
1425 2534
1424 2534
1423 2533
1422 2532
1421 2532
1420 2531
1419 2531
1418 2530
1417 2530
1416 2529
1415 2529
1414 2529
1413 2529
1412 2529
1411 2529
1410 2529
1409 2529
1408 2529
1407 2529
1406 2529
1405 2529
1404 2529
1403 2529
1402 2528
1401 2528
1400 2527
1399 2527
1398 2526
1397 2526
1396 2525
1395 2525
1394 2525
1393 2525
1392 2525
1391 2525
1390 2524
1389 2524
1388 2524
1387 2524
1386 2523
1385 2523
1384 2522
1383 2522
1382 2522
1381 2522
1380 2521
1379 2521
1378 2521
1377 2521
1376 2521
1375 2521
1374 2521
1373 2521
1372 2521
1371 2521
1370 2521
1369 2521
1368 2521
1367 2521
1366 2520
1365 2520
1364 2519
1363 2518
1362 2518
1361 2517
1361 2516
1360 2516
1359 2515
1358 2514
1357 2514
1356 2513
1355 2513
1354 2513
1353 2513
1352 2512
1351 2512
1350 2511
1349 2511
1348 2510
1347 2509
1346 2508
1345 2508
1344 2507
1343 2507
1342 2506
1341 2506
1340 2505
1339 2505
1338 2505
1337 2505
1336 2505
1335 2505
1334 2505
1333 2505
1332 2505
1331 2505
1330 2505
1329 2505
1328 2505
1327 2505
1326 2505
1325 2505
1324 2505
1323 2505
1322 2505
1321 2505
1320 2505
1319 2505
1318 2506
1317 2506
1316 2506
1315 2506
1314 2507
1313 2508
1312 2508
1311 2508
1310 2509
1309 2509
1308 2508
1307 2508
1306 2507
1305 2506
1304 2505
1303 2504
1303 2503
1302 2502
1301 2501
1300 2500
1299 2499
1299 2498
1298 2498
1297 2497
1297 2496
1296 2496
1295 2495
1294 2494
1293 2494
1292 2493
1291 2493
1290 2493
1289 2493
1288 2493
1287 2493
1286 2493
1285 2493
