1031 3335
1030 3336
1029 3336
1028 3336
1027 3336
1026 3337
1025 3337
1024 3337
1023 3337
1022 3337
1021 3337
1020 3337
1019 3337
1018 3337
1017 3337
1016 3337
1015 3337
1014 3337
1013 3337
1012 3337
1011 3337
1010 3337
1009 3337
1008 3337
1007 3337
1006 3337
1005 3337
1004 3337
1003 3337
1002 3337
1001 3337
1000 3337
999 3337
998 3337
997 3337
996 3337
995 3337
994 3337
993 3337
992 3338
991 3338
990 3339
989 3340
988 3340
988 3341
987 3342
986 3343
985 3344
984 3345
984 3346
983 3347
982 3348
982 3349
981 3350
980 3350
980 3351
979 3352
978 3352
977 3353
976 3354
975 3354
974 3355
973 3355
972 3356
971 3356
970 3356
969 3356
968 3357
967 3358
966 3358
965 3358
964 3359
963 3359
962 3359
961 3359
960 3359
959 3359
958 3359
957 3359
956 3359
955 3359
954 3359
953 3359
952 3359
951 3359
950 3359
949 3359
948 3359
947 3359
946 3358
945 3358
944 3358
943 3358
942 3357
941 3357
940 3357
939 3357
938 3357
937 3357
936 3357
935 3357
934 3357
933 3357
932 3356
931 3356
930 3356
929 3356
928 3355
927 3355
926 3354
925 3354
924 3353
923 3353
922 3352
921 3351
920 3350
919 3350
918 3350
917 3350
916 3349
915 3349
914 3349
913 3349
912 3348
911 3348
910 3348
909 3348
908 3347
907 3347
906 3346
905 3346
904 3345
903 3344
902 3344
901 3343
900 3342
899 3342
898 3341
897 3341
896 3341
895 3341
894 3341
893 3341
892 3342
891 3342
890 3343
889 3344
888 3345
888 3346
887 3347
887 3348
886 3349
886 3350
885 3351
885 3352
885 3353
885 3354
886 3355
886 3356
887 3357
888 3358
888 3359
889 3359
890 3360
890 3361
891 3361
892 3362
892 3363
893 3363
894 3364
894 3365
895 3365
896 3366
897 3367
898 3368
899 3369
900 3369
901 3369
902 3370
903 3371
904 3371
905 3372
906 3373
907 3373
908 3374
908 3375
909 3375
910 3376
910 3377
911 3377
912 3378
912 3379
913 3379
914 3380
914 3381
915 3382
916 3383
916 3384
917 3385
918 3386
919 3387
920 3388
920 3389
921 3390
922 3391
922 3392
923 3393
924 3394
925 3395
926 3396
926 3397
927 3397
928 3398
928 3399
929 3399
930 3400
930 3401
931 3401
932 3402
933 3403
934 3403
935 3404
936 3404
937 3405
938 3405
939 3405
940 3405
941 3406
942 3406
943 3406
944 3406
945 3406
946 3406
947 3406
948 3406
949 3406
950 3406
951 3407
952 3407
953 3408
954 3409
955 3409
956 3410
956 3411
957 3411
958 3412
959 3413
960 3414
961 3415
962 3415
963 3416
964 3417
965 3417
966 3418
967 3419
968 3419
969 3420
970 3420
971 3420
972 3420
973 3421
974 3421
975 3421
976 3422
977 3423
978 3423
979 3423
980 3423
981 3424
982 3424
983 3425
984 3425
985 3425
986 3425
987 3426
988 3426
989 3427
990 3427
991 3427
992 3427
993 3428
994 3428
995 3429
996 3429
997 3429
998 3429
999 3430
1000 3430
1001 3430
1002 3430
1003 3431
1004 3431
1005 3431
1006 3431
1007 3432
1008 3432
1009 3433
1010 3433
1011 3433
1012 3433
1013 3434
1014 3434
1015 3434
1016 3434
1017 3434
1018 3434
1019 3434
1020 3434
1021 3434
1022 3434
1023 3434
1024 3434
1025 3434
1026 3434
1027 3435
1028 3435
1029 3435
1030 3435
1031 3436
1032 3436
1033 3436
1034 3436
1035 3437
1036 3437
1037 3437
1038 3437
1039 3438
1040 3438
1041 3438
1042 3438
1043 3438
1044 3438
1045 3438
1046 3438
1047 3438
1048 3438
1049 3438
1050 3438
1051 3438
1052 3438
1053 3438
1054 3438
1055 3438
1056 3438
1057 3438
1058 3438
1059 3437
1060 3437
1061 3437
1062 3437
1063 3436
1064 3436
1065 3436
1066 3436
1067 3436
1068 3436
1069 3436
1070 3436
1071 3436
1072 3436
1073 3436
1074 3436
1075 3436
1076 3436
1077 3436
1078 3436
1079 3436
1080 3436
1081 3436
1082 3436
1083 3436
1084 3436
1085 3436
1086 3436
1087 3436
1088 3436
1089 3436
1090 3436
1091 3436
1092 3436
1093 3435
1094 3435
1095 3435
1096 3435
1097 3434
1098 3434
1099 3434
1100 3434
1101 3434
1102 3434
1103 3434
1104 3434
1105 3434
1106 3434
1107 3434
1108 3434
1109 3434
1110 3434
1111 3434
1112 3434
1113 3434
1114 3434
1115 3435
1116 3435
1117 3435
1118 3435
1119 3436
1120 3436
1121 3436
1122 3436
1123 3436
1124 3436
1125 3436
1126 3436
1127 3436
1128 3436
1129 3436
1130 3436
1131 3436
1132 3436
1133 3436
1134 3436
1135 3437
1136 3437
1137 3437
1138 3437
1139 3438
1140 3438
1141 3438
1142 3438
1143 3438
1144 3438
1145 3438
1146 3438
1147 3438
1148 3438
1149 3438
1150 3438
1151 3438
1152 3438
1153 3438
1154 3438
1155 3438
1156 3438
1157 3438
1158 3438
1159 3438
1160 3438
1161 3438
1162 3438
1163 3438
1164 3438
1165 3438
1166 3438
1167 3438
1168 3438
1169 3438
1170 3438
1171 3438
1172 3438
1173 3438
1174 3438
1175 3437
1176 3437
1177 3437
1178 3437
1179 3436
1180 3436
1181 3436
1182 3436
1183 3435
1184 3435
1185 3435
1186 3435
1187 3434
1188 3433
1189 3433
1190 3433
1191 3432
1192 3432
1193 3431
1194 3431
1195 3431
1196 3431
1197 3430
1198 3430
1199 3429
1200 3429
1201 3429
1202 3429
1203 3428
1204 3427
1205 3427
1206 3427
1207 3426
1208 3426
1209 3425
1210 3425
1211 3425
1212 3425
1213 3424
1214 3423
1215 3422
1216 3421
1217 3421
1217 3420
1218 3419
1219 3419
1219 3418
1220 3417
1221 3417
1221 3416
1222 3415
1223 3415
1224 3414
1225 3413
1226 3413
1227 3412
1228 3412
1229 3411
1230 3411
1231 3410
1232 3409
1233 3408
1233 3407
1234 3406
1234 3405
1234 3404
1234 3403
1234 3402
1234 3401
1235 3400
1235 3399
1235 3398
1236 3397
1237 3396
1237 3395
1237 3394
1237 3393
1238 3392
1238 3391
1238 3390
1238 3389
1238 3388
1238 3387
1239 3386
1239 3385
1239 3384
1239 3383
1239 3382
1239 3381
1238 3380
1238 3379
1237 3378
1237 3377
1236 3376
1235 3375
1235 3374
1235 3373
1234 3372
1233 3371
1232 3370
1231 3369
1230 3368
1229 3368
1228 3367
1227 3366
1226 3366
1225 3365
1225 3364
1224 3364
1223 3363
1222 3362
1221 3361
1220 3360
1219 3360
1218 3359
1217 3358
1216 3358
1215 3357
1215 3356
1214 3356
1213 3355
1213 3354
1212 3354
1211 3353
1211 3352
1210 3352
1209 3351
1209 3350
1208 3350
1207 3349
1207 3348
1206 3348
1205 3347
1204 3346
1203 3345
1202 3344
1201 3344
1200 3344
1199 3343
1198 3342
1197 3342
1196 3341
1195 3341
1194 3340
1193 3339
1192 3338
1191 3338
1190 3338
1189 3338
1188 3337
1187 3337
1186 3337
1185 3337
1184 3337
1183 3337
1182 3337
1181 3337
1180 3337
1179 3337
1178 3337
1177 3337
1176 3337
1175 3337
1174 3337
1173 3337
1172 3337
1171 3337
1170 3337
1169 3337
1168 3337
1167 3337
1166 3337
1165 3337
1164 3337
1163 3337
1162 3337
1161 3337
1160 3337
1159 3337
1158 3337
1157 3337
1156 3337
1155 3337
1154 3337
1153 3337
1152 3337
1151 3337
1150 3337
1149 3337
1148 3337
1147 3337
1146 3337
1145 3337
1144 3337
1143 3337
1142 3337
1141 3337
1140 3337
1139 3337
1138 3337
1137 3337
1136 3337
1135 3337
1134 3337
1133 3337
1132 3337
1131 3337
1130 3337
1129 3337
1128 3337
1127 3337
1126 3337
1125 3337
1124 3337
1123 3337
1122 3337
1121 3337
1120 3337
1119 3337
1118 3337
1117 3337
1116 3337
1115 3337
1114 3337
1113 3337
1112 3337
1111 3337
1110 3337
1109 3337
1108 3337
1107 3337
1106 3337
1105 3337
1104 3337
1103 3337
1102 3337
1101 3337
1100 3337
1099 3337
1098 3337
1097 3337
1096 3337
1095 3337
1094 3337
1093 3337
1092 3337
1091 3337
1090 3337
1089 3337
1088 3337
1087 3337
1086 3337
1085 3337
1084 3337
1083 3337
1082 3337
1081 3337
1080 3337
1079 3337
1078 3337
1077 3337
1076 3337
1075 3337
1074 3337
1073 3337
1072 3337
1071 3337
1070 3337
1069 3337
1068 3337
1067 3337
1066 3337
1065 3337
1064 3337
1063 3337
1062 3336
1061 3336
1060 3336
1059 3336
1058 3335
1057 3335
1056 3335
1055 3335
1054 3335
1053 3335
1052 3335
1051 3335
1050 3335
1049 3335
1048 3335
1047 3335
1046 3335
1045 3335
1044 3335
1043 3335
1042 3335
1041 3335
1040 3335
1039 3335
1038 3335
1037 3335
1036 3335
1035 3335
1034 3335
1033 3335
1032 3335
1031 3335
