569 1277
568 1278
567 1278
566 1278
565 1278
564 1279
563 1279
562 1279
561 1279
560 1279
559 1279
558 1279
557 1279
556 1280
555 1280
554 1281
553 1282
552 1282
552 1283
551 1284
550 1284
549 1285
548 1286
547 1286
546 1287
545 1287
544 1287
543 1287
542 1286
541 1286
540 1286
539 1286
538 1285
537 1285
536 1286
535 1286
534 1286
533 1286
532 1287
531 1287
530 1288
529 1288
528 1288
527 1288
526 1289
525 1289
524 1289
523 1289
522 1289
521 1289
520 1289
519 1289
518 1289
517 1289
516 1289
515 1289
514 1289
513 1289
512 1289
511 1289
510 1289
509 1289
508 1289
507 1289
506 1289
505 1289
504 1289
503 1289
502 1289
501 1289
500 1289
499 1289
498 1289
497 1289
496 1288
495 1288
494 1288
493 1288
492 1287
491 1287
490 1287
489 1287
488 1287
487 1287
486 1287
485 1287
484 1286
483 1286
482 1286
481 1286
480 1285
479 1285
478 1285
477 1285
476 1284
475 1284
474 1284
473 1284
472 1283
471 1283
470 1283
469 1283
468 1283
467 1283
466 1283
465 1283
464 1283
463 1283
462 1283
461 1283
460 1282
459 1282
458 1282
457 1282
456 1281
455 1281
454 1281
453 1281
452 1281
451 1281
450 1281
449 1281
448 1281
447 1281
446 1281
445 1281
444 1281
443 1281
442 1281
441 1281
440 1281
439 1281
438 1281
437 1281
436 1281
435 1281
434 1281
433 1281
432 1281
431 1281
430 1281
429 1281
428 1281
427 1281
426 1280
425 1280
424 1280
423 1280
422 1279
421 1279
420 1279
419 1279
418 1279
417 1279
416 1279
415 1279
414 1280
413 1280
412 1280
411 1280
410 1281
409 1281
408 1281
407 1281
406 1281
405 1281
404 1280
403 1280
402 1280
401 1280
400 1279
399 1279
398 1279
397 1279
396 1279
395 1279
394 1279
393 1279
392 1279
391 1279
390 1279
389 1279
388 1279
387 1279
386 1279
385 1279
384 1279
383 1279
382 1279
381 1279
380 1279
379 1279
378 1279
377 1279
376 1279
375 1279
374 1279
373 1279
372 1280
371 1280
370 1280
369 1280
368 1281
367 1281
366 1281
365 1281
364 1281
363 1281
362 1281
361 1281
360 1281
359 1281
358 1282
357 1282
356 1282
355 1282
354 1283
353 1283
352 1282
351 1282
350 1282
349 1282
348 1281
347 1281
346 1282
345 1282
344 1283
343 1284
342 1284
342 1285
341 1286
340 1286
340 1287
339 1288
338 1289
338 1290
337 1291
337 1292
337 1293
337 1294
337 1295
337 1296
337 1297
337 1298
337 1299
337 1300
338 1301
338 1302
338 1303
338 1304
339 1305
340 1306
340 1307
340 1308
341 1309
342 1310
342 1311
342 1312
343 1313
344 1314
344 1315
344 1316
345 1317
346 1318
346 1319
346 1320
347 1321
348 1322
348 1323
348 1324
349 1325
350 1326
350 1327
350 1328
351 1329
352 1330
352 1331
352 1332
353 1333
354 1334
355 1335
356 1336
356 1337
357 1338
358 1339
358 1340
359 1341
360 1342
361 1343
361 1344
362 1345
362 1346
363 1347
364 1348
364 1349
364 1350
365 1351
366 1352
366 1353
366 1354
367 1355
368 1356
368 1357
368 1358
369 1359
370 1360
370 1361
370 1362
371 1363
372 1364
373 1365
374 1365
375 1366
376 1366
377 1366
378 1366
379 1366
380 1366
381 1366
382 1366
383 1367
384 1367
385 1367
386 1367
387 1368
388 1368
389 1368
390 1368
391 1369
392 1369
393 1370
394 1371
395 1371
396 1372
397 1373
398 1373
399 1374
400 1374
401 1374
402 1374
403 1374
404 1374
405 1375
406 1375
407 1375
408 1375
409 1376
410 1376
411 1377
412 1377
413 1377
414 1377
415 1378
416 1378
417 1378
418 1378
419 1378
420 1378
421 1379
422 1379
423 1379
424 1379
425 1380
426 1380
427 1380
428 1380
429 1381
430 1381
431 1381
432 1381
433 1382
434 1382
435 1382
436 1382
437 1382
438 1382
439 1382
440 1382
441 1383
442 1383
443 1383
444 1383
445 1384
446 1384
447 1384
448 1384
449 1384
450 1384
451 1384
452 1384
453 1383
454 1383
455 1382
456 1382
457 1381
458 1381
459 1380
460 1380
461 1380
462 1380
463 1381
464 1381
465 1382
466 1382
467 1383
468 1384
469 1385
470 1385
471 1385
472 1385
473 1386
474 1386
475 1386
476 1386
477 1386
478 1386
479 1387
480 1387
481 1387
482 1387
483 1388
484 1388
485 1388
486 1388
487 1388
488 1388
489 1388
490 1388
491 1388
492 1388
493 1388
494 1388
495 1389
496 1389
497 1389
498 1389
499 1390
500 1390
501 1390
502 1390
503 1390
504 1390
505 1390
506 1390
507 1390
508 1390
509 1390
510 1390
511 1390
512 1390
513 1390
514 1390
515 1390
516 1390
517 1390
518 1390
519 1390
520 1390
521 1390
522 1390
523 1390
524 1390
525 1390
526 1390
527 1390
528 1390
529 1390
530 1390
531 1390
532 1390
533 1390
534 1390
535 1389
536 1389
537 1389
538 1389
539 1388
540 1388
541 1388
542 1388
543 1388
544 1388
545 1388
546 1388
547 1388
548 1388
549 1388
550 1388
551 1388
552 1388
553 1388
554 1388
555 1388
556 1388
557 1388
558 1388
559 1388
560 1388
561 1388
562 1388
563 1388
564 1388
565 1388
566 1388
567 1388
568 1388
569 1388
570 1388
571 1388
572 1388
573 1388
574 1388
575 1388
576 1388
577 1388
578 1388
579 1388
580 1388
581 1388
582 1388
583 1388
584 1388
585 1387
586 1387
587 1387
588 1387
589 1386
590 1386
591 1386
592 1386
593 1386
594 1386
595 1386
596 1386
597 1386
598 1386
599 1386
600 1386
601 1386
602 1386
603 1385
604 1385
605 1384
606 1384
607 1383
608 1383
609 1382
610 1382
611 1382
612 1382
613 1381
614 1381
615 1381
616 1381
617 1380
618 1380
619 1380
620 1380
621 1379
622 1379
623 1379
624 1379
625 1378
626 1378
627 1378
628 1378
629 1377
630 1377
631 1377
632 1377
633 1376
634 1376
635 1376
636 1376
637 1375
638 1375
639 1375
640 1375
641 1374
642 1374
643 1374
644 1374
645 1374
646 1374
647 1374
648 1374
649 1373
650 1373
651 1373
652 1373
653 1372
654 1371
655 1370
655 1369
656 1368
656 1367
656 1366
656 1365
656 1364
656 1363
657 1362
657 1361
657 1360
658 1359
659 1358
659 1357
659 1356
660 1355
661 1354
661 1353
661 1352
661 1351
662 1350
662 1349
662 1348
662 1347
662 1346
662 1345
662 1344
662 1343
662 1342
662 1341
662 1340
662 1339
662 1338
662 1337
662 1336
662 1335
662 1334
662 1333
662 1332
662 1331
661 1330
661 1329
660 1328
660 1327
659 1326
659 1325
658 1324
658 1323
657 1322
657 1321
657 1320
657 1319
656 1318
656 1317
656 1316
656 1315
656 1314
656 1313
656 1312
656 1311
655 1310
655 1309
654 1308
653 1307
652 1306
651 1306
650 1305
649 1305
648 1304
647 1303
646 1302
645 1302
644 1302
643 1302
642 1301
641 1301
640 1300
639 1300
638 1299
637 1299
636 1298
635 1297
634 1296
633 1296
632 1296
631 1295
630 1294
629 1294
628 1294
627 1294
626 1293
625 1293
624 1292
623 1292
622 1292
621 1292
620 1291
619 1291
618 1291
617 1291
616 1291
615 1291
614 1290
613 1290
612 1289
611 1289
610 1288
609 1287
608 1286
607 1286
606 1286
605 1285
604 1284
603 1284
602 1284
601 1283
600 1282
599 1282
598 1282
597 1282
596 1281
595 1281
594 1281
593 1281
592 1281
591 1281
590 1281
589 1281
588 1281
587 1281
586 1280
585 1280
584 1280
583 1280
582 1279
581 1279
580 1279
579 1279
578 1279
577 1279
576 1279
575 1279
574 1278
573 1278
572 1278
571 1278
570 1277
569 1277
