919 1141
918 1142
917 1142
916 1142
915 1142
914 1143
913 1143
912 1143
911 1143
910 1143
909 1143
908 1143
907 1143
906 1143
905 1143
904 1143
903 1143
902 1144
901 1144
900 1144
899 1144
898 1145
897 1145
896 1145
895 1145
894 1145
893 1145
892 1145
891 1145
890 1145
889 1145
888 1146
887 1146
886 1146
885 1146
884 1147
883 1147
882 1147
881 1147
880 1147
879 1147
878 1147
877 1147
876 1147
875 1147
874 1147
873 1147
872 1148
871 1148
870 1148
869 1148
868 1149
867 1149
866 1149
865 1149
864 1149
863 1149
862 1149
861 1149
860 1149
859 1149
858 1150
857 1150
856 1150
855 1150
854 1151
853 1151
852 1151
851 1151
850 1151
849 1151
848 1152
847 1152
846 1152
845 1152
844 1153
843 1153
842 1153
841 1153
840 1153
839 1153
838 1154
837 1154
836 1154
835 1154
834 1155
833 1155
832 1155
831 1155
830 1156
829 1156
828 1156
827 1156
826 1157
825 1157
824 1157
823 1157
822 1157
821 1157
820 1157
819 1157
818 1158
817 1158
816 1158
815 1158
814 1159
813 1159
812 1159
811 1159
810 1159
809 1159
808 1160
807 1160
806 1160
805 1160
804 1161
803 1161
802 1161
801 1161
800 1161
799 1161
798 1162
797 1162
796 1162
795 1162
794 1163
793 1163
792 1163
791 1163
790 1163
789 1163
788 1164
787 1164
786 1164
785 1164
784 1165
783 1165
782 1165
781 1165
780 1165
779 1165
778 1165
777 1165
776 1166
775 1166
774 1166
773 1166
772 1167
771 1167
770 1168
769 1168
768 1168
767 1168
766 1169
765 1169
764 1169
763 1169
762 1170
761 1170
760 1170
759 1170
758 1171
757 1171
756 1172
755 1172
754 1172
753 1172
752 1173
751 1173
750 1174
749 1174
748 1174
747 1174
746 1175
745 1175
744 1176
743 1176
742 1176
741 1176
740 1177
739 1177
738 1177
737 1177
736 1178
735 1178
734 1178
733 1178
732 1179
731 1179
730 1180
729 1180
728 1180
727 1180
726 1181
725 1181
724 1182
723 1182
722 1182
721 1182
720 1183
719 1183
718 1184
717 1184
716 1184
715 1184
714 1185
713 1185
712 1185
711 1185
710 1186
709 1186
708 1186
707 1186
706 1187
705 1187
704 1188
703 1188
702 1188
701 1188
700 1189
699 1189
698 1190
697 1190
696 1190
695 1190
694 1191
693 1192
692 1192
691 1192
690 1193
689 1193
688 1194
687 1194
686 1194
685 1194
684 1195
683 1196
682 1196
681 1196
680 1197
679 1198
678 1198
677 1198
676 1199
675 1199
674 1200
673 1200
672 1200
671 1200
670 1201
669 1202
668 1202
667 1202
666 1203
665 1204
664 1204
663 1204
662 1205
661 1205
660 1206
659 1206
658 1206
657 1206
656 1207
655 1208
654 1208
653 1208
652 1209
651 1210
650 1210
649 1210
648 1211
647 1212
646 1212
645 1212
644 1213
643 1214
642 1214
641 1214
640 1215
639 1215
638 1216
637 1216
636 1216
635 1216
634 1217
633 1218
632 1218
631 1218
630 1219
629 1220
628 1220
627 1220
626 1221
625 1222
624 1223
623 1223
622 1224
621 1224
620 1225
619 1226
618 1226
617 1226
616 1227
615 1228
614 1228
613 1228
612 1229
611 1230
610 1231
609 1232
608 1232
608 1233
607 1234
606 1234
605 1235
604 1236
603 1236
602 1237
601 1238
600 1239
599 1240
598 1240
598 1241
597 1242
596 1242
596 1243
595 1244
594 1244
594 1245
593 1246
592 1246
592 1247
591 1248
590 1248
590 1249
589 1250
588 1250
588 1251
587 1252
586 1253
585 1254
584 1255
584 1256
583 1257
582 1258
582 1259
581 1260
580 1260
580 1261
579 1262
578 1262
578 1263
577 1264
576 1264
576 1265
575 1266
574 1266
574 1267
573 1268
572 1268
572 1269
571 1270
570 1271
570 1272
570 1273
570 1274
571 1275
572 1276
573 1277
574 1278
575 1279
576 1279
577 1279
578 1280
579 1281
580 1281
581 1282
582 1282
583 1283
584 1284
585 1285
586 1286
587 1287
587 1288
587 1289
587 1290
587 1291
587 1292
587 1293
587 1294
587 1295
587 1296
587 1297
587 1298
587 1299
587 1300
587 1301
587 1302
587 1303
587 1304
587 1305
587 1306
587 1307
587 1308
587 1309
587 1310
587 1311
587 1312
587 1313
587 1314
588 1315
588 1316
589 1317
590 1318
590 1319
591 1319
592 1320
592 1321
593 1321
594 1322
594 1323
595 1324
596 1325
596 1326
597 1327
598 1328
599 1329
600 1330
600 1331
601 1331
602 1332
602 1333
603 1333
604 1334
604 1335
605 1335
606 1336
606 1337
607 1337
608 1338
608 1339
609 1339
610 1340
610 1341
611 1341
612 1342
612 1343
613 1343
614 1344
614 1345
615 1345
616 1346
616 1347
617 1347
618 1348
618 1349
619 1349
620 1350
620 1351
621 1351
622 1352
622 1353
623 1353
624 1354
624 1355
625 1355
626 1356
626 1357
627 1357
628 1358
628 1359
629 1359
630 1360
630 1361
631 1361
632 1362
632 1363
633 1363
634 1364
634 1365
635 1365
636 1366
636 1367
637 1367
638 1368
638 1369
639 1369
640 1370
640 1371
641 1371
642 1372
642 1373
643 1373
644 1374
645 1375
646 1376
647 1377
648 1377
649 1378
650 1378
651 1379
652 1379
653 1380
654 1380
655 1380
656 1380
657 1380
658 1380
659 1380
660 1380
661 1380
662 1380
663 1380
664 1380
665 1380
666 1380
667 1380
668 1380
669 1380
670 1380
671 1380
672 1380
673 1380
674 1380
675 1380
676 1380
677 1380
678 1380
679 1379
680 1379
681 1379
682 1379
683 1378
684 1378
685 1377
686 1377
687 1377
688 1377
689 1376
690 1376
691 1375
692 1375
693 1375
694 1375
695 1374
696 1374
697 1374
698 1374
699 1374
700 1374
701 1374
702 1374
703 1374
704 1374
705 1374
706 1374
707 1373
708 1373
709 1373
710 1373
711 1372
712 1372
713 1371
714 1371
715 1371
716 1371
717 1370
718 1370
719 1370
720 1370
721 1370
722 1370
723 1370
724 1370
725 1370
726 1370
727 1369
728 1369
729 1369
730 1369
731 1368
732 1368
733 1368
734 1368
735 1368
736 1368
737 1367
738 1367
739 1367
740 1367
741 1366
742 1366
743 1366
744 1366
745 1365
746 1365
747 1365
748 1365
749 1364
750 1364
751 1364
752 1364
753 1364
754 1364
755 1363
756 1363
757 1363
758 1363
759 1362
760 1362
761 1362
762 1362
763 1362
764 1362
765 1362
766 1362
767 1362
768 1362
769 1362
770 1362
771 1362
772 1362
773 1362
774 1362
775 1362
776 1362
777 1362
778 1362
779 1362
780 1362
781 1362
782 1362
783 1362
784 1362
785 1362
786 1362
787 1362
788 1362
789 1362
790 1362
791 1362
792 1362
793 1362
794 1362
795 1362
796 1362
797 1362
798 1362
799 1362
800 1362
801 1362
802 1362
803 1362
804 1362
805 1362
806 1362
807 1362
808 1362
809 1362
810 1362
811 1362
812 1362
813 1362
814 1362
815 1362
816 1362
817 1362
818 1362
819 1362
820 1362
821 1363
822 1363
823 1363
824 1363
825 1364
826 1364
827 1364
828 1364
829 1364
830 1364
831 1364
832 1364
833 1364
834 1364
835 1364
836 1364
837 1364
838 1364
839 1364
840 1364
841 1364
842 1364
843 1364
844 1364
845 1364
846 1364
847 1365
848 1365
849 1365
850 1365
851 1366
852 1366
853 1366
854 1366
855 1366
856 1366
857 1366
858 1366
859 1366
860 1366
861 1367
862 1367
863 1367
864 1367
865 1368
866 1368
867 1368
868 1368
869 1368
870 1368
871 1368
872 1368
873 1368
874 1368
875 1369
876 1369
877 1369
878 1369
879 1370
880 1370
881 1370
882 1370
883 1370
884 1370
885 1371
886 1371
887 1371
888 1371
889 1372
890 1372
891 1372
892 1372
893 1372
894 1372
895 1372
896 1372
897 1372
898 1372
899 1372
900 1372
901 1373
902 1373
903 1373
904 1373
905 1374
906 1374
907 1374
908 1374
909 1374
910 1374
911 1374
912 1374
913 1375
914 1375
915 1375
916 1375
917 1376
918 1376
919 1376
920 1376
921 1376
922 1376
923 1376
924 1376
925 1376
926 1376
927 1377
928 1377
929 1377
930 1377
931 1378
932 1378
933 1378
934 1378
935 1378
936 1378
937 1378
938 1378
939 1378
940 1378
941 1379
942 1379
943 1379
944 1379
945 1380
946 1380
947 1380
948 1380
949 1380
950 1380
951 1381
952 1381
953 1381
954 1381
955 1382
956 1382
957 1382
958 1382
959 1382
960 1382
961 1382
962 1382
963 1383
964 1383
965 1383
966 1383
967 1384
968 1384
969 1385
970 1385
971 1385
972 1385
973 1386
974 1386
975 1386
976 1386
977 1386
978 1386
979 1386
980 1386
981 1387
982 1387
983 1387
984 1387
985 1388
986 1388
987 1389
988 1389
989 1389
990 1389
991 1390
992 1390
993 1391
994 1391
995 1391
996 1392
997 1393
998 1393
999 1393
1000 1393
1001 1394
1002 1394
1003 1395
1004 1395
1005 1395
1006 1395
1007 1396
1008 1396
1009 1396
1010 1396
1011 1396
1012 1396
1013 1396
1014 1396
1015 1396
1016 1396
1017 1396
1018 1396
1019 1397
1020 1397
1021 1397
1022 1398
1023 1399
1024 1399
1025 1399
1026 1400
1027 1401
1028 1401
1029 1401
1030 1401
1031 1402
1032 1402
1033 1403
1034 1403
1035 1403
1036 1403
1037 1404
1038 1404
1039 1404
1040 1404
1041 1405
1042 1405
1043 1405
1044 1405
1045 1406
1046 1406
1047 1407
1048 1407
1049 1407
1050 1407
1051 1408
1052 1408
1053 1409
1054 1409
1055 1409
1056 1409
1057 1410
1058 1410
1059 1410
1060 1410
1061 1410
1062 1410
1063 1410
1064 1410
1065 1410
1066 1410
1067 1410
1068 1410
1069 1410
1070 1410
1071 1410
1072 1410
1073 1410
1074 1410
1075 1410
1076 1410
1077 1410
1078 1410
1079 1410
1080 1410
1081 1410
1082 1410
1083 1410
1084 1410
1085 1410
1086 1410
1087 1410
1088 1410
1089 1410
1090 1410
1091 1410
1092 1410
1093 1410
1094 1410
1095 1409
1096 1409
1097 1409
1098 1409
1099 1408
1100 1408
1101 1408
1102 1408
1103 1408
1104 1408
1105 1408
1106 1408
1107 1408
1108 1408
1109 1408
1110 1408
1111 1407
1112 1407
1113 1407
1114 1407
1115 1406
1116 1406
1117 1406
1118 1406
1119 1406
1120 1406
1121 1406
1122 1406
1123 1406
1124 1406
1125 1406
1126 1406
1127 1406
1128 1406
1129 1405
1130 1405
1131 1405
1132 1405
1133 1404
1134 1404
1135 1404
1136 1404
1137 1404
1138 1404
1139 1404
1140 1404
1141 1404
1142 1404
1143 1404
1144 1404
1145 1404
1146 1404
1147 1404
1148 1404
1149 1404
1150 1404
1151 1404
1152 1404
1153 1403
1154 1403
1155 1403
1156 1403
1157 1402
1158 1401
1159 1401
1160 1401
1161 1400
1162 1400
1163 1400
1164 1400
1165 1400
1166 1400
1167 1400
1168 1400
1169 1400
1170 1400
1171 1400
1172 1400
1173 1400
1174 1400
1175 1400
1176 1400
1177 1399
1178 1399
1179 1399
1180 1399
1181 1398
1182 1398
1183 1398
1184 1398
1185 1398
1186 1398
1187 1398
1188 1398
1189 1398
1190 1398
1191 1398
1192 1398
1193 1398
1194 1398
1195 1398
1196 1398
1197 1398
1198 1398
1199 1398
1200 1398
1201 1399
1202 1399
1203 1399
1204 1399
1205 1400
1206 1400
1207 1400
1208 1400
1209 1400
1210 1400
1211 1400
1212 1400
1213 1400
1214 1400
1215 1400
1216 1400
1217 1400
1218 1400
1219 1400
1220 1400
1221 1400
1222 1400
1223 1400
1224 1400
1225 1400
1226 1400
1227 1400
1228 1400
1229 1400
1230 1400
1231 1400
1232 1400
1233 1400
1234 1400
1235 1400
1236 1400
1237 1400
1238 1400
1239 1400
1240 1400
1241 1400
1242 1400
1243 1400
1244 1400
1245 1400
1246 1400
1247 1400
1248 1400
1249 1400
1250 1400
1251 1400
1252 1400
1253 1400
1254 1400
1255 1400
1256 1400
1257 1400
1258 1400
1259 1400
1260 1400
1261 1400
1262 1400
1263 1400
1264 1400
1265 1400
1266 1400
1267 1400
1268 1400
1269 1400
1270 1400
1271 1400
1272 1400
1273 1400
1274 1400
1275 1400
1276 1400
1277 1400
1278 1400
1279 1400
1280 1400
1281 1400
1282 1400
1283 1400
1284 1400
1285 1400
1286 1400
1287 1400
1288 1400
1289 1400
1290 1400
1291 1400
1292 1400
1293 1400
1294 1400
1295 1400
1296 1400
1297 1400
1298 1400
1299 1400
1300 1400
1301 1400
1302 1400
1303 1400
1304 1400
1305 1400
1306 1400
1307 1400
1308 1400
1309 1400
1310 1400
1311 1400
1312 1400
1313 1400
1314 1400
1315 1400
1316 1400
1317 1400
1318 1400
1319 1400
1320 1400
1321 1400
1322 1400
1323 1400
1324 1400
1325 1400
1326 1400
1327 1400
1328 1400
1329 1400
1330 1400
1331 1400
1332 1400
1333 1401
1334 1401
1335 1401
1336 1401
1337 1402
1338 1402
1339 1402
1340 1402
1341 1402
1342 1402
1343 1402
1344 1402
1345 1402
1346 1402
1347 1402
1348 1402
1349 1402
1350 1402
1351 1402
1352 1402
1353 1402
1354 1402
1355 1402
1356 1402
1357 1402
1358 1402
1359 1402
1360 1402
1361 1402
1362 1402
1363 1402
1364 1402
1365 1402
1366 1402
1367 1402
1368 1402
1369 1402
1370 1402
1371 1402
1372 1402
1373 1402
1374 1402
1375 1402
1376 1402
1377 1402
1378 1402
1379 1402
1380 1402
1381 1402
1382 1402
1383 1402
1384 1402
1385 1402
1386 1402
1387 1402
1388 1402
1389 1402
1390 1402
1391 1402
1392 1402
1393 1402
1394 1402
1395 1402
1396 1402
1397 1402
1398 1402
1399 1402
1400 1402
1401 1401
1402 1401
1403 1401
1404 1401
1405 1400
1406 1399
1407 1399
1408 1399
1409 1398
1410 1398
1411 1397
1412 1397
1413 1396
1414 1396
1415 1395
1416 1395
1417 1394
1418 1393
1419 1392
1420 1391
1421 1391
1422 1390
1423 1389
1424 1389
1425 1388
1426 1387
1427 1387
1428 1387
1429 1386
1430 1386
1431 1385
1432 1385
1433 1384
1434 1383
1435 1383
1435 1382
1436 1381
1437 1381
1437 1380
1438 1379
1439 1378
1440 1377
1441 1376
1441 1375
1441 1374
1441 1373
1442 1372
1442 1371
1442 1370
1442 1369
1442 1368
1442 1367
1442 1366
1442 1365
1442 1364
1442 1363
1442 1362
1442 1361
1442 1360
1442 1359
1442 1358
1442 1357
1442 1356
1442 1355
1442 1354
1442 1353
1442 1352
1442 1351
1442 1350
1442 1349
1442 1348
1442 1347
1442 1346
1442 1345
1442 1344
1442 1343
1442 1342
1442 1341
1442 1340
1442 1339
1442 1338
1442 1337
1441 1336
1441 1335
1441 1334
1441 1333
1440 1332
1439 1331
1438 1330
1437 1329
1437 1328
1436 1327
1435 1326
1435 1325
1434 1324
1433 1323
1433 1322
1433 1321
1432 1320
1431 1319
1431 1318
1431 1317
1430 1316
1429 1315
1429 1314
1429 1313
1428 1312
1427 1311
1427 1310
1427 1309
1426 1308
1426 1307
1426 1306
1426 1305
1426 1304
1426 1303
1426 1302
1426 1301
1426 1300
1426 1299
1425 1298
1425 1297
1424 1296
1424 1295
1423 1294
1423 1293
1422 1292
1422 1291
1422 1290
1422 1289
1423 1288
1423 1287
1423 1286
1423 1285
1424 1284
1424 1283
1423 1282
1423 1281
1422 1280
1421 1279
1421 1278
1420 1278
1419 1277
1419 1276
1418 1276
1417 1275
1417 1274
1416 1274
1415 1273
1415 1272
1414 1272
1413 1271
1413 1270
1412 1270
1411 1269
1411 1268
1410 1268
1409 1267
1409 1266
1408 1265
1407 1264
1407 1263
1406 1262
1406 1261
1405 1260
1405 1259
1404 1258
1403 1257
1403 1256
1402 1256
1401 1255
1401 1254
1400 1254
1399 1253
1399 1252
1398 1251
1397 1250
1397 1249
1396 1248
1395 1247
1394 1246
1393 1245
1393 1244
1392 1244
1391 1243
1391 1242
1390 1242
1389 1241
1389 1240
1388 1240
1387 1239
1387 1238
1386 1238
1385 1237
1385 1236
1384 1236
1383 1235
1383 1234
1382 1234
1381 1233
1381 1232
1380 1232
1379 1231
1378 1230
1377 1230
1376 1229
1375 1229
1374 1228
1373 1228
1372 1228
1371 1228
1370 1227
1369 1227
1368 1226
1367 1226
1366 1226
1365 1226
1364 1225
1363 1225
1362 1225
1361 1225
1360 1225
1359 1225
1358 1225
1357 1225
1356 1225
1355 1225
1354 1225
1353 1225
1352 1225
1351 1225
1350 1224
1349 1224
1348 1224
1347 1224
1346 1223
1345 1223
1344 1222
1343 1222
1342 1221
1341 1221
1340 1220
1339 1220
1338 1219
1337 1219
1336 1218
1335 1218
1334 1217
1333 1216
1332 1216
1331 1215
1330 1214
1329 1214
1328 1213
1327 1213
1326 1213
1325 1213
1324 1213
1323 1213
1322 1212
1321 1212
1320 1211
1319 1211
1318 1210
1317 1209
1316 1208
1315 1208
1314 1208
1313 1208
1312 1207
1311 1207
1310 1206
1309 1206
1308 1206
1307 1206
1306 1205
1305 1205
1304 1204
1303 1204
1302 1203
1301 1203
1300 1202
1299 1202
1298 1201
1297 1201
1296 1201
1295 1201
1294 1200
1293 1200
1292 1199
1291 1199
1290 1198
1289 1198
1288 1197
1287 1197
1286 1197
1285 1197
1284 1197
1283 1197
1282 1197
1281 1197
1280 1197
1279 1197
1278 1197
1277 1197
1276 1197
1275 1197
1274 1197
1273 1197
1272 1197
1271 1197
1270 1197
1269 1197
1268 1196
1267 1196
1266 1196
1265 1196
1264 1195
1263 1195
1262 1195
1261 1195
1260 1195
1259 1195
1258 1194
1257 1194
1256 1193
1255 1192
1254 1192
1253 1191
1253 1190
1252 1190
1251 1189
1251 1188
1250 1188
1249 1187
1249 1186
1248 1186
1247 1185
1247 1184
1246 1184
1245 1183
1245 1182
1244 1182
1243 1181
1243 1180
1242 1180
1241 1179
1241 1178
1240 1178
1239 1177
1238 1176
1237 1175
1236 1174
1235 1174
1234 1174
1233 1173
1232 1172
1231 1172
1230 1172
1229 1172
1228 1171
1227 1171
1226 1171
1225 1171
1224 1171
1223 1171
1222 1170
1221 1170
1220 1170
1219 1170
1218 1169
1217 1169
1216 1169
1215 1169
1214 1169
1213 1169
1212 1169
1211 1169
1210 1169
1209 1169
1208 1169
1207 1169
1206 1168
1205 1168
1204 1168
1203 1168
1202 1167
1201 1167
1200 1167
1199 1167
1198 1167
1197 1167
1196 1166
1195 1166
1194 1166
1193 1166
1192 1165
1191 1165
1190 1165
1189 1165
1188 1165
1187 1165
1186 1165
1185 1165
1184 1165
1183 1165
1182 1165
1181 1165
1180 1165
1179 1165
1178 1165
1177 1165
1176 1165
1175 1165
1174 1165
1173 1165
1172 1165
1171 1165
1170 1165
1169 1165
1168 1165
1167 1165
1166 1165
1165 1165
1164 1165
1163 1165
1162 1165
1161 1165
1160 1164
1159 1164
1158 1164
1157 1164
1156 1163
1155 1163
1154 1163
1153 1163
1152 1163
1151 1163
1150 1163
1149 1163
1148 1163
1147 1163
1146 1163
1145 1163
1144 1163
1143 1163
1142 1162
1141 1162
1140 1162
1139 1162
1138 1161
1137 1161
1136 1161
1135 1161
1134 1161
1133 1161
1132 1161
1131 1161
1130 1161
1129 1161
1128 1161
1127 1161
1126 1161
1125 1161
1124 1161
1123 1161
1122 1161
1121 1161
1120 1161
1119 1161
1118 1161
1117 1161
1116 1161
1115 1161
1114 1161
1113 1161
1112 1161
1111 1161
1110 1161
1109 1161
1108 1161
1107 1161
1106 1161
1105 1161
1104 1161
1103 1161
1102 1161
1101 1161
1100 1161
1099 1161
1098 1161
1097 1161
1096 1161
1095 1161
1094 1161
1093 1161
1092 1161
1091 1161
1090 1161
1089 1161
1088 1161
1087 1161
1086 1161
1085 1161
1084 1161
1083 1161
1082 1161
1081 1161
1080 1160
1079 1160
1078 1160
1077 1160
1076 1159
1075 1159
1074 1159
1073 1159
1072 1159
1071 1159
1070 1159
1069 1159
1068 1159
1067 1159
1066 1159
1065 1159
1064 1159
1063 1159
1062 1159
1061 1159
1060 1159
1059 1159
1058 1159
1057 1159
1056 1159
1055 1159
1054 1159
1053 1159
1052 1159
1051 1159
1050 1159
1049 1159
1048 1159
1047 1159
1046 1159
1045 1159
1044 1159
1043 1159
1042 1159
1041 1159
1040 1158
1039 1158
1038 1158
1037 1158
1036 1157
1035 1157
1034 1157
1033 1157
1032 1157
1031 1157
1030 1157
1029 1157
1028 1156
1027 1156
1026 1155
1025 1155
1024 1154
1023 1154
1022 1153
1021 1153
1020 1153
1019 1153
1018 1152
1017 1152
1016 1152
1015 1152
1014 1151
1013 1151
1012 1150
1011 1150
1010 1150
1009 1150
1008 1149
1007 1149
1006 1149
1005 1149
1004 1148
1003 1148
1002 1148
1001 1148
1000 1147
999 1147
998 1147
997 1147
996 1147
995 1147
994 1147
993 1147
992 1147
991 1147
990 1147
989 1147
988 1147
987 1147
986 1146
985 1146
984 1146
983 1146
982 1145
981 1145
980 1145
979 1145
978 1144
977 1144
976 1144
975 1144
974 1143
973 1143
972 1143
971 1143
970 1143
969 1143
968 1143
967 1143
966 1143
965 1143
964 1143
963 1143
962 1143
961 1143
960 1143
959 1143
958 1143
957 1143
956 1143
955 1143
954 1142
953 1142
952 1142
951 1142
950 1141
949 1141
948 1141
947 1141
946 1141
945 1141
944 1141
943 1141
942 1141
941 1141
940 1141
939 1141
938 1141
937 1141
936 1141
935 1141
934 1141
933 1141
932 1141
931 1141
930 1141
929 1141
928 1141
927 1141
926 1141
925 1141
924 1141
923 1141
922 1141
921 1141
920 1141
919 1141
