931 2821
930 2822
929 2822
928 2822
927 2822
926 2823
925 2823
924 2823
923 2823
922 2823
921 2823
920 2824
919 2824
918 2824
917 2824
916 2825
915 2826
914 2827
913 2828
912 2828
912 2829
911 2830
910 2830
909 2831
908 2832
907 2832
906 2833
905 2833
904 2833
903 2833
902 2834
901 2834
900 2835
899 2836
898 2836
898 2837
897 2838
896 2838
896 2839
895 2840
894 2840
894 2841
893 2842
892 2842
891 2843
890 2844
889 2844
888 2845
887 2845
886 2845
885 2845
884 2844
883 2844
882 2844
881 2844
880 2843
879 2843
878 2843
877 2843
876 2844
875 2844
874 2845
873 2845
872 2846
871 2846
870 2847
869 2848
868 2849
867 2849
866 2850
865 2850
864 2851
863 2852
862 2852
861 2852
860 2853
859 2854
858 2854
857 2854
856 2854
855 2854
854 2854
853 2854
852 2853
851 2853
850 2853
849 2853
848 2853
847 2853
846 2854
845 2854
844 2854
843 2854
842 2855
841 2856
840 2857
839 2858
838 2859
837 2860
836 2861
836 2862
836 2863
836 2864
835 2865
835 2866
834 2867
834 2868
834 2869
833 2870
832 2871
832 2872
832 2873
832 2874
831 2875
831 2876
831 2877
831 2878
830 2879
830 2880
830 2881
830 2882
829 2883
829 2884
829 2885
829 2886
829 2887
829 2888
829 2889
829 2890
829 2891
829 2892
828 2893
828 2894
828 2895
828 2896
827 2897
827 2898
828 2899
828 2900
828 2901
828 2902
829 2903
829 2904
830 2905
830 2906
830 2907
831 2908
832 2909
833 2910
834 2910
835 2911
836 2911
837 2912
838 2913
839 2913
840 2914
840 2915
841 2916
842 2917
842 2918
843 2919
844 2920
844 2921
844 2922
845 2923
846 2924
846 2925
846 2926
847 2927
848 2928
848 2929
848 2930
849 2931
850 2932
851 2933
852 2934
853 2935
854 2935
855 2935
856 2936
857 2937
858 2937
859 2937
860 2937
861 2938
862 2938
863 2938
864 2938
865 2938
866 2938
867 2938
868 2938
869 2938
870 2938
871 2938
872 2938
873 2938
874 2938
875 2937
876 2937
877 2936
878 2936
879 2935
880 2935
881 2934
882 2934
883 2934
884 2934
885 2934
886 2934
887 2934
888 2934
889 2934
890 2934
891 2934
892 2934
893 2934
894 2934
895 2934
896 2934
897 2934
898 2934
899 2934
900 2934
901 2934
902 2934
903 2934
904 2934
905 2935
906 2935
907 2935
908 2935
909 2936
910 2936
911 2936
912 2936
913 2936
914 2936
915 2936
916 2936
917 2936
918 2936
919 2936
920 2936
921 2936
922 2936
923 2936
924 2936
925 2936
926 2936
927 2936
928 2936
929 2936
930 2936
931 2937
932 2937
933 2937
934 2937
935 2938
936 2938
937 2938
938 2938
939 2938
940 2938
941 2938
942 2938
943 2938
944 2938
945 2938
946 2938
947 2938
948 2938
949 2938
950 2938
951 2938
952 2938
953 2938
954 2938
955 2938
956 2938
957 2938
958 2938
959 2937
960 2937
961 2937
962 2937
963 2936
964 2936
965 2935
966 2935
967 2935
968 2935
969 2934
970 2934
971 2934
972 2934
973 2935
974 2935
975 2935
976 2936
977 2937
978 2937
979 2937
980 2937
981 2938
982 2938
983 2939
984 2939
985 2939
986 2939
987 2940
988 2940
989 2940
990 2940
991 2940
992 2940
993 2940
994 2940
995 2940
996 2940
997 2940
998 2940
999 2941
1000 2941
1001 2941
1002 2941
1003 2942
1004 2942
1005 2942
1006 2942
1007 2942
1008 2942
1009 2942
1010 2942
1011 2942
1012 2942
1013 2942
1014 2942
1015 2943
1016 2943
1017 2943
1018 2943
1019 2944
1020 2944
1021 2944
1022 2944
1023 2944
1024 2944
1025 2944
1026 2944
1027 2944
1028 2944
1029 2944
1030 2944
1031 2945
1032 2945
1033 2945
1034 2945
1035 2946
1036 2946
1037 2946
1038 2946
1039 2946
1040 2946
1041 2946
1042 2946
1043 2945
1044 2945
1045 2945
1046 2945
1047 2944
1048 2944
1049 2944
1050 2944
1051 2944
1052 2944
1053 2943
1054 2943
1055 2943
1056 2943
1057 2942
1058 2942
1059 2942
1060 2942
1061 2942
1062 2942
1063 2942
1064 2942
1065 2942
1066 2942
1067 2942
1068 2942
1069 2942
1070 2942
1071 2943
1072 2943
1073 2943
1074 2943
1075 2944
1076 2944
1077 2944
1078 2944
1079 2944
1080 2944
1081 2944
1082 2944
1083 2944
1084 2944
1085 2944
1086 2944
1087 2943
1088 2943
1089 2943
1090 2943
1091 2942
1092 2942
1093 2941
1094 2941
1095 2941
1096 2941
1097 2940
1098 2939
1099 2939
1100 2939
1101 2938
1102 2938
1103 2938
1104 2938
1105 2937
1106 2937
1107 2936
1108 2935
1109 2935
1109 2934
1110 2933
1111 2933
1111 2932
1112 2931
1113 2931
1113 2930
1114 2929
1115 2929
1115 2928
1116 2927
1117 2927
1117 2926
1118 2925
1119 2925
1119 2924
1120 2923
1121 2922
1121 2921
1122 2920
1122 2919
1123 2918
1123 2917
1124 2916
1124 2915
1125 2914
1125 2913
1126 2912
1126 2911
1127 2910
1127 2909
1127 2908
1127 2907
1128 2906
1128 2905
1128 2904
1128 2903
1128 2902
1128 2901
1128 2900
1128 2899
1128 2898
1128 2897
1128 2896
1128 2895
1128 2894
1128 2893
1128 2892
1128 2891
1128 2890
1128 2889
1128 2888
1128 2887
1128 2886
1128 2885
1128 2884
1128 2883
1127 2882
1127 2881
1127 2880
1127 2879
1126 2878
1126 2877
1125 2876
1125 2875
1124 2874
1123 2874
1122 2873
1121 2873
1120 2872
1119 2872
1118 2871
1117 2870
1116 2870
1115 2869
1115 2868
1114 2868
1113 2867
1113 2866
1112 2866
1111 2865
1111 2864
1110 2864
1109 2863
1109 2862
1108 2862
1107 2861
1107 2860
1106 2860
1105 2859
1105 2858
1104 2857
1103 2856
1103 2855
1102 2854
1102 2853
1102 2852
1102 2851
1101 2850
1101 2849
1101 2848
1101 2847
1100 2846
1099 2845
1099 2844
1099 2843
1098 2842
1098 2841
1098 2840
1098 2839
1098 2838
1098 2837
1098 2836
1098 2835
1097 2834
1096 2833
1095 2832
1094 2831
1093 2830
1092 2830
1091 2829
1091 2828
1090 2828
1089 2827
1089 2826
1088 2826
1087 2825
1086 2824
1085 2824
1084 2823
1083 2823
1082 2823
1081 2823
1080 2823
1079 2823
1078 2823
1077 2823
1076 2823
1075 2823
1074 2823
1073 2823
1072 2823
1071 2823
1070 2823
1069 2823
1068 2823
1067 2823
1066 2823
1065 2823
1064 2823
1063 2823
1062 2823
1061 2823
1060 2823
1059 2823
1058 2823
1057 2823
1056 2823
1055 2823
1054 2823
1053 2823
1052 2823
1051 2823
1050 2823
1049 2823
1048 2822
1047 2822
1046 2822
1045 2822
1044 2821
1043 2821
1042 2821
1041 2821
1040 2821
1039 2821
1038 2821
1037 2821
1036 2821
1035 2821
1034 2821
1033 2821
1032 2821
1031 2821
1030 2821
1029 2821
1028 2821
1027 2821
1026 2822
1025 2822
1024 2822
1023 2822
1022 2823
1021 2823
1020 2823
1019 2823
1018 2823
1017 2823
1016 2823
1015 2823
1014 2823
1013 2823
1012 2823
1011 2823
1010 2823
1009 2823
1008 2823
1007 2823
1006 2823
1005 2823
1004 2823
1003 2823
1002 2823
1001 2823
1000 2823
999 2823
998 2823
997 2823
996 2823
995 2823
994 2823
993 2823
992 2823
991 2823
990 2823
989 2823
988 2823
987 2823
986 2823
985 2823
984 2823
983 2823
982 2823
981 2823
980 2823
979 2823
978 2823
977 2823
976 2823
975 2823
974 2822
973 2822
972 2822
971 2822
970 2821
969 2821
968 2821
967 2821
966 2821
965 2821
964 2821
963 2821
962 2821
961 2821
960 2821
959 2821
958 2821
957 2821
956 2821
955 2821
954 2821
953 2821
952 2821
951 2821
950 2821
949 2821
948 2821
947 2821
946 2821
945 2821
944 2821
943 2821
942 2821
941 2821
940 2821
939 2821
938 2821
937 2821
936 2821
935 2821
934 2821
933 2821
932 2821
931 2821
