405 1597
404 1598
403 1598
402 1598
401 1598
400 1599
399 1599
398 1599
397 1599
396 1599
395 1599
394 1600
393 1600
392 1600
391 1600
390 1601
389 1602
388 1602
387 1602
386 1603
385 1603
384 1603
383 1603
382 1603
381 1603
380 1603
379 1603
378 1603
377 1603
376 1603
375 1603
374 1603
373 1603
372 1604
371 1604
370 1604
369 1604
368 1605
367 1605
366 1606
365 1606
364 1607
363 1608
362 1608
361 1609
360 1610
359 1610
358 1611
357 1612
356 1612
355 1612
354 1613
353 1613
352 1613
351 1613
350 1613
349 1613
348 1614
347 1614
346 1615
345 1615
344 1616
343 1616
342 1617
341 1617
340 1617
339 1617
338 1618
337 1618
336 1618
335 1618
334 1619
333 1619
332 1619
331 1619
330 1620
329 1620
328 1620
327 1620
326 1621
325 1621
324 1621
323 1621
322 1622
321 1622
320 1622
319 1622
318 1623
317 1624
316 1624
315 1624
314 1625
313 1625
312 1626
311 1626
310 1626
309 1626
308 1627
307 1627
306 1628
305 1628
304 1628
303 1628
302 1629
301 1629
300 1630
299 1630
298 1630
297 1630
296 1631
295 1632
294 1632
293 1632
292 1633
291 1634
290 1634
289 1634
288 1635
287 1635
286 1635
285 1635
284 1635
283 1635
282 1636
281 1636
280 1637
279 1637
278 1638
277 1638
276 1639
275 1639
274 1639
273 1639
272 1639
271 1639
270 1639
269 1639
268 1639
267 1639
266 1640
265 1640
264 1641
264 1642
263 1643
263 1644
262 1645
262 1646
261 1647
260 1648
259 1649
258 1650
257 1650
256 1651
255 1651
254 1651
253 1651
252 1652
251 1652
250 1652
249 1652
248 1653
247 1654
246 1655
245 1656
244 1656
244 1657
243 1658
242 1658
242 1659
241 1660
240 1660
240 1661
239 1662
238 1662
238 1663
237 1664
236 1664
236 1665
235 1666
234 1667
233 1668
232 1669
232 1670
231 1671
230 1672
230 1673
229 1674
228 1674
228 1675
227 1676
226 1676
226 1677
225 1678
224 1679
224 1680
223 1681
223 1682
222 1683
222 1684
222 1685
222 1686
221 1687
221 1688
221 1689
221 1690
221 1691
221 1692
221 1693
221 1694
221 1695
221 1696
222 1697
222 1698
222 1699
222 1700
223 1701
223 1702
224 1703
224 1704
225 1705
226 1706
227 1707
228 1708
229 1709
230 1709
231 1709
232 1710
233 1711
234 1711
235 1712
236 1712
237 1713
238 1713
239 1714
240 1714
241 1714
242 1714
243 1714
244 1714
245 1714
246 1714
247 1714
248 1714
249 1714
250 1714
251 1714
252 1714
253 1714
254 1714
255 1713
256 1713
257 1712
258 1712
259 1711
260 1711
261 1710
262 1710
263 1710
264 1710
265 1710
266 1710
267 1710
268 1710
269 1710
270 1710
271 1710
272 1710
273 1710
274 1710
275 1710
276 1710
277 1710
278 1710
279 1710
280 1710
281 1710
282 1710
283 1709
284 1709
285 1709
286 1709
287 1708
288 1708
289 1708
290 1708
291 1708
292 1708
293 1708
294 1708
295 1708
296 1708
297 1707
298 1707
299 1707
300 1707
301 1706
302 1706
303 1706
304 1706
305 1706
306 1706
307 1706
308 1706
309 1706
310 1706
311 1706
312 1706
313 1706
314 1706
315 1705
316 1705
317 1705
318 1705
319 1704
320 1704
321 1704
322 1704
323 1704
324 1704
325 1704
326 1704
327 1704
328 1704
329 1704
330 1704
331 1704
332 1704
333 1704
334 1704
335 1704
336 1704
337 1704
338 1704
339 1704
340 1704
341 1704
342 1704
343 1704
344 1704
345 1704
346 1704
347 1704
348 1704
349 1703
350 1703
351 1703
352 1703
353 1702
354 1702
355 1702
356 1702
357 1702
358 1702
359 1702
360 1702
361 1702
362 1702
363 1701
364 1701
365 1701
366 1701
367 1700
368 1700
369 1700
370 1700
371 1700
372 1700
373 1700
374 1700
375 1700
376 1700
377 1700
378 1700
379 1700
380 1700
381 1700
382 1700
383 1700
384 1700
385 1700
386 1700
387 1700
388 1700
389 1700
390 1700
391 1700
392 1700
393 1700
394 1700
395 1700
396 1700
397 1700
398 1700
399 1700
400 1700
401 1700
402 1700
403 1700
404 1700
405 1700
406 1700
407 1700
408 1700
409 1700
410 1700
411 1700
412 1700
413 1700
414 1700
415 1700
416 1700
417 1700
418 1700
419 1700
420 1700
421 1700
422 1700
423 1700
424 1700
425 1700
426 1700
427 1700
428 1700
429 1700
430 1700
431 1700
432 1700
433 1700
434 1700
435 1700
436 1700
437 1700
438 1700
439 1699
440 1699
441 1699
442 1699
443 1698
444 1698
445 1697
446 1697
447 1696
448 1696
449 1695
450 1695
451 1694
452 1694
453 1693
454 1693
455 1693
456 1693
457 1692
458 1692
459 1692
460 1692
461 1691
462 1691
463 1690
464 1690
465 1689
466 1689
467 1688
468 1687
469 1686
470 1685
471 1684
472 1683
473 1682
473 1681
474 1680
474 1679
475 1678
476 1677
477 1676
477 1675
477 1674
478 1673
479 1672
479 1671
479 1670
480 1669
481 1668
481 1667
481 1666
481 1665
482 1664
482 1663
482 1662
482 1661
482 1660
482 1659
482 1658
482 1657
482 1656
482 1655
482 1654
482 1653
482 1652
482 1651
482 1650
482 1649
482 1648
482 1647
482 1646
482 1645
482 1644
482 1643
482 1642
482 1641
482 1640
482 1639
482 1638
482 1637
482 1636
482 1635
482 1634
482 1633
483 1632
483 1631
483 1630
483 1629
484 1628
484 1627
484 1626
484 1625
484 1624
484 1623
483 1622
483 1621
483 1620
483 1619
482 1618
482 1617
481 1616
481 1615
480 1614
479 1613
478 1612
477 1612
476 1611
475 1611
474 1610
473 1610
472 1609
471 1609
470 1609
469 1609
468 1609
467 1609
466 1608
465 1608
464 1608
463 1608
462 1607
461 1607
460 1607
459 1607
458 1607
457 1607
456 1607
455 1607
454 1606
453 1606
452 1606
451 1605
450 1604
449 1604
448 1604
447 1604
446 1603
445 1603
444 1603
443 1603
442 1602
441 1602
440 1602
439 1602
438 1601
437 1601
436 1601
435 1601
434 1601
433 1601
432 1601
431 1601
430 1601
429 1601
428 1601
427 1601
426 1600
425 1600
424 1600
423 1600
422 1599
421 1599
420 1598
419 1598
418 1598
417 1598
416 1597
415 1597
414 1597
413 1597
412 1597
411 1597
410 1597
409 1597
408 1597
407 1597
406 1597
405 1597
