1141 679
1140 680
1139 680
1138 680
1137 680
1136 681
1135 681
1134 681
1133 681
1132 681
1131 681
1130 681
1129 681
1128 682
1127 682
1126 682
1125 682
1124 683
1123 683
1122 683
1121 683
1120 683
1119 683
1118 683
1117 683
1116 684
1115 684
1114 684
1113 684
1112 685
1111 686
1110 686
1109 686
1108 687
1107 687
1106 687
1105 687
1104 688
1103 688
1102 688
1101 688
1100 689
1099 689
1098 689
1097 689
1096 690
1095 690
1094 690
1093 690
1092 691
1091 691
1090 691
1089 691
1088 692
1087 692
1086 693
1085 694
1084 694
1083 695
1082 696
1081 696
1080 697
1079 697
1078 698
1077 698
1076 698
1075 698
1074 699
1073 699
1072 699
1071 699
1070 699
1069 699
1068 699
1067 699
1066 700
1065 700
1064 700
1063 700
1062 701
1061 702
1060 703
1059 704
1058 704
1058 705
1057 706
1056 707
1056 708
1055 709
1055 710
1055 711
1055 712
1054 713
1054 714
1054 715
1054 716
1053 717
1053 718
1052 719
1052 720
1052 721
1052 722
1051 723
1051 724
1050 725
1050 726
1050 727
1050 728
1049 729
1049 730
1049 731
1049 732
1048 733
1048 734
1048 735
1048 736
1047 737
1047 738
1047 739
1047 740
1046 741
1046 742
1046 743
1046 744
1045 745
1045 746
1044 747
1044 748
1044 749
1044 750
1043 751
1043 752
1042 753
1042 754
1042 755
1042 756
1041 757
1041 758
1040 759
1040 760
1040 761
1040 762
1039 763
1039 764
1039 765
1039 766
1038 767
1038 768
1038 769
1038 770
1037 771
1037 772
1036 773
1036 774
1036 775
1036 776
1035 777
1035 778
1034 779
1034 780
1034 781
1034 782
1033 783
1033 784
1033 785
1033 786
1032 787
1032 788
1032 789
1032 790
1031 791
1031 792
1031 793
1031 794
1030 795
1030 796
1030 797
1030 798
1029 799
1029 800
1029 801
1029 802
1029 803
1029 804
1029 805
1029 806
1028 807
1028 808
1028 809
1028 810
1027 811
1027 812
1027 813
1027 814
1027 815
1027 816
1027 817
1027 818
1027 819
1027 820
1027 821
1027 822
1027 823
1027 824
1027 825
1027 826
1027 827
1027 828
1027 829
1027 830
1027 831
1027 832
1027 833
1027 834
1027 835
1027 836
1027 837
1027 838
1027 839
1027 840
1027 841
1027 842
1027 843
1027 844
1027 845
1027 846
1027 847
1027 848
1027 849
1027 850
1027 851
1027 852
1027 853
1027 854
1028 855
1028 856
1029 857
1030 858
1030 859
1031 859
1032 860
1032 861
1033 861
1034 862
1035 863
1036 863
1037 864
1038 864
1039 865
1040 865
1041 866
1042 867
1043 867
1044 868
1044 869
1045 870
1046 871
1046 872
1047 873
1047 874
1047 875
1047 876
1048 877
1048 878
1049 879
1050 880
1050 881
1051 881
1052 882
1052 883
1053 883
1054 884
1054 885
1055 885
1056 886
1057 887
1058 887
1059 888
1060 888
1061 888
1062 888
1063 887
1064 887
1065 887
1066 887
1067 886
1068 886
1069 886
1070 886
1071 886
1072 886
1073 886
1074 886
1075 886
1076 886
1077 886
1078 886
1079 886
1080 886
1081 887
1082 887
1083 888
1084 889
1085 889
1086 890
1086 891
1087 891
1088 892
1088 893
1089 893
1090 894
1090 895
1091 895
1092 896
1093 897
1094 897
1095 898
1096 898
1097 898
1098 898
1099 898
1100 898
1101 898
1102 898
1103 898
1104 898
1105 897
1106 897
1107 896
1108 895
1109 895
1109 894
1110 893
1111 893
1112 892
1113 891
1114 891
1115 890
1116 890
1117 890
1118 890
1119 890
1120 890
1121 890
1122 890
1123 890
1124 890
1125 889
1126 889
1127 889
1128 889
1129 888
1130 888
1131 887
1132 887
1133 887
1134 887
1135 886
1136 885
1137 885
1138 885
1139 884
1140 884
1141 884
1142 884
1143 884
1144 884
1145 884
1146 884
1147 884
1148 884
1149 884
1150 884
1151 884
1152 884
1153 884
1154 884
1155 884
1156 884
1157 884
1158 884
1159 884
1160 884
1161 884
1162 884
1163 885
1164 885
1165 885
1166 885
1167 886
1168 886
1169 886
1170 886
1171 886
1172 886
1173 886
1174 886
1175 886
1176 886
1177 887
1178 887
1179 887
1180 887
1181 888
1182 888
1183 888
1184 888
1185 888
1186 888
1187 888
1188 888
1189 888
1190 888
1191 888
1192 888
1193 888
1194 888
1195 888
1196 888
1197 888
1198 888
1199 888
1200 888
1201 888
1202 888
1203 887
1204 887
1205 886
1206 885
1207 885
1208 884
1209 883
1210 883
1211 882
1212 882
1213 882
1214 882
1215 882
1216 882
1217 882
1218 882
1219 881
1220 881
1221 880
1222 879
1223 878
1223 877
1224 876
1225 875
1226 875
1227 874
1228 874
1229 874
1230 874
1231 874
1232 874
1233 875
1234 875
1235 875
1236 875
1237 876
1238 876
1239 876
1240 876
1241 875
1242 875
1243 874
1244 873
1245 873
1246 872
1247 871
1248 871
1249 870
1250 870
1251 870
1252 870
1253 870
1254 870
1255 870
1256 870
1257 870
1258 870
1259 870
1260 870
1261 870
1262 870
1263 870
1264 870
1265 870
1266 870
1267 870
1268 870
1269 869
1270 869
1271 869
1272 869
1273 868
1274 868
1275 868
1276 868
1277 868
1278 868
1279 868
1280 868
1281 868
1282 868
1283 867
1284 867
1285 867
1286 867
1287 866
1288 866
1289 866
1290 866
1291 866
1292 866
1293 865
1294 865
1295 865
1296 865
1297 864
1298 864
1299 865
1300 865
1301 865
1302 865
1303 866
1304 866
1305 866
1306 866
1307 866
1308 866
1309 866
1310 866
1311 866
1312 866
1313 866
1314 866
1315 866
1316 866
1317 866
1318 866
1319 866
1320 866
1321 866
1322 866
1323 866
1324 866
1325 866
1326 866
1327 866
1328 866
1329 865
1330 865
1331 865
1332 865
1333 864
1334 864
1335 864
1336 864
1337 863
1338 863
1339 863
1340 863
1341 862
1342 862
1343 862
1344 862
1345 862
1346 862
1347 862
1348 862
1349 862
1350 862
1351 862
1352 862
1353 862
1354 862
1355 863
1356 863
1357 863
1358 863
1359 864
1360 864
1361 864
1362 864
1363 864
1364 864
1365 863
1366 863
1367 863
1368 863
1369 862
1370 862
1371 862
1372 862
1373 861
1374 861
1375 860
1376 860
1377 859
1378 859
1379 858
1380 858
1381 857
1382 857
1383 857
1384 857
1385 856
1386 855
1387 854
1388 853
1389 853
1390 852
1391 851
1392 851
1393 850
1394 850
1395 850
1396 850
1397 850
1398 850
1399 850
1400 850
1401 850
1402 850
1403 850
1404 850
1405 850
1406 850
1407 849
1408 849
1409 848
1410 847
1411 847
1411 846
1412 845
1413 845
1413 844
1414 843
1415 843
1415 842
1416 841
1417 841
1417 840
1418 839
1419 838
1420 837
1421 836
1421 835
1421 834
1422 833
1423 832
1423 831
1423 830
1423 829
1424 828
1424 827
1425 826
1425 825
1425 824
1425 823
1426 822
1426 821
1426 820
1426 819
1426 818
1426 817
1426 816
1426 815
1427 814
1427 813
1427 812
1427 811
1428 810
1428 809
1429 808
1429 807
1429 806
1429 805
1430 804
1430 803
1430 802
1430 801
1430 800
1430 799
1430 798
1430 797
1429 796
1429 795
1429 794
1429 793
1428 792
1427 791
1426 790
1425 789
1425 788
1424 787
1423 786
1423 785
1422 784
1421 783
1420 782
1419 781
1419 780
1418 780
1417 779
1417 778
1416 778
1415 777
1415 776
1414 776
1413 775
1413 774
1412 774
1411 773
1411 772
1410 772
1409 771
1408 770
1407 769
1406 768
1405 768
1404 767
1403 766
1402 766
1401 765
1400 764
1399 764
1398 763
1397 763
1396 762
1395 762
1394 761
1393 761
1392 760
1391 759
1390 758
1389 758
1388 757
1387 756
1386 756
1385 755
1385 754
1384 754
1383 753
1383 752
1382 752
1381 751
1381 750
1380 750
1379 749
1378 748
1377 747
1376 746
1375 746
1374 746
1373 745
1372 744
1371 744
1370 744
1369 744
1368 743
1367 743
1366 742
1365 742
1364 741
1363 741
1362 740
1361 740
1360 739
1359 739
1358 738
1357 738
1356 738
1355 737
1354 736
1353 736
1352 736
1351 736
1350 735
1349 735
1348 735
1347 735
1346 735
1345 735
1344 735
1343 735
1342 735
1341 735
1340 735
1339 735
1338 735
1337 735
1336 735
1335 735
1334 735
1333 735
1332 735
1331 735
1330 735
1329 735
1328 734
1327 734
1326 734
1325 734
1324 733
1323 733
1322 733
1321 733
1320 733
1319 733
1318 733
1317 733
1316 733
1315 733
1314 733
1313 733
1312 733
1311 733
1310 732
1309 732
1308 731
1307 731
1306 730
1305 730
1304 729
1303 729
1302 729
1301 729
1300 729
1299 729
1298 729
1297 729
1296 728
1295 728
1294 728
1293 728
1292 727
1291 727
1290 727
1289 727
1288 726
1287 726
1286 726
1285 725
1284 724
1283 724
1282 723
1281 723
1280 722
1279 722
1278 721
1277 721
1276 720
1275 720
1274 719
1273 718
1272 718
1271 717
1271 716
1270 716
1269 715
1269 714
1268 714
1267 713
1267 712
1266 712
1265 711
1265 710
1264 710
1263 709
1263 708
1262 708
1261 707
1260 706
1259 706
1258 705
1257 705
1256 704
1255 704
1254 703
1253 703
1252 702
1251 702
1250 701
1249 701
1248 701
1247 701
1246 701
1245 701
1244 701
1243 701
1242 701
1241 701
1240 701
1239 701
1238 701
1237 701
1236 701
1235 701
1234 701
1233 701
1232 701
1231 701
1230 700
1229 700
1228 700
1227 700
1226 699
1225 699
1224 699
1223 699
1222 698
1221 698
1220 698
1219 698
1218 697
1217 697
1216 697
1215 697
1214 697
1213 697
1212 697
1211 697
1210 697
1209 697
1208 697
1207 697
1206 696
1205 696
1204 695
1203 695
1202 694
1201 694
1200 693
1199 693
1198 692
1197 692
1196 692
1195 692
1194 691
1193 691
1192 690
1191 690
1190 689
1189 688
1188 688
1187 687
1187 686
1186 686
1185 685
1185 684
1184 684
1183 683
1183 682
1182 682
1181 681
1180 680
1179 680
1178 679
1177 679
1176 679
1175 679
1174 679
1173 679
1172 679
1171 679
1170 679
1169 679
1168 679
1167 679
1166 679
1165 679
1164 679
1163 679
1162 679
1161 679
1160 679
1159 679
1158 679
1157 679
1156 679
1155 679
1154 679
1153 679
1152 679
1151 679
1150 679
1149 679
1148 679
1147 679
1146 679
1145 679
1144 679
1143 679
1142 679
1141 679
