571 1775
570 1776
569 1776
568 1776
567 1776
566 1777
565 1777
564 1777
563 1777
562 1777
561 1777
560 1777
559 1777
558 1777
557 1777
556 1777
555 1777
554 1778
553 1778
552 1778
551 1778
550 1779
549 1779
548 1780
547 1780
546 1780
545 1780
544 1781
543 1782
542 1782
541 1782
540 1783
539 1783
538 1783
537 1783
536 1783
535 1783
534 1783
533 1783
532 1783
531 1783
530 1783
529 1783
528 1784
527 1784
526 1784
525 1784
524 1785
523 1785
522 1786
521 1786
520 1786
519 1786
518 1787
517 1787
516 1787
515 1787
514 1787
513 1787
512 1787
511 1787
510 1787
509 1787
508 1787
507 1787
506 1787
505 1787
504 1788
503 1788
502 1788
501 1788
500 1789
499 1789
498 1789
497 1789
496 1790
495 1790
494 1790
493 1790
492 1791
491 1791
490 1791
489 1791
488 1791
487 1791
486 1792
485 1792
484 1793
483 1793
482 1794
481 1794
480 1795
479 1795
478 1795
477 1795
476 1796
475 1796
474 1796
473 1796
472 1797
471 1797
470 1797
469 1797
468 1798
467 1798
466 1799
465 1800
464 1800
464 1801
463 1802
462 1802
462 1803
461 1804
460 1804
460 1805
459 1806
458 1806
457 1807
456 1808
455 1808
454 1809
453 1810
452 1810
451 1810
450 1811
449 1811
448 1812
447 1812
446 1813
445 1814
444 1814
444 1815
443 1816
442 1816
442 1817
441 1818
440 1818
440 1819
439 1820
438 1820
437 1821
436 1822
435 1822
434 1823
433 1824
432 1824
431 1824
430 1825
429 1825
428 1825
427 1825
426 1825
425 1825
424 1825
423 1825
422 1825
421 1825
420 1824
419 1824
418 1824
417 1823
416 1822
415 1822
414 1822
413 1821
412 1820
411 1820
410 1820
409 1820
408 1819
407 1819
406 1819
405 1819
404 1819
403 1819
402 1819
401 1819
400 1819
399 1819
398 1819
397 1819
396 1818
395 1818
394 1817
393 1817
392 1816
391 1816
390 1815
389 1815
388 1815
387 1815
386 1815
385 1815
384 1815
383 1815
382 1815
381 1815
380 1815
379 1815
378 1815
377 1815
376 1816
375 1816
374 1817
373 1818
372 1819
372 1820
372 1821
372 1822
371 1823
371 1824
371 1825
371 1826
371 1827
371 1828
371 1829
371 1830
371 1831
371 1832
371 1833
371 1834
371 1835
371 1836
371 1837
371 1838
371 1839
371 1840
371 1841
371 1842
371 1843
371 1844
371 1845
371 1846
371 1847
371 1848
371 1849
371 1850
371 1851
371 1852
372 1853
372 1854
372 1855
372 1856
373 1857
373 1858
373 1859
373 1860
373 1861
373 1862
373 1863
373 1864
373 1865
373 1866
373 1867
373 1868
373 1869
373 1870
373 1871
373 1872
373 1873
373 1874
373 1875
373 1876
373 1877
373 1878
373 1879
373 1880
374 1881
374 1882
374 1883
374 1884
375 1885
375 1886
375 1887
375 1888
375 1889
375 1890
375 1891
375 1892
375 1893
375 1894
375 1895
375 1896
375 1897
375 1898
375 1899
375 1900
375 1901
375 1902
376 1903
376 1904
377 1905
377 1906
378 1907
378 1908
379 1909
380 1910
381 1911
382 1912
383 1913
384 1914
385 1915
386 1915
387 1915
388 1916
389 1917
390 1917
391 1918
392 1918
393 1919
394 1919
395 1920
396 1920
397 1921
398 1921
399 1921
400 1921
401 1922
402 1922
403 1922
404 1922
405 1922
406 1922
407 1923
408 1923
409 1923
410 1923
411 1924
412 1924
413 1925
414 1925
415 1925
416 1926
417 1927
418 1927
419 1928
420 1928
421 1929
422 1929
423 1930
424 1930
425 1930
426 1930
427 1930
428 1930
429 1930
430 1930
431 1931
432 1931
433 1931
434 1931
435 1932
436 1932
437 1932
438 1932
439 1932
440 1932
441 1932
442 1932
443 1932
444 1932
445 1932
446 1932
447 1932
448 1932
449 1932
450 1932
451 1932
452 1932
453 1932
454 1932
455 1932
456 1932
457 1932
458 1932
459 1932
460 1932
461 1932
462 1932
463 1932
464 1932
465 1932
466 1932
467 1932
468 1932
469 1932
470 1932
471 1932
472 1932
473 1933
474 1933
475 1933
476 1933
477 1934
478 1934
479 1934
480 1934
481 1934
482 1934
483 1934
484 1934
485 1934
486 1934
487 1933
488 1933
489 1933
490 1933
491 1932
492 1931
493 1931
494 1931
495 1930
496 1930
497 1929
498 1929
499 1929
500 1929
501 1928
502 1928
503 1928
504 1928
505 1928
506 1928
507 1928
508 1928
509 1928
510 1928
511 1928
512 1928
513 1929
514 1929
515 1929
516 1929
517 1930
518 1930
519 1930
520 1930
521 1930
522 1930
523 1930
524 1930
525 1930
526 1930
527 1930
528 1930
529 1930
530 1930
531 1930
532 1930
533 1930
534 1930
535 1930
536 1930
537 1930
538 1930
539 1929
540 1929
541 1929
542 1929
543 1928
544 1927
545 1927
546 1927
547 1926
548 1926
549 1926
550 1926
551 1926
552 1926
553 1925
554 1925
555 1925
556 1925
557 1924
558 1924
559 1924
560 1924
561 1924
562 1924
563 1924
564 1924
565 1923
566 1923
567 1923
568 1923
569 1922
570 1922
571 1922
572 1922
573 1922
574 1922
575 1922
576 1922
577 1922
578 1922
579 1921
580 1921
581 1921
582 1921
583 1920
584 1920
585 1919
586 1919
587 1919
588 1919
589 1918
590 1917
591 1917
592 1917
593 1916
594 1916
595 1916
596 1916
597 1916
598 1916
599 1916
600 1916
601 1915
602 1915
603 1915
604 1915
605 1914
606 1914
607 1913
608 1913
609 1912
610 1911
611 1911
611 1910
612 1909
613 1908
614 1907
615 1906
615 1905
616 1904
616 1903
617 1902
618 1901
619 1900
619 1899
620 1898
620 1897
621 1896
621 1895
622 1894
622 1893
623 1892
623 1891
623 1890
623 1889
624 1888
624 1887
624 1886
624 1885
625 1884
625 1883
626 1882
627 1881
627 1880
628 1879
629 1879
629 1878
630 1877
631 1876
632 1875
633 1874
633 1873
634 1872
634 1871
635 1870
635 1869
636 1868
636 1867
636 1866
636 1865
636 1864
636 1863
636 1862
636 1861
635 1860
635 1859
635 1858
635 1857
634 1856
633 1855
633 1854
633 1853
632 1852
632 1851
632 1850
632 1849
632 1848
632 1847
631 1846
631 1845
631 1844
631 1843
630 1842
630 1841
630 1840
630 1839
630 1838
630 1837
630 1836
630 1835
629 1834
629 1833
628 1832
627 1831
627 1830
626 1829
625 1828
625 1827
624 1826
623 1825
623 1824
623 1823
622 1822
622 1821
622 1820
622 1819
622 1818
622 1817
621 1816
621 1815
621 1814
621 1813
620 1812
619 1811
619 1810
619 1809
618 1808
617 1807
617 1806
617 1805
616 1804
615 1803
614 1802
613 1801
612 1800
611 1799
610 1798
609 1798
608 1797
607 1796
606 1796
605 1795
605 1794
604 1793
603 1792
603 1791
602 1790
602 1789
601 1788
601 1787
600 1786
599 1785
599 1784
598 1784
597 1783
597 1782
596 1782
595 1781
595 1780
594 1780
593 1779
592 1778
591 1778
590 1777
589 1777
588 1777
587 1777
586 1777
585 1777
584 1777
583 1777
582 1776
581 1776
580 1776
579 1776
578 1775
577 1775
576 1775
575 1775
574 1775
573 1775
572 1775
571 1775
