542 1319
541 1320
540 1320
539 1320
538 1320
537 1321
536 1321
535 1321
534 1321
533 1321
532 1321
531 1321
530 1321
529 1321
528 1321
527 1321
526 1321
525 1321
524 1321
523 1321
522 1321
521 1322
520 1322
519 1322
518 1322
517 1323
516 1323
515 1323
514 1323
513 1323
512 1323
511 1323
510 1323
509 1324
508 1324
507 1324
506 1324
505 1325
504 1325
503 1325
502 1325
501 1325
500 1325
499 1325
498 1325
497 1326
496 1326
495 1326
494 1326
493 1327
492 1327
491 1327
490 1327
489 1327
488 1327
487 1327
486 1327
485 1328
484 1328
483 1328
482 1328
481 1329
480 1329
479 1329
478 1329
477 1329
476 1329
475 1329
474 1329
473 1330
472 1330
471 1330
470 1330
469 1331
468 1331
467 1331
466 1331
465 1331
464 1331
463 1332
462 1332
461 1332
460 1332
459 1333
458 1333
457 1333
456 1333
455 1333
454 1333
453 1333
452 1333
451 1333
450 1333
449 1334
448 1334
447 1334
446 1334
445 1335
444 1335
443 1336
442 1336
441 1336
440 1336
439 1337
438 1337
437 1337
436 1337
435 1337
434 1337
433 1337
432 1337
431 1337
430 1337
429 1337
428 1337
427 1337
426 1337
425 1337
424 1337
423 1337
422 1337
421 1338
420 1338
419 1338
418 1338
417 1339
416 1339
415 1339
414 1339
413 1339
412 1339
411 1339
410 1339
409 1339
408 1339
407 1339
406 1339
405 1339
404 1339
403 1339
402 1339
401 1339
400 1339
399 1339
398 1339
397 1339
396 1339
395 1339
394 1339
393 1339
392 1339
391 1339
390 1339
389 1339
388 1339
387 1339
386 1339
385 1339
384 1339
383 1339
382 1339
381 1339
380 1339
379 1339
378 1339
377 1339
376 1339
375 1338
374 1338
373 1338
372 1338
371 1337
370 1337
369 1337
368 1337
367 1337
366 1337
365 1337
364 1337
363 1337
362 1337
361 1337
360 1337
359 1337
358 1337
357 1337
356 1337
355 1337
354 1337
353 1337
352 1337
351 1337
350 1337
349 1337
348 1337
347 1337
346 1337
345 1337
344 1337
343 1337
342 1337
341 1337
340 1337
339 1337
338 1337
337 1337
336 1337
335 1337
334 1337
333 1337
332 1337
331 1337
330 1337
329 1337
328 1337
327 1337
326 1337
325 1337
324 1337
323 1337
322 1337
321 1337
320 1337
319 1337
318 1337
317 1337
316 1337
315 1337
314 1337
313 1337
312 1337
311 1337
310 1337
309 1337
308 1337
307 1337
306 1337
305 1337
304 1337
303 1337
302 1337
301 1337
300 1337
299 1336
298 1336
297 1335
296 1335
295 1334
294 1334
293 1333
292 1333
291 1333
290 1333
289 1333
288 1333
287 1334
286 1334
285 1335
284 1336
283 1336
282 1337
281 1338
280 1338
279 1339
278 1339
277 1340
276 1340
275 1341
274 1341
273 1342
272 1342
271 1343
270 1344
269 1344
268 1344
267 1345
266 1346
265 1346
264 1346
263 1347
262 1348
261 1349
260 1350
259 1350
259 1351
258 1352
257 1353
256 1354
255 1355
255 1356
255 1357
254 1358
253 1359
253 1360
253 1361
252 1362
251 1363
251 1364
251 1365
250 1366
249 1367
249 1368
249 1369
248 1370
247 1371
247 1372
247 1373
247 1374
246 1375
246 1376
245 1377
245 1378
245 1379
245 1380
244 1381
244 1382
243 1383
243 1384
243 1385
243 1386
242 1387
242 1388
242 1389
242 1390
242 1391
242 1392
242 1393
242 1394
242 1395
242 1396
241 1397
241 1398
241 1399
241 1400
240 1401
240 1402
240 1403
240 1404
240 1405
240 1406
240 1407
240 1408
241 1409
241 1410
242 1411
243 1412
243 1413
244 1414
245 1415
245 1416
246 1417
247 1418
247 1419
247 1420
248 1421
249 1422
250 1423
251 1424
251 1425
252 1425
253 1426
253 1427
254 1427
255 1428
255 1429
256 1429
257 1430
257 1431
258 1431
259 1432
259 1433
260 1433
261 1434
261 1435
262 1436
263 1437
263 1438
264 1439
264 1440
265 1441
265 1442
266 1443
267 1444
267 1445
268 1445
269 1446
270 1447
271 1448
272 1449
273 1449
274 1450
275 1451
276 1451
277 1452
277 1453
278 1453
279 1454
279 1455
280 1455
281 1456
282 1457
283 1458
284 1459
285 1459
286 1459
287 1460
288 1461
289 1461
290 1461
291 1461
292 1462
293 1462
294 1463
295 1463
296 1463
297 1463
298 1464
299 1464
300 1464
301 1464
302 1464
303 1464
304 1463
305 1463
306 1463
307 1463
308 1462
309 1462
310 1462
311 1462
312 1462
313 1462
314 1462
315 1462
316 1462
317 1462
318 1462
319 1462
320 1462
321 1462
322 1462
323 1462
324 1462
325 1462
326 1462
327 1462
328 1463
329 1463
330 1463
331 1464
332 1465
333 1465
334 1465
335 1466
336 1467
337 1467
338 1467
339 1467
340 1468
341 1468
342 1468
343 1468
344 1468
345 1468
346 1468
347 1468
348 1468
349 1468
350 1468
351 1468
352 1468
353 1468
354 1467
355 1467
356 1467
357 1467
358 1466
359 1466
360 1466
361 1466
362 1466
363 1466
364 1467
365 1467
366 1467
367 1468
368 1469
369 1469
370 1469
371 1469
372 1470
373 1470
374 1471
375 1471
376 1471
377 1472
378 1473
379 1473
380 1473
381 1473
382 1474
383 1474
384 1474
385 1474
386 1475
387 1475
388 1475
389 1475
390 1476
391 1476
392 1476
393 1476
394 1476
395 1476
396 1476
397 1476
398 1476
399 1476
400 1476
401 1476
402 1476
403 1476
404 1476
405 1476
406 1476
407 1476
408 1476
409 1476
410 1476
411 1476
412 1476
413 1476
414 1476
415 1476
416 1476
417 1476
418 1477
419 1477
420 1477
421 1477
422 1478
423 1478
424 1478
425 1478
426 1478
427 1478
428 1478
429 1478
430 1478
431 1478
432 1478
433 1478
434 1478
435 1478
436 1478
437 1478
438 1478
439 1478
440 1478
441 1478
442 1478
443 1478
444 1478
445 1478
446 1477
447 1477
448 1477
449 1477
450 1476
451 1476
452 1476
453 1476
454 1476
455 1476
456 1476
457 1476
458 1476
459 1476
460 1476
461 1476
462 1476
463 1476
464 1476
465 1476
466 1476
467 1476
468 1476
469 1476
470 1476
471 1476
472 1476
473 1476
474 1477
475 1477
476 1477
477 1477
478 1478
479 1478
480 1478
481 1478
482 1478
483 1478
484 1478
485 1478
486 1478
487 1478
488 1478
489 1478
490 1479
491 1479
492 1479
493 1479
494 1480
495 1480
496 1480
497 1480
498 1480
499 1480
500 1480
501 1480
502 1480
503 1480
504 1480
505 1480
506 1481
507 1481
508 1481
509 1481
510 1482
511 1482
512 1482
513 1482
514 1482
515 1482
516 1482
517 1482
518 1482
519 1482
520 1482
521 1482
522 1482
523 1482
524 1482
525 1482
526 1483
527 1483
528 1483
529 1483
530 1484
531 1484
532 1484
533 1484
534 1484
535 1484
536 1484
537 1484
538 1484
539 1484
540 1484
541 1484
542 1485
543 1485
544 1485
545 1485
546 1486
547 1486
548 1486
549 1486
550 1486
551 1486
552 1486
553 1486
554 1486
555 1486
556 1486
557 1486
558 1486
559 1486
560 1486
561 1486
562 1486
563 1486
564 1486
565 1486
566 1486
567 1486
568 1486
569 1486
570 1486
571 1486
572 1486
573 1486
574 1486
575 1486
576 1486
577 1486
578 1486
579 1486
580 1486
581 1486
582 1486
583 1486
584 1486
585 1486
586 1486
587 1486
588 1486
589 1486
590 1486
591 1486
592 1486
593 1486
594 1486
595 1486
596 1486
597 1486
598 1486
599 1486
600 1486
601 1486
602 1486
603 1486
604 1486
605 1486
606 1486
607 1486
608 1486
609 1486
610 1486
611 1486
612 1486
613 1486
614 1486
615 1486
616 1486
617 1486
618 1486
619 1486
620 1486
621 1486
622 1486
623 1486
624 1486
625 1486
626 1486
627 1486
628 1486
629 1486
630 1486
631 1486
632 1486
633 1486
634 1486
635 1486
636 1486
637 1486
638 1486
639 1486
640 1485
641 1485
642 1485
643 1485
644 1484
645 1484
646 1484
647 1484
648 1484
649 1484
650 1484
651 1484
652 1484
653 1484
654 1484
655 1484
656 1484
657 1484
658 1483
659 1483
660 1483
661 1483
662 1482
663 1482
664 1482
665 1482
666 1482
667 1482
668 1482
669 1482
670 1482
671 1482
672 1482
673 1482
674 1482
675 1482
676 1482
677 1482
678 1482
679 1482
680 1481
681 1481
682 1481
683 1481
684 1480
685 1480
686 1480
687 1480
688 1480
689 1480
690 1480
691 1480
692 1479
693 1479
694 1479
695 1479
696 1478
697 1477
698 1477
699 1477
700 1476
701 1475
702 1475
703 1475
704 1474
705 1473
706 1473
707 1473
708 1472
709 1471
710 1471
711 1471
712 1470
713 1469
714 1469
715 1469
716 1468
717 1467
718 1467
719 1467
720 1466
721 1465
722 1464
723 1463
724 1463
724 1462
725 1461
726 1461
727 1460
728 1459
729 1459
730 1458
731 1457
732 1456
733 1455
734 1455
734 1454
735 1453
736 1453
736 1452
737 1451
738 1451
738 1450
739 1449
740 1449
740 1448
741 1447
742 1447
742 1446
743 1445
744 1444
744 1443
745 1442
745 1441
746 1440
746 1439
746 1438
747 1437
748 1436
748 1435
749 1434
749 1433
750 1432
751 1431
752 1430
752 1429
752 1428
752 1427
753 1426
753 1425
754 1424
754 1423
754 1422
754 1421
755 1420
755 1419
756 1418
756 1417
756 1416
756 1415
757 1414
757 1413
757 1412
757 1411
757 1410
757 1409
757 1408
757 1407
757 1406
757 1405
757 1404
757 1403
757 1402
757 1401
757 1400
757 1399
757 1398
757 1397
757 1396
757 1395
757 1394
757 1393
757 1392
757 1391
757 1390
757 1389
757 1388
757 1387
757 1386
757 1385
757 1384
757 1383
757 1382
757 1381
757 1380
757 1379
757 1378
757 1377
757 1376
757 1375
757 1374
757 1373
757 1372
757 1371
757 1370
757 1369
756 1368
756 1367
755 1366
755 1365
754 1364
754 1363
753 1362
753 1361
753 1360
753 1359
753 1358
753 1357
753 1356
753 1355
753 1354
753 1353
752 1352
752 1351
751 1350
750 1349
750 1348
749 1348
748 1347
748 1346
747 1345
746 1344
746 1343
745 1342
744 1341
743 1340
742 1339
742 1338
741 1338
740 1337
739 1336
738 1335
737 1334
736 1334
735 1334
734 1333
733 1332
732 1332
731 1332
730 1332
729 1331
728 1331
727 1331
726 1331
725 1330
724 1330
723 1330
722 1330
721 1329
720 1329
719 1329
718 1329
717 1329
716 1329
715 1329
714 1329
713 1329
712 1329
711 1329
710 1329
709 1329
708 1329
707 1329
706 1329
705 1329
704 1329
703 1329
702 1329
701 1329
700 1329
699 1329
698 1329
697 1329
696 1329
695 1329
694 1329
693 1329
692 1329
691 1329
690 1329
689 1329
688 1329
687 1329
686 1329
685 1329
684 1329
683 1329
682 1329
681 1328
680 1328
679 1328
678 1328
677 1327
676 1327
675 1327
674 1327
673 1327
672 1327
671 1327
670 1327
669 1327
668 1327
667 1327
666 1327
665 1327
664 1327
663 1327
662 1327
661 1326
660 1326
659 1326
658 1326
657 1325
656 1325
655 1325
654 1325
653 1325
652 1325
651 1325
650 1325
649 1324
648 1324
647 1324
646 1324
645 1323
644 1323
643 1323
642 1323
641 1323
640 1323
639 1323
638 1323
637 1323
636 1323
635 1323
634 1323
633 1323
632 1323
631 1323
630 1323
629 1322
628 1322
627 1322
626 1322
625 1321
624 1321
623 1321
622 1321
621 1321
620 1321
619 1321
618 1321
617 1321
616 1321
615 1321
614 1321
613 1321
612 1321
611 1321
610 1321
609 1321
608 1321
607 1320
606 1320
605 1320
604 1320
603 1319
602 1319
601 1319
600 1319
599 1319
598 1319
597 1319
596 1319
595 1319
594 1319
593 1319
592 1319
591 1319
590 1319
589 1319
588 1319
587 1320
586 1320
585 1320
584 1320
583 1321
582 1321
581 1321
580 1321
579 1320
578 1320
577 1320
576 1320
575 1319
574 1319
573 1319
572 1319
571 1319
570 1319
569 1319
568 1319
567 1319
566 1319
565 1319
564 1319
563 1319
562 1319
561 1319
560 1319
559 1319
558 1319
557 1319
556 1319
555 1319
554 1319
553 1319
552 1319
551 1319
550 1319
549 1319
548 1319
547 1319
546 1319
545 1319
544 1319
543 1319
542 1319
