983 4841
982 4842
981 4842
980 4842
979 4842
978 4843
977 4843
976 4843
975 4843
974 4843
973 4843
972 4843
971 4843
970 4844
969 4844
968 4844
967 4844
966 4845
965 4845
964 4846
963 4846
962 4847
961 4847
960 4848
959 4848
958 4849
957 4849
956 4849
955 4849
954 4849
953 4849
952 4850
951 4850
950 4850
949 4850
948 4851
947 4852
946 4852
945 4852
944 4853
943 4854
942 4854
941 4854
940 4855
939 4856
938 4857
937 4858
936 4858
936 4859
935 4860
934 4861
934 4862
933 4863
933 4864
933 4865
933 4866
933 4867
933 4868
933 4869
933 4870
933 4871
933 4872
932 4873
932 4874
932 4875
932 4876
931 4877
931 4878
931 4879
931 4880
931 4881
931 4882
930 4883
930 4884
930 4885
930 4886
929 4887
929 4888
929 4889
929 4890
929 4891
929 4892
928 4893
928 4894
928 4895
928 4896
927 4897
927 4898
926 4899
926 4900
926 4901
926 4902
925 4903
925 4904
925 4905
925 4906
925 4907
925 4908
925 4909
925 4910
925 4911
925 4912
925 4913
925 4914
925 4915
925 4916
925 4917
925 4918
925 4919
925 4920
925 4921
925 4922
925 4923
925 4924
926 4925
926 4926
927 4927
928 4928
928 4929
929 4929
930 4930
930 4931
931 4931
932 4932
932 4933
933 4933
934 4934
934 4935
935 4935
936 4936
936 4937
937 4937
938 4938
938 4939
939 4939
940 4940
940 4941
941 4941
942 4942
943 4943
944 4943
945 4944
946 4944
947 4945
948 4945
949 4945
950 4946
951 4947
952 4947
953 4947
954 4947
955 4948
956 4948
957 4948
958 4948
959 4948
960 4948
961 4948
962 4948
963 4948
964 4948
965 4948
966 4948
967 4948
968 4948
969 4948
970 4948
971 4948
972 4948
973 4948
974 4948
975 4948
976 4948
977 4948
978 4948
979 4948
980 4948
981 4948
982 4948
983 4948
984 4948
985 4948
986 4948
987 4948
988 4948
989 4948
990 4948
991 4948
992 4948
993 4948
994 4948
995 4948
996 4948
997 4948
998 4948
999 4948
1000 4948
1001 4948
1002 4948
1003 4948
1004 4948
1005 4948
1006 4948
1007 4948
1008 4948
1009 4948
1010 4948
1011 4948
1012 4948
1013 4948
1014 4948
1015 4948
1016 4948
1017 4948
1018 4948
1019 4948
1020 4948
1021 4948
1022 4948
1023 4948
1024 4948
1025 4948
1026 4948
1027 4948
1028 4948
1029 4948
1030 4948
1031 4948
1032 4948
1033 4948
1034 4948
1035 4948
1036 4948
1037 4949
1038 4949
1039 4950
1040 4950
1041 4951
1042 4951
1043 4952
1044 4952
1045 4952
1046 4952
1047 4952
1048 4952
1049 4952
1050 4952
1051 4952
1052 4952
1053 4952
1054 4952
1055 4952
1056 4952
1057 4952
1058 4952
1059 4952
1060 4952
1061 4952
1062 4952
1063 4953
1064 4953
1065 4953
1066 4953
1067 4954
1068 4954
1069 4954
1070 4954
1071 4954
1072 4954
1073 4954
1074 4954
1075 4954
1076 4954
1077 4954
1078 4954
1079 4954
1080 4954
1081 4954
1082 4954
1083 4954
1084 4954
1085 4954
1086 4954
1087 4954
1088 4954
1089 4954
1090 4954
1091 4954
1092 4954
1093 4954
1094 4954
1095 4954
1096 4954
1097 4954
1098 4954
1099 4953
1100 4953
1101 4953
1102 4953
1103 4952
1104 4952
1105 4952
1106 4952
1107 4951
1108 4951
1109 4951
1110 4951
1111 4950
1112 4950
1113 4950
1114 4950
1115 4950
1116 4950
1117 4950
1118 4950
1119 4950
1120 4950
1121 4950
1122 4950
1123 4950
1124 4950
1125 4950
1126 4950
1127 4950
1128 4950
1129 4950
1130 4950
1131 4950
1132 4950
1133 4950
1134 4950
1135 4950
1136 4950
1137 4950
1138 4950
1139 4950
1140 4950
1141 4950
1142 4950
1143 4950
1144 4950
1145 4950
1146 4950
1147 4950
1148 4950
1149 4950
1150 4950
1151 4950
1152 4950
1153 4950
1154 4950
1155 4950
1156 4950
1157 4949
1158 4949
1159 4948
1160 4948
1161 4947
1162 4947
1163 4946
1164 4946
1165 4946
1166 4946
1167 4946
1168 4946
1169 4945
1170 4945
1171 4945
1172 4945
1173 4944
1174 4943
1175 4942
1176 4941
1177 4941
1177 4940
1178 4939
1179 4939
1179 4938
1180 4937
1181 4937
1182 4936
1183 4935
1184 4935
1185 4934
1186 4934
1187 4934
1188 4934
1189 4933
1190 4933
1191 4932
1192 4931
1193 4931
1193 4930
1194 4929
1195 4929
1195 4928
1196 4927
1197 4927
1197 4926
1198 4925
1199 4925
1199 4924
1200 4923
1201 4922
1201 4921
1202 4920
1202 4919
1202 4918
1202 4917
1202 4916
1202 4915
1202 4914
1202 4913
1202 4912
1202 4911
1202 4910
1202 4909
1202 4908
1202 4907
1202 4906
1202 4905
1201 4904
1201 4903
1200 4902
1199 4901
1199 4900
1198 4900
1197 4899
1197 4898
1196 4897
1195 4896
1195 4895
1194 4894
1193 4893
1192 4892
1191 4891
1191 4890
1190 4890
1189 4889
1189 4888
1188 4887
1187 4886
1187 4885
1186 4884
1185 4883
1185 4882
1185 4881
1184 4880
1183 4879
1183 4878
1183 4877
1182 4876
1181 4875
1181 4874
1181 4873
1180 4872
1179 4871
1178 4870
1177 4869
1176 4868
1175 4868
1174 4867
1173 4867
1172 4867
1171 4867
1170 4867
1169 4867
1168 4867
1167 4867
1166 4867
1165 4867
1164 4867
1163 4867
1162 4867
1161 4867
1160 4867
1159 4867
1158 4867
1157 4867
1156 4867
1155 4867
1154 4867
1153 4867
1152 4867
1151 4867
1150 4867
1149 4867
1148 4867
1147 4867
1146 4867
1145 4867
1144 4867
1143 4867
1142 4867
1141 4867
1140 4867
1139 4867
1138 4866
1137 4866
1136 4866
1135 4866
1134 4865
1133 4865
1132 4865
1131 4865
1130 4865
1129 4865
1128 4865
1127 4865
1126 4865
1125 4865
1124 4865
1123 4865
1122 4865
1121 4865
1120 4864
1119 4864
1118 4864
1117 4864
1116 4863
1115 4863
1114 4863
1113 4863
1112 4862
1111 4862
1110 4862
1109 4862
1108 4861
1107 4861
1106 4861
1105 4861
1104 4861
1103 4861
1102 4861
1101 4861
1100 4860
1099 4860
1098 4860
1097 4860
1096 4859
1095 4859
1094 4859
1093 4859
1092 4859
1091 4859
1090 4859
1089 4859
1088 4858
1087 4858
1086 4858
1085 4858
1084 4857
1083 4857
1082 4857
1081 4857
1080 4857
1079 4857
1078 4857
1077 4857
1076 4857
1075 4857
1074 4857
1073 4857
1072 4857
1071 4857
1070 4857
1069 4857
1068 4857
1067 4857
1066 4856
1065 4856
1064 4856
1063 4856
1062 4855
1061 4855
1060 4855
1059 4855
1058 4855
1057 4855
1056 4855
1055 4855
1054 4855
1053 4855
1052 4855
1051 4855
1050 4855
1049 4855
1048 4855
1047 4855
1046 4855
1045 4855
1044 4854
1043 4854
1042 4854
1041 4854
1040 4853
1039 4853
1038 4853
1037 4853
1036 4853
1035 4853
1034 4852
1033 4852
1032 4852
1031 4852
1030 4851
1029 4851
1028 4850
1027 4850
1026 4850
1025 4850
1024 4849
1023 4849
1022 4848
1021 4848
1020 4848
1019 4848
1018 4847
1017 4847
1016 4847
1015 4847
1014 4846
1013 4846
1012 4846
1011 4846
1010 4845
1009 4845
1008 4844
1007 4844
1006 4844
1005 4844
1004 4843
1003 4843
1002 4843
1001 4843
1000 4842
999 4842
998 4842
997 4842
996 4841
995 4841
994 4841
993 4841
992 4841
991 4841
990 4841
989 4841
988 4841
987 4841
986 4841
985 4841
984 4841
983 4841
