1277 1554
1276 1555
1275 1555
1274 1555
1273 1555
1272 1556
1271 1556
1270 1557
1269 1557
1268 1557
1267 1557
1266 1558
1265 1558
1264 1558
1263 1558
1262 1558
1261 1558
1260 1558
1259 1558
1258 1558
1257 1558
1256 1558
1255 1558
1254 1558
1253 1558
1252 1558
1251 1558
1250 1558
1249 1558
1248 1558
1247 1558
1246 1558
1245 1558
1244 1558
1243 1558
1242 1559
1241 1559
1240 1559
1239 1559
1238 1560
1237 1560
1236 1560
1235 1560
1234 1560
1233 1560
1232 1560
1231 1560
1230 1560
1229 1560
1228 1561
1227 1561
1226 1561
1225 1561
1224 1562
1223 1562
1222 1562
1221 1562
1220 1562
1219 1562
1218 1562
1217 1562
1216 1562
1215 1562
1214 1562
1213 1562
1212 1562
1211 1562
1210 1562
1209 1562
1208 1562
1207 1562
1206 1562
1205 1562
1204 1562
1203 1562
1202 1562
1201 1562
1200 1562
1199 1562
1198 1562
1197 1562
1196 1562
1195 1562
1194 1562
1193 1562
1192 1563
1191 1563
1190 1563
1189 1563
1188 1564
1187 1564
1186 1564
1185 1564
1184 1564
1183 1564
1182 1565
1181 1565
1180 1565
1179 1565
1178 1566
1177 1566
1176 1566
1175 1566
1174 1566
1173 1566
1172 1566
1171 1566
1170 1566
1169 1566
1168 1567
1167 1567
1166 1567
1165 1567
1164 1568
1163 1568
1162 1568
1161 1568
1160 1568
1159 1568
1158 1568
1157 1568
1156 1568
1155 1568
1154 1569
1153 1569
1152 1569
1151 1569
1150 1570
1149 1570
1148 1570
1147 1570
1146 1570
1145 1570
1144 1570
1143 1570
1142 1570
1141 1570
1140 1570
1139 1570
1138 1571
1137 1571
1136 1571
1135 1571
1134 1572
1133 1572
1132 1572
1131 1572
1130 1572
1129 1572
1128 1572
1127 1572
1126 1572
1125 1572
1124 1572
1123 1572
1122 1572
1121 1572
1120 1573
1119 1573
1118 1573
1117 1573
1116 1574
1115 1574
1114 1574
1113 1574
1112 1574
1111 1574
1110 1574
1109 1574
1108 1574
1107 1574
1106 1575
1105 1575
1104 1575
1103 1575
1102 1576
1101 1576
1100 1576
1099 1576
1098 1576
1097 1576
1096 1576
1095 1576
1094 1576
1093 1576
1092 1576
1091 1576
1090 1576
1089 1576
1088 1577
1087 1577
1086 1577
1085 1577
1084 1578
1083 1578
1082 1578
1081 1578
1080 1578
1079 1578
1078 1578
1077 1578
1076 1578
1075 1578
1074 1578
1073 1578
1072 1578
1071 1578
1070 1579
1069 1579
1068 1579
1067 1579
1066 1580
1065 1580
1064 1581
1063 1581
1062 1582
1061 1583
1060 1583
1060 1584
1059 1585
1058 1585
1058 1586
1057 1587
1056 1587
1056 1588
1055 1589
1054 1590
1054 1591
1053 1592
1053 1593
1052 1594
1052 1595
1051 1596
1050 1597
1049 1597
1048 1598
1047 1599
1046 1600
1045 1601
1044 1602
1043 1603
1042 1604
1042 1605
1041 1606
1041 1607
1040 1608
1040 1609
1039 1610
1039 1611
1039 1612
1039 1613
1038 1614
1038 1615
1037 1616
1036 1617
1036 1618
1035 1619
1034 1619
1034 1620
1033 1621
1032 1621
1032 1622
1031 1623
1030 1623
1030 1624
1029 1625
1028 1626
1028 1627
1027 1628
1027 1629
1026 1630
1026 1631
1025 1632
1025 1633
1024 1634
1023 1635
1022 1636
1022 1637
1021 1638
1020 1639
1020 1640
1019 1641
1018 1641
1018 1642
1017 1643
1016 1643
1016 1644
1015 1645
1014 1645
1014 1646
1013 1647
1012 1647
1012 1648
1011 1649
1010 1649
1010 1650
1009 1651
1008 1651
1008 1652
1007 1653
1006 1653
1006 1654
1005 1655
1004 1655
1003 1656
1002 1657
1001 1657
1000 1658
999 1659
998 1659
997 1659
996 1660
995 1661
994 1662
993 1663
992 1663
992 1664
991 1665
990 1666
989 1667
988 1668
988 1669
987 1670
986 1671
986 1672
985 1673
984 1673
984 1674
983 1675
982 1675
982 1676
981 1677
980 1678
980 1679
979 1680
979 1681
978 1682
978 1683
978 1684
978 1685
977 1686
977 1687
977 1688
977 1689
977 1690
977 1691
977 1692
977 1693
977 1694
977 1695
977 1696
977 1697
977 1698
977 1699
977 1700
977 1701
977 1702
977 1703
977 1704
977 1705
977 1706
977 1707
977 1708
977 1709
976 1710
976 1711
976 1712
976 1713
975 1714
975 1715
974 1716
974 1717
974 1718
974 1719
973 1720
973 1721
972 1722
972 1723
972 1724
972 1725
971 1726
971 1727
971 1728
971 1729
971 1730
971 1731
971 1732
971 1733
972 1734
972 1735
973 1736
974 1737
975 1738
976 1738
977 1738
978 1739
979 1740
980 1740
981 1740
982 1741
983 1742
984 1742
985 1742
986 1742
987 1743
988 1743
989 1743
990 1743
991 1743
992 1743
993 1743
994 1743
995 1743
996 1743
997 1743
998 1743
999 1743
1000 1743
1001 1743
1002 1743
1003 1743
1004 1743
1005 1743
1006 1743
1007 1743
1008 1743
1009 1743
1010 1743
1011 1743
1012 1743
1013 1744
1014 1744
1015 1745
1016 1746
1017 1746
1018 1747
1018 1748
1019 1748
1020 1749
1021 1750
1022 1750
1023 1751
1024 1751
1025 1751
1026 1751
1027 1751
1028 1751
1029 1751
1030 1751
1031 1752
1032 1752
1033 1752
1034 1752
1035 1753
1036 1753
1037 1753
1038 1753
1039 1753
1040 1753
1041 1754
1042 1754
1043 1754
1044 1754
1045 1755
1046 1755
1047 1755
1048 1755
1049 1755
1050 1755
1051 1755
1052 1755
1053 1755
1054 1755
1055 1755
1056 1755
1057 1756
1058 1756
1059 1756
1060 1756
1061 1757
1062 1757
1063 1757
1064 1757
1065 1757
1066 1757
1067 1757
1068 1757
1069 1757
1070 1757
1071 1757
1072 1757
1073 1757
1074 1757
1075 1757
1076 1757
1077 1757
1078 1757
1079 1757
1080 1757
1081 1757
1082 1757
1083 1758
1084 1758
1085 1758
1086 1759
1087 1760
1088 1760
1089 1761
1090 1761
1091 1762
1092 1762
1093 1763
1094 1763
1095 1763
1096 1763
1097 1764
1098 1764
1099 1764
1100 1764
1101 1765
1102 1765
1103 1765
1104 1765
1105 1765
1106 1765
1107 1765
1108 1765
1109 1765
1110 1765
1111 1766
1112 1766
1113 1767
1114 1767
1115 1768
1116 1768
1117 1769
1118 1769
1119 1769
1120 1769
1121 1769
1122 1769
1123 1770
1124 1770
1125 1770
1126 1770
1127 1771
1128 1771
1129 1771
1130 1771
1131 1771
1132 1771
1133 1772
1134 1772
1135 1772
1136 1773
1137 1774
1138 1774
1139 1775
1140 1775
1141 1776
1142 1777
1143 1778
1144 1778
1145 1778
1146 1778
1147 1779
1148 1779
1149 1780
1150 1780
1151 1781
1152 1781
1153 1782
1154 1782
1155 1783
1156 1783
1157 1783
1158 1783
1159 1784
1160 1784
1161 1784
1162 1785
1163 1786
1164 1786
1165 1786
1166 1787
1167 1788
1168 1788
1169 1788
1170 1789
1171 1790
1172 1790
1173 1790
1174 1790
1175 1791
1176 1791
1177 1792
1178 1792
1179 1792
1180 1792
1181 1793
1182 1793
1183 1793
1184 1793
1185 1794
1186 1794
1187 1794
1188 1794
1189 1795
1190 1795
1191 1795
1192 1795
1193 1796
1194 1796
1195 1796
1196 1796
1197 1797
1198 1797
1199 1797
1200 1797
1201 1798
1202 1798
1203 1798
1204 1798
1205 1799
1206 1799
1207 1799
1208 1799
1209 1799
1210 1799
1211 1799
1212 1799
1213 1799
1214 1799
1215 1800
1216 1800
1217 1800
1218 1800
1219 1801
1220 1801
1221 1800
1222 1800
1223 1800
1224 1800
1225 1799
1226 1799
1227 1799
1228 1799
1229 1799
1230 1799
1231 1800
1232 1800
1233 1800
1234 1800
1235 1801
1236 1801
1237 1801
1238 1801
1239 1801
1240 1801
1241 1802
1242 1802
1243 1802
1244 1802
1245 1803
1246 1803
1247 1803
1248 1803
1249 1803
1250 1803
1251 1803
1252 1803
1253 1803
1254 1803
1255 1803
1256 1803
1257 1803
1258 1803
1259 1803
1260 1803
1261 1802
1262 1802
1263 1802
1264 1802
1265 1801
1266 1801
1267 1801
1268 1801
1269 1801
1270 1801
1271 1801
1272 1801
1273 1801
1274 1801
1275 1801
1276 1801
1277 1801
1278 1801
1279 1801
1280 1801
1281 1801
1282 1801
1283 1801
1284 1801
1285 1801
1286 1801
1287 1801
1288 1801
1289 1801
1290 1801
1291 1801
1292 1801
1293 1800
1294 1800
1295 1800
1296 1800
1297 1799
1298 1799
1299 1799
1300 1799
1301 1799
1302 1799
1303 1798
1304 1798
1305 1798
1306 1798
1307 1797
1308 1797
1309 1797
1310 1797
1311 1796
1312 1796
1313 1796
1314 1796
1315 1795
1316 1795
1317 1795
1318 1795
1319 1795
1320 1795
1321 1795
1322 1795
1323 1795
1324 1795
1325 1795
1326 1795
1327 1795
1328 1795
1329 1795
1330 1795
1331 1794
1332 1794
1333 1794
1334 1794
1335 1793
1336 1793
1337 1792
1338 1792
1339 1792
1340 1792
1341 1791
1342 1791
1343 1790
1344 1790
1345 1789
1346 1789
1347 1788
1348 1788
1349 1787
1350 1787
1351 1787
1352 1787
1353 1786
1354 1786
1355 1786
1356 1786
1357 1785
1358 1785
1359 1785
1360 1785
1361 1785
1362 1785
1363 1785
1364 1785
1365 1785
1366 1785
1367 1784
1368 1784
1369 1784
1370 1784
1371 1783
1372 1783
1373 1782
1374 1782
1375 1781
1376 1781
1377 1780
1378 1780
1379 1779
1380 1779
1381 1779
1382 1779
1383 1778
1384 1778
1385 1778
1386 1778
1387 1777
1388 1777
1389 1776
1390 1776
1391 1776
1392 1776
1393 1775
1394 1774
1395 1774
1396 1774
1397 1773
1398 1773
1399 1773
1400 1773
1401 1772
1402 1772
1403 1772
1404 1772
1405 1771
1406 1770
1407 1770
1408 1770
1409 1769
1410 1768
1411 1767
1412 1766
1413 1766
1413 1765
1414 1764
1415 1763
1416 1762
1417 1761
1417 1760
1417 1759
1418 1758
1419 1757
1419 1756
1420 1755
1421 1754
1421 1753
1422 1752
1423 1752
1424 1751
1425 1750
1426 1750
1427 1749
1428 1748
1429 1747
1430 1746
1431 1746
1431 1745
1432 1744
1433 1744
1433 1743
1434 1742
1435 1742
1435 1741
1436 1740
1437 1739
1437 1738
1438 1737
1438 1736
1438 1735
1438 1734
1439 1733
1439 1732
1439 1731
1439 1730
1440 1729
1440 1728
1440 1727
1440 1726
1440 1725
1440 1724
1440 1723
1440 1722
1440 1721
1440 1720
1441 1719
1441 1718
1441 1717
1441 1716
1442 1715
1442 1714
1442 1713
1442 1712
1442 1711
1442 1710
1443 1709
1443 1708
1443 1707
1443 1706
1444 1705
1444 1704
1445 1703
1445 1702
1445 1701
1445 1700
1446 1699
1446 1698
1446 1697
1446 1696
1447 1695
1447 1694
1447 1693
1447 1692
1448 1691
1448 1690
1449 1689
1449 1688
1449 1687
1449 1686
1450 1685
1450 1684
1450 1683
1450 1682
1450 1681
1450 1680
1450 1679
1450 1678
1451 1677
1451 1676
1451 1675
1451 1674
1452 1673
1452 1672
1453 1671
1453 1670
1453 1669
1453 1668
1454 1667
1454 1666
1454 1665
1454 1664
1455 1663
1455 1662
1455 1661
1455 1660
1456 1659
1456 1658
1457 1657
1457 1656
1457 1655
1457 1654
1458 1653
1458 1652
1458 1651
1458 1650
1458 1649
1458 1648
1459 1647
1459 1646
1459 1645
1459 1644
1460 1643
1460 1642
1460 1641
1460 1640
1460 1639
1460 1638
1460 1637
1460 1636
1460 1635
1460 1634
1460 1633
1460 1632
1459 1631
1459 1630
1459 1629
1459 1628
1458 1627
1457 1626
1457 1625
1457 1624
1456 1623
1455 1622
1454 1621
1453 1620
1453 1619
1452 1619
1451 1618
1451 1617
1450 1617
1449 1616
1449 1615
1448 1615
1447 1614
1447 1613
1446 1613
1445 1612
1445 1611
1444 1611
1443 1610
1443 1609
1442 1609
1441 1608
1441 1607
1440 1607
1439 1606
1439 1605
1438 1605
1437 1604
1437 1603
1436 1603
1435 1602
1435 1601
1434 1600
1433 1599
1433 1598
1432 1597
1431 1596
1431 1595
1431 1594
1430 1593
1429 1592
1429 1591
1429 1590
1428 1589
1428 1588
1427 1587
1427 1586
1426 1585
1425 1584
1425 1583
1424 1582
1423 1581
1423 1580
1422 1579
1421 1578
1420 1577
1419 1576
1419 1575
1418 1575
1417 1574
1417 1573
1416 1573
1415 1572
1414 1571
1413 1570
1412 1569
1411 1569
1410 1569
1409 1569
1408 1568
1407 1568
1406 1567
1405 1567
1404 1567
1403 1567
1402 1566
1401 1566
1400 1566
1399 1566
1398 1565
1397 1565
1396 1565
1395 1565
1394 1564
1393 1564
1392 1564
1391 1564
1390 1563
1389 1563
1388 1563
1387 1563
1386 1562
1385 1562
1384 1562
1383 1562
1382 1562
1381 1562
1380 1561
1379 1561
1378 1561
1377 1561
1376 1560
1375 1560
1374 1560
1373 1560
1372 1559
1371 1559
1370 1559
1369 1559
1368 1558
1367 1558
1366 1557
1365 1557
1364 1557
1363 1557
1362 1556
1361 1556
1360 1556
1359 1556
1358 1555
1357 1555
1356 1555
1355 1555
1354 1554
1353 1554
1352 1554
1351 1554
1350 1554
1349 1554
1348 1554
1347 1554
1346 1554
1345 1554
1344 1554
1343 1554
1342 1554
1341 1554
1340 1554
1339 1554
1338 1554
1337 1554
1336 1554
1335 1554
1334 1554
1333 1554
1332 1554
1331 1554
1330 1554
1329 1554
1328 1554
1327 1554
1326 1554
1325 1554
1324 1555
1323 1555
1322 1555
1321 1555
1320 1556
1319 1556
1318 1556
1317 1556
1316 1556
1315 1556
1314 1556
1313 1556
1312 1556
1311 1556
1310 1556
1309 1556
1308 1556
1307 1556
1306 1556
1305 1556
1304 1556
1303 1556
1302 1556
1301 1556
1300 1556
1299 1556
1298 1556
1297 1556
1296 1555
1295 1555
1294 1555
1293 1555
1292 1554
1291 1554
1290 1554
1289 1554
1288 1554
1287 1554
1286 1554
1285 1554
1284 1554
1283 1554
1282 1554
1281 1554
1280 1554
1279 1554
1278 1554
1277 1554
