303 217
302 218
301 218
300 218
299 218
298 219
297 219
296 220
295 220
294 221
293 221
292 222
291 222
290 223
289 224
288 225
287 226
286 226
286 227
285 228
284 228
283 229
282 230
281 230
280 231
279 232
278 233
277 233
276 234
275 234
274 235
273 235
272 236
271 236
270 237
269 237
268 238
267 238
266 239
265 240
264 240
263 240
262 241
261 241
260 242
259 242
258 243
257 244
256 244
256 245
255 246
254 247
254 248
253 249
253 250
253 251
253 252
253 253
253 254
253 255
253 256
253 257
253 258
253 259
253 260
253 261
253 262
252 263
252 264
251 265
251 266
250 267
250 268
249 269
249 270
249 271
249 272
248 273
248 274
248 275
247 276
246 277
246 278
246 279
246 280
245 281
245 282
245 283
245 284
245 285
245 286
245 287
245 288
245 289
245 290
245 291
245 292
245 293
245 294
245 295
245 296
245 297
245 298
245 299
245 300
245 301
245 302
245 303
245 304
245 305
245 306
246 307
246 308
246 309
246 310
247 311
247 312
248 313
248 314
248 315
248 316
249 317
249 318
249 319
249 320
249 321
249 322
249 323
249 324
249 325
249 326
249 327
249 328
249 329
249 330
249 331
249 332
250 333
250 334
250 335
250 336
251 337
251 338
252 339
252 340
252 341
252 342
253 343
253 344
254 345
254 346
254 347
254 348
255 349
255 350
255 351
255 352
256 353
256 354
256 355
256 356
257 357
257 358
257 359
257 360
257 361
257 362
257 363
257 364
257 365
257 366
258 367
258 368
258 369
258 370
259 371
259 372
260 373
260 374
261 375
261 376
262 377
262 378
263 379
264 380
264 381
264 382
265 383
266 384
267 385
268 385
269 386
270 386
271 387
272 387
273 387
274 387
275 388
276 388
277 389
278 389
279 390
280 390
281 391
282 391
283 392
284 392
285 392
286 392
287 392
288 392
289 391
290 391
291 391
292 391
293 391
294 391
295 392
296 392
297 393
298 393
299 394
300 394
301 394
302 394
303 394
304 394
305 394
306 394
307 393
308 393
309 393
310 393
311 393
312 393
313 394
314 394
315 395
316 396
317 397
318 397
319 397
320 397
321 398
322 398
323 398
324 398
325 398
326 398
327 398
328 398
329 398
330 398
331 398
332 398
333 398
334 398
335 397
336 397
337 397
338 397
339 396
340 396
341 396
342 396
343 395
344 395
345 395
346 395
347 394
348 394
349 394
350 394
351 394
352 394
353 394
354 394
355 395
356 395
357 395
358 396
359 397
360 397
361 397
362 397
363 398
364 398
365 398
366 398
367 398
368 398
369 398
370 398
371 397
372 397
373 397
374 397
375 397
376 397
377 397
378 398
379 399
380 399
381 399
382 399
383 400
384 400
385 400
386 400
387 400
388 400
389 401
390 401
391 401
392 402
393 403
394 403
395 403
396 403
397 404
398 404
399 403
400 403
401 403
402 403
403 402
404 402
405 402
406 402
407 402
408 402
409 403
410 403
411 403
412 403
413 404
414 404
415 403
416 403
417 403
418 403
419 402
420 402
421 402
422 402
423 402
424 402
425 403
426 403
427 403
428 403
429 404
430 404
431 404
432 404
433 404
434 404
435 404
436 404
437 405
438 405
439 405
440 406
441 407
442 407
443 407
444 407
445 408
446 408
447 408
448 408
449 408
450 408
451 408
452 408
453 408
454 408
455 408
456 408
457 408
458 408
459 408
460 408
461 408
462 408
463 408
464 408
465 407
466 407
467 406
468 406
469 405
470 405
471 404
472 403
473 402
474 402
475 401
476 401
477 400
478 400
479 400
480 400
481 400
482 400
483 399
484 399
485 399
486 399
487 398
488 398
489 398
490 398
491 398
492 398
493 398
494 398
495 398
496 398
497 397
498 397
499 397
500 397
501 396
502 395
503 395
504 395
505 394
506 394
507 394
508 394
509 393
510 393
511 393
512 393
513 392
514 392
515 392
516 392
517 391
518 391
519 391
520 391
521 390
522 390
523 390
524 390
525 390
526 390
527 390
528 390
529 390
530 390
531 389
532 389
533 388
534 387
535 387
535 386
536 385
537 384
538 383
539 382
539 381
540 380
541 379
541 378
542 377
543 377
543 376
544 375
545 375
545 374
546 373
547 373
548 372
549 371
550 371
551 370
552 369
553 368
554 367
555 366
555 365
556 364
556 363
557 362
557 361
558 360
558 359
558 358
558 357
559 356
559 355
559 354
559 353
560 352
560 351
560 350
560 349
561 348
561 347
562 346
563 345
563 344
564 343
565 342
565 341
566 340
566 339
566 338
566 337
566 336
566 335
567 334
567 333
567 332
567 331
568 330
568 329
569 328
569 327
569 326
569 325
570 324
570 323
570 322
570 321
570 320
570 319
570 318
570 317
570 316
570 315
570 314
570 313
570 312
570 311
570 310
570 309
570 308
570 307
570 306
570 305
569 304
569 303
568 302
567 301
567 300
566 300
565 299
564 298
563 298
562 297
561 297
560 296
559 296
558 296
557 295
556 294
555 294
554 293
553 292
552 292
551 291
550 290
549 290
548 289
547 289
546 289
545 289
544 288
543 288
542 288
541 287
540 286
539 286
538 285
537 285
536 284
535 283
534 282
533 282
532 281
531 280
530 280
529 279
529 278
528 278
527 277
527 276
526 276
525 275
524 274
523 274
522 273
521 273
520 272
519 272
518 271
517 270
516 269
515 268
515 267
514 266
514 265
513 264
513 263
512 262
511 261
511 260
510 260
509 259
509 258
508 258
507 257
507 256
506 256
505 255
505 254
504 254
503 253
502 252
501 252
500 251
499 251
498 250
497 250
496 249
495 248
494 248
493 247
493 246
492 246
491 245
491 244
490 244
489 243
489 242
488 242
487 241
487 240
486 240
485 239
485 238
484 238
483 237
483 236
482 236
481 235
480 234
479 233
478 232
477 232
476 232
475 232
474 231
473 231
472 231
471 231
470 231
469 231
468 231
467 231
466 231
465 231
464 231
463 231
462 231
461 231
460 231
459 231
458 231
457 231
456 231
455 231
454 231
453 231
452 231
451 231
450 231
449 231
448 231
447 231
446 231
445 231
444 231
443 231
442 231
441 231
440 231
439 231
438 231
437 231
436 231
435 231
434 231
433 231
432 230
431 230
430 230
429 230
428 229
427 229
426 229
425 229
424 229
423 229
422 229
421 229
420 229
419 229
418 229
417 229
416 229
415 229
414 229
413 229
412 229
411 229
410 228
409 228
408 228
407 228
406 227
405 227
404 227
403 227
402 227
401 227
400 227
399 227
398 227
397 227
396 227
395 227
394 228
393 228
392 228
391 228
390 229
389 229
388 229
387 229
386 229
385 229
384 229
383 229
382 229
381 229
380 229
379 229
378 230
377 230
376 230
375 230
374 231
373 231
372 231
371 231
370 231
369 231
368 231
367 231
366 231
365 231
364 231
363 231
362 231
361 231
360 231
359 231
358 231
357 231
356 231
355 231
354 232
353 232
352 232
351 232
350 233
349 233
348 233
347 233
346 234
345 234
344 234
343 234
342 235
341 235
340 235
339 235
338 235
337 235
336 235
335 235
334 234
333 234
332 233
331 232
330 232
329 231
329 230
328 230
327 229
327 228
326 228
325 227
324 226
323 226
322 225
321 225
320 224
319 224
318 223
317 222
316 222
315 221
314 220
313 220
312 219
311 219
310 218
309 218
308 218
307 218
306 217
305 217
304 217
303 217
