167 4802
166 4803
165 4803
164 4803
163 4803
162 4804
161 4805
160 4805
159 4805
158 4806
157 4806
156 4807
155 4807
154 4808
153 4808
152 4809
151 4809
150 4810
149 4811
148 4812
147 4813
146 4813
145 4814
144 4815
143 4815
142 4816
141 4816
140 4817
139 4817
138 4817
137 4817
136 4818
135 4819
134 4820
133 4820
132 4821
131 4821
130 4822
129 4822
128 4822
127 4822
126 4823
125 4823
124 4823
123 4823
122 4824
121 4824
120 4825
119 4825
118 4825
117 4825
116 4826
115 4826
114 4826
113 4826
112 4827
111 4827
110 4827
109 4827
108 4828
107 4829
106 4829
105 4829
104 4830
103 4831
102 4832
101 4833
100 4833
100 4834
99 4835
98 4836
97 4837
96 4838
96 4839
95 4840
94 4841
94 4842
93 4843
92 4843
91 4844
90 4845
89 4845
88 4846
87 4847
86 4848
85 4848
84 4849
83 4850
82 4851
81 4852
81 4853
81 4854
81 4855
81 4856
81 4857
81 4858
81 4859
81 4860
81 4861
81 4862
81 4863
81 4864
81 4865
82 4866
82 4867
82 4868
82 4869
83 4870
83 4871
83 4872
83 4873
84 4874
84 4875
84 4876
84 4877
85 4878
85 4879
86 4880
86 4881
86 4882
86 4883
87 4884
87 4885
88 4886
88 4887
88 4888
88 4889
89 4890
90 4891
91 4892
92 4893
92 4894
93 4894
94 4895
94 4896
95 4896
96 4897
97 4898
98 4898
99 4899
100 4899
101 4899
102 4899
103 4900
104 4900
105 4900
106 4900
107 4901
108 4901
109 4901
110 4901
111 4901
112 4901
113 4901
114 4901
115 4901
116 4901
117 4901
118 4901
119 4901
120 4901
121 4901
122 4901
123 4901
124 4901
125 4901
126 4901
127 4901
128 4901
129 4901
130 4901
131 4901
132 4901
133 4901
134 4901
135 4901
136 4901
137 4900
138 4900
139 4900
140 4900
141 4899
142 4899
143 4899
144 4899
145 4899
146 4899
147 4899
148 4899
149 4899
150 4899
151 4899
152 4899
153 4899
154 4899
155 4899
156 4899
157 4899
158 4899
159 4900
160 4900
161 4900
162 4900
163 4901
164 4901
165 4901
166 4901
167 4901
168 4901
169 4901
170 4901
171 4901
172 4901
173 4901
174 4901
175 4901
176 4901
177 4901
178 4901
179 4901
180 4901
181 4901
182 4901
183 4901
184 4901
185 4901
186 4901
187 4901
188 4901
189 4901
190 4901
191 4902
192 4902
193 4902
194 4902
195 4903
196 4903
197 4903
198 4903
199 4904
200 4904
201 4904
202 4904
203 4905
204 4905
205 4905
206 4905
207 4905
208 4905
209 4905
210 4905
211 4905
212 4905
213 4906
214 4906
215 4907
216 4907
217 4908
218 4908
219 4909
220 4909
221 4909
222 4909
223 4909
224 4909
225 4909
226 4909
227 4910
228 4910
229 4910
230 4910
231 4911
232 4911
233 4911
234 4911
235 4911
236 4911
237 4911
238 4911
239 4911
240 4911
241 4911
242 4911
243 4911
244 4911
245 4911
246 4911
247 4911
248 4911
249 4911
250 4911
251 4911
252 4911
253 4911
254 4911
255 4911
256 4911
257 4911
258 4911
259 4911
260 4911
261 4911
262 4911
263 4911
264 4911
265 4911
266 4911
267 4911
268 4911
269 4911
270 4911
271 4912
272 4912
273 4912
274 4912
275 4913
276 4913
277 4913
278 4913
279 4913
280 4913
281 4913
282 4913
283 4913
284 4913
285 4913
286 4913
287 4913
288 4913
289 4913
290 4913
291 4913
292 4913
293 4913
294 4913
295 4913
296 4913
297 4913
298 4913
299 4913
300 4913
301 4913
302 4913
303 4913
304 4913
305 4913
306 4913
307 4913
308 4913
309 4913
310 4913
311 4913
312 4913
313 4913
314 4913
315 4912
316 4912
317 4912
318 4912
319 4911
320 4911
321 4910
322 4910
323 4910
324 4910
325 4909
326 4908
327 4908
328 4908
329 4907
330 4906
331 4906
332 4906
333 4905
334 4905
335 4905
336 4905
337 4904
338 4904
339 4904
340 4904
341 4903
342 4902
343 4901
344 4900
345 4899
345 4898
346 4897
346 4896
347 4895
347 4894
348 4893
349 4892
349 4891
350 4890
351 4890
352 4889
353 4888
354 4888
355 4887
356 4886
357 4885
358 4884
359 4883
359 4882
360 4881
360 4880
360 4879
360 4878
360 4877
360 4876
360 4875
360 4874
360 4873
360 4872
360 4871
360 4870
360 4869
360 4868
360 4867
360 4866
360 4865
360 4864
360 4863
360 4862
360 4861
360 4860
361 4859
361 4858
361 4857
361 4856
362 4855
362 4854
362 4853
362 4852
362 4851
362 4850
362 4849
362 4848
362 4847
362 4846
362 4845
362 4844
362 4843
362 4842
362 4841
362 4840
361 4839
361 4838
361 4837
361 4836
360 4835
360 4834
359 4833
359 4832
358 4831
357 4830
356 4829
355 4828
354 4827
353 4827
352 4826
351 4826
350 4825
349 4824
348 4823
347 4823
346 4822
345 4821
344 4821
343 4820
342 4819
341 4819
340 4818
339 4818
338 4818
337 4818
336 4818
335 4818
334 4818
333 4818
332 4818
331 4818
330 4817
329 4817
328 4816
327 4815
327 4814
326 4813
326 4812
326 4811
326 4810
325 4809
325 4808
324 4807
323 4806
323 4805
322 4805
321 4804
320 4803
319 4803
318 4802
317 4802
316 4802
315 4802
314 4802
313 4802
312 4802
311 4802
310 4803
309 4803
308 4803
307 4803
306 4804
305 4804
304 4804
303 4804
302 4804
301 4804
300 4804
299 4804
298 4804
297 4804
296 4804
295 4804
294 4804
293 4804
292 4804
291 4804
290 4804
289 4804
288 4804
287 4804
286 4804
285 4804
284 4804
283 4804
282 4804
281 4804
280 4804
279 4804
278 4804
277 4804
276 4804
275 4804
274 4804
273 4804
272 4804
271 4804
270 4804
269 4804
268 4803
267 4803
266 4803
265 4803
264 4802
263 4802
262 4802
261 4802
260 4802
259 4802
258 4802
257 4802
256 4802
255 4802
254 4802
253 4802
252 4802
251 4802
250 4802
249 4802
248 4802
247 4802
246 4802
245 4802
244 4802
243 4802
242 4802
241 4802
240 4802
239 4802
238 4802
237 4802
236 4802
235 4802
234 4802
233 4802
232 4802
231 4802
230 4802
229 4802
228 4802
227 4802
226 4802
225 4802
224 4802
223 4802
222 4802
221 4802
220 4802
219 4802
218 4802
217 4802
216 4802
215 4802
214 4802
213 4802
212 4802
211 4802
210 4802
209 4802
208 4802
207 4802
206 4802
205 4802
204 4802
203 4802
202 4802
201 4802
200 4802
199 4802
198 4802
197 4802
196 4802
195 4802
194 4802
193 4802
192 4802
191 4802
190 4802
189 4802
188 4802
187 4802
186 4802
185 4802
184 4802
183 4802
182 4802
181 4802
180 4802
179 4802
178 4802
177 4802
176 4802
175 4802
174 4802
173 4802
172 4802
171 4802
170 4802
169 4802
168 4802
167 4802
