1279 1059
1278 1060
1277 1060
1276 1060
1275 1060
1274 1061
1273 1061
1272 1061
1271 1061
1270 1061
1269 1061
1268 1061
1267 1061
1266 1062
1265 1062
1264 1062
1263 1062
1262 1063
1261 1063
1260 1063
1259 1063
1258 1064
1257 1064
1256 1064
1255 1064
1254 1065
1253 1065
1252 1065
1251 1065
1250 1065
1249 1065
1248 1065
1247 1065
1246 1065
1245 1065
1244 1065
1243 1065
1242 1066
1241 1066
1240 1066
1239 1066
1238 1067
1237 1067
1236 1067
1235 1067
1234 1067
1233 1067
1232 1068
1231 1068
1230 1068
1229 1068
1228 1069
1227 1069
1226 1069
1225 1069
1224 1070
1223 1070
1222 1070
1221 1070
1220 1071
1219 1071
1218 1071
1217 1071
1216 1071
1215 1071
1214 1071
1213 1071
1212 1071
1211 1071
1210 1071
1209 1071
1208 1071
1207 1071
1206 1071
1205 1071
1204 1071
1203 1071
1202 1070
1201 1070
1200 1070
1199 1070
1198 1069
1197 1069
1196 1069
1195 1069
1194 1069
1193 1069
1192 1069
1191 1069
1190 1069
1189 1069
1188 1069
1187 1069
1186 1069
1185 1069
1184 1069
1183 1069
1182 1069
1181 1069
1180 1069
1179 1069
1178 1069
1177 1069
1176 1069
1175 1069
1174 1069
1173 1069
1172 1069
1171 1069
1170 1068
1169 1068
1168 1068
1167 1068
1166 1067
1165 1067
1164 1067
1163 1067
1162 1067
1161 1067
1160 1067
1159 1067
1158 1067
1157 1067
1156 1067
1155 1067
1154 1067
1153 1067
1152 1067
1151 1067
1150 1067
1149 1067
1148 1067
1147 1067
1146 1067
1145 1067
1144 1067
1143 1067
1142 1067
1141 1067
1140 1067
1139 1067
1138 1067
1137 1067
1136 1066
1135 1066
1134 1066
1133 1066
1132 1065
1131 1065
1130 1065
1129 1065
1128 1065
1127 1065
1126 1065
1125 1065
1124 1065
1123 1065
1122 1065
1121 1065
1120 1065
1119 1065
1118 1065
1117 1065
1116 1065
1115 1065
1114 1065
1113 1065
1112 1064
1111 1064
1110 1064
1109 1064
1108 1063
1107 1063
1106 1063
1105 1063
1104 1063
1103 1063
1102 1063
1101 1063
1100 1063
1099 1063
1098 1063
1097 1063
1096 1063
1095 1063
1094 1063
1093 1063
1092 1063
1091 1063
1090 1063
1089 1063
1088 1063
1087 1063
1086 1063
1085 1063
1084 1063
1083 1063
1082 1063
1081 1063
1080 1063
1079 1063
1078 1063
1077 1063
1076 1063
1075 1063
1074 1064
1073 1064
1072 1064
1071 1064
1070 1065
1069 1066
1068 1066
1067 1066
1066 1067
1065 1068
1064 1068
1063 1068
1062 1069
1061 1070
1060 1071
1059 1072
1058 1072
1058 1073
1057 1074
1056 1075
1055 1076
1054 1077
1054 1078
1054 1079
1053 1080
1052 1081
1052 1082
1051 1083
1050 1084
1050 1085
1049 1086
1048 1087
1047 1088
1046 1089
1046 1090
1045 1091
1044 1092
1044 1093
1043 1094
1042 1094
1042 1095
1041 1096
1040 1096
1040 1097
1039 1098
1038 1098
1037 1099
1036 1100
1035 1100
1034 1101
1033 1102
1032 1103
1031 1104
1030 1104
1030 1105
1029 1106
1028 1106
1028 1107
1027 1108
1026 1108
1025 1109
1024 1110
1023 1110
1022 1111
1021 1112
1020 1113
1019 1113
1018 1114
1017 1114
1016 1115
1015 1116
1014 1116
1013 1116
1012 1117
1011 1118
1010 1118
1009 1118
1008 1119
1007 1120
1006 1120
1005 1120
1004 1121
1003 1121
1002 1121
1001 1121
1000 1121
999 1121
998 1121
997 1121
996 1122
995 1122
994 1122
993 1122
992 1123
991 1123
990 1123
989 1123
988 1123
987 1123
986 1124
985 1124
984 1124
983 1124
982 1125
981 1125
980 1126
979 1126
978 1126
977 1126
976 1127
975 1128
974 1129
973 1129
972 1130
971 1130
970 1131
969 1131
968 1131
967 1131
966 1132
965 1132
964 1132
963 1132
962 1133
961 1133
960 1134
959 1134
958 1134
957 1134
956 1135
955 1136
954 1136
953 1136
952 1137
951 1137
950 1138
949 1138
948 1138
947 1138
946 1139
945 1139
944 1139
943 1139
943 1140
944 1141
944 1142
943 1143
943 1144
943 1145
942 1146
941 1146
940 1146
939 1146
938 1147
937 1147
936 1147
935 1148
934 1149
934 1150
934 1151
934 1152
933 1153
933 1154
933 1155
933 1156
933 1157
933 1158
933 1159
933 1160
932 1161
932 1162
931 1163
930 1164
930 1165
929 1166
928 1167
927 1168
926 1169
926 1170
926 1171
926 1172
925 1173
925 1174
926 1175
926 1176
926 1177
926 1178
927 1179
927 1180
927 1181
927 1182
927 1183
927 1184
928 1185
928 1186
928 1187
928 1188
929 1189
929 1190
929 1191
929 1192
930 1193
930 1194
930 1195
930 1196
931 1197
932 1198
933 1199
934 1200
935 1201
936 1202
937 1203
938 1203
939 1203
940 1204
941 1205
942 1205
943 1205
944 1206
945 1207
946 1207
947 1208
948 1208
949 1209
950 1210
951 1211
952 1211
953 1211
954 1212
955 1213
956 1213
957 1213
958 1214
959 1215
960 1215
961 1216
962 1217
963 1217
964 1218
965 1219
966 1220
967 1221
968 1221
969 1222
970 1222
971 1223
972 1224
973 1225
974 1225
975 1225
976 1225
977 1226
978 1226
979 1227
980 1227
981 1228
982 1228
983 1229
984 1229
985 1230
986 1230
987 1231
988 1231
989 1231
990 1232
991 1233
992 1233
993 1233
994 1233
995 1234
996 1234
997 1235
998 1235
999 1235
1000 1235
1001 1236
1002 1236
1003 1236
1004 1236
1005 1236
1006 1236
1007 1236
1008 1236
1009 1237
1010 1237
1011 1237
1012 1237
1013 1238
1014 1238
1015 1239
1016 1239
1017 1239
1018 1240
1019 1241
1020 1241
1021 1241
1022 1241
1023 1242
1024 1242
1025 1242
1026 1242
1027 1242
1028 1242
1029 1243
1030 1243
1031 1243
1032 1243
1033 1244
1034 1244
1035 1244
1036 1244
1037 1245
1038 1245
1039 1246
1040 1246
1041 1247
1042 1247
1043 1248
1044 1248
1045 1248
1046 1248
1047 1249
1048 1249
1049 1249
1050 1249
1051 1250
1052 1250
1053 1251
1054 1251
1055 1251
1056 1251
1057 1252
1058 1252
1059 1253
1060 1253
1061 1253
1062 1253
1063 1254
1064 1254
1065 1254
1066 1254
1067 1254
1068 1254
1069 1254
1070 1254
1071 1255
1072 1255
1073 1255
1074 1255
1075 1256
1076 1256
1077 1256
1078 1256
1079 1256
1080 1256
1081 1256
1082 1256
1083 1256
1084 1256
1085 1256
1086 1256
1087 1256
1088 1256
1089 1256
1090 1256
1091 1256
1092 1256
1093 1256
1094 1256
1095 1256
1096 1256
1097 1256
1098 1256
1099 1256
1100 1256
1101 1256
1102 1256
1103 1256
1104 1256
1105 1256
1106 1256
1107 1256
1108 1256
1109 1256
1110 1256
1111 1256
1112 1256
1113 1256
1114 1256
1115 1256
1116 1256
1117 1255
1118 1255
1119 1255
1120 1255
1121 1254
1122 1253
1123 1253
1124 1253
1125 1252
1126 1251
1127 1250
1128 1249
1129 1249
1130 1248
1131 1247
1132 1247
1133 1246
1134 1245
1135 1245
1136 1245
1137 1244
1138 1244
1139 1243
1140 1243
1141 1243
1142 1243
1143 1242
1144 1242
1145 1242
1146 1242
1147 1241
1148 1241
1149 1241
1150 1241
1151 1240
1152 1240
1153 1240
1154 1240
1155 1239
1156 1239
1157 1239
1158 1239
1159 1238
1160 1238
1161 1238
1162 1238
1163 1238
1164 1238
1165 1238
1166 1238
1167 1237
1168 1237
1169 1237
1170 1237
1171 1236
1172 1236
1173 1236
1174 1236
1175 1236
1176 1236
1177 1237
1178 1237
1179 1237
1180 1237
1181 1238
1182 1238
1183 1238
1184 1238
1185 1238
1186 1238
1187 1239
1188 1239
1189 1239
1190 1239
1191 1240
1192 1240
1193 1240
1194 1240
1195 1240
1196 1240
1197 1241
1198 1241
1199 1241
1200 1241
1201 1242
1202 1242
1203 1242
1204 1242
1205 1242
1206 1242
1207 1242
1208 1242
1209 1242
1210 1242
1211 1243
1212 1243
1213 1243
1214 1243
1215 1244
1216 1244
1217 1244
1218 1244
1219 1244
1220 1244
1221 1244
1222 1244
1223 1244
1224 1244
1225 1244
1226 1244
1227 1243
1228 1243
1229 1243
1230 1243
1231 1242
1232 1242
1233 1242
1234 1242
1235 1242
1236 1242
1237 1242
1238 1242
1239 1242
1240 1242
1241 1242
1242 1242
1243 1242
1244 1242
1245 1242
1246 1242
1247 1242
1248 1242
1249 1242
1250 1242
1251 1242
1252 1242
1253 1242
1254 1242
1255 1242
1256 1242
1257 1242
1258 1242
1259 1242
1260 1242
1261 1242
1262 1242
1263 1242
1264 1242
1265 1242
1266 1242
1267 1242
1268 1242
1269 1242
1270 1242
1271 1242
1272 1242
1273 1242
1274 1242
1275 1242
1276 1242
1277 1243
1278 1243
1279 1243
1280 1243
1281 1244
1282 1244
1283 1244
1284 1244
1285 1244
1286 1244
1287 1244
1288 1244
1289 1244
1290 1244
1291 1244
1292 1244
1293 1244
1294 1244
1295 1244
1296 1244
1297 1244
1298 1244
1299 1244
1300 1244
1301 1244
1302 1244
1303 1244
1304 1244
1305 1244
1306 1244
1307 1244
1308 1244
1309 1244
1310 1244
1311 1244
1312 1244
1313 1244
1314 1244
1315 1244
1316 1244
1317 1244
1318 1244
1319 1244
1320 1244
1321 1245
1322 1245
1323 1245
1324 1245
1325 1246
1326 1246
1327 1246
1328 1246
1329 1246
1330 1246
1331 1246
1332 1246
1333 1246
1334 1246
1335 1247
1336 1247
1337 1247
1338 1247
1339 1248
1340 1248
1341 1248
1342 1248
1343 1248
1344 1248
1345 1249
1346 1249
1347 1249
1348 1249
1349 1250
1350 1250
1351 1250
1352 1250
1353 1250
1354 1250
1355 1251
1356 1251
1357 1251
1358 1251
1359 1252
1360 1252
1361 1252
1362 1252
1363 1252
1364 1252
1365 1253
1366 1253
1367 1253
1368 1253
1369 1254
1370 1254
1371 1254
1372 1254
1373 1254
1374 1254
1375 1254
1376 1254
1377 1255
1378 1255
1379 1255
1380 1255
1381 1256
1382 1256
1383 1256
1384 1256
1385 1256
1386 1256
1387 1256
1388 1256
1389 1256
1390 1256
1391 1256
1392 1256
1393 1256
1394 1256
1395 1256
1396 1256
1397 1256
1398 1256
1399 1256
1400 1256
1401 1256
1402 1256
1403 1256
1404 1256
1405 1256
1406 1256
1407 1256
1408 1256
1409 1255
1410 1255
1411 1254
1412 1254
1413 1253
1414 1253
1415 1252
1416 1252
1417 1252
1418 1252
1419 1253
1420 1253
1421 1253
1422 1254
1423 1255
1424 1255
1425 1255
1426 1255
1427 1256
1428 1256
1429 1256
1430 1256
1431 1256
1432 1256
1433 1256
1434 1256
1435 1256
1436 1256
1437 1256
1438 1256
1439 1256
1440 1256
1441 1256
1442 1256
1443 1256
1444 1256
1445 1256
1446 1256
1447 1256
1448 1256
1449 1256
1450 1256
1451 1256
1452 1256
1453 1256
1454 1256
1455 1256
1456 1256
1457 1256
1458 1256
1459 1256
1460 1256
1461 1256
1462 1256
1463 1255
1464 1255
1465 1255
1466 1255
1467 1254
1468 1253
1469 1252
1470 1251
1471 1251
1471 1250
1472 1249
1473 1249
1473 1248
1474 1247
1475 1247
1475 1246
1476 1245
1477 1245
1478 1244
1479 1243
1480 1243
1481 1242
1482 1241
1483 1240
1483 1239
1484 1238
1484 1237
1484 1236
1484 1235
1484 1234
1484 1233
1485 1232
1485 1231
1485 1230
1486 1229
1487 1228
1487 1227
1487 1226
1488 1225
1489 1224
1489 1223
1490 1222
1490 1221
1491 1220
1492 1219
1493 1218
1493 1217
1494 1216
1494 1215
1495 1214
1496 1213
1497 1212
1497 1211
1498 1210
1498 1209
1499 1208
1500 1207
1501 1206
1501 1205
1502 1204
1503 1203
1503 1202
1504 1201
1505 1201
1505 1200
1506 1199
1507 1199
1507 1198
1508 1197
1509 1197
1509 1196
1510 1195
1511 1194
1511 1193
1512 1192
1512 1191
1512 1190
1512 1189
1512 1188
1512 1187
1512 1186
1512 1185
1512 1184
1512 1183
1512 1182
1512 1181
1512 1180
1512 1179
1512 1178
1512 1177
1512 1176
1512 1175
1512 1174
1512 1173
1512 1172
1512 1171
1512 1170
1512 1169
1512 1168
1512 1167
1512 1166
1512 1165
1512 1164
1512 1163
1512 1162
1512 1161
1512 1160
1512 1159
1512 1158
1512 1157
1512 1156
1512 1155
1512 1154
1512 1153
1512 1152
1512 1151
1512 1150
1512 1149
1511 1148
1511 1147
1511 1146
1511 1145
1510 1144
1510 1143
1509 1142
1509 1141
1509 1140
1509 1139
1508 1138
1508 1137
1508 1136
1508 1135
1508 1134
1508 1133
1508 1132
1508 1131
1507 1130
1507 1129
1506 1128
1506 1127
1505 1126
1505 1125
1504 1124
1503 1123
1502 1122
1501 1121
1501 1120
1500 1120
1499 1119
1499 1118
1498 1118
1497 1117
1497 1116
1496 1116
1495 1115
1494 1114
1493 1114
1492 1113
1491 1113
1490 1112
1489 1112
1488 1112
1487 1112
1486 1111
1485 1111
1484 1111
1483 1111
1482 1110
1481 1110
1480 1110
1479 1110
1478 1109
1477 1109
1476 1108
1475 1108
1474 1108
1473 1107
1472 1106
1471 1106
1470 1106
1469 1105
1468 1104
1467 1104
1466 1103
1465 1102
1464 1102
1463 1101
1463 1100
1462 1100
1461 1099
1460 1098
1459 1097
1458 1096
1457 1096
1456 1096
1455 1095
1454 1094
1453 1094
1452 1094
1451 1093
1450 1092
1449 1092
1448 1092
1447 1092
1446 1091
1445 1091
1444 1090
1443 1090
1442 1090
1441 1090
1440 1089
1439 1089
1438 1088
1437 1088
1436 1088
1435 1087
1434 1086
1433 1086
1432 1086
1431 1085
1430 1084
1429 1084
1428 1084
1427 1084
1426 1083
1425 1083
1424 1082
1423 1082
1422 1082
1421 1082
1420 1081
1419 1081
1418 1080
1417 1080
1416 1080
1415 1080
1414 1079
1413 1079
1412 1079
1411 1079
1410 1079
1409 1079
1408 1078
1407 1078
1406 1077
1405 1077
1404 1076
1403 1075
1402 1074
1401 1074
1400 1074
1399 1074
1398 1073
1397 1073
1396 1072
1395 1072
1394 1072
1393 1072
1392 1071
1391 1071
1390 1070
1389 1070
1388 1070
1387 1069
1386 1068
1385 1068
1384 1068
1383 1068
1382 1067
1381 1067
1380 1067
1379 1067
1378 1067
1377 1067
1376 1067
1375 1067
1374 1067
1373 1067
1372 1066
1371 1066
1370 1066
1369 1066
1368 1065
1367 1065
1366 1065
1365 1065
1364 1065
1363 1065
1362 1065
1361 1065
1360 1065
1359 1065
1358 1065
1357 1065
1356 1065
1355 1065
1354 1065
1353 1065
1352 1064
1351 1064
1350 1064
1349 1064
1348 1063
1347 1063
1346 1063
1345 1063
1344 1063
1343 1063
1342 1063
1341 1063
1340 1062
1339 1062
1338 1062
1337 1062
1336 1061
1335 1061
1334 1061
1333 1061
1332 1061
1331 1061
1330 1061
1329 1061
1328 1061
1327 1061
1326 1061
1325 1061
1324 1061
1323 1061
1322 1061
1321 1061
1320 1060
1319 1060
1318 1060
1317 1060
1316 1059
1315 1059
1314 1059
1313 1059
1312 1059
1311 1059
1310 1059
1309 1059
1308 1059
1307 1059
1306 1059
1305 1059
1304 1059
1303 1059
1302 1059
1301 1059
1300 1059
1299 1059
1298 1059
1297 1059
1296 1059
1295 1059
1294 1059
1293 1059
1292 1059
1291 1059
1290 1059
1289 1059
1288 1059
1287 1059
1286 1059
1285 1059
1284 1059
1283 1059
1282 1059
1281 1059
1280 1059
1279 1059
