1343 1469
1342 1470
1341 1470
1340 1470
1339 1470
1338 1471
1337 1471
1336 1471
1335 1471
1334 1471
1333 1471
1332 1471
1331 1471
1330 1471
1329 1471
1328 1471
1327 1471
1326 1471
1325 1471
1324 1471
1323 1471
1322 1471
1321 1471
1320 1471
1319 1471
1318 1471
1317 1471
1316 1471
1315 1471
1314 1471
1313 1471
1312 1471
1311 1471
1310 1472
1309 1472
1308 1472
1307 1472
1306 1473
1305 1473
1304 1473
1303 1473
1302 1473
1301 1473
1300 1473
1299 1473
1298 1473
1297 1473
1296 1473
1295 1473
1294 1473
1293 1473
1292 1473
1291 1473
1290 1473
1289 1473
1288 1473
1287 1473
1286 1473
1285 1473
1284 1473
1283 1473
1282 1473
1281 1473
1280 1474
1279 1474
1278 1474
1277 1474
1276 1475
1275 1475
1274 1475
1273 1475
1272 1475
1271 1475
1270 1475
1269 1475
1268 1475
1267 1475
1266 1475
1265 1475
1264 1475
1263 1475
1262 1475
1261 1475
1260 1475
1259 1475
1258 1476
1257 1476
1256 1476
1255 1476
1254 1477
1253 1477
1252 1477
1251 1477
1250 1477
1249 1477
1248 1478
1247 1478
1246 1478
1245 1478
1244 1479
1243 1479
1242 1479
1241 1479
1240 1480
1239 1480
1238 1480
1237 1480
1236 1481
1235 1481
1234 1481
1233 1481
1232 1481
1231 1481
1230 1482
1229 1482
1228 1482
1227 1482
1226 1483
1225 1484
1224 1484
1223 1484
1222 1485
1221 1485
1220 1485
1219 1485
1218 1485
1217 1485
1216 1486
1215 1486
1214 1486
1213 1486
1212 1487
1211 1487
1210 1488
1209 1488
1208 1488
1207 1488
1206 1489
1205 1489
1204 1489
1203 1489
1202 1490
1201 1490
1200 1490
1199 1490
1198 1491
1197 1491
1196 1491
1195 1491
1194 1491
1193 1491
1192 1491
1191 1491
1190 1492
1189 1492
1188 1492
1187 1492
1186 1493
1185 1493
1184 1493
1183 1493
1182 1493
1181 1493
1180 1494
1179 1494
1178 1494
1177 1494
1176 1495
1175 1495
1174 1495
1173 1495
1172 1495
1171 1495
1170 1496
1169 1496
1168 1496
1167 1496
1166 1497
1165 1497
1164 1497
1163 1497
1162 1498
1161 1498
1160 1498
1159 1498
1158 1499
1157 1500
1156 1500
1155 1500
1154 1501
1153 1502
1152 1503
1151 1504
1150 1505
1150 1506
1150 1507
1149 1508
1148 1509
1148 1510
1148 1511
1148 1512
1147 1513
1147 1514
1146 1515
1146 1516
1146 1517
1145 1518
1144 1519
1144 1520
1144 1521
1144 1522
1143 1523
1143 1524
1142 1525
1142 1526
1142 1527
1142 1528
1141 1529
1141 1530
1140 1531
1140 1532
1140 1533
1140 1534
1139 1535
1139 1536
1138 1537
1138 1538
1138 1539
1138 1540
1137 1541
1137 1542
1137 1543
1137 1544
1137 1545
1137 1546
1137 1547
1137 1548
1138 1549
1138 1550
1138 1551
1138 1552
1139 1553
1139 1554
1139 1555
1139 1556
1140 1557
1140 1558
1140 1559
1140 1560
1141 1561
1142 1562
1143 1563
1144 1564
1144 1565
1145 1566
1146 1567
1146 1568
1147 1569
1148 1570
1148 1571
1148 1572
1149 1573
1150 1574
1150 1575
1150 1576
1151 1577
1151 1578
1152 1579
1152 1580
1152 1581
1152 1582
1153 1583
1154 1584
1154 1585
1154 1586
1155 1587
1155 1588
1156 1589
1156 1590
1156 1591
1156 1592
1157 1593
1158 1594
1158 1595
1158 1596
1159 1597
1159 1598
1159 1599
1159 1600
1159 1601
1159 1602
1159 1603
1159 1604
1159 1605
1159 1606
1159 1607
1159 1608
1159 1609
1159 1610
1160 1611
1160 1612
1161 1613
1162 1614
1162 1615
1163 1616
1164 1617
1164 1618
1165 1619
1166 1620
1167 1621
1168 1622
1168 1623
1169 1623
1170 1624
1170 1625
1171 1625
1172 1626
1172 1627
1173 1627
1174 1628
1174 1629
1175 1629
1176 1630
1176 1631
1177 1631
1178 1632
1178 1633
1179 1633
1180 1634
1180 1635
1181 1635
1182 1636
1182 1637
1183 1637
1184 1638
1184 1639
1185 1639
1186 1640
1186 1641
1187 1641
1188 1642
1188 1643
1189 1644
1190 1645
1190 1646
1191 1647
1192 1648
1193 1649
1194 1650
1194 1651
1195 1651
1196 1652
1196 1653
1197 1653
1198 1654
1198 1655
1199 1655
1200 1656
1200 1657
1201 1657
1202 1658
1202 1659
1203 1659
1204 1660
1204 1661
1205 1661
1206 1662
1206 1663
1207 1664
1208 1665
1208 1666
1209 1667
1210 1668
1211 1669
1212 1670
1212 1671
1213 1672
1214 1673
1214 1674
1215 1675
1216 1676
1216 1677
1216 1678
1217 1679
1218 1680
1218 1681
1218 1682
1219 1683
1220 1684
1220 1685
1220 1686
1221 1687
1222 1688
1222 1689
1222 1690
1223 1691
1224 1692
1224 1693
1224 1694
1225 1695
1226 1696
1226 1697
1226 1698
1227 1699
1228 1700
1229 1701
1230 1702
1230 1703
1231 1704
1232 1705
1232 1706
1233 1707
1233 1708
1233 1709
1233 1710
1234 1711
1234 1712
1234 1713
1234 1714
1235 1715
1236 1716
1236 1717
1236 1718
1237 1719
1238 1720
1238 1721
1238 1722
1239 1723
1240 1724
1240 1725
1240 1726
1241 1727
1241 1728
1242 1729
1242 1730
1242 1731
1242 1732
1243 1733
1244 1734
1244 1735
1244 1736
1245 1737
1245 1738
1246 1739
1246 1740
1247 1741
1248 1742
1249 1743
1250 1744
1251 1745
1252 1745
1253 1746
1254 1747
1255 1747
1256 1748
1257 1749
1258 1750
1259 1751
1260 1751
1261 1751
1262 1751
1263 1752
1264 1752
1265 1752
1266 1752
1267 1752
1268 1752
1269 1752
1270 1752
1271 1752
1272 1752
1273 1752
1274 1752
1275 1752
1276 1752
1277 1752
1278 1752
1279 1751
1280 1751
1281 1751
1282 1751
1283 1750
1284 1750
1285 1750
1286 1750
1287 1750
1288 1750
1289 1750
1290 1750
1291 1750
1292 1750
1293 1750
1294 1750
1295 1750
1296 1750
1297 1750
1298 1750
1299 1750
1300 1750
1301 1750
1302 1750
1303 1750
1304 1750
1305 1750
1306 1750
1307 1750
1308 1750
1309 1750
1310 1750
1311 1750
1312 1750
1313 1750
1314 1750
1315 1750
1316 1750
1317 1751
1318 1751
1319 1751
1320 1751
1321 1752
1322 1752
1323 1752
1324 1752
1325 1752
1326 1752
1327 1752
1328 1752
1329 1752
1330 1752
1331 1752
1332 1752
1333 1753
1334 1753
1335 1753
1336 1753
1337 1754
1338 1754
1339 1754
1340 1754
1341 1754
1342 1754
1343 1755
1344 1755
1345 1756
1346 1756
1347 1757
1348 1757
1349 1758
1350 1758
1351 1758
1352 1758
1353 1759
1354 1759
1355 1759
1356 1759
1357 1760
1358 1760
1359 1760
1360 1760
1361 1759
1362 1759
1363 1759
1364 1759
1365 1758
1366 1758
1367 1758
1368 1758
1369 1758
1370 1758
1371 1758
1372 1758
1373 1757
1374 1757
1375 1757
1376 1757
1377 1756
1378 1755
1379 1755
1380 1755
1381 1754
1382 1754
1383 1754
1384 1754
1385 1754
1386 1754
1387 1753
1388 1753
1389 1753
1390 1753
1391 1752
1392 1752
1393 1752
1394 1752
1395 1751
1396 1751
1397 1751
1398 1751
1399 1750
1400 1750
1401 1750
1402 1750
1403 1750
1404 1750
1405 1750
1406 1750
1407 1750
1408 1750
1409 1750
1410 1750
1411 1750
1412 1750
1413 1750
1414 1750
1415 1750
1416 1750
1417 1750
1418 1750
1419 1750
1420 1750
1421 1749
1422 1749
1423 1749
1424 1749
1425 1748
1426 1748
1427 1748
1428 1748
1429 1748
1430 1748
1431 1748
1432 1748
1433 1748
1434 1748
1435 1747
1436 1747
1437 1747
1438 1747
1439 1746
1440 1746
1441 1746
1442 1746
1443 1746
1444 1746
1445 1746
1446 1746
1447 1746
1448 1746
1449 1746
1450 1746
1451 1746
1452 1746
1453 1745
1454 1745
1455 1745
1456 1745
1457 1744
1458 1744
1459 1744
1460 1744
1461 1743
1462 1743
1463 1743
1464 1743
1465 1742
1466 1742
1467 1742
1468 1742
1469 1742
1470 1742
1471 1742
1472 1742
1473 1741
1474 1741
1475 1741
1476 1741
1477 1740
1478 1740
1479 1740
1480 1740
1481 1740
1482 1740
1483 1740
1484 1740
1485 1740
1486 1740
1487 1740
1488 1740
1489 1740
1490 1740
1491 1740
1492 1740
1493 1740
1494 1740
1495 1740
1496 1740
1497 1740
1498 1740
1499 1740
1500 1740
1501 1740
1502 1740
1503 1740
1504 1740
1505 1739
1506 1739
1507 1739
1508 1739
1509 1738
1510 1738
1511 1738
1512 1738
1513 1738
1514 1738
1515 1737
1516 1737
1517 1737
1518 1737
1519 1736
1520 1736
1521 1735
1522 1735
1523 1735
1524 1735
1525 1734
1526 1733
1527 1733
1528 1733
1529 1732
1530 1732
1531 1732
1532 1732
1533 1732
1534 1732
1535 1732
1536 1732
1537 1732
1538 1732
1539 1731
1540 1731
1541 1730
1542 1729
1543 1729
1543 1728
1544 1727
1545 1727
1546 1726
1547 1725
1548 1725
1549 1724
1550 1724
1551 1724
1552 1724
1553 1724
1554 1724
1555 1724
1556 1724
1557 1724
1558 1724
1559 1724
1560 1724
1561 1724
1562 1724
1563 1724
1564 1724
1565 1723
1566 1723
1567 1723
1568 1723
1569 1722
1570 1722
1571 1722
1572 1722
1573 1722
1574 1722
1575 1721
1576 1721
1577 1721
1578 1721
1579 1720
1580 1720
1581 1720
1582 1720
1583 1720
1584 1720
1585 1720
1586 1720
1587 1720
1588 1720
1589 1720
1590 1720
1591 1721
1592 1721
1593 1721
1594 1721
1595 1722
1596 1722
1597 1722
1598 1722
1599 1722
1600 1722
1601 1722
1602 1722
1603 1721
1604 1721
1605 1721
1606 1721
1607 1720
1608 1720
1609 1720
1610 1720
1611 1719
1612 1719
1613 1719
1614 1719
1615 1718
1616 1718
1617 1718
1618 1718
1619 1718
1620 1718
1621 1718
1622 1718
1623 1719
1624 1719
1625 1719
1626 1719
1627 1720
1628 1720
1629 1720
1630 1720
1631 1720
1632 1720
1633 1720
1634 1720
1635 1720
1636 1720
1637 1720
1638 1720
1639 1720
1640 1720
1641 1720
1642 1720
1643 1720
1644 1720
1645 1720
1646 1720
1647 1719
1648 1719
1649 1719
1650 1719
1651 1718
1652 1717
1653 1717
1654 1717
1655 1716
1656 1716
1657 1716
1658 1716
1659 1716
1660 1716
1661 1716
1662 1716
1663 1716
1664 1716
1665 1716
1666 1716
1667 1716
1668 1716
1669 1716
1670 1716
1671 1716
1672 1716
1673 1716
1674 1716
1675 1715
1676 1715
1677 1715
1678 1715
1679 1714
1680 1714
1681 1714
1682 1714
1683 1713
1684 1713
1685 1713
1686 1713
1687 1712
1688 1711
1689 1711
1690 1711
1691 1710
1692 1710
1693 1709
1694 1709
1695 1709
1696 1709
1697 1708
1698 1708
1699 1708
1700 1708
1701 1708
1702 1708
1703 1708
1704 1708
1705 1708
1706 1708
1707 1708
1708 1708
1709 1707
1710 1707
1711 1707
1712 1707
1713 1706
1714 1706
1715 1706
1716 1706
1717 1706
1718 1706
1719 1705
1720 1705
1721 1705
1722 1705
1723 1704
1724 1704
1725 1704
1726 1704
1727 1703
1728 1703
1729 1703
1730 1703
1731 1702
1732 1702
1733 1702
1734 1702
1735 1701
1736 1701
1737 1701
1738 1701
1739 1700
1740 1700
1741 1700
1742 1700
1743 1700
1744 1700
1745 1700
1746 1700
1747 1699
1748 1699
1749 1699
1750 1699
1751 1698
1752 1698
1753 1698
1754 1698
1755 1697
1756 1697
1757 1697
1758 1697
1759 1696
1760 1696
1761 1695
1762 1695
1763 1695
1764 1695
1765 1694
1766 1693
1767 1693
1768 1693
1769 1692
1770 1691
1771 1691
1772 1691
1773 1690
1774 1689
1775 1689
1776 1689
1777 1688
1778 1688
1779 1687
1780 1687
1781 1687
1782 1687
1783 1686
1784 1686
1785 1685
1786 1685
1787 1685
1788 1685
1789 1684
1790 1684
1791 1683
1792 1683
1793 1683
1794 1683
1795 1682
1796 1681
1797 1680
1798 1679
1799 1679
1799 1678
1800 1677
1801 1677
1801 1676
1802 1675
1803 1675
1803 1674
1804 1673
1805 1673
1805 1672
1806 1671
1807 1670
1808 1669
1809 1668
1809 1667
1809 1666
1809 1665
1810 1664
1810 1663
1810 1662
1810 1661
1810 1660
1810 1659
1811 1658
1811 1657
1811 1656
1811 1655
1812 1654
1812 1653
1812 1652
1812 1651
1812 1650
1812 1649
1812 1648
1812 1647
1812 1646
1812 1645
1812 1644
1812 1643
1812 1642
1812 1641
1812 1640
1812 1639
1812 1638
1812 1637
1813 1636
1813 1635
1813 1634
1813 1633
1814 1632
1814 1631
1814 1630
1814 1629
1813 1628
1813 1627
1812 1626
1812 1625
1811 1624
1811 1623
1810 1622
1810 1621
1810 1620
1810 1619
1811 1618
1811 1617
1811 1616
1812 1615
1813 1614
1813 1613
1813 1612
1813 1611
1814 1610
1814 1609
1815 1608
1815 1607
1815 1606
1816 1605
1817 1604
1817 1603
1818 1602
1819 1601
1819 1600
1820 1599
1821 1598
1821 1597
1822 1596
1822 1595
1822 1594
1822 1593
1823 1592
1823 1591
1823 1590
1823 1589
1824 1588
1824 1587
1824 1586
1824 1585
1824 1584
1824 1583
1824 1582
1824 1581
1824 1580
1824 1579
1823 1578
1823 1577
1822 1576
1821 1575
1821 1574
1820 1574
1819 1573
1819 1572
1818 1571
1817 1570
1817 1569
1816 1568
1816 1567
1816 1566
1816 1565
1816 1564
1816 1563
1815 1562
1815 1561
1815 1560
1815 1559
1814 1558
1814 1557
1813 1556
1813 1555
1812 1554
1811 1553
1811 1552
1810 1552
1809 1551
1809 1550
1808 1550
1807 1549
1807 1548
1806 1547
1805 1546
1805 1545
1804 1544
1804 1543
1804 1542
1804 1541
1804 1540
1804 1539
1804 1538
1804 1537
1804 1536
1804 1535
1804 1534
1804 1533
1803 1532
1803 1531
1803 1530
1803 1529
1802 1528
1801 1527
1800 1526
1799 1525
1799 1524
1798 1524
1797 1523
1797 1522
1796 1522
1795 1521
1795 1520
1794 1520
1793 1519
1793 1518
1792 1518
1791 1517
1790 1516
1789 1516
1788 1515
1787 1515
1786 1514
1785 1514
1784 1514
1783 1514
1782 1513
1781 1513
1780 1513
1779 1513
1778 1512
1777 1512
1776 1511
1775 1511
1774 1510
1773 1510
1772 1509
1771 1509
1770 1508
1769 1508
1768 1508
1767 1507
1766 1506
1765 1506
1764 1506
1763 1505
1762 1504
1761 1504
1760 1503
1759 1502
1758 1502
1757 1501
1757 1500
1756 1500
1755 1499
1755 1498
1754 1498
1753 1497
1752 1496
1751 1496
1750 1495
1749 1495
1748 1495
1747 1495
1746 1494
1745 1494
1744 1494
1743 1494
1742 1493
1741 1493
1740 1493
1739 1493
1738 1492
1737 1492
1736 1492
1735 1491
1734 1490
1733 1490
1732 1490
1731 1490
1730 1489
1729 1489
1728 1489
1727 1489
1726 1489
1725 1489
1724 1489
1723 1489
1722 1489
1721 1489
1720 1489
1719 1489
1718 1489
1717 1489
1716 1489
1715 1489
1714 1489
1713 1489
1712 1489
1711 1489
1710 1489
1709 1489
1708 1489
1707 1489
1706 1489
1705 1489
1704 1490
1703 1490
1702 1490
1701 1490
1700 1491
1699 1491
1698 1491
1697 1491
1696 1491
1695 1491
1694 1491
1693 1491
1692 1491
1691 1491
1690 1491
1689 1491
1688 1490
1687 1490
1686 1490
1685 1490
1684 1489
1683 1489
1682 1489
1681 1489
1680 1489
1679 1489
1678 1488
1677 1488
1676 1488
1675 1488
1674 1487
1673 1487
1672 1486
1671 1486
1670 1486
1669 1486
1668 1485
1667 1485
1666 1485
1665 1485
1664 1485
1663 1485
1662 1484
1661 1484
1660 1484
1659 1484
1658 1483
1657 1483
1656 1483
1655 1483
1654 1482
1653 1482
1652 1482
1651 1482
1650 1481
1649 1481
1648 1481
1647 1481
1646 1481
1645 1481
1644 1480
1643 1480
1642 1480
1641 1480
1640 1479
1639 1479
1638 1479
1637 1479
1636 1479
1635 1479
1634 1479
1633 1479
1632 1479
1631 1479
1630 1479
1629 1479
1628 1479
1627 1479
1626 1479
1625 1479
1624 1479
1623 1479
1622 1478
1621 1478
1620 1478
1619 1478
1618 1477
1617 1477
1616 1477
1615 1477
1614 1477
1613 1477
1612 1477
1611 1477
1610 1476
1609 1476
1608 1476
1607 1476
1606 1475
1605 1475
1604 1475
1603 1475
1602 1474
1601 1474
1600 1474
1599 1474
1598 1473
1597 1473
1596 1473
1595 1473
1594 1473
1593 1473
1592 1473
1591 1473
1590 1473
1589 1473
1588 1473
1587 1473
1586 1473
1585 1473
1584 1473
1583 1473
1582 1473
1581 1473
1580 1473
1579 1473
1578 1473
1577 1473
1576 1473
1575 1473
1574 1473
1573 1473
1572 1473
1571 1473
1570 1473
1569 1473
1568 1473
1567 1473
1566 1473
1565 1473
1564 1473
1563 1473
1562 1472
1561 1472
1560 1472
1559 1472
1558 1471
1557 1471
1556 1471
1555 1471
1554 1471
1553 1471
1552 1471
1551 1471
1550 1471
1549 1471
1548 1471
1547 1471
1546 1471
1545 1471
1544 1471
1543 1471
1542 1471
1541 1471
1540 1471
1539 1471
1538 1471
1537 1471
1536 1471
1535 1471
1534 1471
1533 1471
1532 1471
1531 1471
1530 1471
1529 1471
1528 1471
1527 1471
1526 1471
1525 1471
1524 1471
1523 1471
1522 1471
1521 1471
1520 1470
1519 1470
1518 1470
1517 1470
1516 1469
1515 1469
1514 1469
1513 1469
1512 1469
1511 1469
1510 1469
1509 1469
1508 1469
1507 1469
1506 1469
1505 1469
1504 1469
1503 1469
1502 1469
1501 1469
1500 1469
1499 1469
1498 1469
1497 1469
1496 1469
1495 1469
1494 1469
1493 1469
1492 1469
1491 1469
1490 1469
1489 1469
1488 1469
1487 1469
1486 1469
1485 1469
1484 1469
1483 1469
1482 1469
1481 1469
1480 1469
1479 1469
1478 1469
1477 1469
1476 1469
1475 1469
1474 1469
1473 1469
1472 1469
1471 1469
1470 1469
1469 1469
1468 1469
1467 1469
1466 1470
1465 1470
1464 1470
1463 1470
1462 1471
1461 1471
1460 1471
1459 1471
1458 1471
1457 1471
1456 1471
1455 1471
1454 1471
1453 1471
1452 1471
1451 1471
1450 1471
1449 1471
1448 1471
1447 1471
1446 1471
1445 1471
1444 1471
1443 1471
1442 1471
1441 1471
1440 1471
1439 1471
1438 1471
1437 1471
1436 1471
1435 1471
1434 1471
1433 1471
1432 1471
1431 1471
1430 1471
1429 1471
1428 1471
1427 1471
1426 1471
1425 1471
1424 1471
1423 1471
1422 1471
1421 1471
1420 1471
1419 1471
1418 1471
1417 1471
1416 1471
1415 1471
1414 1471
1413 1471
1412 1471
1411 1471
1410 1471
1409 1471
1408 1471
1407 1471
1406 1471
1405 1471
1404 1471
1403 1471
1402 1471
1401 1471
1400 1471
1399 1471
1398 1471
1397 1471
1396 1471
1395 1471
1394 1471
1393 1471
1392 1471
1391 1471
1390 1471
1389 1471
1388 1471
1387 1471
1386 1470
1385 1470
1384 1470
1383 1470
1382 1469
1381 1469
1380 1469
1379 1469
1378 1469
1377 1469
1376 1469
1375 1469
1374 1469
1373 1469
1372 1469
1371 1469
1370 1469
1369 1469
1368 1469
1367 1469
1366 1469
1365 1469
1364 1469
1363 1469
1362 1469
1361 1469
1360 1469
1359 1469
1358 1469
1357 1469
1356 1469
1355 1469
1354 1469
1353 1469
1352 1469
1351 1469
1350 1469
1349 1469
1348 1469
1347 1469
1346 1469
1345 1469
1344 1469
1343 1469
