500 3504
499 3505
498 3505
497 3505
496 3505
495 3506
494 3506
493 3506
492 3506
491 3506
490 3506
489 3506
488 3506
487 3506
486 3506
485 3506
484 3506
483 3506
482 3506
481 3506
480 3506
479 3506
478 3506
477 3506
476 3506
475 3506
474 3506
473 3506
472 3506
471 3506
470 3506
469 3507
468 3507
467 3507
466 3507
465 3508
464 3508
463 3508
462 3508
461 3508
460 3508
459 3509
458 3509
457 3509
456 3509
455 3510
454 3511
453 3512
452 3512
451 3513
450 3513
449 3514
448 3515
447 3515
446 3515
445 3516
444 3516
443 3517
442 3517
441 3517
440 3517
439 3518
438 3519
437 3519
436 3519
435 3520
434 3521
433 3521
432 3521
431 3522
430 3522
429 3522
428 3522
427 3523
426 3523
425 3523
424 3523
423 3524
422 3524
421 3524
420 3524
419 3524
418 3524
417 3524
416 3524
415 3523
414 3523
413 3523
412 3523
411 3522
410 3522
409 3522
408 3522
407 3522
406 3522
405 3522
404 3522
403 3522
402 3522
401 3522
400 3522
399 3522
398 3522
397 3522
396 3522
395 3522
394 3522
393 3522
392 3522
391 3522
390 3522
389 3522
388 3522
387 3522
386 3522
385 3522
384 3522
383 3522
382 3522
381 3523
380 3523
379 3523
378 3523
377 3524
376 3524
375 3525
374 3525
373 3525
372 3525
371 3526
370 3527
369 3527
368 3527
367 3528
366 3528
365 3528
364 3528
363 3528
362 3528
361 3528
360 3528
359 3528
358 3528
357 3528
356 3528
355 3528
354 3528
353 3528
352 3528
351 3528
350 3528
349 3528
348 3528
347 3528
346 3528
345 3528
344 3528
343 3528
342 3528
341 3529
340 3529
339 3530
338 3530
337 3530
336 3530
335 3530
334 3530
333 3529
332 3529
331 3528
330 3528
329 3528
328 3528
327 3528
326 3528
325 3528
324 3528
323 3528
322 3528
321 3528
320 3528
319 3528
318 3528
317 3528
316 3528
315 3528
314 3528
313 3528
312 3528
311 3528
310 3528
309 3528
308 3528
307 3528
306 3528
305 3528
304 3528
303 3528
302 3528
301 3528
300 3528
299 3528
298 3528
297 3528
296 3528
295 3528
294 3528
293 3528
292 3528
291 3528
290 3528
289 3528
288 3528
287 3529
286 3529
285 3529
284 3529
283 3530
282 3530
281 3530
280 3530
279 3529
278 3529
277 3529
276 3529
275 3528
274 3528
273 3528
272 3528
271 3529
270 3529
269 3530
268 3531
267 3531
267 3532
266 3533
265 3534
264 3535
263 3536
263 3537
263 3538
263 3539
262 3540
262 3541
262 3542
262 3543
262 3544
262 3545
263 3546
263 3547
263 3548
263 3549
264 3550
265 3551
266 3552
266 3553
267 3554
267 3555
268 3556
269 3557
270 3558
271 3559
271 3560
272 3560
273 3561
273 3562
274 3563
275 3564
275 3565
276 3566
277 3567
278 3568
279 3569
279 3570
280 3570
281 3571
281 3572
282 3573
283 3574
283 3575
284 3576
285 3577
286 3578
287 3579
287 3580
288 3580
289 3581
289 3582
290 3582
291 3583
291 3584
292 3584
293 3585
294 3586
295 3587
296 3588
297 3588
298 3589
299 3590
300 3590
301 3591
302 3592
303 3593
304 3594
305 3594
306 3595
307 3595
308 3596
309 3597
310 3598
311 3598
312 3598
313 3598
314 3599
315 3599
316 3599
317 3599
318 3599
319 3599
320 3599
321 3599
322 3599
323 3599
324 3599
325 3599
326 3599
327 3599
328 3599
329 3599
330 3600
331 3600
332 3601
333 3602
334 3602
335 3603
335 3604
336 3604
337 3605
337 3606
338 3606
339 3607
339 3608
340 3608
341 3609
341 3610
342 3610
343 3611
344 3612
345 3612
346 3613
347 3613
348 3613
349 3613
350 3613
351 3613
352 3613
353 3613
354 3613
355 3613
356 3613
357 3613
358 3613
359 3613
360 3613
361 3613
362 3613
363 3613
364 3613
365 3613
366 3613
367 3613
368 3613
369 3613
370 3614
371 3614
372 3614
373 3614
374 3615
375 3615
376 3616
377 3616
378 3616
379 3616
380 3617
381 3617
382 3617
383 3617
384 3617
385 3617
386 3618
387 3618
388 3619
389 3620
389 3621
390 3622
390 3623
390 3624
390 3625
390 3626
390 3627
391 3628
391 3629
392 3630
393 3631
393 3632
394 3632
395 3633
396 3634
397 3635
398 3636
399 3636
400 3637
401 3638
401 3639
402 3640
403 3641
403 3642
403 3643
404 3644
405 3645
406 3646
407 3647
407 3648
408 3649
409 3650
409 3651
410 3652
410 3653
411 3654
411 3655
412 3656
413 3657
413 3658
414 3658
415 3659
415 3660
416 3660
417 3661
418 3662
419 3662
420 3663
421 3663
422 3663
423 3663
424 3663
425 3663
426 3663
427 3663
428 3663
429 3663
430 3663
431 3663
432 3663
433 3663
434 3663
435 3663
436 3663
437 3663
438 3663
439 3663
440 3664
441 3664
442 3664
443 3665
444 3666
445 3666
446 3666
447 3666
448 3667
449 3667
450 3668
451 3668
452 3668
453 3668
454 3669
455 3669
456 3670
457 3670
458 3670
459 3670
460 3671
461 3671
462 3672
463 3672
464 3673
465 3674
466 3674
467 3675
467 3676
468 3676
469 3677
469 3678
470 3678
471 3679
471 3680
472 3680
473 3681
474 3682
475 3683
476 3684
477 3684
478 3685
479 3685
480 3686
481 3686
482 3687
483 3687
484 3688
485 3688
486 3688
487 3688
488 3689
489 3689
490 3689
491 3689
492 3689
493 3689
494 3689
495 3689
496 3689
497 3689
498 3689
499 3689
500 3689
501 3689
502 3689
503 3689
504 3689
505 3689
506 3689
507 3689
508 3689
509 3689
510 3689
511 3689
512 3689
513 3689
514 3689
515 3689
516 3688
517 3688
518 3688
519 3688
520 3687
521 3687
522 3687
523 3687
524 3687
525 3687
526 3687
527 3687
528 3686
529 3686
530 3686
531 3686
532 3685
533 3685
534 3685
535 3685
536 3685
537 3685
538 3685
539 3685
540 3685
541 3685
542 3684
543 3684
544 3684
545 3684
546 3683
547 3683
548 3683
549 3683
550 3683
551 3683
552 3682
553 3682
554 3682
555 3682
556 3681
557 3681
558 3681
559 3681
560 3681
561 3681
562 3681
563 3681
564 3680
565 3680
566 3680
567 3680
568 3679
569 3679
570 3679
571 3679
572 3679
573 3679
574 3679
575 3679
576 3679
577 3679
578 3678
579 3678
580 3678
581 3678
582 3677
583 3677
584 3677
585 3677
586 3677
587 3677
588 3676
589 3676
590 3676
591 3676
592 3675
593 3675
594 3675
595 3675
596 3675
597 3675
598 3675
599 3675
600 3674
601 3674
602 3674
603 3674
604 3673
605 3673
606 3673
607 3673
608 3673
609 3673
610 3672
611 3672
612 3672
613 3672
614 3671
615 3671
616 3671
617 3671
618 3671
619 3671
620 3671
621 3671
622 3671
623 3671
624 3671
625 3671
626 3671
627 3671
628 3671
629 3671
630 3671
631 3671
632 3670
633 3670
634 3670
635 3670
636 3669
637 3669
638 3669
639 3669
640 3669
641 3669
642 3670
643 3670
644 3671
645 3672
646 3672
647 3673
648 3674
649 3674
650 3674
651 3674
652 3674
653 3674
654 3673
655 3673
656 3673
657 3673
658 3673
659 3673
660 3672
661 3672
662 3671
663 3670
664 3670
664 3669
665 3668
666 3668
667 3667
668 3666
669 3666
670 3665
671 3665
672 3665
673 3665
674 3664
675 3664
676 3663
677 3662
678 3662
678 3661
679 3660
680 3660
680 3659
681 3658
682 3658
682 3657
683 3656
684 3656
685 3655
686 3654
687 3654
688 3653
689 3653
690 3653
691 3653
692 3652
693 3652
694 3652
695 3652
696 3651
697 3650
698 3649
698 3648
699 3647
699 3646
699 3645
699 3644
700 3643
700 3642
701 3641
702 3640
702 3639
703 3638
704 3638
705 3637
706 3636
707 3636
708 3635
709 3634
710 3633
711 3632
712 3632
713 3631
714 3630
715 3630
716 3629
717 3628
718 3628
719 3628
720 3627
721 3626
722 3625
723 3624
724 3623
724 3622
725 3621
726 3620
727 3619
728 3618
729 3617
730 3616
731 3615
732 3614
733 3613
733 3612
734 3611
735 3610
736 3609
736 3608
736 3607
737 3606
738 3605
738 3604
738 3603
738 3602
739 3601
739 3600
739 3599
739 3598
739 3597
739 3596
739 3595
739 3594
739 3593
739 3592
739 3591
739 3590
739 3589
739 3588
739 3587
739 3586
739 3585
739 3584
739 3583
739 3582
738 3581
738 3580
738 3579
738 3578
737 3577
736 3576
736 3575
736 3574
735 3573
734 3572
734 3571
734 3570
733 3569
732 3568
731 3567
731 3566
730 3565
730 3564
729 3563
729 3562
728 3561
728 3560
728 3559
728 3558
727 3557
726 3556
725 3555
725 3554
724 3553
724 3552
723 3551
722 3550
722 3549
722 3548
721 3547
720 3546
719 3545
718 3544
717 3543
716 3542
715 3541
714 3541
713 3540
712 3539
711 3539
710 3538
710 3537
709 3537
708 3536
707 3535
706 3534
705 3533
704 3533
703 3533
702 3533
701 3532
700 3532
699 3531
698 3531
697 3530
696 3530
695 3529
694 3528
693 3527
692 3527
691 3527
690 3526
689 3525
688 3525
687 3524
686 3524
685 3523
684 3523
683 3522
682 3522
681 3522
680 3522
679 3521
678 3521
677 3521
676 3521
675 3520
674 3520
673 3519
672 3519
671 3518
670 3518
669 3517
668 3517
667 3516
666 3516
665 3515
664 3515
663 3515
662 3514
661 3513
660 3513
659 3513
658 3512
657 3511
656 3511
655 3511
654 3511
653 3510
652 3510
651 3510
650 3510
649 3509
648 3509
647 3509
646 3509
645 3508
644 3508
643 3508
642 3508
641 3508
640 3508
639 3508
638 3508
637 3508
636 3508
635 3508
634 3508
633 3508
632 3508
631 3508
630 3508
629 3508
628 3508
627 3508
626 3508
625 3508
624 3508
623 3508
622 3508
621 3508
620 3508
619 3508
618 3508
617 3508
616 3508
615 3508
614 3508
613 3508
612 3508
611 3508
610 3508
609 3508
608 3508
607 3508
606 3508
605 3508
604 3508
603 3508
602 3508
601 3508
600 3508
599 3508
598 3508
597 3507
596 3507
595 3507
594 3507
593 3506
592 3506
591 3506
590 3506
589 3506
588 3506
587 3506
586 3506
585 3506
584 3506
583 3506
582 3506
581 3506
580 3506
579 3506
578 3506
577 3506
576 3506
575 3506
574 3506
573 3506
572 3506
571 3506
570 3506
569 3506
568 3506
567 3505
566 3505
565 3505
564 3505
563 3504
562 3504
561 3504
560 3504
559 3504
558 3504
557 3504
556 3504
555 3504
554 3504
553 3504
552 3504
551 3504
550 3504
549 3504
548 3504
547 3504
546 3504
545 3504
544 3504
543 3504
542 3504
541 3504
540 3504
539 3504
538 3504
537 3504
536 3504
535 3504
534 3504
533 3504
532 3504
531 3504
530 3504
529 3504
528 3504
527 3504
526 3504
525 3504
524 3504
523 3504
522 3504
521 3504
520 3504
519 3504
518 3504
517 3504
516 3504
515 3504
514 3504
513 3504
512 3504
511 3504
510 3504
509 3504
508 3504
507 3504
506 3504
505 3504
504 3504
503 3504
502 3504
501 3504
500 3504
