210 4221
209 4222
208 4222
207 4223
206 4224
205 4225
205 4226
205 4227
204 4228
203 4229
203 4230
203 4231
202 4232
201 4233
201 4234
200 4235
200 4236
199 4237
198 4238
197 4239
197 4240
197 4241
197 4242
196 4243
196 4244
196 4245
196 4246
196 4247
196 4248
196 4249
196 4250
196 4251
196 4252
196 4253
196 4254
197 4255
197 4256
197 4257
197 4258
198 4259
198 4260
198 4261
198 4262
199 4263
199 4264
199 4265
199 4266
200 4267
200 4268
200 4269
200 4270
200 4271
200 4272
200 4273
200 4274
200 4275
200 4276
200 4277
200 4278
200 4279
200 4280
200 4281
200 4282
201 4283
201 4284
201 4285
201 4286
202 4287
203 4288
203 4289
203 4290
204 4291
205 4292
205 4293
205 4294
206 4295
207 4296
207 4297
207 4298
208 4299
209 4300
209 4301
209 4302
210 4303
211 4304
212 4305
212 4306
213 4307
213 4308
214 4309
215 4310
215 4311
215 4312
216 4313
217 4314
217 4315
217 4316
218 4317
219 4318
219 4319
219 4320
220 4321
221 4322
222 4323
222 4324
223 4325
223 4326
224 4327
225 4328
225 4329
225 4330
226 4331
227 4332
227 4333
227 4334
228 4335
229 4336
229 4337
229 4338
230 4339
231 4340
232 4341
233 4342
233 4343
234 4343
235 4344
235 4345
236 4346
237 4347
237 4348
238 4349
239 4350
239 4351
239 4352
240 4353
241 4354
242 4355
243 4356
243 4357
244 4357
245 4358
245 4359
246 4360
247 4361
247 4362
248 4363
249 4364
249 4365
249 4366
250 4367
251 4368
251 4369
251 4370
252 4371
253 4372
254 4373
255 4374
255 4375
256 4375
257 4376
257 4377
258 4377
259 4378
259 4379
260 4379
261 4380
261 4381
262 4381
263 4382
263 4383
264 4383
265 4384
265 4385
266 4385
267 4386
267 4387
268 4387
269 4388
269 4389
270 4389
271 4390
271 4391
272 4391
273 4392
273 4393
274 4393
275 4394
276 4395
277 4396
278 4397
279 4397
280 4397
281 4397
282 4398
283 4398
284 4398
285 4398
286 4398
287 4398
288 4398
289 4398
290 4398
291 4398
292 4398
293 4398
294 4398
295 4398
296 4398
297 4398
298 4398
299 4398
300 4398
301 4398
302 4398
303 4398
304 4398
305 4398
306 4398
307 4398
308 4398
309 4398
310 4397
311 4397
312 4397
313 4397
314 4396
315 4396
316 4396
317 4396
318 4396
319 4396
320 4396
321 4396
322 4396
323 4396
324 4396
325 4396
326 4396
327 4396
328 4396
329 4396
330 4396
331 4396
332 4396
333 4396
334 4396
335 4396
336 4396
337 4396
338 4396
339 4396
340 4396
341 4396
342 4395
343 4395
344 4395
345 4395
346 4395
347 4395
348 4395
349 4395
350 4396
351 4396
352 4396
353 4396
354 4396
355 4396
356 4396
357 4396
358 4396
359 4396
360 4396
361 4396
362 4396
363 4396
364 4396
365 4396
366 4396
367 4396
368 4396
369 4396
370 4395
371 4395
372 4395
373 4395
374 4394
375 4394
376 4394
377 4394
378 4394
379 4394
380 4394
381 4394
382 4394
383 4394
384 4393
385 4393
386 4393
387 4393
388 4392
389 4392
390 4392
391 4392
392 4392
393 4392
394 4392
395 4392
396 4392
397 4392
398 4392
399 4392
400 4392
401 4392
402 4392
403 4392
404 4392
405 4392
406 4392
407 4392
408 4392
409 4392
410 4392
411 4392
412 4392
413 4392
414 4392
415 4392
416 4392
417 4392
418 4391
419 4391
420 4391
421 4391
422 4390
423 4390
424 4390
425 4390
426 4390
427 4390
428 4390
429 4390
430 4390
431 4390
432 4389
433 4389
434 4389
435 4389
436 4388
437 4387
438 4387
439 4387
440 4386
441 4386
442 4386
443 4386
444 4386
445 4386
446 4386
447 4386
448 4386
449 4386
450 4386
451 4386
452 4386
453 4386
454 4386
455 4386
456 4386
457 4386
458 4386
459 4386
460 4385
461 4385
462 4385
463 4385
464 4384
465 4384
466 4384
467 4384
468 4384
469 4384
470 4384
471 4384
472 4384
473 4384
474 4384
475 4384
476 4384
477 4384
478 4384
479 4384
480 4384
481 4384
482 4383
483 4383
484 4383
485 4383
486 4382
487 4382
488 4381
489 4381
490 4381
491 4381
492 4380
493 4380
494 4380
495 4380
496 4380
497 4380
498 4380
499 4380
500 4380
501 4380
502 4379
503 4379
504 4379
505 4379
506 4378
507 4378
508 4378
509 4378
510 4378
511 4378
512 4378
513 4378
514 4378
515 4378
516 4378
517 4378
518 4378
519 4378
520 4378
521 4378
522 4378
523 4378
524 4378
525 4378
526 4377
527 4377
528 4377
529 4377
530 4376
531 4376
532 4376
533 4376
534 4376
535 4376
536 4376
537 4376
538 4376
539 4376
540 4376
541 4376
542 4376
543 4376
544 4376
545 4376
546 4375
547 4375
548 4375
549 4375
550 4374
551 4374
552 4374
553 4374
554 4374
555 4374
556 4374
557 4374
558 4374
559 4374
560 4374
561 4374
562 4374
563 4374
564 4374
565 4374
566 4373
567 4373
568 4373
569 4373
570 4372
571 4372
572 4372
573 4372
574 4372
575 4372
576 4372
577 4372
578 4372
579 4372
580 4372
581 4372
582 4372
583 4372
584 4372
585 4372
586 4372
587 4372
588 4372
589 4372
590 4372
591 4372
592 4372
593 4372
594 4372
595 4372
596 4372
597 4372
598 4372
599 4372
600 4372
601 4372
602 4372
603 4372
604 4372
605 4372
606 4372
607 4372
608 4372
609 4372
610 4372
611 4372
612 4372
613 4372
614 4372
615 4372
616 4372
617 4372
618 4372
619 4372
620 4372
621 4372
622 4372
623 4372
624 4372
625 4372
626 4372
627 4372
628 4372
629 4372
630 4372
631 4372
632 4372
633 4372
634 4372
635 4372
636 4372
637 4372
638 4372
639 4372
640 4372
641 4372
642 4372
643 4372
644 4372
645 4372
646 4372
647 4372
648 4372
649 4372
650 4372
651 4372
652 4372
653 4372
654 4372
655 4372
656 4371
657 4371
658 4371
659 4371
660 4370
661 4370
662 4370
663 4370
664 4370
665 4370
666 4370
667 4370
668 4370
669 4370
670 4370
671 4370
672 4370
673 4370
674 4369
675 4369
676 4369
677 4369
678 4368
679 4367
680 4366
681 4365
682 4365
682 4364
683 4363
684 4363
685 4362
686 4361
687 4361
688 4360
689 4360
690 4359
691 4359
692 4358
693 4357
694 4357
694 4356
695 4355
696 4354
697 4353
698 4352
698 4351
699 4350
699 4349
700 4348
700 4347
701 4346
701 4345
701 4344
701 4343
701 4342
701 4341
701 4340
701 4339
702 4338
702 4337
702 4336
702 4335
703 4334
703 4333
703 4332
703 4331
703 4330
703 4329
703 4328
703 4327
703 4326
703 4325
702 4324
702 4323
701 4322
700 4321
700 4320
699 4320
698 4319
698 4318
697 4318
696 4317
696 4316
695 4316
694 4315
694 4314
693 4314
692 4313
692 4312
691 4312
690 4311
690 4310
689 4309
688 4308
688 4307
687 4306
687 4305
686 4304
686 4303
686 4302
686 4301
685 4300
684 4299
683 4298
682 4298
681 4297
680 4297
679 4297
678 4297
677 4297
676 4297
675 4297
674 4297
673 4297
672 4297
671 4297
670 4297
669 4297
668 4297
667 4296
666 4296
665 4295
664 4295
663 4294
662 4294
661 4293
660 4293
659 4293
658 4293
657 4293
656 4293
655 4292
654 4292
653 4292
652 4291
651 4290
650 4290
649 4289
648 4289
647 4288
646 4288
645 4287
644 4287
643 4287
642 4287
641 4287
640 4287
639 4287
638 4287
637 4287
636 4287
635 4287
634 4287
633 4287
632 4287
631 4287
630 4287
629 4287
628 4287
627 4287
626 4287
625 4287
624 4287
623 4287
622 4287
621 4287
620 4287
619 4286
618 4286
617 4286
616 4286
615 4285
614 4285
613 4285
612 4285
611 4285
610 4285
609 4285
608 4285
607 4285
606 4285
605 4285
604 4285
603 4285
602 4285
601 4285
600 4285
599 4285
598 4285
597 4285
596 4285
595 4285
594 4285
593 4285
592 4285
591 4285
590 4285
589 4285
588 4285
587 4285
586 4285
585 4286
584 4286
583 4286
582 4286
581 4287
580 4287
579 4287
578 4287
577 4287
576 4287
575 4287
574 4287
573 4287
572 4287
571 4287
570 4287
569 4287
568 4287
567 4286
566 4286
565 4286
564 4286
563 4285
562 4285
561 4285
560 4285
559 4285
558 4285
557 4284
556 4284
555 4283
554 4282
553 4281
552 4280
552 4279
551 4278
550 4277
549 4276
548 4276
547 4275
546 4275
545 4275
544 4275
543 4275
542 4275
541 4274
540 4274
539 4274
538 4274
537 4273
536 4273
535 4273
534 4273
533 4272
532 4272
531 4272
530 4272
529 4271
528 4271
527 4271
526 4271
525 4271
524 4271
523 4271
522 4271
521 4271
520 4271
519 4271
518 4271
517 4271
516 4271
515 4271
514 4271
513 4271
512 4271
511 4271
510 4271
509 4271
508 4271
507 4270
506 4270
505 4270
504 4270
503 4269
502 4269
501 4269
500 4269
499 4269
498 4269
497 4268
496 4268
495 4268
494 4268
493 4267
492 4267
491 4267
490 4267
489 4267
488 4267
487 4267
486 4267
485 4267
484 4267
483 4267
482 4267
481 4267
480 4267
479 4266
478 4266
477 4266
476 4266
475 4265
474 4265
473 4265
472 4265
471 4265
470 4265
469 4264
468 4264
467 4264
466 4264
465 4263
464 4263
463 4263
462 4263
461 4263
460 4263
459 4263
458 4263
457 4263
456 4263
455 4263
454 4263
453 4263
452 4263
451 4263
450 4263
449 4263
448 4263
447 4263
446 4263
445 4263
444 4263
443 4263
442 4263
441 4263
440 4263
439 4263
438 4263
437 4263
436 4263
435 4263
434 4263
433 4262
432 4262
431 4262
430 4262
429 4261
428 4261
427 4261
426 4261
425 4261
424 4261
423 4261
422 4261
421 4261
420 4261
419 4260
418 4260
417 4260
416 4260
415 4259
414 4259
413 4259
412 4259
411 4259
410 4259
409 4259
408 4259
407 4259
406 4259
405 4259
404 4259
403 4259
402 4259
401 4258
400 4258
399 4258
398 4258
397 4257
396 4257
395 4257
394 4257
393 4257
392 4257
391 4257
390 4257
389 4257
388 4257
387 4257
386 4257
385 4256
384 4256
383 4256
382 4256
381 4255
380 4255
379 4254
378 4254
377 4254
376 4254
375 4253
374 4253
373 4253
372 4253
371 4253
370 4253
369 4253
368 4253
367 4253
366 4253
365 4253
364 4253
363 4253
362 4253
361 4253
360 4253
359 4253
358 4253
357 4253
356 4253
355 4253
354 4253
353 4253
352 4253
351 4253
350 4253
349 4253
348 4253
347 4253
346 4253
345 4253
344 4253
343 4253
342 4253
341 4254
340 4254
339 4254
338 4254
337 4254
336 4254
335 4254
334 4254
333 4253
332 4253
331 4252
330 4252
329 4252
328 4252
327 4251
326 4251
325 4251
324 4251
323 4250
322 4250
321 4250
320 4250
319 4249
318 4249
317 4249
316 4249
315 4249
314 4249
313 4248
312 4248
311 4248
310 4248
309 4247
308 4247
307 4247
306 4247
305 4247
304 4247
303 4247
302 4247
301 4247
300 4247
299 4246
298 4246
297 4246
296 4246
295 4245
294 4245
293 4244
292 4244
291 4244
290 4244
289 4243
288 4243
287 4243
286 4243
285 4243
284 4243
283 4243
282 4243
281 4243
280 4243
279 4242
278 4242
277 4241
276 4241
275 4240
274 4240
273 4239
272 4239
271 4239
270 4239
269 4239
268 4239
267 4239
266 4239
265 4239
264 4239
263 4238
262 4238
261 4238
260 4237
259 4236
258 4236
257 4236
256 4236
255 4235
254 4235
253 4234
252 4234
251 4234
250 4234
249 4233
248 4233
247 4233
246 4233
245 4232
244 4232
243 4232
242 4231
241 4230
240 4230
239 4230
238 4230
237 4229
236 4229
235 4229
234 4229
233 4228
232 4228
231 4227
230 4227
229 4226
228 4226
227 4225
226 4225
225 4225
224 4225
223 4224
222 4224
221 4223
220 4223
219 4222
218 4222
217 4221
216 4221
215 4221
214 4221
213 4221
212 4221
211 4221
210 4221
