911 459
910 460
909 460
908 460
907 460
906 461
905 461
904 462
903 462
902 462
901 462
900 463
899 463
898 463
897 463
896 463
895 463
894 463
893 463
892 463
891 463
890 463
889 463
888 463
887 463
886 464
885 464
884 464
883 464
882 465
881 465
880 465
879 465
878 465
877 465
876 465
875 465
874 465
873 465
872 465
871 465
870 465
869 465
868 465
867 465
866 465
865 465
864 465
863 465
862 465
861 465
860 466
859 466
858 466
857 466
856 467
855 468
854 468
853 468
852 469
851 469
850 469
849 469
848 469
847 469
846 470
845 470
844 471
843 471
842 472
841 472
840 473
839 473
838 473
837 473
836 474
835 474
834 474
833 474
832 475
831 476
830 476
829 476
828 477
827 477
826 477
825 477
824 478
823 478
822 478
821 478
820 479
819 479
818 479
817 479
816 480
815 480
814 480
813 480
812 481
811 482
810 483
809 484
808 484
808 485
807 486
806 486
806 487
805 488
804 488
804 489
803 490
802 490
801 491
800 492
799 492
798 493
797 494
796 495
795 496
794 496
794 497
793 498
792 498
792 499
791 500
790 500
790 501
789 502
788 502
788 503
787 504
786 505
786 506
785 507
785 508
784 509
784 510
784 511
784 512
783 513
783 514
783 515
783 516
783 517
783 518
783 519
783 520
783 521
783 522
784 523
784 524
784 525
784 526
785 527
785 528
785 529
785 530
785 531
785 532
785 533
785 534
786 535
786 536
786 537
786 538
787 539
788 540
788 541
788 542
789 543
790 544
791 545
792 546
793 547
794 547
795 548
796 548
797 549
798 550
799 551
800 551
801 552
802 552
803 553
804 554
805 555
806 555
807 555
808 555
809 556
810 556
811 556
812 556
813 556
814 556
815 556
816 556
817 556
818 556
819 556
820 556
821 557
822 557
823 558
824 558
825 559
826 559
827 560
828 560
829 561
830 561
831 561
832 562
833 563
834 563
835 563
836 563
837 564
838 564
839 565
840 565
841 565
842 565
843 566
844 566
845 567
846 567
847 567
848 567
849 568
850 568
851 569
852 569
853 570
854 570
855 571
856 571
857 572
858 572
859 573
860 573
861 574
862 574
863 575
864 575
865 576
866 576
867 576
868 576
869 577
870 577
871 577
872 578
873 579
874 579
875 579
876 579
877 580
878 580
879 581
880 581
881 581
882 581
883 582
884 582
885 582
886 582
887 582
888 582
889 582
890 582
891 582
892 582
893 583
894 583
895 583
896 583
897 584
898 584
899 585
900 585
901 585
902 585
903 586
904 586
905 586
906 586
907 585
908 585
909 585
910 585
911 584
912 584
913 583
914 583
915 583
916 583
917 582
918 582
919 581
920 581
921 581
922 581
923 580
924 579
925 579
926 579
927 578
928 577
929 577
930 577
931 576
932 576
933 576
934 576
935 576
936 576
937 576
938 576
939 576
940 576
941 576
942 576
943 575
944 575
945 575
946 575
947 574
948 573
949 573
950 573
951 572
952 571
953 571
954 571
955 570
956 569
957 569
958 569
959 568
960 567
961 566
962 565
963 565
963 564
964 563
965 563
965 562
966 561
967 560
968 559
969 558
969 557
970 556
971 555
971 554
972 553
973 553
973 552
974 551
975 551
975 550
976 549
977 549
977 548
978 547
979 547
979 546
980 545
981 544
982 543
983 542
983 541
983 540
984 539
985 538
985 537
985 536
985 535
986 534
986 533
986 532
986 531
986 530
986 529
986 528
986 527
986 526
986 525
986 524
986 523
986 522
986 521
985 520
985 519
985 518
985 517
984 516
984 515
983 514
983 513
983 512
983 511
982 510
982 509
982 508
982 507
981 506
981 505
981 504
981 503
980 502
979 501
978 500
977 499
977 498
976 498
975 497
975 496
974 496
973 495
973 494
972 494
971 493
971 492
970 492
969 491
969 490
968 489
967 488
967 487
966 486
966 485
966 484
966 483
966 482
966 481
966 480
966 479
966 478
966 477
966 476
966 475
966 474
966 473
965 472
965 471
964 470
963 470
962 469
961 469
960 468
959 468
958 467
957 467
956 466
955 466
954 465
953 465
952 464
951 464
950 464
949 463
948 462
947 462
946 462
945 462
944 461
943 461
942 461
941 461
940 461
939 461
938 461
937 461
936 461
935 461
934 461
933 461
932 461
931 461
930 460
929 460
928 460
927 460
926 459
925 459
924 459
923 459
922 459
921 459
920 459
919 459
918 459
917 459
916 459
915 459
914 459
913 459
912 459
911 459
