479 3859
478 3860
477 3860
476 3860
475 3860
474 3861
473 3862
472 3862
471 3862
470 3863
469 3863
468 3864
467 3864
466 3864
465 3864
464 3865
463 3865
462 3865
461 3865
460 3865
459 3865
458 3865
457 3865
456 3865
455 3865
454 3866
453 3866
452 3866
451 3866
450 3867
449 3867
448 3867
447 3867
446 3867
445 3867
444 3867
443 3867
442 3868
441 3868
440 3868
439 3868
438 3869
437 3869
436 3869
435 3869
434 3869
433 3869
432 3869
431 3869
430 3869
429 3869
428 3869
427 3869
426 3869
425 3869
424 3869
423 3869
422 3869
421 3869
420 3869
419 3869
418 3869
417 3869
416 3869
415 3869
414 3870
413 3870
412 3870
411 3870
410 3871
409 3871
408 3871
407 3871
406 3872
405 3872
404 3872
403 3872
402 3873
401 3873
400 3873
399 3873
398 3873
397 3873
396 3874
395 3874
394 3875
394 3876
394 3877
394 3878
395 3879
396 3880
397 3881
398 3881
399 3882
400 3883
401 3883
402 3884
403 3885
404 3885
405 3886
406 3886
407 3886
408 3886
409 3886
410 3886
411 3886
412 3887
413 3887
414 3887
415 3887
416 3887
417 3888
418 3888
419 3888
420 3889
421 3890
422 3890
423 3891
424 3891
425 3892
426 3892
427 3893
428 3893
429 3894
430 3894
431 3894
432 3894
433 3895
434 3895
435 3895
436 3895
437 3896
438 3896
439 3896
440 3896
441 3896
442 3896
443 3896
444 3896
445 3897
446 3897
447 3897
448 3897
449 3898
450 3898
451 3898
452 3898
453 3899
454 3899
455 3899
456 3899
457 3900
458 3900
459 3900
460 3900
461 3900
462 3900
463 3901
464 3901
465 3901
466 3901
467 3902
468 3902
469 3902
470 3902
471 3902
472 3902
473 3902
474 3902
475 3902
476 3902
477 3903
478 3903
479 3904
480 3905
481 3905
482 3906
483 3907
484 3907
485 3908
486 3908
487 3908
488 3908
489 3908
490 3908
491 3908
492 3908
493 3908
494 3908
495 3908
496 3908
497 3908
498 3908
499 3908
500 3908
501 3908
502 3908
503 3908
504 3908
505 3908
506 3908
507 3908
508 3908
509 3908
510 3908
511 3908
512 3908
513 3908
514 3908
515 3908
516 3908
517 3908
518 3908
519 3908
520 3908
521 3908
522 3908
523 3907
524 3907
525 3906
526 3905
527 3905
528 3904
529 3903
530 3903
531 3902
532 3901
533 3901
534 3901
535 3900
536 3899
537 3898
538 3897
539 3897
539 3896
540 3895
541 3895
541 3894
542 3893
543 3893
543 3892
544 3891
545 3890
545 3889
546 3888
546 3887
546 3886
546 3885
546 3884
546 3883
546 3882
546 3881
546 3880
546 3879
546 3878
546 3877
546 3876
546 3875
545 3874
545 3873
544 3872
543 3872
542 3871
541 3871
540 3870
539 3870
538 3869
537 3868
536 3868
535 3867
535 3866
534 3866
533 3865
533 3864
532 3864
531 3863
531 3862
530 3862
529 3861
528 3860
527 3860
526 3859
525 3859
524 3859
523 3859
522 3859
521 3859
520 3859
519 3859
518 3859
517 3859
516 3859
515 3859
514 3859
513 3859
512 3859
511 3859
510 3859
509 3859
508 3859
507 3859
506 3859
505 3859
504 3859
503 3859
502 3859
501 3859
500 3859
499 3859
498 3859
497 3859
496 3859
495 3859
494 3859
493 3859
492 3859
491 3859
490 3859
489 3859
488 3859
487 3859
486 3859
485 3859
484 3859
483 3859
482 3859
481 3859
480 3859
479 3859
