1501 5081
1500 5082
1499 5082
1498 5082
1497 5082
1496 5083
1495 5083
1494 5083
1493 5083
1492 5083
1491 5083
1490 5083
1489 5083
1488 5084
1487 5084
1486 5084
1485 5084
1484 5085
1483 5085
1482 5085
1481 5085
1480 5085
1479 5085
1478 5085
1477 5085
1476 5085
1475 5085
1474 5085
1473 5085
1472 5086
1471 5086
1470 5086
1469 5086
1468 5087
1467 5087
1466 5088
1465 5088
1464 5088
1463 5088
1462 5089
1461 5089
1460 5089
1459 5089
1458 5089
1457 5089
1456 5089
1455 5089
1454 5089
1453 5089
1452 5089
1451 5089
1450 5089
1449 5089
1448 5089
1447 5089
1446 5088
1445 5088
1444 5088
1443 5088
1442 5087
1441 5087
1440 5087
1439 5087
1438 5087
1437 5087
1436 5087
1435 5087
1434 5087
1433 5087
1432 5087
1431 5087
1430 5087
1429 5087
1428 5087
1427 5087
1426 5087
1425 5087
1424 5087
1423 5087
1422 5087
1421 5087
1420 5087
1419 5087
1418 5087
1417 5087
1416 5087
1415 5087
1414 5087
1413 5087
1412 5087
1411 5087
1410 5087
1409 5087
1408 5087
1407 5087
1406 5087
1405 5087
1404 5087
1403 5087
1402 5087
1401 5087
1400 5087
1399 5087
1398 5088
1397 5088
1396 5088
1395 5088
1394 5089
1393 5089
1392 5089
1391 5089
1390 5090
1389 5090
1388 5090
1387 5090
1386 5091
1385 5092
1384 5092
1383 5092
1382 5093
1381 5093
1380 5094
1379 5094
1378 5094
1377 5094
1376 5095
1375 5096
1374 5096
1373 5096
1372 5097
1371 5098
1370 5098
1369 5098
1368 5099
1367 5099
1366 5100
1365 5100
1364 5100
1363 5100
1362 5101
1361 5101
1360 5102
1359 5102
1358 5102
1357 5102
1356 5103
1355 5104
1354 5104
1353 5104
1352 5105
1351 5105
1350 5105
1349 5105
1348 5105
1347 5105
1346 5105
1345 5105
1344 5105
1343 5105
1342 5105
1341 5105
1340 5105
1339 5105
1338 5105
1337 5105
1336 5105
1335 5105
1334 5105
1333 5105
1332 5105
1331 5105
1330 5105
1329 5105
1328 5105
1327 5105
1326 5105
1325 5105
1324 5105
1323 5105
1322 5105
1321 5105
1320 5105
1319 5105
1318 5106
1317 5106
1316 5106
1315 5106
1314 5107
1313 5107
1312 5108
1311 5108
1310 5108
1309 5108
1308 5109
1307 5109
1306 5109
1305 5109
1304 5109
1303 5109
1302 5109
1301 5109
1300 5109
1299 5109
1298 5109
1297 5109
1296 5110
1295 5110
1294 5110
1293 5110
1292 5111
1291 5112
1290 5112
1289 5112
1288 5113
1287 5113
1286 5114
1285 5114
1284 5114
1283 5114
1282 5115
1281 5115
1280 5115
1279 5115
1278 5115
1277 5115
1276 5116
1275 5116
1274 5116
1273 5116
1272 5117
1271 5117
1270 5117
1269 5117
1268 5117
1267 5117
1266 5117
1265 5117
1264 5117
1263 5117
1262 5117
1261 5117
1260 5117
1259 5117
1258 5117
1257 5117
1256 5117
1255 5117
1254 5117
1253 5117
1252 5117
1251 5117
1250 5117
1249 5117
1248 5117
1247 5117
1246 5117
1245 5117
1244 5116
1243 5116
1242 5116
1241 5116
1240 5115
1239 5115
1238 5115
1237 5115
1236 5115
1235 5115
1234 5115
1233 5115
1232 5115
1231 5115
1230 5115
1229 5115
1228 5115
1227 5115
1226 5115
1225 5115
1224 5115
1223 5115
1222 5115
1221 5115
1220 5115
1219 5115
1218 5115
1217 5115
1216 5115
1215 5115
1214 5116
1213 5116
1212 5116
1211 5116
1210 5117
1209 5118
1208 5118
1207 5118
1206 5119
1205 5120
1204 5120
1203 5120
1202 5120
1201 5120
1200 5120
1199 5120
1198 5120
1197 5120
1196 5120
1195 5120
1194 5121
1193 5121
1192 5121
1191 5121
1190 5121
1189 5121
1188 5122
1187 5122
1186 5122
1185 5122
1184 5123
1183 5123
1182 5123
1181 5123
1180 5123
1179 5123
1178 5123
1177 5123
1176 5123
1175 5123
1174 5124
1173 5124
1172 5124
1171 5124
1170 5125
1169 5126
1168 5126
1167 5126
1166 5127
1165 5127
1164 5128
1163 5128
1162 5129
1161 5130
1160 5131
1160 5132
1159 5133
1159 5134
1158 5135
1158 5136
1157 5137
1157 5138
1156 5139
1155 5140
1154 5141
1154 5142
1154 5143
1154 5144
1153 5145
1153 5146
1153 5147
1153 5148
1154 5149
1154 5150
1155 5151
1156 5152
1156 5153
1157 5153
1158 5154
1158 5155
1159 5155
1160 5156
1160 5157
1161 5158
1162 5159
1162 5160
1163 5161
1164 5162
1165 5163
1166 5164
1166 5165
1167 5165
1168 5166
1168 5167
1169 5167
1170 5168
1171 5169
1172 5170
1173 5171
1174 5171
1175 5172
1176 5172
1177 5173
1178 5174
1179 5175
1180 5175
1181 5176
1182 5176
1183 5177
1184 5178
1185 5179
1186 5179
1187 5180
1188 5180
1189 5181
1190 5182
1191 5183
1192 5183
1193 5184
1194 5184
1195 5185
1196 5185
1197 5186
1198 5186
1199 5187
1200 5187
1201 5188
1202 5188
1203 5189
1204 5190
1205 5191
1206 5191
1207 5191
1208 5191
1209 5192
1210 5192
1211 5193
1212 5193
1213 5193
1214 5194
1215 5195
1216 5195
1217 5195
1218 5195
1219 5196
1220 5196
1221 5197
1222 5197
1223 5197
1224 5198
1225 5199
1226 5199
1227 5199
1228 5199
1229 5200
1230 5200
1231 5200
1232 5200
1233 5201
1234 5201
1235 5201
1236 5201
1237 5202
1238 5202
1239 5203
1240 5203
1241 5203
1242 5203
1243 5204
1244 5204
1245 5204
1246 5204
1247 5205
1248 5205
1249 5206
1250 5206
1251 5207
1252 5207
1253 5208
1254 5208
1255 5208
1256 5208
1257 5208
1258 5208
1259 5209
1260 5209
1261 5210
1262 5210
1263 5211
1264 5211
1265 5212
1266 5212
1267 5213
1268 5213
1269 5213
1270 5214
1271 5215
1272 5215
1273 5215
1274 5215
1275 5216
1276 5216
1277 5216
1278 5216
1279 5216
1280 5216
1281 5216
1282 5216
1283 5217
1284 5217
1285 5218
1286 5218
1287 5219
1288 5219
1289 5220
1290 5220
1291 5220
1292 5220
1293 5220
1294 5220
1295 5221
1296 5221
1297 5221
1298 5221
1299 5222
1300 5222
1301 5222
1302 5222
1303 5223
1304 5223
1305 5223
1306 5223
1307 5224
1308 5224
1309 5224
1310 5224
1311 5225
1312 5225
1313 5225
1314 5225
1315 5226
1316 5226
1317 5226
1318 5226
1319 5226
1320 5226
1321 5227
1322 5227
1323 5227
1324 5227
1325 5228
1326 5228
1327 5228
1328 5228
1329 5228
1330 5228
1331 5228
1332 5228
1333 5228
1334 5228
1335 5228
1336 5228
1337 5228
1338 5228
1339 5229
1340 5229
1341 5229
1342 5230
1343 5231
1344 5231
1345 5231
1346 5231
1347 5232
1348 5232
1349 5232
1350 5232
1351 5232
1352 5232
1353 5233
1354 5233
1355 5233
1356 5233
1357 5234
1358 5234
1359 5235
1360 5235
1361 5235
1362 5235
1363 5236
1364 5236
1365 5236
1366 5236
1367 5236
1368 5236
1369 5236
1370 5236
1371 5236
1372 5236
1373 5236
1374 5236
1375 5236
1376 5236
1377 5237
1378 5237
1379 5237
1380 5237
1381 5238
1382 5238
1383 5238
1384 5238
1385 5238
1386 5238
1387 5238
1388 5238
1389 5238
1390 5238
1391 5238
1392 5238
1393 5238
1394 5238
1395 5238
1396 5238
1397 5238
1398 5238
1399 5238
1400 5238
1401 5238
1402 5238
1403 5238
1404 5238
1405 5238
1406 5238
1407 5239
1408 5239
1409 5239
1410 5239
1411 5240
1412 5240
1413 5240
1414 5240
1415 5240
1416 5240
1417 5240
1418 5240
1419 5240
1420 5240
1421 5240
1422 5240
1423 5240
1424 5240
1425 5240
1426 5240
1427 5240
1428 5240
1429 5240
1430 5240
1431 5240
1432 5240
1433 5240
1434 5240
1435 5241
1436 5241
1437 5241
1438 5241
1439 5242
1440 5242
1441 5242
1442 5242
1443 5242
1444 5242
1445 5242
1446 5242
1447 5242
1448 5242
1449 5242
1450 5242
1451 5242
1452 5242
1453 5242
1454 5242
1455 5242
1456 5242
1457 5242
1458 5242
1459 5242
1460 5242
1461 5242
1462 5242
1463 5242
1464 5242
1465 5242
1466 5242
1467 5242
1468 5242
1469 5242
1470 5242
1471 5242
1472 5242
1473 5241
1474 5241
1475 5240
1476 5240
1477 5239
1478 5239
1479 5238
1480 5238
1481 5238
1482 5238
1483 5238
1484 5238
1485 5238
1486 5238
1487 5238
1488 5238
1489 5238
1490 5238
1491 5238
1492 5238
1493 5238
1494 5238
1495 5238
1496 5238
1497 5238
1498 5238
1499 5237
1500 5237
1501 5237
1502 5237
1503 5236
1504 5236
1505 5236
1506 5236
1507 5236
1508 5236
1509 5236
1510 5236
1511 5236
1512 5236
1513 5236
1514 5236
1515 5236
1516 5236
1517 5236
1518 5236
1519 5236
1520 5236
1521 5236
1522 5236
1523 5236
1524 5236
1525 5236
1526 5236
1527 5235
1528 5235
1529 5234
1530 5234
1531 5233
1532 5233
1533 5232
1534 5232
1535 5232
1536 5232
1537 5232
1538 5232
1539 5232
1540 5232
1541 5232
1542 5232
1543 5232
1544 5232
1545 5231
1546 5231
1547 5231
1548 5231
1549 5230
1550 5230
1551 5230
1552 5230
1553 5231
1554 5231
1555 5231
1556 5231
1557 5232
1558 5232
1559 5232
1560 5232
1561 5231
1562 5231
1563 5231
1564 5231
1565 5230
1566 5230
1567 5230
1568 5230
1569 5230
1570 5230
1571 5229
1572 5229
1573 5228
1574 5228
1575 5227
1576 5227
1577 5226
1578 5226
1579 5225
1580 5225
1581 5224
1582 5223
1583 5223
1583 5222
1584 5221
1585 5221
1586 5220
1587 5219
1588 5219
1589 5218
1590 5218
1591 5217
1592 5217
1593 5216
1594 5215
1595 5215
1595 5214
1596 5213
1597 5212
1597 5211
1598 5210
1598 5209
1599 5208
1599 5207
1600 5206
1600 5205
1601 5204
1601 5203
1602 5202
1602 5201
1603 5200
1603 5199
1603 5198
1604 5197
1605 5196
1605 5195
1606 5194
1606 5193
1607 5192
1608 5191
1609 5190
1609 5189
1609 5188
1609 5187
1610 5186
1610 5185
1610 5184
1610 5183
1611 5182
1611 5181
1612 5180
1612 5179
1613 5178
1613 5177
1614 5176
1614 5175
1614 5174
1614 5173
1614 5172
1614 5171
1614 5170
1614 5169
1613 5168
1613 5167
1613 5166
1613 5165
1612 5164
1611 5163
1610 5162
1609 5161
1609 5160
1608 5160
1607 5159
1607 5158
1606 5158
1605 5157
1605 5156
1604 5156
1603 5155
1603 5154
1602 5154
1601 5153
1601 5152
1600 5152
1599 5151
1599 5150
1598 5150
1597 5149
1597 5148
1596 5148
1595 5147
1595 5146
1594 5146
1593 5145
1593 5144
1592 5144
1591 5143
1591 5142
1590 5141
1589 5140
1589 5139
1588 5138
1587 5137
1586 5136
1585 5135
1585 5134
1584 5133
1583 5132
1583 5131
1582 5130
1581 5129
1581 5128
1581 5127
1580 5126
1579 5125
1578 5124
1578 5123
1577 5122
1577 5121
1576 5120
1576 5119
1575 5118
1575 5117
1574 5116
1574 5115
1573 5114
1573 5113
1572 5112
1571 5111
1571 5110
1571 5109
1570 5108
1570 5107
1569 5106
1569 5105
1569 5104
1569 5103
1568 5102
1567 5101
1567 5100
1567 5099
1566 5098
1566 5097
1565 5096
1565 5095
1565 5094
1565 5093
1564 5092
1564 5091
1563 5090
1563 5089
1562 5088
1561 5087
1561 5086
1560 5086
1559 5085
1559 5084
1558 5084
1557 5083
1556 5082
1555 5082
1554 5081
1553 5081
1552 5081
1551 5081
1550 5081
1549 5081
1548 5081
1547 5081
1546 5081
1545 5081
1544 5081
1543 5081
1542 5081
1541 5081
1540 5081
1539 5081
1538 5081
1537 5081
1536 5081
1535 5081
1534 5081
1533 5081
1532 5081
1531 5081
1530 5081
1529 5081
1528 5081
1527 5081
1526 5081
1525 5081
1524 5081
1523 5081
1522 5081
1521 5081
1520 5081
1519 5081
1518 5081
1517 5081
1516 5081
1515 5081
1514 5081
1513 5081
1512 5081
1511 5081
1510 5081
1509 5081
1508 5081
1507 5081
1506 5081
1505 5081
1504 5081
1503 5081
1502 5081
1501 5081
