1537 3591
1536 3592
1535 3592
1534 3592
1533 3592
1532 3593
1531 3594
1530 3594
1529 3594
1528 3595
1527 3595
1526 3595
1525 3595
1524 3595
1523 3595
1522 3596
1521 3596
1520 3597
1519 3597
1518 3598
1517 3598
1516 3599
1515 3599
1514 3599
1513 3599
1512 3599
1511 3599
1510 3599
1509 3599
1508 3599
1507 3599
1506 3599
1505 3599
1504 3599
1503 3599
1502 3600
1501 3600
1500 3600
1499 3600
1498 3601
1497 3601
1496 3601
1495 3601
1494 3602
1493 3602
1492 3602
1491 3602
1490 3603
1489 3603
1488 3604
1487 3604
1486 3604
1485 3604
1484 3605
1483 3605
1482 3605
1481 3605
1480 3605
1479 3605
1478 3606
1477 3606
1476 3606
1475 3606
1474 3607
1473 3607
1472 3607
1471 3607
1470 3607
1469 3607
1468 3608
1467 3608
1466 3608
1465 3608
1464 3609
1463 3609
1462 3610
1461 3610
1460 3610
1459 3610
1458 3611
1457 3611
1456 3612
1455 3612
1454 3612
1453 3612
1452 3613
1451 3613
1450 3613
1449 3613
1448 3613
1447 3613
1446 3614
1445 3614
1444 3614
1443 3614
1442 3615
1441 3615
1440 3615
1439 3615
1438 3615
1437 3615
1436 3616
1435 3616
1434 3616
1433 3616
1432 3617
1431 3617
1430 3618
1429 3618
1428 3618
1427 3618
1426 3619
1425 3620
1424 3620
1423 3620
1422 3621
1421 3621
1420 3622
1419 3622
1418 3623
1417 3624
1416 3624
1416 3625
1415 3626
1414 3627
1413 3628
1412 3629
1412 3630
1411 3631
1410 3632
1410 3633
1409 3634
1408 3634
1407 3635
1406 3636
1405 3636
1404 3637
1403 3637
1402 3637
1401 3637
1400 3637
1399 3637
1398 3638
1397 3638
1396 3638
1395 3638
1394 3639
1393 3639
1392 3639
1391 3639
1390 3640
1389 3640
1388 3640
1387 3640
1386 3641
1385 3642
1384 3642
1383 3642
1382 3643
1381 3643
1380 3643
1379 3643
1378 3644
1377 3644
1376 3644
1375 3644
1374 3645
1373 3645
1372 3645
1371 3645
1370 3645
1369 3645
1368 3646
1367 3646
1366 3646
1365 3646
1364 3647
1363 3647
1362 3648
1361 3648
1360 3648
1359 3648
1358 3649
1357 3650
1356 3650
1355 3650
1354 3651
1353 3651
1352 3652
1351 3652
1350 3652
1349 3652
1348 3653
1347 3653
1346 3654
1345 3654
1344 3654
1343 3654
1342 3655
1341 3655
1340 3655
1339 3655
1338 3655
1337 3655
1336 3655
1335 3655
1334 3655
1333 3655
1332 3656
1331 3656
1330 3656
1329 3656
1328 3657
1327 3657
1326 3657
1325 3657
1324 3658
1323 3658
1322 3659
1321 3660
1320 3660
1320 3661
1319 3662
1318 3662
1318 3663
1317 3664
1316 3664
1316 3665
1315 3666
1314 3666
1314 3667
1313 3668
1312 3669
1311 3670
1310 3671
1310 3672
1309 3673
1308 3674
1307 3675
1306 3676
1305 3676
1304 3677
1303 3678
1302 3679
1301 3679
1300 3680
1299 3680
1298 3681
1297 3682
1296 3683
1295 3684
1294 3684
1294 3685
1293 3686
1292 3686
1292 3687
1291 3688
1290 3689
1290 3690
1289 3691
1289 3692
1289 3693
1289 3694
1289 3695
1289 3696
1289 3697
1289 3698
1289 3699
1289 3700
1289 3701
1289 3702
1289 3703
1289 3704
1289 3705
1289 3706
1289 3707
1289 3708
1290 3709
1290 3710
1290 3711
1290 3712
1291 3713
1291 3714
1290 3715
1290 3716
1290 3717
1290 3718
1289 3719
1289 3720
1289 3721
1289 3722
1289 3723
1289 3724
1290 3725
1290 3726
1290 3727
1290 3728
1291 3729
1292 3730
1293 3731
1294 3732
1294 3733
1295 3733
1296 3734
1296 3735
1297 3736
1298 3737
1298 3738
1299 3739
1300 3740
1300 3741
1300 3742
1301 3743
1302 3744
1302 3745
1302 3746
1303 3747
1303 3748
1304 3749
1304 3750
1304 3751
1304 3752
1305 3753
1305 3754
1306 3755
1306 3756
1306 3757
1306 3758
1307 3759
1308 3760
1309 3761
1310 3762
1310 3763
1311 3763
1312 3764
1312 3765
1313 3765
1314 3766
1314 3767
1315 3767
1316 3768
1316 3769
1317 3769
1318 3770
1318 3771
1319 3771
1320 3772
1320 3773
1321 3773
1322 3774
1323 3775
1324 3776
1325 3777
1326 3777
1327 3778
1328 3779
1329 3779
1330 3780
1330 3781
1331 3781
1332 3782
1332 3783
1333 3783
1334 3784
1334 3785
1335 3785
1336 3786
1337 3787
1338 3788
1339 3789
1340 3789
1341 3789
1342 3789
1343 3790
1344 3790
1345 3791
1346 3791
1347 3791
1348 3792
1349 3793
1350 3793
1351 3794
1352 3794
1353 3795
1354 3796
1355 3797
1356 3797
1357 3798
1358 3799
1359 3799
1360 3800
1361 3801
1362 3801
1363 3802
1364 3802
1365 3802
1366 3802
1367 3803
1368 3803
1369 3803
1370 3803
1371 3804
1372 3804
1373 3804
1374 3804
1375 3804
1376 3804
1377 3803
1378 3803
1379 3803
1380 3803
1381 3802
1382 3802
1383 3802
1384 3802
1385 3802
1386 3802
1387 3802
1388 3802
1389 3802
1390 3802
1391 3802
1392 3802
1393 3802
1394 3802
1395 3802
1396 3802
1397 3802
1398 3802
1399 3802
1400 3802
1401 3802
1402 3802
1403 3802
1404 3802
1405 3801
1406 3801
1407 3801
1408 3801
1409 3800
1410 3800
1411 3800
1412 3800
1413 3801
1414 3801
1415 3802
1416 3802
1417 3803
1418 3803
1419 3804
1420 3804
1421 3804
1422 3804
1423 3804
1424 3804
1425 3804
1426 3804
1427 3804
1428 3804
1429 3804
1430 3804
1431 3804
1432 3804
1433 3804
1434 3804
1435 3804
1436 3804
1437 3804
1438 3804
1439 3805
1440 3805
1441 3805
1442 3805
1443 3806
1444 3806
1445 3806
1446 3806
1447 3805
1448 3805
1449 3805
1450 3805
1451 3804
1452 3804
1453 3804
1454 3804
1455 3804
1456 3804
1457 3804
1458 3804
1459 3804
1460 3804
1461 3804
1462 3804
1463 3804
1464 3804
1465 3804
1466 3804
1467 3804
1468 3804
1469 3805
1470 3805
1471 3805
1472 3806
1473 3807
1474 3807
1475 3807
1476 3807
1477 3808
1478 3808
1479 3809
1480 3809
1481 3809
1482 3810
1483 3811
1484 3811
1485 3812
1486 3812
1487 3813
1488 3814
1489 3815
1490 3815
1491 3816
1492 3816
1493 3817
1494 3817
1495 3818
1496 3818
1497 3819
1498 3819
1499 3819
1500 3820
1501 3821
1502 3821
1503 3822
1504 3822
1505 3823
1506 3824
1507 3825
1508 3825
1509 3826
1510 3826
1511 3827
1512 3828
1513 3829
1514 3829
1515 3829
1516 3829
1517 3830
1518 3830
1519 3830
1520 3830
1521 3830
1522 3830
1523 3830
1524 3830
1525 3831
1526 3831
1527 3832
1528 3833
1529 3833
1530 3834
1530 3835
1531 3835
1532 3836
1533 3837
1534 3838
1535 3839
1536 3839
1537 3840
1538 3840
1539 3841
1540 3842
1541 3843
1542 3843
1543 3844
1544 3845
1545 3845
1546 3846
1547 3847
1548 3847
1549 3848
1550 3848
1551 3848
1552 3848
1553 3849
1554 3849
1555 3849
1556 3849
1557 3850
1558 3850
1559 3850
1560 3850
1561 3850
1562 3850
1563 3850
1564 3850
1565 3851
1566 3851
1567 3851
1568 3852
1569 3853
1570 3853
1571 3854
1572 3855
1573 3856
1574 3857
1574 3858
1575 3859
1576 3860
1576 3861
1576 3862
1577 3863
1578 3864
1579 3865
1580 3865
1581 3866
1582 3866
1583 3866
1584 3866
1585 3867
1586 3867
1587 3867
1588 3867
1589 3868
1590 3868
1591 3868
1592 3868
1593 3868
1594 3868
1595 3868
1596 3868
1597 3868
1598 3868
1599 3868
1600 3868
1601 3868
1602 3868
1603 3868
1604 3868
1605 3868
1606 3868
1607 3868
1608 3868
1609 3868
1610 3868
1611 3868
1612 3868
1613 3868
1614 3868
1615 3868
1616 3868
1617 3868
1618 3868
1619 3868
1620 3868
1621 3867
1622 3867
1623 3867
1624 3867
1625 3866
1626 3866
1627 3865
1628 3865
1629 3865
1630 3865
1631 3864
1632 3864
1633 3864
1634 3864
1635 3864
1636 3864
1637 3864
1638 3864
1639 3864
1640 3864
1641 3863
1642 3863
1643 3863
1644 3863
1645 3862
1646 3861
1647 3861
1648 3861
1649 3860
1650 3860
1651 3860
1652 3860
1653 3860
1654 3860
1655 3860
1656 3860
1657 3859
1658 3859
1659 3859
1660 3859
1661 3858
1662 3857
1663 3857
1664 3857
1665 3856
1666 3856
1667 3856
1668 3856
1669 3856
1670 3856
1671 3856
1672 3856
1673 3856
1674 3856
1675 3855
1676 3855
1677 3854
1678 3854
1679 3853
1680 3853
1681 3852
1682 3851
1683 3850
1684 3850
1685 3849
1686 3849
1687 3848
1688 3848
1689 3848
1690 3848
1691 3848
1692 3848
1693 3848
1694 3848
1695 3848
1696 3848
1697 3848
1698 3848
1699 3848
1700 3848
1701 3848
1702 3848
1703 3848
1704 3848
1705 3847
1706 3847
1707 3847
1708 3847
1709 3846
1710 3846
1711 3846
1712 3846
1713 3846
1714 3846
1715 3846
1716 3846
1717 3846
1718 3846
1719 3846
1720 3846
1721 3846
1722 3846
1723 3845
1724 3845
1725 3845
1726 3845
1727 3844
1728 3844
1729 3844
1730 3844
1731 3844
1732 3844
1733 3843
1734 3843
1735 3843
1736 3843
1737 3842
1738 3842
1739 3842
1740 3842
1741 3842
1742 3842
1743 3842
1744 3842
1745 3842
1746 3842
1747 3842
1748 3842
1749 3841
1750 3841
1751 3841
1752 3841
1753 3840
1754 3840
1755 3840
1756 3840
1757 3841
1758 3841
1759 3841
1760 3842
1761 3843
1762 3843
1763 3843
1764 3843
1765 3844
1766 3844
1767 3845
1768 3845
1769 3846
1770 3847
1771 3847
1772 3848
1773 3849
1774 3850
1775 3851
1776 3851
1777 3852
1778 3852
1779 3853
1780 3853
1781 3854
1782 3854
1783 3855
1784 3855
1785 3855
1786 3855
1787 3856
1788 3856
1789 3856
1790 3856
1791 3856
1792 3856
1793 3857
1794 3857
1795 3858
1796 3859
1797 3859
1798 3860
1798 3861
1799 3861
1800 3862
1800 3863
1801 3863
1802 3864
1802 3865
1803 3865
1804 3866
1804 3867
1805 3867
1806 3868
1806 3869
1807 3869
1808 3870
1808 3871
1809 3871
1810 3872
1810 3873
1811 3873
1812 3874
1813 3875
1814 3875
1815 3876
1816 3876
1817 3876
1818 3876
1819 3876
1820 3876
1821 3875
1822 3875
1823 3875
1824 3875
1825 3874
1826 3874
1827 3874
1828 3874
1829 3874
1830 3874
1831 3873
1832 3873
1833 3873
1834 3873
1835 3872
1836 3871
1837 3871
1838 3871
1839 3870
1840 3870
1841 3870
1842 3870
1843 3870
1844 3870
1845 3870
1846 3870
1847 3869
1848 3869
1849 3869
1850 3869
1851 3868
1852 3868
1853 3868
1854 3868
1855 3867
1856 3867
1857 3867
1858 3867
1859 3866
1860 3866
1861 3866
1862 3866
1863 3866
1864 3866
1865 3865
1866 3865
1867 3865
1868 3865
1869 3864
1870 3864
1871 3863
1872 3863
1873 3863
1874 3863
1875 3862
1876 3861
1877 3860
1878 3859
1879 3859
1879 3858
1880 3857
1881 3857
1881 3856
1882 3855
1883 3855
1883 3854
1884 3853
1885 3853
1885 3852
1886 3851
1887 3851
1888 3850
1889 3849
1890 3849
1891 3848
1892 3847
1893 3846
1894 3845
1895 3845
1895 3844
1896 3843
1897 3843
1897 3842
1898 3841
1899 3841
1900 3840
1901 3839
1902 3839
1903 3838
1904 3838
1905 3838
1906 3838
1907 3838
1908 3838
1909 3838
1910 3838
1911 3838
1912 3838
1913 3838
1914 3838
1915 3837
1916 3837
1917 3837
1918 3837
1919 3836
1920 3836
1921 3836
1922 3836
1923 3835
1924 3835
1925 3834
1926 3833
1927 3833
1928 3832
1929 3831
1930 3831
1931 3830
1932 3830
1933 3830
1934 3830
1935 3829
1936 3829
1937 3829
1938 3829
1939 3828
1940 3828
1941 3827
1942 3827
1943 3826
1944 3826
1945 3825
1946 3825
1947 3824
1948 3824
1949 3824
1950 3824
1951 3824
1952 3824
1953 3824
1954 3824
1955 3824
1956 3824
1957 3824
1958 3824
1959 3823
1960 3823
1961 3823
1962 3823
1963 3822
1964 3822
1965 3821
1966 3821
1967 3820
1968 3820
1969 3819
1970 3819
1971 3818
1972 3817
1973 3816
1974 3816
1975 3815
1976 3815
1977 3814
1978 3813
1979 3812
1980 3811
1981 3811
1981 3810
1982 3809
1983 3809
1983 3808
1984 3807
1985 3807
1985 3806
1986 3805
1987 3805
1987 3804
1988 3803
1989 3803
1989 3802
1990 3801
1991 3801
1992 3800
1993 3799
1994 3799
1995 3798
1996 3797
1997 3797
1998 3797
1999 3796
2000 3795
2001 3795
2002 3795
2003 3794
2004 3793
2005 3792
2006 3792
2007 3791
2008 3791
2009 3790
2010 3789
2011 3789
2012 3789
2013 3788
2014 3787
2015 3787
2016 3787
2017 3786
2018 3786
2019 3786
2020 3786
2021 3785
2022 3785
2023 3785
2024 3785
2025 3784
2026 3784
2027 3784
2028 3784
2029 3784
2030 3784
2031 3783
2032 3783
2033 3783
2034 3783
2035 3782
2036 3781
2037 3781
2038 3781
2039 3780
2040 3779
2041 3779
2042 3779
2043 3778
2044 3778
2045 3778
2046 3778
2047 3778
2048 3778
2049 3778
2050 3778
2051 3777
2052 3777
2053 3776
2054 3775
2055 3774
2055 3773
2055 3772
2055 3771
2056 3770
2056 3769
2057 3768
2057 3767
2057 3766
2057 3765
2058 3764
2058 3763
2059 3762
2059 3761
2060 3760
2060 3759
2061 3758
2061 3757
2062 3756
2062 3755
2062 3754
2062 3753
2062 3752
2062 3751
2062 3750
2062 3749
2062 3748
2062 3747
2062 3746
2062 3745
2062 3744
2062 3743
2062 3742
2062 3741
2062 3740
2062 3739
2062 3738
2062 3737
2063 3736
2063 3735
2063 3734
2064 3733
2065 3732
2065 3731
2065 3730
2065 3729
2066 3728
2066 3727
2066 3726
2066 3725
2067 3724
2067 3723
2067 3722
2067 3721
2068 3720
2068 3719
2068 3718
2068 3717
2068 3716
2068 3715
2069 3714
2069 3713
2069 3712
2069 3711
2070 3710
2070 3709
2070 3708
2070 3707
2071 3706
2071 3705
2071 3704
2072 3703
2073 3702
2073 3701
2074 3700
2074 3699
2075 3698
2075 3697
2076 3696
2076 3695
2076 3694
2076 3693
2076 3692
2076 3691
2075 3690
2075 3689
2075 3688
2075 3687
2074 3686
2074 3685
2074 3684
2074 3683
2073 3682
2073 3681
2073 3680
2073 3679
2072 3678
2071 3677
2070 3676
2069 3675
2069 3674
2068 3674
2067 3673
2067 3672
2066 3671
2065 3670
2065 3669
2064 3668
2063 3667
2063 3666
2063 3665
2062 3664
2061 3663
2061 3662
2060 3661
2059 3660
2058 3659
2057 3659
2056 3659
2055 3659
2054 3659
2053 3659
2052 3658
2051 3658
2050 3658
2049 3657
2048 3656
2047 3656
2046 3656
2045 3656
2044 3655
2043 3655
2042 3654
2041 3654
2040 3653
2039 3653
2038 3652
2037 3651
2036 3650
2035 3650
2034 3650
2033 3649
2032 3648
2031 3648
2030 3648
2029 3648
2028 3647
2027 3647
2026 3647
2025 3647
2024 3647
2023 3647
2022 3647
2021 3647
2020 3647
2019 3647
2018 3647
2017 3647
2016 3647
2015 3647
2014 3647
2013 3647
2012 3647
2011 3647
2010 3647
2009 3647
2008 3647
2007 3647
2006 3647
2005 3647
2004 3646
2003 3646
2002 3646
2001 3646
2000 3645
1999 3645
1998 3645
1997 3645
1996 3644
1995 3644
1994 3643
1993 3642
1992 3641
1991 3640
1991 3639
1990 3638
1989 3637
1989 3636
1989 3635
1988 3634
1988 3633
1987 3632
1987 3631
1986 3630
1985 3629
1984 3628
1983 3628
1982 3627
1981 3627
1980 3626
1979 3626
1978 3626
1977 3625
1976 3624
1975 3624
1974 3624
1973 3624
1972 3623
1971 3623
1970 3622
1969 3622
1968 3622
1967 3622
1966 3621
1965 3621
1964 3621
1963 3621
1962 3620
1961 3620
1960 3620
1959 3620
1958 3619
1957 3619
1956 3618
1955 3618
1954 3618
1953 3617
1952 3616
1951 3616
1950 3616
1949 3616
1948 3615
1947 3615
1946 3615
1945 3615
1944 3614
1943 3614
1942 3614
1941 3614
1940 3613
1939 3613
1938 3613
1937 3613
1936 3613
1935 3613
1934 3613
1933 3613
1932 3613
1931 3613
1930 3613
1929 3613
1928 3613
1927 3613
1926 3613
1925 3613
1924 3612
1923 3612
1922 3612
1921 3611
1920 3610
1919 3610
1918 3610
1917 3610
1916 3609
1915 3609
1914 3609
1913 3609
1912 3608
1911 3608
1910 3608
1909 3608
1908 3607
1907 3607
1906 3607
1905 3607
1904 3606
1903 3606
1902 3605
1901 3604
1900 3604
1899 3603
1899 3602
1898 3602
1897 3601
1896 3600
1895 3599
1894 3598
1893 3598
1892 3598
1891 3598
1890 3597
1889 3597
1888 3597
1887 3597
1886 3597
1885 3597
1884 3598
1883 3598
1882 3598
1881 3598
1880 3599
1879 3599
1878 3599
1877 3599
1876 3599
1875 3599
1874 3599
1873 3599
1872 3599
1871 3599
1870 3599
1869 3599
1868 3599
1867 3599
1866 3599
1865 3599
1864 3599
1863 3599
1862 3599
1861 3599
1860 3599
1859 3599
1858 3599
1857 3599
1856 3599
1855 3599
1854 3599
1853 3599
1852 3598
1851 3598
1850 3598
1849 3598
1848 3597
1847 3597
1846 3597
1845 3597
1844 3596
1843 3596
1842 3596
1841 3596
1840 3595
1839 3595
1838 3595
1837 3595
1836 3595
1835 3595
1834 3595
1833 3595
1832 3595
1831 3595
1830 3595
1829 3595
1828 3595
1827 3595
1826 3595
1825 3595
1824 3595
1823 3595
1822 3595
1821 3595
1820 3595
1819 3595
1818 3595
1817 3595
1816 3595
1815 3595
1814 3595
1813 3595
1812 3595
1811 3595
1810 3595
1809 3595
1808 3594
1807 3594
1806 3594
1805 3594
1804 3593
1803 3593
1802 3593
1801 3593
1800 3593
1799 3593
1798 3593
1797 3593
1796 3593
1795 3593
1794 3593
1793 3593
1792 3593
1791 3593
1790 3593
1789 3593
1788 3594
1787 3594
1786 3594
1785 3594
1784 3595
1783 3595
1782 3595
1781 3595
1780 3596
1779 3596
1778 3596
1777 3596
1776 3597
1775 3597
1774 3597
1773 3597
1772 3597
1771 3597
1770 3597
1769 3597
1768 3597
1767 3597
1766 3597
1765 3597
1764 3596
1763 3596
1762 3596
1761 3596
1760 3595
1759 3595
1758 3595
1757 3595
1756 3594
1755 3594
1754 3594
1753 3594
1752 3593
1751 3593
1750 3593
1749 3593
1748 3593
1747 3593
1746 3593
1745 3593
1744 3593
1743 3593
1742 3593
1741 3593
1740 3593
1739 3593
1738 3593
1737 3593
1736 3593
1735 3593
1734 3593
1733 3593
1732 3593
1731 3593
1730 3593
1729 3593
1728 3593
1727 3593
1726 3593
1725 3593
1724 3594
1723 3594
1722 3594
1721 3594
1720 3595
1719 3595
1718 3595
1717 3595
1716 3595
1715 3595
1714 3595
1713 3595
1712 3595
1711 3595
1710 3595
1709 3595
1708 3595
1707 3595
1706 3594
1705 3594
1704 3594
1703 3594
1702 3593
1701 3593
1700 3593
1699 3593
1698 3593
1697 3593
1696 3593
1695 3593
1694 3593
1693 3593
1692 3593
1691 3593
1690 3593
1689 3593
1688 3593
1687 3593
1686 3593
1685 3593
1684 3593
1683 3593
1682 3592
1681 3592
1680 3592
1679 3592
1678 3591
1677 3591
1676 3591
1675 3591
1674 3591
1673 3591
1672 3591
1671 3591
1670 3592
1669 3592
1668 3592
1667 3592
1666 3593
1665 3593
1664 3593
1663 3593
1662 3593
1661 3593
1660 3593
1659 3593
1658 3593
1657 3593
1656 3593
1655 3593
1654 3593
1653 3593
1652 3593
1651 3593
1650 3593
1649 3593
1648 3593
1647 3593
1646 3593
1645 3593
1644 3593
1643 3593
1642 3593
1641 3593
1640 3593
1639 3593
1638 3593
1637 3593
1636 3593
1635 3593
1634 3593
1633 3593
1632 3593
1631 3593
1630 3593
1629 3593
1628 3593
1627 3593
1626 3593
1625 3593
1624 3594
1623 3594
1622 3594
1621 3594
1620 3595
1619 3595
1618 3595
1617 3595
1616 3595
1615 3595
1614 3594
1613 3594
1612 3594
1611 3594
1610 3593
1609 3593
1608 3593
1607 3593
1606 3593
1605 3593
1604 3593
1603 3593
1602 3593
1601 3593
1600 3593
1599 3593
1598 3593
1597 3593
1596 3592
1595 3592
1594 3592
1593 3592
1592 3591
1591 3591
1590 3591
1589 3591
1588 3591
1587 3591
1586 3591
1585 3591
1584 3591
1583 3591
1582 3591
1581 3591
1580 3591
1579 3591
1578 3591
1577 3591
1576 3591
1575 3591
1574 3591
1573 3591
1572 3591
1571 3591
1570 3591
1569 3591
1568 3591
1567 3591
1566 3591
1565 3591
1564 3591
1563 3591
1562 3591
1561 3591
1560 3591
1559 3591
1558 3591
1557 3591
1556 3591
1555 3591
1554 3591
1553 3591
1552 3591
1551 3591
1550 3591
1549 3591
1548 3591
1547 3591
1546 3591
1545 3591
1544 3591
1543 3591
1542 3591
1541 3591
1540 3591
1539 3591
1538 3591
1537 3591
