689 4470
688 4471
687 4471
686 4471
685 4471
684 4472
683 4472
682 4472
681 4472
680 4472
679 4472
678 4472
677 4472
676 4472
675 4472
674 4472
673 4472
672 4472
671 4472
670 4472
669 4472
668 4472
667 4472
666 4473
665 4473
664 4473
663 4473
662 4474
661 4474
660 4474
659 4474
658 4474
657 4474
656 4474
655 4474
654 4474
653 4474
652 4474
651 4474
650 4474
649 4474
648 4474
647 4474
646 4474
645 4474
644 4473
643 4473
642 4473
641 4473
640 4472
639 4472
638 4472
637 4472
636 4472
635 4472
634 4472
633 4472
632 4472
631 4472
630 4472
629 4472
628 4472
627 4472
626 4472
625 4472
624 4472
623 4472
622 4472
621 4472
620 4472
619 4472
618 4472
617 4472
616 4472
615 4472
614 4472
613 4472
612 4472
611 4472
610 4472
609 4472
608 4472
607 4472
606 4472
605 4472
604 4472
603 4472
602 4473
601 4473
600 4473
599 4473
598 4474
597 4474
596 4474
595 4474
594 4474
593 4474
592 4474
591 4474
590 4474
589 4474
588 4474
587 4474
586 4474
585 4474
584 4475
583 4475
582 4475
581 4475
580 4476
579 4476
578 4476
577 4476
576 4477
575 4477
574 4478
573 4478
572 4479
571 4479
570 4480
569 4480
568 4481
567 4481
566 4481
565 4481
564 4482
563 4482
562 4482
561 4482
560 4482
559 4482
558 4482
557 4482
556 4482
555 4482
554 4481
553 4481
552 4480
551 4480
550 4479
549 4478
548 4477
547 4477
546 4477
545 4477
544 4476
543 4476
542 4475
541 4475
540 4474
539 4474
538 4473
537 4473
536 4472
535 4472
534 4472
533 4472
532 4472
531 4472
530 4472
529 4472
528 4472
527 4472
526 4472
525 4472
524 4472
523 4472
522 4472
521 4472
520 4472
519 4472
518 4472
517 4472
516 4472
515 4472
514 4472
513 4472
512 4472
511 4472
510 4472
509 4472
508 4473
507 4473
506 4473
505 4473
504 4474
503 4474
502 4474
501 4474
500 4474
499 4474
498 4474
497 4474
496 4474
495 4474
494 4474
493 4474
492 4474
491 4474
490 4474
489 4474
488 4474
487 4474
486 4474
485 4474
484 4474
483 4474
482 4474
481 4474
480 4474
479 4474
478 4474
477 4474
476 4474
475 4474
474 4474
473 4474
472 4474
471 4474
470 4474
469 4474
468 4474
467 4474
466 4474
465 4474
464 4474
463 4474
462 4474
461 4474
460 4474
459 4474
458 4474
457 4474
456 4474
455 4474
454 4474
453 4474
452 4475
451 4475
450 4475
449 4475
448 4476
447 4476
446 4476
445 4476
444 4477
443 4477
442 4477
441 4477
440 4478
439 4478
438 4479
437 4479
436 4479
435 4479
434 4480
433 4480
432 4480
431 4480
430 4480
429 4480
428 4480
427 4480
426 4481
425 4481
424 4481
423 4481
422 4482
421 4482
420 4482
419 4482
418 4482
417 4482
416 4482
415 4482
414 4482
413 4482
412 4482
411 4482
410 4482
409 4482
408 4482
407 4482
406 4482
405 4482
404 4482
403 4482
402 4482
401 4482
400 4482
399 4482
398 4483
397 4483
396 4483
395 4483
394 4484
393 4484
392 4484
391 4484
390 4484
389 4484
388 4484
387 4484
386 4484
385 4484
384 4484
383 4484
382 4484
381 4484
380 4484
379 4484
378 4485
377 4485
376 4485
375 4485
374 4486
373 4486
372 4486
371 4486
370 4486
369 4486
368 4486
367 4486
366 4486
365 4486
364 4486
363 4486
362 4486
361 4486
360 4486
359 4486
358 4486
357 4486
356 4486
355 4486
354 4486
353 4486
352 4486
351 4486
350 4486
349 4486
348 4486
347 4486
346 4486
345 4486
344 4486
343 4486
342 4486
341 4486
340 4486
339 4486
338 4487
337 4487
336 4487
335 4487
334 4488
333 4488
332 4489
331 4489
330 4489
329 4489
328 4490
327 4490
326 4489
325 4489
324 4489
323 4489
322 4489
321 4489
320 4490
319 4491
318 4492
318 4493
318 4494
318 4495
317 4496
317 4497
318 4498
318 4499
318 4500
318 4501
319 4502
319 4503
319 4504
319 4505
319 4506
319 4507
319 4508
319 4509
319 4510
319 4511
319 4512
319 4513
319 4514
319 4515
319 4516
319 4517
319 4518
319 4519
319 4520
319 4521
319 4522
319 4523
319 4524
319 4525
318 4526
318 4527
318 4528
317 4529
316 4530
316 4531
315 4532
314 4533
314 4534
313 4535
312 4535
311 4536
310 4537
309 4537
308 4538
307 4539
306 4540
306 4541
305 4542
305 4543
305 4544
305 4545
305 4546
305 4547
306 4548
306 4549
306 4550
306 4551
307 4552
308 4553
308 4554
308 4555
309 4556
309 4557
309 4558
309 4559
309 4560
309 4561
309 4562
309 4563
309 4564
309 4565
310 4566
310 4567
311 4568
312 4569
312 4570
313 4570
314 4571
314 4572
315 4572
316 4573
317 4574
318 4575
319 4576
320 4576
321 4576
322 4577
323 4578
324 4578
325 4579
326 4580
327 4580
328 4581
329 4582
330 4583
331 4584
332 4584
333 4585
334 4586
335 4586
336 4587
337 4588
338 4589
339 4590
340 4590
341 4591
342 4591
343 4592
344 4593
345 4594
346 4594
347 4595
348 4595
349 4596
350 4597
351 4598
352 4598
353 4599
354 4600
355 4600
356 4601
356 4602
357 4602
358 4603
358 4604
359 4604
360 4605
361 4606
362 4607
363 4608
364 4608
365 4609
366 4610
367 4610
368 4611
369 4612
370 4613
371 4614
372 4614
373 4615
374 4616
375 4616
376 4617
376 4618
377 4618
378 4619
378 4620
379 4620
380 4621
380 4622
381 4622
382 4623
383 4624
384 4625
385 4626
386 4626
387 4627
388 4628
389 4628
390 4629
391 4630
392 4631
393 4632
394 4632
395 4632
396 4633
397 4634
398 4634
399 4635
400 4636
401 4636
402 4637
403 4638
404 4638
405 4639
406 4639
407 4640
408 4640
409 4641
410 4642
411 4642
412 4643
413 4644
414 4645
415 4646
416 4646
417 4647
418 4647
419 4648
420 4649
421 4650
422 4650
423 4651
424 4651
425 4652
426 4652
427 4653
428 4653
429 4653
430 4653
431 4653
432 4653
433 4653
434 4653
435 4654
436 4654
437 4655
438 4655
439 4656
440 4656
441 4657
442 4657
443 4658
444 4658
445 4659
446 4660
447 4660
448 4661
448 4662
449 4662
450 4663
451 4664
452 4665
453 4666
454 4666
455 4666
456 4666
457 4667
458 4667
459 4667
460 4667
461 4667
462 4667
463 4668
464 4668
465 4668
466 4668
467 4669
468 4669
469 4669
470 4669
471 4669
472 4669
473 4670
474 4670
475 4670
476 4670
477 4671
478 4671
479 4672
480 4672
481 4672
482 4672
483 4673
484 4673
485 4673
486 4673
487 4673
488 4673
489 4673
490 4673
491 4673
492 4673
493 4673
494 4673
495 4673
496 4673
497 4673
498 4673
499 4673
500 4673
501 4673
502 4673
503 4672
504 4672
505 4672
506 4672
507 4671
508 4671
509 4670
510 4670
511 4670
512 4670
513 4669
514 4669
515 4669
516 4669
517 4668
518 4668
519 4668
520 4668
521 4667
522 4666
523 4666
524 4666
525 4665
526 4665
527 4665
528 4665
529 4665
530 4665
531 4665
532 4665
533 4665
534 4665
535 4665
536 4665
537 4665
538 4665
539 4665
540 4665
541 4665
542 4665
543 4665
544 4665
545 4665
546 4665
547 4665
548 4665
549 4665
550 4665
551 4665
552 4665
553 4664
554 4664
555 4664
556 4664
557 4663
558 4663
559 4663
560 4663
561 4663
562 4663
563 4663
564 4663
565 4663
566 4663
567 4662
568 4662
569 4662
570 4662
571 4661
572 4661
573 4661
574 4661
575 4661
576 4661
577 4661
578 4661
579 4661
580 4661
581 4661
582 4661
583 4661
584 4661
585 4660
586 4660
587 4660
588 4660
589 4659
590 4659
591 4659
592 4659
593 4659
594 4659
595 4659
596 4659
597 4659
598 4659
599 4659
600 4659
601 4659
602 4659
603 4659
604 4659
605 4658
606 4658
607 4658
608 4658
609 4657
610 4657
611 4657
612 4657
613 4657
614 4657
615 4657
616 4657
617 4657
618 4657
619 4657
620 4657
621 4657
622 4657
623 4656
624 4656
625 4655
626 4654
627 4654
628 4653
629 4652
630 4652
631 4651
632 4651
633 4651
634 4651
635 4651
636 4651
637 4650
638 4650
639 4650
640 4650
641 4649
642 4649
643 4649
644 4649
645 4648
646 4648
647 4648
648 4648
649 4647
650 4647
651 4647
652 4647
653 4647
654 4647
655 4646
656 4646
657 4646
658 4646
659 4645
660 4645
661 4645
662 4645
663 4645
664 4645
665 4645
666 4645
667 4645
668 4645
669 4645
670 4645
671 4645
672 4645
673 4645
674 4645
675 4646
676 4646
677 4646
678 4646
679 4647
680 4647
681 4647
682 4647
683 4647
684 4647
685 4647
686 4647
687 4647
688 4647
689 4647
690 4647
691 4647
692 4647
693 4646
694 4646
695 4646
696 4646
697 4645
698 4645
699 4644
700 4644
701 4644
702 4644
703 4643
704 4643
705 4643
706 4643
707 4643
708 4643
709 4643
710 4643
711 4642
712 4642
713 4642
714 4642
715 4641
716 4641
717 4641
718 4641
719 4641
720 4641
721 4641
722 4641
723 4641
724 4641
725 4641
726 4641
727 4641
728 4641
729 4641
730 4641
731 4640
732 4640
733 4640
734 4640
735 4639
736 4639
737 4639
738 4639
739 4639
740 4639
741 4638
742 4638
743 4638
744 4638
745 4637
746 4637
747 4637
748 4637
749 4637
750 4637
751 4637
752 4637
753 4637
754 4637
755 4636
756 4636
757 4636
758 4636
759 4635
760 4635
761 4635
762 4635
763 4635
764 4635
765 4635
766 4635
767 4635
768 4635
769 4634
770 4634
771 4634
772 4634
773 4633
774 4633
775 4633
776 4633
777 4633
778 4633
779 4632
780 4632
781 4632
782 4632
783 4631
784 4631
785 4631
786 4631
787 4631
788 4631
789 4630
790 4630
791 4630
792 4630
793 4629
794 4629
795 4629
796 4629
797 4629
798 4629
799 4629
800 4629
801 4629
802 4629
803 4629
804 4629
805 4629
806 4629
807 4628
808 4628
809 4628
810 4628
811 4627
812 4627
813 4627
814 4627
815 4626
816 4626
817 4625
818 4625
819 4624
820 4624
821 4623
822 4623
823 4622
824 4622
825 4622
826 4622
827 4621
828 4621
829 4621
830 4621
831 4620
832 4620
833 4620
834 4620
835 4619
836 4618
837 4617
838 4616
839 4616
839 4615
840 4614
841 4614
841 4613
842 4612
843 4612
843 4611
844 4610
845 4610
845 4609
846 4608
847 4608
847 4607
848 4606
849 4605
849 4604
850 4603
850 4602
850 4601
850 4600
850 4599
850 4598
850 4597
850 4596
850 4595
850 4594
850 4593
850 4592
850 4591
850 4590
850 4589
850 4588
850 4587
850 4586
850 4585
850 4584
851 4583
851 4582
851 4581
851 4580
852 4579
852 4578
852 4577
852 4576
852 4575
852 4574
852 4573
852 4572
853 4571
853 4570
854 4569
854 4568
855 4567
855 4566
856 4565
856 4564
856 4563
856 4562
857 4561
857 4560
857 4559
857 4558
858 4557
858 4556
858 4555
858 4554
858 4553
858 4552
858 4551
858 4550
859 4549
859 4548
859 4547
859 4546
860 4545
860 4544
859 4543
859 4542
858 4541
857 4540
857 4539
856 4539
855 4538
855 4537
854 4537
853 4536
853 4535
852 4535
851 4534
851 4533
850 4533
849 4532
849 4531
848 4530
847 4529
847 4528
846 4527
845 4526
844 4525
843 4524
843 4523
842 4523
841 4522
840 4521
839 4521
838 4520
837 4520
836 4520
835 4520
834 4519
833 4519
832 4518
831 4517
830 4517
829 4516
829 4515
828 4515
827 4514
827 4513
826 4513
825 4512
825 4511
824 4511
823 4510
823 4509
822 4509
821 4508
821 4507
820 4507
819 4506
819 4505
818 4505
817 4504
817 4503
816 4503
815 4502
815 4501
814 4501
813 4500
813 4499
812 4499
811 4498
811 4497
810 4497
809 4496
809 4495
808 4495
807 4494
807 4493
806 4493
805 4492
804 4491
803 4491
802 4490
801 4490
800 4489
799 4489
798 4489
797 4489
796 4488
795 4488
794 4488
793 4488
792 4488
791 4488
790 4489
789 4489
788 4489
787 4489
786 4490
785 4490
784 4490
783 4490
782 4490
781 4490
780 4490
779 4490
778 4490
777 4490
776 4490
775 4490
774 4490
773 4490
772 4490
771 4490
770 4490
769 4490
768 4490
767 4490
766 4490
765 4490
764 4490
763 4490
762 4490
761 4490
760 4489
759 4489
758 4488
757 4488
756 4487
755 4486
754 4485
753 4485
752 4484
751 4483
750 4483
749 4482
748 4481
747 4481
746 4480
745 4480
744 4479
743 4479
742 4479
741 4479
740 4478
739 4478
738 4477
737 4477
736 4476
735 4476
734 4475
733 4474
732 4473
731 4473
730 4473
729 4473
728 4472
727 4472
726 4472
725 4472
724 4472
723 4472
722 4472
721 4472
720 4472
719 4472
718 4472
717 4472
716 4472
715 4472
714 4472
713 4472
712 4472
711 4472
710 4472
709 4472
708 4472
707 4472
706 4472
705 4472
704 4471
703 4471
702 4471
701 4471
700 4470
699 4470
698 4470
697 4470
696 4470
695 4470
694 4470
693 4470
692 4470
691 4470
690 4470
689 4470
