472 1908
471 1909
470 1909
469 1909
468 1909
467 1910
466 1910
465 1910
464 1910
463 1910
462 1910
461 1910
460 1910
459 1911
458 1911
457 1911
456 1911
455 1912
454 1913
453 1913
452 1913
451 1914
450 1914
449 1914
448 1914
447 1915
446 1915
445 1916
444 1917
443 1917
442 1918
441 1919
440 1919
439 1920
438 1921
437 1921
436 1921
435 1922
434 1923
433 1923
432 1923
431 1924
430 1925
429 1925
428 1925
427 1926
426 1927
425 1927
424 1927
423 1928
422 1929
421 1929
420 1929
419 1930
418 1930
417 1930
416 1930
415 1929
414 1929
413 1929
412 1929
411 1928
410 1928
409 1928
408 1928
407 1928
406 1928
405 1928
404 1928
403 1928
402 1928
401 1927
400 1927
399 1927
398 1927
397 1926
396 1926
395 1926
394 1926
393 1926
392 1926
391 1927
390 1927
389 1928
389 1929
388 1930
388 1931
387 1932
387 1933
387 1934
387 1935
386 1936
386 1937
386 1938
386 1939
386 1940
386 1941
386 1942
386 1943
385 1944
385 1945
385 1946
385 1947
384 1948
384 1949
384 1950
384 1951
384 1952
384 1953
384 1954
384 1955
384 1956
384 1957
383 1958
383 1959
383 1960
383 1961
382 1962
382 1963
382 1964
382 1965
382 1966
382 1967
382 1968
382 1969
382 1970
382 1971
382 1972
382 1973
382 1974
382 1975
383 1976
383 1977
383 1978
383 1979
384 1980
384 1981
384 1982
384 1983
384 1984
384 1985
384 1986
384 1987
384 1988
384 1989
384 1990
384 1991
384 1992
384 1993
384 1994
384 1995
384 1996
384 1997
384 1998
384 1999
384 2000
384 2001
384 2002
384 2003
384 2004
384 2005
384 2006
384 2007
384 2008
384 2009
384 2010
384 2011
384 2012
384 2013
385 2014
385 2015
385 2016
385 2017
386 2018
387 2019
388 2020
388 2021
389 2022
389 2023
390 2024
390 2025
390 2026
390 2027
389 2028
389 2029
389 2030
389 2031
388 2032
388 2033
388 2034
388 2035
388 2036
388 2037
388 2038
388 2039
388 2040
388 2041
388 2042
388 2043
389 2044
389 2045
389 2046
389 2047
390 2048
390 2049
391 2050
391 2051
391 2052
391 2053
392 2054
393 2055
393 2056
393 2057
394 2058
394 2059
395 2060
395 2061
396 2062
397 2062
398 2063
399 2063
400 2062
401 2062
402 2062
403 2062
404 2061
405 2061
406 2060
407 2060
408 2060
409 2060
410 2059
411 2059
412 2059
413 2059
414 2059
415 2059
416 2059
417 2059
418 2059
419 2059
420 2059
421 2059
422 2059
423 2059
424 2059
425 2059
426 2059
427 2059
428 2059
429 2059
430 2059
431 2059
432 2060
433 2060
434 2060
435 2060
436 2061
437 2061
438 2061
439 2061
440 2061
441 2061
442 2061
443 2061
444 2062
445 2062
446 2062
447 2062
448 2063
449 2063
450 2063
451 2063
452 2063
453 2063
454 2063
455 2063
456 2063
457 2063
458 2063
459 2063
460 2063
461 2063
462 2063
463 2063
464 2063
465 2063
466 2063
467 2063
468 2063
469 2063
470 2063
471 2063
472 2063
473 2063
474 2063
475 2063
476 2064
477 2064
478 2064
479 2064
480 2065
481 2065
482 2065
483 2065
484 2065
485 2065
486 2065
487 2065
488 2065
489 2065
490 2065
491 2065
492 2065
493 2065
494 2065
495 2065
496 2065
497 2065
498 2066
499 2066
500 2066
501 2066
502 2067
503 2067
504 2067
505 2067
506 2067
507 2067
508 2067
509 2067
510 2067
511 2067
512 2067
513 2067
514 2067
515 2067
516 2067
517 2067
518 2067
519 2067
520 2067
521 2067
522 2067
523 2067
524 2067
525 2067
526 2067
527 2067
528 2067
529 2067
530 2066
531 2066
532 2066
533 2066
534 2065
535 2064
536 2064
537 2064
538 2063
539 2063
540 2062
541 2062
542 2062
543 2062
544 2061
545 2060
546 2060
547 2060
548 2059
549 2059
550 2058
551 2058
552 2057
553 2057
554 2056
555 2056
556 2055
557 2054
558 2053
559 2053
560 2052
561 2052
562 2051
563 2051
564 2050
565 2050
566 2050
567 2050
568 2049
569 2049
570 2048
571 2048
572 2048
573 2048
574 2047
575 2047
576 2047
577 2047
578 2046
579 2046
580 2045
581 2044
582 2044
582 2043
583 2042
584 2042
584 2041
585 2040
586 2039
587 2038
588 2037
588 2036
588 2035
588 2034
589 2033
589 2032
590 2031
590 2030
591 2029
592 2028
593 2028
594 2027
595 2026
596 2025
597 2024
598 2024
598 2023
599 2022
600 2022
600 2021
601 2020
602 2020
602 2019
603 2018
604 2018
604 2017
605 2016
606 2016
606 2015
607 2014
608 2013
609 2012
610 2011
610 2010
610 2009
610 2008
611 2007
611 2006
611 2005
611 2004
611 2003
611 2002
611 2001
611 2000
610 1999
610 1998
610 1997
610 1996
609 1995
608 1994
607 1993
607 1992
606 1991
606 1990
605 1989
605 1988
605 1987
605 1986
606 1985
606 1984
606 1983
606 1982
607 1981
607 1980
607 1979
607 1978
607 1977
607 1976
607 1975
607 1974
607 1973
607 1972
607 1971
607 1970
607 1969
607 1968
606 1967
606 1966
605 1965
604 1964
604 1963
603 1963
602 1962
602 1961
601 1961
600 1960
600 1959
599 1959
598 1958
598 1957
597 1957
596 1956
596 1955
595 1955
594 1954
594 1953
593 1952
592 1951
592 1950
591 1949
591 1948
591 1947
591 1946
591 1945
591 1944
590 1943
590 1942
590 1941
590 1940
589 1939
589 1938
588 1937
587 1936
586 1935
585 1935
584 1934
583 1933
582 1933
581 1933
580 1933
579 1932
578 1932
577 1931
576 1931
575 1931
574 1930
573 1929
572 1929
571 1928
570 1928
569 1927
568 1926
567 1925
566 1925
565 1925
564 1925
563 1924
562 1924
561 1924
560 1924
559 1923
558 1923
557 1922
556 1922
555 1921
554 1920
553 1919
552 1919
551 1918
550 1917
549 1917
548 1916
547 1915
546 1915
545 1914
544 1914
543 1914
542 1914
541 1914
540 1914
539 1913
538 1913
537 1913
536 1913
535 1912
534 1912
533 1912
532 1912
531 1912
530 1912
529 1912
528 1912
527 1912
526 1912
525 1912
524 1912
523 1912
522 1912
521 1912
520 1912
519 1911
518 1911
517 1911
516 1911
515 1910
514 1910
513 1910
512 1910
511 1910
510 1910
509 1910
508 1910
507 1910
506 1910
505 1910
504 1910
503 1910
502 1910
501 1909
500 1909
499 1909
498 1909
497 1908
496 1908
495 1908
494 1908
493 1908
492 1908
491 1908
490 1908
489 1908
488 1908
487 1908
486 1908
485 1908
484 1908
483 1908
482 1908
481 1908
480 1908
479 1908
478 1908
477 1908
476 1908
475 1908
474 1908
473 1908
472 1908
