583 187
582 188
581 188
580 188
579 188
578 189
577 189
576 189
575 189
574 189
573 189
572 189
571 189
570 189
569 189
568 189
567 189
566 189
565 189
564 189
563 189
562 189
561 189
560 189
559 189
558 189
557 189
556 189
555 189
554 189
553 189
552 189
551 189
550 189
549 189
548 189
547 189
546 189
545 189
544 189
543 189
542 189
541 189
540 190
539 190
538 190
537 190
536 191
535 191
534 191
533 191
532 191
531 191
530 191
529 191
528 192
527 192
526 192
525 192
524 193
523 193
522 193
521 193
520 193
519 193
518 193
517 193
516 194
515 194
514 194
513 194
512 195
511 195
510 196
509 196
508 196
507 196
506 197
505 197
504 197
503 197
502 197
501 197
500 197
499 197
498 197
497 197
496 197
495 197
494 197
493 197
492 197
491 197
490 197
489 197
488 197
487 197
486 197
485 197
484 198
483 198
482 198
481 198
480 199
479 199
478 199
477 199
476 199
475 199
474 199
473 199
472 199
471 199
470 199
469 199
468 199
467 199
466 199
465 199
464 199
463 199
462 200
461 200
460 200
459 200
458 201
457 202
456 202
455 202
454 203
453 203
452 203
451 203
450 203
449 203
448 203
447 203
446 203
445 203
444 203
443 203
442 204
441 204
440 204
439 204
438 205
437 205
436 205
435 205
434 205
433 205
432 206
431 206
430 206
429 206
428 207
427 207
426 207
425 207
424 208
423 208
422 208
421 208
420 209
419 210
418 210
417 210
416 211
415 211
414 211
413 211
412 212
411 212
410 213
409 214
408 214
407 215
406 216
405 216
404 217
403 217
402 217
401 217
400 217
399 217
398 218
397 218
396 218
395 218
394 219
393 219
392 220
391 220
390 220
389 220
388 221
387 222
386 222
385 222
384 223
383 224
382 225
382 226
381 227
381 228
381 229
381 230
381 231
381 232
381 233
381 234
381 235
381 236
381 237
381 238
381 239
381 240
381 241
381 242
381 243
381 244
381 245
381 246
381 247
381 248
381 249
381 250
381 251
381 252
382 253
382 254
383 255
384 255
385 256
386 256
387 256
388 256
389 256
390 256
391 255
392 255
393 255
394 255
395 254
396 253
397 253
398 253
399 252
400 252
401 252
402 252
403 252
404 252
405 251
406 251
407 251
408 251
409 250
410 250
411 250
412 250
413 250
414 250
415 250
416 250
417 250
418 250
419 251
420 251
421 251
422 251
423 252
424 252
425 252
426 252
427 252
428 252
429 252
430 252
431 253
432 253
433 253
434 253
435 254
436 254
437 254
438 254
439 254
440 254
441 255
442 255
443 255
444 255
445 256
446 256
447 256
448 256
449 256
450 256
451 256
452 256
453 257
454 257
455 257
456 257
457 258
458 258
459 258
460 258
461 258
462 258
463 258
464 258
465 258
466 258
467 258
468 258
469 259
470 259
471 260
472 261
473 261
474 262
475 263
476 263
477 264
478 264
479 265
480 265
481 265
482 265
483 266
484 266
485 267
486 267
487 267
488 267
489 268
490 268
491 269
492 269
493 269
494 270
495 271
496 271
497 271
498 272
499 273
500 273
501 273
502 273
503 274
504 274
505 274
506 274
507 274
508 274
509 274
510 274
511 275
512 275
513 275
514 275
515 276
516 276
517 277
518 277
519 277
520 278
521 279
522 279
523 279
524 279
525 280
526 280
527 280
528 280
529 280
530 280
531 280
532 280
533 281
534 281
535 282
536 282
537 283
538 283
539 284
540 284
541 285
542 285
543 285
544 286
545 287
546 287
547 287
548 287
549 288
550 288
551 289
552 289
553 289
554 289
555 290
556 290
557 290
558 290
559 291
560 291
561 291
562 291
563 292
564 292
565 292
566 292
567 292
568 292
569 293
570 293
571 293
572 293
573 294
574 294
575 294
576 294
577 294
578 294
579 294
580 294
581 294
582 294
583 294
584 294
585 294
586 294
587 294
588 294
589 295
590 295
591 295
592 295
593 296
594 296
595 296
596 296
597 296
598 296
599 296
600 296
601 296
602 296
603 296
604 296
605 296
606 296
607 296
608 296
609 296
610 296
611 296
612 296
613 296
614 296
615 296
616 296
617 296
618 296
619 296
620 296
621 296
622 296
623 296
624 296
625 295
626 295
627 295
628 295
629 294
630 294
631 294
632 294
633 294
634 294
635 293
636 293
637 293
638 293
639 292
640 292
641 292
642 292
643 291
644 291
645 290
646 289
647 289
647 288
648 287
649 287
649 286
650 285
651 285
652 284
653 283
654 283
655 282
656 282
657 282
658 282
659 281
660 281
661 281
662 281
663 280
664 279
665 278
666 277
667 277
668 276
669 275
670 275
671 274
672 273
673 272
674 271
675 270
675 269
676 268
677 267
677 266
678 265
679 264
679 263
680 262
680 261
680 260
680 259
680 258
680 257
680 256
680 255
680 254
680 253
680 252
680 251
680 250
680 249
680 248
680 247
680 246
680 245
680 244
680 243
680 242
680 241
680 240
680 239
680 238
680 237
679 236
679 235
679 234
679 233
678 232
678 231
678 230
678 229
678 228
678 227
677 226
677 225
676 224
675 223
674 222
673 222
672 221
671 221
670 220
669 220
668 219
667 218
666 218
665 217
665 216
664 216
663 215
663 214
662 214
661 213
661 212
660 212
659 211
659 210
658 210
657 209
657 208
656 208
655 207
655 206
654 206
653 205
653 204
652 204
651 203
651 202
650 201
649 200
649 199
648 198
647 197
646 196
645 195
645 194
644 194
643 193
643 192
642 192
641 191
640 190
639 190
638 189
637 189
636 189
635 189
634 189
633 189
632 189
631 189
630 189
629 189
628 189
627 189
626 189
625 189
624 189
623 189
622 189
621 189
620 189
619 189
618 189
617 189
616 189
615 189
614 189
613 189
612 188
611 188
610 188
609 188
608 187
607 187
606 187
605 187
604 187
603 187
602 187
601 187
600 187
599 187
598 187
597 187
596 187
595 187
594 187
593 187
592 187
591 187
590 187
589 187
588 187
587 187
586 187
585 187
584 187
583 187
