584 834
583 835
582 835
581 836
580 836
579 837
578 837
577 838
576 838
575 838
574 838
573 838
572 838
571 838
570 838
569 838
568 838
567 839
566 839
565 839
564 839
563 840
562 841
561 841
560 841
559 842
558 842
557 842
556 842
555 842
554 842
553 842
552 842
551 843
550 843
549 844
548 845
547 845
546 846
545 847
544 847
543 848
542 848
541 849
540 849
539 849
538 849
537 850
536 850
535 850
534 850
533 850
532 850
531 851
530 851
529 852
528 853
527 853
527 854
526 855
525 855
525 856
524 857
523 857
523 858
522 859
521 859
521 860
520 861
519 861
518 862
517 863
516 863
515 864
514 864
513 864
512 864
511 865
510 865
509 866
508 866
507 867
506 867
505 868
504 869
503 870
502 871
501 871
501 872
500 873
499 873
499 874
498 875
497 875
497 876
496 877
495 877
495 878
494 879
493 879
493 880
492 881
491 881
491 882
490 883
489 883
489 884
488 885
487 885
487 886
486 887
485 887
485 888
484 889
483 889
483 890
482 891
481 891
481 892
480 893
479 894
479 895
478 896
478 897
478 898
478 899
478 900
478 901
478 902
478 903
478 904
478 905
478 906
478 907
478 908
478 909
478 910
478 911
478 912
478 913
478 914
478 915
478 916
478 917
479 918
479 919
479 920
479 921
480 922
480 923
480 924
480 925
481 926
481 927
482 928
483 929
484 930
485 930
486 931
487 931
488 931
489 931
490 931
491 931
492 931
493 931
494 931
495 931
496 931
497 931
498 931
499 931
500 931
501 931
502 931
503 931
504 931
505 931
506 931
507 931
508 931
509 931
510 931
511 931
512 931
513 931
514 931
515 931
516 931
517 931
518 931
519 931
520 931
521 931
522 931
523 931
524 931
525 931
526 931
527 931
528 931
529 931
530 931
531 931
532 931
533 931
534 931
535 931
536 931
537 931
538 931
539 931
540 931
541 931
542 931
543 931
544 931
545 931
546 931
547 931
548 931
549 931
550 931
551 931
552 931
553 931
554 931
555 931
556 931
557 931
558 931
559 931
560 931
561 931
562 931
563 931
564 931
565 931
566 931
567 931
568 932
569 932
570 933
571 933
572 934
573 934
574 935
575 935
576 935
577 935
578 935
579 935
580 935
581 935
582 935
583 935
584 936
585 936
586 937
587 937
588 938
589 938
590 939
591 939
592 939
593 939
594 940
595 940
596 940
597 940
598 941
599 941
600 941
601 941
602 941
603 941
604 941
605 941
606 941
607 941
608 941
609 941
610 941
611 941
612 941
613 941
614 942
615 942
616 942
617 942
618 943
619 943
620 943
621 943
622 943
623 943
624 943
625 943
626 943
627 943
628 943
629 943
630 943
631 943
632 943
633 943
634 943
635 943
636 943
637 943
638 943
639 943
640 943
641 943
642 943
643 943
644 943
645 943
646 943
647 943
648 943
649 943
650 943
651 943
652 943
653 943
654 943
655 943
656 944
657 944
658 944
659 944
660 945
661 945
662 945
663 945
664 945
665 945
666 945
667 945
668 945
669 945
670 945
671 945
672 945
673 945
674 945
675 945
676 945
677 945
678 945
679 945
680 945
681 945
682 945
683 945
684 944
685 944
686 944
687 944
688 943
689 943
690 943
691 943
692 943
693 943
694 943
695 943
696 943
697 943
698 943
699 943
700 943
701 943
702 943
703 943
704 942
705 942
706 942
707 942
708 941
709 940
710 939
711 939
712 938
713 938
714 937
715 937
716 937
717 937
718 936
719 936
720 936
721 936
722 935
723 934
724 933
725 932
726 932
726 931
727 930
728 929
728 928
729 927
729 926
729 925
729 924
730 923
730 922
730 921
731 920
732 919
732 918
733 917
733 916
734 915
735 914
736 913
736 912
736 911
736 910
737 909
737 908
738 907
738 906
738 905
738 904
739 903
739 902
739 901
739 900
739 899
739 898
739 897
739 896
739 895
739 894
739 893
739 892
739 891
739 890
739 889
739 888
739 887
739 886
738 885
738 884
738 883
738 882
737 881
736 880
736 879
736 878
735 877
735 876
735 875
735 874
734 873
734 872
733 871
733 870
732 869
732 868
731 867
730 866
729 865
728 864
728 863
727 863
726 862
726 861
725 861
724 860
724 859
723 859
722 858
722 857
721 857
720 856
719 855
718 855
717 854
716 854
715 853
714 853
713 853
712 853
711 852
710 852
709 852
708 852
707 852
706 852
705 851
704 851
703 850
702 849
701 849
700 848
700 847
699 846
698 845
698 844
697 843
696 842
695 841
694 841
693 840
692 840
691 840
690 840
689 839
688 839
687 839
686 839
685 838
684 838
683 838
682 838
681 838
680 838
679 838
678 838
677 838
676 838
675 838
674 838
673 839
672 839
671 839
670 839
669 840
668 840
667 840
666 840
665 840
664 840
663 841
662 841
661 841
660 841
659 842
658 842
657 842
656 842
655 842
654 842
653 842
652 842
651 842
650 842
649 842
648 842
647 843
646 843
645 843
644 843
643 844
642 844
641 844
640 844
639 844
638 844
637 844
636 844
635 844
634 844
633 844
632 844
631 844
630 844
629 844
628 844
627 844
626 844
625 844
624 844
623 844
622 844
621 844
620 844
619 844
618 844
617 844
616 844
615 844
614 844
613 844
612 844
611 844
610 844
609 844
608 844
607 844
606 844
605 844
604 844
603 844
602 844
601 843
600 843
599 842
598 841
597 841
596 840
595 839
594 839
593 838
592 838
591 837
590 837
589 836
588 836
587 835
586 835
585 834
584 834
