421 2089
420 2090
419 2090
418 2090
417 2090
416 2091
415 2091
414 2091
413 2091
412 2091
411 2091
410 2091
409 2091
408 2091
407 2091
406 2091
405 2091
404 2091
403 2091
402 2091
401 2091
400 2091
399 2091
398 2091
397 2091
396 2091
395 2091
394 2091
393 2091
392 2091
391 2091
390 2091
389 2091
388 2091
387 2091
386 2091
385 2091
384 2092
383 2092
382 2092
381 2092
380 2093
379 2094
378 2094
377 2094
376 2095
375 2096
374 2096
373 2096
372 2097
371 2097
370 2097
369 2097
368 2097
367 2097
366 2098
365 2098
364 2098
363 2098
362 2099
361 2099
360 2099
359 2099
358 2099
357 2099
356 2100
355 2100
354 2100
353 2100
352 2101
351 2102
350 2102
349 2102
348 2103
347 2103
346 2102
345 2102
344 2102
343 2102
342 2101
341 2101
340 2101
339 2101
338 2102
337 2102
336 2102
335 2102
334 2103
333 2103
332 2103
331 2103
330 2103
329 2103
328 2103
327 2103
326 2103
325 2103
324 2103
323 2103
322 2103
321 2103
320 2103
319 2103
318 2103
317 2103
316 2104
315 2104
314 2104
313 2104
312 2105
311 2105
310 2105
309 2105
308 2105
307 2105
306 2105
305 2105
304 2105
303 2105
302 2105
301 2105
300 2105
299 2105
298 2105
297 2105
296 2105
295 2105
294 2105
293 2105
292 2105
291 2105
290 2106
289 2106
288 2106
287 2106
286 2107
285 2107
284 2107
283 2107
282 2107
281 2107
280 2107
279 2107
278 2107
277 2107
276 2107
275 2107
274 2107
273 2107
272 2108
271 2108
270 2108
269 2108
268 2109
267 2109
266 2109
265 2109
264 2110
263 2110
262 2110
261 2110
260 2111
259 2111
258 2112
257 2112
256 2112
255 2112
254 2113
253 2113
252 2114
251 2114
250 2114
249 2114
248 2115
247 2116
246 2116
245 2116
244 2117
243 2118
242 2119
241 2120
240 2120
239 2121
238 2122
237 2122
236 2123
235 2123
234 2124
233 2124
232 2124
231 2124
230 2125
229 2125
228 2125
227 2125
226 2125
225 2125
224 2125
223 2125
222 2126
221 2126
220 2126
219 2126
218 2127
217 2128
216 2129
215 2130
214 2130
214 2131
213 2132
212 2132
212 2133
211 2134
210 2135
210 2136
209 2137
209 2138
210 2139
210 2140
210 2141
210 2142
211 2143
212 2144
213 2145
214 2145
215 2146
216 2146
217 2147
218 2147
219 2148
220 2148
221 2149
222 2150
223 2151
224 2151
225 2152
226 2153
227 2153
228 2154
228 2155
229 2155
230 2156
231 2157
232 2158
233 2159
234 2159
235 2160
236 2161
237 2161
238 2162
238 2163
239 2163
240 2164
240 2165
241 2166
242 2167
242 2168
243 2169
244 2170
245 2171
246 2172
247 2173
248 2174
249 2175
250 2175
251 2175
252 2176
253 2177
254 2177
255 2178
256 2179
257 2179
258 2180
259 2181
260 2181
261 2182
262 2182
263 2183
264 2183
265 2184
266 2184
267 2185
268 2186
269 2187
270 2187
271 2188
272 2189
273 2189
274 2190
275 2191
276 2191
277 2192
278 2192
279 2192
280 2192
281 2192
282 2192
283 2192
284 2192
285 2192
286 2192
287 2192
288 2192
289 2192
290 2192
291 2192
292 2192
293 2192
294 2192
295 2192
296 2192
297 2192
298 2192
299 2192
300 2192
301 2192
302 2192
303 2193
304 2193
305 2193
306 2193
307 2194
308 2194
309 2194
310 2194
311 2194
312 2194
313 2194
314 2194
315 2194
316 2194
317 2194
318 2194
319 2194
320 2194
321 2194
322 2194
323 2194
324 2194
325 2194
326 2194
327 2194
328 2194
329 2194
330 2194
331 2194
332 2194
333 2194
334 2194
335 2194
336 2194
337 2194
338 2194
339 2194
340 2194
341 2194
342 2194
343 2194
344 2194
345 2194
346 2194
347 2194
348 2194
349 2194
350 2194
351 2194
352 2194
353 2194
354 2194
355 2194
356 2194
357 2194
358 2194
359 2194
360 2194
361 2194
362 2194
363 2194
364 2194
365 2194
366 2194
367 2194
368 2194
369 2195
370 2195
371 2195
372 2195
373 2196
374 2196
375 2196
376 2196
377 2196
378 2196
379 2196
380 2196
381 2196
382 2196
383 2196
384 2196
385 2196
386 2196
387 2196
388 2196
389 2196
390 2196
391 2196
392 2196
393 2196
394 2196
395 2197
396 2197
397 2197
398 2197
399 2198
400 2198
401 2198
402 2198
403 2198
404 2198
405 2198
406 2198
407 2198
408 2198
409 2198
410 2198
411 2198
412 2198
413 2198
414 2198
415 2198
416 2198
417 2198
418 2198
419 2198
420 2198
421 2198
422 2198
423 2198
424 2198
425 2198
426 2198
427 2198
428 2198
429 2198
430 2198
431 2197
432 2197
433 2196
434 2195
435 2195
436 2194
437 2193
438 2193
439 2192
440 2192
441 2192
442 2192
443 2192
444 2192
445 2191
446 2191
447 2191
448 2191
449 2190
450 2190
451 2190
452 2190
453 2190
454 2190
455 2190
456 2190
457 2190
458 2190
459 2190
460 2190
461 2189
462 2189
463 2188
464 2187
465 2187
465 2186
466 2185
467 2185
467 2184
468 2183
469 2183
469 2182
470 2181
471 2180
471 2179
472 2178
472 2177
473 2176
473 2175
473 2174
474 2173
475 2172
475 2171
476 2170
477 2169
477 2168
478 2167
479 2167
479 2166
480 2165
481 2165
481 2164
482 2163
483 2163
483 2162
484 2161
485 2161
485 2160
486 2159
487 2158
487 2157
488 2156
488 2155
488 2154
488 2153
488 2152
488 2151
488 2150
488 2149
488 2148
488 2147
489 2146
489 2145
489 2144
490 2143
491 2142
491 2141
491 2140
491 2139
492 2138
492 2137
491 2136
491 2135
491 2134
491 2133
490 2132
489 2131
489 2130
489 2129
488 2128
488 2127
488 2126
488 2125
488 2124
488 2123
488 2122
488 2121
488 2120
488 2119
487 2118
487 2117
486 2116
485 2115
485 2114
484 2114
483 2113
482 2112
481 2111
480 2110
479 2110
478 2109
477 2108
476 2108
475 2107
475 2106
474 2106
473 2105
473 2104
472 2104
471 2103
470 2102
469 2101
468 2100
467 2100
466 2099
465 2099
464 2098
463 2098
462 2097
461 2097
460 2096
459 2096
458 2096
457 2096
456 2095
455 2095
454 2095
453 2095
452 2094
451 2094
450 2094
449 2094
448 2093
447 2093
446 2093
445 2093
444 2092
443 2092
442 2092
441 2092
440 2091
439 2091
438 2091
437 2091
436 2091
435 2091
434 2090
433 2090
432 2090
431 2090
430 2089
429 2089
428 2089
427 2089
426 2089
425 2089
424 2089
423 2089
422 2089
421 2089
