1210 1583
1209 1584
1208 1584
1207 1584
1206 1584
1205 1585
1204 1586
1203 1586
1202 1586
1201 1587
1200 1587
1199 1587
1198 1587
1197 1587
1196 1587
1195 1587
1194 1587
1193 1587
1192 1587
1191 1588
1190 1588
1189 1588
1188 1588
1187 1589
1186 1590
1185 1590
1184 1590
1183 1591
1182 1591
1181 1591
1180 1591
1179 1592
1178 1592
1177 1592
1176 1592
1175 1593
1174 1594
1173 1594
1172 1594
1171 1595
1170 1595
1169 1595
1168 1595
1167 1595
1166 1595
1165 1595
1164 1595
1163 1595
1162 1595
1161 1596
1160 1596
1159 1596
1158 1596
1157 1597
1156 1598
1155 1598
1154 1598
1153 1599
1152 1600
1151 1600
1150 1600
1149 1601
1148 1601
1147 1602
1146 1602
1145 1602
1144 1602
1143 1603
1142 1603
1141 1604
1140 1604
1139 1604
1138 1604
1137 1605
1136 1606
1135 1606
1134 1606
1133 1607
1132 1607
1131 1607
1130 1607
1129 1607
1128 1607
1127 1607
1126 1607
1125 1608
1124 1608
1123 1608
1122 1608
1121 1609
1120 1610
1119 1610
1118 1610
1117 1611
1116 1612
1115 1613
1114 1614
1113 1614
1113 1615
1112 1616
1111 1616
1110 1617
1109 1618
1108 1618
1107 1619
1106 1619
1105 1619
1104 1619
1103 1619
1102 1619
1101 1619
1100 1619
1099 1619
1098 1619
1097 1619
1096 1619
1095 1620
1094 1620
1093 1620
1092 1620
1091 1621
1090 1621
1089 1621
1088 1621
1087 1621
1086 1621
1085 1621
1084 1621
1083 1621
1082 1621
1081 1622
1080 1622
1079 1622
1078 1622
1077 1623
1076 1623
1075 1623
1074 1623
1073 1623
1072 1623
1071 1623
1070 1623
1069 1623
1068 1623
1067 1623
1066 1623
1065 1624
1064 1624
1063 1624
1062 1624
1061 1625
1060 1625
1059 1626
1058 1626
1057 1626
1056 1626
1055 1627
1054 1628
1053 1628
1052 1628
1051 1629
1050 1629
1049 1630
1048 1630
1047 1631
1046 1632
1045 1632
1045 1633
1044 1634
1043 1634
1043 1635
1042 1636
1041 1636
1040 1637
1039 1638
1038 1638
1037 1639
1036 1639
1035 1638
1034 1638
1033 1637
1032 1637
1031 1636
1030 1636
1029 1635
1028 1635
1027 1634
1026 1634
1025 1634
1024 1634
1023 1633
1022 1633
1021 1633
1020 1633
1019 1634
1018 1634
1017 1634
1016 1634
1015 1635
1014 1635
1013 1636
1012 1636
1011 1637
1010 1637
1009 1638
1008 1638
1007 1639
1006 1639
1005 1639
1004 1639
1003 1639
1002 1639
1001 1639
1000 1639
999 1639
998 1639
997 1640
996 1640
995 1640
994 1640
993 1641
992 1641
991 1641
990 1641
989 1641
988 1641
987 1641
986 1641
985 1642
984 1642
983 1642
982 1642
981 1643
980 1644
979 1645
978 1646
977 1646
977 1647
976 1648
975 1648
974 1649
973 1650
972 1650
971 1651
970 1651
969 1651
968 1651
967 1651
966 1651
965 1651
964 1651
963 1651
962 1651
961 1651
960 1651
959 1652
958 1652
957 1652
956 1652
955 1653
954 1653
953 1654
952 1654
951 1654
950 1654
949 1655
948 1656
947 1657
946 1657
945 1658
944 1658
943 1659
942 1659
941 1660
940 1660
939 1661
938 1662
937 1662
936 1663
935 1664
934 1664
933 1665
932 1666
931 1667
930 1667
929 1668
928 1668
927 1669
926 1669
925 1670
924 1670
923 1670
922 1670
921 1671
920 1672
919 1672
918 1672
917 1673
916 1674
915 1675
914 1675
913 1676
912 1676
911 1677
910 1677
909 1678
908 1678
907 1678
906 1678
905 1679
904 1680
903 1680
902 1680
901 1681
900 1682
899 1682
898 1682
897 1683
896 1684
895 1685
894 1686
893 1686
893 1687
892 1688
891 1689
890 1690
889 1691
889 1692
888 1693
887 1694
887 1695
886 1696
885 1696
885 1697
884 1698
883 1699
882 1700
881 1701
881 1702
880 1703
879 1704
879 1705
878 1706
877 1706
877 1707
876 1708
875 1709
874 1710
873 1711
873 1712
872 1713
871 1714
871 1715
870 1716
869 1717
869 1718
868 1719
868 1720
868 1721
868 1722
868 1723
868 1724
868 1725
868 1726
868 1727
868 1728
867 1729
867 1730
867 1731
867 1732
866 1733
866 1734
866 1735
866 1736
865 1737
865 1738
865 1739
864 1740
863 1741
863 1742
863 1743
862 1744
861 1745
861 1746
861 1747
861 1748
860 1749
860 1750
859 1751
859 1752
859 1753
859 1754
858 1755
858 1756
858 1757
858 1758
858 1759
858 1760
858 1761
858 1762
858 1763
858 1764
858 1765
858 1766
858 1767
858 1768
858 1769
858 1770
857 1771
857 1772
857 1773
857 1774
856 1775
856 1776
855 1777
855 1778
855 1779
855 1780
854 1781
854 1782
853 1783
853 1784
853 1785
853 1786
852 1787
852 1788
851 1789
851 1790
850 1791
849 1792
849 1793
848 1794
847 1795
847 1796
846 1797
846 1798
846 1799
846 1800
846 1801
846 1802
846 1803
846 1804
846 1805
846 1806
846 1807
846 1808
847 1809
847 1810
848 1811
849 1812
849 1813
850 1814
851 1815
851 1816
852 1817
853 1818
854 1819
855 1820
855 1821
856 1821
857 1822
858 1823
859 1823
860 1824
861 1824
862 1824
863 1824
864 1824
865 1824
866 1824
867 1824
868 1824
869 1824
870 1823
871 1823
872 1823
873 1823
874 1822
875 1822
876 1822
877 1822
878 1822
879 1822
880 1822
881 1822
882 1821
883 1821
884 1821
885 1821
886 1820
887 1820
888 1820
889 1820
890 1820
891 1820
892 1819
893 1819
894 1819
895 1819
896 1818
897 1818
898 1817
899 1817
900 1817
901 1817
902 1816
903 1816
904 1816
905 1816
906 1816
907 1816
908 1816
909 1816
910 1815
911 1815
912 1815
913 1815
914 1815
915 1815
916 1816
917 1816
918 1817
919 1817
920 1818
921 1818
922 1818
923 1818
924 1818
925 1818
926 1818
927 1818
928 1818
929 1818
930 1818
931 1818
932 1818
933 1818
934 1818
935 1818
936 1818
937 1818
938 1818
939 1818
940 1818
941 1818
942 1818
943 1818
944 1818
945 1818
946 1818
947 1818
948 1818
949 1818
950 1818
951 1818
952 1818
953 1818
954 1817
955 1817
956 1817
957 1817
958 1816
959 1816
960 1816
961 1816
962 1816
963 1816
964 1816
965 1816
966 1816
967 1816
968 1816
969 1816
970 1816
971 1816
972 1816
973 1816
974 1816
975 1816
976 1816
977 1816
978 1816
979 1816
980 1816
981 1816
982 1816
983 1816
984 1816
985 1816
986 1816
987 1816
988 1816
989 1816
990 1816
991 1816
992 1816
993 1816
994 1816
995 1816
996 1816
997 1816
998 1816
999 1816
1000 1816
1001 1816
1002 1816
1003 1816
1004 1816
1005 1816
1006 1816
1007 1816
1008 1816
1009 1816
1010 1816
1011 1816
1012 1816
1013 1816
1014 1816
1015 1816
1016 1816
1017 1816
1018 1816
1019 1816
1020 1816
1021 1816
1022 1816
1023 1816
1024 1816
1025 1816
1026 1816
1027 1816
1028 1816
1029 1816
1030 1817
1031 1817
1032 1817
1033 1817
1034 1818
1035 1818
1036 1818
1037 1818
1038 1818
1039 1818
1040 1818
1041 1818
1042 1818
1043 1818
1044 1818
1045 1818
1046 1818
1047 1818
1048 1818
1049 1818
1050 1818
1051 1818
1052 1818
1053 1818
1054 1819
1055 1819
1056 1819
1057 1819
1058 1820
1059 1820
1060 1820
1061 1820
1062 1820
1063 1820
1064 1821
1065 1821
1066 1821
1067 1822
1068 1823
1069 1823
1070 1823
1071 1823
1072 1824
1073 1824
1074 1824
1075 1824
1076 1824
1077 1824
1078 1824
1079 1824
1080 1824
1081 1824
1082 1824
1083 1824
1084 1824
1085 1824
1086 1824
1087 1824
1088 1825
1089 1825
1090 1825
1091 1825
1092 1826
1093 1826
1094 1826
1095 1826
1096 1826
1097 1826
1098 1826
1099 1826
1100 1826
1101 1826
1102 1826
1103 1826
1104 1826
1105 1826
1106 1826
1107 1826
1108 1826
1109 1826
1110 1826
1111 1826
1112 1826
1113 1826
1114 1826
1115 1826
1116 1826
1117 1826
1118 1826
1119 1826
1120 1826
1121 1826
1122 1826
1123 1826
1124 1826
1125 1826
1126 1826
1127 1826
1128 1826
1129 1826
1130 1826
1131 1826
1132 1826
1133 1826
1134 1826
1135 1826
1136 1826
1137 1826
1138 1826
1139 1826
1140 1826
1141 1826
1142 1826
1143 1826
1144 1827
1145 1827
1146 1827
1147 1827
1148 1828
1149 1828
1150 1828
1151 1828
1152 1828
1153 1828
1154 1828
1155 1828
1156 1828
1157 1828
1158 1828
1159 1828
1160 1828
1161 1828
1162 1828
1163 1828
1164 1829
1165 1829
1166 1829
1167 1829
1168 1830
1169 1830
1170 1830
1171 1830
1172 1830
1173 1830
1174 1830
1175 1830
1176 1830
1177 1830
1178 1830
1179 1830
1180 1830
1181 1830
1182 1830
1183 1830
1184 1830
1185 1830
1186 1830
1187 1830
1188 1830
1189 1830
1190 1830
1191 1830
1192 1830
1193 1830
1194 1830
1195 1830
1196 1830
1197 1830
1198 1831
1199 1831
1200 1831
1201 1831
1202 1832
1203 1832
1204 1832
1205 1832
1206 1832
1207 1832
1208 1832
1209 1832
1210 1832
1211 1832
1212 1832
1213 1832
1214 1832
1215 1832
1216 1832
1217 1832
1218 1832
1219 1832
1220 1832
1221 1832
1222 1832
1223 1832
1224 1833
1225 1833
1226 1833
1227 1833
1228 1834
1229 1834
1230 1835
1231 1835
1232 1835
1233 1836
1234 1837
1235 1837
1236 1837
1237 1837
1238 1838
1239 1838
1240 1838
1241 1838
1242 1838
1243 1838
1244 1839
1245 1839
1246 1839
1247 1839
1248 1840
1249 1840
1250 1840
1251 1840
1252 1840
1253 1840
1254 1841
1255 1841
1256 1841
1257 1841
1258 1842
1259 1842
1260 1843
1261 1843
1262 1843
1263 1843
1264 1844
1265 1844
1266 1844
1267 1844
1268 1845
1269 1845
1270 1845
1271 1845
1272 1846
1273 1846
1274 1846
1275 1846
1276 1846
1277 1846
1278 1846
1279 1846
1280 1846
1281 1846
1282 1846
1283 1846
1284 1847
1285 1847
1286 1847
1287 1847
1288 1848
1289 1848
1290 1849
1291 1849
1292 1849
1293 1849
1294 1850
1295 1850
1296 1850
1297 1850
1298 1850
1299 1850
1300 1850
1301 1850
1302 1850
1303 1850
1304 1850
1305 1850
1306 1850
1307 1850
1308 1850
1309 1850
1310 1850
1311 1850
1312 1850
1313 1850
1314 1850
1315 1850
1316 1850
1317 1850
1318 1851
1319 1851
1320 1851
1321 1851
1322 1852
1323 1852
1324 1852
1325 1852
1326 1852
1327 1852
1328 1852
1329 1852
1330 1852
1331 1852
1332 1852
1333 1852
1334 1852
1335 1852
1336 1852
1337 1852
1338 1851
1339 1851
1340 1851
1341 1851
1342 1850
1343 1850
1344 1850
1345 1850
1346 1850
1347 1850
1348 1850
1349 1850
1350 1849
1351 1849
1352 1849
1353 1849
1354 1848
1355 1848
1356 1848
1357 1848
1358 1848
1359 1848
1360 1848
1361 1848
1362 1848
1363 1848
1364 1848
1365 1848
1366 1847
1367 1847
1368 1847
1369 1847
1370 1846
1371 1846
1372 1846
1373 1846
1374 1846
1375 1846
1376 1845
1377 1845
1378 1845
1379 1845
1380 1844
1381 1844
1382 1843
1383 1843
1384 1843
1385 1843
1386 1842
1387 1842
1388 1841
1389 1841
1390 1840
1391 1840
1392 1839
1393 1839
1394 1838
1395 1838
1396 1838
1397 1838
1398 1838
1399 1838
1400 1838
1401 1838
1402 1838
1403 1838
1404 1838
1405 1838
1406 1837
1407 1837
1408 1837
1409 1837
1410 1836
1411 1836
1412 1835
1413 1835
1414 1835
1415 1835
1416 1834
1417 1834
1418 1833
1419 1833
1420 1833
1421 1833
1422 1832
1423 1832
1424 1831
1425 1831
1426 1831
1427 1831
1428 1830
1429 1830
1430 1829
1431 1829
1432 1829
1433 1829
1434 1828
1435 1827
1436 1827
1437 1827
1438 1826
1439 1825
1440 1825
1441 1825
1442 1824
1443 1823
1444 1823
1445 1823
1446 1822
1447 1821
1448 1820
1449 1820
1450 1819
1451 1819
1452 1818
1453 1817
1454 1817
1455 1817
1456 1816
1457 1815
1458 1814
1459 1813
1460 1813
1460 1812
1461 1811
1462 1811
1462 1810
1463 1809
1464 1809
1464 1808
1465 1807
1466 1806
1467 1805
1468 1804
1468 1803
1469 1802
1470 1801
1471 1801
1472 1800
1473 1799
1474 1798
1475 1797
1476 1797
1476 1796
1477 1795
1478 1795
1478 1794
1479 1793
1480 1792
1481 1791
1482 1790
1482 1789
1483 1788
1484 1787
1484 1786
1485 1785
1486 1784
1487 1783
1488 1782
1488 1781
1488 1780
1488 1779
1489 1778
1489 1777
1489 1776
1489 1775
1490 1774
1490 1773
1490 1772
1490 1771
1491 1770
1491 1769
1492 1768
1492 1767
1493 1766
1494 1765
1494 1764
1495 1763
1496 1762
1496 1761
1497 1760
1497 1759
1497 1758
1497 1757
1497 1756
1497 1755
1498 1754
1498 1753
1498 1752
1499 1751
1500 1750
1500 1749
1501 1748
1501 1747
1502 1746
1502 1745
1503 1744
1503 1743
1503 1742
1503 1741
1504 1740
1504 1739
1504 1738
1504 1737
1505 1736
1505 1735
1505 1734
1505 1733
1505 1732
1505 1731
1505 1730
1505 1729
1505 1728
1505 1727
1505 1726
1505 1725
1505 1724
1505 1723
1505 1722
1505 1721
1505 1720
1505 1719
1505 1718
1505 1717
1505 1716
1505 1715
1505 1714
1505 1713
1505 1712
1505 1711
1505 1710
1505 1709
1505 1708
1505 1707
1505 1706
1505 1705
1505 1704
1505 1703
1505 1702
1505 1701
1505 1700
1505 1699
1506 1698
1506 1697
1507 1696
1507 1695
1508 1694
1508 1693
1509 1692
1509 1691
1510 1690
1510 1689
1510 1688
1510 1687
1511 1686
1511 1685
1512 1684
1512 1683
1513 1682
1513 1681
1514 1680
1514 1679
1515 1678
1515 1677
1515 1676
1515 1675
1515 1674
1515 1673
1515 1672
1515 1671
1515 1670
1515 1669
1515 1668
1515 1667
1515 1666
1515 1665
1515 1664
1515 1663
1515 1662
1515 1661
1514 1660
1514 1659
1513 1658
1512 1657
1512 1656
1511 1656
1510 1655
1510 1654
1509 1654
1508 1653
1508 1652
1507 1652
1506 1651
1506 1650
1505 1649
1504 1648
1504 1647
1503 1646
1502 1645
1502 1644
1502 1643
1501 1642
1500 1641
1500 1640
1500 1639
1499 1638
1498 1637
1497 1636
1497 1635
1496 1634
1496 1633
1495 1632
1495 1631
1495 1630
1495 1629
1494 1628
1494 1627
1493 1626
1492 1625
1491 1624
1490 1623
1489 1622
1488 1622
1487 1621
1486 1620
1485 1619
1484 1618
1484 1617
1483 1616
1482 1615
1481 1614
1480 1613
1480 1612
1479 1612
1478 1611
1477 1610
1476 1610
1475 1609
1474 1609
1473 1609
1472 1609
1471 1609
1470 1609
1469 1609
1468 1609
1467 1608
1466 1608
1465 1607
1464 1607
1463 1606
1462 1606
1461 1605
1460 1605
1459 1604
1458 1604
1457 1603
1456 1602
1455 1602
1454 1601
1453 1600
1452 1599
1451 1598
1450 1598
1449 1598
1448 1597
1447 1596
1446 1596
1445 1596
1444 1596
1443 1595
1442 1595
1441 1595
1440 1595
1439 1595
1438 1595
1437 1594
1436 1594
1435 1594
1434 1594
1433 1593
1432 1593
1431 1592
1430 1592
1429 1592
1428 1592
1427 1591
1426 1591
1425 1591
1424 1591
1423 1591
1422 1591
1421 1591
1420 1591
1419 1591
1418 1591
1417 1591
1416 1591
1415 1591
1414 1591
1413 1590
1412 1590
1411 1590
1410 1590
1409 1589
1408 1589
1407 1589
1406 1589
1405 1588
1404 1588
1403 1588
1402 1588
1401 1587
1400 1587
1399 1587
1398 1587
1397 1587
1396 1587
1395 1587
1394 1587
1393 1587
1392 1587
1391 1587
1390 1587
1389 1587
1388 1587
1387 1587
1386 1587
1385 1587
1384 1587
1383 1586
1382 1586
1381 1586
1380 1586
1379 1585
1378 1585
1377 1585
1376 1585
1375 1585
1374 1585
1373 1585
1372 1585
1371 1585
1370 1585
1369 1585
1368 1585
1367 1585
1366 1585
1365 1585
1364 1585
1363 1585
1362 1585
1361 1586
1360 1586
1359 1586
1358 1586
1357 1587
1356 1587
1355 1587
1354 1587
1353 1587
1352 1587
1351 1587
1350 1587
1349 1587
1348 1587
1347 1587
1346 1587
1345 1587
1344 1587
1343 1587
1342 1587
1341 1587
1340 1587
1339 1587
1338 1587
1337 1587
1336 1587
1335 1587
1334 1587
1333 1587
1332 1587
1331 1587
1330 1587
1329 1587
1328 1587
1327 1587
1326 1587
1325 1587
1324 1587
1323 1587
1322 1587
1321 1587
1320 1587
1319 1588
1318 1588
1317 1588
1316 1588
1315 1589
1314 1589
1313 1589
1312 1589
1311 1589
1310 1589
1309 1589
1308 1589
1307 1589
1306 1589
1305 1589
1304 1589
1303 1589
1302 1589
1301 1589
1300 1589
1299 1590
1298 1590
1297 1590
1296 1590
1295 1591
1294 1591
1293 1591
1292 1591
1291 1591
1290 1591
1289 1591
1288 1591
1287 1591
1286 1591
1285 1591
1284 1591
1283 1591
1282 1591
1281 1591
1280 1591
1279 1591
1278 1591
1277 1591
1276 1591
1275 1591
1274 1591
1273 1592
1272 1592
1271 1592
1270 1592
1269 1593
1268 1593
1267 1593
1266 1593
1265 1593
1264 1593
1263 1593
1262 1593
1261 1593
1260 1593
1259 1593
1258 1593
1257 1593
1256 1593
1255 1592
1254 1592
1253 1591
1252 1591
1251 1590
1250 1590
1249 1589
1248 1589
1247 1589
1246 1589
1245 1589
1244 1589
1243 1588
1242 1588
1241 1588
1240 1588
1239 1587
1238 1587
1237 1586
1236 1586
1235 1586
1234 1586
1233 1585
1232 1585
1231 1585
1230 1585
1229 1585
1228 1585
1227 1585
1226 1585
1225 1585
1224 1585
1223 1585
1222 1585
1221 1585
1220 1585
1219 1584
1218 1584
1217 1584
1216 1584
1215 1583
1214 1583
1213 1583
1212 1583
1211 1583
1210 1583
