519 2861
518 2862
517 2862
516 2863
515 2864
514 2864
514 2865
513 2866
512 2866
512 2867
511 2868
510 2868
510 2869
509 2870
508 2870
508 2871
507 2872
506 2872
506 2873
505 2874
504 2874
504 2875
503 2876
502 2876
502 2877
501 2878
500 2878
499 2879
498 2880
497 2880
496 2881
495 2882
494 2883
493 2884
492 2884
491 2885
490 2886
489 2886
488 2887
487 2888
486 2889
485 2889
484 2890
483 2890
482 2891
481 2892
480 2893
479 2893
478 2894
477 2894
476 2895
475 2896
474 2897
473 2897
472 2898
471 2898
470 2899
469 2899
468 2900
467 2900
466 2900
465 2900
464 2901
463 2902
462 2903
461 2903
460 2904
459 2904
458 2905
457 2906
456 2906
455 2906
454 2907
453 2907
452 2908
451 2908
450 2909
449 2909
448 2910
447 2910
446 2911
445 2911
444 2912
443 2912
442 2912
441 2912
440 2913
439 2913
438 2914
437 2914
436 2914
435 2914
434 2915
433 2916
432 2916
431 2916
430 2917
429 2918
428 2918
427 2918
426 2919
425 2920
424 2920
423 2920
422 2921
421 2922
420 2923
419 2924
418 2924
418 2925
417 2926
416 2926
416 2927
415 2928
414 2928
413 2929
412 2930
411 2930
410 2931
409 2932
408 2933
407 2933
406 2934
405 2934
404 2935
403 2936
402 2937
401 2938
400 2938
400 2939
399 2940
398 2941
398 2942
397 2943
397 2944
397 2945
397 2946
397 2947
397 2948
398 2949
398 2950
399 2951
400 2952
400 2953
401 2953
402 2954
402 2955
403 2955
404 2956
404 2957
405 2957
406 2958
406 2959
407 2959
408 2960
409 2961
410 2961
411 2962
412 2962
413 2962
414 2962
415 2962
416 2962
417 2962
418 2962
419 2962
420 2962
421 2962
422 2962
423 2962
424 2962
425 2961
426 2961
427 2961
428 2961
429 2960
430 2960
431 2960
432 2960
433 2959
434 2959
435 2958
436 2958
437 2957
438 2957
439 2956
440 2956
441 2956
442 2956
443 2956
444 2956
445 2956
446 2956
447 2956
448 2956
449 2956
450 2956
451 2956
452 2956
453 2956
454 2956
455 2955
456 2955
457 2955
458 2955
459 2954
460 2954
461 2954
462 2954
463 2953
464 2953
465 2953
466 2953
467 2952
468 2952
469 2952
470 2952
471 2952
472 2952
473 2951
474 2951
475 2951
476 2951
477 2950
478 2950
479 2950
480 2950
481 2950
482 2950
483 2950
484 2950
485 2949
486 2949
487 2949
488 2949
489 2948
490 2948
491 2947
492 2947
493 2947
494 2947
495 2946
496 2946
497 2946
498 2946
499 2946
500 2946
501 2946
502 2946
503 2946
504 2946
505 2946
506 2946
507 2946
508 2946
509 2946
510 2946
511 2946
512 2946
513 2946
514 2946
515 2946
516 2946
517 2946
518 2946
519 2946
520 2946
521 2946
522 2946
523 2946
524 2946
525 2946
526 2946
527 2946
528 2946
529 2946
530 2946
531 2946
532 2946
533 2946
534 2946
535 2946
536 2946
537 2946
538 2946
539 2946
540 2946
541 2946
542 2946
543 2945
544 2945
545 2945
546 2945
547 2944
548 2944
549 2944
550 2944
551 2944
552 2944
553 2944
554 2944
555 2944
556 2944
557 2944
558 2944
559 2944
560 2944
561 2944
562 2944
563 2944
564 2944
565 2944
566 2944
567 2944
568 2944
569 2943
570 2943
571 2943
572 2943
573 2942
574 2942
575 2942
576 2942
577 2942
578 2942
579 2942
580 2942
581 2942
582 2942
583 2942
584 2942
585 2942
586 2942
587 2942
588 2942
589 2942
590 2942
591 2942
592 2942
593 2941
594 2941
595 2941
596 2941
597 2940
598 2940
599 2940
600 2940
601 2940
602 2940
603 2940
604 2940
605 2940
606 2940
607 2940
608 2940
609 2940
610 2940
611 2940
612 2940
613 2940
614 2940
615 2940
616 2940
617 2941
618 2941
619 2941
620 2941
621 2942
622 2942
623 2942
624 2942
625 2942
626 2942
627 2942
628 2942
629 2942
630 2942
631 2942
632 2942
633 2942
634 2942
635 2942
636 2942
637 2942
638 2942
639 2942
640 2942
641 2942
642 2942
643 2942
644 2942
645 2942
646 2942
647 2942
648 2942
649 2942
650 2942
651 2942
652 2942
653 2942
654 2942
655 2942
656 2942
657 2941
658 2941
659 2940
660 2939
661 2939
661 2938
662 2937
663 2937
663 2936
664 2935
665 2935
665 2934
666 2933
667 2932
667 2931
668 2930
668 2929
669 2928
669 2927
669 2926
669 2925
670 2924
670 2923
671 2922
671 2921
671 2920
671 2919
672 2918
672 2917
673 2916
673 2915
673 2914
673 2913
674 2912
674 2911
674 2910
674 2909
673 2908
673 2907
672 2906
671 2905
671 2904
670 2904
669 2903
669 2902
668 2902
667 2901
667 2900
666 2900
665 2899
665 2898
664 2898
663 2897
663 2896
662 2896
661 2895
661 2894
660 2894
659 2893
659 2892
658 2892
657 2891
657 2890
656 2890
655 2889
655 2888
654 2888
653 2887
652 2886
651 2885
650 2884
649 2884
648 2883
647 2883
646 2882
645 2881
644 2880
643 2880
642 2880
641 2880
640 2879
639 2879
638 2879
637 2879
636 2878
635 2878
634 2877
633 2876
632 2876
631 2875
630 2874
629 2874
628 2873
627 2873
626 2873
625 2873
624 2873
623 2873
622 2872
621 2872
620 2871
619 2870
618 2870
617 2869
616 2868
615 2868
614 2867
613 2867
612 2867
611 2867
610 2867
609 2867
608 2867
607 2867
606 2867
605 2867
604 2867
603 2867
602 2867
601 2867
600 2867
599 2867
598 2866
597 2866
596 2866
595 2866
594 2865
593 2865
592 2865
591 2865
590 2865
589 2865
588 2865
587 2865
586 2865
585 2865
584 2865
583 2865
582 2865
581 2865
580 2866
579 2866
578 2866
577 2866
576 2867
575 2867
574 2867
573 2867
572 2867
571 2867
570 2867
569 2867
568 2867
567 2867
566 2867
565 2867
564 2867
563 2867
562 2867
561 2867
560 2867
559 2867
558 2867
557 2867
556 2867
555 2867
554 2867
553 2867
552 2867
551 2867
550 2867
549 2867
548 2867
547 2867
546 2867
545 2867
544 2867
543 2867
542 2867
541 2867
540 2867
539 2867
538 2867
537 2867
536 2867
535 2867
534 2867
533 2867
532 2866
531 2866
530 2866
529 2865
528 2864
527 2864
526 2863
525 2863
524 2862
523 2862
522 2861
521 2861
520 2861
519 2861
