1061 3065
1060 3066
1059 3066
1058 3066
1057 3066
1056 3067
1055 3067
1054 3067
1053 3067
1052 3067
1051 3067
1050 3068
1049 3068
1048 3068
1047 3069
1046 3070
1045 3071
1044 3072
1043 3073
1042 3074
1042 3075
1041 3076
1040 3076
1040 3077
1039 3078
1038 3078
1038 3079
1037 3080
1036 3080
1036 3081
1035 3082
1034 3083
1034 3084
1033 3085
1033 3086
1032 3087
1032 3088
1032 3089
1032 3090
1031 3091
1031 3092
1031 3093
1031 3094
1030 3095
1029 3095
1028 3095
1027 3095
1026 3095
1025 3095
1024 3095
1023 3095
1022 3095
1021 3095
1020 3095
1019 3095
1018 3095
1017 3095
1016 3095
1015 3095
1014 3095
1013 3095
1012 3096
1011 3097
1010 3098
1010 3099
1009 3100
1008 3101
1008 3102
1007 3103
1006 3104
1006 3105
1005 3106
1004 3107
1003 3108
1002 3109
1001 3110
1000 3111
999 3111
998 3112
997 3112
996 3112
995 3112
994 3113
993 3113
992 3113
991 3113
990 3114
989 3114
988 3115
987 3116
986 3116
986 3117
985 3118
984 3118
984 3119
983 3120
982 3120
982 3121
981 3122
980 3122
979 3123
978 3124
977 3124
976 3125
975 3125
974 3125
973 3125
972 3125
971 3125
970 3124
969 3124
968 3124
967 3124
966 3123
965 3123
964 3123
963 3123
962 3123
961 3123
960 3123
959 3123
958 3123
957 3123
956 3123
955 3123
954 3123
953 3123
952 3123
951 3123
950 3123
949 3123
948 3123
947 3123
946 3123
945 3123
944 3123
943 3123
942 3123
941 3123
940 3122
939 3122
938 3122
937 3122
936 3121
935 3121
934 3121
933 3121
932 3121
931 3121
930 3121
929 3121
928 3120
927 3120
926 3120
925 3120
924 3119
923 3119
922 3119
921 3119
920 3118
919 3118
918 3118
917 3118
916 3117
915 3117
914 3117
913 3117
912 3117
911 3117
910 3116
909 3116
908 3116
907 3116
906 3115
905 3115
904 3114
903 3114
902 3114
901 3114
900 3113
899 3113
898 3112
897 3112
896 3112
895 3112
894 3111
893 3111
892 3110
891 3110
890 3110
889 3110
888 3109
887 3109
886 3108
885 3108
884 3108
883 3108
882 3107
881 3107
880 3106
879 3106
878 3106
877 3105
876 3104
875 3104
874 3104
873 3103
872 3102
871 3102
870 3102
869 3101
868 3100
867 3100
866 3100
865 3100
864 3099
863 3099
862 3098
861 3098
860 3098
859 3098
858 3097
857 3097
856 3096
855 3096
854 3096
853 3095
852 3094
851 3094
850 3094
849 3094
848 3093
847 3093
846 3093
845 3093
844 3092
843 3092
842 3092
841 3092
840 3091
839 3091
838 3090
837 3090
836 3089
835 3089
834 3088
833 3088
832 3087
831 3087
830 3086
829 3086
828 3086
827 3086
826 3085
825 3085
824 3085
823 3085
822 3084
821 3084
820 3084
819 3084
818 3083
817 3083
816 3083
815 3083
814 3083
813 3083
812 3083
811 3083
810 3083
809 3083
808 3083
807 3083
806 3083
805 3083
804 3083
803 3083
802 3083
801 3083
800 3082
799 3082
798 3082
797 3082
796 3081
795 3081
794 3081
793 3081
792 3080
791 3080
790 3080
789 3080
788 3079
787 3079
786 3078
785 3078
784 3078
783 3077
782 3076
781 3076
780 3076
779 3076
778 3075
777 3075
776 3074
775 3074
774 3074
773 3074
772 3073
771 3073
770 3073
769 3073
768 3073
767 3073
766 3073
765 3073
764 3073
763 3073
762 3073
761 3073
760 3072
759 3072
758 3072
757 3072
756 3071
755 3071
754 3071
753 3071
752 3072
751 3072
750 3072
749 3072
748 3073
747 3073
746 3073
745 3073
744 3073
743 3073
742 3074
741 3074
740 3074
739 3074
738 3075
737 3075
736 3075
735 3075
734 3075
733 3075
732 3075
731 3075
730 3075
729 3075
728 3076
727 3076
726 3076
725 3076
724 3077
723 3077
722 3077
721 3077
720 3076
719 3076
718 3076
717 3075
716 3074
715 3074
714 3074
713 3074
712 3073
711 3073
710 3073
709 3073
708 3073
707 3073
706 3073
705 3073
704 3074
703 3074
702 3075
701 3075
700 3076
699 3077
698 3078
697 3079
696 3080
696 3081
695 3082
694 3082
693 3083
692 3084
691 3084
690 3085
689 3086
688 3086
687 3086
686 3087
685 3087
684 3087
683 3087
682 3088
681 3088
680 3089
679 3089
678 3090
677 3090
676 3091
675 3091
674 3091
673 3091
672 3091
671 3091
670 3091
669 3091
668 3091
667 3091
666 3092
665 3092
664 3093
663 3093
662 3094
661 3094
660 3095
659 3095
658 3096
657 3096
656 3096
655 3096
654 3097
653 3098
652 3099
651 3099
650 3100
649 3100
648 3101
647 3102
646 3102
645 3102
644 3103
643 3104
642 3104
641 3104
640 3105
639 3106
638 3106
637 3106
636 3107
635 3107
634 3108
633 3108
632 3109
631 3110
630 3110
630 3111
629 3112
628 3112
628 3113
627 3114
626 3114
625 3115
624 3116
623 3116
622 3117
621 3118
620 3119
619 3120
618 3120
618 3121
617 3122
616 3122
615 3123
614 3124
613 3124
612 3125
611 3126
610 3127
609 3128
608 3128
607 3129
606 3130
605 3130
604 3131
603 3132
602 3132
601 3132
600 3133
599 3134
598 3134
597 3134
596 3135
595 3136
594 3137
593 3138
592 3138
592 3139
591 3140
590 3140
590 3141
589 3142
588 3142
588 3143
587 3144
586 3145
585 3146
584 3147
584 3148
584 3149
583 3150
582 3151
582 3152
581 3153
580 3154
580 3155
579 3156
578 3156
578 3157
577 3158
576 3158
576 3159
575 3160
574 3160
574 3161
573 3162
572 3162
572 3163
571 3164
570 3164
570 3165
569 3166
568 3166
568 3167
567 3168
566 3169
565 3170
564 3171
564 3172
563 3173
562 3174
562 3175
561 3176
560 3177
560 3178
559 3179
559 3180
559 3181
559 3182
559 3183
559 3184
559 3185
559 3186
559 3187
559 3188
559 3189
559 3190
559 3191
559 3192
560 3193
560 3194
560 3195
560 3196
561 3197
562 3198
563 3199
564 3199
565 3200
566 3200
567 3200
568 3200
569 3200
570 3200
571 3200
572 3200
573 3200
574 3200
575 3200
576 3200
577 3200
578 3200
579 3200
580 3200
581 3200
582 3200
583 3200
584 3200
585 3200
586 3200
587 3200
588 3200
589 3200
590 3200
591 3200
592 3200
593 3200
594 3200
595 3200
596 3200
597 3200
598 3200
599 3200
600 3200
601 3200
602 3200
603 3200
604 3200
605 3200
606 3200
607 3200
608 3200
609 3200
610 3200
611 3200
612 3200
613 3201
614 3201
615 3201
616 3201
617 3202
618 3202
619 3202
620 3202
621 3203
622 3203
623 3203
624 3203
625 3204
626 3204
627 3204
628 3204
629 3204
630 3204
631 3205
632 3205
633 3205
634 3205
635 3206
636 3206
637 3206
638 3206
639 3206
640 3206
641 3206
642 3206
643 3206
644 3206
645 3206
646 3206
647 3206
648 3206
649 3207
650 3207
651 3207
652 3208
653 3209
654 3209
655 3209
656 3209
657 3210
658 3210
659 3210
660 3210
661 3211
662 3211
663 3211
664 3212
665 3213
666 3213
667 3213
668 3214
669 3215
670 3215
671 3215
672 3215
673 3216
674 3216
675 3216
676 3216
677 3217
678 3217
679 3217
680 3218
681 3219
682 3219
683 3219
684 3219
685 3220
686 3220
687 3221
688 3221
689 3222
690 3222
691 3223
692 3223
693 3224
694 3224
695 3225
696 3225
697 3225
698 3225
699 3226
700 3226
701 3227
702 3227
703 3228
704 3228
705 3229
706 3230
707 3231
708 3231
709 3231
710 3232
711 3233
712 3233
713 3233
714 3233
715 3234
716 3234
717 3235
718 3235
719 3236
720 3236
721 3237
722 3237
723 3238
724 3238
725 3238
726 3238
727 3239
728 3239
729 3239
730 3239
731 3240
732 3240
733 3240
734 3240
735 3240
736 3240
737 3241
738 3241
739 3241
740 3241
741 3242
742 3242
743 3243
744 3243
745 3244
746 3245
747 3245
748 3246
748 3247
749 3247
750 3248
751 3249
752 3249
753 3250
754 3250
755 3250
756 3250
757 3251
758 3251
759 3251
760 3252
761 3253
762 3253
763 3254
764 3254
765 3255
766 3255
767 3256
768 3256
769 3257
770 3257
771 3257
772 3257
773 3258
774 3258
775 3258
776 3258
777 3259
778 3259
779 3259
780 3260
781 3261
782 3261
783 3262
784 3262
785 3263
786 3263
787 3264
788 3264
789 3265
790 3265
791 3265
792 3265
793 3266
794 3266
795 3267
796 3267
797 3267
798 3267
799 3268
800 3268
801 3268
802 3268
803 3269
804 3269
805 3269
806 3270
807 3271
808 3271
809 3271
810 3271
811 3272
812 3272
813 3272
814 3272
815 3272
816 3272
817 3272
818 3272
819 3272
820 3272
821 3272
822 3272
823 3273
824 3273
825 3274
826 3275
827 3275
828 3276
828 3277
829 3277
830 3278
831 3279
832 3280
833 3281
834 3281
835 3281
836 3281
837 3282
838 3282
839 3282
840 3282
841 3283
842 3283
843 3283
844 3284
845 3285
846 3285
847 3285
848 3285
849 3286
850 3286
851 3287
852 3287
853 3287
854 3288
855 3289
856 3289
857 3290
858 3291
859 3291
860 3292
861 3293
862 3294
863 3295
864 3295
865 3295
866 3296
867 3297
868 3297
869 3297
870 3298
871 3299
872 3299
873 3300
874 3300
875 3301
876 3301
877 3302
878 3302
879 3302
880 3302
881 3303
882 3303
883 3303
884 3303
885 3304
886 3304
887 3304
888 3304
889 3304
890 3304
891 3305
892 3305
893 3305
894 3306
895 3307
896 3307
897 3308
898 3308
899 3309
900 3309
901 3310
902 3310
903 3310
904 3310
905 3311
906 3311
907 3311
908 3311
909 3312
910 3312
911 3312
912 3312
913 3311
914 3311
915 3311
916 3311
917 3310
918 3310
919 3310
920 3310
921 3309
922 3309
923 3309
924 3309
925 3308
926 3307
927 3307
928 3307
929 3306
930 3306
931 3306
932 3306
933 3306
934 3306
935 3305
936 3305
937 3305
938 3305
939 3304
940 3304
941 3304
942 3304
943 3304
944 3304
945 3303
946 3303
947 3303
948 3303
949 3302
950 3302
951 3302
952 3302
953 3301
954 3301
955 3301
956 3301
957 3300
958 3299
959 3299
960 3299
961 3298
962 3298
963 3298
964 3298
965 3297
966 3297
967 3297
968 3297
969 3296
970 3296
971 3296
972 3296
973 3296
974 3296
975 3296
976 3296
977 3295
978 3295
979 3295
980 3295
981 3294
982 3293
983 3293
984 3293
985 3292
986 3291
987 3291
988 3291
989 3290
990 3290
991 3290
992 3290
993 3289
994 3289
995 3289
996 3289
997 3288
998 3288
999 3287
1000 3287
1001 3287
1002 3287
1003 3286
1004 3286
1005 3285
1006 3285
1007 3284
1008 3283
1009 3283
1009 3282
1010 3281
1011 3281
1011 3280
1012 3279
1013 3279
1013 3278
1014 3277
1015 3277
1015 3276
1016 3275
1017 3275
1018 3274
1019 3273
1020 3273
1021 3272
1022 3272
1023 3271
1024 3271
1025 3271
1026 3271
1027 3270
1028 3269
1029 3268
1030 3268
1031 3267
1032 3267
1033 3266
1034 3266
1035 3265
1036 3265
1037 3265
1038 3265
1039 3264
1040 3264
1041 3263
1042 3263
1043 3263
1044 3263
1045 3262
1046 3261
1047 3260
1047 3259
1048 3258
1048 3257
1048 3256
1048 3255
1049 3254
1050 3254
1051 3254
1052 3254
1053 3254
1054 3254
1055 3254
1056 3254
1057 3253
1058 3253
1059 3252
1059 3251
1060 3250
1060 3249
1060 3248
1060 3247
1060 3246
1060 3245
1061 3244
1061 3243
1062 3242
1063 3241
1064 3241
1065 3240
1066 3240
1067 3240
1068 3240
1069 3240
1070 3240
1071 3240
1072 3240
1073 3240
1074 3240
1075 3239
1076 3239
1077 3239
1078 3239
1079 3238
1080 3238
1081 3238
1082 3238
1083 3237
1084 3237
1085 3236
1086 3235
1087 3234
1087 3233
1087 3232
1088 3231
1089 3230
1089 3229
1090 3228
1091 3227
1091 3226
1092 3225
1093 3225
1093 3224
1094 3223
1095 3223
1096 3222
1097 3221
1098 3221
1099 3220
1100 3219
1101 3219
1102 3219
1103 3218
1104 3217
1105 3217
1106 3217
1107 3216
1108 3215
1109 3214
1110 3213
1111 3212
1112 3211
1113 3210
1113 3209
1113 3208
1113 3207
1114 3206
1114 3205
1114 3204
1114 3203
1115 3202
1115 3201
1116 3200
1117 3199
1118 3198
1119 3197
1120 3197
1121 3196
1122 3195
1123 3195
1124 3195
1125 3194
1126 3194
1127 3193
1128 3193
1129 3192
1130 3191
1131 3191
1131 3190
1132 3189
1133 3189
1133 3188
1134 3187
1135 3187
1135 3186
1136 3185
1137 3184
1137 3183
1138 3182
1138 3181
1138 3180
1138 3179
1138 3178
1138 3177
1138 3176
1138 3175
1138 3174
1138 3173
1137 3172
1137 3171
1137 3170
1137 3169
1136 3168
1136 3167
1135 3166
1135 3165
1135 3164
1135 3163
1134 3162
1134 3161
1134 3160
1134 3159
1133 3158
1133 3157
1132 3156
1131 3155
1131 3154
1130 3153
1129 3152
1129 3151
1128 3150
1127 3149
1127 3148
1127 3147
1126 3146
1125 3145
1125 3144
1125 3143
1124 3142
1123 3141
1123 3140
1123 3139
1122 3138
1122 3137
1121 3136
1121 3135
1121 3134
1121 3133
1120 3132
1119 3131
1119 3130
1119 3129
1118 3128
1118 3127
1118 3126
1118 3125
1117 3124
1117 3123
1117 3122
1117 3121
1116 3120
1115 3119
1114 3118
1113 3117
1112 3116
1111 3116
1110 3115
1109 3114
1108 3113
1107 3112
1107 3111
1106 3110
1105 3109
1104 3108
1104 3107
1103 3106
1103 3105
1102 3104
1102 3103
1103 3102
1103 3101
1103 3100
1103 3099
1104 3098
1104 3097
1104 3096
1104 3095
1103 3094
1103 3093
1102 3092
1102 3091
1101 3090
1101 3089
1100 3088
1099 3087
1098 3086
1097 3085
1097 3084
1096 3083
1095 3082
1095 3081
1094 3080
1093 3079
1092 3078
1091 3077
1091 3076
1090 3076
1089 3075
1088 3074
1087 3074
1086 3073
1085 3073
1084 3073
1083 3073
1082 3073
1081 3073
1080 3073
1079 3073
1078 3073
1077 3073
1076 3073
1075 3073
1074 3073
1073 3073
1072 3072
1071 3072
1070 3071
1069 3070
1068 3070
1067 3069
1067 3068
1066 3068
1065 3067
1064 3066
1063 3066
1062 3065
1061 3065
