1661 1733
1660 1734
1659 1734
1658 1734
1657 1734
1656 1735
1655 1735
1654 1735
1653 1735
1652 1736
1651 1736
1650 1736
1649 1736
1648 1737
1647 1737
1646 1737
1645 1737
1644 1737
1643 1737
1642 1737
1641 1737
1640 1737
1639 1737
1638 1737
1637 1737
1636 1737
1635 1737
1634 1737
1633 1737
1632 1737
1631 1737
1630 1737
1629 1737
1628 1737
1627 1737
1626 1737
1625 1737
1624 1737
1623 1737
1622 1737
1621 1737
1620 1737
1619 1737
1618 1738
1617 1738
1616 1738
1615 1738
1614 1739
1613 1739
1612 1739
1611 1739
1610 1740
1609 1740
1608 1740
1607 1740
1606 1741
1605 1741
1604 1741
1603 1741
1602 1741
1601 1741
1600 1742
1599 1742
1598 1743
1597 1743
1596 1744
1595 1744
1594 1745
1593 1745
1592 1745
1591 1745
1590 1745
1589 1745
1588 1745
1587 1745
1586 1745
1585 1745
1584 1745
1583 1745
1582 1745
1581 1745
1580 1746
1579 1746
1578 1746
1577 1746
1576 1747
1575 1747
1574 1747
1573 1747
1572 1748
1571 1748
1570 1748
1569 1748
1568 1749
1567 1749
1566 1749
1565 1749
1564 1749
1563 1749
1562 1749
1561 1749
1560 1749
1559 1749
1558 1750
1557 1750
1556 1750
1555 1750
1554 1751
1553 1751
1552 1751
1551 1751
1550 1752
1549 1752
1548 1752
1547 1752
1546 1753
1545 1753
1544 1753
1543 1753
1542 1753
1541 1753
1540 1753
1539 1753
1538 1754
1537 1754
1536 1754
1535 1754
1534 1755
1533 1755
1532 1755
1531 1755
1530 1755
1529 1755
1528 1756
1527 1756
1526 1756
1525 1756
1524 1757
1523 1757
1522 1757
1521 1757
1520 1757
1519 1757
1518 1757
1517 1757
1516 1757
1515 1757
1514 1758
1513 1758
1512 1758
1511 1758
1510 1759
1509 1759
1508 1759
1507 1759
1506 1759
1505 1759
1504 1760
1503 1760
1502 1760
1501 1760
1500 1761
1499 1761
1498 1761
1497 1761
1496 1760
1495 1760
1494 1760
1493 1760
1492 1759
1491 1759
1490 1759
1489 1759
1488 1759
1487 1759
1486 1759
1485 1759
1484 1759
1483 1759
1482 1759
1481 1759
1480 1759
1479 1759
1478 1759
1477 1759
1476 1759
1475 1759
1474 1759
1473 1759
1472 1759
1471 1759
1470 1760
1469 1760
1468 1760
1467 1760
1466 1761
1465 1761
1464 1761
1463 1761
1462 1762
1461 1762
1460 1763
1459 1763
1458 1764
1457 1764
1456 1765
1455 1765
1454 1766
1453 1766
1452 1767
1451 1767
1450 1768
1449 1768
1448 1769
1447 1770
1446 1770
1445 1770
1444 1771
1443 1772
1442 1773
1441 1774
1440 1775
1440 1776
1439 1777
1439 1778
1439 1779
1439 1780
1439 1781
1439 1782
1439 1783
1439 1784
1439 1785
1439 1786
1439 1787
1439 1788
1439 1789
1439 1790
1440 1791
1440 1792
1440 1793
1440 1794
1441 1795
1441 1796
1441 1797
1441 1798
1441 1799
1441 1800
1441 1801
1441 1802
1441 1803
1441 1804
1441 1805
1441 1806
1442 1807
1442 1808
1443 1809
1444 1810
1444 1811
1445 1811
1446 1812
1446 1813
1447 1814
1448 1815
1448 1816
1449 1817
1450 1818
1450 1819
1450 1820
1451 1821
1451 1822
1452 1823
1452 1824
1453 1825
1454 1826
1454 1827
1455 1827
1456 1828
1456 1829
1457 1829
1458 1830
1458 1831
1459 1832
1460 1833
1460 1834
1461 1835
1461 1836
1462 1837
1462 1838
1463 1839
1464 1840
1464 1841
1465 1842
1466 1843
1466 1844
1467 1845
1467 1846
1467 1847
1467 1848
1467 1849
1467 1850
1467 1851
1467 1852
1468 1853
1468 1854
1468 1855
1468 1856
1469 1857
1469 1858
1469 1859
1469 1860
1469 1861
1469 1862
1469 1863
1469 1864
1469 1865
1469 1866
1470 1867
1470 1868
1471 1869
1472 1870
1472 1871
1473 1872
1474 1873
1474 1874
1475 1875
1475 1876
1475 1877
1475 1878
1475 1879
1475 1880
1476 1881
1476 1882
1477 1883
1478 1884
1478 1885
1479 1885
1480 1886
1481 1887
1482 1887
1483 1888
1484 1888
1485 1888
1486 1888
1487 1888
1488 1888
1489 1888
1490 1888
1491 1889
1492 1889
1493 1889
1494 1889
1495 1890
1496 1890
1497 1890
1498 1890
1499 1889
1500 1889
1501 1889
1502 1889
1503 1888
1504 1888
1505 1888
1506 1888
1507 1887
1508 1887
1509 1887
1510 1887
1511 1886
1512 1886
1513 1885
1514 1885
1515 1885
1516 1885
1517 1885
1518 1885
1519 1886
1520 1887
1521 1887
1522 1888
1523 1889
1524 1890
1525 1891
1526 1891
1527 1891
1528 1891
1529 1892
1530 1892
1531 1892
1532 1892
1533 1892
1534 1892
1535 1892
1536 1892
1537 1893
1538 1893
1539 1893
1540 1893
1541 1894
1542 1894
1543 1894
1544 1894
1545 1894
1546 1894
1547 1894
1548 1894
1549 1894
1550 1894
1551 1894
1552 1894
1553 1894
1554 1894
1555 1894
1556 1894
1557 1894
1558 1894
1559 1894
1560 1894
1561 1894
1562 1894
1563 1895
1564 1895
1565 1895
1566 1895
1567 1896
1568 1896
1569 1896
1570 1896
1571 1896
1572 1896
1573 1896
1574 1896
1575 1896
1576 1896
1577 1897
1578 1897
1579 1897
1580 1897
1581 1898
1582 1898
1583 1898
1584 1898
1585 1898
1586 1898
1587 1899
1588 1899
1589 1899
1590 1899
1591 1900
1592 1900
1593 1901
1594 1901
1595 1901
1596 1901
1597 1902
1598 1902
1599 1902
1600 1902
1601 1902
1602 1902
1603 1902
1604 1902
1605 1902
1606 1902
1607 1902
1608 1902
1609 1902
1610 1902
1611 1902
1612 1902
1613 1903
1614 1903
1615 1903
1616 1903
1617 1904
1618 1904
1619 1904
1620 1904
1621 1904
1622 1904
1623 1904
1624 1904
1625 1904
1626 1904
1627 1904
1628 1904
1629 1904
1630 1904
1631 1905
1632 1905
1633 1905
1634 1905
1635 1906
1636 1906
1637 1907
1638 1907
1639 1907
1640 1907
1641 1908
1642 1908
1643 1908
1644 1908
1645 1908
1646 1908
1647 1908
1648 1908
1649 1908
1650 1908
1651 1908
1652 1908
1653 1909
1654 1909
1655 1909
1656 1909
1657 1910
1658 1910
1659 1910
1660 1910
1661 1910
1662 1910
1663 1910
1664 1910
1665 1910
1666 1910
1667 1910
1668 1910
1669 1910
1670 1910
1671 1910
1672 1910
1673 1910
1674 1910
1675 1910
1676 1910
1677 1910
1678 1910
1679 1910
1680 1910
1681 1910
1682 1910
1683 1910
1684 1910
1685 1910
1686 1910
1687 1910
1688 1910
1689 1910
1690 1910
1691 1910
1692 1910
1693 1909
1694 1909
1695 1909
1696 1909
1697 1908
1698 1908
1699 1908
1700 1908
1701 1908
1702 1908
1703 1907
1704 1907
1705 1907
1706 1907
1707 1906
1708 1906
1709 1906
1710 1906
1711 1906
1712 1906
1713 1906
1714 1906
1715 1906
1716 1906
1717 1906
1718 1906
1719 1906
1720 1906
1721 1906
1722 1906
1723 1906
1724 1906
1725 1906
1726 1906
1727 1906
1728 1906
1729 1905
1730 1905
1731 1905
1732 1905
1733 1904
1734 1904
1735 1904
1736 1904
1737 1904
1738 1904
1739 1904
1740 1904
1741 1904
1742 1904
1743 1904
1744 1904
1745 1903
1746 1903
1747 1903
1748 1903
1749 1902
1750 1902
1751 1902
1752 1902
1753 1902
1754 1902
1755 1901
1756 1901
1757 1901
1758 1901
1759 1900
1760 1899
1761 1899
1762 1899
1763 1898
1764 1898
1765 1898
1766 1898
1767 1898
1768 1898
1769 1898
1770 1898
1771 1898
1772 1898
1773 1898
1774 1898
1775 1897
1776 1897
1777 1897
1778 1897
1779 1896
1780 1896
1781 1895
1782 1895
1783 1895
1784 1895
1785 1894
1786 1894
1787 1893
1788 1893
1789 1892
1790 1891
1791 1890
1791 1889
1792 1888
1792 1887
1792 1886
1792 1885
1792 1884
1792 1883
1792 1882
1792 1881
1792 1880
1792 1879
1792 1878
1792 1877
1793 1876
1793 1875
1794 1874
1794 1873
1795 1872
1795 1871
1796 1870
1796 1869
1797 1868
1797 1867
1798 1866
1798 1865
1799 1864
1800 1863
1801 1862
1801 1861
1802 1860
1803 1859
1803 1858
1804 1857
1805 1857
1805 1856
1806 1855
1807 1854
1807 1853
1808 1852
1808 1851
1808 1850
1808 1849
1808 1848
1808 1847
1808 1846
1808 1845
1808 1844
1808 1843
1808 1842
1808 1841
1808 1840
1808 1839
1807 1838
1807 1837
1807 1836
1807 1835
1806 1834
1806 1833
1806 1832
1806 1831
1805 1830
1805 1829
1805 1828
1805 1827
1804 1826
1804 1825
1803 1824
1803 1823
1803 1822
1803 1821
1802 1820
1802 1819
1802 1818
1802 1817
1802 1816
1802 1815
1802 1814
1802 1813
1802 1812
1802 1811
1801 1810
1801 1809
1801 1808
1801 1807
1800 1806
1800 1805
1800 1804
1800 1803
1800 1802
1800 1801
1800 1800
1800 1799
1799 1798
1799 1797
1799 1796
1799 1795
1798 1794
1798 1793
1798 1792
1798 1791
1797 1790
1797 1789
1797 1788
1797 1787
1796 1786
1795 1785
1794 1784
1793 1783
1793 1782
1792 1782
1791 1781
1790 1780
1789 1779
1788 1778
1787 1778
1786 1777
1785 1776
1784 1776
1783 1775
1782 1774
1781 1773
1780 1772
1779 1772
1778 1771
1777 1770
1776 1770
1775 1769
1774 1768
1773 1768
1772 1767
1771 1767
1770 1766
1769 1766
1768 1766
1767 1765
1766 1764
1765 1764
1764 1764
1763 1764
1762 1763
1761 1763
1760 1762
1759 1762
1758 1761
1757 1761
1756 1760
1755 1760
1754 1759
1753 1759
1752 1759
1751 1759
1750 1758
1749 1758
1748 1758
1747 1757
1746 1756
1745 1756
1744 1756
1743 1756
1742 1755
1741 1755
1740 1754
1739 1754
1738 1754
1737 1754
1736 1753
1735 1753
1734 1752
1733 1752
1732 1752
1731 1751
1730 1750
1729 1750
1728 1750
1727 1749
1726 1748
1725 1748
1724 1748
1723 1748
1722 1747
1721 1747
1720 1747
1719 1747
1718 1746
1717 1746
1716 1746
1715 1745
1714 1744
1713 1744
1712 1744
1711 1744
1710 1743
1709 1743
1708 1742
1707 1742
1706 1742
1705 1742
1704 1741
1703 1741
1702 1740
1701 1740
1700 1740
1699 1740
1698 1739
1697 1739
1696 1739
1695 1739
1694 1738
1693 1738
1692 1738
1691 1737
1690 1736
1689 1736
1688 1736
1687 1736
1686 1735
1685 1735
1684 1735
1683 1735
1682 1735
1681 1735
1680 1734
1679 1734
1678 1734
1677 1734
1676 1733
1675 1733
1674 1733
1673 1733
1672 1733
1671 1733
1670 1733
1669 1733
1668 1733
1667 1733
1666 1733
1665 1733
1664 1733
1663 1733
1662 1733
1661 1733
