1151 2193
1150 2194
1149 2194
1148 2194
1147 2194
1146 2195
1145 2195
1144 2195
1143 2195
1142 2195
1141 2195
1140 2195
1139 2195
1138 2195
1137 2195
1136 2195
1135 2195
1134 2195
1133 2195
1132 2195
1131 2195
1130 2196
1129 2196
1128 2196
1127 2196
1126 2197
1125 2197
1124 2197
1123 2197
1122 2197
1121 2197
1120 2197
1119 2197
1118 2198
1117 2198
1116 2198
1115 2198
1114 2199
1113 2199
1112 2199
1111 2199
1110 2199
1109 2199
1108 2199
1107 2199
1106 2199
1105 2199
1104 2199
1103 2199
1102 2199
1101 2199
1100 2199
1099 2199
1098 2199
1097 2199
1096 2199
1095 2199
1094 2199
1093 2199
1092 2199
1091 2199
1090 2199
1089 2199
1088 2199
1087 2199
1086 2200
1085 2200
1084 2200
1083 2200
1082 2201
1081 2201
1080 2202
1079 2202
1078 2202
1077 2202
1076 2203
1075 2203
1074 2203
1073 2203
1072 2203
1071 2203
1070 2203
1069 2203
1068 2203
1067 2203
1066 2203
1065 2203
1064 2203
1063 2203
1062 2203
1061 2203
1060 2203
1059 2203
1058 2203
1057 2203
1056 2203
1055 2203
1054 2203
1053 2203
1052 2203
1051 2203
1050 2203
1049 2203
1048 2203
1047 2203
1046 2203
1045 2203
1044 2203
1043 2203
1042 2203
1041 2203
1040 2203
1039 2203
1038 2203
1037 2203
1036 2203
1035 2203
1034 2203
1033 2203
1032 2204
1031 2204
1030 2204
1029 2204
1028 2205
1027 2205
1026 2205
1025 2205
1024 2205
1023 2205
1022 2205
1021 2205
1020 2205
1019 2205
1018 2205
1017 2205
1016 2205
1015 2205
1014 2205
1013 2205
1012 2205
1011 2205
1010 2205
1009 2205
1008 2205
1007 2205
1006 2205
1005 2205
1004 2205
1003 2205
1002 2205
1001 2205
1000 2205
999 2205
998 2205
997 2205
996 2205
995 2205
994 2205
993 2205
992 2205
991 2205
990 2205
989 2205
988 2205
987 2205
986 2205
985 2205
984 2206
983 2206
982 2206
981 2206
980 2207
979 2207
978 2207
977 2207
976 2207
975 2207
974 2207
973 2207
972 2207
971 2207
970 2207
969 2207
968 2207
967 2207
966 2207
965 2207
964 2208
963 2208
962 2208
961 2208
960 2209
959 2209
958 2209
957 2209
956 2210
955 2210
954 2210
953 2210
952 2211
951 2211
950 2211
949 2211
948 2211
947 2211
946 2212
945 2212
944 2212
943 2212
942 2213
941 2213
940 2213
939 2213
938 2213
937 2213
936 2213
935 2213
934 2214
933 2214
932 2214
931 2214
930 2215
929 2215
928 2215
927 2215
926 2215
925 2215
924 2216
923 2216
922 2217
921 2218
920 2218
920 2219
919 2220
918 2221
917 2222
916 2223
916 2224
916 2225
916 2226
915 2227
915 2228
914 2229
914 2230
913 2231
912 2232
912 2233
911 2234
910 2234
910 2235
909 2236
908 2237
907 2238
906 2239
906 2240
906 2241
906 2242
905 2243
905 2244
905 2245
905 2246
905 2247
905 2248
906 2249
906 2250
907 2251
908 2252
908 2253
909 2253
910 2254
910 2255
911 2255
912 2256
913 2257
914 2258
915 2259
916 2259
917 2260
918 2260
919 2261
920 2261
921 2262
922 2262
923 2263
924 2263
925 2263
926 2264
927 2265
928 2265
929 2265
930 2265
931 2266
932 2266
933 2267
934 2267
935 2267
936 2267
937 2268
938 2268
939 2269
940 2269
941 2269
942 2269
943 2270
944 2270
945 2271
946 2271
947 2271
948 2271
949 2272
950 2272
951 2273
952 2273
953 2273
954 2273
955 2274
956 2274
957 2275
958 2275
959 2275
960 2275
961 2276
962 2276
963 2276
964 2276
965 2277
966 2277
967 2277
968 2277
969 2278
970 2278
971 2279
972 2279
973 2279
974 2279
975 2280
976 2280
977 2281
978 2281
979 2281
980 2282
981 2283
982 2283
983 2283
984 2283
985 2284
986 2284
987 2284
988 2284
989 2284
990 2284
991 2285
992 2285
993 2285
994 2285
995 2286
996 2286
997 2287
998 2287
999 2287
1000 2287
1001 2288
1002 2288
1003 2288
1004 2288
1005 2289
1006 2289
1007 2289
1008 2289
1009 2290
1010 2290
1011 2290
1012 2290
1013 2290
1014 2290
1015 2290
1016 2290
1017 2291
1018 2291
1019 2291
1020 2291
1021 2292
1022 2292
1023 2292
1024 2292
1025 2292
1026 2292
1027 2293
1028 2293
1029 2293
1030 2293
1031 2294
1032 2294
1033 2294
1034 2294
1035 2294
1036 2294
1037 2294
1038 2294
1039 2294
1040 2294
1041 2294
1042 2294
1043 2294
1044 2294
1045 2295
1046 2295
1047 2295
1048 2295
1049 2296
1050 2296
1051 2296
1052 2296
1053 2296
1054 2296
1055 2296
1056 2296
1057 2296
1058 2296
1059 2296
1060 2296
1061 2296
1062 2296
1063 2296
1064 2296
1065 2296
1066 2296
1067 2296
1068 2296
1069 2296
1070 2296
1071 2296
1072 2296
1073 2296
1074 2296
1075 2296
1076 2296
1077 2296
1078 2296
1079 2296
1080 2296
1081 2296
1082 2296
1083 2296
1084 2296
1085 2296
1086 2296
1087 2296
1088 2296
1089 2296
1090 2296
1091 2296
1092 2296
1093 2296
1094 2296
1095 2296
1096 2296
1097 2296
1098 2296
1099 2296
1100 2296
1101 2296
1102 2296
1103 2296
1104 2296
1105 2296
1106 2296
1107 2296
1108 2296
1109 2296
1110 2296
1111 2296
1112 2296
1113 2296
1114 2296
1115 2296
1116 2296
1117 2296
1118 2296
1119 2296
1120 2296
1121 2296
1122 2296
1123 2296
1124 2296
1125 2296
1126 2296
1127 2296
1128 2296
1129 2296
1130 2296
1131 2296
1132 2296
1133 2296
1134 2296
1135 2296
1136 2296
1137 2296
1138 2296
1139 2296
1140 2296
1141 2296
1142 2296
1143 2296
1144 2296
1145 2296
1146 2296
1147 2296
1148 2296
1149 2296
1150 2296
1151 2295
1152 2295
1153 2295
1154 2295
1155 2294
1156 2294
1157 2293
1158 2293
1159 2293
1160 2293
1161 2292
1162 2291
1163 2291
1164 2291
1165 2290
1166 2290
1167 2290
1168 2290
1169 2291
1170 2291
1171 2291
1172 2291
1173 2292
1174 2292
1175 2292
1176 2292
1177 2292
1178 2292
1179 2292
1180 2292
1181 2292
1182 2292
1183 2291
1184 2291
1185 2291
1186 2291
1187 2290
1188 2290
1189 2290
1190 2290
1191 2289
1192 2289
1193 2289
1194 2289
1195 2288
1196 2288
1197 2287
1198 2287
1199 2287
1200 2287
1201 2286
1202 2286
1203 2285
1204 2285
1205 2285
1206 2285
1207 2284
1208 2283
1209 2283
1210 2283
1211 2282
1212 2281
1213 2281
1214 2281
1215 2280
1216 2279
1217 2279
1218 2279
1219 2278
1220 2277
1221 2277
1222 2277
1223 2276
1224 2275
1225 2275
1226 2275
1227 2274
1228 2273
1229 2273
1230 2273
1231 2272
1232 2271
1233 2270
1234 2269
1235 2269
1235 2268
1236 2267
1237 2267
1237 2266
1238 2265
1239 2264
1239 2263
1240 2262
1240 2261
1241 2260
1241 2259
1241 2258
1242 2257
1243 2256
1243 2255
1243 2254
1243 2253
1244 2252
1244 2251
1244 2250
1244 2249
1244 2248
1244 2247
1244 2246
1244 2245
1244 2244
1244 2243
1244 2242
1244 2241
1244 2240
1244 2239
1244 2238
1244 2237
1243 2236
1243 2235
1242 2234
1241 2233
1241 2232
1240 2231
1239 2230
1239 2229
1238 2228
1237 2227
1236 2226
1235 2225
1235 2224
1234 2224
1233 2223
1233 2222
1232 2222
1231 2221
1231 2220
1230 2220
1229 2219
1229 2218
1228 2218
1227 2217
1227 2216
1226 2216
1225 2215
1224 2214
1223 2213
1222 2212
1221 2212
1220 2211
1219 2211
1218 2210
1217 2209
1216 2208
1215 2208
1214 2207
1213 2207
1212 2206
1211 2205
1210 2204
1209 2204
1208 2203
1207 2203
1206 2202
1205 2202
1204 2201
1203 2201
1202 2200
1201 2200
1200 2200
1199 2200
1198 2199
1197 2199
1196 2199
1195 2199
1194 2199
1193 2199
1192 2199
1191 2199
1190 2199
1189 2199
1188 2199
1187 2199
1186 2199
1185 2199
1184 2199
1183 2199
1182 2199
1181 2199
1180 2199
1179 2199
1178 2198
1177 2198
1176 2198
1175 2198
1174 2197
1173 2197
1172 2196
1171 2196
1170 2195
1169 2195
1168 2194
1167 2194
1166 2193
1165 2193
1164 2193
1163 2193
1162 2193
1161 2193
1160 2193
1159 2193
1158 2193
1157 2193
1156 2193
1155 2193
1154 2193
1153 2193
1152 2193
1151 2193
