2229 1499
2228 1500
2227 1500
2226 1500
2225 1500
2224 1501
2223 1501
2222 1501
2221 1501
2220 1501
2219 1501
2218 1502
2217 1502
2216 1503
2215 1504
2214 1504
2213 1505
2212 1506
2211 1506
2210 1507
2209 1507
2208 1507
2207 1507
2206 1507
2205 1507
2204 1507
2203 1507
2202 1507
2201 1507
2200 1507
2199 1507
2198 1508
2197 1508
2196 1508
2195 1508
2194 1509
2193 1509
2192 1509
2191 1509
2190 1509
2189 1509
2188 1509
2187 1509
2186 1509
2185 1509
2184 1509
2183 1509
2182 1509
2181 1509
2180 1509
2179 1509
2178 1509
2177 1509
2176 1509
2175 1509
2174 1509
2173 1509
2172 1509
2171 1509
2170 1509
2169 1509
2168 1509
2167 1509
2166 1510
2165 1510
2164 1511
2163 1512
2162 1512
2162 1513
2161 1514
2160 1514
2159 1515
2158 1516
2157 1516
2156 1517
2155 1518
2154 1518
2153 1518
2152 1519
2151 1520
2150 1520
2149 1520
2148 1521
2147 1521
2146 1522
2145 1522
2144 1522
2143 1522
2142 1523
2141 1523
2140 1523
2139 1523
2138 1523
2137 1523
2136 1524
2135 1524
2134 1524
2133 1524
2132 1525
2131 1526
2130 1527
2129 1528
2128 1528
2127 1529
2126 1530
2125 1530
2124 1531
2123 1531
2122 1532
2121 1532
2120 1532
2119 1532
2118 1533
2117 1534
2116 1535
2115 1536
2114 1536
2113 1537
2112 1538
2111 1538
2110 1539
2109 1540
2108 1540
2107 1540
2106 1541
2105 1541
2104 1542
2103 1542
2102 1543
2101 1543
2100 1544
2099 1544
2098 1545
2097 1545
2096 1546
2095 1546
2094 1547
2093 1547
2092 1548
2091 1548
2090 1549
2089 1550
2088 1550
2087 1550
2086 1551
2085 1551
2084 1552
2083 1552
2082 1553
2081 1554
2080 1555
2080 1556
2079 1557
2079 1558
2078 1559
2078 1560
2077 1561
2077 1562
2076 1563
2076 1564
2075 1565
2075 1566
2075 1567
2075 1568
2075 1569
2075 1570
2075 1571
2075 1572
2075 1573
2075 1574
2075 1575
2075 1576
2075 1577
2075 1578
2075 1579
2075 1580
2075 1581
2075 1582
2075 1583
2075 1584
2075 1585
2075 1586
2075 1587
2075 1588
2075 1589
2075 1590
2075 1591
2075 1592
2075 1593
2075 1594
2076 1595
2076 1596
2076 1597
2076 1598
2077 1599
2077 1600
2077 1601
2077 1602
2077 1603
2077 1604
2077 1605
2077 1606
2078 1607
2078 1608
2079 1609
2080 1610
2081 1611
2082 1611
2083 1611
2084 1611
2085 1612
2086 1612
2087 1612
2088 1612
2089 1612
2090 1612
2091 1612
2092 1612
2093 1612
2094 1612
2095 1612
2096 1612
2097 1612
2098 1612
2099 1612
2100 1612
2101 1612
2102 1612
2103 1612
2104 1612
2105 1612
2106 1612
2107 1612
2108 1612
2109 1612
2110 1612
2111 1612
2112 1612
2113 1612
2114 1612
2115 1612
2116 1612
2117 1611
2118 1611
2119 1611
2120 1611
2121 1610
2122 1610
2123 1610
2124 1610
2125 1610
2126 1610
2127 1610
2128 1610
2129 1610
2130 1610
2131 1610
2132 1610
2133 1609
2134 1609
2135 1609
2136 1609
2137 1608
2138 1608
2139 1608
2140 1608
2141 1608
2142 1608
2143 1608
2144 1608
2145 1608
2146 1608
2147 1608
2148 1608
2149 1609
2150 1610
2151 1611
2152 1612
2153 1613
2154 1613
2155 1614
2156 1614
2157 1614
2158 1614
2159 1615
2160 1615
2161 1615
2162 1615
2163 1616
2164 1616
2165 1616
2166 1616
2167 1617
2168 1617
2169 1617
2170 1617
2171 1618
2172 1618
2173 1618
2174 1618
2175 1618
2176 1618
2177 1618
2178 1618
2179 1618
2180 1618
2181 1618
2182 1618
2183 1618
2184 1618
2185 1618
2186 1618
2187 1619
2188 1619
2189 1619
2190 1619
2191 1620
2192 1620
2193 1620
2194 1620
2195 1621
2196 1621
2197 1621
2198 1621
2199 1622
2200 1622
2201 1622
2202 1622
2203 1623
2204 1623
2205 1624
2206 1624
2207 1625
2208 1625
2209 1626
2210 1626
2211 1626
2212 1626
2213 1626
2214 1626
2215 1626
2216 1626
2217 1626
2218 1626
2219 1626
2220 1626
2221 1626
2222 1626
2223 1626
2224 1626
2225 1626
2226 1626
2227 1626
2228 1626
2229 1626
2230 1626
2231 1626
2232 1626
2233 1627
2234 1627
2235 1627
2236 1627
2237 1628
2238 1628
2239 1628
2240 1628
2241 1628
2242 1628
2243 1627
2244 1627
2245 1626
2246 1625
2247 1624
2247 1623
2248 1622
2249 1621
2250 1620
2251 1619
2252 1619
2253 1618
2254 1618
2255 1618
2256 1618
2257 1618
2258 1618
2259 1618
2260 1618
2261 1618
2262 1618
2263 1618
2264 1618
2265 1618
2266 1618
2267 1619
2268 1619
2269 1619
2270 1619
2271 1620
2272 1620
2273 1621
2274 1621
2275 1621
2276 1621
2277 1622
2278 1622
2279 1622
2280 1622
2281 1622
2282 1622
2283 1622
2284 1622
2285 1622
2286 1622
2287 1623
2288 1623
2289 1623
2290 1623
2291 1624
2292 1624
2293 1624
2294 1624
2295 1624
2296 1624
2297 1624
2298 1624
2299 1625
2300 1625
2301 1625
2302 1625
2303 1626
2304 1626
2305 1626
2306 1626
2307 1626
2308 1626
2309 1626
2310 1626
2311 1626
2312 1626
2313 1626
2314 1626
2315 1626
2316 1626
2317 1626
2318 1626
2319 1626
2320 1626
2321 1625
2322 1625
2323 1625
2324 1625
2325 1624
2326 1624
2327 1624
2328 1624
2329 1625
2330 1625
2331 1625
2332 1625
2333 1626
2334 1626
2335 1627
2336 1627
2337 1628
2338 1629
2339 1629
2340 1630
2341 1631
2342 1631
2343 1632
2344 1632
2345 1633
2346 1633
2347 1634
2348 1635
2349 1635
2350 1636
2350 1637
2351 1637
2352 1638
2352 1639
2353 1639
2354 1640
2355 1641
2356 1641
2357 1642
2358 1642
2359 1643
2360 1643
2361 1643
2362 1643
2363 1644
2364 1644
2365 1644
2366 1644
2367 1644
2368 1644
2369 1644
2370 1644
2371 1644
2372 1644
2373 1644
2374 1644
2375 1643
2376 1643
2377 1642
2378 1641
2379 1641
2380 1640
2381 1639
2382 1639
2383 1638
2384 1638
2385 1638
2386 1638
2387 1637
2388 1637
2389 1636
2390 1636
2391 1635
2392 1635
2393 1634
2394 1633
2395 1632
2396 1632
2397 1631
2398 1631
2399 1630
2400 1630
2401 1630
2402 1630
2403 1630
2404 1630
2405 1630
2406 1630
2407 1630
2408 1630
2409 1629
2410 1629
2411 1629
2412 1629
2413 1628
2414 1628
2415 1628
2416 1628
2417 1627
2418 1627
2419 1627
2420 1627
2421 1626
2422 1626
2423 1625
2424 1625
2425 1624
2426 1624
2427 1623
2428 1623
2429 1622
2430 1622
2431 1621
2432 1621
2433 1621
2434 1621
2435 1620
2436 1620
2437 1619
2438 1619
2439 1618
2440 1617
2441 1616
2441 1615
2441 1614
2441 1613
2442 1612
2442 1611
2442 1610
2442 1609
2442 1608
2442 1607
2442 1606
2442 1605
2443 1604
2443 1603
2443 1602
2443 1601
2444 1600
2444 1599
2444 1598
2444 1597
2445 1596
2445 1595
2445 1594
2445 1593
2446 1592
2446 1591
2446 1590
2446 1589
2446 1588
2446 1587
2446 1586
2446 1585
2446 1584
2446 1583
2446 1582
2446 1581
2446 1580
2446 1579
2446 1578
2446 1577
2446 1576
2446 1575
2446 1574
2446 1573
2446 1572
2446 1571
2446 1570
2446 1569
2446 1568
2446 1567
2445 1566
2445 1565
2445 1564
2445 1563
2444 1562
2444 1561
2444 1560
2444 1559
2444 1558
2444 1557
2444 1556
2444 1555
2444 1554
2444 1553
2443 1552
2443 1551
2442 1550
2441 1549
2441 1548
2440 1547
2439 1546
2439 1545
2438 1544
2438 1543
2437 1542
2437 1541
2437 1540
2437 1539
2436 1538
2435 1537
2434 1536
2433 1535
2433 1534
2432 1534
2431 1533
2431 1532
2430 1532
2429 1531
2429 1530
2428 1529
2427 1528
2427 1527
2426 1526
2426 1525
2425 1524
2425 1523
2424 1522
2423 1521
2422 1520
2421 1519
2420 1518
2419 1518
2418 1517
2417 1516
2416 1516
2415 1515
2414 1514
2413 1513
2412 1512
2411 1512
2410 1512
2409 1512
2408 1511
2407 1511
2406 1511
2405 1511
2404 1510
2403 1510
2402 1509
2401 1509
2400 1508
2399 1508
2398 1507
2397 1507
2396 1506
2395 1506
2394 1506
2393 1506
2392 1505
2391 1505
2390 1504
2389 1504
2388 1504
2387 1504
2386 1503
2385 1503
2384 1503
2383 1503
2382 1502
2381 1502
2380 1502
2379 1502
2378 1501
2377 1501
2376 1501
2375 1501
2374 1501
2373 1501
2372 1501
2371 1501
2370 1501
2369 1501
2368 1500
2367 1500
2366 1500
2365 1500
2364 1499
2363 1499
2362 1499
2361 1499
2360 1499
2359 1499
2358 1499
2357 1499
2356 1499
2355 1499
2354 1499
2353 1499
2352 1499
2351 1499
2350 1499
2349 1499
2348 1499
2347 1499
2346 1499
2345 1499
2344 1499
2343 1499
2342 1499
2341 1499
2340 1499
2339 1499
2338 1499
2337 1499
2336 1499
2335 1499
2334 1499
2333 1499
2332 1499
2331 1499
2330 1499
2329 1499
2328 1499
2327 1499
2326 1499
2325 1499
2324 1499
2323 1499
2322 1499
2321 1499
2320 1499
2319 1499
2318 1499
2317 1499
2316 1500
2315 1500
2314 1500
2313 1500
2312 1501
2311 1502
2310 1503
2309 1503
2308 1504
2307 1504
2306 1505
2305 1506
2304 1506
2303 1506
2302 1507
2301 1507
2300 1507
2299 1507
2298 1507
2297 1507
2296 1506
2295 1506
2294 1506
2293 1506
2292 1505
2291 1505
2290 1504
2289 1504
2288 1504
2287 1504
2286 1503
2285 1503
2284 1503
2283 1503
2282 1503
2281 1503
2280 1503
2279 1503
2278 1503
2277 1503
2276 1503
2275 1503
2274 1503
2273 1503
2272 1503
2271 1503
2270 1503
2269 1503
2268 1503
2267 1503
2266 1503
2265 1503
2264 1503
2263 1503
2262 1503
2261 1503
2260 1503
2259 1503
2258 1503
2257 1503
2256 1503
2255 1503
2254 1502
2253 1502
2252 1502
2251 1502
2250 1501
2249 1501
2248 1501
2247 1501
2246 1501
2245 1501
2244 1501
2243 1501
2242 1501
2241 1501
2240 1501
2239 1501
2238 1501
2237 1501
2236 1500
2235 1500
2234 1500
2233 1500
2232 1499
2231 1499
2230 1499
2229 1499
