518 3005
517 3006
516 3006
515 3006
514 3006
513 3007
512 3007
511 3008
510 3008
509 3008
508 3008
507 3009
506 3009
505 3009
504 3009
503 3009
502 3009
501 3008
500 3008
499 3008
498 3008
497 3007
496 3007
495 3007
494 3007
493 3007
492 3007
491 3007
490 3007
489 3007
488 3007
487 3007
486 3007
485 3007
484 3007
483 3008
482 3008
481 3008
480 3008
479 3009
478 3009
477 3009
476 3009
475 3009
474 3009
473 3008
472 3008
471 3008
470 3008
469 3007
468 3007
467 3007
466 3007
465 3007
464 3007
463 3007
462 3007
461 3008
460 3008
459 3008
458 3008
457 3009
456 3009
455 3009
454 3009
453 3009
452 3009
451 3009
450 3009
449 3009
448 3009
447 3008
446 3008
445 3008
444 3008
443 3007
442 3007
441 3007
440 3007
439 3007
438 3007
437 3007
436 3007
435 3007
434 3007
433 3007
432 3007
431 3007
430 3007
429 3007
428 3007
427 3007
426 3007
425 3007
424 3007
423 3007
422 3007
421 3008
420 3008
419 3008
418 3008
417 3009
416 3009
415 3009
414 3009
413 3009
412 3009
411 3009
410 3009
409 3010
408 3010
407 3010
406 3010
405 3011
404 3012
403 3012
402 3012
401 3013
400 3013
399 3013
398 3013
397 3013
396 3013
395 3013
394 3013
393 3013
392 3013
391 3014
390 3014
389 3014
388 3014
387 3015
386 3015
385 3015
384 3015
383 3015
382 3015
381 3015
380 3015
379 3015
378 3015
377 3015
376 3015
375 3015
374 3015
373 3015
372 3015
371 3015
370 3015
369 3016
368 3016
367 3016
366 3016
365 3017
364 3017
363 3017
362 3017
361 3018
360 3018
359 3018
358 3018
357 3019
356 3020
355 3021
354 3022
353 3023
352 3024
351 3025
350 3025
349 3025
348 3025
347 3025
346 3025
345 3025
344 3025
343 3025
342 3025
341 3025
340 3025
339 3026
338 3026
337 3027
336 3027
335 3028
334 3028
333 3029
332 3030
331 3031
330 3032
329 3032
329 3033
328 3034
327 3035
327 3036
326 3037
326 3038
326 3039
326 3040
326 3041
326 3042
327 3043
327 3044
327 3045
327 3046
328 3047
328 3048
329 3049
329 3050
329 3051
329 3052
330 3053
330 3054
330 3055
330 3056
330 3057
330 3058
331 3059
331 3060
331 3061
331 3062
332 3063
332 3064
332 3065
332 3066
332 3067
332 3068
332 3069
332 3070
332 3071
332 3072
331 3073
331 3074
331 3075
331 3076
330 3077
330 3078
330 3079
330 3080
330 3081
330 3082
329 3083
329 3084
329 3085
328 3086
327 3087
327 3088
327 3089
327 3090
326 3091
326 3092
325 3093
325 3094
324 3095
323 3096
323 3097
322 3098
321 3098
320 3099
319 3100
318 3100
317 3101
316 3102
315 3102
314 3102
313 3103
312 3104
311 3104
310 3104
309 3105
308 3106
307 3106
306 3106
305 3107
304 3107
303 3107
302 3107
301 3107
300 3107
299 3107
298 3107
297 3107
296 3107
295 3107
294 3107
293 3107
292 3107
291 3107
290 3107
289 3107
288 3107
287 3107
286 3107
285 3108
284 3108
283 3109
282 3109
281 3110
280 3110
279 3111
278 3112
277 3113
276 3114
275 3114
275 3115
274 3116
273 3116
273 3117
272 3118
271 3118
271 3119
270 3120
269 3121
268 3122
267 3123
267 3124
266 3125
265 3126
265 3127
264 3128
263 3129
262 3130
261 3131
261 3132
260 3133
260 3134
259 3135
258 3136
257 3137
257 3138
256 3139
256 3140
255 3141
254 3142
253 3143
253 3144
252 3145
251 3146
251 3147
250 3148
249 3148
249 3149
248 3150
247 3150
247 3151
246 3152
245 3153
244 3154
243 3155
243 3156
243 3157
242 3158
241 3159
241 3160
241 3161
241 3162
240 3163
240 3164
240 3165
240 3166
239 3167
239 3168
238 3169
237 3170
236 3171
235 3172
234 3173
233 3174
232 3175
231 3176
230 3177
229 3178
228 3179
227 3180
226 3180
225 3181
224 3182
223 3183
222 3184
221 3185
221 3186
220 3187
220 3188
219 3189
219 3190
218 3191
218 3192
217 3193
217 3194
217 3195
216 3196
215 3197
215 3198
215 3199
214 3200
213 3201
213 3202
213 3203
213 3204
212 3205
212 3206
212 3207
212 3208
213 3209
213 3210
214 3211
215 3212
215 3213
216 3213
217 3214
217 3215
218 3216
219 3217
219 3218
220 3219
220 3220
221 3221
221 3222
222 3223
223 3224
223 3225
224 3225
225 3226
225 3227
226 3227
227 3228
228 3229
229 3230
230 3231
231 3231
232 3232
233 3233
234 3233
235 3234
235 3235
236 3235
237 3236
238 3237
239 3238
240 3239
241 3239
242 3239
243 3240
244 3241
245 3241
246 3242
247 3242
248 3243
249 3244
250 3245
251 3245
252 3245
253 3245
254 3246
255 3246
256 3246
257 3246
258 3247
259 3247
260 3248
261 3248
262 3249
263 3250
264 3251
265 3251
266 3251
267 3251
268 3252
269 3252
270 3252
271 3252
272 3253
273 3253
274 3254
275 3254
276 3255
277 3255
278 3256
279 3256
280 3257
281 3257
282 3257
283 3258
284 3259
285 3259
286 3259
287 3260
288 3261
289 3261
290 3261
291 3261
292 3262
293 3262
294 3263
295 3263
296 3263
297 3263
298 3264
299 3264
300 3264
301 3264
302 3265
303 3265
304 3266
305 3266
306 3267
307 3267
308 3268
309 3268
310 3268
311 3268
312 3268
313 3268
314 3268
315 3268
316 3269
317 3269
318 3270
319 3271
320 3271
321 3272
322 3273
323 3273
324 3274
325 3274
326 3274
327 3274
328 3275
329 3275
330 3275
331 3275
332 3276
333 3276
334 3276
335 3276
336 3277
337 3277
338 3277
339 3277
340 3278
341 3278
342 3278
343 3278
344 3278
345 3278
346 3279
347 3279
348 3279
349 3279
350 3280
351 3280
352 3280
353 3280
354 3280
355 3280
356 3280
357 3280
358 3280
359 3280
360 3280
361 3280
362 3280
363 3280
364 3280
365 3280
366 3280
367 3280
368 3280
369 3280
370 3280
371 3280
372 3280
373 3280
374 3280
375 3280
376 3280
377 3280
378 3280
379 3280
380 3280
381 3280
382 3281
383 3281
384 3281
385 3281
386 3282
387 3282
388 3282
389 3282
390 3282
391 3282
392 3282
393 3282
394 3282
395 3282
396 3282
397 3282
398 3282
399 3282
400 3282
401 3282
402 3282
403 3282
404 3282
405 3282
406 3282
407 3282
408 3282
409 3282
410 3282
411 3282
412 3282
413 3282
414 3282
415 3282
416 3282
417 3282
418 3282
419 3282
420 3282
421 3282
422 3282
423 3282
424 3282
425 3282
426 3283
427 3283
428 3283
429 3283
430 3284
431 3284
432 3284
433 3284
434 3284
435 3284
436 3284
437 3284
438 3285
439 3285
440 3285
441 3285
442 3286
443 3286
444 3286
445 3286
446 3286
447 3286
448 3286
449 3286
450 3286
451 3286
452 3286
453 3286
454 3286
455 3286
456 3286
457 3286
458 3286
459 3286
460 3286
461 3286
462 3286
463 3286
464 3286
465 3286
466 3286
467 3286
468 3286
469 3286
470 3286
471 3286
472 3286
473 3286
474 3286
475 3286
476 3286
477 3286
478 3286
479 3286
480 3286
481 3286
482 3286
483 3286
484 3286
485 3286
486 3286
487 3286
488 3286
489 3286
490 3286
491 3286
492 3286
493 3286
494 3286
495 3286
496 3286
497 3286
498 3286
499 3286
500 3287
501 3287
502 3287
503 3287
504 3288
505 3288
506 3288
507 3288
508 3288
509 3288
510 3288
511 3288
512 3289
513 3289
514 3289
515 3289
516 3290
517 3290
518 3290
519 3290
520 3290
521 3290
522 3290
523 3290
524 3290
525 3290
526 3290
527 3290
528 3290
529 3290
530 3290
531 3290
532 3290
533 3290
534 3290
535 3290
536 3290
537 3290
538 3290
539 3290
540 3290
541 3290
542 3290
543 3290
544 3290
545 3290
546 3290
547 3290
548 3290
549 3290
550 3290
551 3290
552 3290
553 3290
554 3290
555 3290
556 3290
557 3290
558 3290
559 3290
560 3289
561 3289
562 3289
563 3289
564 3288
565 3288
566 3288
567 3288
568 3288
569 3288
570 3288
571 3288
572 3288
573 3288
574 3288
575 3288
576 3288
577 3288
578 3288
579 3288
580 3288
581 3288
582 3288
583 3288
584 3288
585 3288
586 3288
587 3288
588 3288
589 3288
590 3288
591 3288
592 3287
593 3287
594 3287
595 3287
596 3286
597 3286
598 3286
599 3286
600 3286
601 3286
602 3286
603 3286
604 3286
605 3286
606 3285
607 3285
608 3285
609 3285
610 3284
611 3284
612 3284
613 3284
614 3284
615 3284
616 3284
617 3284
618 3284
619 3284
620 3284
621 3284
622 3284
623 3284
624 3284
625 3284
626 3283
627 3283
628 3283
629 3283
630 3282
631 3282
632 3282
633 3282
634 3282
635 3282
636 3282
637 3282
638 3282
639 3282
640 3281
641 3281
642 3281
643 3281
644 3280
645 3280
646 3280
647 3280
648 3279
649 3279
650 3279
651 3279
652 3278
653 3278
654 3277
655 3277
656 3277
657 3277
658 3276
659 3275
660 3275
661 3275
662 3274
663 3274
664 3274
665 3274
666 3273
667 3273
668 3273
669 3273
670 3272
671 3272
672 3271
673 3271
674 3271
675 3271
676 3270
677 3269
678 3268
679 3267
680 3267
680 3266
681 3265
682 3265
683 3264
684 3263
685 3263
686 3262
687 3261
688 3260
689 3259
690 3258
691 3257
692 3256
692 3255
693 3254
694 3253
694 3252
695 3251
696 3251
696 3250
697 3249
698 3249
698 3248
699 3247
700 3247
700 3246
701 3245
702 3245
702 3244
703 3243
704 3243
704 3242
705 3241
706 3241
706 3240
707 3239
708 3239
708 3238
709 3237
710 3237
710 3236
711 3235
712 3235
712 3234
713 3233
714 3232
714 3231
715 3230
715 3229
716 3228
716 3227
717 3226
718 3225
718 3224
719 3223
720 3223
720 3222
721 3221
722 3221
722 3220
723 3219
724 3219
724 3218
725 3217
726 3217
726 3216
727 3215
728 3214
728 3213
729 3212
729 3211
730 3210
730 3209
730 3208
730 3207
731 3206
731 3205
731 3204
731 3203
731 3202
731 3201
731 3200
731 3199
731 3198
731 3197
731 3196
731 3195
731 3194
731 3193
731 3192
731 3191
731 3190
731 3189
731 3188
731 3187
731 3186
731 3185
731 3184
731 3183
731 3182
731 3181
732 3180
732 3179
732 3178
732 3177
733 3176
733 3175
733 3174
733 3173
733 3172
733 3171
733 3170
733 3169
733 3168
733 3167
733 3166
733 3165
733 3164
733 3163
733 3162
733 3161
733 3160
733 3159
733 3158
733 3157
733 3156
733 3155
733 3154
733 3153
733 3152
733 3151
733 3150
733 3149
733 3148
733 3147
733 3146
733 3145
733 3144
733 3143
732 3142
732 3141
731 3140
730 3139
730 3138
729 3138
728 3137
728 3136
727 3135
726 3134
726 3133
725 3132
724 3131
723 3130
722 3129
722 3128
721 3127
720 3126
720 3125
719 3124
719 3123
718 3122
718 3121
718 3120
718 3119
717 3118
717 3117
717 3116
717 3115
717 3114
717 3113
716 3112
716 3111
716 3110
716 3109
715 3108
715 3107
714 3106
714 3105
714 3104
714 3103
713 3102
713 3101
713 3100
713 3099
713 3098
713 3097
713 3096
713 3095
713 3094
713 3093
712 3092
712 3091
712 3090
712 3089
711 3088
711 3087
710 3086
710 3085
709 3084
708 3083
708 3082
707 3082
706 3081
705 3080
704 3079
703 3078
702 3078
701 3078
700 3077
699 3076
698 3076
697 3076
696 3076
695 3075
694 3075
693 3074
692 3074
691 3074
690 3073
689 3072
688 3072
687 3072
686 3071
685 3070
684 3070
683 3069
682 3068
682 3067
681 3066
680 3065
680 3064
680 3063
679 3062
679 3061
678 3060
678 3059
678 3058
678 3057
677 3056
676 3055
676 3054
676 3053
675 3052
674 3051
673 3050
673 3049
672 3048
672 3047
671 3046
670 3045
669 3044
668 3043
667 3042
666 3041
665 3040
664 3040
663 3039
662 3038
661 3038
660 3037
659 3036
658 3036
657 3035
656 3035
655 3035
654 3035
653 3035
652 3035
651 3034
650 3034
649 3034
648 3033
647 3032
646 3032
645 3032
644 3031
643 3030
642 3030
641 3029
640 3029
639 3028
638 3027
637 3026
636 3026
635 3026
634 3026
633 3025
632 3025
631 3024
630 3024
629 3023
628 3023
627 3022
626 3021
625 3020
624 3020
623 3020
622 3019
621 3018
620 3018
619 3018
618 3018
617 3017
616 3017
615 3016
614 3016
613 3016
612 3016
611 3015
610 3015
609 3014
608 3014
607 3014
606 3014
605 3013
604 3013
603 3013
602 3013
601 3013
600 3013
599 3013
598 3013
597 3012
596 3012
595 3012
594 3012
593 3011
592 3011
591 3011
590 3011
589 3011
588 3011
587 3010
586 3010
585 3010
584 3010
583 3009
582 3009
581 3009
580 3009
579 3009
578 3009
577 3009
576 3009
575 3009
574 3009
573 3009
572 3009
571 3009
570 3009
569 3009
568 3009
567 3009
566 3009
565 3008
564 3008
563 3008
562 3008
561 3007
560 3007
559 3007
558 3007
557 3008
556 3008
555 3008
554 3008
553 3009
552 3009
551 3008
550 3008
549 3008
548 3008
547 3007
546 3007
545 3007
544 3007
543 3007
542 3007
541 3007
540 3007
539 3006
538 3006
537 3006
536 3006
535 3005
534 3005
533 3005
532 3005
531 3005
530 3005
529 3005
528 3005
527 3005
526 3005
525 3005
524 3005
523 3005
522 3005
521 3005
520 3005
519 3005
518 3005
