341 3833
340 3834
339 3834
338 3834
337 3834
336 3835
335 3836
334 3836
333 3836
332 3837
331 3838
330 3839
329 3839
328 3840
327 3840
326 3841
325 3841
324 3841
323 3841
322 3841
321 3841
320 3841
319 3841
318 3841
317 3841
316 3842
315 3842
314 3842
313 3842
312 3843
311 3843
310 3843
309 3843
308 3843
307 3843
306 3844
305 3844
304 3844
303 3844
302 3845
301 3845
300 3845
299 3845
298 3845
297 3845
296 3846
295 3846
294 3846
293 3846
292 3847
291 3847
290 3848
289 3848
288 3848
287 3848
286 3849
285 3849
284 3849
283 3849
282 3850
281 3850
280 3850
279 3850
278 3851
277 3851
276 3852
275 3852
274 3852
273 3852
272 3853
271 3854
270 3854
269 3854
268 3855
267 3855
266 3856
265 3856
264 3856
263 3856
262 3857
261 3857
260 3857
259 3857
258 3857
257 3857
256 3858
255 3858
254 3858
253 3858
252 3859
251 3860
250 3860
249 3860
248 3861
247 3861
246 3862
245 3862
244 3863
243 3863
242 3864
241 3864
240 3865
239 3866
238 3866
237 3866
236 3867
235 3867
234 3867
233 3867
232 3868
231 3868
230 3868
229 3868
228 3869
227 3869
226 3869
225 3869
224 3869
223 3869
222 3869
221 3869
220 3869
219 3869
218 3870
217 3870
216 3870
215 3870
214 3871
213 3872
212 3873
211 3874
210 3875
210 3876
210 3877
210 3878
211 3879
212 3880
213 3881
214 3882
215 3883
216 3883
217 3884
218 3884
219 3885
220 3885
221 3886
222 3886
223 3886
224 3886
225 3887
226 3887
227 3888
228 3888
229 3889
230 3889
231 3890
232 3890
233 3891
234 3891
235 3891
236 3891
237 3892
238 3892
239 3893
240 3893
241 3893
242 3893
243 3894
244 3894
245 3895
246 3895
247 3895
248 3895
249 3896
250 3896
251 3897
252 3897
253 3897
254 3898
255 3899
256 3899
257 3899
258 3899
259 3900
260 3900
261 3900
262 3900
263 3900
264 3900
265 3901
266 3901
267 3901
268 3901
269 3902
270 3902
271 3903
272 3903
273 3903
274 3903
275 3904
276 3904
277 3904
278 3904
279 3904
280 3904
281 3904
282 3904
283 3904
284 3904
285 3904
286 3904
287 3904
288 3904
289 3905
290 3905
291 3905
292 3905
293 3906
294 3906
295 3906
296 3906
297 3907
298 3907
299 3907
300 3908
301 3909
302 3909
303 3909
304 3909
305 3910
306 3910
307 3910
308 3910
309 3911
310 3911
311 3911
312 3912
313 3913
314 3913
315 3913
316 3913
317 3914
318 3914
319 3914
320 3914
321 3915
322 3915
323 3915
324 3916
325 3917
326 3917
327 3917
328 3917
329 3918
330 3918
331 3918
332 3918
333 3919
334 3919
335 3919
336 3919
337 3920
338 3920
339 3920
340 3920
341 3920
342 3920
343 3920
344 3920
345 3920
346 3920
347 3920
348 3920
349 3920
350 3920
351 3920
352 3920
353 3920
354 3920
355 3919
356 3919
357 3919
358 3919
359 3918
360 3918
361 3918
362 3918
363 3918
364 3918
365 3918
366 3918
367 3917
368 3917
369 3916
370 3915
371 3915
371 3914
372 3913
373 3913
373 3912
374 3911
375 3911
375 3910
376 3909
377 3909
378 3908
379 3907
380 3907
381 3906
382 3905
383 3905
384 3905
385 3904
386 3903
387 3902
388 3901
389 3901
389 3900
390 3899
391 3898
391 3897
392 3896
392 3895
393 3894
393 3893
393 3892
394 3891
395 3890
395 3889
395 3888
395 3887
396 3886
396 3885
396 3884
396 3883
396 3882
396 3881
396 3880
396 3879
396 3878
396 3877
396 3876
396 3875
396 3874
396 3873
396 3872
396 3871
396 3870
396 3869
396 3868
396 3867
395 3866
395 3865
395 3864
395 3863
394 3862
393 3861
393 3860
393 3859
392 3858
391 3857
390 3856
389 3855
389 3854
388 3854
387 3853
387 3852
386 3852
385 3851
385 3850
384 3850
383 3849
383 3848
382 3848
381 3847
380 3846
379 3845
378 3844
377 3844
376 3843
375 3843
374 3842
373 3841
372 3840
371 3840
370 3840
369 3839
368 3838
367 3838
366 3837
365 3836
364 3836
363 3835
362 3834
361 3834
360 3833
359 3833
358 3833
357 3833
356 3833
355 3833
354 3833
353 3833
352 3833
351 3833
350 3833
349 3833
348 3833
347 3833
346 3833
345 3833
344 3833
343 3833
342 3833
341 3833
