628 200
627 201
626 201
625 201
624 201
623 202
622 202
621 202
620 202
619 202
618 202
617 202
616 202
615 202
614 202
613 202
612 202
611 202
610 202
609 202
608 202
607 202
606 202
605 202
604 202
603 202
602 202
601 202
600 202
599 202
598 202
597 202
596 202
595 202
594 202
593 202
592 202
591 202
590 202
589 202
588 202
587 202
586 202
585 202
584 202
583 202
582 202
581 202
580 202
579 202
578 202
577 202
576 202
575 202
574 202
573 202
572 202
571 202
570 202
569 202
568 202
567 202
566 202
565 202
564 202
563 202
562 202
561 202
560 202
559 202
558 202
557 202
556 202
555 202
554 202
553 202
552 202
551 203
550 203
549 203
548 203
547 204
546 204
545 205
544 205
543 205
542 205
541 206
540 207
539 208
538 208
537 209
536 209
535 210
534 210
533 211
532 211
531 212
530 212
529 213
528 213
527 214
526 214
525 215
524 215
523 216
522 216
521 217
520 217
519 218
518 219
517 220
516 220
515 221
514 221
513 222
512 222
511 223
510 223
509 223
508 223
507 224
506 224
505 224
504 224
503 225
502 225
501 226
500 226
499 227
498 227
497 228
496 228
495 228
494 228
493 228
492 228
491 228
490 228
489 229
488 229
487 229
486 229
485 230
484 230
483 231
482 231
481 231
480 231
479 232
478 233
477 233
476 233
475 234
474 234
473 235
472 235
471 236
470 236
469 237
468 237
467 238
466 238
465 239
464 239
463 239
462 239
461 240
460 241
459 242
458 243
457 243
456 244
455 245
454 245
453 246
452 246
451 246
450 246
449 247
448 247
447 248
446 248
445 249
444 249
443 250
442 250
441 251
440 251
439 251
438 251
437 252
436 253
435 253
434 253
433 254
432 255
431 255
430 255
429 256
428 256
427 257
426 257
425 257
424 257
423 258
422 258
421 259
420 259
419 260
418 260
417 261
416 261
415 262
414 262
413 263
412 263
411 263
410 263
409 264
408 265
407 265
406 265
405 266
404 266
403 267
402 267
401 268
400 268
399 269
398 269
397 270
396 270
395 271
394 271
393 271
392 271
391 272
390 272
389 273
388 273
387 274
386 275
385 275
384 276
383 277
382 277
381 278
380 278
379 278
378 278
377 279
376 279
375 280
374 281
373 281
373 282
372 283
371 284
371 285
370 286
370 287
370 288
370 289
370 290
370 291
371 292
371 293
371 294
371 295
372 296
372 297
372 298
372 299
372 300
372 301
372 302
372 303
372 304
372 305
372 306
372 307
372 308
372 309
372 310
372 311
372 312
372 313
372 314
372 315
372 316
372 317
372 318
372 319
372 320
372 321
372 322
372 323
372 324
372 325
372 326
372 327
372 328
372 329
372 330
372 331
372 332
372 333
372 334
372 335
372 336
372 337
372 338
372 339
372 340
372 341
372 342
372 343
372 344
372 345
372 346
372 347
372 348
372 349
372 350
372 351
372 352
372 353
373 354
373 355
373 356
373 357
374 358
374 359
374 360
374 361
374 362
374 363
374 364
374 365
374 366
374 367
374 368
374 369
374 370
374 371
374 372
374 373
374 374
374 375
374 376
374 377
374 378
374 379
374 380
374 381
374 382
374 383
374 384
374 385
373 386
373 387
373 388
373 389
372 390
372 391
372 392
372 393
372 394
372 395
371 396
371 397
371 398
371 399
370 400
370 401
370 402
370 403
370 404
370 405
370 406
370 407
370 408
370 409
370 410
370 411
370 412
370 413
370 414
370 415
370 416
370 417
370 418
370 419
370 420
370 421
371 422
371 423
372 424
373 425
373 426
374 426
375 427
375 428
376 428
377 429
377 430
378 430
379 431
379 432
380 432
381 433
381 434
382 435
383 436
383 437
384 438
385 439
386 440
386 441
387 442
387 443
388 444
389 445
390 446
390 447
391 448
391 449
392 450
393 451
393 452
393 453
394 454
395 455
395 456
395 457
396 458
396 459
397 460
397 461
397 462
397 463
398 464
399 465
399 466
399 467
400 468
401 469
402 470
403 471
403 472
404 473
405 474
405 475
406 476
407 477
407 478
407 479
408 480
409 481
409 482
409 483
410 484
411 485
411 486
411 487
412 488
412 489
413 490
413 491
414 492
414 493
415 494
415 495
416 496
417 497
418 498
419 499
419 500
420 500
421 501
421 502
422 502
423 503
423 504
424 504
425 505
426 506
427 506
428 507
429 507
430 507
431 507
432 507
433 507
434 507
435 507
436 507
437 507
438 507
439 507
440 507
441 507
442 506
443 506
444 506
445 506
446 505
447 504
448 504
449 504
450 503
451 503
452 503
453 503
454 503
455 503
456 502
457 502
458 502
459 502
460 501
461 501
462 501
463 501
464 500
465 500
466 500
467 500
468 499
469 499
470 499
471 499
472 499
473 499
474 498
475 498
476 498
477 498
478 497
479 497
480 497
481 497
482 496
483 496
484 495
485 495
486 494
487 494
488 493
489 493
490 493
491 493
492 493
493 493
494 493
495 493
496 493
497 493
498 493
499 493
500 493
501 493
502 493
503 493
504 493
505 493
506 493
507 493
508 493
509 493
510 493
511 493
512 493
513 493
514 493
515 493
516 493
517 493
518 493
519 493
520 493
521 493
522 493
523 493
524 494
525 494
526 494
527 494
528 495
529 495
530 495
531 495
532 495
533 495
534 495
535 495
536 495
537 495
538 495
539 495
540 495
541 495
542 495
543 495
544 495
545 495
546 495
547 495
548 495
549 495
550 495
551 495
552 495
553 495
554 495
555 495
556 495
557 495
558 495
559 495
560 496
561 496
562 496
563 496
564 497
565 497
566 497
567 497
568 497
569 497
570 497
571 497
572 497
573 497
574 497
575 497
576 497
577 497
578 497
579 497
580 497
581 497
582 497
583 497
584 497
585 497
586 497
587 497
588 497
589 497
590 497
591 497
592 497
593 497
594 497
595 497
596 497
597 497
598 497
599 497
600 497
601 497
602 497
603 497
604 497
605 497
606 497
607 497
608 497
609 497
610 497
611 497
612 497
613 497
614 497
615 497
616 497
617 497
618 497
619 497
620 497
621 497
622 497
623 497
624 497
625 497
626 497
627 497
628 497
629 497
630 497
631 497
632 497
633 497
634 498
635 498
636 498
637 498
638 499
639 499
640 500
641 500
642 500
643 500
644 501
645 501
646 501
647 501
648 501
649 501
650 501
651 501
652 501
653 501
654 501
655 501
656 501
657 501
658 501
659 501
660 501
661 501
662 501
663 501
664 501
665 501
666 501
667 501
668 501
669 501
670 501
671 501
672 501
673 501
674 501
675 501
676 501
677 501
678 501
679 501
680 501
681 501
682 501
683 501
684 501
685 501
686 501
687 501
688 501
689 501
690 501
691 501
692 501
693 501
694 501
695 501
696 501
697 501
698 501
699 501
700 501
701 501
702 501
703 501
704 501
705 501
706 501
707 501
708 501
709 501
710 501
711 501
712 501
713 501
714 501
715 501
716 501
717 501
718 501
719 501
720 501
721 501
722 501
723 501
724 501
725 501
726 501
727 501
728 501
729 501
730 501
731 501
732 501
733 501
734 501
735 501
736 501
737 501
738 501
739 501
740 500
741 500
742 499
743 498
744 498
745 497
746 496
747 496
748 495
749 495
750 494
751 494
752 494
753 494
754 493
755 493
756 493
757 493
758 493
759 493
760 493
761 493
762 493
763 493
764 493
765 493
766 493
767 493
768 493
769 493
770 493
771 493
772 493
773 493
774 493
775 493
776 493
777 493
778 493
779 493
780 492
781 492
782 492
783 492
784 491
785 491
786 490
787 490
788 489
789 489
790 488
791 488
792 487
793 487
794 488
795 488
796 488
797 488
798 489
799 489
800 489
801 489
802 489
803 489
804 489
805 489
806 489
807 489
808 489
809 489
810 489
811 489
812 488
813 488
814 488
815 488
816 487
817 487
818 486
819 486
820 486
821 486
822 485
823 485
824 485
825 485
826 485
827 485
828 485
829 485
830 485
831 485
832 485
833 485
834 485
835 485
836 484
837 484
838 483
839 483
840 482
841 482
842 481
843 481
844 481
845 481
846 481
847 481
848 481
849 481
850 481
851 481
852 481
853 481
854 480
855 480
856 480
857 480
858 479
859 479
860 478
861 478
862 477
863 476
864 476
864 475
865 474
866 474
866 473
867 472
868 472
869 471
870 470
871 470
872 469
873 469
874 469
875 469
876 469
877 469
878 469
879 469
880 469
881 469
882 469
883 469
884 469
885 469
886 469
887 469
888 469
889 469
890 469
891 469
892 469
893 469
894 469
895 469
896 469
897 469
898 469
899 469
900 469
901 469
902 469
903 469
904 470
905 470
906 470
907 470
908 471
909 471
910 471
911 471
912 471
913 471
914 470
915 470
916 470
917 470
918 469
919 469
920 469
921 469
922 469
923 469
924 469
925 469
926 469
927 469
928 469
929 469
930 469
931 469
932 469
933 469
934 469
935 469
936 469
937 469
938 469
939 469
940 469
941 469
942 469
943 469
944 469
945 469
946 469
947 469
948 469
949 469
950 469
951 469
952 469
953 469
954 469
955 469
956 469
957 469
958 469
959 469
960 468
961 468
962 468
963 468
964 467
965 467
966 467
967 467
968 467
969 467
970 466
971 466
972 466
973 466
974 465
975 464
976 464
977 464
978 463
979 463
980 463
981 463
982 463
983 463
984 463
985 463
986 463
987 463
988 463
989 463
990 463
991 463
992 462
993 462
994 461
995 461
996 460
997 460
998 459
999 459
1000 459
1001 459
1002 459
1003 459
1004 459
1005 459
1006 458
1007 458
1008 458
1009 458
1010 457
1011 457
1012 456
1013 456
1014 456
1015 456
1016 455
1017 454
1018 453
1019 452
1020 452
1021 451
1022 450
1023 450
1024 449
1025 448
1026 448
1027 448
1028 447
1029 446
1030 446
1031 446
1032 445
1033 445
1034 444
1035 444
1036 444
1037 444
1038 443
1039 442
1040 441
1041 440
1042 440
1042 439
1043 438
1044 438
1044 437
1045 436
1046 436
1046 435
1047 434
1048 434
1048 433
1049 432
1050 432
1050 431
1051 430
1052 430
1052 429
1053 428
1054 428
1054 427
1055 426
1056 426
1056 425
1057 424
1058 424
1058 423
1059 422
1060 421
1060 420
1061 419
1061 418
1062 417
1062 416
1062 415
1063 414
1064 413
1064 412
1064 411
1065 410
1066 409
1066 408
1066 407
1066 406
1067 405
1067 404
1068 403
1068 402
1068 401
1068 400
1069 399
1069 398
1069 397
1069 396
1069 395
1069 394
1069 393
1069 392
1069 391
1069 390
1069 389
1069 388
1069 387
1069 386
1069 385
1069 384
1069 383
1069 382
1069 381
1069 380
1069 379
1069 378
1069 377
1069 376
1069 375
1069 374
1069 373
1069 372
1069 371
1069 370
1069 369
1069 368
1069 367
1069 366
1069 365
1069 364
1068 363
1068 362
1068 361
1068 360
1067 359
1067 358
1066 357
1066 356
1065 355
1064 354
1064 353
1063 353
1062 352
1062 351
1061 351
1060 350
1060 349
1059 349
1058 348
1058 347
1057 346
1056 345
1056 344
1055 343
1054 342
1054 341
1054 340
1053 339
1052 338
1051 337
1050 336
1050 335
1049 334
1048 333
1048 332
1047 331
1046 330
1046 329
1046 328
1045 327
1045 326
1044 325
1044 324
1043 323
1042 322
1041 321
1040 321
1039 320
1038 320
1037 319
1036 318
1035 317
1034 317
1033 316
1032 315
1031 314
1030 313
1030 312
1029 311
1029 310
1029 309
1029 308
1029 307
1029 306
1028 305
1028 304
1027 303
1026 302
1026 301
1025 301
1024 300
1023 299
1022 298
1021 297
1020 297
1019 296
1018 296
1017 295
1016 294
1015 293
1014 293
1013 293
1012 293
1011 292
1010 292
1009 291
1008 291
1007 291
1006 290
1005 289
1004 289
1003 289
1002 288
1001 287
1000 287
999 287
998 287
997 286
996 286
995 286
994 286
993 286
992 286
991 285
990 285
989 284
988 283
987 283
986 282
985 281
984 281
983 280
982 280
981 280
980 280
979 279
978 279
977 279
976 278
975 277
974 277
973 277
972 277
971 276
970 276
969 275
968 275
967 275
966 275
965 274
964 274
963 274
962 274
961 274
960 274
959 274
958 274
957 273
956 273
955 273
954 273
953 272
952 272
951 271
950 271
949 271
948 271
947 270
946 270
945 269
944 269
943 269
942 268
941 267
940 267
939 267
938 267
937 266
936 266
935 266
934 266
933 265
932 265
931 265
930 265
929 264
928 264
927 264
926 264
925 264
924 264
923 264
922 264
921 264
920 264
919 263
918 263
917 263
916 262
915 261
914 261
913 260
912 259
911 259
910 258
909 257
908 257
907 256
906 256
905 255
904 255
903 254
902 254
901 253
900 253
899 252
898 252
897 251
896 251
895 251
894 250
893 249
892 249
891 249
890 248
889 247
888 247
887 247
886 247
885 246
884 246
883 246
882 246
881 245
880 245
879 245
878 245
877 244
876 244
875 243
874 243
873 242
872 242
871 241
870 241
869 240
868 240
867 239
866 239
865 239
864 239
863 238
862 238
861 237
860 237
859 237
858 237
857 236
856 236
855 235
854 235
853 235
852 234
851 233
850 233
849 233
848 233
847 232
846 232
845 231
844 231
843 231
842 231
841 230
840 230
839 230
838 230
837 229
836 229
835 228
834 228
833 227
832 227
831 226
830 226
829 226
828 226
827 225
826 225
825 225
824 225
823 224
822 224
821 224
820 224
819 223
818 223
817 223
816 223
815 222
814 222
813 222
812 222
811 221
810 221
809 221
808 221
807 220
806 220
805 220
804 220
803 220
802 220
801 220
800 220
799 220
798 220
797 220
796 220
795 220
794 220
793 220
792 220
791 220
790 220
789 220
788 220
787 219
786 219
785 218
784 218
783 217
782 217
781 216
780 216
779 216
778 216
777 216
776 216
775 215
774 215
773 215
772 215
771 214
770 214
769 214
768 214
767 214
766 214
765 213
764 213
763 213
762 213
761 212
760 212
759 212
758 212
757 212
756 212
755 212
754 212
753 212
752 212
751 212
750 212
749 211
748 211
747 211
746 211
745 210
744 210
743 210
742 210
741 210
740 210
739 209
738 209
737 209
736 209
735 208
734 208
733 208
732 208
731 208
730 208
729 208
728 208
727 208
726 208
725 207
724 207
723 207
722 207
721 206
720 206
719 206
718 206
717 206
716 206
715 206
714 206
713 206
712 206
711 206
710 206
709 205
708 205
707 205
706 205
705 204
704 204
703 204
702 204
701 204
700 204
699 204
698 204
697 203
696 203
695 203
694 203
693 202
692 202
691 202
690 202
689 202
688 202
687 202
686 202
685 202
684 202
683 202
682 202
681 202
680 202
679 202
678 202
677 202
676 202
675 202
674 202
673 202
672 202
671 202
670 202
669 202
668 202
667 202
666 202
665 202
664 202
663 202
662 202
661 202
660 202
659 201
658 201
657 201
656 201
655 200
654 200
653 200
652 200
651 200
650 200
649 200
648 200
647 200
646 200
645 200
644 200
643 200
642 200
641 200
640 200
639 200
638 200
637 200
636 200
635 200
634 200
633 200
632 200
631 200
630 200
629 200
628 200
