571 360
570 361
569 361
568 361
567 361
566 362
565 362
564 362
563 362
562 362
561 362
560 362
559 362
558 362
557 362
556 362
555 362
554 362
553 362
552 362
551 362
550 362
549 362
548 362
547 362
546 362
545 362
544 362
543 362
542 363
541 363
540 363
539 363
538 364
537 365
536 365
535 365
534 366
533 366
532 366
531 366
530 366
529 366
528 366
527 366
526 367
525 367
524 367
523 367
522 368
521 368
520 368
519 368
518 368
517 368
516 368
515 368
514 368
513 368
512 368
511 368
510 368
509 368
508 368
507 368
506 368
505 368
504 369
503 369
502 369
501 369
500 370
499 370
498 370
497 370
496 370
495 370
494 370
493 370
492 371
491 371
490 371
489 371
488 372
487 372
486 373
485 373
484 373
483 373
482 374
481 375
480 376
479 377
478 377
478 378
477 379
476 379
476 380
475 381
474 381
474 382
473 383
472 383
471 384
470 385
469 385
468 386
467 386
466 386
465 386
464 386
463 386
462 386
461 386
460 386
459 386
458 386
457 386
456 387
455 387
454 388
453 388
452 389
451 389
450 390
449 390
448 391
447 391
446 391
445 391
444 392
443 392
442 393
441 393
440 394
440 395
439 396
439 397
439 398
439 399
439 400
439 401
439 402
439 403
440 404
440 405
440 406
440 407
441 408
441 409
441 410
441 411
441 412
441 413
442 414
442 415
442 416
442 417
443 418
443 419
443 420
443 421
444 422
444 423
444 424
444 425
445 426
446 427
446 428
446 429
447 430
447 431
447 432
447 433
448 434
448 435
449 436
450 437
451 438
452 438
453 439
454 439
455 439
456 439
457 439
458 439
459 439
460 439
461 439
462 439
463 439
464 439
465 439
466 439
467 439
468 439
469 439
470 439
471 440
472 440
473 440
474 440
475 441
476 441
477 442
478 442
479 442
480 442
481 443
482 443
483 443
484 443
485 443
486 443
487 443
488 443
489 443
490 443
491 443
492 443
493 443
494 443
495 443
496 443
497 443
498 443
499 443
500 443
501 443
502 443
503 443
504 443
505 443
506 443
507 443
508 443
509 443
510 443
511 443
512 443
513 443
514 443
515 444
516 444
517 445
518 445
519 446
520 446
521 447
522 447
523 447
524 447
525 447
526 447
527 447
528 447
529 447
530 447
531 447
532 447
533 447
534 447
535 447
536 447
537 447
538 447
539 447
540 447
541 447
542 447
543 448
544 448
545 448
546 448
547 449
548 449
549 449
550 449
551 449
552 449
553 449
554 449
555 449
556 449
557 448
558 448
559 448
560 448
561 447
562 447
563 447
564 447
565 447
566 447
567 447
568 447
569 446
570 446
571 446
572 446
573 445
574 445
575 445
576 445
577 445
578 445
579 445
580 445
581 445
582 445
583 445
584 445
585 445
586 445
587 445
588 445
589 445
590 445
591 445
592 445
593 445
594 445
595 445
596 445
597 445
598 445
599 445
600 445
601 445
602 445
603 444
604 444
605 444
606 444
607 443
608 443
609 443
610 443
611 443
612 443
613 443
614 443
615 443
616 443
617 443
618 443
619 443
620 443
621 443
622 443
623 443
624 443
625 443
626 443
627 443
628 443
629 443
630 443
631 443
632 443
633 443
634 443
635 443
636 443
637 443
638 443
639 443
640 443
641 443
642 443
643 443
644 443
645 443
646 443
647 443
648 443
649 443
650 443
651 443
652 443
653 443
654 443
655 443
656 443
657 443
658 443
659 442
660 442
661 442
662 442
663 441
664 441
665 441
666 441
667 441
668 441
669 441
670 441
671 441
672 441
673 441
674 441
675 441
676 441
677 441
678 441
679 441
680 441
681 440
682 440
683 439
684 439
685 438
686 438
687 438
688 438
689 438
690 438
691 439
692 439
693 439
694 439
695 439
696 439
697 439
698 439
699 439
700 439
701 439
702 439
703 439
704 439
705 440
706 440
707 440
708 440
709 441
710 441
711 441
712 441
713 441
714 441
715 441
716 441
716 440
716 439
716 438
716 437
716 436
717 435
718 435
719 435
720 435
721 434
722 434
723 434
724 434
725 433
726 432
727 431
728 430
729 429
729 428
730 427
730 426
731 425
731 424
731 423
732 422
733 421
733 420
734 419
735 418
735 417
736 416
737 415
738 414
739 413
739 412
739 411
739 410
740 409
740 408
740 407
740 406
740 405
740 404
740 403
740 402
739 401
739 400
738 399
737 398
737 397
736 397
735 396
735 395
734 395
733 394
733 393
732 393
731 392
731 391
730 391
729 390
728 389
727 389
726 388
725 388
724 388
723 388
722 387
721 387
720 386
719 386
718 385
717 385
716 384
715 384
714 383
713 383
712 383
711 383
710 382
709 382
708 382
707 382
706 382
705 382
704 381
703 381
702 381
701 380
700 379
699 379
698 378
697 378
696 377
695 377
694 376
693 376
692 376
691 376
690 376
689 376
688 376
687 376
686 375
685 375
684 375
683 375
682 374
681 374
680 374
679 374
678 373
677 373
676 373
675 373
674 372
673 372
672 372
671 372
670 372
669 372
668 371
667 371
666 371
665 371
664 370
663 370
662 370
661 370
660 369
659 369
658 369
657 369
656 368
655 368
654 367
653 367
652 367
651 367
650 366
649 366
648 366
647 366
646 365
645 365
644 365
643 365
642 364
641 364
640 364
639 364
638 364
637 364
636 363
635 363
634 363
633 363
632 362
631 362
630 362
629 362
628 362
627 362
626 362
625 362
624 362
623 362
622 362
621 362
620 362
619 362
618 362
617 362
616 362
615 362
614 362
613 362
612 362
611 362
610 362
609 362
608 362
607 362
606 362
605 362
604 361
603 361
602 361
601 361
600 360
599 360
598 360
597 360
596 360
595 360
594 360
593 360
592 360
591 360
590 360
589 360
588 360
587 360
586 360
585 360
584 360
583 360
582 360
581 360
580 360
579 360
578 360
577 360
576 360
575 360
574 360
573 360
572 360
571 360
