1125 3592
1124 3593
1123 3593
1122 3593
1121 3593
1120 3594
1119 3594
1118 3594
1117 3594
1116 3594
1115 3594
1114 3595
1113 3595
1112 3595
1111 3595
1110 3596
1109 3596
1108 3596
1107 3596
1106 3596
1105 3596
1104 3596
1103 3596
1102 3597
1101 3597
1100 3597
1099 3597
1098 3598
1097 3598
1096 3598
1095 3598
1094 3598
1093 3598
1092 3599
1091 3599
1090 3599
1089 3599
1088 3600
1087 3600
1086 3600
1085 3600
1084 3600
1083 3600
1082 3601
1081 3601
1080 3602
1079 3602
1078 3603
1077 3603
1076 3604
1075 3604
1074 3605
1073 3605
1072 3605
1071 3605
1070 3606
1069 3606
1068 3606
1067 3606
1066 3606
1065 3606
1064 3607
1063 3607
1062 3607
1061 3607
1060 3608
1059 3609
1058 3609
1057 3609
1056 3610
1055 3610
1054 3610
1053 3610
1052 3610
1051 3610
1050 3611
1049 3611
1048 3611
1047 3611
1046 3612
1045 3613
1044 3613
1043 3613
1042 3614
1041 3614
1040 3615
1039 3615
1038 3615
1037 3615
1036 3616
1035 3617
1034 3617
1033 3617
1032 3618
1031 3619
1030 3619
1029 3619
1028 3620
1027 3620
1026 3621
1025 3621
1024 3621
1023 3621
1022 3622
1021 3623
1020 3623
1019 3623
1018 3624
1017 3624
1016 3625
1015 3625
1014 3625
1013 3625
1012 3626
1011 3626
1010 3627
1009 3627
1008 3628
1007 3629
1006 3629
1005 3630
1004 3631
1003 3631
1002 3632
1001 3633
1000 3633
999 3633
998 3634
997 3635
996 3635
995 3635
994 3636
993 3637
992 3638
991 3639
990 3639
990 3640
989 3641
988 3641
988 3642
987 3643
986 3643
986 3644
985 3645
984 3645
984 3646
983 3647
982 3647
982 3648
981 3649
980 3650
979 3651
978 3652
978 3653
978 3654
977 3655
976 3656
976 3657
975 3658
975 3659
974 3660
973 3661
972 3662
972 3663
972 3664
971 3665
970 3666
970 3667
970 3668
969 3669
968 3670
968 3671
968 3672
968 3673
967 3674
967 3675
967 3676
967 3677
966 3678
966 3679
966 3680
966 3681
965 3682
965 3683
965 3684
965 3685
964 3686
964 3687
964 3688
964 3689
963 3690
963 3691
963 3692
963 3693
963 3694
963 3695
963 3696
963 3697
964 3698
964 3699
965 3700
966 3700
967 3701
968 3701
969 3701
970 3701
971 3701
972 3701
973 3701
974 3701
975 3701
976 3701
977 3701
978 3701
979 3701
980 3701
981 3701
982 3701
983 3701
984 3701
985 3701
986 3701
987 3701
988 3701
989 3701
990 3701
991 3701
992 3701
993 3701
994 3701
995 3701
996 3701
997 3701
998 3701
999 3701
1000 3701
1001 3701
1002 3701
1003 3701
1004 3701
1005 3701
1006 3701
1007 3700
1008 3700
1009 3700
1010 3700
1011 3699
1012 3699
1013 3699
1014 3699
1015 3699
1016 3699
1017 3699
1018 3699
1019 3699
1020 3699
1021 3699
1022 3699
1023 3699
1024 3699
1025 3699
1026 3699
1027 3699
1028 3699
1029 3699
1030 3699
1031 3699
1032 3699
1033 3699
1034 3699
1035 3699
1036 3699
1037 3699
1038 3699
1039 3699
1040 3699
1041 3699
1042 3699
1043 3700
1044 3700
1045 3700
1046 3700
1047 3701
1048 3701
1049 3701
1050 3701
1051 3701
1052 3701
1053 3701
1054 3701
1055 3701
1056 3701
1057 3702
1058 3702
1059 3702
1060 3702
1061 3703
1062 3703
1063 3703
1064 3703
1065 3703
1066 3703
1067 3703
1068 3703
1069 3703
1070 3703
1071 3703
1072 3703
1073 3703
1074 3703
1075 3703
1076 3703
1077 3703
1078 3703
1079 3703
1080 3703
1081 3703
1082 3703
1083 3703
1084 3703
1085 3703
1086 3703
1087 3702
1088 3702
1089 3702
1090 3702
1091 3701
1092 3701
1093 3701
1094 3701
1095 3701
1096 3701
1097 3700
1098 3700
1099 3700
1100 3700
1101 3699
1102 3699
1103 3698
1104 3698
1105 3698
1106 3698
1107 3697
1108 3697
1109 3697
1110 3697
1111 3697
1112 3697
1113 3696
1114 3696
1115 3696
1116 3696
1117 3695
1118 3695
1119 3695
1120 3695
1121 3694
1122 3694
1123 3694
1124 3694
1125 3693
1126 3693
1127 3693
1128 3693
1129 3694
1130 3694
1131 3694
1132 3695
1133 3696
1134 3696
1135 3696
1136 3696
1137 3697
1138 3697
1139 3697
1140 3697
1141 3697
1142 3697
1143 3697
1144 3697
1145 3698
1146 3698
1147 3698
1148 3698
1149 3699
1150 3699
1151 3700
1152 3700
1153 3700
1154 3700
1155 3701
1156 3701
1157 3701
1158 3701
1159 3701
1160 3701
1161 3701
1162 3701
1163 3701
1164 3701
1165 3701
1166 3701
1167 3702
1168 3702
1169 3702
1170 3702
1171 3703
1172 3703
1173 3703
1174 3703
1175 3703
1176 3703
1177 3703
1178 3703
1179 3703
1180 3703
1181 3704
1182 3704
1183 3704
1184 3705
1185 3706
1186 3706
1187 3707
1188 3708
1189 3708
1190 3709
1191 3710
1192 3710
1193 3711
1194 3711
1195 3711
1196 3711
1197 3711
1198 3711
1199 3711
1200 3711
1201 3711
1202 3711
1203 3710
1204 3710
1205 3710
1206 3710
1207 3709
1208 3709
1209 3709
1210 3709
1211 3709
1212 3709
1213 3709
1214 3709
1215 3709
1216 3709
1217 3709
1218 3709
1219 3710
1220 3710
1221 3710
1222 3710
1223 3711
1224 3711
1225 3711
1226 3711
1227 3711
1228 3711
1229 3711
1230 3711
1231 3710
1232 3710
1233 3710
1234 3710
1235 3709
1236 3708
1237 3708
1238 3708
1239 3707
1240 3707
1241 3707
1242 3707
1243 3706
1244 3706
1245 3706
1246 3706
1247 3705
1248 3705
1249 3704
1250 3704
1251 3703
1252 3703
1253 3702
1254 3702
1255 3701
1256 3701
1257 3700
1258 3700
1259 3699
1260 3698
1261 3698
1261 3697
1262 3696
1263 3696
1263 3695
1264 3694
1265 3694
1265 3693
1266 3692
1267 3692
1267 3691
1268 3690
1269 3689
1269 3688
1270 3687
1270 3686
1271 3685
1271 3684
1272 3683
1273 3682
1273 3681
1274 3680
1275 3680
1275 3679
1276 3678
1277 3677
1277 3676
1278 3675
1278 3674
1279 3673
1279 3672
1280 3671
1281 3670
1281 3669
1282 3668
1283 3667
1283 3666
1284 3665
1284 3664
1284 3663
1284 3662
1284 3661
1284 3660
1284 3659
1284 3658
1284 3657
1284 3656
1284 3655
1284 3654
1284 3653
1284 3652
1284 3651
1284 3650
1284 3649
1284 3648
1284 3647
1284 3646
1284 3645
1284 3644
1283 3643
1283 3642
1282 3641
1281 3640
1280 3639
1279 3638
1278 3637
1277 3637
1276 3636
1275 3636
1274 3635
1273 3634
1272 3633
1271 3633
1270 3633
1269 3632
1268 3631
1267 3631
1266 3631
1265 3631
1264 3630
1263 3630
1262 3629
1261 3629
1260 3628
1259 3627
1259 3626
1258 3625
1257 3624
1256 3623
1255 3622
1255 3621
1254 3621
1253 3620
1253 3619
1252 3619
1251 3618
1251 3617
1250 3617
1249 3616
1248 3615
1247 3615
1246 3614
1245 3614
1244 3614
1243 3614
1242 3614
1241 3614
1240 3613
1239 3613
1238 3612
1237 3612
1236 3611
1235 3611
1234 3610
1233 3610
1232 3609
1231 3609
1230 3609
1229 3608
1228 3607
1227 3607
1226 3607
1225 3606
1224 3605
1223 3605
1222 3605
1221 3605
1220 3604
1219 3604
1218 3604
1217 3604
1216 3603
1215 3603
1214 3602
1213 3601
1212 3601
1211 3600
1210 3599
1209 3599
1208 3598
1207 3598
1206 3598
1205 3598
1204 3597
1203 3597
1202 3597
1201 3597
1200 3596
1199 3596
1198 3595
1197 3595
1196 3595
1195 3595
1194 3594
1193 3594
1192 3594
1191 3594
1190 3594
1189 3594
1188 3593
1187 3593
1186 3593
1185 3593
1184 3592
1183 3592
1182 3592
1181 3592
1180 3592
1179 3592
1178 3592
1177 3592
1176 3592
1175 3592
1174 3592
1173 3592
1172 3592
1171 3592
1170 3592
1169 3592
1168 3592
1167 3592
1166 3592
1165 3592
1164 3592
1163 3592
1162 3592
1161 3592
1160 3592
1159 3592
1158 3592
1157 3592
1156 3592
1155 3592
1154 3592
1153 3592
1152 3592
1151 3592
1150 3592
1149 3592
1148 3592
1147 3592
1146 3592
1145 3592
1144 3592
1143 3592
1142 3592
1141 3592
1140 3592
1139 3592
1138 3592
1137 3592
1136 3592
1135 3592
1134 3592
1133 3592
1132 3592
1131 3592
1130 3592
1129 3592
1128 3592
1127 3592
1126 3592
1125 3592
