437 2649
436 2650
435 2650
434 2651
433 2652
432 2653
432 2654
431 2655
430 2656
429 2656
428 2657
427 2657
426 2657
425 2657
424 2657
423 2657
422 2657
421 2657
420 2657
419 2657
418 2657
417 2657
416 2657
415 2657
414 2657
413 2657
412 2657
411 2657
410 2658
409 2658
408 2658
407 2658
406 2659
405 2659
404 2659
403 2659
402 2659
401 2659
400 2659
399 2659
398 2659
397 2659
396 2659
395 2659
394 2660
393 2660
392 2660
391 2660
390 2661
389 2661
388 2661
387 2661
386 2661
385 2661
384 2661
383 2661
382 2661
381 2661
380 2661
379 2661
378 2661
377 2661
376 2661
375 2661
374 2660
373 2660
372 2660
371 2660
370 2659
369 2659
368 2660
367 2660
366 2660
365 2660
364 2661
363 2661
362 2661
361 2661
360 2661
359 2661
358 2662
357 2663
356 2664
355 2665
354 2666
353 2666
352 2667
351 2667
350 2668
349 2668
348 2668
347 2668
346 2669
345 2669
344 2669
343 2669
342 2669
341 2669
340 2669
339 2669
338 2669
337 2669
336 2669
335 2669
334 2668
333 2668
332 2668
331 2668
330 2667
329 2667
328 2667
327 2667
326 2667
325 2667
324 2667
323 2667
322 2667
321 2667
320 2667
319 2667
318 2667
317 2667
316 2667
315 2667
314 2667
313 2667
312 2667
311 2667
310 2667
309 2667
308 2667
307 2667
306 2667
305 2667
304 2667
303 2667
302 2668
301 2668
300 2668
299 2668
298 2669
297 2670
296 2671
295 2672
294 2673
293 2674
292 2675
292 2676
291 2677
290 2678
289 2678
288 2679
287 2680
286 2680
285 2680
284 2681
283 2682
282 2683
281 2684
280 2684
280 2685
279 2686
278 2686
278 2687
277 2688
276 2688
276 2689
275 2690
274 2690
274 2691
273 2692
272 2693
271 2694
270 2695
270 2696
269 2697
268 2698
268 2699
267 2700
266 2700
265 2701
264 2702
263 2702
262 2703
261 2704
260 2705
259 2706
258 2706
257 2707
256 2708
255 2708
254 2709
253 2709
252 2710
251 2710
250 2711
249 2712
248 2712
247 2713
246 2714
245 2714
244 2715
243 2716
242 2717
241 2718
240 2718
240 2719
239 2720
238 2720
238 2721
237 2722
236 2723
236 2724
235 2725
235 2726
235 2727
235 2728
235 2729
235 2730
235 2731
235 2732
236 2733
236 2734
236 2735
236 2736
237 2737
238 2738
238 2739
238 2740
239 2741
239 2742
239 2743
239 2744
240 2745
240 2746
240 2747
240 2748
241 2749
242 2750
243 2751
244 2752
245 2753
246 2754
247 2755
248 2755
249 2756
250 2756
251 2757
252 2757
253 2758
254 2758
255 2758
256 2758
257 2758
258 2758
259 2758
260 2758
261 2758
262 2758
263 2758
264 2758
265 2759
266 2759
267 2759
268 2759
269 2760
270 2760
271 2759
272 2759
273 2759
274 2759
275 2758
276 2757
277 2757
278 2757
279 2756
280 2756
281 2756
282 2756
283 2755
284 2755
285 2755
286 2755
287 2754
288 2754
289 2755
290 2755
291 2755
292 2755
293 2756
294 2756
295 2757
296 2757
297 2758
298 2759
299 2759
300 2760
300 2761
301 2761
302 2762
302 2763
303 2763
304 2764
305 2765
306 2765
307 2766
308 2766
309 2767
310 2767
311 2768
312 2769
313 2769
314 2770
315 2771
316 2771
317 2772
318 2772
319 2772
320 2772
321 2772
322 2772
323 2772
324 2772
325 2772
326 2772
327 2773
328 2773
329 2773
330 2773
331 2774
332 2774
333 2774
334 2774
335 2774
336 2774
337 2775
338 2775
339 2775
340 2775
341 2776
342 2776
343 2776
344 2776
345 2775
346 2775
347 2775
348 2775
349 2774
350 2774
351 2774
352 2774
353 2774
354 2774
355 2774
356 2774
357 2774
358 2774
359 2773
360 2773
361 2773
362 2773
363 2772
364 2772
365 2772
366 2772
367 2771
368 2771
369 2771
370 2771
371 2770
372 2770
373 2770
374 2770
375 2770
376 2770
377 2770
378 2770
379 2770
380 2770
381 2770
382 2770
383 2770
384 2770
385 2770
386 2770
387 2770
388 2770
389 2769
390 2769
391 2769
392 2769
393 2768
394 2768
395 2767
396 2767
397 2767
398 2767
399 2767
400 2767
401 2767
402 2767
403 2768
404 2768
405 2768
406 2768
407 2768
408 2768
409 2768
410 2768
411 2768
412 2768
413 2768
414 2768
415 2768
416 2768
417 2768
418 2768
419 2768
420 2768
421 2769
422 2769
423 2769
424 2769
425 2770
426 2770
427 2770
428 2770
429 2771
430 2771
431 2771
432 2771
433 2772
434 2772
435 2772
436 2772
437 2772
438 2772
439 2772
440 2772
441 2772
442 2772
443 2772
444 2772
445 2772
446 2772
447 2772
448 2772
449 2772
450 2772
451 2772
452 2772
453 2772
454 2772
455 2771
456 2771
457 2772
458 2772
458 2771
459 2770
460 2770
461 2771
462 2771
463 2770
464 2770
465 2769
466 2769
467 2769
468 2769
469 2768
470 2768
471 2768
472 2768
473 2768
474 2768
475 2767
476 2767
477 2766
478 2766
479 2765
480 2765
481 2764
482 2763
483 2763
484 2763
485 2762
486 2762
487 2761
488 2761
489 2760
490 2760
491 2759
492 2759
493 2758
494 2758
495 2757
496 2757
497 2757
498 2757
499 2756
500 2755
501 2755
502 2755
503 2754
504 2754
505 2754
506 2754
507 2754
508 2754
509 2754
510 2754
511 2753
512 2753
513 2752
514 2751
515 2751
516 2750
517 2749
518 2749
519 2748
520 2747
521 2746
522 2745
523 2744
523 2743
524 2742
524 2741
525 2740
525 2739
525 2738
526 2737
527 2736
527 2735
527 2734
527 2733
528 2732
528 2731
528 2730
528 2729
528 2728
528 2727
528 2726
528 2725
528 2724
528 2723
528 2722
528 2721
528 2720
528 2719
528 2718
528 2717
528 2716
528 2715
528 2714
528 2713
528 2712
528 2711
528 2710
528 2709
527 2708
527 2707
527 2706
527 2705
526 2704
526 2703
526 2702
526 2701
525 2700
525 2699
524 2698
524 2697
523 2696
523 2695
522 2694
521 2693
520 2692
520 2691
519 2690
519 2689
518 2688
518 2687
517 2686
517 2685
516 2684
515 2683
515 2682
514 2682
513 2681
513 2680
512 2679
511 2678
511 2677
510 2676
509 2675
508 2674
508 2673
507 2672
507 2671
506 2670
505 2669
504 2668
503 2668
502 2667
501 2667
500 2667
499 2667
498 2667
497 2667
496 2667
495 2667
494 2666
493 2666
492 2665
491 2664
490 2664
489 2663
489 2662
488 2662
487 2661
487 2660
486 2660
485 2659
484 2658
483 2657
482 2656
481 2656
480 2656
479 2656
478 2655
477 2655
476 2655
475 2655
474 2655
473 2655
472 2655
471 2655
470 2655
469 2655
468 2655
467 2655
466 2654
465 2654
464 2654
463 2654
462 2653
461 2653
460 2652
459 2652
458 2652
457 2652
456 2651
455 2651
454 2651
453 2651
452 2651
451 2651
450 2651
449 2651
448 2651
447 2651
446 2651
445 2651
444 2651
443 2651
442 2650
441 2650
440 2650
439 2650
438 2649
437 2649
