1045 730
1044 731
1043 731
1042 732
1041 732
1040 733
1039 733
1038 734
1037 735
1036 736
1035 737
1034 737
1034 738
1033 739
1032 740
1031 741
1030 742
1030 743
1029 744
1028 745
1027 745
1026 746
1025 746
1024 746
1023 746
1022 746
1021 746
1020 745
1019 745
1018 745
1017 745
1016 744
1015 744
1014 744
1013 744
1012 744
1011 744
1010 744
1009 744
1008 744
1007 744
1006 744
1005 744
1004 744
1003 744
1002 744
1001 744
1000 744
999 744
998 744
997 744
996 744
995 744
994 744
993 744
992 744
991 744
990 744
989 744
988 744
987 744
986 744
985 744
984 744
983 744
982 744
981 744
980 744
979 744
978 744
977 744
976 744
975 744
974 744
973 744
972 744
971 744
970 744
969 744
968 744
967 744
966 744
965 744
964 744
963 744
962 744
961 744
960 744
959 744
958 744
957 744
956 744
955 744
954 744
953 744
952 744
951 744
950 744
949 744
948 744
947 744
946 744
945 744
944 744
943 744
942 745
941 745
940 745
939 745
938 746
937 746
936 746
935 746
934 745
933 745
932 745
931 745
930 744
929 744
928 744
927 744
926 744
925 744
924 744
923 744
922 744
921 744
920 744
919 744
918 744
917 744
916 744
915 744
914 744
913 744
912 744
911 744
910 744
909 744
908 744
907 744
906 744
905 744
904 744
903 744
902 744
901 744
900 744
899 744
898 744
897 744
896 744
895 744
894 744
893 744
892 744
891 744
890 744
889 744
888 744
887 744
886 744
885 744
884 744
883 744
882 744
881 744
880 744
879 744
878 744
877 744
876 744
875 744
874 744
873 744
872 744
871 744
870 744
869 744
868 744
867 744
866 744
865 744
864 744
863 744
862 744
861 744
860 744
859 744
858 744
857 744
856 744
855 744
854 744
853 744
852 744
851 744
850 744
849 744
848 744
847 744
846 744
845 744
844 744
843 744
842 744
841 744
840 744
839 744
838 744
837 744
836 744
835 744
834 744
833 744
832 744
831 744
830 744
829 744
828 744
827 744
826 744
825 744
824 744
823 744
822 744
821 744
820 744
819 744
818 744
817 744
816 744
815 744
814 744
813 744
812 744
811 744
810 744
809 744
808 744
807 744
806 744
805 744
804 744
803 744
802 744
801 744
800 744
799 744
798 744
797 744
796 744
795 744
794 744
793 744
792 744
791 744
790 744
789 744
788 744
787 744
786 744
785 744
784 744
783 744
782 744
781 744
780 744
779 744
778 744
777 744
776 744
775 744
774 744
773 744
772 744
771 744
770 744
769 744
768 744
767 744
766 744
765 744
764 744
763 744
762 744
761 744
760 744
759 744
758 744
757 744
756 744
755 744
754 744
753 744
752 744
751 744
750 744
749 744
748 744
747 744
746 744
745 744
744 744
743 744
742 744
741 744
740 744
739 744
738 744
737 744
736 744
735 744
734 744
733 744
732 744
731 744
730 744
729 744
728 744
727 744
726 744
725 744
724 744
723 744
722 744
721 744
720 744
719 744
718 744
717 744
716 744
715 744
714 744
713 744
712 744
711 744
710 744
709 744
708 744
707 744
706 744
705 744
704 745
703 745
702 745
701 745
700 746
699 746
698 746
697 746
696 746
695 746
694 747
693 747
692 747
691 747
690 748
689 748
688 748
687 748
686 748
685 748
684 748
683 748
682 748
681 748
680 749
679 749
678 749
677 749
676 750
675 751
674 752
673 753
672 753
672 754
671 755
670 755
669 756
668 757
667 757
666 757
665 757
664 757
663 757
662 756
661 756
660 756
659 756
658 756
657 756
656 756
655 756
654 756
653 756
652 756
651 756
650 756
649 756
648 755
647 755
646 755
645 755
644 754
643 754
642 754
641 754
640 754
639 754
638 754
637 754
636 754
635 754
634 754
633 754
632 754
631 754
630 754
629 754
628 754
627 754
626 754
625 754
624 754
623 754
622 754
621 754
620 754
619 754
618 754
617 754
616 754
615 754
614 754
613 754
612 754
611 754
610 754
609 754
608 754
607 754
606 754
605 754
604 754
603 754
602 755
601 755
600 755
599 755
598 756
597 756
596 756
595 756
594 756
593 756
592 756
591 756
590 756
589 756
588 756
587 756
586 756
585 756
584 756
583 756
582 756
581 756
580 756
579 756
578 756
577 756
576 756
575 756
574 757
573 757
572 757
571 757
570 758
569 758
568 758
567 758
566 758
565 758
564 758
563 758
562 758
561 758
560 758
559 758
558 759
557 759
556 760
555 761
554 761
554 762
553 763
552 764
552 765
551 766
551 767
550 768
550 769
549 770
548 771
548 772
547 773
546 773
546 774
545 775
544 775
544 776
543 777
542 777
542 778
541 779
540 779
540 780
539 781
538 781
538 782
537 783
536 783
536 784
535 785
534 786
533 787
532 788
532 789
532 790
531 791
530 792
530 793
529 794
528 795
528 796
527 797
526 797
526 798
525 799
524 799
524 800
523 801
522 801
522 802
521 803
520 803
520 804
519 805
518 805
518 806
517 807
516 807
516 808
515 809
514 809
514 810
513 811
512 811
512 812
511 813
510 813
510 814
509 815
508 816
508 817
507 818
507 819
506 820
506 821
505 822
504 823
503 824
502 825
501 825
500 826
499 827
498 828
497 829
496 829
496 830
495 831
494 831
493 832
492 833
491 833
490 834
489 835
488 836
487 837
486 837
486 838
485 839
484 839
484 840
483 841
482 841
481 842
480 843
479 843
478 844
477 845
476 846
475 847
474 847
474 848
473 849
472 849
472 850
471 851
470 851
470 852
469 853
468 853
468 854
467 855
466 855
466 856
465 857
464 857
464 858
463 859
462 859
462 860
461 861
460 861
460 862
459 863
458 863
458 864
457 865
456 866
456 867
455 868
455 869
454 870
454 871
453 872
452 873
451 873
450 874
449 875
448 875
447 875
446 876
445 876
444 876
443 876
442 876
441 876
440 876
439 876
438 876
437 876
436 877
435 877
434 877
433 877
432 878
431 879
430 880
429 881
428 881
427 882
426 883
425 883
424 884
423 885
422 886
421 887
420 887
420 888
419 889
418 889
418 890
417 891
416 891
416 892
415 893
414 893
414 894
413 895
412 895
412 896
411 897
410 898
409 899
408 900
408 901
407 902
406 903
406 904
405 905
404 905
404 906
403 907
402 907
402 908
401 909
400 909
400 910
399 911
398 911
397 912
396 913
395 913
394 914
393 914
392 914
391 914
390 915
389 915
388 915
387 915
386 916
385 917
384 917
383 917
382 918
381 919
380 920
379 921
378 921
377 922
376 923
375 923
374 924
373 925
372 926
371 926
370 927
369 927
368 928
367 929
366 930
365 931
364 931
364 932
363 933
362 933
361 934
360 935
359 935
358 936
357 937
356 937
355 937
354 938
353 939
352 940
351 941
350 941
349 942
348 943
347 943
346 944
345 945
344 946
343 947
342 947
342 948
341 949
340 950
340 951
339 952
339 953
339 954
339 955
339 956
339 957
339 958
339 959
339 960
339 961
339 962
339 963
339 964
339 965
339 966
339 967
339 968
339 969
339 970
339 971
339 972
339 973
339 974
339 975
339 976
339 977
339 978
339 979
339 980
339 981
340 982
340 983
340 984
340 985
341 986
341 987
341 988
341 989
341 990
341 991
341 992
341 993
342 994
342 995
342 996
342 997
343 998
343 999
344 1000
344 1001
345 1002
346 1003
346 1004
347 1004
348 1005
348 1006
349 1006
350 1007
350 1008
351 1009
352 1010
352 1011
353 1012
353 1013
354 1014
354 1015
355 1016
356 1017
356 1018
357 1018
358 1019
358 1020
359 1020
360 1021
361 1022
362 1023
363 1024
364 1024
365 1025
366 1025
367 1026
368 1027
369 1028
370 1028
371 1029
372 1029
373 1030
374 1031
375 1032
376 1032
377 1033
378 1033
379 1034
380 1034
381 1035
382 1035
383 1036
384 1036
385 1036
386 1037
387 1038
388 1038
389 1038
390 1038
391 1039
392 1039
393 1039
394 1039
395 1039
396 1039
397 1039
398 1039
399 1040
400 1040
401 1040
402 1041
403 1042
404 1042
405 1042
406 1043
407 1044
408 1044
409 1045
410 1046
411 1046
412 1047
413 1048
414 1049
415 1050
416 1050
417 1050
418 1051
419 1052
420 1052
421 1052
422 1052
423 1053
424 1053
425 1054
426 1054
427 1054
428 1054
429 1055
430 1055
431 1056
432 1056
433 1056
434 1057
435 1058
436 1058
437 1058
438 1059
439 1060
440 1060
441 1060
442 1061
443 1062
444 1062
445 1062
446 1062
447 1063
448 1063
449 1064
450 1064
451 1064
452 1064
453 1065
454 1065
455 1065
456 1065
457 1066
458 1066
459 1067
460 1067
461 1068
462 1068
463 1069
464 1069
465 1069
466 1069
467 1069
468 1069
469 1069
470 1069
471 1070
472 1070
473 1071
474 1071
475 1072
476 1072
477 1073
478 1073
479 1073
480 1073
481 1073
482 1073
483 1074
484 1074
485 1074
486 1074
487 1075
488 1075
489 1075
490 1075
491 1076
492 1076
493 1076
494 1076
495 1077
496 1077
497 1077
498 1077
499 1077
500 1077
501 1077
502 1077
503 1077
504 1077
505 1078
506 1078
507 1078
508 1078
509 1079
510 1079
511 1079
512 1079
513 1079
514 1079
515 1079
516 1079
517 1079
518 1079
519 1079
520 1079
521 1079
522 1079
523 1079
524 1079
525 1079
526 1079
527 1080
528 1080
529 1081
530 1082
531 1082
532 1083
532 1084
533 1084
534 1085
534 1086
535 1086
536 1087
537 1088
538 1089
539 1090
540 1090
541 1091
542 1092
542 1093
543 1094
544 1095
545 1096
546 1097
546 1098
547 1098
548 1099
549 1100
550 1100
551 1101
552 1101
553 1102
554 1102
555 1102
556 1102
557 1103
558 1103
559 1104
560 1104
561 1104
562 1105
563 1106
564 1106
565 1106
566 1107
567 1108
568 1108
569 1108
570 1109
571 1110
572 1110
573 1110
574 1111
575 1112
576 1112
577 1112
578 1112
579 1113
580 1113
581 1114
582 1114
583 1114
584 1114
585 1115
586 1115
587 1115
588 1115
589 1115
590 1115
591 1116
592 1116
593 1117
594 1117
595 1118
596 1118
597 1119
598 1119
599 1119
600 1119
601 1120
602 1120
603 1120
604 1121
605 1122
606 1122
607 1122
608 1122
609 1123
610 1123
611 1124
612 1124
613 1124
614 1124
615 1125
616 1125
617 1125
618 1125
619 1126
620 1126
621 1126
622 1127
623 1128
624 1128
625 1128
626 1128
627 1129
628 1129
629 1130
630 1130
631 1130
632 1130
633 1131
634 1131
635 1131
636 1131
637 1131
638 1131
639 1132
640 1132
641 1132
642 1133
643 1134
644 1134
645 1134
646 1134
647 1135
648 1135
649 1136
650 1136
651 1136
652 1136
653 1137
654 1137
655 1138
656 1138
657 1138
658 1138
659 1139
660 1139
661 1140
662 1140
663 1140
664 1141
665 1142
666 1142
667 1143
668 1143
669 1144
670 1144
671 1145
672 1145
673 1146
674 1146
675 1147
676 1147
677 1148
678 1148
679 1149
680 1149
681 1149
682 1149
683 1150
684 1150
685 1150
686 1151
687 1152
688 1152
689 1152
690 1152
691 1153
692 1153
693 1154
694 1154
695 1154
696 1154
697 1155
698 1155
699 1155
700 1155
701 1155
702 1155
703 1155
704 1155
705 1155
706 1155
707 1155
708 1155
709 1155
710 1155
711 1155
712 1155
713 1154
714 1154
715 1154
716 1154
717 1153
718 1153
719 1153
720 1153
721 1153
722 1153
723 1153
724 1153
725 1153
726 1153
727 1153
728 1153
729 1153
730 1153
731 1153
732 1153
733 1153
734 1153
735 1153
736 1153
737 1154
738 1154
739 1154
740 1154
741 1155
742 1155
743 1155
744 1155
745 1155
746 1155
747 1155
748 1155
749 1155
750 1155
751 1155
752 1155
753 1155
754 1155
755 1155
756 1155
757 1155
758 1155
759 1155
760 1155
761 1155
762 1155
763 1155
764 1155
765 1155
766 1155
767 1155
768 1155
769 1155
770 1155
771 1155
772 1155
773 1155
774 1155
775 1155
776 1155
777 1155
778 1155
779 1155
780 1155
781 1155
782 1155
783 1155
784 1155
785 1155
786 1155
787 1155
788 1155
789 1155
790 1155
791 1155
792 1155
793 1155
794 1155
795 1155
796 1155
797 1156
798 1156
799 1156
800 1156
801 1157
802 1157
803 1157
804 1157
805 1157
806 1157
807 1157
808 1157
809 1157
810 1157
811 1157
812 1157
813 1157
814 1157
815 1157
816 1157
817 1157
818 1157
819 1157
820 1157
821 1157
822 1157
823 1157
824 1157
825 1157
826 1157
827 1157
828 1157
829 1157
830 1157
831 1157
832 1157
833 1157
834 1157
835 1157
836 1157
837 1157
838 1157
839 1158
840 1158
841 1158
842 1158
843 1159
844 1159
845 1159
846 1159
847 1159
848 1159
849 1159
850 1159
851 1159
852 1159
853 1159
854 1159
855 1159
856 1159
857 1159
858 1159
859 1159
860 1159
861 1159
862 1159
863 1159
864 1159
865 1159
866 1159
867 1159
868 1159
869 1159
870 1159
871 1159
872 1159
873 1159
874 1159
875 1159
876 1159
877 1158
878 1158
879 1158
880 1158
881 1157
882 1157
883 1157
884 1157
885 1157
886 1157
887 1157
888 1157
889 1157
890 1157
891 1157
892 1157
893 1157
894 1157
895 1157
896 1157
897 1157
898 1157
899 1157
900 1157
901 1157
902 1157
903 1157
904 1157
905 1156
906 1156
907 1156
908 1156
909 1155
910 1155
911 1155
912 1155
913 1155
914 1155
915 1155
916 1155
917 1155
918 1155
919 1155
920 1155
921 1155
922 1155
923 1155
924 1155
925 1155
926 1155
927 1155
928 1155
929 1155
930 1155
931 1155
932 1155
933 1155
934 1155
935 1154
936 1154
937 1154
938 1154
939 1153
940 1153
941 1153
942 1153
943 1153
944 1153
945 1153
946 1153
947 1152
948 1152
949 1152
950 1152
951 1151
952 1151
953 1151
954 1151
955 1151
956 1151
957 1151
958 1151
959 1151
960 1151
961 1151
962 1151
963 1152
964 1152
965 1152
966 1152
967 1153
968 1153
969 1153
970 1153
971 1153
972 1153
973 1153
974 1153
975 1154
976 1154
977 1154
978 1154
979 1155
980 1155
981 1155
982 1155
983 1155
984 1155
985 1156
986 1156
987 1157
988 1157
989 1158
990 1158
991 1159
992 1159
993 1159
994 1159
995 1160
996 1160
997 1160
998 1160
999 1161
1000 1161
1001 1161
1002 1161
1003 1161
1004 1161
1005 1161
1006 1161
1007 1161
1008 1161
1009 1161
1010 1161
1011 1161
1012 1161
1013 1161
1014 1161
1015 1161
1016 1161
1017 1161
1018 1161
1019 1161
1020 1161
1021 1161
1022 1161
1023 1161
1024 1161
1025 1161
1026 1161
1027 1161
1028 1161
1029 1161
1030 1161
1031 1161
1032 1161
1033 1161
1034 1161
1035 1161
1036 1161
1037 1161
1038 1161
1039 1161
1040 1161
1041 1161
1042 1161
1043 1161
1044 1161
1045 1161
1046 1161
1047 1161
1048 1161
1049 1161
1050 1161
1051 1161
1052 1161
1053 1160
1054 1160
1055 1159
1056 1158
1057 1158
1057 1157
1058 1156
1059 1156
1059 1155
1060 1154
1061 1154
1062 1153
1063 1152
1064 1152
1065 1151
1066 1151
1067 1151
1068 1151
1069 1151
1070 1151
1071 1151
1072 1151
1073 1151
1074 1151
1075 1151
1076 1151
1077 1151
1078 1151
1079 1152
1080 1152
1081 1152
1082 1152
1083 1153
1084 1153
1085 1154
1086 1154
1087 1154
1088 1154
1089 1155
1090 1155
1091 1156
1092 1156
1093 1156
1094 1156
1095 1157
1096 1157
1097 1158
1098 1158
1099 1158
1100 1158
1101 1159
1102 1159
1103 1159
1104 1159
1105 1159
1106 1159
1107 1159
1108 1159
1109 1159
1110 1159
1111 1160
1112 1160
1113 1160
1114 1160
1115 1161
1116 1161
1117 1161
1118 1161
1119 1161
1120 1161
1121 1161
1122 1161
1123 1161
1124 1161
1125 1162
1126 1162
1127 1162
1128 1162
1129 1163
1130 1163
1131 1163
1132 1163
1133 1163
1134 1163
1135 1163
1136 1163
1137 1163
1138 1163
1139 1163
1140 1163
1141 1163
1142 1163
1143 1163
1144 1163
1145 1163
1146 1163
1147 1163
1148 1163
1149 1163
1150 1163
1151 1163
1152 1163
1153 1163
1154 1163
1155 1163
1156 1163
1157 1163
1158 1163
1159 1163
1160 1163
1161 1163
1162 1163
1163 1163
1164 1163
1165 1163
1166 1163
1167 1163
1168 1163
1169 1163
1170 1163
1171 1162
1172 1162
1173 1162
1174 1162
1175 1161
1176 1160
1177 1160
1178 1160
1179 1159
1180 1159
1181 1159
1182 1159
1183 1158
1184 1158
1185 1157
1186 1157
1187 1156
1188 1156
1189 1155
1190 1155
1191 1155
1192 1155
1193 1154
1194 1154
1195 1153
1196 1152
1197 1152
1197 1151
1198 1150
1199 1150
1199 1149
1200 1148
1201 1148
1201 1147
1202 1146
1203 1146
1204 1145
1205 1144
1206 1144
1207 1143
1208 1143
1209 1142
1210 1142
1211 1142
1212 1142
1213 1141
1214 1141
1215 1140
1216 1140
1217 1139
1218 1138
1219 1137
1219 1136
1220 1135
1221 1134
1221 1133
1222 1132
1223 1132
1223 1131
1224 1130
1225 1130
1225 1129
1226 1128
1227 1128
1227 1127
1228 1126
1229 1126
1229 1125
1230 1124
1231 1124
1231 1123
1232 1122
1233 1122
1233 1121
1234 1120
1235 1120
1235 1119
1236 1118
1237 1117
1238 1116
1239 1115
1239 1114
1239 1113
1239 1112
1240 1111
1240 1110
1241 1109
1241 1108
1241 1107
1242 1106
1243 1105
1243 1104
1243 1103
1244 1102
1245 1101
1245 1100
1245 1099
1246 1098
1247 1097
1247 1096
1247 1095
1247 1094
1248 1093
1248 1092
1249 1091
1249 1090
1250 1089
1250 1088
1251 1087
1252 1086
1253 1085
1253 1084
1253 1083
1254 1082
1255 1081
1255 1080
1256 1079
1256 1078
1257 1077
1258 1076
1259 1075
1259 1074
1259 1073
1259 1072
1260 1071
1260 1070
1260 1069
1260 1068
1260 1067
1260 1066
1259 1065
1259 1064
1259 1063
1259 1062
1258 1061
1258 1060
1258 1059
1258 1058
1258 1057
1258 1056
1258 1055
1258 1054
1259 1053
1259 1052
1260 1051
1260 1050
1261 1049
1261 1048
1262 1047
1262 1046
1262 1045
1262 1044
1261 1043
1261 1042
1261 1041
1261 1040
1260 1039
1260 1038
1260 1037
1260 1036
1260 1035
1260 1034
1260 1033
1260 1032
1260 1031
1260 1030
1260 1029
1260 1028
1260 1027
1260 1026
1260 1025
1260 1024
1260 1023
1260 1022
1260 1021
1260 1020
1260 1019
1260 1018
1260 1017
1260 1016
1260 1015
1260 1014
1260 1013
1260 1012
1259 1011
1259 1010
1259 1009
1259 1008
1258 1007
1257 1006
1257 1005
1257 1004
1256 1003
1256 1002
1256 1001
1256 1000
1256 999
1256 998
1256 997
1256 996
1256 995
1256 994
1256 993
1256 992
1256 991
1256 990
1256 989
1256 988
1256 987
1256 986
1256 985
1256 984
1256 983
1256 982
1255 981
1255 980
1255 979
1255 978
1254 977
1254 976
1254 975
1254 974
1254 973
1254 972
1255 971
1255 970
1255 969
1255 968
1256 967
1256 966
1257 965
1257 964
1257 963
1257 962
1258 961
1258 960
1258 959
1258 958
1258 957
1258 956
1258 955
1258 954
1258 953
1258 952
1258 951
1258 950
1258 949
1258 948
1259 947
1259 946
1259 945
1259 944
1260 943
1260 942
1260 941
1260 940
1260 939
1260 938
1260 937
1260 936
1260 935
1260 934
1260 933
1260 932
1260 931
1260 930
1260 929
1260 928
1260 927
1260 926
1260 925
1260 924
1260 923
1260 922
1260 921
1260 920
1260 919
1260 918
1260 917
1260 916
1260 915
1260 914
1260 913
1260 912
1260 911
1260 910
1261 909
1261 908
1261 907
1261 906
1262 905
1262 904
1262 903
1262 902
1262 901
1262 900
1262 899
1262 898
1262 897
1262 896
1262 895
1262 894
1262 893
1262 892
1262 891
1262 890
1262 889
1262 888
1262 887
1262 886
1262 885
1262 884
1262 883
1262 882
1261 881
1261 880
1261 879
1261 878
1260 877
1260 876
1260 875
1260 874
1260 873
1260 872
1260 871
1260 870
1260 869
1260 868
1259 867
1259 866
1259 865
1259 864
1258 863
1258 862
1257 861
1257 860
1256 859
1255 858
1255 857
1254 857
1253 856
1253 855
1252 854
1251 853
1251 852
1250 851
1250 850
1250 849
1250 848
1249 847
1249 846
1249 845
1249 844
1248 843
1248 842
1248 841
1248 840
1248 839
1248 838
1248 837
1248 836
1247 835
1247 834
1246 833
1245 832
1244 831
1243 831
1242 830
1241 830
1240 830
1239 830
1238 829
1237 829
1236 828
1235 827
1234 827
1233 826
1232 825
1231 824
1230 823
1229 823
1228 822
1227 821
1226 821
1225 820
1224 819
1223 818
1222 817
1221 817
1220 817
1219 816
1218 815
1217 815
1216 815
1215 814
1214 813
1213 813
1212 812
1211 812
1210 811
1209 810
1208 809
1207 809
1206 808
1205 807
1204 807
1203 806
1203 805
1202 805
1201 804
1201 803
1200 803
1199 802
1199 801
1198 801
1197 800
1196 799
1195 798
1194 797
1193 797
1192 797
1191 796
1190 795
1189 795
1188 795
1187 794
1186 793
1185 793
1184 792
1183 792
1182 791
1181 790
1180 789
1179 789
1178 788
1177 788
1176 787
1175 787
1174 786
1173 786
1172 785
1171 785
1170 784
1169 784
1168 783
1167 782
1166 781
1165 781
1164 781
1163 780
1162 779
1161 779
1160 778
1159 778
1158 777
1157 776
1156 775
1155 775
1154 775
1153 775
1152 774
1151 774
1150 774
1149 774
1148 773
1147 773
1146 772
1145 771
1144 771
1143 770
1142 769
1141 768
1140 767
1139 767
1138 767
1137 767
1136 766
1135 766
1134 765
1133 765
1132 765
1131 764
1130 763
1129 763
1128 762
1127 762
1126 761
1125 760
1124 759
1123 759
1122 758
1121 758
1120 757
1119 757
1118 756
1117 756
1116 755
1115 755
1114 754
1113 754
1112 753
1111 753
1110 752
1109 752
1108 751
1107 751
1106 751
1105 750
1104 749
1103 749
1102 748
1101 748
1100 747
1099 747
1098 746
1097 746
1096 746
1095 746
1094 745
1093 745
1092 744
1091 744
1090 743
1089 742
1088 741
1087 741
1086 740
1085 740
1084 739
1083 738
1082 737
1081 737
1080 737
1079 736
1078 735
1077 735
1076 735
1075 735
1074 734
1073 734
1072 734
1071 734
1070 734
1069 734
1068 733
1067 733
1066 733
1065 732
1064 731
1063 731
1062 731
1061 731
1060 730
1059 730
1058 730
1057 730
1056 730
1055 730
1054 730
1053 730
1052 730
1051 730
1050 730
1049 730
1048 730
1047 730
1046 730
1045 730
