1371 753
1370 754
1369 754
1368 755
1367 755
1366 756
1365 756
1364 757
1363 758
1362 759
1361 759
1360 760
1359 760
1358 761
1357 761
1356 761
1355 761
1354 761
1353 761
1352 761
1351 761
1350 761
1349 761
1348 761
1347 761
1346 761
1345 761
1344 761
1343 761
1342 761
1341 761
1340 762
1339 762
1338 762
1337 762
1336 763
1335 763
1334 764
1333 764
1332 764
1331 764
1330 765
1329 765
1328 765
1327 765
1326 765
1325 765
1324 766
1323 766
1322 766
1321 766
1320 767
1319 768
1318 769
1317 769
1316 770
1315 770
1314 771
1313 772
1312 772
1311 772
1310 773
1309 773
1308 773
1307 773
1306 773
1305 773
1304 773
1303 773
1302 773
1301 773
1300 773
1299 773
1298 774
1297 774
1296 774
1295 774
1294 775
1293 776
1292 777
1291 778
1290 779
1289 780
1288 781
1287 781
1286 781
1285 781
1284 781
1283 781
1282 781
1281 781
1280 781
1279 781
1278 781
1277 781
1276 781
1275 781
1274 781
1273 781
1272 781
1271 781
1270 781
1269 781
1268 781
1267 781
1266 781
1265 781
1264 781
1263 781
1262 781
1261 781
1260 781
1259 781
1258 781
1257 781
1256 781
1255 781
1254 781
1253 781
1252 781
1251 781
1250 781
1249 781
1248 781
1247 781
1246 781
1245 781
1244 781
1243 781
1242 781
1241 781
1240 781
1239 781
1238 781
1237 781
1236 781
1235 781
1234 781
1233 781
1232 781
1231 781
1230 781
1229 781
1228 781
1227 781
1226 782
1225 782
1224 783
1223 784
1222 784
1222 785
1221 786
1220 786
1220 787
1219 788
1218 788
1218 789
1217 790
1216 790
1216 791
1215 792
1214 793
1213 794
1212 795
1212 796
1212 797
1211 798
1210 799
1210 800
1210 801
1209 802
1208 803
1207 804
1206 805
1205 805
1204 806
1203 806
1202 806
1201 806
1200 807
1199 807
1198 808
1197 808
1196 808
1195 808
1194 809
1193 810
1192 810
1191 810
1190 811
1189 812
1188 813
1187 814
1186 814
1186 815
1185 816
1184 816
1184 817
1183 818
1182 818
1182 819
1181 820
1180 820
1180 821
1179 822
1178 822
1177 823
1176 824
1175 824
1174 825
1173 826
1172 827
1171 827
1170 828
1169 828
1168 829
1167 830
1166 830
1165 830
1164 831
1163 831
1162 832
1161 832
1160 833
1159 834
1158 834
1158 835
1157 836
1156 837
1155 838
1154 839
1154 840
1154 841
1154 842
1153 843
1153 844
1153 845
1153 846
1153 847
1153 848
1153 849
1153 850
1153 851
1153 852
1152 853
1152 854
1151 855
1150 856
1149 857
1148 858
1147 858
1146 859
1145 860
1144 860
1143 860
1142 861
1141 862
1140 862
1139 862
1138 863
1137 863
1136 863
1135 863
1134 864
1133 864
1132 864
1131 864
1130 865
1129 866
1128 867
1127 868
1126 868
1126 869
1125 870
1124 870
1124 871
1123 872
1122 872
1122 873
1121 874
1120 875
1119 876
1118 877
1118 878
1117 879
1117 880
1116 881
1115 882
1114 883
1114 884
1113 885
1113 886
1112 887
1112 888
1111 889
1111 890
1110 891
1110 892
1110 893
1110 894
1109 895
1109 896
1109 897
1109 898
1108 899
1108 900
1108 901
1108 902
1107 903
1107 904
1106 905
1106 906
1105 907
1105 908
1104 909
1104 910
1103 911
1103 912
1103 913
1103 914
1103 915
1103 916
1102 917
1102 918
1101 919
1100 920
1100 921
1099 922
1098 923
1098 924
1097 925
1097 926
1098 927
1098 928
1098 929
1098 930
1099 931
1100 932
1101 933
1102 934
1102 935
1103 935
1104 936
1104 937
1105 937
1106 938
1107 939
1108 939
1109 940
1110 940
1111 941
1112 941
1113 942
1114 942
1115 943
1116 944
1117 945
1118 945
1119 946
1120 947
1120 948
1121 949
1121 950
1121 951
1121 952
1121 953
1121 954
1121 955
1121 956
1121 957
1121 958
1122 959
1122 960
1123 961
1124 962
1124 963
1125 963
1126 964
1126 965
1127 965
1128 966
1129 967
1130 968
1131 969
1132 969
1133 970
1134 970
1135 971
1136 972
1137 973
1138 973
1139 973
1140 974
1141 975
1142 975
1143 976
1144 976
1145 977
1146 977
1147 978
1148 978
1149 979
1150 979
1151 980
1152 980
1153 981
1154 981
1155 982
1156 982
1157 983
1158 983
1159 984
1160 984
1161 985
1162 985
1163 986
1164 986
1165 987
1166 987
1167 988
1168 988
1169 989
1170 989
1171 990
1172 990
1173 991
1174 991
1175 992
1176 992
1177 993
1178 994
1179 995
1180 995
1181 996
1182 997
1183 997
1184 998
1184 999
1185 999
1186 1000
1186 1001
1187 1001
1188 1002
1188 1003
1189 1003
1190 1004
1191 1005
1192 1006
1193 1007
1194 1007
1195 1008
1196 1009
1197 1009
1198 1010
1199 1011
1200 1011
1201 1012
1202 1012
1203 1012
1204 1012
1205 1013
1206 1013
1207 1013
1208 1013
1209 1014
1210 1014
1211 1014
1212 1014
1213 1013
1214 1013
1215 1013
1216 1013
1217 1012
1218 1012
1219 1012
1220 1012
1221 1012
1222 1012
1223 1012
1224 1012
1225 1012
1226 1012
1227 1011
1228 1011
1229 1011
1230 1011
1231 1010
1232 1010
1233 1010
1234 1010
1235 1010
1236 1010
1237 1010
1238 1010
1239 1009
1240 1009
1241 1009
1242 1009
1243 1008
1244 1008
1245 1008
1246 1008
1247 1008
1248 1008
1249 1008
1250 1008
1251 1008
1252 1008
1253 1008
1254 1008
1255 1008
1256 1008
1257 1008
1258 1008
1259 1008
1260 1008
1261 1008
1262 1008
1263 1008
1264 1008
1265 1008
1266 1008
1267 1008
1268 1008
1269 1008
1270 1008
1271 1008
1272 1008
1273 1008
1274 1008
1275 1008
1276 1008
1277 1008
1278 1008
1279 1008
1280 1008
1281 1008
1282 1008
1283 1008
1284 1008
1285 1008
1286 1008
1287 1008
1288 1008
1289 1008
1290 1008
1291 1008
1292 1008
1293 1009
1294 1009
1295 1010
1296 1011
1297 1011
1298 1012
1298 1013
1299 1013
1300 1014
1301 1015
1302 1016
1303 1017
1304 1017
1305 1018
1306 1019
1307 1019
1308 1020
1309 1021
1310 1022
1311 1023
1312 1023
1313 1024
1314 1025
1315 1025
1316 1026
1316 1027
1317 1027
1318 1028
1319 1029
1320 1029
1321 1030
1322 1030
1323 1030
1324 1030
1325 1030
1326 1030
1327 1030
1328 1030
1329 1031
1330 1031
1331 1032
1332 1032
1333 1033
1334 1033
1335 1034
1336 1034
1337 1034
1338 1034
1339 1034
1340 1034
1341 1034
1342 1034
1343 1034
1344 1034
1345 1033
1346 1033
1347 1033
1348 1033
1349 1032
1350 1032
1351 1032
1352 1032
1353 1032
1354 1032
1355 1031
1356 1031
1357 1031
1358 1031
1359 1030
1360 1030
1361 1030
1362 1030
1363 1029
1364 1029
1365 1029
1366 1029
1367 1028
1368 1027
1369 1027
1370 1027
1371 1026
1372 1026
1373 1025
1374 1025
1375 1025
1376 1025
1377 1024
1378 1023
1379 1023
1380 1023
1381 1022
1382 1021
1383 1020
1384 1019
1385 1019
1386 1018
1387 1017
1388 1017
1389 1016
1390 1016
1391 1015
1392 1015
1393 1014
1394 1014
1395 1013
1396 1013
1397 1012
1398 1011
1399 1011
1400 1011
1401 1010
1402 1009
1403 1009
1404 1009
1405 1008
1406 1007
1407 1006
1408 1006
1409 1005
1410 1005
1411 1004
1412 1003
1413 1002
1414 1002
1415 1001
1416 1001
1417 1000
1418 999
1419 998
1420 998
1421 997
1422 997
1423 996
1424 995
1425 995
1426 995
1427 994
1428 994
1429 993
1430 993
1431 993
1432 993
1433 992
1434 992
1435 991
1436 991
1437 991
1438 991
1439 990
1440 990
1441 990
1442 990
1443 990
1444 990
1445 990
1446 990
1447 991
1448 991
1449 991
1450 991
1451 992
1452 992
1453 992
1454 992
1455 992
1456 992
1457 992
1458 992
1459 992
1460 992
1461 992
1462 992
1463 992
1464 992
1465 992
1466 992
1467 992
1468 992
1469 992
1470 992
1471 992
1472 992
1473 992
1474 992
1475 992
1476 992
1477 992
1478 992
1479 992
1480 992
1481 992
1482 992
1483 992
1484 992
1485 992
1486 992
1487 992
1488 992
1489 992
1490 992
1491 992
1492 992
1493 992
1494 992
1495 992
1496 992
1497 992
1498 992
1499 992
1500 992
1501 992
1502 992
1503 992
1504 992
1505 992
1506 992
1507 992
1508 992
1509 992
1510 992
1511 992
1512 992
1513 992
1514 992
1515 992
1516 992
1517 992
1518 992
1519 992
1520 992
1521 992
1522 992
1523 992
1524 992
1525 992
1526 992
1527 992
1528 992
1529 992
1530 992
1531 992
1532 992
1533 992
1534 992
1535 992
1536 992
1537 992
1538 992
1539 992
1540 992
1541 992
1542 992
1543 992
1544 992
1545 992
1546 992
1547 992
1548 992
1549 992
1550 992
1551 993
1552 993
1553 994
1554 994
1555 995
1556 995
1557 996
1558 996
1559 996
1560 996
1561 996
1562 996
1563 996
1564 996
1565 996
1566 996
1567 996
1568 996
1569 995
1570 995
1571 995
1572 995
1573 994
1574 994
1575 994
1576 994
1577 994
1578 994
1579 993
1580 993
1581 993
1582 993
1583 992
1584 992
1585 992
1586 992
1587 992
1588 992
1589 992
1590 992
1591 992
1592 992
1593 992
1594 992
1595 992
1596 992
1597 992
1598 992
1599 992
1600 992
1601 992
1602 992
1603 992
1604 992
1605 992
1606 992
1607 992
1608 992
1609 992
1610 992
1611 992
1612 992
1613 992
1614 992
1615 992
1616 992
1617 991
1618 991
1619 991
1620 991
1621 990
1622 990
1623 990
1624 990
1625 990
1626 990
1627 990
1628 990
1629 990
1630 990
1631 990
1632 990
1633 990
1634 990
1635 990
1636 990
1637 990
1638 990
1639 989
1640 989
1641 989
1642 989
1643 988
1644 988
1645 988
1646 988
1647 988
1648 988
1649 988
1650 988
1651 988
1652 988
1653 988
1654 988
1655 988
1656 988
1657 988
1658 988
1659 988
1660 988
1661 988
1662 988
1663 988
1664 988
1665 988
1666 988
1667 988
1668 988
1669 988
1670 988
1671 988
1672 988
1673 988
1674 988
1675 988
1676 988
1677 988
1678 988
1679 988
1680 988
1681 988
1682 988
1683 988
1684 988
1685 987
1686 987
1687 987
1688 987
1689 986
1690 986
1691 986
1692 986
1693 986
1694 986
1695 986
1696 986
1697 986
1698 986
1699 985
1700 985
1701 985
1702 985
1703 984
1704 984
1705 983
1706 983
1707 983
1708 983
1709 982
1710 981
1711 981
1712 981
1713 980
1714 979
1715 978
1716 978
1717 977
1718 977
1719 976
1720 976
1721 975
1722 975
1723 975
1724 975
1725 974
1726 974
1727 973
1728 973
1729 973
1730 973
1731 972
1732 971
1733 970
1734 970
1735 969
1736 969
1737 968
1738 968
1739 968
1740 968
1741 967
1742 967
1743 966
1744 965
1745 965
1745 964
1746 963
1747 963
1748 962
1749 961
1750 961
1751 960
1752 959
1753 959
1754 959
1755 958
1756 957
1757 957
1758 957
1759 956
1760 956
1761 956
1762 956
1763 956
1764 956
1765 956
1766 956
1767 955
1768 955
1769 954
1770 953
1771 953
1772 952
1773 951
1774 951
1775 950
1776 950
1777 950
1778 950
1779 949
1780 949
1781 949
1782 949
1783 948
1784 948
1785 948
1786 948
1787 948
1788 948
1789 947
1790 947
1791 947
1792 947
1793 946
1794 946
1795 946
1796 946
1797 946
1798 946
1799 945
1800 945
1801 944
1802 944
1803 943
1804 943
1805 942
1806 942
1807 942
1808 942
1809 942
1810 942
1811 941
1812 941
1813 941
1814 941
1815 940
1816 940
1817 940
1818 940
1819 940
1820 940
1821 940
1822 940
1823 939
1824 939
1825 938
1826 938
1827 937
1828 937
1829 936
1830 936
1831 936
1832 936
1833 936
1834 936
1835 936
1836 936
1837 936
1838 936
1839 936
1840 936
1841 936
1842 936
1843 936
1844 936
1845 936
1846 936
1847 936
1848 936
1849 936
1850 936
1851 937
1852 937
1853 937
1854 937
1855 938
1856 938
1857 938
1858 938
1859 938
1860 938
1861 938
1862 938
1863 938
1864 938
1865 939
1866 939
1867 939
1868 940
1869 941
1870 941
1871 941
1872 941
1873 942
1874 942
1875 942
1876 942
1877 941
1878 941
1879 940
1880 940
1881 939
1882 939
1883 938
1884 937
1885 937
1886 937
1887 936
1888 935
1889 934
1890 934
1891 933
1892 933
1893 932
1894 932
1895 931
1896 931
1897 931
1898 931
1899 930
1900 930
1901 930
1902 930
1903 930
1904 930
1905 930
1906 930
1907 930
1908 930
1909 930
1910 930
1911 930
1912 930
1913 930
1914 930
1915 930
1916 930
1917 929
1918 929
1919 928
1919 927
1920 926
1920 925
1920 924
1920 923
1920 922
1920 921
1920 920
1920 919
1919 918
1919 917
1919 916
1919 915
1918 914
1918 913
1918 912
1918 911
1917 910
1917 909
1917 908
1917 907
1916 906
1916 905
1915 904
1915 903
1914 902
1914 901
1913 900
1913 899
1912 898
1911 897
1911 896
1911 895
1910 894
1909 893
1909 892
1909 891
1908 890
1907 889
1906 888
1906 887
1905 886
1905 885
1904 884
1903 883
1902 882
1902 881
1901 880
1901 879
1900 878
1899 877
1899 876
1899 875
1898 874
1897 873
1897 872
1897 871
1896 870
1895 869
1894 868
1893 867
1893 866
1892 866
1891 865
1891 864
1890 864
1889 863
1889 862
1888 862
1887 861
1887 860
1886 860
1885 859
1885 858
1884 858
1883 857
1883 856
1882 856
1881 855
1881 854
1880 854
1879 853
1879 852
1878 852
1877 851
1877 850
1876 850
1875 849
1875 848
1874 848
1873 847
1873 846
1872 846
1871 845
1871 844
1870 844
1869 843
1869 842
1868 842
1867 841
1867 840
1866 840
1865 839
1865 838
1864 837
1863 836
1863 835
1862 834
1861 833
1860 832
1859 831
1859 830
1858 830
1857 829
1857 828
1856 828
1855 827
1855 826
1854 826
1853 825
1853 824
1852 824
1851 823
1851 822
1850 822
1849 821
1849 820
1848 820
1847 819
1847 818
1846 818
1845 817
1845 816
1844 816
1843 815
1842 814
1841 814
1840 813
1839 813
1838 812
1837 812
1836 811
1835 811
1834 810
1833 809
1832 808
1831 808
1830 808
1829 807
1828 806
1827 806
1826 805
1825 804
1824 804
1823 803
1823 802
1822 802
1821 801
1820 800
1819 800
1818 799
1817 799
1816 798
1815 798
1814 797
1813 796
1812 796
1811 795
1810 794
1809 793
1808 792
1807 792
1806 791
1805 791
1804 790
1803 789
1802 788
1801 788
1800 787
1799 787
1798 786
1797 785
1796 784
1795 784
1794 784
1793 784
1792 783
1791 783
1790 782
1789 782
1788 782
1787 782
1786 781
1785 781
1784 780
1783 780
1782 780
1781 779
1780 778
1779 778
1778 778
1777 777
1776 776
1775 776
1774 776
1773 776
1772 775
1771 775
1770 775
1769 775
1768 775
1767 775
1766 775
1765 775
1764 776
1763 776
1762 776
1761 776
1760 777
1759 777
1758 777
1757 777
1756 777
1755 777
1754 778
1753 778
1752 778
1751 778
1750 779
1749 779
1748 779
1747 779
1746 779
1745 779
1744 779
1743 779
1742 779
1741 779
1740 779
1739 779
1738 779
1737 779
1736 779
1735 779
1734 779
1733 779
1732 779
1731 779
1730 779
1729 779
1728 779
1727 779
1726 779
1725 779
1724 779
1723 779
1722 779
1721 779
1720 779
1719 779
1718 779
1717 779
1716 779
1715 779
1714 779
1713 779
1712 779
1711 779
1710 779
1709 779
1708 779
1707 779
1706 778
1705 778
1704 778
1703 778
1702 777
1701 777
1700 777
1699 777
1698 777
1697 777
1696 777
1695 777
1694 777
1693 777
1692 776
1691 776
1690 776
1689 776
1688 775
1687 775
1686 775
1685 775
1684 775
1683 775
1682 775
1681 775
1680 775
1679 775
1678 774
1677 774
1676 774
1675 774
1674 773
1673 773
1672 773
1671 773
1670 773
1669 773
1668 773
1667 773
1666 772
1665 772
1664 772
1663 772
1662 771
1661 771
1660 771
1659 771
1658 771
1657 771
1656 770
1655 770
1654 770
1653 770
1652 769
1651 769
1650 769
1649 769
1648 769
1647 769
1646 768
1645 768
1644 768
1643 767
1642 766
1641 766
1640 766
1639 766
1638 765
1637 765
1636 765
1635 765
1634 765
1633 765
1632 765
1631 765
1630 765
1629 765
1628 765
1627 765
1626 765
1625 765
1624 764
1623 764
1622 764
1621 764
1620 763
1619 763
1618 763
1617 763
1616 763
1615 763
1614 763
1613 763
1612 763
1611 763
1610 763
1609 763
1608 763
1607 763
1606 763
1605 763
1604 763
1603 763
1602 763
1601 763
1600 763
1599 763
1598 763
1597 763
1596 763
1595 763
1594 763
1593 763
1592 763
1591 763
1590 763
1589 763
1588 763
1587 763
1586 763
1585 763
1584 763
1583 763
1582 763
1581 763
1580 763
1579 763
1578 763
1577 763
1576 763
1575 763
1574 763
1573 763
1572 763
1571 763
1570 763
1569 763
1568 763
1567 763
1566 763
1565 763
1564 763
1563 763
1562 763
1561 763
1560 763
1559 763
1558 762
1557 762
1556 762
1555 762
1554 761
1553 761
1552 761
1551 761
1550 761
1549 761
1548 760
1547 760
1546 760
1545 760
1544 759
1543 759
1542 759
1541 759
1540 759
1539 759
1538 759
1537 759
1536 759
1535 759
1534 759
1533 759
1532 759
1531 759
1530 759
1529 759
1528 759
1527 759
1526 759
1525 759
1524 759
1523 759
1522 759
1521 759
1520 759
1519 759
1518 759
1517 759
1516 759
1515 759
1514 759
1513 759
1512 759
1511 759
1510 759
1509 759
1508 759
1507 759
1506 759
1505 759
1504 759
1503 759
1502 759
1501 759
1500 759
1499 759
1498 758
1497 758
1496 758
1495 758
1494 757
1493 757
1492 757
1491 757
1490 757
1489 757
1488 757
1487 757
1486 757
1485 757
1484 757
1483 757
1482 757
1481 757
1480 757
1479 757
1478 757
1477 757
1476 757
1475 757
1474 756
1473 756
1472 756
1471 756
1470 755
1469 755
1468 755
1467 755
1466 755
1465 755
1464 755
1463 755
1462 755
1461 755
1460 754
1459 754
1458 754
1457 754
1456 754
1455 754
1454 754
1453 754
1452 755
1451 755
1450 755
1449 755
1448 755
1447 755
1446 755
1445 755
1444 755
1443 755
1442 754
1441 754
1440 754
1439 754
1438 753
1437 753
1436 753
1435 753
1434 753
1433 753
1432 753
1431 753
1430 753
1429 753
1428 753
1427 753
1426 754
1425 754
1424 754
1423 754
1422 755
1421 756
1420 757
1419 757
1418 758
1417 758
1416 759
1415 760
1414 761
1413 761
1412 762
1411 762
1410 763
1409 764
1408 764
1407 764
1406 765
1405 765
1404 764
1403 764
1402 763
1401 762
1400 762
1399 761
1398 760
1397 760
1396 759
1395 759
1394 759
1393 759
1392 759
1391 759
1390 759
1389 759
1388 758
1387 758
1386 757
1385 756
1384 756
1383 755
1382 754
1381 754
1380 753
1379 753
1378 753
1377 753
1376 753
1375 753
1374 753
1373 753
1372 753
1371 753
