398 1402
397 1403
396 1403
395 1403
394 1403
393 1404
392 1404
391 1404
390 1404
389 1404
388 1404
387 1405
386 1405
385 1406
384 1406
383 1407
382 1407
381 1408
380 1408
379 1408
378 1408
377 1408
376 1408
375 1408
374 1408
373 1409
372 1409
371 1410
370 1411
369 1411
369 1412
368 1413
367 1413
367 1414
366 1415
365 1415
365 1416
364 1417
363 1417
363 1418
362 1419
361 1419
361 1420
360 1421
359 1421
359 1422
358 1423
357 1423
356 1424
355 1425
354 1425
353 1426
352 1426
351 1426
350 1426
349 1426
348 1426
347 1427
346 1427
345 1427
344 1427
343 1428
342 1429
341 1430
340 1431
339 1431
339 1432
338 1433
337 1433
336 1434
335 1435
334 1435
333 1436
332 1437
331 1438
330 1439
329 1440
329 1441
328 1442
328 1443
328 1444
328 1445
327 1446
326 1446
325 1446
324 1446
323 1446
322 1446
321 1447
320 1447
319 1448
318 1449
317 1450
317 1451
316 1452
316 1453
317 1454
317 1455
317 1456
317 1457
318 1458
318 1459
319 1460
319 1461
320 1462
321 1463
321 1464
322 1465
323 1466
323 1467
324 1468
324 1469
324 1470
324 1471
325 1472
325 1473
325 1474
325 1475
326 1476
327 1477
328 1478
329 1479
329 1480
330 1481
331 1482
331 1483
332 1484
332 1485
333 1486
333 1487
334 1488
335 1489
335 1490
336 1491
337 1492
337 1493
338 1494
338 1495
338 1496
338 1497
338 1498
338 1499
338 1500
338 1501
338 1502
338 1503
338 1504
338 1505
338 1506
338 1507
338 1508
338 1509
339 1510
339 1511
340 1512
341 1513
342 1514
343 1515
344 1516
345 1516
346 1516
347 1516
348 1517
349 1517
350 1517
351 1517
352 1517
353 1517
354 1517
355 1517
356 1518
357 1518
358 1519
359 1520
360 1520
361 1521
362 1522
363 1522
364 1523
365 1523
366 1523
367 1523
368 1523
369 1523
370 1523
371 1523
372 1524
373 1525
374 1526
375 1527
376 1528
377 1528
378 1529
379 1529
380 1529
381 1529
382 1529
383 1529
384 1529
385 1529
386 1529
387 1529
388 1529
389 1529
390 1528
391 1527
392 1527
393 1526
394 1525
395 1525
396 1525
397 1525
398 1525
399 1525
400 1525
401 1525
402 1525
403 1525
404 1525
405 1525
406 1525
407 1525
408 1525
409 1525
410 1526
411 1527
412 1527
413 1528
414 1528
415 1528
416 1528
417 1528
418 1528
419 1528
420 1529
421 1529
422 1530
423 1530
424 1531
425 1531
426 1531
427 1531
428 1531
429 1531
430 1530
431 1530
432 1530
433 1530
434 1529
435 1529
436 1529
437 1529
438 1529
439 1529
440 1528
441 1527
442 1527
443 1526
444 1525
445 1525
446 1526
447 1526
448 1527
449 1528
450 1528
451 1529
452 1530
453 1531
454 1532
455 1532
456 1533
457 1534
457 1535
458 1536
459 1537
460 1538
461 1539
462 1540
463 1540
464 1541
465 1541
466 1541
467 1541
468 1541
469 1541
470 1541
471 1541
472 1541
473 1541
474 1541
475 1541
476 1541
477 1541
478 1541
479 1541
480 1541
481 1541
482 1541
483 1541
484 1541
485 1541
486 1541
487 1541
488 1541
489 1541
490 1541
491 1541
492 1541
493 1541
494 1541
495 1541
496 1541
497 1541
498 1541
499 1541
500 1541
501 1541
502 1541
503 1541
504 1541
505 1541
506 1541
507 1541
508 1541
509 1541
510 1541
511 1541
512 1541
513 1541
514 1542
515 1542
516 1542
517 1542
518 1543
519 1543
520 1543
521 1543
522 1543
523 1543
524 1543
525 1543
526 1543
527 1543
528 1543
529 1543
530 1543
531 1543
532 1542
533 1542
534 1542
535 1542
536 1541
537 1541
538 1541
539 1541
540 1541
541 1541
542 1540
543 1540
544 1540
545 1540
546 1539
547 1539
548 1539
549 1539
550 1538
551 1538
552 1538
553 1538
554 1537
555 1537
556 1536
557 1536
558 1536
559 1536
560 1535
561 1535
562 1535
563 1535
564 1535
565 1535
566 1534
567 1534
568 1533
569 1532
570 1532
570 1531
571 1530
572 1530
572 1529
573 1528
574 1527
574 1526
575 1525
575 1524
576 1523
576 1522
577 1521
577 1520
578 1519
579 1518
580 1517
580 1516
581 1515
581 1514
582 1513
583 1512
584 1511
584 1510
584 1509
585 1508
585 1507
585 1506
585 1505
585 1504
585 1503
585 1502
585 1501
585 1500
585 1499
585 1498
585 1497
585 1496
585 1495
585 1494
585 1493
585 1492
584 1491
584 1490
584 1489
584 1488
583 1487
583 1486
583 1485
583 1484
583 1483
583 1482
583 1481
583 1480
583 1479
583 1478
582 1477
582 1476
582 1475
582 1474
581 1473
581 1472
581 1471
581 1470
581 1469
581 1468
581 1467
581 1466
581 1465
581 1464
581 1463
581 1462
580 1461
580 1460
579 1459
579 1458
578 1457
578 1456
577 1455
576 1454
575 1453
575 1452
574 1451
574 1450
573 1449
572 1448
571 1447
570 1446
570 1445
569 1444
568 1443
568 1442
567 1441
566 1440
566 1439
566 1438
565 1437
564 1436
564 1435
564 1434
563 1433
562 1432
561 1431
560 1430
560 1429
559 1429
558 1428
557 1427
556 1427
555 1426
554 1426
553 1425
552 1425
551 1425
550 1425
549 1424
548 1424
547 1423
546 1423
545 1423
544 1423
543 1422
542 1422
541 1422
540 1422
539 1422
538 1422
537 1422
536 1422
535 1422
534 1422
533 1421
532 1421
531 1421
530 1421
529 1420
528 1420
527 1420
526 1420
525 1420
524 1420
523 1420
522 1420
521 1420
520 1420
519 1420
518 1420
517 1420
516 1420
515 1420
514 1420
513 1420
512 1420
511 1419
510 1419
509 1419
508 1419
507 1418
506 1418
505 1418
504 1418
503 1417
502 1417
501 1417
500 1417
499 1416
498 1416
497 1416
496 1416
495 1416
494 1416
493 1416
492 1416
491 1416
490 1416
489 1416
488 1416
487 1416
486 1416
485 1416
484 1416
483 1416
482 1416
481 1416
480 1416
479 1415
478 1415
477 1415
476 1415
475 1414
474 1414
473 1414
472 1414
471 1413
470 1413
469 1413
468 1413
467 1412
466 1412
465 1412
464 1412
463 1412
462 1412
461 1412
460 1412
459 1411
458 1411
457 1410
456 1409
455 1409
454 1408
453 1407
452 1407
451 1406
450 1406
449 1406
448 1406
447 1405
446 1405
445 1404
444 1404
443 1403
442 1403
441 1402
440 1402
439 1402
438 1402
437 1402
436 1402
435 1402
434 1402
433 1402
432 1402
431 1402
430 1402
429 1402
428 1402
427 1403
426 1403
425 1404
424 1404
423 1405
422 1405
421 1406
420 1406
419 1406
418 1406
417 1406
416 1406
415 1405
414 1405
413 1404
412 1404
411 1403
410 1403
409 1402
408 1402
407 1402
406 1402
405 1402
404 1402
403 1402
402 1402
401 1402
400 1402
399 1402
398 1402
