1626 1393
1625 1394
1624 1394
1623 1394
1622 1394
1621 1395
1620 1395
1619 1395
1618 1395
1617 1395
1616 1395
1615 1395
1614 1395
1613 1395
1612 1395
1611 1396
1610 1396
1609 1396
1608 1396
1607 1397
1606 1397
1605 1397
1604 1397
1603 1397
1602 1397
1601 1396
1600 1396
1599 1396
1598 1396
1597 1395
1596 1395
1595 1395
1594 1395
1593 1395
1592 1395
1591 1395
1590 1395
1589 1395
1588 1395
1587 1395
1586 1395
1585 1395
1584 1395
1583 1396
1582 1396
1581 1396
1580 1396
1579 1397
1578 1397
1577 1397
1576 1397
1575 1397
1574 1397
1573 1397
1572 1397
1571 1398
1570 1398
1569 1399
1568 1399
1567 1400
1566 1400
1565 1401
1564 1401
1563 1401
1562 1401
1561 1402
1560 1402
1559 1402
1558 1402
1557 1403
1556 1404
1555 1405
1554 1406
1553 1406
1553 1407
1552 1408
1551 1409
1550 1410
1549 1411
1549 1412
1549 1413
1549 1414
1548 1415
1548 1416
1548 1417
1548 1418
1548 1419
1548 1420
1548 1421
1548 1422
1548 1423
1548 1424
1548 1425
1548 1426
1548 1427
1548 1428
1548 1429
1548 1430
1548 1431
1548 1432
1548 1433
1548 1434
1548 1435
1548 1436
1549 1437
1549 1438
1549 1439
1549 1440
1550 1441
1550 1442
1550 1443
1550 1444
1550 1445
1550 1446
1550 1447
1550 1448
1551 1449
1551 1450
1551 1451
1551 1452
1552 1453
1552 1454
1552 1455
1552 1456
1553 1457
1553 1458
1553 1459
1553 1460
1554 1461
1554 1462
1554 1463
1554 1464
1554 1465
1554 1466
1554 1467
1554 1468
1554 1469
1554 1470
1554 1471
1554 1472
1554 1473
1554 1474
1554 1475
1554 1476
1555 1477
1555 1478
1555 1479
1555 1480
1556 1481
1556 1482
1557 1483
1557 1484
1558 1485
1559 1486
1559 1487
1560 1487
1561 1488
1562 1489
1563 1489
1564 1490
1565 1490
1566 1490
1567 1490
1568 1491
1569 1491
1570 1492
1571 1492
1572 1493
1573 1493
1574 1494
1575 1494
1576 1494
1577 1494
1578 1495
1579 1495
1580 1495
1581 1495
1582 1496
1583 1496
1584 1497
1585 1497
1586 1497
1587 1497
1588 1498
1589 1498
1590 1499
1591 1499
1592 1500
1593 1501
1594 1501
1595 1502
1596 1503
1597 1503
1598 1504
1599 1504
1600 1505
1601 1505
1602 1505
1603 1505
1604 1506
1605 1506
1606 1507
1607 1507
1608 1508
1609 1509
1610 1509
1611 1510
1612 1511
1613 1511
1614 1512
1615 1512
1616 1512
1617 1512
1618 1512
1619 1512
1620 1512
1621 1512
1622 1512
1623 1512
1624 1512
1625 1512
1626 1512
1627 1512
1628 1512
1629 1512
1630 1512
1631 1512
1632 1512
1633 1512
1634 1512
1635 1512
1636 1512
1637 1512
1638 1512
1639 1512
1640 1512
1641 1512
1642 1512
1643 1512
1644 1512
1645 1512
1646 1513
1647 1513
1648 1514
1649 1515
1650 1515
1651 1516
1651 1517
1652 1518
1653 1519
1653 1520
1654 1521
1655 1522
1656 1523
1657 1523
1658 1524
1659 1524
1660 1525
1661 1525
1662 1525
1663 1525
1664 1526
1665 1526
1666 1526
1667 1526
1668 1526
1669 1526
1670 1526
1671 1526
1672 1525
1673 1525
1674 1525
1675 1525
1676 1524
1677 1524
1678 1524
1679 1524
1680 1524
1681 1524
1682 1523
1683 1523
1684 1523
1685 1523
1686 1522
1687 1522
1688 1522
1689 1522
1690 1521
1691 1521
1692 1521
1693 1521
1694 1520
1695 1520
1696 1520
1697 1520
1698 1520
1699 1520
1700 1520
1701 1520
1702 1519
1703 1519
1704 1519
1705 1519
1706 1518
1707 1518
1708 1518
1709 1518
1710 1518
1711 1518
1712 1517
1713 1517
1714 1517
1715 1517
1716 1516
1717 1516
1718 1516
1719 1516
1720 1516
1721 1516
1722 1516
1723 1516
1724 1517
1725 1517
1726 1518
1727 1518
1728 1519
1729 1520
1730 1521
1731 1521
1732 1522
1733 1523
1734 1523
1735 1524
1735 1525
1736 1525
1737 1526
1737 1527
1738 1527
1739 1528
1739 1529
1740 1529
1741 1530
1742 1531
1743 1532
1744 1533
1745 1533
1746 1533
1747 1533
1748 1534
1749 1534
1750 1534
1751 1534
1752 1533
1753 1533
1754 1533
1755 1533
1756 1532
1757 1532
1758 1532
1759 1532
1760 1532
1761 1532
1762 1531
1763 1531
1764 1530
1765 1529
1766 1529
1766 1528
1767 1527
1768 1527
1768 1526
1769 1525
1770 1525
1770 1524
1771 1523
1772 1523
1772 1522
1773 1521
1774 1521
1774 1520
1775 1519
1776 1519
1777 1518
1778 1517
1779 1517
1780 1516
1781 1515
1782 1514
1783 1513
1784 1513
1784 1512
1785 1511
1786 1510
1787 1509
1788 1508
1788 1507
1789 1506
1790 1505
1791 1504
1792 1503
1793 1503
1794 1502
1795 1502
1796 1502
1797 1502
1798 1501
1799 1501
1800 1500
1801 1500
1802 1499
1803 1499
1804 1498
1805 1498
1806 1497
1807 1497
1808 1497
1809 1497
1810 1496
1811 1495
1812 1495
1813 1495
1814 1494
1815 1494
1816 1493
1817 1493
1818 1493
1819 1493
1820 1492
1821 1492
1822 1492
1823 1492
1824 1491
1825 1491
1826 1490
1827 1489
1828 1489
1828 1488
1829 1487
1830 1487
1830 1486
1831 1485
1832 1485
1832 1484
1833 1483
1834 1483
1834 1482
1835 1481
1836 1481
1836 1480
1837 1479
1838 1479
1838 1478
1839 1477
1840 1476
1841 1475
1842 1474
1842 1473
1843 1472
1843 1471
1844 1470
1844 1469
1845 1468
1845 1467
1845 1466
1845 1465
1845 1464
1845 1463
1845 1462
1845 1461
1845 1460
1845 1459
1844 1458
1844 1457
1844 1456
1844 1455
1843 1454
1842 1453
1842 1452
1842 1451
1841 1450
1841 1449
1841 1448
1841 1447
1841 1446
1841 1445
1841 1444
1841 1443
1841 1442
1841 1441
1841 1440
1841 1439
1840 1438
1840 1437
1839 1436
1839 1435
1838 1434
1838 1433
1837 1432
1836 1431
1835 1430
1834 1429
1834 1428
1833 1428
1832 1427
1832 1426
1831 1426
1830 1425
1830 1424
1829 1424
1828 1423
1827 1422
1826 1422
1825 1421
1824 1421
1823 1421
1822 1421
1821 1421
1820 1421
1819 1421
1818 1421
1817 1421
1816 1421
1815 1420
1814 1420
1813 1419
1812 1418
1811 1418
1810 1417
1810 1416
1809 1416
1808 1415
1808 1414
1807 1414
1806 1413
1806 1412
1805 1412
1804 1411
1804 1410
1803 1410
1802 1409
1802 1408
1801 1408
1800 1407
1799 1406
1798 1406
1797 1405
1796 1405
1795 1405
1794 1405
1793 1405
1792 1405
1791 1405
1790 1405
1789 1405
1788 1405
1787 1405
1786 1405
1785 1405
1784 1405
1783 1405
1782 1405
1781 1404
1780 1404
1779 1403
1778 1403
1777 1402
1776 1402
1775 1401
1774 1401
1773 1401
1772 1401
1771 1401
1770 1401
1769 1401
1768 1401
1767 1401
1766 1401
1765 1401
1764 1401
1763 1401
1762 1401
1761 1401
1760 1401
1759 1401
1758 1401
1757 1401
1756 1401
1755 1401
1754 1401
1753 1402
1752 1402
1751 1402
1750 1402
1749 1403
1748 1403
1747 1403
1746 1403
1745 1403
1744 1403
1743 1403
1742 1403
1741 1403
1740 1403
1739 1403
1738 1403
1737 1403
1736 1403
1735 1402
1734 1402
1733 1402
1732 1402
1731 1401
1730 1401
1729 1401
1728 1401
1727 1401
1726 1401
1725 1401
1724 1401
1723 1401
1722 1401
1721 1401
1720 1401
1719 1401
1718 1401
1717 1401
1716 1401
1715 1401
1714 1401
1713 1401
1712 1401
1711 1401
1710 1401
1709 1401
1708 1401
1707 1401
1706 1401
1705 1401
1704 1401
1703 1401
1702 1401
1701 1401
1700 1401
1699 1401
1698 1401
1697 1401
1696 1401
1695 1401
1694 1401
1693 1401
1692 1401
1691 1401
1690 1401
1689 1400
1688 1400
1687 1400
1686 1400
1685 1399
1684 1399
1683 1399
1682 1399
1681 1399
1680 1399
1679 1399
1678 1399
1677 1399
1676 1399
1675 1399
1674 1399
1673 1399
1672 1399
1671 1400
1670 1400
1669 1400
1668 1400
1667 1401
1666 1401
1665 1401
1664 1401
1663 1400
1662 1400
1661 1399
1660 1399
1659 1398
1658 1398
1657 1397
1656 1397
1655 1396
1654 1396
1653 1396
1652 1396
1651 1395
1650 1395
1649 1395
1648 1395
1647 1395
1646 1395
1645 1395
1644 1395
1643 1395
1642 1395
1641 1394
1640 1394
1639 1394
1638 1394
1637 1393
1636 1393
1635 1393
1634 1393
1633 1393
1632 1393
1631 1393
1630 1393
1629 1393
1628 1393
1627 1393
1626 1393
