462 2429
461 2430
460 2430
459 2430
458 2430
457 2431
456 2431
455 2431
454 2431
453 2431
452 2431
451 2431
450 2431
449 2431
448 2431
447 2431
446 2431
445 2431
444 2431
443 2431
442 2431
441 2431
440 2431
439 2432
438 2432
437 2433
436 2434
435 2434
435 2435
434 2436
433 2436
433 2437
432 2438
431 2438
431 2439
430 2440
429 2440
429 2441
428 2442
427 2442
427 2443
426 2444
425 2444
425 2445
424 2446
423 2447
422 2448
421 2449
421 2450
420 2451
419 2452
419 2453
418 2454
417 2454
417 2455
416 2456
415 2456
414 2457
413 2458
412 2458
411 2459
410 2460
409 2461
408 2462
407 2462
406 2463
405 2464
404 2464
403 2465
402 2466
401 2466
400 2467
399 2468
398 2469
397 2470
397 2471
396 2472
395 2472
395 2473
394 2474
393 2474
393 2475
392 2476
391 2476
391 2477
390 2478
389 2478
389 2479
388 2480
387 2480
387 2481
386 2482
385 2482
385 2483
384 2484
383 2484
382 2485
381 2486
380 2486
379 2487
378 2487
377 2487
376 2487
375 2488
374 2488
373 2489
372 2490
371 2490
370 2491
369 2492
368 2492
367 2493
366 2494
365 2494
364 2494
363 2495
362 2496
361 2496
360 2496
359 2497
358 2498
357 2499
356 2500
355 2500
355 2501
354 2502
353 2503
353 2504
352 2505
352 2506
352 2507
352 2508
352 2509
352 2510
351 2511
351 2512
350 2513
349 2514
348 2514
347 2515
346 2515
345 2516
344 2516
343 2516
342 2516
341 2517
340 2518
339 2518
338 2518
337 2519
336 2519
335 2519
334 2519
333 2518
332 2518
331 2518
330 2518
329 2517
328 2517
327 2517
326 2517
325 2517
324 2517
323 2518
322 2518
321 2519
320 2520
319 2520
319 2521
318 2522
317 2523
316 2524
315 2525
315 2526
314 2527
313 2528
312 2528
311 2529
310 2530
309 2530
308 2530
307 2531
306 2531
305 2532
304 2532
303 2532
302 2532
301 2533
300 2533
299 2533
298 2533
297 2533
296 2533
295 2534
294 2534
293 2534
292 2534
291 2535
290 2535
289 2535
288 2535
287 2536
286 2536
285 2536
284 2536
283 2537
282 2537
281 2537
280 2537
279 2537
278 2537
277 2537
276 2537
275 2537
274 2537
273 2538
272 2538
271 2538
270 2538
269 2539
268 2539
267 2539
266 2539
265 2539
264 2539
263 2540
262 2540
261 2540
260 2540
259 2541
258 2541
257 2541
256 2541
255 2541
254 2541
253 2541
252 2541
251 2541
250 2541
249 2541
248 2541
247 2541
246 2541
245 2541
244 2541
243 2542
242 2542
241 2542
240 2542
239 2543
238 2543
237 2543
236 2543
235 2543
234 2543
233 2543
232 2543
231 2543
230 2543
229 2543
228 2543
227 2543
226 2543
225 2543
224 2543
223 2543
222 2543
222 2544
222 2545
222 2546
222 2547
222 2548
222 2549
222 2550
222 2551
222 2552
222 2553
222 2554
222 2555
222 2556
222 2557
222 2558
222 2559
222 2560
222 2561
222 2562
222 2563
222 2564
222 2565
222 2566
223 2567
224 2568
225 2569
226 2570
227 2570
228 2571
229 2571
230 2572
231 2572
232 2573
233 2573
234 2573
235 2573
236 2574
237 2574
238 2574
239 2574
240 2574
241 2574
242 2574
243 2574
244 2574
245 2574
246 2574
247 2574
248 2574
249 2574
250 2574
251 2574
252 2574
253 2574
254 2574
255 2574
256 2574
257 2574
258 2574
259 2574
260 2574
261 2574
262 2575
263 2575
264 2575
265 2575
266 2576
267 2576
268 2576
269 2576
270 2576
271 2576
272 2577
273 2577
274 2577
275 2577
276 2578
277 2578
278 2578
279 2578
280 2578
281 2578
282 2578
283 2578
284 2578
285 2578
286 2578
287 2578
288 2578
289 2578
290 2578
291 2578
292 2579
293 2579
294 2579
295 2579
296 2580
297 2580
298 2580
299 2580
300 2580
301 2580
302 2580
303 2580
304 2581
305 2581
306 2581
307 2581
308 2582
309 2582
310 2582
311 2582
312 2582
313 2582
314 2582
315 2582
316 2583
317 2583
318 2583
319 2583
320 2584
321 2584
322 2585
323 2585
324 2585
325 2585
326 2586
327 2586
328 2587
329 2587
330 2587
331 2587
332 2588
333 2588
334 2588
335 2588
336 2589
337 2589
338 2589
339 2589
340 2590
341 2590
342 2591
343 2591
344 2591
345 2591
346 2592
347 2592
348 2592
349 2592
350 2592
351 2592
352 2593
353 2593
354 2593
355 2593
356 2594
357 2594
358 2595
359 2595
360 2595
361 2596
362 2597
363 2597
364 2597
365 2597
366 2598
367 2598
368 2599
369 2599
370 2599
371 2599
372 2600
373 2600
374 2600
375 2600
376 2601
377 2601
378 2601
379 2601
380 2602
381 2602
382 2602
383 2602
384 2602
385 2602
386 2602
387 2602
388 2602
389 2602
390 2602
391 2602
392 2602
393 2602
394 2602
395 2602
396 2602
397 2602
398 2602
399 2602
400 2602
401 2602
402 2602
403 2602
404 2602
405 2602
406 2602
407 2602
408 2602
409 2602
410 2601
411 2601
412 2601
413 2601
414 2600
415 2600
416 2600
417 2600
418 2599
419 2599
420 2599
421 2599
422 2598
423 2597
424 2597
425 2597
426 2596
427 2595
428 2595
429 2595
430 2594
431 2594
432 2593
433 2593
434 2593
435 2593
436 2592
437 2592
438 2591
439 2591
440 2591
441 2591
442 2590
443 2590
444 2590
445 2590
446 2590
447 2590
448 2590
449 2590
450 2590
451 2590
452 2590
453 2590
454 2590
455 2590
456 2590
457 2590
458 2590
459 2590
460 2590
461 2590
462 2591
463 2591
464 2591
465 2591
466 2592
467 2592
468 2592
469 2592
470 2592
471 2592
472 2592
473 2592
474 2592
475 2592
476 2592
477 2592
478 2593
479 2593
480 2593
481 2593
482 2594
483 2594
484 2594
485 2594
486 2594
487 2594
488 2594
489 2594
490 2594
491 2594
492 2594
493 2594
494 2594
495 2594
496 2594
497 2594
498 2594
499 2594
500 2594
501 2594
502 2594
503 2594
504 2594
505 2594
506 2594
507 2594
508 2593
509 2593
510 2593
511 2593
512 2592
513 2592
514 2592
515 2592
516 2592
517 2592
518 2592
519 2592
520 2592
521 2592
522 2592
523 2592
524 2592
525 2592
526 2592
527 2592
528 2592
529 2592
530 2592
531 2592
532 2591
533 2591
534 2591
535 2591
536 2590
537 2590
538 2590
539 2590
540 2590
541 2590
542 2590
543 2590
544 2590
545 2590
546 2590
547 2590
548 2590
549 2590
550 2590
551 2590
552 2590
553 2590
554 2590
555 2590
556 2590
557 2590
558 2590
559 2590
560 2590
561 2590
562 2590
563 2590
564 2590
565 2590
566 2590
567 2590
568 2590
569 2590
570 2590
571 2590
572 2590
573 2590
574 2590
575 2590
576 2590
577 2590
578 2590
579 2590
580 2590
581 2590
582 2590
583 2590
584 2590
585 2590
586 2590
587 2590
588 2590
589 2590
590 2590
591 2590
592 2590
593 2590
594 2590
595 2590
596 2590
597 2590
598 2590
599 2590
600 2590
601 2590
602 2590
603 2590
604 2590
605 2590
606 2590
607 2590
608 2591
609 2591
610 2591
611 2591
612 2592
613 2592
614 2592
615 2592
616 2592
617 2592
618 2592
619 2592
620 2593
621 2593
622 2593
623 2593
624 2594
625 2594
626 2594
627 2594
628 2594
629 2594
630 2594
631 2594
632 2594
633 2594
634 2593
635 2593
636 2593
637 2593
638 2592
639 2592
640 2592
641 2592
642 2592
643 2592
644 2592
645 2592
646 2592
647 2592
648 2592
649 2592
650 2591
651 2591
652 2591
653 2591
654 2590
655 2590
656 2590
657 2590
658 2590
659 2590
660 2590
661 2590
662 2589
663 2589
664 2589
665 2589
666 2588
667 2588
668 2588
669 2588
670 2588
671 2588
672 2588
673 2588
674 2587
675 2587
676 2586
677 2586
678 2585
679 2585
680 2584
681 2584
682 2584
683 2584
684 2584
685 2584
686 2584
687 2584
688 2584
689 2584
690 2584
691 2584
692 2584
693 2584
694 2584
695 2584
696 2584
697 2584
698 2584
699 2584
700 2584
701 2584
702 2584
703 2584
704 2584
705 2584
706 2584
707 2584
708 2584
709 2584
710 2583
711 2583
712 2583
713 2583
714 2582
715 2581
716 2580
717 2579
718 2579
719 2578
720 2577
721 2577
722 2576
723 2575
724 2574
725 2573
726 2572
726 2571
726 2570
727 2569
728 2568
728 2567
729 2566
730 2565
730 2564
731 2563
732 2563
732 2562
733 2561
734 2561
734 2560
735 2559
736 2559
736 2558
737 2557
738 2557
738 2556
739 2555
740 2555
740 2554
741 2553
742 2553
742 2552
743 2551
744 2550
744 2549
745 2548
745 2547
745 2546
745 2545
746 2544
746 2543
746 2542
747 2541
748 2540
748 2539
749 2538
749 2537
750 2536
750 2535
751 2534
751 2533
751 2532
751 2531
751 2530
751 2529
751 2528
751 2527
752 2526
752 2525
752 2524
753 2523
754 2522
754 2521
755 2520
755 2519
756 2518
756 2517
757 2516
757 2515
756 2514
756 2513
755 2512
755 2511
754 2510
754 2509
753 2508
752 2507
752 2506
752 2505
751 2504
751 2503
750 2502
750 2501
749 2500
748 2499
748 2498
747 2498
746 2497
746 2496
745 2496
744 2495
744 2494
743 2494
742 2493
742 2492
741 2491
740 2490
740 2489
739 2488
738 2487
737 2486
736 2485
736 2484
735 2484
734 2483
734 2482
733 2482
732 2481
732 2480
731 2480
730 2479
730 2478
729 2477
728 2476
728 2475
727 2474
727 2473
727 2472
727 2471
727 2470
727 2469
726 2468
726 2467
726 2466
726 2465
725 2464
724 2463
724 2462
724 2461
723 2460
723 2459
722 2458
722 2457
721 2456
720 2456
719 2455
718 2455
717 2454
716 2454
715 2454
714 2454
713 2453
712 2453
711 2452
710 2452
709 2451
708 2451
707 2450
706 2450
705 2449
704 2449
703 2448
702 2448
701 2447
700 2447
699 2446
698 2446
697 2445
696 2445
695 2445
694 2445
693 2444
692 2444
691 2444
690 2444
689 2443
688 2443
687 2443
686 2443
685 2443
684 2443
683 2443
682 2443
681 2443
680 2443
679 2443
678 2443
677 2443
676 2443
675 2443
674 2443
673 2443
672 2443
671 2443
670 2443
669 2443
668 2443
667 2442
666 2442
665 2442
664 2442
663 2441
662 2441
661 2441
660 2441
659 2440
658 2440
657 2440
656 2440
655 2439
654 2439
653 2439
652 2439
651 2439
650 2439
649 2439
648 2439
647 2439
646 2439
645 2439
644 2439
643 2439
642 2439
641 2439
640 2439
639 2439
638 2439
637 2439
636 2439
635 2438
634 2438
633 2438
632 2438
631 2437
630 2437
629 2437
628 2437
627 2437
626 2437
625 2437
624 2437
623 2437
622 2437
621 2436
620 2436
619 2436
618 2436
617 2435
616 2435
615 2435
614 2435
613 2435
612 2435
611 2435
610 2435
609 2435
608 2435
607 2435
606 2435
605 2435
604 2435
603 2435
602 2435
601 2435
600 2435
599 2435
598 2435
597 2435
596 2435
595 2434
594 2434
593 2434
592 2434
591 2433
590 2433
589 2433
588 2433
587 2433
586 2433
585 2433
584 2433
583 2433
582 2433
581 2433
580 2433
579 2433
578 2433
577 2433
576 2433
575 2433
574 2433
573 2433
572 2433
571 2433
570 2433
569 2433
568 2433
567 2433
566 2433
565 2433
564 2433
563 2433
562 2433
561 2433
560 2433
559 2433
558 2433
557 2433
556 2433
555 2433
554 2433
553 2433
552 2433
551 2433
550 2433
549 2433
548 2433
547 2433
546 2433
545 2433
544 2433
543 2432
542 2432
541 2432
540 2432
539 2431
538 2431
537 2431
536 2431
535 2431
534 2431
533 2431
532 2431
531 2431
530 2431
529 2430
528 2430
527 2430
526 2430
525 2429
524 2429
523 2429
522 2429
521 2429
520 2429
519 2429
518 2429
517 2429
516 2429
515 2429
514 2429
513 2429
512 2429
511 2429
510 2429
509 2429
508 2429
507 2429
506 2429
505 2430
504 2430
503 2429
502 2429
501 2430
500 2430
499 2429
498 2429
497 2429
496 2429
495 2429
494 2429
493 2429
492 2429
491 2429
490 2429
489 2429
488 2429
487 2429
486 2429
485 2429
484 2429
483 2429
482 2429
481 2429
480 2429
479 2429
478 2429
477 2429
476 2429
475 2429
474 2429
473 2429
472 2429
471 2429
470 2429
469 2429
468 2429
467 2429
466 2429
465 2429
464 2429
463 2429
462 2429
