1281 2302
1280 2303
1279 2303
1278 2303
1277 2303
1276 2304
1275 2304
1274 2304
1273 2304
1272 2304
1271 2304
1270 2304
1269 2304
1268 2304
1267 2304
1266 2304
1265 2304
1264 2305
1263 2305
1262 2305
1261 2305
1260 2306
1259 2306
1258 2306
1257 2306
1256 2305
1255 2305
1254 2305
1253 2305
1252 2304
1251 2304
1250 2304
1249 2304
1248 2304
1247 2304
1246 2304
1245 2304
1244 2304
1243 2304
1242 2304
1241 2304
1240 2304
1239 2304
1238 2305
1237 2305
1236 2306
1235 2306
1234 2307
1233 2307
1232 2308
1231 2308
1230 2308
1229 2308
1228 2308
1227 2308
1226 2308
1225 2308
1224 2308
1223 2308
1222 2308
1221 2308
1220 2308
1219 2308
1218 2308
1217 2308
1216 2308
1215 2308
1214 2308
1213 2308
1212 2308
1211 2308
1210 2309
1209 2309
1208 2310
1207 2311
1206 2311
1205 2312
1204 2313
1203 2313
1202 2314
1201 2314
1200 2314
1199 2314
1198 2313
1197 2313
1196 2313
1195 2313
1194 2312
1193 2312
1192 2312
1191 2312
1190 2312
1189 2312
1188 2312
1187 2312
1186 2312
1185 2312
1184 2312
1183 2312
1182 2312
1181 2312
1180 2312
1179 2312
1178 2312
1177 2312
1176 2312
1175 2312
1174 2312
1173 2312
1172 2312
1171 2312
1170 2311
1169 2311
1168 2310
1167 2310
1166 2309
1165 2309
1164 2308
1163 2308
1162 2308
1161 2308
1160 2308
1159 2308
1158 2308
1157 2308
1156 2308
1155 2308
1154 2308
1153 2308
1152 2308
1151 2308
1150 2309
1149 2309
1148 2309
1147 2309
1146 2310
1145 2310
1144 2311
1143 2311
1142 2311
1141 2311
1140 2312
1139 2312
1138 2312
1137 2312
1136 2312
1135 2312
1134 2312
1133 2312
1132 2312
1131 2312
1130 2312
1129 2312
1128 2312
1127 2312
1126 2312
1125 2312
1124 2312
1123 2312
1122 2312
1121 2312
1120 2313
1119 2313
1118 2313
1117 2313
1116 2314
1115 2314
1114 2314
1113 2314
1112 2314
1111 2314
1110 2314
1109 2314
1108 2314
1107 2314
1106 2314
1105 2314
1104 2315
1103 2315
1102 2315
1101 2315
1100 2316
1099 2316
1098 2317
1097 2317
1096 2318
1095 2319
1094 2319
1094 2320
1093 2321
1092 2321
1092 2322
1091 2323
1090 2323
1090 2324
1089 2325
1088 2325
1088 2326
1087 2327
1086 2328
1086 2329
1085 2330
1085 2331
1084 2332
1084 2333
1083 2334
1082 2335
1081 2336
1080 2337
1079 2337
1078 2338
1077 2338
1076 2339
1075 2339
1074 2339
1073 2339
1072 2340
1071 2341
1070 2341
1069 2341
1068 2342
1067 2343
1066 2343
1065 2343
1064 2344
1063 2344
1062 2344
1061 2344
1060 2344
1059 2344
1058 2345
1057 2345
1056 2346
1055 2347
1054 2347
1054 2348
1053 2349
1052 2350
1051 2351
1050 2352
1050 2353
1049 2354
1048 2355
1047 2355
1046 2356
1045 2357
1044 2358
1043 2359
1042 2359
1042 2360
1041 2361
1040 2361
1039 2362
1038 2363
1037 2363
1036 2364
1035 2364
1034 2365
1033 2365
1032 2366
1031 2367
1030 2367
1029 2368
1028 2369
1027 2369
1026 2370
1025 2370
1024 2370
1023 2370
1022 2371
1021 2371
1020 2372
1019 2373
1018 2373
1017 2374
1016 2375
1015 2375
1014 2376
1013 2377
1012 2378
1011 2379
1010 2379
1009 2380
1008 2381
1007 2381
1006 2382
1005 2382
1004 2382
1003 2382
1002 2383
1001 2383
1000 2383
999 2383
998 2384
997 2384
996 2385
995 2385
994 2385
993 2385
992 2386
991 2387
990 2387
989 2387
988 2388
987 2389
986 2390
985 2391
984 2391
984 2392
983 2393
982 2393
982 2394
981 2395
980 2396
979 2397
978 2398
978 2399
978 2400
978 2401
977 2402
977 2403
976 2404
976 2405
976 2406
975 2407
974 2408
974 2409
973 2410
973 2411
972 2412
972 2413
971 2414
971 2415
970 2416
970 2417
970 2418
969 2419
968 2420
968 2421
967 2422
967 2423
966 2424
966 2425
965 2426
965 2427
966 2428
966 2429
967 2430
967 2431
968 2432
968 2433
969 2434
970 2435
971 2436
972 2437
972 2438
973 2439
974 2440
974 2441
975 2442
976 2443
976 2444
976 2445
977 2446
977 2447
977 2448
977 2449
978 2450
978 2451
979 2452
980 2453
980 2454
981 2454
982 2455
982 2456
983 2456
984 2457
984 2458
985 2458
986 2459
986 2460
987 2460
988 2461
988 2462
989 2462
990 2463
991 2464
992 2464
993 2465
994 2465
995 2466
996 2466
997 2466
998 2466
999 2467
1000 2467
1001 2467
1002 2467
1003 2467
1004 2467
1005 2467
1006 2467
1007 2467
1008 2467
1009 2467
1010 2467
1011 2467
1012 2467
1013 2467
1014 2467
1015 2467
1016 2467
1017 2466
1018 2466
1019 2466
1020 2466
1021 2465
1022 2465
1023 2465
1024 2465
1025 2465
1026 2465
1027 2465
1028 2465
1029 2464
1030 2464
1031 2464
1032 2464
1033 2463
1034 2463
1035 2463
1036 2463
1037 2462
1038 2462
1039 2462
1040 2462
1041 2461
1042 2461
1043 2461
1044 2461
1045 2461
1046 2461
1047 2461
1048 2461
1049 2461
1050 2461
1051 2461
1052 2461
1053 2461
1054 2461
1055 2460
1056 2460
1057 2460
1058 2460
1059 2459
1060 2459
1061 2459
1062 2459
1063 2459
1064 2459
1065 2458
1066 2458
1067 2458
1068 2458
1069 2457
1070 2457
1071 2457
1072 2457
1073 2457
1074 2457
1075 2457
1076 2457
1077 2456
1078 2456
1079 2456
1080 2456
1081 2455
1082 2455
1083 2455
1084 2455
1085 2455
1086 2455
1087 2455
1088 2455
1089 2455
1090 2455
1091 2455
1092 2455
1093 2454
1094 2454
1095 2453
1096 2453
1097 2452
1098 2452
1099 2451
1100 2451
1101 2451
1102 2451
1103 2450
1104 2450
1105 2450
1106 2450
1107 2449
1108 2449
1109 2449
1110 2449
1111 2449
1112 2449
1113 2449
1114 2449
1115 2449
1116 2449
1117 2449
1118 2449
1119 2449
1120 2449
1121 2448
1122 2448
1123 2448
1124 2448
1125 2447
1126 2447
1127 2446
1128 2446
1129 2446
1130 2446
1131 2445
1132 2445
1133 2445
1134 2445
1135 2444
1136 2444
1137 2444
1138 2444
1139 2443
1140 2443
1141 2443
1142 2443
1143 2443
1144 2443
1145 2443
1146 2443
1147 2443
1148 2443
1149 2443
1150 2443
1151 2443
1152 2443
1153 2442
1154 2442
1155 2442
1156 2442
1157 2441
1158 2441
1159 2441
1160 2441
1161 2441
1162 2441
1163 2441
1164 2441
1165 2441
1166 2441
1167 2440
1168 2440
1169 2440
1170 2440
1171 2439
1172 2439
1173 2439
1174 2439
1175 2439
1176 2439
1177 2439
1178 2439
1179 2439
1180 2439
1181 2439
1182 2439
1183 2439
1184 2439
1185 2439
1186 2439
1187 2439
1188 2439
1189 2439
1190 2439
1191 2439
1192 2439
1193 2440
1194 2440
1195 2440
1196 2440
1197 2441
1198 2441
1199 2441
1200 2441
1201 2441
1202 2441
1203 2441
1204 2441
1205 2441
1206 2441
1207 2441
1208 2441
1209 2441
1210 2441
1211 2441
1212 2441
1213 2441
1214 2441
1215 2440
1216 2440
1217 2440
1218 2440
1219 2439
1220 2439
1221 2439
1222 2439
1223 2439
1224 2439
1225 2439
1226 2439
1227 2439
1228 2439
1229 2440
1230 2440
1231 2441
1232 2441
1233 2442
1234 2443
1235 2444
1236 2444
1237 2444
1238 2444
1239 2445
1240 2445
1241 2446
1242 2446
1243 2446
1244 2446
1245 2447
1246 2447
1247 2447
1248 2447
1249 2447
1250 2447
1251 2448
1252 2449
1253 2450
1254 2451
1255 2452
1256 2452
1257 2453
1258 2453
1259 2454
1260 2454
1261 2454
1262 2454
1263 2455
1264 2455
1265 2455
1266 2455
1267 2455
1268 2455
1269 2455
1270 2455
1271 2455
1272 2455
1273 2456
1274 2456
1275 2456
1276 2457
1277 2458
1278 2458
1279 2458
1280 2458
1281 2459
1282 2459
1283 2459
1284 2459
1285 2459
1286 2459
1287 2459
1288 2459
1289 2459
1290 2459
1291 2459
1292 2459
1293 2460
1294 2460
1295 2460
1296 2460
1297 2461
1298 2461
1299 2461
1300 2461
1301 2461
1302 2461
1303 2461
1304 2461
1305 2461
1306 2461
1307 2462
1308 2462
1309 2462
1310 2462
1311 2463
1312 2463
1313 2463
1314 2463
1315 2463
1316 2463
1317 2463
1318 2463
1319 2463
1320 2463
1321 2463
1322 2463
1323 2463
1324 2463
1325 2463
1326 2463
1327 2463
1328 2463
1329 2463
1330 2463
1331 2463
1332 2463
1333 2463
1334 2463
1335 2463
1336 2463
1337 2463
1338 2463
1339 2463
1340 2463
1341 2463
1342 2463
1343 2463
1344 2463
1345 2463
1346 2463
1347 2462
1348 2462
1349 2461
1350 2461
1351 2460
1352 2460
1353 2459
1354 2459
1355 2459
1356 2459
1357 2459
1358 2459
1359 2459
1360 2459
1361 2459
1362 2459
1363 2459
1364 2459
1365 2459
1366 2459
1367 2459
1368 2459
1369 2459
1370 2459
1371 2458
1372 2458
1373 2457
1374 2457
1375 2456
1376 2456
1377 2455
1378 2454
1379 2453
1380 2453
1381 2452
1382 2452
1383 2451
1384 2450
1385 2450
1386 2450
1387 2449
1388 2449
1389 2448
1390 2448
1391 2448
1392 2448
1393 2447
1394 2446
1395 2446
1396 2446
1397 2445
1398 2444
1399 2444
1400 2444
1401 2443
1402 2442
1403 2441
1403 2440
1404 2439
1404 2438
1404 2437
1404 2436
1404 2435
1404 2434
1405 2433
1405 2432
1405 2431
1405 2430
1406 2429
1406 2428
1407 2427
1407 2426
1407 2425
1407 2424
1408 2423
1408 2422
1409 2421
1409 2420
1409 2419
1409 2418
1410 2417
1410 2416
1410 2415
1410 2414
1410 2413
1410 2412
1410 2411
1410 2410
1410 2409
1410 2408
1410 2407
1410 2406
1410 2405
1410 2404
1410 2403
1410 2402
1410 2401
1410 2400
1410 2399
1410 2398
1410 2397
1410 2396
1410 2395
1410 2394
1410 2393
1410 2392
1410 2391
1410 2390
1409 2389
1408 2388
1407 2387
1406 2386
1405 2385
1404 2385
1403 2384
1403 2383
1402 2383
1401 2382
1401 2381
1400 2381
1399 2380
1399 2379
1398 2379
1397 2378
1397 2377
1396 2377
1395 2376
1395 2375
1394 2375
1393 2374
1393 2373
1392 2372
1391 2371
1391 2370
1390 2369
1389 2368
1388 2367
1388 2366
1387 2365
1387 2364
1386 2363
1385 2362
1384 2361
1383 2360
1383 2359
1382 2358
1381 2357
1381 2356
1380 2355
1379 2354
1378 2353
1377 2352
1377 2351
1376 2351
1375 2350
1375 2349
1374 2349
1373 2348
1372 2347
1371 2346
1370 2345
1369 2345
1368 2344
1367 2343
1366 2343
1365 2342
1365 2341
1364 2341
1363 2340
1362 2339
1361 2338
1360 2337
1359 2337
1358 2337
1357 2336
1356 2335
1355 2335
1354 2334
1353 2333
1352 2333
1351 2332
1350 2331
1349 2331
1348 2330
1347 2330
1346 2330
1345 2330
1344 2329
1343 2329
1342 2329
1341 2328
1340 2327
1339 2327
1338 2327
1337 2327
1336 2326
1335 2326
1334 2326
1333 2326
1332 2326
1331 2326
1330 2325
1329 2325
1328 2325
1327 2324
1326 2323
1325 2323
1324 2322
1323 2322
1322 2321
1321 2321
1320 2320
1319 2320
1318 2320
1317 2320
1316 2320
1315 2320
1314 2319
1313 2319
1312 2318
1311 2317
1310 2317
1309 2316
1309 2315
1308 2315
1307 2314
1307 2313
1306 2313
1305 2312
1305 2311
1304 2311
1303 2310
1303 2309
1302 2309
1301 2308
1300 2307
1299 2306
1298 2305
1297 2305
1296 2305
1295 2305
1294 2304
1293 2304
1292 2304
1291 2304
1290 2304
1289 2304
1288 2303
1287 2303
1286 2303
1285 2303
1284 2302
1283 2302
1282 2302
1281 2302
