897 3619
896 3620
895 3620
894 3620
893 3620
892 3621
891 3621
890 3621
889 3621
888 3621
887 3621
886 3621
885 3621
884 3622
883 3622
882 3622
881 3622
880 3623
879 3623
878 3623
877 3623
876 3624
875 3624
874 3624
873 3624
872 3625
871 3625
870 3625
869 3625
868 3625
867 3625
866 3626
865 3626
864 3626
863 3626
862 3627
861 3628
860 3628
859 3628
858 3629
857 3629
856 3630
855 3630
854 3630
853 3630
852 3631
851 3631
850 3631
849 3631
848 3632
847 3632
846 3632
845 3632
844 3633
843 3633
842 3633
841 3633
840 3634
839 3634
838 3634
837 3634
836 3635
835 3635
834 3636
833 3636
832 3636
831 3636
830 3637
829 3637
828 3637
827 3637
826 3637
825 3637
824 3637
823 3637
822 3637
821 3637
820 3637
819 3637
818 3637
817 3637
816 3636
815 3636
814 3636
813 3636
812 3635
811 3635
810 3635
809 3635
808 3635
807 3635
806 3635
805 3635
804 3635
803 3635
802 3635
801 3635
800 3635
799 3635
798 3635
797 3635
796 3636
795 3636
794 3636
793 3636
792 3637
791 3637
790 3637
789 3637
788 3637
787 3637
786 3637
785 3637
784 3637
783 3637
782 3638
781 3638
780 3639
779 3640
778 3640
778 3641
777 3642
776 3642
776 3643
775 3644
774 3644
774 3645
773 3646
772 3647
772 3648
771 3649
771 3650
770 3651
770 3652
770 3653
770 3654
769 3655
769 3656
769 3657
769 3658
769 3659
769 3660
769 3661
769 3662
769 3663
769 3664
769 3665
769 3666
769 3667
769 3668
769 3669
769 3670
769 3671
769 3672
769 3673
769 3674
770 3675
770 3676
770 3677
770 3678
771 3679
771 3680
771 3681
771 3682
771 3683
771 3684
771 3685
771 3686
771 3687
771 3688
771 3689
771 3690
771 3691
771 3692
771 3693
771 3694
771 3695
771 3696
771 3697
771 3698
772 3699
772 3700
773 3701
773 3702
774 3703
774 3704
775 3705
776 3706
777 3707
778 3708
778 3709
779 3709
780 3710
780 3711
781 3711
782 3712
782 3713
783 3713
784 3714
784 3715
785 3715
786 3716
787 3717
788 3718
789 3719
790 3719
791 3719
792 3719
793 3720
794 3720
795 3720
796 3720
797 3720
798 3720
799 3721
800 3721
801 3721
802 3721
803 3722
804 3722
805 3722
806 3722
807 3723
808 3723
809 3724
810 3725
811 3725
812 3726
812 3727
813 3727
814 3728
814 3729
815 3729
816 3730
816 3731
817 3731
818 3732
819 3733
820 3733
821 3734
822 3734
823 3734
824 3734
825 3734
826 3734
827 3734
828 3734
829 3734
830 3734
831 3735
832 3735
833 3736
834 3737
835 3737
836 3738
837 3739
838 3740
839 3741
840 3741
841 3741
842 3742
843 3743
844 3743
845 3743
846 3743
847 3744
848 3744
849 3745
850 3745
851 3745
852 3745
853 3746
854 3746
855 3746
856 3746
857 3746
858 3746
859 3746
860 3746
861 3746
862 3746
863 3746
864 3746
865 3746
866 3746
867 3746
868 3746
869 3746
870 3746
871 3747
872 3747
873 3747
874 3747
875 3748
876 3748
877 3748
878 3748
879 3748
880 3748
881 3748
882 3748
883 3748
884 3748
885 3748
886 3748
887 3748
888 3748
889 3748
890 3748
891 3748
892 3748
893 3748
894 3748
895 3748
896 3748
897 3747
898 3747
899 3747
900 3747
901 3746
902 3746
903 3745
904 3745
905 3745
906 3745
907 3744
908 3744
909 3744
910 3744
911 3743
912 3743
913 3743
914 3743
915 3742
916 3741
917 3741
918 3741
919 3740
920 3740
921 3740
922 3740
923 3740
924 3740
925 3741
926 3741
927 3742
928 3743
929 3743
930 3744
930 3745
931 3745
932 3746
933 3747
934 3748
935 3749
936 3749
937 3749
938 3749
939 3750
940 3750
941 3750
942 3750
943 3749
944 3749
945 3749
946 3749
947 3748
948 3748
949 3748
950 3748
951 3747
952 3747
953 3747
954 3747
955 3746
956 3746
957 3745
958 3745
959 3744
960 3744
961 3743
962 3743
963 3742
964 3741
965 3741
966 3741
967 3740
968 3739
969 3738
970 3738
971 3737
972 3737
973 3736
974 3736
975 3736
976 3736
977 3735
978 3735
979 3735
980 3735
981 3734
982 3734
983 3733
984 3733
985 3733
986 3733
987 3732
988 3732
989 3732
990 3732
991 3732
992 3732
993 3732
994 3732
995 3732
996 3732
997 3732
998 3732
999 3732
1000 3732
1001 3732
1002 3732
1003 3732
1004 3732
1005 3732
1006 3732
1007 3732
1008 3732
1009 3732
1010 3732
1011 3731
1012 3731
1013 3731
1014 3731
1015 3730
1016 3730
1017 3730
1018 3730
1019 3730
1020 3730
1021 3730
1022 3730
1023 3730
1024 3730
1025 3730
1026 3730
1027 3731
1028 3731
1029 3731
1030 3731
1031 3732
1032 3732
1033 3732
1034 3732
1035 3732
1036 3732
1037 3732
1038 3732
1039 3733
1040 3733
1041 3733
1042 3733
1043 3734
1044 3734
1045 3734
1046 3734
1047 3733
1048 3733
1049 3733
1050 3733
1051 3732
1052 3732
1053 3732
1054 3732
1055 3731
1056 3731
1057 3730
1058 3729
1059 3728
1059 3727
1060 3726
1060 3725
1060 3724
1060 3723
1060 3722
1060 3721
1060 3720
1060 3719
1060 3718
1060 3717
1061 3716
1061 3715
1061 3714
1061 3713
1062 3712
1062 3711
1062 3710
1062 3709
1062 3708
1062 3707
1062 3706
1062 3705
1062 3704
1062 3703
1062 3702
1062 3701
1062 3700
1062 3699
1062 3698
1062 3697
1062 3696
1062 3695
1062 3694
1062 3693
1062 3692
1062 3691
1061 3690
1061 3689
1061 3688
1061 3687
1060 3686
1060 3685
1060 3684
1060 3683
1060 3682
1060 3681
1060 3680
1060 3679
1060 3678
1060 3677
1059 3676
1059 3675
1058 3674
1057 3673
1057 3672
1056 3671
1055 3670
1055 3669
1054 3668
1053 3667
1053 3666
1053 3665
1052 3664
1051 3663
1051 3662
1051 3661
1050 3660
1049 3659
1048 3658
1047 3657
1047 3656
1046 3656
1045 3655
1045 3654
1044 3654
1043 3653
1042 3652
1041 3651
1040 3650
1039 3650
1038 3650
1037 3649
1036 3648
1035 3648
1034 3647
1033 3646
1032 3646
1031 3645
1031 3644
1030 3644
1029 3643
1028 3642
1027 3642
1026 3641
1025 3641
1024 3640
1023 3640
1022 3640
1021 3640
1020 3639
1019 3639
1018 3639
1017 3639
1016 3638
1015 3638
1014 3637
1013 3636
1012 3636
1011 3635
1011 3634
1010 3634
1009 3633
1008 3632
1007 3632
1006 3631
1005 3631
1004 3631
1003 3631
1002 3630
1001 3630
1000 3630
999 3629
998 3628
997 3628
996 3627
995 3627
994 3626
993 3626
992 3625
991 3625
990 3626
989 3626
988 3627
987 3628
986 3628
986 3629
985 3630
984 3630
983 3631
982 3632
981 3632
980 3633
979 3634
978 3634
977 3634
976 3635
975 3635
974 3635
973 3635
972 3635
971 3635
970 3636
969 3636
968 3636
967 3636
966 3637
965 3637
964 3637
963 3637
962 3636
961 3636
960 3636
959 3635
958 3634
957 3634
956 3634
955 3634
954 3633
953 3633
952 3633
951 3633
950 3633
949 3633
948 3633
947 3633
946 3632
945 3632
944 3632
943 3632
942 3631
941 3631
940 3631
939 3631
938 3630
937 3630
936 3630
935 3630
934 3629
933 3629
932 3628
931 3628
930 3628
929 3628
928 3627
927 3627
926 3627
925 3627
924 3627
923 3627
922 3626
921 3626
920 3625
919 3624
918 3624
917 3623
917 3622
916 3622
915 3621
914 3620
913 3620
912 3619
911 3619
910 3619
909 3619
908 3619
907 3619
906 3619
905 3619
904 3619
903 3619
902 3619
901 3619
900 3619
899 3619
898 3619
897 3619
