497 3289
496 3290
495 3290
494 3290
493 3290
492 3291
491 3291
490 3291
489 3291
488 3291
487 3291
486 3291
485 3291
484 3291
483 3291
482 3291
481 3291
480 3291
479 3291
478 3291
477 3291
476 3292
475 3292
474 3292
473 3292
472 3293
471 3293
470 3294
469 3294
468 3295
467 3295
466 3296
465 3296
464 3297
463 3297
462 3297
461 3297
460 3297
459 3297
458 3296
457 3296
456 3296
455 3296
454 3295
453 3295
452 3295
451 3295
450 3295
449 3295
448 3295
447 3295
446 3295
445 3295
444 3295
443 3295
442 3295
441 3295
440 3296
439 3296
438 3297
437 3297
436 3298
435 3298
434 3299
433 3300
432 3300
431 3300
430 3301
429 3301
428 3300
427 3300
426 3300
425 3300
424 3299
423 3299
422 3299
421 3299
420 3299
419 3299
418 3300
417 3300
416 3300
415 3300
414 3301
413 3301
412 3301
411 3301
410 3302
409 3302
408 3303
407 3303
406 3304
405 3304
404 3305
403 3305
402 3306
401 3306
400 3306
399 3306
398 3307
397 3307
396 3307
395 3307
394 3307
393 3307
392 3307
391 3307
390 3307
389 3307
388 3307
387 3307
386 3308
385 3308
384 3308
383 3308
382 3309
381 3309
380 3309
379 3309
378 3309
377 3309
376 3310
375 3310
374 3310
373 3310
372 3311
371 3312
370 3313
370 3314
369 3315
369 3316
369 3317
369 3318
369 3319
369 3320
369 3321
369 3322
369 3323
369 3324
369 3325
369 3326
369 3327
369 3328
370 3329
370 3330
370 3331
370 3332
371 3333
371 3334
372 3335
372 3336
372 3337
372 3338
373 3339
373 3340
373 3341
373 3342
374 3343
374 3344
374 3345
374 3346
375 3347
375 3348
375 3349
375 3350
376 3351
376 3352
376 3353
376 3354
377 3355
377 3356
378 3357
378 3358
378 3359
378 3360
379 3361
380 3362
381 3363
381 3364
382 3365
382 3366
383 3367
384 3368
385 3369
386 3369
387 3370
388 3370
389 3370
390 3370
391 3370
392 3370
393 3370
394 3370
395 3370
396 3370
397 3370
398 3370
399 3370
400 3370
401 3370
402 3370
403 3371
404 3371
405 3371
406 3371
407 3372
408 3372
409 3372
410 3372
411 3372
412 3372
413 3372
414 3372
415 3373
416 3373
417 3374
418 3374
419 3375
420 3375
421 3376
422 3376
423 3377
424 3377
425 3378
426 3378
427 3379
428 3379
429 3380
430 3380
431 3381
432 3381
433 3381
434 3381
435 3382
436 3382
437 3383
438 3383
439 3383
440 3383
441 3384
442 3384
443 3385
444 3385
445 3385
446 3385
447 3386
448 3386
449 3386
450 3386
451 3386
452 3386
453 3387
454 3387
455 3388
456 3388
457 3389
458 3390
459 3391
460 3391
461 3391
462 3391
463 3392
464 3392
465 3392
466 3392
467 3392
468 3392
469 3392
470 3392
471 3392
472 3392
473 3392
474 3392
475 3392
476 3392
477 3392
478 3392
479 3392
480 3392
481 3392
482 3392
483 3392
484 3392
485 3393
486 3393
487 3393
488 3393
489 3394
490 3394
491 3394
492 3394
493 3394
494 3394
495 3394
496 3394
497 3394
498 3394
499 3394
500 3394
501 3394
502 3394
503 3394
504 3394
505 3394
506 3394
507 3394
508 3394
509 3394
510 3394
511 3394
512 3394
513 3395
514 3395
515 3395
516 3395
517 3396
518 3396
519 3397
520 3397
521 3397
522 3397
523 3398
524 3398
525 3398
526 3398
527 3398
528 3398
529 3399
530 3399
531 3399
532 3399
533 3400
534 3400
535 3400
536 3400
537 3400
538 3400
539 3400
540 3400
541 3400
542 3400
543 3400
544 3400
545 3400
546 3400
547 3400
548 3400
549 3401
550 3401
551 3401
552 3401
553 3402
554 3402
555 3402
556 3402
557 3402
558 3402
559 3402
560 3402
561 3402
562 3402
563 3401
564 3401
565 3400
566 3399
567 3399
567 3398
568 3397
569 3397
569 3396
570 3395
571 3395
571 3394
572 3393
573 3393
574 3392
575 3391
576 3391
577 3390
578 3390
579 3390
580 3390
581 3389
582 3389
583 3389
584 3389
585 3388
586 3387
587 3386
588 3385
589 3385
589 3384
590 3383
591 3383
591 3382
592 3381
593 3381
593 3380
594 3379
595 3379
595 3378
596 3377
597 3376
597 3375
598 3374
598 3373
599 3372
599 3371
599 3370
600 3369
601 3368
601 3367
601 3366
601 3365
602 3364
602 3363
602 3362
602 3361
603 3360
603 3359
603 3358
604 3357
605 3356
605 3355
605 3354
605 3353
606 3352
606 3351
606 3350
606 3349
606 3348
606 3347
606 3346
606 3345
606 3344
606 3343
606 3342
606 3341
606 3340
606 3339
606 3338
606 3337
606 3336
606 3335
605 3334
605 3333
605 3332
605 3331
604 3330
603 3329
603 3328
603 3327
602 3326
601 3325
600 3324
599 3323
599 3322
598 3321
597 3320
597 3319
596 3318
595 3317
595 3316
595 3315
594 3314
593 3313
592 3312
591 3311
590 3310
589 3309
588 3308
587 3308
586 3307
585 3307
584 3306
583 3306
582 3305
581 3305
580 3305
579 3305
578 3305
577 3305
576 3305
575 3305
574 3305
573 3305
572 3304
571 3304
570 3303
569 3302
568 3302
567 3301
567 3300
566 3300
565 3299
564 3298
563 3297
562 3296
561 3296
560 3296
559 3295
558 3294
557 3294
556 3294
555 3294
554 3293
553 3293
552 3293
551 3293
550 3293
549 3293
548 3293
547 3293
546 3293
545 3293
544 3293
543 3293
542 3293
541 3293
540 3293
539 3293
538 3293
537 3293
536 3293
535 3293
534 3293
533 3293
532 3293
531 3293
530 3293
529 3293
528 3293
527 3293
526 3292
525 3292
524 3292
523 3292
522 3291
521 3291
520 3291
519 3291
518 3291
517 3291
516 3291
515 3291
514 3291
513 3291
512 3291
511 3291
510 3291
509 3291
508 3291
507 3291
506 3291
505 3291
504 3290
503 3290
502 3290
501 3290
500 3289
499 3289
498 3289
497 3289
