1223 2964
1222 2965
1221 2965
1220 2965
1219 2965
1218 2966
1217 2966
1216 2966
1215 2966
1214 2966
1213 2966
1212 2967
1211 2967
1210 2967
1209 2967
1208 2968
1207 2969
1206 2969
1205 2969
1204 2970
1203 2970
1202 2970
1201 2970
1200 2970
1199 2970
1198 2970
1197 2970
1196 2970
1195 2970
1194 2970
1193 2970
1192 2970
1191 2970
1190 2970
1189 2970
1188 2970
1187 2970
1186 2970
1185 2970
1184 2970
1183 2970
1182 2970
1181 2970
1180 2970
1179 2970
1178 2970
1177 2970
1176 2970
1175 2970
1174 2970
1173 2970
1172 2970
1171 2970
1170 2970
1169 2970
1168 2970
1167 2970
1166 2970
1165 2970
1164 2970
1163 2970
1162 2970
1161 2970
1160 2970
1159 2970
1158 2970
1157 2970
1156 2970
1155 2970
1154 2971
1153 2971
1152 2971
1151 2971
1150 2972
1149 2972
1148 2972
1147 2972
1146 2972
1145 2972
1144 2972
1143 2972
1142 2972
1141 2972
1140 2972
1139 2972
1138 2973
1137 2973
1136 2973
1135 2973
1134 2974
1133 2974
1132 2974
1131 2974
1130 2974
1129 2974
1128 2974
1127 2974
1126 2974
1125 2974
1124 2974
1123 2974
1122 2974
1121 2974
1120 2974
1119 2974
1118 2974
1117 2974
1116 2974
1115 2974
1114 2974
1113 2974
1112 2974
1111 2974
1110 2974
1109 2974
1108 2974
1107 2974
1106 2974
1105 2974
1104 2974
1103 2974
1102 2974
1101 2974
1100 2974
1099 2974
1098 2974
1097 2974
1096 2974
1095 2974
1094 2974
1093 2974
1092 2974
1091 2974
1090 2974
1089 2974
1088 2974
1087 2974
1086 2974
1085 2974
1084 2974
1083 2974
1082 2974
1081 2974
1080 2974
1079 2974
1078 2974
1077 2974
1076 2974
1075 2974
1074 2974
1073 2974
1072 2974
1071 2974
1070 2974
1069 2974
1068 2974
1067 2974
1066 2974
1065 2974
1064 2974
1063 2974
1062 2974
1061 2974
1060 2974
1059 2974
1058 2973
1057 2973
1056 2973
1055 2973
1054 2972
1053 2972
1052 2972
1051 2972
1050 2972
1049 2972
1048 2972
1047 2972
1046 2972
1045 2972
1044 2973
1043 2973
1042 2973
1041 2973
1040 2974
1039 2974
1038 2974
1037 2974
1036 2974
1035 2974
1034 2974
1033 2974
1032 2974
1031 2974
1030 2974
1029 2974
1028 2974
1027 2974
1026 2974
1025 2974
1024 2974
1023 2974
1022 2974
1021 2974
1020 2974
1019 2974
1018 2974
1017 2974
1016 2974
1015 2974
1014 2974
1013 2974
1012 2974
1011 2974
1010 2974
1009 2974
1008 2974
1007 2974
1006 2974
1005 2974
1004 2974
1003 2974
1002 2974
1001 2974
1000 2974
999 2974
998 2975
997 2975
996 2975
995 2975
994 2976
993 2977
992 2978
991 2978
990 2979
989 2979
988 2980
987 2980
986 2981
985 2981
984 2982
983 2982
982 2983
981 2983
980 2984
979 2985
978 2985
977 2985
976 2986
975 2987
974 2987
973 2987
972 2988
971 2988
970 2988
969 2988
969 2989
969 2990
969 2991
969 2992
969 2993
968 2994
968 2995
968 2996
968 2997
967 2998
967 2999
968 3000
968 3001
969 3002
970 3003
970 3004
971 3004
972 3005
972 3006
973 3007
974 3008
974 3009
975 3010
976 3011
977 3012
978 3012
979 3013
980 3013
981 3014
982 3014
983 3015
984 3015
985 3016
986 3017
987 3018
988 3018
989 3018
990 3019
991 3020
992 3020
993 3020
994 3021
995 3022
996 3022
997 3022
998 3023
999 3024
1000 3024
1001 3024
1002 3025
1003 3026
1004 3026
1005 3026
1006 3027
1007 3028
1008 3028
1009 3028
1010 3029
1011 3030
1012 3030
1013 3030
1014 3031
1015 3032
1016 3032
1017 3032
1018 3032
1019 3033
1020 3033
1021 3034
1022 3034
1023 3035
1024 3035
1025 3036
1026 3036
1027 3037
1028 3037
1029 3037
1030 3037
1031 3037
1032 3037
1033 3038
1034 3038
1035 3038
1036 3039
1037 3040
1038 3040
1039 3040
1040 3040
1041 3041
1042 3041
1043 3042
1044 3042
1045 3042
1046 3042
1047 3043
1048 3043
1049 3043
1050 3043
1051 3044
1052 3044
1053 3044
1054 3044
1055 3045
1056 3045
1057 3045
1058 3045
1059 3045
1060 3045
1061 3046
1062 3046
1063 3046
1064 3046
1065 3047
1066 3047
1067 3047
1068 3047
1069 3047
1070 3047
1071 3047
1072 3047
1073 3047
1074 3047
1075 3048
1076 3048
1077 3048
1078 3048
1079 3049
1080 3049
1081 3049
1082 3049
1083 3049
1084 3049
1085 3050
1086 3050
1087 3050
1088 3050
1089 3051
1090 3051
1091 3051
1092 3051
1093 3051
1094 3051
1095 3051
1096 3051
1097 3051
1098 3051
1099 3052
1100 3052
1101 3052
1102 3052
1103 3053
1104 3053
1105 3053
1106 3053
1107 3053
1108 3053
1109 3053
1110 3053
1111 3053
1112 3053
1113 3053
1114 3053
1115 3054
1116 3054
1117 3054
1118 3054
1119 3055
1120 3055
1121 3055
1122 3055
1123 3055
1124 3055
1125 3056
1126 3056
1127 3056
1128 3056
1129 3057
1130 3057
1131 3058
1132 3058
1133 3058
1134 3058
1135 3059
1136 3059
1137 3060
1138 3060
1139 3060
1140 3060
1141 3061
1142 3061
1143 3062
1144 3062
1145 3062
1146 3062
1147 3063
1148 3063
1149 3063
1150 3063
1151 3063
1152 3063
1153 3063
1154 3063
1155 3064
1156 3064
1157 3064
1158 3064
1159 3065
1160 3065
1161 3066
1162 3066
1163 3066
1164 3066
1165 3067
1166 3067
1167 3068
1168 3068
1169 3068
1170 3068
1171 3069
1172 3069
1173 3069
1174 3069
1175 3069
1176 3069
1177 3069
1178 3069
1179 3069
1180 3069
1181 3069
1182 3069
1183 3069
1184 3069
1185 3069
1186 3069
1187 3069
1188 3069
1189 3069
1190 3069
1191 3069
1192 3069
1193 3069
1194 3069
1195 3069
1196 3069
1197 3069
1198 3069
1199 3069
1200 3069
1201 3069
1202 3069
1203 3069
1204 3069
1205 3069
1206 3069
1207 3069
1208 3069
1209 3070
1210 3070
1211 3070
1212 3070
1213 3071
1214 3071
1215 3071
1216 3071
1217 3071
1218 3071
1219 3071
1220 3071
1221 3071
1222 3071
1223 3071
1224 3071
1225 3071
1226 3071
1227 3071
1228 3071
1229 3071
1230 3071
1231 3071
1232 3071
1233 3071
1234 3071
1235 3071
1236 3071
1237 3070
1238 3070
1239 3070
1240 3070
1241 3069
1242 3069
1243 3069
1244 3069
1245 3069
1246 3069
1247 3069
1248 3069
1249 3069
1250 3069
1251 3068
1252 3068
1253 3068
1254 3068
1255 3067
1256 3067
1257 3066
1258 3066
1259 3065
1260 3065
1261 3064
1262 3064
1263 3063
1264 3062
1265 3062
1266 3062
1267 3061
1268 3060
1269 3060
1270 3060
1271 3059
1272 3059
1273 3059
1274 3059
1275 3059
1276 3059
1277 3059
1278 3059
1279 3059
1280 3059
1281 3059
1282 3059
1283 3058
1284 3058
1285 3058
1286 3058
1287 3057
1288 3057
1289 3057
1290 3057
1291 3056
1292 3056
1293 3056
1294 3056
1295 3055
1296 3054
1297 3054
1298 3054
1299 3053
1300 3052
1301 3052
1302 3052
1303 3051
1304 3050
1305 3050
1306 3050
1307 3049
1308 3048
1309 3048
1310 3048
1311 3047
1312 3047
1313 3046
1314 3046
1315 3046
1316 3046
1317 3045
1318 3044
1319 3044
1320 3044
1321 3043
1322 3042
1323 3041
1324 3041
1325 3040
1326 3040
1327 3039
1328 3038
1329 3038
1330 3038
1331 3037
1332 3036
1333 3035
1334 3034
1335 3034
1335 3033
1336 3032
1337 3032
1337 3031
1338 3030
1339 3030
1339 3029
1340 3028
1341 3027
1341 3026
1342 3025
1342 3024
1342 3023
1342 3022
1343 3021
1343 3020
1343 3019
1343 3018
1344 3017
1344 3016
1345 3015
1345 3014
1345 3013
1345 3012
1346 3011
1346 3010
1346 3009
1346 3008
1346 3007
1346 3006
1346 3005
1346 3004
1346 3003
1346 3002
1345 3001
1345 3000
1344 2999
1343 2998
1343 2997
1342 2997
1341 2996
1340 2995
1339 2995
1338 2994
1337 2994
1336 2994
1335 2994
1334 2993
1333 2993
1332 2992
1331 2991
1330 2991
1329 2990
1328 2989
1327 2988
1326 2987
1325 2987
1324 2986
1323 2986
1322 2985
1321 2984
1320 2983
1319 2983
1318 2983
1317 2983
1316 2982
1315 2982
1314 2981
1313 2981
1312 2981
1311 2980
1310 2979
1309 2979
1308 2979
1307 2978
1306 2977
1305 2977
1304 2976
1303 2975
1302 2975
1301 2974
1301 2973
1300 2973
1299 2972
1298 2971
1297 2971
1296 2970
1295 2970
1294 2970
1293 2970
1292 2970
1291 2970
1290 2970
1289 2970
1288 2970
1287 2970
1286 2970
1285 2970
1284 2970
1283 2970
1282 2970
1281 2970
1280 2970
1279 2970
1278 2970
1277 2970
1276 2971
1275 2971
1274 2971
1273 2971
1272 2972
1271 2972
1270 2972
1269 2972
1268 2972
1267 2972
1266 2972
1265 2972
1264 2972
1263 2972
1262 2971
1261 2971
1260 2971
1259 2971
1258 2970
1257 2970
1256 2969
1255 2969
1254 2969
1253 2968
1252 2967
1251 2967
1250 2966
1249 2966
1248 2965
1247 2965
1246 2964
1245 2964
1244 2964
1243 2964
1242 2964
1241 2964
1240 2964
1239 2964
1238 2964
1237 2964
1236 2964
1235 2964
1234 2964
1233 2964
1232 2964
1231 2964
1230 2964
1229 2964
1228 2964
1227 2964
1226 2964
1225 2964
1224 2964
1223 2964
