953 1419
952 1420
951 1420
950 1420
949 1420
948 1421
947 1422
946 1422
945 1422
944 1423
943 1424
942 1424
941 1424
940 1425
939 1425
938 1426
937 1426
936 1426
935 1426
934 1427
933 1427
932 1428
931 1428
930 1428
929 1428
928 1429
927 1429
926 1430
925 1430
924 1430
923 1430
922 1431
921 1431
920 1431
919 1431
918 1432
917 1432
916 1432
915 1432
914 1433
913 1433
912 1433
911 1433
910 1433
909 1433
908 1434
907 1434
906 1434
905 1434
904 1435
903 1435
902 1435
901 1435
900 1435
899 1435
898 1435
897 1435
896 1435
895 1435
894 1436
893 1436
892 1436
891 1436
890 1437
889 1437
888 1437
887 1437
886 1437
885 1437
884 1438
883 1438
882 1438
881 1438
880 1439
879 1439
878 1439
877 1439
876 1439
875 1439
874 1440
873 1440
872 1440
871 1440
870 1441
869 1441
868 1441
867 1441
866 1441
865 1441
864 1441
863 1441
862 1441
861 1441
860 1441
859 1441
858 1441
857 1441
856 1441
855 1441
854 1441
853 1441
852 1441
851 1441
850 1441
849 1441
848 1442
847 1442
846 1442
845 1442
844 1443
843 1443
842 1443
841 1443
840 1443
839 1443
838 1444
837 1444
836 1444
835 1444
834 1445
833 1445
832 1445
831 1445
830 1445
829 1445
828 1445
827 1445
826 1445
825 1445
824 1445
823 1445
822 1445
821 1445
820 1445
819 1445
818 1445
817 1445
816 1445
815 1445
814 1445
813 1445
812 1445
811 1445
810 1445
809 1445
808 1445
807 1445
806 1445
805 1445
804 1445
803 1445
802 1445
801 1445
800 1444
799 1444
798 1444
797 1444
796 1443
795 1443
794 1443
793 1443
792 1443
791 1443
790 1442
789 1442
788 1442
787 1442
786 1441
785 1441
784 1441
783 1441
782 1441
781 1441
780 1440
779 1440
778 1440
777 1440
776 1439
775 1439
774 1439
773 1439
772 1439
771 1439
770 1439
769 1439
768 1439
767 1439
766 1439
765 1439
764 1439
763 1439
762 1438
761 1438
760 1438
759 1438
758 1437
757 1437
756 1437
755 1437
754 1437
753 1437
752 1437
751 1437
750 1437
749 1437
748 1437
747 1437
746 1438
745 1438
744 1439
743 1439
742 1440
741 1440
740 1441
739 1441
738 1442
737 1442
736 1443
735 1444
734 1445
734 1446
733 1447
733 1448
733 1449
733 1450
733 1451
733 1452
733 1453
733 1454
733 1455
733 1456
732 1457
732 1458
732 1459
732 1460
731 1461
731 1462
731 1463
731 1464
730 1465
730 1466
730 1467
729 1468
728 1469
728 1470
728 1471
727 1472
726 1473
726 1474
726 1475
726 1476
725 1477
725 1478
725 1479
725 1480
724 1481
724 1482
724 1483
724 1484
723 1485
723 1486
723 1487
723 1488
722 1489
722 1490
722 1491
721 1492
720 1493
720 1494
719 1495
719 1496
718 1497
718 1498
717 1499
717 1500
717 1501
717 1502
717 1503
717 1504
717 1505
717 1506
717 1507
717 1508
717 1509
717 1510
716 1511
716 1512
716 1513
716 1514
715 1515
715 1516
715 1517
715 1518
715 1519
715 1520
715 1521
715 1522
715 1523
715 1524
714 1525
714 1526
714 1527
713 1528
712 1529
712 1530
712 1531
712 1532
711 1533
711 1534
711 1535
711 1536
711 1537
711 1538
711 1539
711 1540
711 1541
711 1542
711 1543
711 1544
712 1545
712 1546
712 1547
712 1548
713 1549
714 1550
714 1551
714 1552
715 1553
715 1554
716 1555
716 1556
716 1557
716 1558
717 1559
717 1560
718 1561
718 1562
719 1563
720 1563
721 1564
722 1564
723 1565
724 1565
725 1565
726 1566
727 1567
728 1567
729 1568
730 1568
731 1569
732 1569
733 1570
734 1570
735 1570
736 1570
737 1570
738 1570
739 1570
740 1570
741 1571
742 1571
743 1572
744 1572
745 1573
746 1573
747 1574
748 1574
749 1575
750 1575
751 1575
752 1576
753 1577
754 1577
755 1577
756 1577
757 1578
758 1578
759 1579
760 1579
761 1579
762 1580
763 1581
764 1581
765 1581
766 1581
767 1582
768 1582
769 1583
770 1583
771 1583
772 1584
773 1585
774 1585
775 1585
776 1585
777 1586
778 1586
779 1586
780 1586
781 1586
782 1586
783 1586
784 1586
785 1586
786 1586
787 1586
788 1586
789 1586
790 1586
791 1586
792 1586
793 1587
794 1587
795 1588
796 1588
797 1589
798 1589
799 1590
800 1590
801 1590
802 1590
803 1591
804 1591
805 1591
806 1591
807 1592
808 1592
809 1593
810 1593
811 1593
812 1593
813 1594
814 1594
815 1595
816 1595
817 1595
818 1595
819 1596
820 1596
821 1596
822 1596
823 1597
824 1597
825 1597
826 1597
827 1598
828 1598
829 1598
830 1598
831 1598
832 1598
833 1598
834 1598
835 1598
836 1598
837 1598
838 1598
839 1599
840 1599
841 1599
842 1599
843 1600
844 1600
845 1600
846 1600
847 1600
848 1600
849 1600
850 1600
851 1600
852 1600
853 1600
854 1600
855 1600
856 1600
857 1600
858 1600
859 1600
860 1600
861 1600
862 1600
863 1600
864 1600
865 1601
866 1601
867 1601
868 1601
869 1602
870 1602
871 1602
872 1602
873 1602
874 1602
875 1602
876 1602
877 1602
878 1602
879 1601
880 1601
881 1601
882 1601
883 1600
884 1600
885 1600
886 1600
887 1600
888 1600
889 1599
890 1599
891 1599
892 1599
893 1598
894 1597
895 1597
896 1597
897 1596
898 1595
899 1595
900 1595
901 1594
902 1594
903 1594
904 1594
905 1594
906 1594
907 1594
908 1594
909 1594
910 1594
911 1594
912 1594
913 1595
914 1595
915 1595
916 1595
917 1596
918 1596
919 1597
920 1597
921 1598
922 1598
923 1599
924 1599
925 1600
926 1600
927 1600
928 1600
929 1600
930 1600
931 1601
932 1601
933 1601
934 1601
935 1602
936 1602
937 1602
938 1602
939 1602
940 1602
941 1602
942 1602
943 1602
944 1602
945 1602
946 1602
947 1602
948 1602
949 1602
950 1602
951 1602
952 1602
953 1601
954 1601
955 1601
956 1601
957 1600
958 1599
959 1598
960 1597
961 1597
962 1596
963 1595
964 1595
965 1594
966 1593
967 1593
968 1593
969 1592
970 1591
971 1591
972 1591
973 1590
974 1590
975 1590
976 1590
977 1589
978 1589
979 1589
980 1589
981 1588
982 1587
983 1587
984 1587
985 1586
986 1586
987 1586
988 1586
989 1586
990 1586
991 1587
992 1587
993 1587
994 1587
995 1588
996 1588
997 1588
998 1588
999 1589
1000 1589
1001 1589
1002 1589
1003 1590
1004 1590
1005 1590
1006 1590
1007 1590
1008 1590
1009 1590
1010 1590
1011 1590
1012 1590
1013 1590
1014 1590
1015 1590
1016 1590
1017 1590
1018 1590
1019 1589
1020 1589
1021 1589
1022 1589
1023 1588
1024 1588
1025 1588
1026 1588
1027 1588
1028 1588
1029 1588
1030 1588
1031 1587
1032 1587
1033 1587
1034 1587
1035 1586
1036 1586
1037 1586
1038 1586
1039 1586
1040 1586
1041 1585
1042 1585
1043 1585
1044 1585
1045 1584
1046 1584
1047 1583
1048 1583
1049 1583
1050 1583
1051 1582
1052 1582
1053 1581
1054 1581
1055 1581
1056 1581
1057 1580
1058 1580
1059 1580
1060 1580
1061 1580
1062 1580
1063 1579
1064 1579
1065 1578
1066 1577
1067 1577
1067 1576
1068 1575
1069 1574
1070 1573
1071 1572
1071 1571
1071 1570
1072 1569
1073 1568
1073 1567
1073 1566
1074 1565
1075 1564
1075 1563
1075 1562
1076 1561
1077 1560
1077 1559
1077 1558
1077 1557
1078 1556
1078 1555
1079 1554
1079 1553
1079 1552
1080 1551
1081 1550
1081 1549
1081 1548
1081 1547
1082 1546
1082 1545
1082 1544
1082 1543
1082 1542
1082 1541
1082 1540
1082 1539
1082 1538
1082 1537
1082 1536
1082 1535
1082 1534
1082 1533
1082 1532
1082 1531
1082 1530
1082 1529
1082 1528
1082 1527
1082 1526
1082 1525
1082 1524
1082 1523
1082 1522
1082 1521
1082 1520
1082 1519
1082 1518
1082 1517
1082 1516
1082 1515
1082 1514
1082 1513
1082 1512
1082 1511
1082 1510
1082 1509
1082 1508
1082 1507
1083 1506
1083 1505
1083 1504
1083 1503
1084 1502
1084 1501
1084 1500
1084 1499
1084 1498
1084 1497
1083 1496
1083 1495
1083 1494
1083 1493
1082 1492
1081 1491
1080 1490
1080 1489
1079 1488
1079 1487
1078 1486
1078 1485
1078 1484
1078 1483
1077 1482
1077 1481
1077 1480
1077 1479
1076 1478
1076 1477
1075 1476
1075 1475
1074 1474
1073 1473
1073 1472
1072 1472
1071 1471
1071 1470
1070 1470
1069 1469
1069 1468
1068 1467
1067 1466
1067 1465
1066 1464
1066 1463
1065 1462
1065 1461
1064 1460
1063 1459
1062 1458
1061 1458
1060 1457
1059 1456
1058 1456
1057 1455
1056 1454
1055 1453
1054 1452
1053 1452
1052 1452
1051 1451
1050 1450
1049 1450
1048 1450
1047 1450
1046 1449
1045 1449
1044 1448
1043 1448
1042 1448
1041 1447
1040 1446
1039 1446
1038 1446
1037 1446
1036 1445
1035 1445
1034 1444
1033 1444
1032 1444
1031 1443
1030 1442
1029 1442
1028 1442
1027 1441
1026 1440
1025 1440
1024 1440
1023 1439
1022 1438
1021 1438
1020 1438
1019 1437
1018 1436
1017 1436
1016 1436
1015 1435
1014 1434
1013 1434
1012 1434
1011 1433
1010 1432
1009 1432
1008 1432
1007 1432
1006 1431
1005 1431
1004 1430
1003 1430
1002 1430
1001 1430
1000 1429
999 1429
998 1428
997 1428
996 1428
995 1428
994 1427
993 1427
992 1427
991 1427
990 1426
989 1426
988 1426
987 1425
986 1424
985 1424
984 1424
983 1424
982 1423
981 1423
980 1422
979 1422
978 1422
977 1422
976 1421
975 1421
974 1421
973 1421
972 1421
971 1421
970 1421
969 1421
968 1421
967 1421
966 1420
965 1420
964 1420
963 1420
962 1419
961 1419
960 1419
959 1419
958 1419
957 1419
956 1419
955 1419
954 1419
953 1419
