1155 1955
1154 1956
1153 1956
1152 1956
1151 1956
1150 1957
1149 1957
1148 1957
1147 1957
1146 1957
1145 1957
1144 1958
1143 1958
1142 1958
1141 1958
1140 1959
1139 1959
1138 1959
1137 1959
1136 1959
1135 1959
1134 1959
1133 1959
1132 1960
1131 1960
1130 1961
1129 1961
1128 1962
1127 1962
1126 1963
1125 1963
1124 1963
1123 1963
1122 1963
1121 1963
1120 1964
1119 1964
1118 1965
1117 1966
1116 1966
1116 1967
1115 1968
1114 1968
1114 1969
1113 1970
1112 1970
1112 1971
1111 1972
1110 1972
1109 1973
1108 1974
1107 1974
1106 1975
1105 1976
1104 1977
1103 1977
1102 1978
1101 1978
1100 1979
1099 1980
1098 1981
1097 1981
1096 1982
1095 1982
1094 1983
1093 1983
1092 1983
1091 1983
1090 1983
1089 1983
1088 1982
1087 1982
1086 1982
1085 1982
1084 1981
1083 1981
1082 1981
1081 1981
1080 1981
1079 1981
1078 1980
1077 1980
1076 1980
1075 1980
1074 1979
1073 1979
1072 1979
1071 1979
1070 1979
1069 1979
1068 1979
1067 1979
1066 1979
1065 1979
1064 1978
1063 1978
1062 1978
1061 1977
1060 1976
1059 1976
1058 1976
1057 1976
1056 1975
1055 1975
1054 1975
1053 1975
1052 1975
1051 1975
1050 1974
1049 1974
1048 1974
1047 1974
1046 1973
1045 1973
1044 1974
1043 1974
1042 1974
1041 1974
1040 1975
1039 1976
1038 1976
1037 1976
1036 1977
1035 1977
1034 1978
1033 1978
1032 1978
1031 1978
1030 1979
1029 1979
1028 1980
1027 1980
1026 1980
1025 1980
1024 1981
1023 1982
1022 1983
1021 1984
1020 1984
1019 1985
1018 1986
1017 1986
1016 1987
1015 1987
1014 1987
1013 1987
1012 1987
1011 1987
1010 1987
1009 1987
1008 1987
1007 1987
1006 1987
1005 1987
1004 1987
1003 1987
1002 1987
1001 1987
1000 1988
999 1988
998 1988
997 1988
996 1989
995 1989
994 1989
993 1989
992 1989
991 1989
990 1989
989 1989
988 1989
987 1989
986 1989
985 1989
984 1989
983 1989
982 1989
981 1989
980 1989
979 1989
978 1989
977 1989
976 1989
975 1989
974 1989
973 1989
972 1989
971 1989
970 1989
969 1989
968 1989
967 1989
966 1989
965 1989
964 1989
963 1989
962 1989
961 1989
960 1989
959 1989
958 1990
957 1990
956 1990
955 1990
954 1991
953 1991
952 1991
951 1991
950 1992
949 1992
948 1992
947 1992
946 1993
945 1993
944 1993
943 1993
942 1994
941 1994
940 1994
939 1994
938 1995
937 1995
936 1995
935 1995
934 1995
933 1995
932 1996
931 1996
930 1996
929 1996
928 1997
927 1998
926 1999
925 2000
924 2000
923 2001
922 2002
921 2002
920 2003
919 2003
918 2003
917 2003
916 2003
915 2003
914 2003
913 2003
912 2003
911 2003
910 2003
909 2003
908 2004
907 2004
906 2005
905 2006
904 2007
903 2008
902 2009
901 2009
900 2009
899 2009
898 2009
897 2009
896 2009
895 2009
894 2009
893 2009
892 2010
891 2010
890 2010
889 2010
888 2011
887 2011
886 2011
885 2011
884 2012
883 2012
882 2012
881 2012
880 2013
879 2013
878 2013
877 2013
876 2014
875 2014
874 2014
873 2014
872 2015
871 2015
870 2016
869 2016
868 2016
867 2016
866 2017
865 2017
864 2017
863 2017
862 2018
861 2018
860 2019
859 2019
858 2020
857 2020
856 2021
855 2021
854 2021
853 2021
852 2021
851 2021
850 2021
849 2021
848 2021
847 2021
846 2021
845 2021
844 2021
843 2021
842 2021
841 2021
840 2021
839 2021
838 2021
837 2021
836 2021
835 2021
834 2021
833 2021
832 2021
831 2021
830 2022
829 2022
828 2023
827 2023
826 2024
825 2024
824 2025
823 2025
822 2025
821 2025
820 2025
819 2025
818 2026
817 2026
816 2026
815 2026
814 2027
813 2027
812 2027
811 2027
810 2028
809 2028
808 2028
807 2028
806 2029
805 2029
804 2029
803 2029
802 2029
801 2029
800 2029
799 2029
798 2030
797 2030
796 2030
795 2030
794 2031
793 2032
792 2033
791 2033
790 2034
789 2034
788 2035
787 2035
786 2036
785 2036
784 2036
783 2036
782 2037
781 2037
780 2037
779 2037
778 2037
777 2037
776 2037
775 2037
774 2037
773 2037
772 2038
771 2038
770 2039
769 2040
768 2041
768 2042
767 2043
767 2044
767 2045
767 2046
767 2047
767 2048
767 2049
767 2050
767 2051
767 2052
768 2053
768 2054
768 2055
768 2056
769 2057
769 2058
769 2059
769 2060
769 2061
769 2062
769 2063
769 2064
770 2065
770 2066
770 2067
770 2068
771 2069
771 2070
771 2071
771 2072
772 2073
772 2074
772 2075
772 2076
773 2077
774 2078
774 2079
774 2080
775 2081
775 2082
775 2083
775 2084
776 2085
776 2086
777 2087
778 2088
778 2089
779 2089
780 2090
781 2091
782 2091
783 2092
784 2092
785 2093
786 2093
787 2093
788 2093
789 2094
790 2094
791 2095
792 2095
793 2096
794 2096
795 2097
796 2097
797 2098
798 2098
799 2098
800 2098
801 2099
802 2099
803 2099
804 2100
805 2101
806 2101
807 2101
808 2101
809 2102
810 2102
811 2102
812 2102
813 2102
814 2102
815 2103
816 2103
817 2103
818 2103
819 2104
820 2104
821 2104
822 2104
823 2104
824 2104
825 2104
826 2104
827 2104
828 2104
829 2103
830 2103
831 2103
832 2103
833 2102
834 2102
835 2102
836 2102
837 2102
838 2102
839 2102
840 2102
841 2102
842 2102
843 2103
844 2103
845 2104
846 2104
847 2105
848 2105
849 2106
850 2106
851 2106
852 2106
853 2106
854 2106
855 2107
856 2107
857 2107
858 2107
859 2108
860 2108
861 2108
862 2108
863 2107
864 2107
865 2107
866 2107
867 2106
868 2106
869 2106
870 2106
871 2106
872 2106
873 2106
874 2106
875 2107
876 2107
877 2107
878 2108
879 2109
880 2109
881 2110
882 2110
883 2111
884 2111
885 2112
886 2112
887 2112
888 2112
889 2112
890 2112
891 2113
892 2113
893 2113
894 2114
895 2115
896 2115
897 2116
898 2117
899 2117
900 2118
900 2119
901 2119
902 2120
903 2121
904 2121
905 2122
906 2122
907 2122
908 2122
909 2122
910 2122
911 2123
912 2123
913 2123
914 2123
915 2124
916 2124
917 2124
918 2124
919 2124
920 2124
921 2124
922 2124
923 2124
924 2124
925 2124
926 2124
927 2124
928 2124
929 2124
930 2124
931 2124
932 2124
933 2123
934 2123
935 2123
936 2123
937 2122
938 2121
939 2120
940 2120
941 2119
942 2119
943 2118
944 2118
945 2117
946 2117
947 2117
948 2117
949 2116
950 2116
951 2116
952 2116
953 2116
954 2116
955 2116
956 2116
957 2116
958 2116
959 2116
960 2116
961 2116
962 2116
963 2116
964 2116
965 2116
966 2116
967 2116
968 2116
969 2116
970 2116
971 2116
972 2116
973 2116
974 2116
975 2116
976 2116
977 2116
978 2116
979 2116
980 2116
981 2116
982 2116
983 2116
984 2116
985 2116
986 2116
987 2116
988 2116
989 2116
990 2116
991 2116
992 2116
993 2116
994 2116
995 2116
996 2116
997 2116
998 2116
999 2116
1000 2116
1001 2116
1002 2116
1003 2117
1004 2117
1005 2117
1006 2117
1007 2118
1008 2118
1009 2118
1010 2118
1011 2119
1012 2119
1013 2119
1014 2120
1015 2121
1016 2121
1017 2121
1018 2121
1019 2122
1020 2122
1021 2122
1022 2122
1023 2122
1024 2122
1025 2122
1026 2122
1027 2122
1028 2122
1029 2123
1030 2123
1031 2123
1032 2123
1033 2124
1034 2124
1035 2124
1036 2124
1037 2124
1038 2124
1039 2124
1040 2124
1041 2125
1042 2125
1043 2125
1044 2126
1045 2127
1046 2127
1047 2128
1048 2128
1049 2129
1050 2130
1051 2131
1052 2131
1053 2131
1054 2131
1055 2132
1056 2132
1057 2132
1058 2132
1059 2132
1060 2132
1061 2133
1062 2133
1063 2133
1064 2133
1065 2134
1066 2134
1067 2134
1068 2134
1069 2134
1070 2134
1071 2134
1072 2134
1073 2134
1074 2134
1075 2134
1076 2134
1077 2133
1078 2133
1079 2133
1080 2133
1081 2132
1082 2132
1083 2131
1084 2131
1085 2131
1086 2131
1087 2130
1088 2129
1089 2129
1090 2129
1091 2128
1092 2128
1093 2128
1094 2128
1095 2128
1096 2128
1097 2127
1098 2127
1099 2127
1100 2127
1101 2127
1102 2128
1103 2129
1104 2130
1105 2131
1106 2132
1107 2133
1108 2133
1109 2134
1110 2134
1111 2135
1112 2136
1113 2137
1114 2137
1115 2138
1116 2139
1117 2139
1118 2140
1119 2141
1120 2142
1121 2143
1122 2143
1123 2143
1124 2143
1125 2144
1126 2144
1127 2144
1128 2144
1129 2144
1130 2144
1131 2145
1132 2145
1133 2145
1134 2145
1135 2146
1136 2146
1137 2146
1138 2146
1139 2146
1140 2146
1141 2145
1142 2145
1143 2144
1144 2144
1145 2143
1146 2143
1147 2142
1148 2142
1149 2142
1150 2142
1151 2142
1152 2142
1153 2142
1154 2142
1155 2142
1156 2142
1157 2142
1158 2142
1159 2142
1160 2142
1161 2142
1162 2142
1163 2142
1164 2142
1165 2142
1166 2142
1167 2142
1168 2142
1169 2142
1170 2142
1171 2142
1172 2142
1173 2142
1174 2142
1175 2141
1176 2141
1177 2141
1178 2141
1179 2140
1180 2140
1181 2139
1182 2139
1183 2139
1184 2139
1185 2138
1186 2137
1187 2137
1188 2137
1189 2136
1190 2135
1191 2135
1192 2135
1193 2134
1194 2133
1195 2133
1196 2133
1197 2132
1198 2131
1199 2130
1200 2129
1201 2129
1202 2128
1203 2127
1204 2127
1205 2126
1206 2126
1207 2126
1208 2126
1209 2125
1210 2125
1211 2124
1212 2123
1213 2123
1213 2122
1214 2121
1215 2121
1216 2120
1217 2119
1218 2119
1219 2118
1220 2117
1221 2116
1222 2115
1223 2115
1223 2114
1224 2113
1225 2113
1225 2112
1226 2111
1227 2110
1227 2109
1228 2108
1228 2107
1229 2106
1229 2105
1230 2104
1231 2103
1231 2102
1232 2101
1233 2100
1233 2099
1234 2098
1234 2097
1234 2096
1234 2095
1234 2094
1234 2093
1234 2092
1234 2091
1234 2090
1234 2089
1234 2088
1234 2087
1235 2086
1235 2085
1236 2084
1236 2083
1237 2082
1238 2081
1239 2080
1239 2079
1239 2078
1239 2077
1240 2076
1240 2075
1241 2074
1241 2073
1241 2072
1241 2071
1242 2070
1242 2069
1242 2068
1242 2067
1242 2066
1242 2065
1242 2064
1242 2063
1242 2062
1242 2061
1242 2060
1242 2059
1242 2058
1242 2057
1242 2056
1242 2055
1242 2054
1242 2053
1242 2052
1242 2051
1241 2050
1241 2049
1241 2048
1241 2047
1240 2046
1240 2045
1239 2044
1239 2043
1239 2042
1239 2041
1238 2040
1238 2039
1238 2038
1238 2037
1238 2036
1238 2035
1238 2034
1238 2033
1238 2032
1238 2031
1237 2030
1237 2029
1236 2028
1236 2027
1235 2026
1235 2025
1234 2024
1234 2023
1233 2022
1233 2021
1233 2020
1233 2019
1232 2018
1231 2017
1231 2016
1231 2015
1230 2014
1229 2013
1229 2012
1229 2011
1228 2010
1227 2009
1226 2008
1225 2007
1225 2006
1224 2006
1223 2005
1223 2004
1222 2004
1221 2003
1221 2002
1220 2002
1219 2001
1219 2000
1218 2000
1217 1999
1217 1998
1216 1997
1215 1996
1215 1995
1214 1994
1214 1993
1213 1992
1213 1991
1212 1990
1211 1989
1210 1988
1209 1988
1208 1987
1207 1986
1206 1986
1205 1985
1205 1984
1204 1984
1203 1983
1203 1982
1202 1981
1201 1980
1201 1979
1200 1978
1199 1977
1198 1976
1198 1975
1197 1974
1197 1973
1196 1972
1196 1971
1196 1970
1196 1969
1196 1968
1196 1967
1195 1966
1195 1965
1194 1964
1193 1963
1192 1962
1191 1961
1190 1960
1189 1960
1188 1959
1187 1959
1186 1958
1185 1957
1184 1956
1183 1956
1182 1956
1181 1956
1180 1955
1179 1955
1178 1955
1177 1955
1176 1955
1175 1955
1174 1955
1173 1955
1172 1955
1171 1955
1170 1955
1169 1955
1168 1955
1167 1955
1166 1955
1165 1955
1164 1955
1163 1955
1162 1955
1161 1955
1160 1955
1159 1955
1158 1955
1157 1955
1156 1955
1155 1955
