1031 395
1030 396
1029 396
1028 397
1027 398
1026 398
1026 399
1025 400
1024 400
1024 401
1023 402
1022 402
1022 403
1021 404
1020 404
1019 405
1018 406
1017 406
1016 407
1015 408
1014 408
1013 408
1012 409
1011 410
1010 410
1009 410
1008 411
1007 411
1006 411
1005 411
1004 411
1003 411
1002 411
1001 411
1000 411
999 411
998 411
997 411
996 411
995 411
994 411
993 411
992 410
991 410
990 410
989 409
988 408
987 408
986 408
985 408
984 407
983 407
982 406
981 406
980 406
979 406
978 405
977 405
976 405
975 405
974 405
973 405
972 404
971 404
970 404
969 404
968 403
967 403
966 403
965 403
964 403
963 403
962 403
961 403
960 403
959 403
958 403
957 403
956 404
955 404
954 404
953 404
952 405
951 405
950 405
949 405
948 405
947 405
946 405
945 405
944 406
943 406
942 406
941 406
940 407
939 408
938 408
937 408
936 409
935 410
934 411
933 412
932 412
932 413
931 414
930 414
930 415
929 416
928 416
927 417
926 418
925 418
924 419
923 419
922 419
921 419
920 420
919 420
918 420
917 420
916 421
915 422
914 423
913 424
912 424
912 425
911 426
910 426
910 427
909 428
908 428
908 429
907 430
906 430
906 431
905 432
904 432
904 433
903 434
902 434
902 435
901 436
900 436
900 437
899 438
898 438
898 439
897 440
896 441
896 442
895 443
895 444
895 445
895 446
895 447
895 448
894 449
894 450
894 451
894 452
893 453
893 454
893 455
893 456
893 457
893 458
892 459
892 460
891 461
891 462
890 463
890 464
889 465
889 466
889 467
889 468
888 469
888 470
888 471
888 472
887 473
887 474
886 475
886 476
885 477
885 478
884 479
884 480
883 481
883 482
883 483
883 484
883 485
883 486
883 487
883 488
883 489
883 490
883 491
883 492
883 493
883 494
883 495
883 496
883 497
883 498
884 499
884 500
884 501
884 502
885 503
886 504
887 505
888 506
888 507
889 507
890 508
890 509
891 509
892 510
892 511
893 511
894 512
894 513
895 513
896 514
896 515
897 515
898 516
899 517
900 517
901 518
902 518
903 519
904 519
905 520
906 520
907 521
908 522
909 523
910 523
911 524
912 525
913 525
914 526
915 527
916 528
917 529
918 529
919 529
920 529
921 530
922 530
923 531
924 531
925 531
926 532
927 533
928 533
929 533
930 533
931 534
932 534
933 535
934 535
935 535
936 535
937 536
938 536
939 537
940 537
941 537
942 537
943 538
944 538
945 538
946 538
947 539
948 539
949 539
950 539
951 540
952 540
953 541
954 541
955 541
956 541
957 542
958 542
959 542
960 542
961 543
962 543
963 543
964 543
965 544
966 544
967 545
968 545
969 545
970 546
971 547
972 547
973 547
974 547
975 548
976 548
977 549
978 549
979 549
980 549
981 550
982 550
983 550
984 550
985 550
986 550
987 550
988 550
989 550
990 550
991 550
992 550
993 550
994 550
995 550
996 550
997 550
998 550
999 550
1000 550
1001 550
1002 550
1003 550
1004 550
1005 550
1006 550
1007 550
1008 550
1009 550
1010 550
1011 550
1012 550
1013 550
1014 550
1015 550
1016 550
1017 550
1018 550
1019 551
1020 551
1021 552
1022 552
1023 553
1024 553
1025 554
1026 554
1027 554
1028 554
1029 555
1030 555
1031 555
1032 555
1033 556
1034 556
1035 557
1036 557
1037 558
1038 558
1039 559
1040 559
1041 560
1042 560
1043 560
1044 560
1045 560
1046 560
1047 560
1048 560
1049 561
1050 561
1051 561
1052 561
1053 562
1054 562
1055 562
1056 562
1057 562
1058 562
1059 562
1060 562
1061 562
1062 562
1063 562
1064 562
1065 562
1066 562
1067 562
1068 562
1069 562
1070 562
1071 562
1072 562
1073 562
1074 562
1075 562
1076 562
1077 562
1078 562
1079 562
1080 562
1081 561
1082 561
1083 560
1084 560
1085 559
1086 559
1087 558
1088 558
1089 558
1090 558
1091 558
1092 558
1093 558
1094 558
1095 558
1096 558
1097 558
1098 558
1099 558
1100 558
1101 558
1102 558
1103 558
1104 558
1105 558
1106 558
1107 558
1108 558
1109 558
1110 558
1111 558
1112 558
1113 558
1114 558
1115 558
1116 558
1117 558
1118 558
1119 558
1120 558
1121 558
1122 558
1123 558
1124 558
1125 558
1126 558
1127 558
1128 558
1129 558
1130 558
1131 559
1132 559
1133 559
1134 559
1135 560
1136 560
1137 560
1138 560
1139 560
1140 560
1141 560
1142 560
1143 560
1144 560
1145 560
1146 560
1147 560
1148 560
1149 560
1150 560
1151 560
1152 560
1153 560
1154 560
1155 559
1156 559
1157 559
1158 559
1159 558
1160 558
1161 557
1162 557
1163 557
1164 557
1165 556
1166 556
1167 556
1168 556
1169 556
1170 556
1171 556
1172 556
1173 556
1174 556
1175 556
1176 556
1177 556
1178 556
1179 556
1180 556
1181 556
1182 556
1183 556
1184 556
1185 556
1186 556
1187 555
1188 555
1189 555
1190 555
1191 554
1192 554
1193 553
1194 553
1195 553
1196 553
1197 552
1198 552
1199 551
1200 551
1201 551
1202 551
1203 550
1204 549
1205 549
1206 549
1207 548
1208 548
1209 548
1210 548
1211 548
1212 548
1213 547
1214 547
1215 547
1216 547
1217 546
1218 545
1219 544
1220 544
1221 543
1222 543
1223 542
1224 542
1225 542
1226 542
1227 541
1228 541
1229 541
1230 541
1231 540
1232 540
1233 540
1234 540
1235 540
1236 540
1237 539
1238 539
1239 539
1240 539
1241 538
1242 537
1243 537
1244 537
1245 536
1246 536
1247 536
1248 536
1249 535
1250 535
1251 534
1252 533
1253 533
1253 532
1254 531
1255 531
1256 530
1257 529
1258 529
1259 528
1260 527
1261 527
1262 527
1263 526
1264 525
1265 525
1266 525
1267 524
1268 524
1269 524
1270 524
1271 524
1272 524
1273 524
1274 524
1275 524
1276 524
1277 523
1278 523
1279 523
1280 523
1281 522
1282 522
1283 521
1284 521
1285 520
1286 519
1287 518
1287 517
1288 516
1288 515
1289 514
1289 513
1290 512
1290 511
1291 510
1291 509
1291 508
1291 507
1292 506
1292 505
1293 504
1293 503
1294 502
1295 501
1296 500
1296 499
1297 498
1297 497
1297 496
1297 495
1298 494
1298 493
1298 492
1298 491
1297 490
1297 489
1297 488
1297 487
1296 486
1295 485
1294 484
1294 483
1293 482
1293 481
1292 480
1292 479
1292 478
1292 477
1292 476
1292 475
1292 474
1292 473
1292 472
1292 471
1292 470
1292 469
1292 468
1292 467
1292 466
1292 465
1292 464
1292 463
1292 462
1292 461
1292 460
1292 459
1292 458
1292 457
1292 456
1292 455
1292 454
1292 453
1292 452
1292 451
1292 450
1292 449
1292 448
1292 447
1292 446
1292 445
1292 444
1292 443
1292 442
1292 441
1292 440
1292 439
1292 438
1292 437
1291 436
1291 435
1290 434
1289 433
1288 432
1287 431
1286 430
1285 430
1284 430
1283 429
1282 428
1281 428
1280 427
1279 426
1278 426
1277 425
1277 424
1276 424
1275 423
1275 422
1274 422
1273 421
1273 420
1272 420
1271 419
1271 418
1270 418
1269 417
1268 416
1267 416
1266 415
1265 415
1264 414
1263 414
1262 414
1261 414
1260 413
1259 413
1258 412
1257 412
1256 412
1255 412
1254 411
1253 411
1252 411
1251 411
1250 411
1249 411
1248 411
1247 411
1246 410
1245 410
1244 410
1243 410
1242 409
1241 409
1240 409
1239 409
1238 409
1237 409
1236 409
1235 409
1234 409
1233 409
1232 409
1231 409
1230 409
1229 409
1228 409
1227 409
1226 409
1225 409
1224 409
1223 409
1222 409
1221 409
1220 409
1219 409
1218 408
1217 408
1216 408
1215 408
1214 407
1213 407
1212 407
1211 407
1210 407
1209 407
1208 407
1207 407
1206 407
1205 407
1204 407
1203 407
1202 407
1201 407
1200 407
1199 407
1198 407
1197 407
1196 407
1195 407
1194 407
1193 407
1192 407
1191 407
1190 407
1189 407
1188 407
1187 407
1186 407
1185 407
1184 407
1183 407
1182 407
1181 407
1180 407
1179 407
1178 407
1177 407
1176 407
1175 407
1174 407
1173 407
1172 407
1171 407
1170 406
1169 406
1168 406
1167 406
1166 405
1165 405
1164 405
1163 405
1162 405
1161 405
1160 405
1159 405
1158 405
1157 405
1156 405
1155 405
1154 405
1153 405
1152 405
1151 405
1150 405
1149 405
1148 405
1147 405
1146 405
1145 405
1144 405
1143 405
1142 405
1141 405
1140 405
1139 405
1138 405
1137 405
1136 405
1135 405
1134 405
1133 405
1132 405
1131 405
1130 405
1129 405
1128 405
1127 405
1126 405
1125 405
1124 405
1123 405
1122 405
1121 405
1120 405
1119 405
1118 405
1117 405
1116 405
1115 405
1114 405
1113 405
1112 405
1111 405
1110 405
1109 405
1108 405
1107 405
1106 405
1105 405
1104 405
1103 405
1102 405
1101 405
1100 404
1099 404
1098 403
1097 403
1096 402
1095 401
1094 400
1093 400
1092 400
1091 400
1090 399
1089 399
1088 399
1087 399
1086 399
1085 399
1084 399
1083 399
1082 399
1081 399
1080 399
1079 399
1078 398
1077 398
1076 398
1075 398
1074 397
1073 397
1072 397
1071 397
1070 397
1069 397
1068 397
1067 397
1066 397
1065 397
1064 397
1063 397
1062 397
1061 397
1060 397
1059 397
1058 397
1057 397
1056 397
1055 397
1054 397
1053 397
1052 396
1051 396
1050 396
1049 396
1048 395
1047 395
1046 395
1045 395
1044 395
1043 395
1042 395
1041 395
1040 395
1039 395
1038 395
1037 395
1036 395
1035 395
1034 395
1033 395
1032 395
1031 395
