1249 2949
1248 2950
1247 2950
1246 2950
1245 2950
1244 2951
1243 2951
1242 2951
1241 2951
1240 2951
1239 2951
1238 2951
1237 2951
1236 2951
1235 2951
1234 2951
1233 2951
1232 2951
1231 2951
1230 2951
1229 2951
1228 2951
1227 2951
1226 2951
1225 2951
1224 2951
1223 2951
1222 2952
1221 2952
1220 2952
1219 2952
1218 2953
1217 2953
1216 2953
1215 2953
1214 2953
1213 2953
1212 2954
1211 2954
1210 2954
1209 2954
1208 2955
1207 2955
1206 2955
1205 2955
1204 2955
1203 2955
1202 2955
1201 2955
1200 2956
1199 2956
1198 2956
1197 2956
1196 2957
1195 2957
1194 2957
1193 2957
1192 2957
1191 2957
1190 2957
1189 2957
1188 2957
1187 2957
1186 2957
1185 2957
1184 2957
1183 2957
1182 2958
1181 2958
1180 2958
1179 2958
1178 2959
1177 2959
1176 2959
1175 2959
1174 2959
1173 2959
1172 2959
1171 2959
1170 2959
1169 2959
1168 2959
1167 2959
1166 2959
1165 2959
1164 2959
1163 2959
1162 2960
1161 2960
1160 2960
1159 2960
1158 2961
1157 2961
1156 2961
1155 2961
1154 2961
1153 2961
1152 2961
1151 2961
1150 2961
1149 2961
1148 2961
1147 2961
1146 2962
1145 2962
1144 2963
1144 2964
1143 2965
1143 2966
1142 2967
1142 2968
1141 2969
1140 2970
1140 2971
1139 2972
1138 2972
1138 2973
1137 2974
1136 2974
1136 2975
1135 2976
1134 2977
1133 2978
1132 2979
1132 2980
1132 2981
1131 2982
1130 2983
1130 2984
1130 2985
1130 2986
1129 2987
1129 2988
1128 2989
1128 2990
1127 2991
1127 2992
1126 2993
1125 2994
1124 2995
1124 2996
1123 2997
1123 2998
1122 2999
1122 3000
1121 3001
1121 3002
1120 3003
1120 3004
1120 3005
1119 3006
1118 3007
1118 3008
1117 3009
1116 3010
1116 3011
1115 3012
1114 3012
1114 3013
1113 3014
1112 3014
1112 3015
1111 3016
1110 3017
1110 3018
1109 3019
1109 3020
1108 3021
1108 3022
1108 3023
1107 3024
1106 3025
1106 3026
1105 3027
1104 3028
1104 3029
1103 3030
1102 3031
1101 3032
1100 3033
1100 3034
1100 3035
1100 3036
1099 3037
1099 3038
1099 3039
1099 3040
1099 3041
1099 3042
1099 3043
1099 3044
1099 3045
1099 3046
1098 3047
1098 3048
1098 3049
1098 3050
1097 3051
1097 3052
1096 3053
1096 3054
1096 3055
1096 3056
1095 3057
1095 3058
1095 3059
1095 3060
1094 3061
1094 3062
1094 3063
1094 3064
1093 3065
1093 3066
1093 3067
1093 3068
1093 3069
1093 3070
1092 3071
1092 3072
1092 3073
1092 3074
1091 3075
1091 3076
1091 3077
1091 3078
1091 3079
1091 3080
1091 3081
1091 3082
1091 3083
1091 3084
1091 3085
1091 3086
1092 3087
1092 3088
1092 3089
1092 3090
1093 3091
1093 3092
1093 3093
1093 3094
1093 3095
1093 3096
1094 3097
1094 3098
1094 3099
1094 3100
1095 3101
1095 3102
1095 3103
1095 3104
1095 3105
1095 3106
1095 3107
1095 3108
1095 3109
1095 3110
1096 3111
1096 3112
1096 3113
1096 3114
1097 3115
1097 3116
1098 3117
1098 3118
1099 3119
1099 3120
1100 3121
1100 3122
1101 3123
1101 3124
1102 3125
1102 3126
1102 3127
1102 3128
1103 3129
1104 3130
1104 3131
1104 3132
1105 3133
1106 3134
1106 3135
1106 3136
1107 3137
1108 3138
1108 3139
1108 3140
1109 3141
1110 3142
1110 3143
1110 3144
1111 3145
1112 3146
1112 3147
1112 3148
1113 3149
1114 3150
1115 3151
1115 3152
1116 3153
1116 3154
1117 3155
1118 3156
1119 3157
1120 3158
1120 3159
1121 3159
1122 3160
1122 3161
1123 3161
1124 3162
1125 3163
1126 3164
1127 3165
1128 3165
1129 3165
1130 3165
1131 3166
1132 3166
1133 3166
1134 3166
1135 3166
1136 3166
1137 3165
1138 3165
1139 3165
1140 3165
1141 3164
1142 3164
1143 3164
1144 3164
1145 3164
1146 3164
1147 3164
1148 3164
1149 3164
1150 3164
1151 3164
1152 3164
1153 3164
1154 3164
1155 3164
1156 3164
1157 3164
1158 3164
1159 3163
1160 3163
1161 3163
1162 3163
1163 3162
1164 3162
1165 3162
1166 3162
1167 3162
1168 3162
1169 3162
1170 3162
1171 3162
1172 3162
1173 3161
1174 3161
1175 3161
1176 3161
1177 3160
1178 3160
1179 3160
1180 3160
1181 3160
1182 3160
1183 3160
1184 3160
1185 3160
1186 3160
1187 3160
1188 3160
1189 3160
1190 3160
1191 3161
1192 3161
1193 3161
1194 3162
1195 3163
1196 3163
1197 3163
1198 3164
1199 3165
1200 3165
1201 3166
1202 3167
1203 3167
1204 3168
1205 3169
1206 3170
1207 3171
1208 3171
1209 3171
1210 3172
1211 3173
1212 3173
1213 3173
1214 3174
1215 3175
1216 3175
1217 3175
1218 3176
1219 3177
1220 3177
1221 3178
1222 3179
1223 3179
1224 3180
1225 3181
1226 3182
1227 3183
1228 3183
1229 3183
1230 3184
1231 3185
1232 3185
1233 3186
1234 3186
1235 3187
1236 3188
1237 3189
1238 3189
1239 3189
1240 3189
1241 3190
1242 3190
1243 3191
1244 3191
1245 3191
1246 3191
1247 3192
1248 3192
1249 3192
1250 3192
1251 3192
1252 3192
1253 3192
1254 3192
1255 3192
1256 3192
1257 3193
1258 3193
1259 3194
1260 3194
1261 3195
1262 3196
1263 3197
1264 3197
1265 3198
1266 3199
1267 3200
1268 3201
1268 3202
1269 3203
1270 3204
1270 3205
1270 3206
1271 3207
1272 3208
1273 3209
1274 3210
1275 3211
1276 3211
1277 3211
1278 3211
1279 3212
1280 3212
1281 3212
1282 3212
1283 3213
1284 3213
1285 3214
1286 3215
1287 3215
1288 3216
1288 3217
1289 3217
1290 3218
1291 3219
1292 3219
1293 3220
1294 3220
1295 3221
1296 3221
1297 3221
1298 3221
1299 3222
1300 3222
1301 3222
1302 3222
1303 3222
1304 3222
1305 3222
1306 3222
1307 3222
1308 3222
1309 3223
1310 3223
1311 3224
1312 3224
1313 3225
1314 3225
1315 3226
1316 3226
1317 3226
1318 3226
1319 3226
1320 3226
1321 3226
1322 3226
1323 3226
1324 3226
1325 3226
1326 3226
1327 3225
1328 3225
1329 3225
1330 3225
1331 3224
1332 3224
1333 3224
1334 3224
1335 3224
1336 3224
1337 3224
1338 3224
1339 3225
1340 3225
1341 3226
1342 3226
1343 3227
1344 3228
1345 3229
1346 3229
1347 3230
1348 3231
1349 3231
1350 3232
1351 3233
1352 3233
1353 3234
1354 3234
1355 3234
1356 3234
1357 3234
1358 3234
1359 3234
1360 3234
1361 3234
1362 3234
1363 3234
1364 3234
1365 3234
1366 3234
1367 3234
1368 3234
1369 3234
1370 3234
1371 3234
1372 3234
1373 3234
1374 3234
1375 3234
1376 3234
1377 3234
1378 3234
1379 3234
1380 3234
1381 3234
1382 3234
1383 3234
1384 3234
1385 3234
1386 3234
1387 3234
1388 3234
1389 3233
1390 3233
1391 3233
1392 3233
1393 3232
1394 3232
1395 3231
1396 3231
1397 3230
1398 3229
1399 3229
1400 3228
1401 3227
1402 3227
1403 3226
1404 3226
1405 3226
1406 3226
1407 3226
1408 3226
1409 3226
1410 3226
1411 3226
1412 3226
1413 3226
1414 3226
1415 3226
1416 3226
1417 3226
1418 3226
1419 3226
1420 3226
1421 3226
1422 3226
1423 3226
1424 3226
1425 3226
1426 3226
1427 3226
1428 3226
1429 3226
1430 3226
1431 3226
1432 3226
1433 3225
1434 3225
1435 3224
1436 3224
1437 3223
1438 3223
1439 3222
1440 3222
1441 3222
1442 3222
1443 3222
1444 3222
1445 3223
1446 3223
1447 3224
1448 3224
1449 3225
1450 3225
1451 3226
1452 3226
1453 3226
1454 3226
1455 3225
1456 3225
1457 3225
1458 3225
1459 3224
1460 3224
1461 3224
1462 3224
1463 3224
1464 3224
1465 3224
1466 3224
1467 3225
1468 3225
1469 3225
1470 3225
1471 3226
1472 3226
1473 3227
1474 3227
1475 3227
1476 3227
1477 3228
1478 3228
1479 3228
1480 3228
1481 3228
1482 3228
1483 3228
1484 3228
1485 3228
1486 3228
1487 3228
1488 3228
1489 3229
1490 3229
1491 3229
1492 3230
1493 3231
1494 3231
1495 3231
1496 3232
1497 3233
1498 3233
1499 3233
1500 3234
1501 3235
1502 3235
1503 3235
1504 3235
1505 3236
1506 3236
1507 3236
1508 3236
1509 3237
1510 3237
1511 3237
1512 3238
1513 3239
1514 3239
1515 3239
1516 3240
1517 3241
1518 3241
1519 3241
1520 3241
1521 3242
1522 3242
1523 3242
1524 3242
1525 3241
1526 3241
1527 3241
1528 3241
1529 3240
1530 3240
1531 3239
1532 3239
1533 3239
1534 3239
1535 3238
1536 3238
1537 3239
1538 3239
1539 3240
1540 3241
1541 3241
1542 3242
1542 3243
1543 3243
1544 3244
1545 3245
1546 3245
1547 3246
1548 3246
1549 3246
1550 3246
1551 3246
1552 3246
1553 3246
1554 3246
1555 3246
1556 3246
1557 3246
1558 3246
1559 3246
1560 3246
1561 3246
1562 3246
1563 3246
1564 3246
1565 3246
1566 3246
1567 3246
1568 3246
1569 3246
1570 3246
1571 3245
1572 3245
1573 3245
1574 3245
1575 3244
1576 3243
1577 3243
1578 3243
1579 3242
1580 3241
1581 3241
1582 3241
1583 3240
1584 3240
1585 3240
1586 3240
1587 3240
1588 3240
1589 3240
1590 3240
1591 3239
1592 3239
1593 3239
1594 3239
1595 3238
1596 3237
1597 3237
1598 3237
1599 3236
1600 3236
1601 3235
1602 3235
1603 3235
1604 3235
1605 3234
1606 3233
1607 3233
1608 3233
1609 3232
1610 3231
1611 3231
1612 3231
1613 3230
1614 3229
1615 3229
1616 3229
1617 3228
1618 3227
1619 3227
1620 3227
1621 3226
1622 3226
1623 3225
1624 3225
1625 3225
1626 3225
1627 3224
1628 3223
1629 3223
1630 3223
1631 3222
1632 3221
1633 3221
1634 3221
1635 3220
1636 3219
1637 3218
1638 3217
1639 3217
1640 3216
1641 3215
1642 3215
1643 3214
1644 3213
1645 3212
1646 3211
1647 3211
1648 3210
1649 3209
1650 3209
1651 3208
1652 3207
1653 3206
1654 3205
1655 3205
1656 3204
1657 3203
1658 3203
1659 3202
1660 3201
1661 3201
1662 3201
1663 3200
1664 3200
1665 3200
1666 3200
1667 3199
1668 3199
1669 3199
1670 3199
1671 3198
1672 3197
1673 3196
1674 3196
1675 3195
1676 3195
1677 3194
1678 3193
1679 3192
1680 3192
1681 3191
1682 3191
1683 3190
1684 3189
1685 3188
1686 3187
1687 3187
1688 3186
1689 3185
1690 3185
1691 3184
1692 3183
1693 3183
1694 3183
1695 3182
1696 3182
1697 3182
1698 3182
1699 3182
1700 3182
1701 3182
1702 3182
1703 3181
1704 3181
1705 3180
1706 3180
1707 3179
1708 3179
1709 3178
1710 3177
1711 3177
1712 3177
1713 3176
1714 3175
1715 3175
1716 3175
1717 3174
1718 3173
1719 3173
1720 3173
1721 3172
1722 3171
1723 3171
1724 3171
1725 3170
1726 3169
1727 3169
1728 3169
1729 3168
1730 3168
1731 3167
1732 3167
1733 3167
1734 3167
1735 3166
1736 3166
1737 3166
1738 3166
1739 3165
1740 3165
1741 3164
1742 3163
1743 3163
1744 3162
1745 3161
1746 3161
1747 3160
1748 3159
1749 3158
1750 3157
1751 3157
1751 3156
1752 3155
1753 3155
1753 3154
1754 3153
1755 3153
1755 3152
1756 3151
1757 3151
1757 3150
1758 3149
1759 3149
1760 3148
1761 3147
1762 3147
1763 3146
1764 3145
1765 3145
1766 3145
1767 3144
1768 3144
1769 3144
1770 3144
1771 3143
1772 3143
1773 3142
1774 3141
1775 3141
1775 3140
1776 3139
1777 3138
1778 3137
1779 3136
1779 3135
1780 3134
1781 3133
1781 3132
1782 3131
1783 3130
1784 3129
1785 3128
1785 3127
1785 3126
1785 3125
1786 3124
1786 3123
1787 3122
1787 3121
1788 3120
1789 3119
1790 3119
1791 3118
1792 3118
1793 3117
1794 3117
1795 3116
1795 3115
1796 3114
1796 3113
1797 3112
1797 3111
1797 3110
1797 3109
1798 3108
1798 3107
1798 3106
1798 3105
1798 3104
1798 3103
1798 3102
1798 3101
1798 3100
1798 3099
1798 3098
1798 3097
1798 3096
1798 3095
1798 3094
1798 3093
1798 3092
1798 3091
1798 3090
1798 3089
1798 3088
1798 3087
1798 3086
1798 3085
1797 3084
1797 3083
1797 3082
1797 3081
1796 3080
1796 3079
1795 3078
1795 3077
1794 3076
1793 3075
1793 3074
1792 3073
1791 3072
1791 3071
1790 3070
1789 3069
1788 3068
1788 3067
1787 3066
1787 3065
1786 3064
1786 3063
1785 3062
1785 3061
1785 3060
1785 3059
1784 3058
1783 3057
1782 3056
1782 3055
1781 3054
1781 3053
1780 3052
1779 3051
1779 3050
1779 3049
1778 3048
1777 3047
1776 3046
1775 3045
1775 3044
1774 3043
1773 3042
1773 3041
1772 3040
1772 3039
1772 3038
1772 3037
1771 3036
1771 3035
1770 3034
1769 3034
1768 3033
1767 3033
1766 3032
1765 3032
1764 3032
1763 3031
1762 3030
1761 3030
1760 3029
1759 3029
1758 3028
1757 3027
1756 3026
1755 3026
1754 3025
1753 3025
1752 3024
1751 3023
1750 3022
1749 3022
1748 3021
1747 3020
1746 3020
1745 3019
1745 3018
1744 3018
1743 3017
1743 3016
1742 3015
1741 3014
1741 3013
1740 3012
1739 3011
1738 3010
1738 3009
1737 3008
1737 3007
1736 3006
1735 3005
1734 3004
1734 3003
1733 3002
1733 3001
1732 3000
1731 2999
1730 2998
1729 2997
1729 2996
1728 2995
1727 2994
1727 2993
1726 2992
1726 2991
1725 2990
1725 2989
1724 2988
1723 2988
1722 2987
1721 2987
1720 2987
1719 2987
1718 2987
1717 2987
1716 2987
1715 2987
1714 2987
1713 2987
1712 2987
1711 2987
1710 2988
1709 2988
1708 2988
1707 2988
1706 2989
1705 2989
1704 2989
1703 2989
1702 2989
1701 2989
1700 2989
1699 2989
1698 2989
1697 2989
1696 2990
1695 2990
1694 2991
1693 2991
1692 2992
1691 2992
1690 2993
1689 2993
1688 2993
1687 2993
1686 2993
1685 2993
1684 2993
1683 2993
1682 2993
1681 2993
1680 2993
1679 2993
1678 2993
1677 2993
1676 2992
1675 2992
1674 2992
1673 2992
1672 2991
1671 2991
1670 2991
1669 2991
1668 2991
1667 2991
1666 2991
1665 2991
1664 2991
1663 2991
1662 2992
1661 2992
1660 2992
1659 2992
1658 2993
1657 2993
1656 2993
1655 2993
1654 2993
1653 2993
1652 2993
1651 2993
1650 2993
1649 2993
1648 2992
1647 2992
1646 2992
1645 2992
1644 2991
1643 2991
1642 2991
1641 2991
1640 2991
1639 2991
1638 2991
1637 2991
1636 2991
1635 2991
1634 2991
1633 2991
1632 2991
1631 2991
1630 2991
1629 2991
1628 2991
1627 2991
1626 2991
1625 2991
1624 2991
1623 2991
1622 2992
1621 2992
1620 2992
1619 2992
1618 2993
1617 2993
1616 2993
1615 2993
1614 2993
1613 2993
1612 2994
1611 2994
1610 2994
1609 2994
1608 2995
1607 2996
1606 2996
1605 2996
1604 2997
1603 2997
1602 2997
1601 2997
1600 2996
1599 2996
1598 2995
1597 2995
1596 2994
1595 2994
1594 2993
1593 2993
1592 2992
1591 2992
1590 2991
1589 2990
1588 2990
1587 2989
1587 2988
1586 2988
1585 2987
1584 2986
1583 2985
1582 2984
1581 2984
1580 2984
1579 2984
1578 2983
1577 2983
1576 2982
1575 2982
1574 2982
1573 2982
1572 2981
1571 2981
1570 2981
1569 2981
1568 2980
1567 2980
1566 2980
1565 2979
1564 2978
1563 2978
1562 2978
1561 2978
1560 2977
1559 2977
1558 2976
1557 2976
1556 2975
1555 2975
1554 2974
1553 2974
1552 2973
1551 2973
1550 2973
1549 2973
1548 2972
1547 2972
1546 2972
1545 2972
1544 2971
1543 2971
1542 2971
1541 2971
1540 2971
1539 2971
1538 2971
1537 2971
1536 2971
1535 2971
1534 2971
1533 2971
1532 2970
1531 2970
1530 2970
1529 2969
1528 2968
1527 2968
1526 2968
1525 2968
1524 2967
1523 2967
1522 2967
1521 2967
1520 2967
1519 2967
1518 2967
1517 2967
1516 2967
1515 2967
1514 2967
1513 2967
1512 2967
1511 2967
1510 2967
1509 2967
1508 2967
1507 2967
1506 2966
1505 2966
1504 2966
1503 2966
1502 2965
1501 2965
1500 2964
1499 2964
1498 2964
1497 2964
1496 2963
1495 2963
1494 2963
1493 2963
1492 2963
1491 2963
1490 2962
1489 2962
1488 2962
1487 2962
1486 2961
1485 2961
1484 2961
1483 2961
1482 2961
1481 2961
1480 2961
1479 2961
1478 2961
1477 2961
1476 2961
1475 2961
1474 2961
1473 2961
1472 2961
1471 2961
1470 2961
1469 2961
1468 2960
1467 2960
1466 2960
1465 2960
1464 2959
1463 2959
1462 2959
1461 2959
1460 2959
1459 2959
1458 2958
1457 2958
1456 2958
1455 2958
1454 2957
1453 2957
1452 2957
1451 2957
1450 2957
1449 2957
1448 2957
1447 2957
1446 2957
1445 2957
1444 2957
1443 2957
1442 2957
1441 2957
1440 2957
1439 2957
1438 2956
1437 2956
1436 2956
1435 2956
1434 2955
1433 2955
1432 2955
1431 2955
1430 2955
1429 2955
1428 2955
1427 2955
1426 2955
1425 2955
1424 2955
1423 2955
1422 2955
1421 2955
1420 2955
1419 2955
1418 2955
1417 2955
1416 2955
1415 2955
1414 2955
1413 2955
1412 2955
1411 2955
1410 2955
1409 2955
1408 2955
1407 2955
1406 2955
1405 2955
1404 2955
1403 2955
1402 2955
1401 2955
1400 2955
1399 2955
1398 2955
1397 2955
1396 2955
1395 2955
1394 2955
1393 2955
1392 2955
1391 2955
1390 2955
1389 2955
1388 2955
1387 2955
1386 2955
1385 2955
1384 2955
1383 2955
1382 2955
1381 2955
1380 2955
1379 2955
1378 2955
1377 2955
1376 2955
1375 2955
1374 2955
1373 2955
1372 2955
1371 2955
1370 2955
1369 2955
1368 2955
1367 2955
1366 2955
1365 2955
1364 2955
1363 2955
1362 2955
1361 2955
1360 2955
1359 2955
1358 2955
1357 2955
1356 2955
1355 2955
1354 2955
1353 2955
1352 2955
1351 2955
1350 2955
1349 2955
1348 2955
1347 2955
1346 2955
1345 2955
1344 2955
1343 2955
1342 2955
1341 2955
1340 2955
1339 2955
1338 2955
1337 2955
1336 2955
1335 2955
1334 2955
1333 2955
1332 2955
1331 2955
1330 2955
1329 2955
1328 2954
1327 2954
1326 2954
1325 2954
1324 2953
1323 2953
1322 2953
1321 2953
1320 2953
1319 2953
1318 2953
1317 2953
1316 2953
1315 2953
1314 2953
1313 2953
1312 2953
1311 2953
1310 2953
1309 2953
1308 2953
1307 2953
1306 2953
1305 2953
1304 2953
1303 2953
1302 2953
1301 2953
1300 2953
1299 2953
1298 2953
1297 2953
1296 2952
1295 2952
1294 2952
1293 2952
1292 2951
1291 2951
1290 2951
1289 2951
1288 2951
1287 2951
1286 2951
1285 2951
1284 2951
1283 2951
1282 2951
1281 2951
1280 2950
1279 2950
1278 2950
1277 2950
1276 2949
1275 2949
1274 2949
1273 2949
1272 2949
1271 2949
1270 2949
1269 2949
1268 2949
1267 2949
1266 2949
1265 2949
1264 2949
1263 2949
1262 2949
1261 2949
1260 2949
1259 2949
1258 2949
1257 2949
1256 2949
1255 2949
1254 2949
1253 2949
1252 2949
1251 2949
1250 2949
1249 2949
