2133 2867
2132 2868
2131 2868
2130 2868
2129 2868
2128 2869
2127 2870
2126 2871
2125 2872
2124 2872
2124 2873
2123 2874
2122 2874
2122 2875
2121 2876
2120 2876
2119 2877
2118 2878
2117 2878
2116 2879
2115 2880
2114 2880
2113 2880
2112 2881
2111 2881
2110 2882
2109 2882
2108 2882
2107 2882
2106 2883
2105 2883
2104 2883
2103 2883
2102 2883
2101 2883
2100 2882
2099 2882
2098 2882
2097 2882
2096 2881
2095 2881
2094 2880
2093 2880
2092 2879
2091 2878
2090 2878
2089 2877
2088 2876
2087 2876
2086 2875
2085 2875
2084 2875
2083 2875
2082 2874
2081 2874
2080 2874
2079 2873
2078 2872
2077 2872
2076 2872
2075 2872
2074 2871
2073 2871
2072 2871
2071 2871
2070 2871
2069 2871
2068 2871
2067 2871
2066 2872
2065 2872
2064 2872
2063 2872
2062 2873
2061 2873
2060 2873
2059 2873
2058 2873
2057 2873
2056 2873
2055 2873
2054 2874
2053 2874
2052 2874
2051 2874
2050 2875
2049 2875
2048 2875
2047 2875
2046 2875
2045 2875
2044 2876
2043 2876
2042 2876
2041 2876
2040 2877
2039 2877
2038 2878
2037 2878
2036 2878
2035 2878
2034 2879
2033 2880
2032 2881
2031 2881
2030 2882
2029 2882
2028 2883
2027 2884
2026 2885
2025 2886
2024 2886
2023 2887
2022 2888
2021 2888
2020 2889
2019 2890
2018 2891
2017 2891
2016 2892
2015 2892
2014 2893
2013 2894
2012 2894
2011 2894
2010 2895
2009 2896
2008 2896
2007 2896
2006 2897
2005 2897
2004 2898
2003 2898
2002 2898
2001 2898
2000 2899
1999 2899
1998 2900
1997 2900
1996 2900
1995 2900
1994 2901
1993 2901
1992 2902
1991 2902
1990 2902
1989 2902
1988 2903
1987 2904
1986 2905
1985 2905
1984 2906
1983 2906
1982 2906
1981 2906
1980 2906
1979 2905
1978 2904
1977 2904
1976 2903
1975 2903
1974 2902
1973 2901
1972 2900
1971 2900
1970 2900
1969 2900
1968 2899
1967 2899
1966 2898
1965 2898
1964 2898
1963 2898
1962 2897
1961 2897
1960 2897
1959 2897
1958 2897
1957 2897
1956 2897
1955 2897
1954 2896
1953 2896
1952 2896
1951 2896
1950 2895
1949 2895
1948 2895
1947 2895
1946 2895
1945 2895
1944 2895
1943 2895
1942 2894
1941 2894
1940 2894
1939 2894
1938 2893
1937 2893
1936 2892
1935 2892
1934 2892
1933 2892
1932 2891
1931 2891
1930 2890
1929 2890
1928 2890
1927 2890
1926 2889
1925 2889
1924 2889
1923 2889
1922 2889
1921 2889
1920 2889
1919 2889
1918 2889
1917 2889
1916 2889
1915 2889
1914 2889
1913 2889
1912 2890
1911 2890
1910 2890
1909 2890
1908 2891
1907 2891
1906 2892
1905 2892
1904 2892
1903 2892
1902 2893
1901 2894
1900 2894
1899 2894
1898 2895
1897 2896
1896 2896
1895 2896
1894 2897
1893 2898
1892 2899
1891 2899
1890 2900
1889 2900
1888 2901
1887 2902
1886 2903
1885 2904
1884 2905
1883 2906
1882 2907
1882 2908
1882 2909
1881 2910
1880 2911
1880 2912
1880 2913
1879 2914
1878 2915
1878 2916
1877 2917
1876 2918
1876 2919
1875 2920
1874 2921
1874 2922
1873 2923
1873 2924
1873 2925
1873 2926
1873 2927
1873 2928
1873 2929
1873 2930
1873 2931
1873 2932
1873 2933
1873 2934
1873 2935
1873 2936
1873 2937
1873 2938
1873 2939
1873 2940
1873 2941
1873 2942
1873 2943
1873 2944
1873 2945
1873 2946
1873 2947
1873 2948
1873 2949
1873 2950
1873 2951
1873 2952
1873 2953
1873 2954
1873 2955
1873 2956
1873 2957
1873 2958
1873 2959
1873 2960
1873 2961
1873 2962
1873 2963
1873 2964
1873 2965
1873 2966
1873 2967
1873 2968
1873 2969
1873 2970
1873 2971
1873 2972
1872 2973
1872 2974
1872 2975
1872 2976
1871 2977
1871 2978
1871 2979
1871 2980
1871 2981
1871 2982
1871 2983
1871 2984
1870 2985
1870 2986
1870 2987
1870 2988
1869 2989
1869 2990
1869 2991
1869 2992
1868 2993
1868 2994
1868 2995
1868 2996
1867 2997
1867 2998
1867 2999
1867 3000
1866 3001
1866 3002
1866 3003
1866 3004
1866 3005
1866 3006
1867 3007
1868 3008
1869 3009
1870 3009
1871 3009
1872 3010
1873 3011
1874 3011
1875 3012
1876 3013
1877 3013
1878 3014
1878 3015
1879 3015
1880 3016
1880 3017
1881 3017
1882 3018
1882 3019
1883 3019
1884 3020
1884 3021
1885 3021
1886 3022
1886 3023
1887 3023
1888 3024
1888 3025
1889 3025
1890 3026
1891 3027
1892 3027
1893 3028
1894 3028
1895 3028
1896 3028
1897 3028
1898 3028
1899 3028
1900 3028
1901 3028
1902 3028
1903 3028
1904 3028
1905 3029
1906 3029
1907 3030
1908 3031
1909 3031
1910 3032
1910 3033
1911 3033
1912 3034
1912 3035
1913 3035
1914 3036
1915 3037
1916 3037
1917 3038
1918 3038
1919 3038
1920 3038
1921 3038
1922 3038
1923 3038
1924 3038
1925 3039
1926 3039
1927 3040
1928 3040
1929 3041
1930 3041
1931 3042
1932 3042
1933 3042
1934 3042
1935 3042
1936 3042
1937 3042
1938 3042
1939 3042
1940 3042
1941 3042
1942 3042
1943 3042
1944 3042
1945 3043
1946 3043
1947 3043
1948 3043
1949 3044
1950 3044
1951 3044
1952 3044
1953 3044
1954 3044
1955 3044
1956 3044
1957 3044
1958 3044
1959 3044
1960 3044
1961 3044
1962 3044
1963 3044
1964 3044
1965 3044
1966 3044
1967 3044
1968 3044
1969 3045
1970 3045
1971 3045
1972 3045
1973 3046
1974 3046
1975 3046
1976 3046
1977 3046
1978 3046
1979 3046
1980 3046
1981 3046
1982 3046
1983 3046
1984 3046
1985 3046
1986 3046
1987 3046
1988 3046
1989 3046
1990 3046
1991 3046
1992 3046
1993 3046
1994 3046
1995 3046
1996 3046
1997 3047
1998 3047
1999 3047
2000 3047
2001 3048
2002 3048
2003 3048
2004 3048
2005 3048
2006 3048
2007 3048
2008 3048
2009 3048
2010 3048
2011 3048
2012 3048
2013 3048
2014 3048
2015 3048
2016 3048
2017 3048
2018 3048
2019 3048
2020 3048
2021 3048
2022 3048
2023 3048
2024 3048
2025 3049
2026 3049
2027 3049
2028 3049
2029 3050
2030 3050
2031 3050
2032 3050
2033 3050
2034 3050
2035 3050
2036 3050
2037 3050
2038 3050
2039 3050
2040 3050
2041 3050
2042 3050
2043 3050
2044 3050
2045 3050
2046 3050
2047 3050
2048 3050
2049 3050
2050 3050
2051 3050
2052 3050
2053 3050
2054 3050
2055 3050
2056 3050
2057 3050
2058 3050
2059 3050
2060 3049
2061 3049
2062 3049
2063 3049
2064 3049
2065 3049
2066 3050
2067 3050
2068 3050
2069 3050
2070 3051
2071 3051
2072 3051
2073 3051
2074 3051
2075 3051
2076 3050
2077 3050
2078 3050
2079 3049
2080 3049
2081 3049
2082 3049
2083 3049
2084 3049
2085 3049
2086 3049
2087 3048
2088 3048
2089 3048
2090 3048
2091 3048
2092 3048
2093 3048
2094 3048
2095 3048
2096 3048
2097 3048
2098 3048
2099 3048
2100 3048
2101 3048
2102 3048
2103 3048
2104 3048
2105 3048
2106 3048
2107 3047
2108 3047
2109 3047
2110 3047
2111 3046
2112 3046
2113 3046
2114 3046
2115 3046
2116 3046
2117 3046
2118 3046
2119 3046
2120 3046
2121 3046
2122 3046
2123 3046
2124 3046
2125 3046
2126 3046
2127 3046
2128 3046
2129 3046
2130 3046
2131 3046
2132 3046
2133 3046
2134 3046
2135 3046
2136 3046
2137 3046
2138 3046
2139 3045
2140 3045
2141 3045
2142 3045
2143 3044
2144 3044
2145 3044
2146 3044
2147 3044
2148 3044
2149 3044
2150 3044
2151 3044
2152 3044
2153 3044
2154 3044
2155 3044
2156 3044
2157 3043
2158 3043
2159 3043
2160 3043
2161 3042
2162 3042
2163 3042
2164 3042
2165 3041
2166 3041
2167 3041
2168 3041
2169 3040
2170 3040
2171 3039
2172 3039
2173 3039
2174 3039
2175 3038
2176 3038
2177 3037
2178 3037
2179 3037
2180 3037
2181 3036
2182 3036
2183 3035
2184 3035
2185 3035
2186 3035
2187 3034
2188 3034
2189 3034
2190 3034
2191 3033
2192 3033
2193 3033
2194 3033
2195 3032
2196 3032
2197 3031
2198 3031
2199 3031
2200 3031
2201 3030
2202 3030
2203 3030
2204 3030
2205 3030
2206 3030
2207 3030
2208 3030
2209 3030
2210 3030
2211 3030
2212 3030
2213 3030
2214 3030
2215 3030
2216 3030
2217 3030
2218 3030
2219 3030
2220 3030
2221 3030
2222 3030
2223 3030
2224 3030
2225 3030
2226 3030
2227 3030
2228 3030
2229 3030
2230 3030
2231 3031
2232 3031
2233 3031
2234 3031
2235 3032
2236 3032
2237 3032
2238 3032
2239 3032
2240 3032
2241 3032
2242 3032
2243 3032
2244 3032
2245 3032
2246 3032
2247 3032
2248 3032
2249 3032
2250 3032
2251 3032
2252 3032
2253 3032
2254 3032
2255 3032
2256 3032
2257 3031
2258 3031
2259 3030
2260 3030
2261 3029
2262 3029
2263 3028
2264 3028
2265 3028
2266 3028
2267 3028
2268 3028
2269 3028
2270 3028
2271 3028
2272 3028
2273 3028
2274 3028
2275 3028
2276 3028
2277 3028
2278 3028
2279 3028
2280 3028
2281 3028
2282 3028
2283 3028
2284 3028
2285 3028
2286 3028
2287 3028
2288 3028
2289 3028
2290 3028
2291 3028
2292 3028
2293 3028
2294 3028
2295 3027
2296 3027
2297 3027
2298 3027
2299 3026
2300 3025
2301 3024
2302 3023
2303 3023
2303 3022
2304 3021
2305 3021
2305 3020
2306 3019
2307 3019
2307 3018
2308 3017
2309 3017
2310 3016
2311 3015
2312 3015
2313 3014
2314 3013
2315 3012
2316 3011
2317 3011
2317 3010
2318 3009
2319 3009
2319 3008
2320 3007
2321 3007
2321 3006
2322 3005
2323 3004
2324 3003
2325 3002
2325 3001
2326 3000
2327 2999
2327 2998
2328 2997
2329 2996
2330 2995
2331 2994
2331 2993
2331 2992
2331 2991
2332 2990
2332 2989
2333 2988
2333 2987
2334 2986
2334 2985
2335 2984
2335 2983
2336 2982
2336 2981
2337 2980
2337 2979
2338 2978
2338 2977
2339 2976
2340 2975
2341 2974
2341 2973
2341 2972
2341 2971
2342 2970
2342 2969
2342 2968
2342 2967
2342 2966
2342 2965
2342 2964
2342 2963
2342 2962
2342 2961
2342 2960
2342 2959
2342 2958
2342 2957
2342 2956
2342 2955
2342 2954
2342 2953
2342 2952
2342 2951
2342 2950
2342 2949
2341 2948
2341 2947
2341 2946
2341 2945
2340 2944
2339 2943
2338 2942
2337 2941
2337 2940
2336 2940
2335 2939
2335 2938
2334 2938
2333 2937
2332 2936
2331 2935
2330 2934
2329 2934
2328 2934
2327 2933
2326 2932
2325 2932
2324 2931
2323 2931
2322 2930
2321 2929
2320 2928
2319 2928
2318 2928
2317 2927
2316 2926
2315 2926
2314 2926
2313 2925
2312 2924
2311 2924
2310 2923
2309 2922
2308 2922
2307 2921
2307 2920
2306 2920
2305 2919
2305 2918
2304 2918
2303 2917
2303 2916
2302 2916
2301 2915
2301 2914
2300 2914
2299 2913
2299 2912
2298 2912
2297 2911
2297 2910
2296 2910
2295 2909
2295 2908
2294 2908
2293 2907
2292 2906
2291 2906
2290 2905
2289 2905
2288 2904
2287 2904
2286 2903
2285 2902
2284 2902
2283 2901
2282 2900
2281 2899
2280 2898
2279 2898
2278 2897
2277 2896
2276 2896
2275 2895
2274 2894
2273 2893
2272 2892
2271 2892
2270 2892
2269 2891
2268 2890
2267 2890
2266 2890
2265 2889
2264 2888
2263 2888
2262 2888
2261 2888
2260 2887
2259 2887
2258 2886
2257 2886
2256 2886
2255 2886
2254 2885
2253 2885
2252 2885
2251 2885
2250 2885
2249 2885
2248 2885
2247 2885
2246 2885
2245 2885
2244 2885
2243 2885
2242 2885
2241 2885
2240 2885
2239 2885
2238 2885
2237 2885
2236 2885
2235 2885
2234 2884
2233 2884
2232 2884
2231 2884
2230 2883
2229 2883
2228 2882
2227 2882
2226 2882
2225 2882
2224 2881
2223 2881
2222 2881
2221 2881
2220 2881
2219 2881
2218 2880
2217 2880
2216 2880
2215 2880
2214 2879
2213 2879
2212 2879
2211 2879
2210 2879
2209 2879
2208 2879
2207 2879
2206 2880
2205 2880
2204 2881
2203 2881
2202 2882
2201 2882
2200 2883
2199 2883
2198 2884
2197 2884
2196 2884
2195 2884
2194 2885
2193 2885
2192 2885
2191 2885
2190 2885
2189 2885
2188 2885
2187 2885
2186 2885
2185 2885
2184 2884
2183 2884
2182 2883
2181 2882
2180 2881
2179 2880
2179 2879
2178 2878
2178 2877
2177 2876
2177 2875
2176 2874
2175 2874
2174 2873
2173 2873
2172 2872
2171 2872
2170 2872
2169 2872
2168 2871
2167 2871
2166 2871
2165 2871
2164 2870
2163 2870
2162 2870
2161 2870
2160 2869
2159 2869
2158 2869
2157 2869
2156 2869
2155 2869
2154 2868
2153 2868
2152 2868
2151 2868
2150 2867
2149 2867
2148 2867
2147 2867
2146 2867
2145 2867
2144 2867
2143 2867
2142 2867
2141 2867
2140 2867
2139 2867
2138 2867
2137 2867
2136 2867
2135 2867
2134 2867
2133 2867
