426 3663
425 3664
424 3664
423 3665
422 3665
421 3666
420 3666
419 3667
418 3667
417 3668
416 3668
415 3669
414 3670
413 3670
413 3671
412 3672
411 3672
410 3673
409 3674
408 3674
407 3675
406 3676
405 3676
404 3676
403 3677
402 3677
401 3678
400 3678
399 3678
398 3678
397 3679
396 3680
395 3680
394 3680
393 3681
392 3682
391 3683
390 3683
389 3684
388 3684
387 3685
386 3685
385 3686
384 3686
383 3686
382 3686
381 3687
380 3687
379 3687
378 3687
377 3687
376 3687
375 3688
374 3688
373 3688
372 3688
371 3689
370 3689
369 3689
368 3689
367 3689
366 3689
365 3690
364 3690
363 3690
362 3690
361 3691
360 3691
359 3691
358 3691
357 3691
356 3691
355 3691
354 3691
353 3691
352 3691
351 3691
350 3691
349 3691
348 3691
347 3692
346 3692
345 3692
344 3692
343 3693
342 3693
341 3693
340 3693
339 3693
338 3693
337 3693
336 3693
335 3693
334 3693
333 3692
332 3692
331 3692
330 3692
329 3691
328 3691
327 3691
326 3691
325 3691
324 3691
323 3691
322 3691
321 3691
320 3691
319 3691
318 3691
317 3691
316 3691
315 3691
314 3691
313 3691
312 3691
311 3690
310 3690
309 3690
308 3690
307 3689
306 3689
305 3688
304 3688
303 3688
302 3688
301 3687
300 3687
299 3687
298 3687
297 3687
296 3687
295 3687
294 3687
293 3686
292 3686
291 3686
290 3686
289 3685
288 3685
287 3685
286 3685
285 3685
284 3685
283 3685
282 3685
281 3685
280 3685
279 3685
278 3685
277 3685
276 3685
275 3685
274 3685
273 3685
272 3685
271 3685
270 3685
269 3686
268 3686
267 3686
266 3686
265 3687
264 3687
263 3687
262 3687
261 3687
260 3687
259 3688
258 3688
257 3688
256 3688
255 3689
254 3689
253 3689
252 3689
251 3689
250 3689
249 3689
248 3689
247 3689
246 3689
245 3689
244 3689
243 3690
242 3690
241 3690
240 3690
239 3691
238 3692
237 3693
236 3694
235 3694
234 3695
233 3696
232 3696
231 3697
230 3697
229 3697
228 3697
227 3698
226 3698
225 3699
224 3700
223 3700
222 3701
221 3702
220 3702
219 3703
218 3703
217 3703
216 3703
215 3703
214 3703
213 3704
212 3704
211 3704
210 3704
209 3705
208 3705
207 3705
206 3705
205 3706
204 3706
203 3706
202 3706
201 3707
200 3708
199 3708
198 3708
197 3709
196 3710
195 3710
194 3710
193 3711
192 3712
191 3713
190 3713
189 3714
188 3714
187 3715
186 3716
185 3717
184 3718
183 3718
183 3719
182 3720
181 3720
181 3721
180 3722
179 3723
179 3724
178 3725
178 3726
178 3727
178 3728
178 3729
178 3730
178 3731
178 3732
178 3733
178 3734
178 3735
178 3736
178 3737
178 3738
178 3739
178 3740
178 3741
178 3742
178 3743
178 3744
178 3745
178 3746
178 3747
178 3748
179 3749
179 3750
180 3751
181 3752
181 3753
182 3753
183 3754
184 3755
185 3755
186 3756
187 3756
188 3756
189 3756
190 3757
191 3757
192 3758
193 3759
193 3760
194 3761
195 3762
196 3763
197 3764
198 3765
199 3765
200 3766
201 3766
202 3767
203 3767
204 3767
205 3767
206 3768
207 3768
208 3769
209 3769
210 3769
211 3769
212 3770
213 3770
214 3771
215 3771
216 3772
217 3772
218 3773
219 3774
220 3775
221 3775
222 3775
223 3776
224 3777
225 3777
226 3777
227 3778
228 3779
229 3779
230 3779
231 3780
232 3781
233 3781
234 3782
235 3782
236 3783
237 3784
238 3785
239 3785
240 3786
241 3787
242 3787
243 3788
243 3789
244 3789
245 3790
246 3791
247 3792
248 3793
249 3793
250 3794
251 3795
252 3795
253 3796
254 3797
255 3798
256 3799
257 3799
258 3800
259 3800
260 3801
261 3802
262 3803
263 3803
264 3803
265 3804
266 3805
267 3805
268 3805
269 3806
270 3807
271 3807
272 3807
273 3807
274 3808
275 3808
276 3808
277 3808
278 3808
279 3808
280 3808
281 3808
282 3808
283 3808
284 3808
285 3808
286 3808
287 3808
288 3808
289 3808
290 3808
291 3808
292 3808
293 3808
294 3808
295 3808
296 3808
297 3808
298 3808
299 3808
300 3808
301 3808
302 3808
303 3808
304 3808
305 3808
306 3808
307 3808
308 3808
309 3808
310 3808
311 3808
312 3808
313 3808
314 3808
315 3808
316 3808
317 3808
318 3808
319 3808
320 3808
321 3808
322 3808
323 3808
324 3808
325 3808
326 3807
327 3807
328 3807
329 3807
330 3806
331 3806
332 3806
333 3806
334 3806
335 3806
336 3806
337 3806
338 3805
339 3805
340 3805
341 3805
342 3804
343 3803
344 3803
345 3803
346 3802
347 3802
348 3802
349 3802
350 3802
351 3802
352 3802
353 3802
354 3802
355 3802
356 3802
357 3802
358 3802
359 3802
360 3802
361 3802
362 3803
363 3803
364 3803
365 3803
366 3804
367 3804
368 3804
369 3804
370 3804
371 3804
372 3804
373 3804
374 3804
375 3804
376 3804
377 3804
378 3804
379 3804
380 3804
381 3804
382 3804
383 3804
384 3804
385 3804
386 3804
387 3804
388 3804
389 3804
390 3804
391 3804
392 3804
393 3804
394 3803
395 3803
396 3803
397 3803
398 3802
399 3802
400 3802
401 3802
402 3802
403 3802
404 3802
405 3802
406 3802
407 3802
408 3803
409 3803
410 3803
411 3803
412 3804
413 3804
414 3804
415 3804
416 3804
417 3804
418 3804
419 3804
420 3804
421 3804
422 3804
423 3804
424 3804
425 3804
426 3804
427 3804
428 3804
429 3804
430 3804
431 3804
432 3804
433 3804
434 3804
435 3804
436 3804
437 3804
438 3804
439 3804
440 3804
441 3804
442 3804
443 3804
444 3804
445 3804
446 3804
447 3804
448 3804
449 3804
450 3804
451 3804
452 3804
453 3804
454 3804
455 3804
456 3804
457 3804
458 3804
459 3804
460 3804
461 3804
462 3804
463 3804
464 3804
465 3804
466 3804
467 3804
468 3804
469 3804
470 3804
471 3804
472 3804
473 3804
474 3804
475 3804
476 3804
477 3804
478 3804
479 3804
480 3804
481 3804
482 3804
483 3804
484 3804
485 3804
486 3804
487 3804
488 3804
489 3804
490 3804
491 3804
492 3804
493 3804
494 3804
495 3804
496 3804
497 3804
498 3804
499 3804
500 3804
501 3804
502 3804
503 3804
504 3803
505 3803
506 3803
507 3803
508 3802
509 3802
510 3802
511 3802
512 3801
513 3801
514 3801
515 3801
516 3800
517 3800
518 3800
519 3800
520 3800
521 3800
522 3799
523 3799
524 3798
525 3797
526 3797
527 3796
528 3795
529 3795
530 3794
531 3794
532 3794
533 3794
534 3794
535 3794
536 3794
537 3794
538 3794
539 3794
540 3794
541 3794
542 3794
543 3794
544 3794
545 3794
546 3794
547 3794
548 3794
549 3794
550 3794
551 3794
552 3793
553 3793
554 3793
555 3793
556 3792
557 3792
558 3791
559 3791
560 3791
561 3791
562 3790
563 3790
564 3789
565 3789
566 3788
567 3788
568 3787
569 3787
570 3786
571 3786
572 3786
573 3786
574 3786
575 3786
576 3786
577 3786
578 3785
579 3785
580 3784
581 3783
582 3783
582 3782
583 3781
584 3781
584 3780
585 3779
586 3779
586 3778
587 3777
588 3777
588 3776
589 3775
590 3775
590 3774
591 3773
592 3773
592 3772
593 3771
594 3771
594 3770
595 3769
596 3769
596 3768
597 3767
598 3767
599 3766
600 3765
601 3765
602 3764
603 3764
604 3764
605 3764
606 3764
607 3764
608 3763
609 3763
610 3762
610 3761
611 3760
611 3759
611 3758
611 3757
611 3756
611 3755
612 3754
612 3753
612 3752
613 3751
614 3750
614 3749
614 3748
614 3747
615 3746
615 3745
616 3744
616 3743
616 3742
617 3741
618 3740
618 3739
618 3738
618 3737
619 3736
619 3735
619 3734
619 3733
619 3732
619 3731
619 3730
619 3729
619 3728
619 3727
619 3726
619 3725
619 3724
619 3723
619 3722
619 3721
619 3720
619 3719
619 3718
619 3717
619 3716
619 3715
618 3714
618 3713
617 3712
617 3711
616 3710
616 3709
615 3708
614 3707
614 3706
614 3705
613 3704
612 3703
611 3702
610 3701
610 3700
609 3700
608 3699
607 3698
606 3697
605 3696
604 3696
603 3696
602 3695
601 3694
600 3694
599 3693
598 3692
598 3691
597 3690
596 3689
595 3688
594 3687
594 3686
593 3686
592 3685
591 3684
590 3683
589 3682
588 3682
587 3682
586 3682
585 3681
584 3681
583 3680
582 3680
581 3680
580 3680
579 3679
578 3679
577 3678
576 3678
575 3678
574 3678
573 3677
572 3677
571 3677
570 3677
569 3677
568 3677
567 3676
566 3676
565 3676
564 3676
563 3675
562 3675
561 3675
560 3675
559 3675
558 3675
557 3674
556 3674
555 3674
554 3674
553 3673
552 3673
551 3673
550 3673
549 3673
548 3673
547 3673
546 3673
545 3673
544 3673
543 3673
542 3673
541 3673
540 3673
539 3672
538 3672
537 3672
536 3671
535 3670
534 3670
533 3670
532 3670
531 3669
530 3669
529 3669
528 3669
527 3669
526 3669
525 3669
524 3669
523 3669
522 3669
521 3669
520 3669
519 3669
518 3669
517 3669
516 3669
515 3669
514 3669
513 3669
512 3669
511 3669
510 3669
509 3669
508 3669
507 3669
506 3669
505 3668
504 3668
503 3668
502 3668
501 3667
500 3667
499 3667
498 3667
497 3667
496 3667
495 3667
494 3667
493 3666
492 3666
491 3666
490 3666
489 3665
488 3665
487 3665
486 3665
485 3664
484 3664
483 3664
482 3664
481 3663
480 3663
479 3663
478 3663
477 3663
476 3663
475 3663
474 3663
473 3663
472 3663
471 3663
470 3663
469 3663
468 3663
467 3663
466 3663
465 3663
464 3663
463 3663
462 3663
461 3663
460 3663
459 3663
458 3663
457 3663
456 3663
455 3663
454 3663
453 3663
452 3663
451 3663
450 3663
449 3663
448 3663
447 3663
446 3663
445 3663
444 3663
443 3663
442 3663
441 3663
440 3663
439 3663
438 3663
437 3663
436 3663
435 3663
434 3663
433 3663
432 3663
431 3663
430 3663
429 3663
428 3663
427 3663
426 3663
