1009 1123
1008 1124
1007 1124
1006 1124
1005 1124
1004 1125
1003 1126
1002 1127
1001 1127
1000 1128
999 1128
998 1129
997 1130
996 1130
995 1130
994 1131
993 1131
992 1132
991 1132
990 1132
989 1132
988 1133
987 1134
986 1135
985 1135
984 1136
983 1136
982 1137
981 1138
980 1138
979 1138
978 1139
977 1140
976 1141
975 1142
974 1142
973 1143
972 1144
971 1144
970 1145
969 1145
968 1145
967 1145
966 1145
965 1145
964 1146
963 1146
962 1147
961 1148
960 1148
960 1149
959 1150
958 1150
958 1151
957 1152
956 1152
955 1153
954 1154
953 1154
952 1155
951 1155
950 1155
949 1155
948 1156
947 1156
946 1156
945 1156
944 1157
943 1157
942 1156
941 1156
940 1156
939 1156
938 1155
937 1155
936 1154
935 1154
934 1154
933 1154
932 1153
931 1153
930 1153
929 1153
928 1153
927 1153
926 1153
925 1153
924 1152
923 1152
922 1152
921 1151
920 1150
919 1150
918 1150
917 1150
916 1149
915 1149
914 1149
913 1149
912 1149
911 1149
910 1149
909 1149
908 1149
907 1149
906 1149
905 1149
904 1149
903 1149
902 1149
901 1149
900 1149
899 1149
898 1149
897 1149
896 1149
895 1149
894 1149
893 1149
892 1149
891 1149
890 1148
889 1147
888 1146
887 1145
886 1144
885 1143
884 1142
883 1142
882 1142
881 1142
880 1141
879 1141
878 1140
877 1140
876 1140
875 1139
874 1138
873 1138
872 1138
871 1138
870 1137
869 1137
868 1136
867 1136
866 1136
865 1135
864 1134
863 1134
862 1134
861 1134
860 1133
859 1133
858 1133
857 1133
856 1133
855 1133
854 1133
853 1133
852 1133
851 1133
850 1133
849 1133
848 1133
847 1133
846 1133
845 1133
844 1133
843 1133
842 1133
841 1133
840 1133
839 1133
838 1133
837 1133
836 1133
835 1133
834 1134
833 1134
832 1134
831 1134
830 1135
829 1135
828 1135
827 1135
826 1136
825 1136
824 1137
823 1138
822 1138
822 1139
821 1140
820 1140
820 1141
819 1142
818 1142
818 1143
817 1144
816 1144
816 1145
815 1146
814 1146
814 1147
813 1148
812 1148
812 1149
811 1150
810 1150
810 1151
809 1152
808 1153
808 1154
807 1155
807 1156
806 1157
806 1158
805 1159
805 1160
804 1161
803 1162
802 1163
802 1164
802 1165
801 1166
800 1167
800 1168
799 1169
799 1170
798 1171
797 1172
796 1173
796 1174
796 1175
795 1176
794 1177
794 1178
793 1179
792 1180
792 1181
791 1182
790 1182
790 1183
789 1184
788 1185
788 1186
787 1187
787 1188
786 1189
786 1190
786 1191
785 1192
784 1193
784 1194
783 1195
782 1196
781 1197
780 1198
779 1199
778 1200
777 1201
776 1202
776 1203
775 1204
774 1205
773 1206
772 1207
772 1208
772 1209
772 1210
771 1211
771 1212
772 1213
772 1214
773 1215
774 1216
774 1217
775 1218
776 1219
776 1220
776 1221
776 1222
776 1223
776 1224
775 1225
775 1226
775 1227
775 1228
775 1229
775 1230
775 1231
775 1232
776 1233
776 1234
776 1235
776 1236
777 1237
778 1238
779 1239
780 1240
781 1241
782 1241
783 1242
784 1243
784 1244
785 1245
785 1246
786 1247
786 1248
786 1249
786 1250
787 1251
787 1252
787 1253
787 1254
788 1255
788 1256
789 1257
789 1258
790 1259
790 1260
791 1261
791 1262
792 1263
792 1264
792 1265
792 1266
793 1267
793 1268
794 1269
794 1270
794 1271
794 1272
795 1273
796 1274
796 1275
796 1276
797 1277
797 1278
797 1279
797 1280
797 1281
797 1282
798 1283
798 1284
798 1285
798 1286
799 1287
800 1288
800 1289
800 1290
801 1291
801 1292
802 1293
802 1294
802 1295
802 1296
803 1297
803 1298
803 1299
803 1300
803 1301
803 1302
803 1303
803 1304
803 1305
803 1306
804 1307
804 1308
804 1309
804 1310
805 1311
805 1312
806 1313
806 1314
806 1315
806 1316
807 1317
808 1318
808 1319
808 1320
809 1321
809 1322
809 1323
809 1324
809 1325
809 1326
810 1327
810 1328
810 1329
810 1330
811 1331
811 1332
811 1333
811 1334
812 1335
812 1336
812 1337
812 1338
813 1339
813 1340
814 1341
814 1342
815 1343
816 1344
816 1345
817 1345
818 1346
818 1347
819 1347
820 1348
820 1349
821 1349
822 1350
823 1351
824 1351
825 1352
826 1352
827 1352
828 1352
829 1352
830 1352
831 1352
832 1352
833 1353
834 1353
835 1353
836 1354
837 1355
838 1355
839 1356
840 1356
841 1357
842 1357
843 1358
844 1358
845 1358
846 1358
847 1358
848 1358
849 1358
850 1358
851 1358
852 1358
853 1358
854 1358
855 1358
856 1358
857 1357
858 1357
859 1357
860 1357
861 1356
862 1356
863 1356
864 1356
865 1356
866 1356
867 1356
868 1356
869 1356
870 1356
871 1356
872 1356
873 1356
874 1356
875 1356
876 1356
877 1356
878 1356
879 1356
880 1356
881 1356
882 1356
883 1356
884 1356
885 1356
886 1356
887 1355
888 1355
889 1354
890 1354
891 1353
892 1353
893 1352
894 1351
895 1351
896 1351
897 1350
898 1350
899 1349
900 1349
901 1349
902 1349
903 1348
904 1348
905 1348
906 1348
907 1348
908 1348
909 1347
910 1347
911 1346
912 1346
913 1345
914 1345
915 1344
916 1344
917 1344
918 1344
919 1345
920 1345
921 1345
922 1345
923 1346
924 1346
925 1346
926 1346
927 1347
928 1347
929 1347
930 1347
931 1348
932 1348
933 1348
934 1348
935 1348
936 1348
937 1348
938 1348
939 1348
940 1348
941 1348
942 1348
943 1348
944 1348
945 1348
946 1348
947 1348
948 1348
949 1348
950 1348
951 1349
952 1349
953 1349
954 1349
955 1350
956 1350
957 1351
958 1351
959 1351
960 1351
961 1352
962 1352
963 1352
964 1352
965 1352
966 1352
967 1352
968 1352
969 1352
970 1352
971 1352
972 1352
973 1352
974 1352
975 1352
976 1352
977 1352
978 1352
979 1352
980 1352
981 1352
982 1352
983 1352
984 1352
985 1352
986 1352
987 1352
988 1352
989 1353
990 1353
991 1353
992 1353
993 1354
994 1354
995 1354
996 1354
997 1354
998 1354
999 1354
1000 1354
1001 1354
1002 1354
1003 1354
1004 1354
1005 1354
1006 1354
1007 1354
1008 1354
1009 1354
1010 1354
1011 1354
1012 1354
1013 1354
1014 1354
1015 1354
1016 1354
1017 1355
1018 1355
1019 1355
1020 1356
1021 1357
1022 1357
1023 1357
1024 1357
1025 1358
1026 1358
1027 1358
1028 1358
1029 1358
1030 1358
1031 1358
1032 1358
1033 1358
1034 1358
1035 1358
1036 1358
1037 1358
1038 1358
1039 1358
1040 1358
1041 1358
1042 1358
1043 1358
1044 1358
1045 1358
1046 1358
1047 1358
1048 1358
1049 1358
1050 1358
1051 1357
1052 1357
1053 1357
1054 1357
1055 1356
1056 1355
1057 1355
1058 1355
1059 1354
1060 1354
1061 1354
1062 1354
1063 1353
1064 1353
1065 1353
1066 1353
1067 1352
1068 1351
1069 1351
1070 1351
1071 1350
1072 1349
1073 1349
1074 1349
1075 1348
1076 1348
1077 1348
1078 1348
1079 1348
1080 1348
1081 1348
1082 1348
1083 1349
1084 1349
1085 1349
1086 1349
1087 1350
1088 1350
1089 1350
1090 1350
1091 1350
1092 1350
1093 1350
1094 1350
1095 1350
1096 1350
1097 1350
1098 1350
1099 1350
1100 1350
1101 1350
1102 1350
1103 1350
1104 1350
1105 1350
1106 1350
1107 1350
1108 1350
1109 1350
1110 1350
1111 1350
1112 1350
1113 1350
1114 1350
1115 1350
1116 1350
1117 1350
1118 1350
1119 1350
1120 1350
1121 1350
1122 1350
1123 1349
1124 1349
1125 1349
1126 1349
1127 1348
1128 1348
1129 1348
1130 1348
1131 1348
1132 1348
1133 1348
1134 1348
1135 1348
1136 1348
1137 1347
1138 1347
1139 1347
1140 1347
1141 1346
1142 1346
1143 1345
1144 1345
1145 1345
1146 1345
1147 1344
1148 1344
1149 1343
1150 1343
1151 1342
1152 1342
1153 1341
1154 1341
1155 1340
1156 1340
1157 1339
1158 1339
1159 1339
1160 1339
1161 1338
1162 1338
1163 1338
1164 1338
1165 1338
1166 1338
1167 1338
1168 1338
1169 1338
1170 1338
1171 1338
1172 1338
1173 1338
1174 1338
1175 1338
1176 1338
1177 1338
1178 1338
1179 1338
1180 1338
1181 1338
1182 1338
1183 1338
1184 1338
1185 1338
1186 1338
1187 1338
1188 1338
1189 1338
1190 1338
1191 1338
1192 1338
1193 1339
1194 1339
1195 1340
1196 1341
1197 1341
1198 1342
1199 1343
1200 1343
1201 1344
1202 1344
1203 1344
1204 1344
1205 1344
1206 1344
1207 1344
1208 1344
1209 1344
1210 1344
1211 1345
1212 1345
1213 1346
1214 1347
1215 1347
1216 1348
1217 1349
1218 1349
1219 1350
1220 1350
1221 1351
1222 1351
1223 1351
1224 1351
1225 1352
1226 1352
1227 1352
1228 1352
1229 1352
1230 1352
1231 1352
1232 1352
1233 1352
1234 1352
1235 1352
1236 1352
1237 1352
1238 1352
1239 1351
1240 1351
1241 1351
1242 1351
1243 1350
1244 1350
1245 1349
1246 1349
1247 1349
1248 1349
1249 1348
1250 1348
1251 1348
1252 1348
1253 1348
1254 1348
1255 1348
1256 1348
1257 1348
1258 1348
1259 1348
1260 1348
1261 1348
1262 1348
1263 1348
1264 1348
1265 1348
1266 1348
1267 1348
1268 1348
1269 1348
1270 1348
1271 1348
1272 1348
1273 1347
1274 1347
1275 1347
1276 1347
1277 1346
1278 1345
1279 1344
1280 1344
1281 1343
1282 1343
1283 1343
1284 1343
1285 1343
1286 1343
1287 1344
1288 1344
1289 1344
1290 1344
1291 1345
1292 1345
1293 1346
1294 1346
1295 1347
1296 1348
1297 1349
1298 1349
1299 1349
1300 1350
1301 1351
1302 1351
1303 1352
1304 1352
1305 1353
1306 1353
1307 1354
1308 1354
1309 1354
1310 1354
1311 1354
1312 1354
1313 1354
1314 1354
1315 1354
1316 1354
1317 1354
1318 1354
1319 1354
1320 1354
1321 1354
1322 1354
1323 1354
1324 1354
1325 1354
1326 1354
1327 1354
1328 1354
1329 1354
1330 1354
1331 1354
1332 1354
1333 1354
1334 1354
1335 1353
1336 1353
1337 1353
1338 1353
1339 1352
1340 1351
1341 1351
1342 1351
1343 1350
1344 1350
1345 1350
1346 1350
1347 1350
1348 1350
1349 1350
1350 1350
1351 1350
1352 1350
1353 1350
1354 1350
1355 1350
1356 1350
1357 1349
1358 1349
1359 1348
1360 1347
1361 1347
1362 1346
1363 1345
1364 1345
1365 1344
1366 1343
1367 1343
1368 1343
1369 1342
1370 1341
1371 1341
1372 1341
1373 1340
1374 1340
1375 1340
1376 1340
1377 1340
1378 1340
1379 1339
1380 1339
1381 1338
1382 1337
1383 1336
1383 1335
1384 1334
1384 1333
1384 1332
1384 1331
1384 1330
1384 1329
1384 1328
1384 1327
1384 1326
1384 1325
1385 1324
1385 1323
1385 1322
1385 1321
1385 1320
1385 1319
1385 1318
1385 1317
1384 1316
1383 1315
1383 1314
1383 1313
1382 1312
1382 1311
1382 1310
1382 1309
1382 1308
1382 1307
1382 1306
1382 1305
1382 1304
1382 1303
1382 1302
1382 1301
1383 1300
1383 1299
1383 1298
1384 1297
1385 1296
1385 1295
1386 1294
1387 1293
1387 1292
1388 1291
1389 1291
1389 1290
1390 1289
1391 1288
1392 1287
1393 1286
1393 1285
1394 1284
1395 1283
1396 1282
1397 1281
1398 1281
1399 1280
1400 1279
1401 1279
1402 1279
1403 1278
1404 1277
1405 1276
1406 1275
1407 1274
1407 1273
1408 1272
1408 1271
1408 1270
1408 1269
1408 1268
1408 1267
1408 1266
1408 1265
1408 1264
1408 1263
1407 1262
1407 1261
1407 1260
1407 1259
1406 1258
1406 1257
1406 1256
1406 1255
1406 1254
1406 1253
1407 1252
1407 1251
1407 1250
1407 1249
1408 1248
1408 1247
1408 1246
1408 1245
1408 1244
1408 1243
1409 1242
1409 1241
1409 1240
1409 1239
1410 1238
1410 1237
1410 1236
1410 1235
1410 1234
1410 1233
1409 1232
1409 1231
1409 1230
1409 1229
1408 1228
1407 1227
1407 1226
1407 1225
1406 1224
1406 1223
1406 1222
1406 1221
1405 1220
1405 1219
1405 1218
1405 1217
1404 1216
1403 1215
1402 1214
1401 1213
1400 1212
1399 1211
1398 1210
1397 1210
1396 1209
1395 1208
1394 1208
1393 1207
1393 1206
1392 1206
1391 1205
1391 1204
1390 1204
1389 1203
1389 1202
1388 1202
1387 1201
1387 1200
1386 1200
1385 1199
1385 1198
1384 1198
1383 1197
1382 1196
1381 1195
1380 1194
1379 1194
1378 1193
1377 1192
1376 1192
1375 1191
1375 1190
1374 1190
1373 1189
1373 1188
1372 1187
1371 1186
1371 1185
1370 1184
1370 1183
1370 1182
1370 1181
1370 1180
1370 1179
1369 1178
1369 1177
1368 1176
1367 1175
1367 1174
1366 1174
1365 1173
1365 1172
1364 1172
1363 1171
1363 1170
1362 1170
1361 1169
1361 1168
1360 1168
1359 1167
1358 1166
1357 1165
1356 1164
1355 1164
1354 1163
1353 1162
1352 1162
1351 1161
1351 1160
1350 1160
1349 1159
1348 1158
1347 1158
1346 1157
1345 1157
1344 1157
1343 1157
1342 1156
1341 1156
1340 1156
1339 1156
1338 1155
1337 1155
1336 1155
1335 1155
1334 1155
1333 1155
1332 1155
1331 1155
1330 1155
1329 1155
1328 1155
1327 1155
1326 1155
1325 1155
1324 1155
1323 1155
1322 1155
1321 1155
1320 1155
1319 1155
1318 1155
1317 1155
1316 1154
1315 1154
1314 1154
1313 1154
1312 1153
1311 1153
1310 1153
1309 1153
1308 1153
1307 1153
1306 1153
1305 1153
1304 1153
1303 1153
1302 1153
1301 1153
1300 1153
1299 1153
1298 1153
1297 1153
1296 1153
1295 1153
1294 1153
1293 1153
1292 1153
1291 1153
1290 1153
1289 1153
1288 1153
1287 1153
1286 1153
1285 1153
1284 1153
1283 1153
1282 1152
1281 1152
1280 1151
1279 1151
1278 1150
1277 1150
1276 1149
1275 1149
1274 1148
1273 1148
1272 1147
1271 1147
1270 1146
1269 1146
1268 1145
1267 1145
1266 1144
1265 1144
1264 1144
1263 1143
1262 1142
1261 1142
1260 1142
1259 1142
1258 1141
1257 1141
1256 1141
1255 1141
1254 1141
1253 1141
1252 1140
1251 1140
1250 1140
1249 1140
1248 1139
1247 1139
1246 1139
1245 1139
1244 1139
1243 1139
1242 1139
1241 1139
1240 1139
1239 1139
1238 1139
1237 1139
1236 1139
1235 1139
1234 1139
1233 1139
1232 1139
1231 1139
1230 1139
1229 1139
1228 1139
1227 1139
1226 1139
1225 1139
1224 1139
1223 1139
1222 1139
1221 1139
1220 1139
1219 1139
1218 1139
1217 1139
1216 1139
1215 1139
1214 1139
1213 1139
1212 1139
1211 1139
1210 1139
1209 1139
1208 1138
1207 1138
1206 1138
1205 1138
1204 1137
1203 1137
1202 1137
1201 1137
1200 1137
1199 1137
1198 1137
1197 1137
1196 1137
1195 1137
1194 1137
1193 1137
1192 1137
1191 1137
1190 1137
1189 1137
1188 1137
1187 1137
1186 1137
1185 1137
1184 1137
1183 1137
1182 1137
1181 1137
1180 1136
1179 1136
1178 1136
1177 1136
1176 1135
1175 1135
1174 1135
1173 1135
1172 1135
1171 1135
1170 1135
1169 1135
1168 1134
1167 1134
1166 1134
1165 1134
1164 1133
1163 1133
1162 1133
1161 1133
1160 1133
1159 1133
1158 1133
1157 1133
1156 1133
1155 1133
1154 1133
1153 1133
1152 1132
1151 1132
1150 1132
1149 1132
1148 1131
1147 1131
1146 1130
1145 1130
1144 1130
1143 1130
1142 1129
1141 1129
1140 1129
1139 1129
1138 1129
1137 1129
1136 1129
1135 1129
1134 1129
1133 1129
1132 1129
1131 1129
1130 1128
1129 1128
1128 1128
1127 1128
1126 1127
1125 1127
1124 1127
1123 1127
1122 1127
1121 1127
1120 1127
1119 1127
1118 1127
1117 1127
1116 1127
1115 1127
1114 1127
1113 1127
1112 1127
1111 1127
1110 1127
1109 1127
1108 1127
1107 1127
1106 1127
1105 1127
1104 1127
1103 1127
1102 1127
1101 1127
1100 1127
1099 1127
1098 1127
1097 1127
1096 1127
1095 1127
1094 1126
1093 1126
1092 1126
1091 1126
1090 1125
1089 1125
1088 1125
1087 1125
1086 1125
1085 1125
1084 1125
1083 1125
1082 1125
1081 1125
1080 1125
1079 1125
1078 1125
1077 1125
1076 1125
1075 1125
1074 1125
1073 1125
1072 1125
1071 1125
1070 1125
1069 1125
1068 1125
1067 1125
1066 1125
1065 1125
1064 1125
1063 1125
1062 1125
1061 1125
1060 1125
1059 1125
1058 1125
1057 1125
1056 1125
1055 1125
1054 1125
1053 1125
1052 1125
1051 1125
1050 1125
1049 1125
1048 1125
1047 1125
1046 1125
1045 1125
1044 1125
1043 1125
1042 1125
1041 1125
1040 1125
1039 1125
1038 1125
1037 1125
1036 1124
1035 1124
1034 1124
1033 1124
1032 1123
1031 1123
1030 1123
1029 1123
1028 1123
1027 1123
1026 1123
1025 1123
1024 1123
1023 1123
1022 1123
1021 1123
1020 1123
1019 1123
1018 1123
1017 1123
1016 1123
1015 1123
1014 1123
1013 1123
1012 1123
1011 1123
1010 1123
1009 1123
