266 4667
265 4668
264 4668
263 4669
262 4670
261 4670
261 4671
260 4672
259 4672
259 4673
258 4674
257 4674
257 4675
256 4676
255 4676
255 4677
254 4678
253 4678
253 4679
252 4680
251 4680
251 4681
250 4682
249 4682
248 4683
247 4684
246 4684
245 4685
244 4686
243 4687
242 4687
241 4688
240 4688
239 4689
238 4690
237 4690
236 4690
235 4691
234 4691
233 4691
232 4691
231 4691
230 4691
229 4690
228 4690
227 4690
226 4690
225 4689
224 4689
223 4689
222 4689
221 4689
220 4689
219 4689
218 4689
217 4689
216 4689
215 4689
214 4689
213 4690
212 4690
211 4691
210 4691
209 4692
208 4692
207 4693
206 4694
205 4694
204 4694
203 4695
202 4696
201 4696
200 4696
199 4697
198 4698
197 4699
196 4700
195 4701
195 4702
195 4703
195 4704
194 4705
194 4706
194 4707
194 4708
194 4709
194 4710
194 4711
194 4712
195 4713
195 4714
195 4715
195 4716
196 4717
197 4718
197 4719
197 4720
198 4721
198 4722
198 4723
198 4724
198 4725
198 4726
198 4727
198 4728
198 4729
198 4730
199 4731
199 4732
199 4733
199 4734
200 4735
200 4736
200 4737
200 4738
200 4739
200 4740
200 4741
200 4742
200 4743
200 4744
200 4745
200 4746
200 4747
200 4748
200 4749
200 4750
200 4751
200 4752
201 4753
201 4754
201 4755
201 4756
202 4757
202 4758
203 4759
203 4760
203 4761
203 4762
204 4763
204 4764
204 4765
204 4766
204 4767
204 4768
204 4769
204 4770
205 4771
205 4772
205 4773
205 4774
206 4775
207 4776
208 4777
209 4778
209 4779
210 4779
211 4780
212 4781
213 4781
214 4782
215 4782
216 4783
217 4783
218 4783
219 4783
220 4784
221 4784
222 4784
223 4784
224 4785
225 4785
226 4786
227 4787
228 4788
229 4789
229 4790
230 4791
230 4792
231 4793
231 4794
232 4795
233 4795
234 4796
235 4796
236 4796
237 4796
238 4796
239 4796
240 4797
241 4797
242 4798
243 4799
244 4799
245 4800
245 4801
246 4801
247 4802
247 4803
248 4803
249 4804
249 4805
250 4805
251 4806
251 4807
252 4808
253 4809
253 4810
254 4811
255 4812
255 4813
255 4814
256 4815
257 4816
257 4817
257 4818
258 4819
259 4820
260 4821
261 4822
262 4823
263 4824
264 4825
265 4825
266 4825
267 4825
268 4826
269 4826
270 4826
271 4826
272 4826
273 4826
274 4826
275 4826
276 4826
277 4826
278 4825
279 4825
280 4825
281 4825
282 4824
283 4824
284 4824
285 4824
286 4823
287 4823
288 4823
289 4823
290 4822
291 4822
292 4822
293 4822
294 4822
295 4822
296 4823
297 4823
298 4824
299 4825
300 4825
301 4826
302 4827
303 4827
304 4828
305 4828
306 4828
307 4828
308 4828
309 4828
310 4828
311 4828
312 4828
313 4828
314 4828
315 4828
316 4828
317 4828
318 4828
319 4828
320 4828
321 4828
322 4828
323 4828
324 4829
325 4829
326 4830
327 4830
328 4831
329 4831
330 4832
331 4832
332 4832
333 4832
334 4832
335 4832
336 4832
337 4832
338 4833
339 4833
340 4834
341 4834
342 4835
343 4835
344 4836
345 4836
346 4836
347 4836
348 4836
349 4836
350 4836
351 4836
352 4836
353 4836
354 4836
355 4836
356 4836
357 4836
358 4836
359 4836
360 4836
361 4836
362 4835
363 4835
364 4835
365 4835
366 4834
367 4833
368 4832
369 4832
370 4831
371 4831
372 4830
373 4830
374 4830
375 4830
376 4830
377 4830
378 4829
379 4829
380 4829
381 4829
382 4828
383 4828
384 4828
385 4828
386 4827
387 4827
388 4827
389 4827
390 4826
391 4826
392 4826
393 4826
394 4826
395 4826
396 4826
397 4826
398 4826
399 4826
400 4826
401 4826
402 4826
403 4826
404 4825
405 4825
406 4825
407 4825
408 4824
409 4824
410 4824
411 4824
412 4824
413 4824
414 4824
415 4824
416 4824
417 4824
418 4824
419 4824
420 4823
421 4823
422 4823
423 4823
424 4822
425 4822
426 4822
427 4822
428 4822
429 4822
430 4822
431 4822
432 4822
433 4822
434 4822
435 4822
436 4822
437 4822
438 4822
439 4822
440 4822
441 4822
442 4822
443 4822
444 4822
445 4822
446 4822
447 4822
448 4822
449 4822
450 4822
451 4822
452 4822
453 4822
454 4823
455 4823
456 4823
457 4823
458 4824
459 4824
460 4824
461 4824
462 4824
463 4824
464 4825
465 4825
466 4825
467 4825
468 4826
469 4826
470 4826
471 4826
472 4826
473 4826
474 4826
475 4826
476 4826
477 4826
478 4826
479 4826
480 4826
481 4826
482 4826
483 4826
484 4826
485 4826
486 4826
487 4826
488 4826
489 4826
490 4826
491 4826
492 4826
493 4826
494 4826
495 4826
496 4826
497 4826
498 4826
499 4826
500 4826
501 4826
502 4826
503 4826
504 4826
505 4826
506 4826
507 4826
508 4826
509 4826
510 4826
511 4826
512 4826
513 4826
514 4825
515 4825
516 4825
517 4825
518 4824
519 4824
520 4823
521 4823
522 4822
523 4822
524 4821
525 4821
526 4820
527 4820
528 4820
529 4820
530 4819
531 4819
532 4819
533 4819
534 4818
535 4818
536 4817
537 4817
538 4817
539 4817
540 4816
541 4816
542 4815
543 4815
544 4814
545 4813
546 4813
547 4812
548 4811
549 4811
550 4810
551 4810
552 4810
553 4810
554 4809
555 4809
556 4809
557 4809
558 4808
559 4808
560 4808
561 4808
562 4807
563 4807
564 4807
565 4807
566 4806
567 4805
568 4805
569 4805
570 4804
571 4804
572 4804
573 4804
574 4804
575 4804
576 4804
577 4804
578 4804
579 4804
580 4803
581 4803
582 4802
583 4802
584 4801
585 4801
586 4800
587 4799
588 4799
589 4799
590 4798
591 4797
592 4797
593 4797
594 4796
595 4796
596 4796
597 4796
598 4795
599 4795
600 4794
601 4793
602 4793
603 4792
604 4791
605 4791
606 4790
607 4790
608 4790
609 4790
610 4790
611 4790
612 4789
613 4789
614 4789
615 4789
616 4788
617 4788
618 4787
619 4787
620 4786
620 4785
621 4784
621 4783
621 4782
621 4781
621 4780
621 4779
621 4778
621 4777
621 4776
621 4775
621 4774
621 4773
621 4772
621 4771
621 4770
621 4769
621 4768
621 4767
621 4766
621 4765
620 4764
620 4763
620 4762
620 4761
619 4760
619 4759
619 4758
619 4757
619 4756
619 4755
619 4754
619 4753
619 4752
619 4751
619 4750
619 4749
618 4748
618 4747
617 4746
617 4745
616 4744
616 4743
615 4742
614 4741
613 4740
612 4739
612 4738
611 4738
610 4737
610 4736
609 4735
608 4734
608 4733
607 4732
606 4731
605 4730
604 4729
604 4728
603 4728
602 4727
602 4726
601 4726
600 4725
600 4724
599 4723
598 4722
598 4721
597 4720
596 4719
595 4718
594 4717
594 4716
593 4716
592 4715
592 4714
591 4714
590 4713
590 4712
589 4712
588 4711
588 4710
587 4710
586 4709
585 4708
584 4707
583 4706
582 4706
581 4706
580 4706
579 4705
578 4705
577 4704
576 4704
575 4704
574 4703
573 4702
572 4702
571 4702
570 4702
569 4701
568 4701
567 4702
566 4702
565 4702
564 4702
563 4703
562 4703
561 4702
560 4702
559 4701
558 4701
557 4700
556 4700
555 4699
554 4699
553 4699
552 4699
551 4699
550 4699
549 4699
548 4699
547 4699
546 4699
545 4699
544 4699
543 4698
542 4698
541 4697
540 4697
539 4696
538 4696
537 4695
536 4695
535 4694
534 4694
533 4694
532 4694
531 4693
530 4693
529 4693
528 4693
527 4693
526 4693
525 4693
524 4693
523 4693
522 4693
521 4693
520 4693
519 4693
518 4693
517 4692
516 4692
515 4692
514 4692
513 4691
512 4691
511 4691
510 4691
509 4690
508 4690
507 4690
506 4690
505 4689
504 4689
503 4689
502 4689
501 4689
500 4689
499 4688
498 4688
497 4688
496 4688
495 4687
494 4687
493 4687
492 4687
491 4687
490 4687
489 4687
488 4687
487 4687
486 4687
485 4687
484 4687
483 4687
482 4687
481 4686
480 4686
479 4686
478 4686
477 4685
476 4685
475 4685
474 4685
473 4685
472 4685
471 4685
470 4685
469 4685
468 4685
467 4685
466 4685
465 4685
464 4685
463 4685
462 4685
461 4684
460 4684
459 4684
458 4684
457 4683
456 4683
455 4683
454 4683
453 4683
452 4683
451 4683
450 4683
449 4683
448 4683
447 4683
446 4683
445 4683
444 4683
443 4683
442 4683
441 4683
440 4683
439 4683
438 4683
437 4683
436 4683
435 4683
434 4683
433 4683
432 4683
431 4683
430 4683
429 4683
428 4683
427 4682
426 4682
425 4682
424 4682
423 4681
422 4681
421 4681
420 4681
419 4681
418 4681
417 4681
416 4681
415 4681
414 4681
413 4681
412 4681
411 4681
410 4681
409 4681
408 4681
407 4680
406 4680
405 4680
404 4680
403 4679
402 4679
401 4679
400 4679
399 4679
398 4679
397 4679
396 4679
395 4679
394 4679
393 4679
392 4679
391 4678
390 4678
389 4678
388 4678
387 4677
386 4677
385 4677
384 4677
383 4677
382 4677
381 4677
380 4677
379 4677
378 4677
377 4677
376 4677
375 4677
374 4677
373 4676
372 4676
371 4676
370 4676
369 4675
368 4675
367 4675
366 4675
365 4674
364 4674
363 4674
362 4674
361 4673
360 4673
359 4673
358 4673
357 4673
356 4673
355 4672
354 4672
353 4672
352 4672
351 4671
350 4671
349 4671
348 4671
347 4670
346 4670
345 4670
344 4670
343 4669
342 4669
341 4669
340 4669
339 4669
338 4669
337 4669
336 4669
335 4669
334 4669
333 4669
332 4669
331 4669
330 4669
329 4669
328 4669
327 4669
326 4669
325 4669
324 4669
323 4669
322 4669
321 4669
320 4669
319 4669
318 4669
317 4669
316 4669
315 4669
314 4669
313 4669
312 4669
311 4669
310 4669
309 4669
308 4669
307 4669
306 4669
305 4669
304 4669
303 4669
302 4669
301 4669
300 4669
299 4669
298 4669
297 4669
296 4669
295 4669
294 4669
293 4669
292 4669
291 4669
290 4669
289 4668
288 4668
287 4668
286 4668
285 4667
284 4667
283 4667
282 4667
281 4667
280 4667
279 4667
278 4667
277 4667
276 4667
275 4667
274 4667
273 4667
272 4667
271 4667
270 4667
269 4667
268 4667
267 4667
266 4667
