746 4076
745 4077
744 4077
743 4077
742 4077
741 4078
740 4078
739 4078
738 4078
737 4078
736 4078
735 4079
734 4079
733 4079
732 4079
731 4080
730 4080
729 4080
728 4080
727 4080
726 4080
725 4080
724 4080
723 4080
722 4080
721 4081
720 4081
719 4081
718 4081
717 4082
716 4082
715 4082
714 4082
713 4082
712 4082
711 4082
710 4082
709 4083
708 4083
707 4083
706 4083
705 4084
704 4084
703 4084
702 4084
701 4084
700 4084
699 4084
698 4084
697 4084
696 4084
695 4084
694 4084
693 4084
692 4084
691 4085
690 4085
689 4085
688 4085
687 4086
686 4086
685 4086
684 4086
683 4086
682 4086
681 4086
680 4086
679 4086
678 4086
677 4086
676 4086
675 4087
674 4087
673 4087
672 4087
671 4088
670 4088
669 4088
668 4088
667 4088
666 4088
665 4088
664 4088
663 4088
662 4088
661 4088
660 4088
659 4088
658 4088
657 4088
656 4088
655 4088
654 4088
653 4088
652 4088
651 4088
650 4088
649 4088
648 4088
647 4089
646 4089
645 4089
644 4089
643 4090
642 4090
641 4090
640 4090
639 4090
638 4090
637 4090
636 4090
635 4090
634 4090
633 4091
632 4091
631 4091
630 4091
629 4092
628 4092
627 4092
626 4092
625 4091
624 4091
623 4091
622 4091
621 4090
620 4090
619 4090
618 4090
617 4090
616 4090
615 4090
614 4090
613 4090
612 4090
611 4090
610 4090
609 4091
608 4091
607 4091
606 4091
605 4092
604 4092
603 4092
602 4092
601 4092
600 4092
599 4092
598 4092
597 4092
596 4092
595 4092
594 4092
593 4092
592 4092
591 4092
590 4092
589 4092
588 4092
587 4092
586 4092
585 4092
584 4092
583 4092
582 4092
581 4092
580 4092
579 4092
578 4092
577 4092
576 4092
575 4092
574 4092
573 4092
572 4092
571 4092
570 4092
569 4092
568 4092
567 4092
566 4092
565 4092
564 4092
563 4092
562 4092
561 4092
560 4092
559 4092
558 4092
557 4092
556 4092
555 4093
554 4093
553 4093
552 4093
551 4094
550 4094
549 4094
548 4094
547 4094
546 4094
545 4094
544 4094
543 4094
542 4094
541 4094
540 4094
539 4094
538 4094
537 4094
536 4094
535 4094
534 4094
533 4094
532 4094
531 4094
530 4094
529 4094
528 4094
527 4094
526 4094
525 4094
524 4094
523 4095
522 4095
521 4095
520 4095
519 4096
518 4096
517 4096
516 4096
515 4096
514 4096
513 4096
512 4096
511 4096
510 4096
509 4097
508 4097
507 4097
506 4097
505 4098
504 4098
503 4098
502 4098
501 4098
500 4098
499 4098
498 4098
497 4098
496 4098
495 4098
494 4098
493 4098
492 4098
491 4098
490 4098
489 4098
488 4098
487 4098
486 4098
485 4098
484 4098
483 4098
482 4098
481 4098
480 4098
479 4098
478 4098
477 4098
476 4098
475 4098
474 4098
473 4098
472 4098
471 4099
470 4099
469 4099
468 4099
467 4100
466 4100
465 4100
464 4100
463 4100
462 4100
461 4100
460 4100
459 4100
458 4100
457 4100
456 4100
455 4100
454 4100
453 4100
452 4100
451 4100
450 4100
449 4100
448 4100
447 4100
446 4100
445 4100
444 4100
443 4100
442 4100
441 4100
440 4100
439 4100
438 4100
437 4100
436 4100
435 4100
434 4100
433 4100
432 4100
431 4100
430 4100
429 4100
428 4100
427 4100
426 4100
425 4100
424 4100
423 4100
422 4100
421 4100
420 4100
419 4100
418 4100
417 4100
416 4100
415 4100
414 4100
413 4100
412 4100
411 4101
410 4101
409 4101
408 4101
407 4102
406 4102
405 4102
404 4102
403 4102
402 4102
401 4102
400 4102
399 4102
398 4102
397 4102
396 4102
395 4102
394 4102
393 4102
392 4102
391 4103
390 4103
389 4103
388 4103
387 4104
386 4104
385 4104
384 4104
383 4104
382 4104
381 4105
380 4105
379 4105
378 4105
377 4106
376 4106
375 4106
374 4106
373 4106
372 4106
371 4106
370 4106
369 4107
368 4107
367 4107
366 4107
365 4108
364 4108
363 4109
362 4109
361 4109
360 4109
359 4110
358 4110
357 4110
356 4110
355 4110
354 4110
353 4110
352 4110
351 4110
350 4110
349 4110
348 4110
347 4110
346 4110
345 4110
344 4110
343 4110
342 4110
341 4110
340 4110
339 4110
338 4110
337 4110
336 4110
335 4110
334 4110
333 4110
332 4110
331 4110
330 4110
329 4110
328 4110
327 4110
326 4110
325 4110
324 4110
323 4111
322 4111
321 4111
320 4111
319 4112
318 4112
317 4112
316 4112
315 4112
314 4112
313 4112
312 4112
311 4112
310 4112
309 4111
308 4111
307 4111
306 4111
305 4110
304 4110
303 4110
302 4110
301 4110
300 4110
299 4110
298 4110
297 4110
296 4110
295 4110
294 4110
293 4110
292 4110
291 4111
290 4111
289 4111
288 4111
287 4112
286 4112
285 4112
284 4112
283 4113
282 4113
281 4113
280 4113
279 4114
278 4114
277 4115
276 4115
275 4116
274 4117
273 4117
273 4118
272 4119
271 4119
271 4120
270 4121
269 4121
268 4122
267 4123
266 4123
265 4124
264 4124
263 4124
262 4124
261 4124
260 4124
259 4124
258 4124
257 4124
256 4124
255 4125
254 4125
253 4126
252 4127
251 4127
251 4128
250 4129
249 4130
248 4131
247 4132
247 4133
246 4134
245 4135
245 4136
244 4137
243 4137
243 4138
242 4139
241 4139
241 4140
240 4141
239 4142
238 4143
237 4144
237 4145
236 4146
235 4147
235 4148
234 4149
233 4149
233 4150
232 4151
231 4151
231 4152
230 4153
229 4153
229 4154
228 4155
227 4156
226 4157
225 4158
225 4159
225 4160
225 4161
224 4162
224 4163
224 4164
224 4165
224 4166
224 4167
224 4168
224 4169
225 4170
225 4171
226 4172
226 4173
227 4174
227 4175
228 4176
228 4177
228 4178
228 4179
228 4180
228 4181
229 4182
229 4183
229 4184
229 4185
230 4186
231 4187
231 4188
231 4189
232 4190
233 4191
233 4192
233 4193
234 4194
234 4195
234 4196
234 4197
234 4198
234 4199
235 4200
235 4201
236 4202
237 4203
238 4204
239 4204
240 4205
241 4206
242 4206
243 4207
243 4208
244 4208
245 4209
246 4210
247 4210
248 4211
249 4211
250 4211
251 4211
252 4211
253 4211
254 4212
255 4212
256 4213
257 4214
258 4214
259 4215
260 4216
261 4216
262 4217
263 4217
264 4217
265 4217
266 4218
267 4218
268 4219
269 4219
270 4220
271 4221
272 4222
273 4222
274 4223
275 4224
276 4224
277 4225
278 4226
279 4227
280 4228
281 4228
282 4229
283 4230
284 4230
285 4231
286 4232
287 4232
288 4233
289 4233
290 4233
291 4233
292 4233
293 4233
294 4234
295 4234
296 4235
297 4236
298 4236
299 4237
300 4238
301 4238
302 4239
303 4239
304 4240
305 4240
306 4240
307 4240
308 4241
309 4241
310 4241
311 4241
312 4242
313 4242
314 4243
315 4244
316 4244
317 4245
318 4246
319 4246
320 4247
321 4247
322 4247
323 4247
324 4247
325 4247
326 4247
327 4247
328 4247
329 4247
330 4247
331 4247
332 4248
333 4248
334 4248
335 4248
336 4249
337 4249
338 4249
339 4249
340 4249
341 4249
342 4249
343 4249
344 4249
345 4249
346 4249
347 4249
348 4249
349 4249
350 4249
351 4249
352 4249
353 4249
354 4249
355 4249
356 4249
357 4249
358 4249
359 4249
360 4249
361 4249
362 4250
363 4250
364 4251
365 4252
366 4252
367 4253
368 4254
369 4254
370 4255
371 4255
372 4255
373 4255
374 4255
375 4255
376 4256
377 4256
378 4256
379 4256
380 4257
381 4257
382 4257
383 4257
384 4257
385 4257
386 4257
387 4257
388 4257
389 4257
390 4257
391 4257
392 4257
393 4257
394 4258
395 4258
396 4259
397 4260
398 4260
399 4261
399 4262
400 4262
401 4263
402 4264
403 4264
404 4265
405 4265
406 4265
407 4265
408 4265
409 4265
410 4266
411 4266
412 4266
413 4266
414 4267
415 4267
416 4267
417 4267
418 4268
419 4268
420 4268
421 4268
422 4269
423 4269
424 4269
425 4269
426 4269
427 4269
428 4269
429 4269
430 4269
431 4269
432 4270
433 4270
434 4270
435 4270
436 4271
437 4271
438 4272
439 4272
440 4272
441 4272
442 4273
443 4273
444 4273
445 4273
446 4274
447 4274
448 4274
449 4274
450 4275
451 4275
452 4275
453 4275
454 4276
455 4276
456 4276
457 4276
458 4277
459 4277
460 4277
461 4277
462 4277
463 4277
464 4277
465 4277
466 4277
467 4277
468 4277
469 4277
470 4278
471 4278
472 4278
473 4279
474 4280
475 4280
476 4280
477 4281
478 4282
479 4282
480 4282
481 4282
482 4283
483 4283
484 4284
485 4284
486 4284
487 4284
488 4285
489 4285
490 4286
491 4286
492 4286
493 4287
494 4288
495 4288
496 4288
497 4288
498 4289
499 4289
500 4289
501 4289
502 4289
503 4289
504 4290
505 4290
506 4291
507 4292
508 4292
509 4293
510 4294
511 4294
512 4295
513 4295
514 4296
515 4296
516 4296
517 4296
518 4297
519 4297
520 4297
521 4297
522 4298
523 4298
524 4298
525 4298
526 4299
527 4299
528 4300
529 4300
530 4300
531 4301
532 4302
533 4302
534 4302
535 4302
536 4303
537 4303
538 4304
539 4304
540 4304
541 4305
542 4306
543 4306
544 4306
545 4306
546 4307
547 4307
548 4307
549 4307
550 4307
551 4307
552 4308
553 4308
554 4308
555 4309
556 4310
557 4310
558 4311
559 4311
560 4312
561 4312
562 4313
563 4313
564 4313
565 4313
566 4313
567 4313
568 4313
569 4313
570 4314
571 4314
572 4315
573 4315
574 4316
575 4316
576 4317
577 4317
578 4318
579 4318
580 4318
581 4318
582 4319
583 4319
584 4319
585 4319
586 4319
587 4319
588 4319
589 4319
590 4319
591 4319
592 4319
593 4319
594 4319
595 4319
596 4319
597 4319
598 4319
599 4319
600 4319
601 4319
602 4319
603 4319
604 4320
605 4320
606 4320
607 4321
608 4322
609 4322
610 4322
611 4322
612 4323
613 4323
614 4323
615 4323
616 4323
617 4323
618 4323
619 4323
620 4323
621 4323
622 4323
623 4323
624 4323
625 4323
626 4324
627 4324
628 4324
629 4324
630 4325
631 4325
632 4325
633 4325
634 4325
635 4325
636 4325
637 4325
638 4326
639 4326
640 4326
641 4326
642 4327
643 4327
644 4327
645 4327
646 4327
647 4327
648 4327
649 4327
650 4327
651 4327
652 4327
653 4327
654 4327
655 4327
656 4327
657 4327
658 4327
659 4327
660 4327
661 4327
662 4327
663 4327
664 4327
665 4327
666 4327
667 4327
668 4327
669 4327
670 4327
671 4327
672 4327
673 4327
674 4327
675 4327
676 4327
677 4327
678 4326
679 4326
680 4326
681 4326
682 4325
683 4325
684 4325
685 4325
686 4325
687 4325
688 4325
689 4325
690 4325
691 4325
692 4325
693 4325
694 4325
695 4325
696 4325
697 4325
698 4325
699 4325
700 4325
701 4325
702 4325
703 4325
704 4325
705 4325
706 4325
707 4325
708 4325
709 4325
710 4325
711 4325
712 4325
713 4325
714 4325
715 4325
716 4325
717 4325
718 4324
719 4324
720 4324
721 4324
722 4323
723 4323
724 4323
725 4323
726 4322
727 4322
728 4321
729 4321
730 4320
731 4320
732 4320
733 4320
734 4320
735 4320
736 4321
737 4321
738 4321
739 4321
740 4321
741 4321
742 4321
743 4321
744 4321
745 4321
746 4321
747 4321
748 4321
749 4321
750 4321
751 4321
752 4320
753 4320
754 4320
755 4320
756 4319
757 4319
758 4319
759 4319
760 4319
761 4319
762 4319
763 4319
764 4318
765 4318
766 4318
767 4318
768 4317
769 4316
770 4316
771 4316
772 4315
773 4315
774 4315
775 4315
776 4314
777 4314
778 4314
779 4314
780 4313
781 4313
782 4312
783 4312
784 4311
785 4311
786 4310
787 4310
788 4309
789 4308
790 4307
791 4306
792 4306
792 4305
793 4304
794 4304
794 4303
795 4302
796 4302
796 4301
797 4300
798 4300
798 4299
799 4298
800 4298
800 4297
801 4296
802 4296
802 4295
803 4294
804 4293
805 4292
806 4291
806 4290
807 4289
808 4288
808 4287
809 4286
810 4286
810 4285
811 4284
812 4284
812 4283
813 4282
814 4282
815 4281
816 4280
817 4280
818 4279
819 4278
820 4277
821 4276
822 4275
823 4274
824 4273
824 4272
824 4271
824 4270
825 4269
825 4268
825 4267
825 4266
825 4265
825 4264
825 4263
825 4262
825 4261
825 4260
825 4259
825 4258
825 4257
825 4256
825 4255
825 4254
825 4253
825 4252
825 4251
825 4250
825 4249
825 4248
826 4247
826 4246
826 4245
826 4244
827 4243
827 4242
827 4241
827 4240
828 4239
828 4238
828 4237
828 4236
829 4235
829 4234
829 4233
829 4232
829 4231
829 4230
829 4229
829 4228
829 4227
829 4226
829 4225
829 4224
830 4223
830 4222
830 4221
830 4220
831 4219
831 4218
832 4217
832 4216
832 4215
832 4214
833 4213
833 4212
833 4211
833 4210
833 4209
833 4208
834 4207
834 4206
834 4205
834 4204
835 4203
835 4202
835 4201
835 4200
835 4199
835 4198
835 4197
835 4196
835 4195
835 4194
835 4193
835 4192
835 4191
835 4190
835 4189
835 4188
835 4187
835 4186
835 4185
835 4184
836 4183
836 4182
837 4181
837 4180
838 4179
838 4178
839 4177
839 4176
839 4175
839 4174
839 4173
839 4172
839 4171
839 4170
839 4169
839 4168
838 4167
838 4166
837 4165
837 4164
836 4163
836 4162
835 4161
835 4160
835 4159
835 4158
834 4157
834 4156
834 4155
834 4154
833 4153
832 4152
832 4151
832 4150
831 4149
831 4148
831 4147
831 4146
831 4145
831 4144
831 4143
831 4142
831 4141
831 4140
831 4139
831 4138
831 4137
831 4136
831 4135
831 4134
831 4133
831 4132
831 4131
831 4130
831 4129
831 4128
830 4127
829 4126
828 4125
827 4124
826 4123
825 4123
824 4122
824 4121
823 4121
822 4120
822 4119
821 4119
820 4118
820 4117
819 4117
818 4116
818 4115
817 4115
816 4114
816 4113
815 4113
814 4112
814 4111
813 4111
812 4110
812 4109
811 4109
810 4108
810 4107
809 4107
808 4106
808 4105
807 4105
806 4104
806 4103
805 4103
804 4102
804 4101
803 4101
802 4100
802 4099
801 4099
800 4098
800 4097
799 4097
798 4096
797 4095
796 4094
795 4093
794 4093
793 4092
792 4091
791 4091
790 4090
789 4089
788 4088
787 4087
786 4087
785 4086
784 4085
783 4085
782 4084
782 4083
781 4083
780 4082
779 4081
778 4080
777 4079
776 4079
775 4078
774 4078
773 4077
772 4077
771 4076
770 4076
769 4076
768 4076
767 4076
766 4076
765 4076
764 4076
763 4076
762 4076
761 4076
760 4076
759 4076
758 4076
757 4076
756 4076
755 4076
754 4076
753 4076
752 4076
751 4076
750 4076
749 4076
748 4076
747 4076
746 4076
