869 2695
868 2696
867 2696
866 2697
865 2698
864 2699
864 2700
863 2701
863 2702
863 2703
863 2704
863 2705
863 2706
864 2707
864 2708
865 2709
865 2710
866 2711
866 2712
867 2713
868 2714
869 2715
869 2716
870 2717
870 2718
871 2719
872 2720
873 2721
874 2722
874 2723
875 2724
876 2725
876 2726
877 2727
878 2728
879 2729
879 2730
880 2731
880 2732
881 2733
882 2734
882 2735
882 2736
883 2737
884 2738
884 2739
884 2740
885 2741
886 2742
886 2743
886 2744
887 2745
888 2746
889 2747
889 2748
890 2749
890 2750
891 2751
892 2752
892 2753
892 2754
893 2755
894 2756
894 2757
894 2758
895 2759
896 2760
896 2761
896 2762
897 2763
898 2764
898 2765
898 2766
899 2767
900 2768
900 2769
900 2770
901 2771
902 2772
902 2773
902 2774
903 2775
904 2776
905 2777
905 2778
906 2779
906 2780
907 2781
908 2782
908 2783
908 2784
909 2785
910 2786
911 2787
911 2788
912 2789
912 2790
913 2791
914 2792
914 2793
914 2794
915 2795
916 2796
917 2797
917 2798
918 2799
918 2800
919 2801
920 2802
921 2803
921 2804
922 2805
922 2806
923 2807
924 2808
924 2809
924 2810
925 2811
926 2812
926 2813
926 2814
927 2815
928 2816
928 2817
928 2818
929 2819
930 2820
930 2821
930 2822
931 2823
932 2824
933 2825
934 2826
934 2827
935 2827
936 2828
936 2829
937 2829
938 2830
939 2831
940 2831
941 2832
942 2832
943 2832
944 2832
945 2832
946 2832
947 2832
948 2832
949 2832
950 2832
951 2832
952 2832
953 2832
954 2832
955 2832
956 2832
957 2832
958 2832
959 2832
960 2832
961 2832
962 2832
963 2832
964 2832
965 2832
966 2832
967 2832
968 2832
969 2832
970 2832
971 2831
972 2831
973 2831
974 2831
975 2830
976 2830
977 2830
978 2830
979 2830
980 2830
981 2830
982 2830
983 2830
984 2830
985 2830
986 2830
987 2831
988 2831
989 2832
990 2833
991 2833
992 2834
992 2835
993 2835
994 2836
994 2837
995 2837
996 2838
996 2839
997 2839
998 2840
998 2841
999 2842
1000 2843
1000 2844
1001 2845
1002 2846
1002 2847
1002 2848
1003 2849
1004 2850
1005 2851
1006 2851
1007 2852
1008 2852
1009 2853
1010 2853
1011 2854
1012 2854
1013 2855
1014 2855
1015 2855
1016 2855
1017 2855
1018 2855
1019 2855
1020 2855
1021 2855
1022 2855
1023 2856
1024 2856
1025 2856
1026 2856
1027 2856
1028 2856
1029 2856
1030 2856
1031 2856
1032 2856
1033 2856
1034 2856
1035 2856
1036 2856
1037 2856
1038 2856
1039 2856
1040 2856
1041 2855
1042 2855
1043 2855
1044 2855
1045 2854
1046 2854
1047 2853
1048 2853
1049 2853
1050 2853
1051 2852
1052 2851
1053 2850
1054 2849
1055 2849
1055 2848
1056 2847
1057 2847
1057 2846
1058 2845
1059 2845
1060 2844
1061 2843
1062 2843
1063 2842
1064 2841
1065 2841
1066 2841
1067 2840
1068 2839
1069 2839
1070 2839
1071 2838
1072 2838
1073 2837
1074 2837
1075 2837
1076 2837
1077 2836
1078 2835
1079 2835
1080 2835
1081 2835
1082 2835
1083 2835
1084 2835
1085 2836
1086 2836
1087 2836
1088 2836
1089 2836
1090 2836
1091 2836
1092 2836
1093 2835
1094 2835
1095 2834
1096 2834
1097 2833
1098 2833
1099 2832
1100 2832
1101 2832
1102 2832
1103 2832
1104 2832
1105 2831
1106 2831
1107 2831
1108 2831
1109 2830
1110 2830
1111 2829
1112 2829
1113 2829
1114 2829
1115 2828
1116 2827
1117 2827
1118 2827
1119 2826
1120 2826
1121 2825
1122 2825
1123 2824
1124 2823
1125 2823
1126 2822
1127 2821
1128 2821
1129 2820
1130 2820
1131 2820
1132 2820
1133 2819
1134 2819
1135 2819
1136 2819
1137 2818
1138 2818
1139 2817
1140 2817
1141 2817
1142 2817
1143 2816
1144 2815
1145 2815
1146 2815
1147 2814
1148 2814
1149 2813
1150 2813
1151 2812
1152 2812
1153 2811
1154 2811
1155 2810
1156 2809
1157 2808
1158 2807
1159 2807
1159 2806
1160 2805
1161 2805
1161 2804
1162 2803
1163 2803
1164 2802
1165 2801
1166 2801
1167 2800
1168 2799
1169 2798
1170 2797
1171 2797
1171 2796
1172 2795
1173 2794
1174 2793
1175 2792
1175 2791
1175 2790
1176 2789
1177 2788
1177 2787
1177 2786
1177 2785
1178 2784
1178 2783
1178 2782
1178 2781
1178 2780
1178 2779
1178 2778
1178 2777
1178 2776
1178 2775
1178 2774
1178 2773
1178 2772
1178 2771
1178 2770
1178 2769
1178 2768
1178 2767
1177 2766
1177 2765
1176 2764
1176 2763
1175 2762
1175 2761
1174 2760
1173 2759
1173 2758
1173 2757
1172 2756
1172 2755
1172 2754
1172 2753
1171 2752
1171 2751
1170 2750
1170 2749
1169 2748
1169 2747
1168 2746
1167 2745
1166 2744
1166 2743
1165 2742
1165 2741
1164 2740
1163 2739
1162 2738
1161 2737
1161 2736
1160 2736
1159 2735
1158 2734
1157 2733
1156 2732
1155 2732
1154 2731
1153 2730
1152 2730
1151 2729
1151 2728
1150 2728
1149 2727
1149 2726
1148 2726
1147 2725
1146 2724
1145 2724
1144 2723
1143 2723
1142 2723
1141 2723
1140 2723
1139 2723
1138 2722
1137 2722
1136 2721
1135 2720
1134 2720
1133 2719
1132 2718
1131 2717
1130 2716
1129 2716
1128 2716
1127 2716
1126 2715
1125 2715
1124 2714
1123 2714
1122 2714
1121 2713
1120 2712
1119 2712
1118 2712
1117 2712
1116 2711
1115 2711
1114 2711
1113 2711
1112 2711
1111 2711
1110 2710
1109 2710
1108 2710
1107 2710
1106 2709
1105 2709
1104 2709
1103 2709
1102 2709
1101 2709
1100 2709
1099 2709
1098 2709
1097 2709
1096 2709
1095 2709
1094 2709
1093 2709
1092 2709
1091 2709
1090 2709
1089 2709
1088 2708
1087 2708
1086 2708
1085 2708
1084 2707
1083 2707
1082 2707
1081 2707
1080 2707
1079 2707
1078 2707
1077 2707
1076 2707
1075 2707
1074 2706
1073 2706
1072 2706
1071 2706
1070 2705
1069 2705
1068 2705
1067 2705
1066 2705
1065 2705
1064 2705
1063 2705
1062 2705
1061 2705
1060 2705
1059 2705
1058 2705
1057 2705
1056 2705
1055 2705
1054 2705
1053 2705
1052 2705
1051 2705
1050 2705
1049 2705
1048 2705
1047 2705
1046 2705
1045 2705
1044 2705
1043 2705
1042 2704
1041 2704
1040 2704
1039 2704
1038 2703
1037 2703
1036 2703
1035 2703
1034 2703
1033 2703
1032 2703
1031 2703
1030 2703
1029 2703
1028 2702
1027 2702
1026 2702
1025 2702
1024 2701
1023 2701
1022 2701
1021 2701
1020 2701
1019 2701
1018 2701
1017 2701
1016 2701
1015 2701
1014 2701
1013 2701
1012 2701
1011 2701
1010 2701
1009 2701
1008 2701
1007 2701
1006 2701
1005 2701
1004 2701
1003 2701
1002 2701
1001 2701
1000 2701
999 2701
998 2701
997 2701
996 2701
995 2701
994 2701
993 2701
992 2701
991 2701
990 2701
989 2701
988 2701
987 2701
986 2701
985 2701
984 2701
983 2701
982 2702
981 2702
980 2702
979 2702
978 2703
977 2703
976 2703
975 2703
974 2703
973 2703
972 2703
971 2703
970 2703
969 2703
968 2703
967 2703
966 2703
965 2703
964 2703
963 2703
962 2703
961 2703
960 2703
959 2703
958 2703
957 2703
956 2704
955 2704
954 2704
953 2704
952 2705
951 2705
950 2705
949 2705
948 2705
947 2705
946 2705
945 2705
944 2705
943 2705
942 2705
941 2705
940 2705
939 2705
938 2705
937 2705
936 2705
935 2705
934 2705
933 2705
932 2705
931 2705
930 2705
929 2705
928 2705
927 2705
926 2705
925 2705
924 2704
923 2704
922 2704
921 2704
920 2703
919 2703
918 2703
917 2703
916 2703
915 2703
914 2702
913 2702
912 2702
911 2701
910 2700
909 2700
908 2700
907 2700
906 2699
905 2699
904 2699
903 2699
902 2698
901 2698
900 2698
899 2698
898 2697
897 2697
896 2697
895 2697
894 2697
893 2697
892 2697
891 2697
890 2697
889 2697
888 2696
887 2696
886 2696
885 2696
884 2695
883 2695
882 2695
881 2695
880 2695
879 2695
878 2695
877 2695
876 2695
875 2695
874 2695
873 2695
872 2695
871 2695
870 2695
869 2695
