2177 2125
2176 2126
2175 2126
2174 2126
2173 2126
2172 2127
2171 2127
2170 2127
2169 2127
2168 2127
2167 2127
2166 2127
2165 2127
2164 2127
2163 2127
2162 2127
2161 2127
2160 2127
2159 2127
2158 2128
2157 2128
2156 2128
2155 2128
2154 2129
2153 2129
2152 2129
2151 2129
2150 2129
2149 2129
2148 2129
2147 2129
2146 2129
2145 2129
2144 2130
2143 2130
2142 2130
2141 2130
2140 2131
2139 2131
2138 2131
2137 2131
2136 2131
2135 2131
2134 2131
2133 2131
2132 2131
2131 2131
2130 2131
2129 2131
2128 2131
2127 2131
2126 2131
2125 2131
2124 2131
2123 2131
2122 2131
2121 2131
2120 2131
2119 2131
2118 2131
2117 2131
2116 2131
2115 2131
2114 2131
2113 2131
2112 2131
2111 2131
2110 2132
2109 2132
2108 2132
2107 2132
2106 2133
2105 2133
2104 2133
2103 2133
2102 2133
2101 2133
2100 2133
2099 2133
2098 2133
2097 2133
2096 2133
2095 2133
2094 2133
2093 2133
2092 2133
2091 2133
2090 2133
2089 2133
2088 2133
2087 2133
2086 2133
2085 2133
2084 2133
2083 2133
2082 2134
2081 2134
2080 2134
2079 2134
2078 2135
2077 2135
2076 2135
2075 2135
2074 2135
2073 2135
2072 2135
2071 2135
2070 2135
2069 2135
2068 2135
2067 2135
2066 2135
2065 2135
2064 2135
2063 2135
2062 2135
2061 2135
2060 2135
2059 2135
2058 2135
2057 2135
2056 2135
2055 2135
2054 2135
2053 2135
2052 2136
2051 2136
2050 2136
2049 2136
2048 2137
2047 2137
2046 2137
2045 2137
2044 2137
2043 2137
2042 2137
2041 2137
2040 2137
2039 2137
2038 2137
2037 2137
2036 2138
2035 2138
2034 2138
2033 2138
2032 2139
2031 2139
2030 2139
2029 2139
2028 2140
2027 2140
2026 2140
2025 2140
2024 2141
2023 2141
2022 2141
2021 2141
2020 2141
2019 2141
2018 2141
2017 2141
2016 2141
2015 2141
2014 2141
2013 2141
2012 2141
2011 2141
2010 2141
2009 2141
2008 2141
2007 2141
2006 2141
2005 2141
2004 2140
2003 2140
2002 2140
2001 2140
2000 2139
1999 2139
1998 2139
1997 2139
1996 2139
1995 2139
1994 2139
1993 2139
1992 2139
1991 2139
1990 2139
1989 2139
1988 2140
1987 2140
1986 2140
1985 2140
1984 2141
1983 2141
1982 2141
1981 2141
1980 2142
1979 2142
1978 2142
1977 2142
1976 2143
1975 2143
1974 2144
1973 2144
1972 2144
1971 2144
1970 2145
1969 2146
1968 2146
1967 2146
1966 2147
1965 2147
1964 2148
1963 2148
1962 2148
1961 2148
1960 2149
1959 2149
1958 2150
1957 2150
1956 2150
1955 2150
1954 2151
1953 2151
1952 2152
1951 2152
1950 2153
1949 2153
1948 2154
1947 2154
1946 2155
1945 2155
1944 2156
1943 2156
1942 2156
1941 2156
1940 2157
1939 2157
1938 2158
1937 2158
1936 2159
1935 2160
1934 2160
1934 2161
1933 2162
1932 2162
1931 2163
1930 2164
1929 2164
1928 2165
1927 2166
1926 2166
1925 2166
1924 2167
1923 2167
1922 2167
1921 2167
1920 2167
1919 2167
1918 2168
1917 2168
1916 2169
1915 2170
1914 2170
1914 2171
1913 2172
1912 2172
1911 2173
1910 2174
1909 2174
1908 2175
1907 2176
1906 2177
1905 2177
1904 2178
1903 2178
1902 2179
1901 2180
1900 2180
1899 2180
1898 2181
1897 2182
1896 2182
1895 2182
1894 2183
1893 2184
1892 2185
1892 2186
1891 2187
1891 2188
1890 2189
1890 2190
1890 2191
1890 2192
1889 2193
1889 2194
1888 2195
1888 2196
1888 2197
1887 2198
1886 2199
1886 2200
1885 2201
1885 2202
1884 2203
1884 2204
1883 2205
1883 2206
1884 2207
1884 2208
1885 2209
1886 2210
1886 2211
1887 2211
1888 2212
1888 2213
1889 2213
1890 2214
1890 2215
1891 2215
1892 2216
1892 2217
1893 2217
1894 2218
1894 2219
1895 2219
1896 2220
1896 2221
1897 2222
1898 2223
1898 2224
1899 2225
1900 2226
1901 2227
1902 2228
1902 2229
1903 2229
1904 2230
1904 2231
1905 2231
1906 2232
1906 2233
1907 2234
1908 2235
1908 2236
1909 2237
1910 2238
1911 2239
1912 2240
1912 2241
1913 2241
1914 2242
1914 2243
1915 2243
1916 2244
1916 2245
1917 2245
1918 2246
1918 2247
1919 2248
1920 2249
1920 2250
1921 2251
1922 2252
1922 2253
1922 2254
1923 2255
1924 2256
1924 2257
1924 2258
1925 2259
1926 2260
1927 2261
1928 2262
1928 2263
1929 2263
1930 2264
1931 2265
1932 2266
1933 2267
1934 2267
1935 2268
1936 2269
1936 2270
1937 2271
1938 2272
1939 2273
1939 2274
1940 2275
1940 2276
1941 2277
1942 2278
1943 2279
1944 2280
1944 2281
1945 2281
1946 2282
1946 2283
1947 2283
1948 2284
1948 2285
1949 2285
1950 2286
1950 2287
1951 2287
1952 2288
1952 2289
1953 2289
1954 2290
1954 2291
1955 2291
1956 2292
1956 2293
1957 2293
1958 2294
1958 2295
1959 2295
1960 2296
1960 2297
1961 2297
1962 2298
1962 2299
1963 2299
1964 2300
1964 2301
1965 2301
1966 2302
1966 2303
1967 2303
1968 2304
1968 2305
1969 2305
1970 2306
1970 2307
1971 2307
1972 2308
1972 2309
1973 2309
1974 2310
1975 2311
1976 2312
1977 2313
1978 2313
1979 2314
1980 2315
1981 2315
1982 2316
1982 2317
1983 2317
1984 2318
1984 2319
1985 2319
1986 2320
1986 2321
1987 2321
1988 2322
1988 2323
1989 2323
1990 2324
1991 2325
1992 2326
1993 2327
1994 2327
1995 2328
1996 2328
1997 2329
1998 2330
1999 2331
2000 2331
2001 2332
2002 2332
2003 2333
2004 2333
2005 2334
2006 2334
2007 2334
2008 2334
2009 2334
2010 2334
2011 2334
2012 2334
2013 2335
2014 2335
2015 2335
2016 2335
2017 2336
2018 2336
2019 2336
2020 2336
2021 2336
2022 2336
2023 2335
2024 2335
2025 2335
2026 2335
2027 2334
2028 2334
2029 2334
2030 2334
2031 2334
2032 2334
2033 2334
2034 2334
2035 2334
2036 2334
2037 2333
2038 2333
2039 2333
2040 2333
2041 2332
2042 2332
2043 2332
2044 2332
2045 2331
2046 2331
2047 2331
2048 2331
2049 2330
2050 2329
2051 2329
2052 2329
2053 2328
2054 2328
2055 2328
2056 2328
2057 2327
2058 2327
2059 2327
2060 2327
2061 2326
2062 2326
2063 2325
2064 2325
2065 2325
2066 2325
2067 2324
2068 2324
2069 2324
2070 2324
2071 2324
2072 2324
2073 2324
2074 2324
2075 2324
2076 2324
2077 2324
2078 2324
2079 2324
2080 2324
2081 2324
2082 2324
2083 2325
2084 2325
2085 2325
2086 2325
2087 2326
2088 2326
2089 2326
2090 2326
2091 2326
2092 2326
2093 2327
2094 2327
2095 2327
2096 2328
2097 2329
2098 2329
2099 2329
2100 2329
2101 2330
2102 2330
2103 2331
2104 2331
2105 2331
2106 2332
2107 2333
2108 2333
2109 2333
2110 2333
2111 2334
2112 2334
2113 2335
2114 2335
2115 2335
2116 2335
2117 2336
2118 2336
2119 2337
2120 2337
2121 2337
2122 2338
2123 2339
2124 2339
2125 2339
2126 2339
2127 2340
2128 2340
2129 2341
2130 2341
2131 2341
2132 2342
2133 2343
2134 2343
2135 2343
2136 2343
2137 2344
2138 2344
2139 2345
2140 2345
2141 2345
2142 2345
2143 2346
2144 2346
2145 2346
2146 2346
2147 2346
2148 2346
2149 2347
2150 2347
2151 2347
2152 2347
2153 2348
2154 2348
2155 2348
2156 2348
2157 2348
2158 2348
2159 2348
2160 2348
2161 2349
2162 2349
2163 2349
2164 2349
2165 2350
2166 2350
2167 2350
2168 2350
2169 2351
2170 2351
2171 2351
2172 2351
2173 2352
2174 2352
2175 2352
2176 2352
2177 2352
2178 2352
2179 2352
2180 2352
2181 2352
2182 2352
2183 2353
2184 2353
2185 2353
2186 2353
2187 2354
2188 2354
2189 2354
2190 2354
2191 2354
2192 2354
2193 2354
2194 2354
2195 2354
2196 2354
2197 2354
2198 2354
2199 2354
2200 2354
2201 2354
2202 2354
2203 2354
2204 2354
2205 2354
2206 2354
2207 2354
2208 2354
2209 2354
2210 2354
2211 2354
2212 2354
2213 2354
2214 2354
2215 2354
2216 2354
2217 2354
2218 2354
2219 2354
2220 2354
2221 2354
2222 2354
2223 2354
2224 2354
2225 2354
2226 2354
2227 2354
2228 2354
2229 2354
2230 2354
2231 2353
2232 2353
2233 2353
2234 2353
2235 2352
2236 2352
2237 2352
2238 2352
2239 2352
2240 2352
2241 2351
2242 2351
2243 2351
2244 2351
2245 2350
2246 2350
2247 2349
2248 2349
2249 2349
2250 2349
2251 2348
2252 2348
2253 2348
2254 2348
2255 2347
2256 2347
2257 2347
2258 2347
2259 2346
2260 2346
2261 2346
2262 2346
2263 2345
2264 2345
2265 2345
2266 2345
2267 2344
2268 2344
2269 2344
2270 2344
2271 2343
2272 2343
2273 2343
2274 2343
2275 2342
2276 2342
2277 2341
2278 2341
2279 2340
2280 2340
2281 2339
2282 2339
2283 2338
2284 2338
2285 2338
2286 2338
2287 2338
2288 2338
2289 2338
2290 2338
2291 2338
2292 2338
2293 2338
2294 2338
2295 2338
2296 2338
2297 2338
2298 2338
2299 2338
2300 2338
2301 2338
2302 2338
2303 2338
2304 2338
2305 2337
2306 2337
2307 2337
2308 2337
2309 2336
2310 2336
2311 2336
2312 2336
2313 2337
2314 2337
2315 2337
2316 2337
2317 2338
2318 2338
2319 2339
2320 2339
2321 2339
2322 2339
2323 2340
2324 2340
2325 2340
2326 2340
2327 2341
2328 2341
2329 2341
2330 2341
2331 2342
2332 2342
2333 2343
2334 2343
2335 2343
2336 2343
2337 2344
2338 2344
2339 2344
2340 2344
2341 2344
2342 2344
2343 2344
2344 2344
2345 2344
2346 2344
2347 2344
2348 2344
2349 2344
2350 2344
2351 2344
2352 2344
2353 2344
2354 2344
2355 2344
2356 2344
2357 2344
2358 2344
2359 2343
2360 2343
2361 2342
2362 2341
2363 2341
2363 2340
2364 2339
2365 2339
2365 2338
2366 2337
2367 2337
2368 2336
2369 2335
2370 2335
2371 2334
2372 2333
2373 2332
2374 2331
2375 2331
2375 2330
2376 2329
2377 2329
2378 2328
2379 2327
2380 2327
2381 2326
2382 2325
2383 2325
2384 2325
2385 2324
2386 2324
2387 2323
2388 2323
2389 2323
2390 2323
2391 2322
2392 2321
2393 2320
2394 2320
2395 2319
2396 2319
2397 2318
2398 2317
2399 2316
2400 2316
2401 2315
2402 2315
2403 2314
2404 2313
2405 2313
2406 2313
2407 2312
2408 2311
2409 2311
2410 2311
2411 2310
2412 2309
2413 2308
2414 2307
2415 2307
2416 2306
2417 2305
2418 2305
2419 2304
2420 2303
2421 2303
2422 2303
2423 2302
2424 2302
2425 2301
2426 2301
2427 2301
2428 2301
2429 2300
2430 2299
2431 2298
2432 2297
2433 2297
2433 2296
2434 2295
2435 2294
2436 2293
2437 2292
2437 2291
2438 2290
2439 2289
2439 2288
2440 2287
2441 2286
2442 2285
2443 2284
2443 2283
2443 2282
2443 2281
2444 2280
2444 2279
2445 2278
2445 2277
2445 2276
2446 2275
2447 2274
2447 2273
2448 2272
2448 2271
2449 2270
2449 2269
2450 2268
2450 2267
2450 2266
2450 2265
2450 2264
2450 2263
2450 2262
2450 2261
2450 2260
2450 2259
2450 2258
2450 2257
2450 2256
2450 2255
2450 2254
2450 2253
2451 2252
2451 2251
2452 2250
2452 2249
2453 2248
2453 2247
2454 2246
2454 2245
2454 2244
2454 2243
2454 2242
2454 2241
2454 2240
2454 2239
2454 2238
2454 2237
2454 2236
2454 2235
2453 2234
2453 2233
2452 2232
2451 2231
2451 2230
2450 2230
2449 2229
2449 2228
2448 2228
2447 2227
2447 2226
2446 2226
2445 2225
2445 2224
2444 2223
2443 2222
2443 2221
2442 2220
2442 2219
2441 2218
2441 2217
2440 2216
2439 2215
2439 2214
2438 2214
2437 2213
2437 2212
2436 2212
2435 2211
2435 2210
2434 2210
2433 2209
2432 2208
2431 2207
2430 2206
2429 2206
2428 2205
2427 2204
2426 2204
2425 2203
2424 2202
2423 2201
2422 2200
2421 2200
2420 2199
2419 2198
2418 2198
2417 2197
2417 2196
2416 2196
2415 2195
2414 2194
2413 2193
2412 2192
2411 2192
2410 2192
2409 2191
2408 2190
2407 2190
2406 2189
2405 2189
2404 2188
2403 2188
2402 2187
2401 2187
2400 2186
2399 2186
2398 2186
2397 2186
2396 2185
2395 2185
2394 2184
2393 2184
2392 2183
2391 2183
2390 2182
2389 2182
2388 2181
2387 2181
2386 2181
2385 2181
2384 2181
2383 2181
2382 2180
2381 2180
2380 2179
2379 2179
2378 2178
2377 2178
2376 2177
2375 2177
2374 2177
2373 2177
2372 2177
2371 2177
2370 2176
2369 2176
2368 2175
2367 2175
2366 2174
2365 2174
2364 2173
2363 2173
2362 2172
2361 2172
2360 2172
2359 2171
2358 2170
2357 2170
2356 2170
2355 2170
2354 2169
2353 2169
2352 2168
2351 2168
2350 2168
2349 2168
2348 2167
2347 2167
2346 2167
2345 2167
2344 2166
2343 2166
2342 2166
2341 2165
2340 2164
2339 2164
2338 2164
2337 2164
2336 2163
2335 2163
2334 2163
2333 2163
2332 2162
2331 2162
2330 2162
2329 2162
2328 2161
2327 2161
2326 2160
2325 2160
2324 2160
2323 2160
2322 2159
2321 2159
2320 2159
2319 2159
2318 2159
2317 2159
2316 2158
2315 2158
2314 2158
2313 2158
2312 2157
2311 2157
2310 2156
2309 2156
2308 2156
2307 2156
2306 2155
2305 2155
2304 2154
2303 2154
2302 2154
2301 2154
2300 2153
2299 2153
2298 2153
2297 2153
2296 2152
2295 2152
2294 2152
2293 2152
2292 2151
2291 2151
2290 2151
2289 2151
2288 2150
2287 2150
2286 2150
2285 2150
2284 2149
2283 2149
2282 2148
2281 2148
2280 2147
2279 2146
2278 2146
2277 2145
2276 2144
2275 2144
2274 2143
2273 2143
2272 2143
2271 2143
2270 2142
2269 2142
2268 2142
2267 2142
2266 2141
2265 2141
2264 2141
2263 2141
2262 2141
2261 2141
2260 2140
2259 2140
2258 2140
2257 2139
2256 2138
2255 2138
2254 2137
2253 2137
2252 2136
2251 2136
2250 2135
2249 2135
2248 2135
2247 2135
2246 2135
2245 2135
2244 2134
2243 2134
2242 2134
2241 2134
2240 2133
2239 2133
2238 2132
2237 2132
2236 2132
2235 2132
2234 2131
2233 2131
2232 2131
2231 2131
2230 2131
2229 2131
2228 2130
2227 2130
2226 2130
2225 2130
2224 2129
2223 2129
2222 2129
2221 2129
2220 2128
2219 2128
2218 2128
2217 2128
2216 2127
2215 2127
2214 2127
2213 2127
2212 2126
2211 2126
2210 2126
2209 2126
2208 2125
2207 2125
2206 2125
2205 2125
2204 2125
2203 2125
2202 2125
2201 2125
2200 2125
2199 2125
2198 2125
2197 2125
2196 2125
2195 2125
2194 2125
2193 2125
2192 2125
2191 2125
2190 2125
2189 2125
2188 2125
2187 2125
2186 2125
2185 2125
2184 2125
2183 2125
2182 2125
2181 2125
2180 2125
2179 2125
2178 2125
2177 2125
