743 2267
742 2268
741 2268
740 2268
739 2268
738 2269
737 2270
736 2271
735 2272
734 2272
733 2273
732 2274
731 2274
730 2275
729 2275
728 2275
727 2275
726 2275
725 2275
724 2276
723 2276
722 2277
721 2277
720 2278
719 2278
718 2279
717 2280
716 2280
715 2280
714 2281
713 2281
712 2281
711 2281
710 2281
709 2281
708 2282
707 2282
706 2282
705 2282
704 2283
703 2283
702 2283
701 2283
700 2284
699 2284
698 2284
697 2284
696 2285
695 2286
694 2287
693 2287
692 2288
691 2288
690 2289
689 2290
688 2291
687 2291
686 2292
685 2292
684 2293
683 2293
682 2294
681 2294
680 2294
679 2294
678 2295
677 2296
676 2296
675 2296
674 2297
673 2297
672 2297
671 2297
670 2298
669 2298
668 2298
667 2298
666 2299
665 2300
664 2300
663 2300
662 2301
661 2302
660 2303
659 2303
658 2304
657 2304
656 2305
655 2306
654 2307
653 2308
652 2308
651 2309
650 2310
649 2310
648 2311
647 2312
646 2312
645 2312
644 2313
643 2314
642 2315
641 2316
640 2317
640 2318
639 2319
639 2320
639 2321
639 2322
639 2323
639 2324
638 2325
638 2326
638 2327
638 2328
637 2329
637 2330
637 2331
637 2332
637 2333
637 2334
637 2335
637 2336
637 2337
637 2338
638 2339
638 2340
639 2341
640 2342
640 2343
641 2343
642 2344
642 2345
643 2345
644 2346
644 2347
645 2347
646 2348
647 2349
648 2350
649 2351
650 2351
651 2352
652 2352
653 2353
654 2354
655 2355
656 2355
657 2356
658 2356
659 2357
660 2358
661 2359
662 2359
663 2359
664 2360
665 2361
666 2361
667 2361
668 2362
669 2363
670 2363
671 2363
672 2364
673 2365
674 2365
675 2365
676 2366
677 2367
678 2367
679 2367
680 2368
681 2369
682 2369
683 2369
684 2369
685 2370
686 2370
687 2371
688 2371
689 2372
690 2373
691 2373
692 2374
693 2375
694 2375
695 2376
696 2376
697 2377
698 2377
699 2377
700 2378
701 2379
702 2379
703 2379
704 2380
705 2381
706 2381
707 2381
708 2381
709 2382
710 2382
711 2382
712 2382
713 2382
714 2382
715 2382
716 2382
717 2382
718 2382
719 2382
720 2382
721 2382
722 2382
723 2382
724 2382
725 2382
726 2382
727 2382
728 2382
729 2382
730 2382
731 2382
732 2382
733 2382
734 2382
735 2381
736 2381
737 2381
738 2381
739 2380
740 2380
741 2380
742 2380
743 2380
744 2380
745 2380
746 2380
747 2380
748 2380
749 2380
750 2380
751 2380
752 2380
753 2380
754 2380
755 2380
756 2380
757 2380
758 2380
759 2380
760 2380
761 2380
762 2380
763 2380
764 2380
765 2380
766 2380
767 2380
768 2380
769 2380
770 2380
771 2380
772 2380
773 2380
774 2380
775 2380
776 2380
777 2379
778 2379
779 2379
780 2379
781 2378
782 2378
783 2378
784 2378
785 2378
786 2378
787 2378
788 2378
789 2378
790 2378
791 2378
792 2378
793 2378
794 2378
795 2378
796 2378
797 2378
798 2378
799 2378
800 2378
801 2378
802 2378
803 2378
804 2378
805 2378
806 2378
807 2378
808 2378
809 2378
810 2378
811 2378
812 2378
813 2378
814 2378
815 2377
816 2377
817 2377
818 2377
819 2376
820 2376
821 2376
822 2376
823 2376
824 2376
825 2376
826 2376
827 2377
828 2377
829 2377
830 2377
831 2378
832 2378
833 2378
834 2378
835 2378
836 2378
837 2378
838 2378
839 2378
840 2378
841 2378
842 2378
843 2378
844 2378
845 2378
846 2378
847 2378
848 2378
849 2378
850 2378
851 2377
852 2377
853 2377
854 2377
855 2376
856 2376
857 2376
858 2376
859 2376
860 2376
861 2376
862 2376
863 2376
864 2376
865 2375
866 2375
867 2375
868 2375
869 2374
870 2374
871 2374
872 2374
873 2374
874 2374
875 2374
876 2374
877 2374
878 2374
879 2374
880 2374
881 2374
882 2374
883 2373
884 2373
885 2373
886 2373
887 2372
888 2372
889 2372
890 2372
891 2372
892 2372
893 2371
894 2371
895 2371
896 2371
897 2370
898 2370
899 2370
900 2370
901 2370
902 2370
903 2370
904 2370
905 2369
906 2369
907 2369
908 2369
909 2368
910 2367
911 2367
912 2367
913 2366
914 2366
915 2366
916 2366
917 2365
918 2365
919 2365
920 2365
921 2364
922 2364
923 2364
924 2364
925 2363
926 2363
927 2362
928 2362
929 2361
930 2361
931 2360
932 2360
933 2360
934 2360
935 2359
936 2359
937 2358
938 2357
939 2357
939 2356
940 2355
941 2354
941 2353
942 2352
942 2351
942 2350
942 2349
943 2348
943 2347
943 2346
943 2345
944 2344
944 2343
944 2342
944 2341
945 2340
945 2339
945 2338
945 2337
946 2336
946 2335
946 2334
946 2333
946 2332
946 2331
945 2330
945 2329
945 2328
945 2327
944 2326
944 2325
943 2324
943 2323
942 2322
941 2321
941 2320
940 2320
939 2319
939 2318
938 2317
937 2316
937 2315
936 2314
936 2313
936 2312
936 2311
935 2310
935 2309
935 2308
935 2307
934 2306
933 2305
932 2304
931 2303
931 2302
930 2301
929 2300
929 2299
928 2298
927 2297
926 2296
925 2295
924 2294
923 2294
922 2293
921 2293
920 2293
919 2293
918 2293
917 2293
916 2293
915 2293
914 2293
913 2293
912 2293
911 2293
910 2292
909 2292
908 2291
907 2290
907 2289
906 2288
905 2287
904 2286
903 2285
903 2284
902 2284
901 2283
900 2282
899 2282
898 2281
897 2281
896 2281
895 2281
894 2281
893 2281
892 2281
891 2281
890 2280
889 2280
888 2279
887 2279
886 2278
885 2278
884 2277
883 2277
882 2277
881 2277
880 2277
879 2277
878 2277
877 2277
876 2277
875 2277
874 2277
873 2277
872 2277
871 2277
870 2276
869 2276
868 2275
867 2275
866 2274
865 2274
864 2273
863 2273
862 2273
861 2273
860 2273
859 2273
858 2273
857 2273
856 2272
855 2272
854 2272
853 2272
852 2271
851 2271
850 2271
849 2271
848 2271
847 2271
846 2271
845 2271
844 2271
843 2271
842 2271
841 2271
840 2272
839 2272
838 2272
837 2272
836 2273
835 2273
834 2273
833 2273
832 2273
831 2273
830 2273
829 2273
828 2273
827 2273
826 2273
825 2273
824 2273
823 2273
822 2273
821 2273
820 2273
819 2273
818 2273
817 2273
816 2273
815 2273
814 2273
813 2273
812 2272
811 2272
810 2271
809 2270
808 2270
807 2269
806 2268
805 2268
804 2267
803 2267
802 2267
801 2267
800 2267
799 2267
798 2267
797 2267
796 2267
795 2267
794 2267
793 2267
792 2267
791 2267
790 2267
789 2267
788 2267
787 2267
786 2267
785 2267
784 2267
783 2267
782 2267
781 2267
780 2267
779 2267
778 2267
777 2267
776 2267
775 2267
774 2267
773 2267
772 2267
771 2267
770 2267
769 2267
768 2267
767 2267
766 2267
765 2267
764 2267
763 2267
762 2267
761 2267
760 2267
759 2267
758 2267
757 2267
756 2267
755 2267
754 2267
753 2267
752 2267
751 2267
750 2267
749 2267
748 2267
747 2267
746 2267
745 2267
744 2267
743 2267
