562 2462
561 2463
560 2463
559 2463
558 2463
557 2464
556 2464
555 2464
554 2464
553 2464
552 2464
551 2464
550 2464
549 2464
548 2464
547 2464
546 2464
545 2464
544 2464
543 2464
542 2464
541 2465
540 2465
539 2465
538 2465
537 2466
536 2466
535 2466
534 2466
533 2466
532 2466
531 2466
530 2466
529 2466
528 2466
527 2466
526 2466
525 2466
524 2466
523 2466
522 2466
521 2466
520 2466
519 2466
518 2466
517 2466
516 2466
515 2466
514 2466
513 2466
512 2466
511 2466
510 2466
509 2467
508 2467
507 2467
506 2467
505 2468
504 2468
503 2468
502 2468
501 2468
500 2468
499 2468
498 2468
497 2469
496 2469
495 2469
494 2469
493 2470
492 2470
491 2470
490 2470
489 2470
488 2470
487 2470
486 2470
485 2471
484 2471
483 2471
482 2471
481 2472
480 2472
479 2472
478 2472
477 2473
476 2473
475 2474
474 2474
473 2475
472 2475
471 2476
470 2477
469 2477
468 2477
467 2478
466 2479
465 2480
464 2481
463 2481
462 2482
461 2483
460 2483
459 2484
458 2484
457 2484
456 2484
455 2484
454 2484
453 2484
452 2484
451 2484
450 2484
449 2483
448 2483
447 2483
446 2483
445 2482
444 2482
443 2482
442 2482
441 2482
440 2482
439 2482
438 2482
437 2483
436 2483
435 2483
434 2483
433 2484
432 2484
431 2485
430 2485
429 2485
428 2485
427 2486
426 2486
425 2487
424 2487
423 2487
422 2487
421 2488
420 2489
419 2489
418 2489
417 2490
416 2490
415 2491
414 2491
413 2491
412 2491
411 2492
410 2492
409 2493
408 2493
407 2494
406 2494
405 2495
404 2495
403 2496
402 2497
401 2497
400 2497
399 2498
398 2499
397 2499
396 2499
395 2500
394 2500
393 2501
392 2501
391 2501
390 2501
389 2502
388 2502
387 2502
386 2502
385 2503
384 2503
383 2503
382 2503
381 2504
380 2504
379 2504
378 2504
377 2504
376 2504
375 2505
374 2505
373 2505
372 2505
371 2506
370 2506
369 2506
368 2506
367 2506
366 2506
365 2507
364 2507
363 2507
362 2507
361 2508
360 2508
359 2509
358 2509
357 2509
356 2509
355 2510
354 2510
353 2510
352 2510
351 2511
350 2511
349 2511
348 2511
347 2512
346 2513
345 2514
344 2515
343 2515
343 2516
342 2517
341 2517
341 2518
340 2519
339 2519
339 2520
338 2521
337 2521
337 2522
336 2523
335 2524
335 2525
334 2526
334 2527
334 2528
334 2529
334 2530
334 2531
334 2532
334 2533
334 2534
334 2535
334 2536
334 2537
334 2538
334 2539
335 2540
335 2541
336 2542
336 2543
337 2544
337 2545
338 2546
338 2547
338 2548
338 2549
338 2550
338 2551
338 2552
338 2553
338 2554
338 2555
339 2556
339 2557
340 2558
341 2559
341 2560
342 2560
343 2561
343 2562
344 2562
345 2563
346 2564
347 2565
348 2566
349 2566
350 2567
351 2568
352 2568
353 2569
354 2570
355 2571
356 2572
357 2572
358 2573
359 2573
360 2574
361 2575
362 2576
363 2576
364 2576
365 2577
366 2578
367 2578
368 2578
369 2578
370 2579
371 2579
372 2580
373 2580
374 2581
375 2582
376 2582
377 2583
377 2584
378 2584
379 2585
380 2586
381 2586
382 2587
383 2587
384 2588
385 2588
386 2589
387 2590
388 2590
389 2591
390 2592
391 2593
392 2594
393 2594
394 2594
395 2595
396 2596
397 2596
398 2596
399 2596
400 2597
401 2597
402 2597
403 2597
404 2598
405 2598
406 2598
407 2598
408 2599
409 2599
410 2599
411 2599
412 2599
413 2599
414 2600
415 2600
416 2600
417 2601
418 2602
419 2602
420 2603
421 2603
422 2604
423 2604
424 2605
425 2605
426 2605
427 2605
428 2605
429 2605
430 2605
431 2605
432 2606
433 2606
434 2607
435 2607
436 2608
437 2609
438 2610
439 2610
440 2610
441 2611
442 2612
443 2612
444 2612
445 2612
446 2613
447 2613
448 2614
449 2614
450 2614
451 2614
452 2615
453 2615
454 2615
455 2615
456 2615
457 2615
458 2615
459 2615
460 2615
461 2615
462 2615
463 2615
464 2616
465 2616
466 2616
467 2616
468 2617
469 2617
470 2618
471 2618
472 2618
473 2619
474 2620
475 2620
476 2620
477 2621
478 2622
479 2622
480 2622
481 2622
482 2623
483 2623
484 2624
485 2624
486 2624
487 2624
488 2625
489 2625
490 2626
491 2626
492 2626
493 2626
494 2627
495 2627
496 2627
497 2627
498 2628
499 2628
500 2628
501 2628
502 2629
503 2629
504 2629
505 2629
506 2629
507 2629
508 2629
509 2629
510 2629
511 2629
512 2629
513 2629
514 2629
515 2629
516 2629
517 2629
518 2629
519 2629
520 2629
521 2629
522 2629
523 2629
524 2629
525 2629
526 2629
527 2629
528 2629
529 2629
530 2628
531 2628
532 2628
533 2628
534 2627
535 2627
536 2627
537 2627
538 2627
539 2627
540 2627
541 2627
542 2627
543 2627
544 2627
545 2627
546 2626
547 2626
548 2626
549 2626
550 2625
551 2625
552 2624
553 2624
554 2624
555 2624
556 2623
557 2622
558 2622
559 2622
560 2621
561 2620
562 2619
562 2618
563 2617
563 2616
563 2615
563 2614
563 2613
563 2612
563 2611
563 2610
563 2609
563 2608
564 2607
564 2606
564 2605
564 2604
565 2603
565 2602
566 2601
566 2600
567 2599
568 2598
569 2597
570 2597
571 2597
572 2596
573 2596
574 2597
575 2597
576 2597
577 2597
578 2597
579 2597
580 2597
581 2597
582 2597
583 2597
584 2597
585 2597
586 2597
587 2597
588 2597
589 2597
590 2596
591 2596
592 2596
593 2596
594 2595
595 2594
596 2594
597 2594
598 2593
599 2592
600 2591
601 2591
602 2590
603 2590
604 2589
605 2589
606 2588
607 2588
608 2588
609 2588
610 2587
611 2586
612 2586
613 2586
614 2585
615 2585
616 2584
617 2584
618 2583
619 2582
620 2581
620 2580
621 2579
621 2578
622 2577
623 2576
624 2575
624 2574
624 2573
625 2572
626 2571
626 2570
626 2569
627 2568
628 2567
628 2566
628 2565
628 2564
629 2563
629 2562
629 2561
629 2560
629 2559
629 2558
629 2557
629 2556
628 2555
628 2554
628 2553
628 2552
627 2551
627 2550
628 2549
628 2548
628 2547
628 2546
629 2545
629 2544
629 2543
629 2542
629 2541
629 2540
630 2539
630 2538
630 2537
631 2536
632 2535
632 2534
633 2533
634 2532
634 2531
635 2530
636 2529
636 2528
637 2527
637 2526
638 2525
638 2524
638 2523
638 2522
639 2521
639 2520
639 2519
639 2518
639 2517
639 2516
639 2515
639 2514
639 2513
639 2512
639 2511
639 2510
638 2509
638 2508
638 2507
638 2506
637 2505
636 2504
636 2503
636 2502
635 2501
634 2500
634 2499
634 2498
633 2497
632 2496
631 2495
631 2494
630 2493
630 2492
629 2491
628 2490
627 2489
626 2488
626 2487
625 2487
624 2486
624 2485
623 2485
622 2484
622 2483
621 2483
620 2482
620 2481
619 2481
618 2480
617 2479
616 2479
615 2478
614 2478
613 2477
612 2477
611 2477
610 2476
609 2475
608 2475
607 2474
606 2474
605 2473
604 2473
603 2472
602 2472
601 2472
600 2472
599 2471
598 2471
597 2470
596 2470
595 2469
594 2468
593 2467
592 2467
591 2467
590 2466
589 2465
588 2465
587 2465
586 2464
585 2463
584 2463
583 2463
582 2463
581 2462
580 2462
579 2462
578 2462
577 2462
576 2462
575 2462
574 2462
573 2462
572 2462
571 2462
570 2462
569 2462
568 2462
567 2462
566 2462
565 2462
564 2462
563 2462
562 2462
