881 5167
880 5168
879 5168
878 5168
877 5168
876 5169
875 5169
874 5169
873 5169
872 5169
871 5169
870 5170
869 5170
868 5170
867 5170
866 5171
865 5172
864 5173
863 5173
862 5174
861 5174
860 5175
859 5176
858 5177
857 5178
856 5178
856 5179
855 5180
854 5180
854 5181
853 5182
852 5182
852 5183
851 5184
850 5184
849 5185
848 5186
847 5186
846 5187
845 5187
844 5188
843 5188
842 5189
841 5189
840 5190
839 5190
838 5191
837 5192
836 5193
835 5194
834 5194
833 5195
832 5196
831 5196
830 5197
829 5198
828 5198
827 5198
826 5199
825 5199
824 5200
823 5200
822 5200
821 5200
820 5201
819 5202
818 5202
817 5202
816 5203
815 5203
814 5203
813 5203
812 5203
811 5203
810 5203
809 5203
808 5203
807 5203
806 5204
805 5204
804 5204
803 5204
802 5205
801 5205
800 5205
799 5205
798 5205
797 5205
796 5205
795 5205
794 5205
793 5205
792 5205
791 5205
790 5205
789 5205
788 5205
787 5205
786 5205
785 5205
784 5205
783 5205
782 5205
781 5205
780 5205
779 5205
778 5205
777 5205
776 5205
775 5205
774 5206
773 5206
772 5207
771 5208
770 5208
770 5209
769 5210
768 5210
768 5211
767 5212
766 5212
766 5213
765 5214
764 5215
764 5216
763 5217
763 5218
763 5219
763 5220
763 5221
763 5222
764 5223
764 5224
765 5225
766 5226
766 5227
767 5227
768 5228
768 5229
769 5229
770 5230
770 5231
771 5231
772 5232
772 5233
773 5233
774 5234
774 5235
775 5235
776 5236
776 5237
777 5237
778 5238
779 5239
780 5240
781 5241
782 5241
783 5242
784 5243
785 5243
786 5244
786 5245
787 5245
788 5246
788 5247
789 5247
790 5248
790 5249
791 5249
792 5250
792 5251
793 5251
794 5252
794 5253
795 5253
796 5254
797 5255
798 5256
799 5257
800 5257
801 5258
802 5259
803 5259
804 5260
804 5261
805 5261
806 5262
806 5263
807 5263
808 5264
808 5265
809 5265
810 5266
810 5267
811 5267
812 5268
812 5269
813 5269
814 5270
815 5271
816 5271
817 5272
818 5272
819 5272
820 5272
821 5273
822 5273
823 5273
824 5273
825 5274
826 5274
827 5274
828 5274
829 5275
830 5275
831 5275
832 5275
833 5276
834 5276
835 5276
836 5276
837 5276
838 5276
839 5276
840 5276
841 5276
842 5276
843 5276
844 5276
845 5276
846 5276
847 5276
848 5276
849 5276
850 5276
851 5276
852 5276
853 5276
854 5276
855 5276
856 5276
857 5276
858 5276
859 5276
860 5276
861 5276
862 5276
863 5276
864 5276
865 5276
866 5276
867 5276
868 5276
869 5276
870 5276
871 5276
872 5276
873 5276
874 5276
875 5276
876 5276
877 5276
878 5276
879 5276
880 5276
881 5276
882 5276
883 5276
884 5276
885 5276
886 5276
887 5276
888 5276
889 5276
890 5276
891 5276
892 5276
893 5276
894 5276
895 5275
896 5275
897 5274
898 5274
899 5273
900 5273
901 5272
902 5272
903 5272
904 5272
905 5272
906 5272
907 5272
908 5272
909 5272
910 5272
911 5272
912 5272
913 5272
914 5272
915 5272
916 5272
917 5272
918 5272
919 5271
920 5271
921 5271
922 5271
923 5270
924 5270
925 5270
926 5270
927 5270
928 5270
929 5270
930 5270
931 5270
932 5270
933 5269
934 5269
935 5269
936 5269
937 5268
938 5268
939 5268
940 5268
941 5268
942 5268
943 5268
944 5268
945 5268
946 5268
947 5268
948 5268
949 5268
950 5268
951 5268
952 5268
953 5267
954 5267
955 5266
956 5266
957 5265
958 5265
959 5264
960 5264
961 5264
962 5264
963 5264
964 5264
965 5264
966 5264
967 5264
968 5264
969 5263
970 5263
971 5262
972 5261
973 5261
973 5260
974 5259
975 5259
976 5258
977 5257
978 5257
979 5256
980 5256
981 5256
982 5256
983 5256
984 5256
985 5256
986 5256
987 5256
988 5256
989 5255
990 5255
991 5255
992 5255
993 5254
994 5253
995 5253
996 5253
997 5252
998 5251
999 5250
1000 5249
1001 5249
1001 5248
1002 5247
1003 5247
1003 5246
1004 5245
1005 5245
1005 5244
1006 5243
1007 5242
1007 5241
1008 5240
1008 5239
1008 5238
1008 5237
1009 5236
1009 5235
1009 5234
1009 5233
1010 5232
1010 5231
1010 5230
1010 5229
1011 5228
1011 5227
1012 5226
1012 5225
1013 5224
1013 5223
1014 5222
1014 5221
1014 5220
1014 5219
1014 5218
1014 5217
1014 5216
1014 5215
1014 5214
1014 5213
1014 5212
1014 5211
1014 5210
1014 5209
1014 5208
1014 5207
1014 5206
1014 5205
1013 5204
1013 5203
1012 5202
1011 5201
1011 5200
1010 5200
1009 5199
1009 5198
1008 5198
1007 5197
1007 5196
1006 5196
1005 5195
1004 5194
1003 5194
1002 5193
1001 5193
1000 5192
999 5192
998 5191
997 5191
996 5190
995 5190
994 5189
993 5189
992 5188
991 5188
990 5187
989 5186
988 5186
987 5185
986 5184
985 5183
984 5182
983 5182
982 5181
981 5180
980 5180
979 5179
979 5178
978 5178
977 5177
977 5176
976 5176
975 5175
974 5174
973 5174
972 5173
971 5173
970 5172
969 5172
968 5172
967 5172
966 5171
965 5171
964 5171
963 5171
962 5171
961 5171
960 5171
959 5171
958 5171
957 5171
956 5171
955 5171
954 5171
953 5171
952 5171
951 5171
950 5171
949 5171
948 5171
947 5171
946 5171
945 5171
944 5170
943 5170
942 5169
941 5169
940 5168
939 5168
938 5167
937 5167
936 5167
935 5167
934 5167
933 5167
932 5167
931 5167
930 5167
929 5167
928 5167
927 5167
926 5167
925 5167
924 5167
923 5167
922 5167
921 5167
920 5167
919 5167
918 5167
917 5167
916 5167
915 5167
914 5167
913 5167
912 5167
911 5167
910 5168
909 5168
908 5168
907 5168
906 5169
905 5169
904 5169
903 5169
902 5169
901 5169
900 5169
899 5169
898 5169
897 5169
896 5169
895 5169
894 5169
893 5169
892 5169
891 5169
890 5168
889 5168
888 5168
887 5168
886 5167
885 5167
884 5167
883 5167
882 5167
881 5167
