567 1434
566 1435
565 1435
564 1435
563 1435
562 1436
561 1436
560 1436
559 1436
558 1437
557 1437
556 1437
555 1437
554 1438
553 1438
552 1438
551 1438
550 1438
549 1438
548 1439
547 1439
546 1439
545 1439
544 1440
543 1440
542 1440
541 1440
540 1440
539 1440
538 1440
537 1440
536 1441
535 1441
534 1441
533 1441
532 1442
531 1442
530 1442
529 1442
528 1442
527 1442
526 1442
525 1442
524 1442
523 1442
522 1442
521 1442
520 1442
519 1442
518 1442
517 1442
516 1442
515 1442
514 1442
513 1442
512 1442
511 1442
510 1442
509 1442
508 1442
507 1442
506 1443
505 1443
504 1443
503 1443
502 1444
501 1445
500 1445
499 1445
498 1446
497 1446
496 1446
495 1446
494 1447
493 1447
492 1447
491 1447
490 1448
489 1448
488 1448
487 1448
486 1448
485 1448
484 1448
483 1448
482 1448
481 1448
480 1448
479 1448
478 1449
477 1449
476 1449
475 1449
474 1450
473 1450
472 1450
471 1450
470 1450
469 1450
468 1450
467 1450
466 1450
465 1450
464 1450
463 1450
462 1450
461 1450
460 1450
459 1450
458 1450
457 1450
456 1450
455 1450
454 1450
453 1450
452 1451
451 1451
450 1451
449 1451
448 1452
447 1452
446 1452
445 1452
444 1453
443 1453
442 1454
441 1455
440 1456
439 1457
438 1458
438 1459
438 1460
437 1461
436 1462
436 1463
436 1464
435 1465
434 1466
434 1467
433 1468
433 1469
432 1470
432 1471
431 1472
431 1473
430 1474
430 1475
430 1476
430 1477
429 1478
429 1479
428 1480
428 1481
428 1482
427 1483
426 1484
426 1485
426 1486
425 1487
424 1488
424 1489
423 1490
423 1491
422 1492
422 1493
421 1494
421 1495
420 1496
420 1497
419 1498
419 1499
418 1500
417 1501
416 1502
416 1503
416 1504
415 1505
414 1506
414 1507
414 1508
414 1509
413 1510
413 1511
413 1512
413 1513
413 1514
413 1515
412 1516
412 1517
412 1518
411 1519
410 1520
410 1521
410 1522
409 1523
408 1524
408 1525
408 1526
407 1527
406 1528
406 1529
406 1530
405 1531
404 1532
404 1533
403 1534
403 1535
402 1536
401 1537
400 1538
400 1539
400 1540
400 1541
399 1542
399 1543
399 1544
399 1545
399 1546
399 1547
399 1548
399 1549
399 1550
399 1551
399 1552
399 1553
399 1554
399 1555
398 1556
398 1557
398 1558
398 1559
397 1560
397 1561
397 1562
397 1563
397 1564
397 1565
397 1566
397 1567
397 1568
397 1569
397 1570
397 1571
397 1572
397 1573
397 1574
397 1575
398 1576
398 1577
398 1578
398 1579
399 1580
400 1581
400 1582
400 1583
401 1584
402 1585
403 1586
404 1587
405 1588
406 1588
407 1589
408 1589
409 1589
410 1589
411 1589
412 1589
413 1590
414 1590
415 1590
416 1590
417 1591
418 1591
419 1591
420 1591
421 1591
422 1591
423 1591
424 1591
425 1591
426 1591
427 1591
428 1591
429 1591
430 1591
431 1591
432 1591
433 1591
434 1591
435 1591
436 1591
437 1592
438 1592
439 1592
440 1592
441 1593
442 1593
443 1593
444 1593
445 1594
446 1594
447 1594
448 1594
449 1595
450 1595
451 1595
452 1595
453 1596
454 1596
455 1596
456 1596
457 1597
458 1597
459 1597
460 1597
461 1598
462 1598
463 1598
464 1598
465 1599
466 1599
467 1599
468 1599
469 1599
470 1599
471 1600
472 1600
473 1600
474 1600
475 1601
476 1601
477 1601
478 1601
479 1601
480 1601
481 1601
482 1601
483 1601
484 1601
485 1601
486 1601
487 1602
488 1602
489 1602
490 1603
491 1604
492 1604
493 1604
494 1604
495 1605
496 1605
497 1606
498 1606
499 1606
500 1606
501 1607
502 1607
503 1607
504 1607
505 1607
506 1607
507 1607
508 1607
509 1607
510 1607
511 1608
512 1608
513 1609
514 1609
515 1610
516 1610
517 1611
518 1611
519 1611
520 1611
521 1611
522 1611
523 1612
524 1612
525 1612
526 1612
527 1613
528 1613
529 1613
530 1613
531 1614
532 1614
533 1614
534 1614
535 1615
536 1615
537 1616
538 1616
539 1616
540 1616
541 1617
542 1617
543 1618
544 1618
545 1618
546 1618
547 1619
548 1619
549 1619
550 1619
551 1620
552 1620
553 1620
554 1620
555 1621
556 1621
557 1622
558 1622
559 1622
560 1622
561 1623
562 1623
563 1623
564 1623
565 1623
566 1623
567 1624
568 1624
569 1624
570 1624
571 1625
572 1625
573 1626
574 1626
575 1626
576 1626
577 1627
578 1627
579 1627
580 1627
581 1628
582 1628
583 1628
584 1628
585 1629
586 1629
587 1629
588 1629
589 1629
590 1629
591 1629
592 1629
593 1630
594 1630
595 1630
596 1630
597 1631
598 1631
599 1631
600 1631
601 1631
602 1631
603 1631
604 1631
605 1631
606 1631
607 1632
608 1632
609 1632
610 1632
611 1633
612 1633
613 1633
614 1633
615 1633
616 1633
617 1633
618 1633
619 1633
620 1633
621 1633
622 1633
623 1633
624 1633
625 1633
626 1633
627 1633
628 1633
629 1633
630 1633
631 1633
632 1633
633 1633
634 1633
635 1633
636 1633
637 1633
638 1633
639 1632
640 1632
641 1632
642 1632
643 1631
644 1631
645 1631
646 1631
647 1631
648 1631
649 1631
650 1631
651 1631
652 1631
653 1631
654 1631
655 1631
656 1631
657 1630
658 1630
659 1630
660 1630
661 1629
662 1629
663 1629
664 1629
665 1629
666 1629
667 1629
668 1629
669 1629
670 1629
671 1629
672 1629
673 1629
674 1629
675 1629
676 1629
677 1629
678 1629
679 1629
680 1629
681 1629
682 1629
683 1629
684 1629
685 1629
686 1629
687 1629
688 1629
689 1629
690 1629
691 1629
692 1629
693 1629
694 1629
695 1629
696 1629
697 1629
698 1629
699 1629
700 1629
701 1629
702 1629
703 1629
704 1629
705 1629
706 1629
707 1629
708 1629
709 1629
710 1629
711 1629
712 1629
713 1629
714 1629
715 1629
716 1629
717 1629
718 1629
719 1630
720 1630
721 1630
722 1630
723 1631
724 1631
725 1631
726 1631
727 1631
728 1631
729 1631
730 1631
731 1631
732 1631
733 1631
734 1631
735 1631
736 1631
737 1631
738 1631
739 1631
740 1631
741 1631
742 1631
743 1631
744 1631
745 1631
746 1631
747 1631
748 1631
749 1631
750 1631
751 1631
752 1631
753 1631
754 1631
755 1631
756 1631
757 1630
758 1630
759 1630
760 1630
761 1629
762 1629
763 1629
764 1629
765 1629
766 1629
767 1629
768 1629
769 1629
770 1629
771 1630
772 1630
773 1630
774 1630
775 1631
776 1631
777 1631
778 1631
779 1631
780 1631
781 1631
782 1631
783 1631
784 1631
785 1631
786 1631
787 1631
788 1631
789 1631
790 1631
791 1631
792 1631
793 1631
794 1631
795 1632
796 1632
797 1632
798 1633
799 1634
800 1634
801 1634
802 1634
803 1635
804 1635
805 1635
806 1635
807 1636
808 1636
809 1636
810 1636
811 1637
812 1637
813 1637
814 1637
815 1638
816 1638
817 1638
818 1639
819 1640
820 1640
821 1640
822 1640
823 1641
824 1641
825 1641
826 1641
827 1642
828 1642
829 1643
830 1643
831 1644
832 1644
833 1645
834 1645
835 1645
836 1645
837 1645
838 1645
839 1645
840 1645
841 1645
842 1645
843 1645
844 1645
845 1645
846 1645
847 1645
848 1645
849 1645
850 1645
851 1646
852 1646
853 1647
854 1647
855 1648
856 1649
857 1650
858 1650
859 1650
860 1650
861 1651
862 1651
863 1651
864 1651
865 1652
866 1652
867 1652
868 1652
869 1653
870 1653
871 1653
872 1653
873 1653
874 1653
875 1654
876 1654
877 1654
878 1654
879 1655
880 1655
881 1655
882 1655
883 1655
884 1655
885 1655
886 1655
887 1654
888 1654
889 1654
890 1654
891 1653
892 1653
893 1653
894 1653
895 1653
896 1653
897 1653
898 1653
899 1653
900 1653
901 1653
902 1653
903 1653
904 1653
905 1653
906 1653
907 1653
908 1653
909 1653
910 1653
911 1653
912 1653
913 1653
914 1653
915 1652
916 1652
917 1652
918 1652
919 1651
920 1650
921 1649
922 1649
923 1648
924 1648
925 1647
926 1647
927 1647
928 1647
929 1647
930 1647
931 1647
932 1647
933 1647
934 1647
935 1647
936 1647
937 1647
938 1647
939 1647
940 1647
941 1647
942 1647
943 1647
944 1647
945 1647
946 1647
947 1646
948 1646
949 1645
950 1645
951 1644
952 1644
953 1643
954 1643
955 1643
956 1643
957 1642
958 1642
959 1641
960 1641
961 1640
962 1640
963 1639
964 1639
965 1639
966 1639
967 1639
968 1639
969 1639
970 1639
971 1638
972 1638
973 1637
974 1636
975 1635
975 1634
976 1633
977 1632
977 1631
978 1630
979 1630
980 1629
981 1628
982 1628
983 1627
984 1627
985 1627
986 1627
987 1626
988 1626
989 1626
990 1626
991 1625
992 1625
993 1625
994 1625
995 1625
996 1625
997 1624
998 1624
999 1623
1000 1622
1001 1622
1001 1621
1002 1620
1003 1620
1003 1619
1004 1618
1005 1617
1005 1616
1006 1615
1006 1614
1007 1613
1007 1612
1008 1611
1008 1610
1009 1609
1010 1608
1011 1607
1011 1606
1011 1605
1012 1604
1013 1603
1013 1602
1013 1601
1013 1600
1014 1599
1014 1598
1015 1597
1015 1596
1015 1595
1015 1594
1016 1593
1016 1592
1016 1591
1016 1590
1016 1589
1016 1588
1016 1587
1016 1586
1016 1585
1016 1584
1016 1583
1016 1582
1016 1581
1016 1580
1016 1579
1016 1578
1015 1577
1015 1576
1014 1575
1014 1574
1013 1573
1013 1572
1012 1571
1012 1570
1012 1569
1012 1568
1012 1567
1012 1566
1012 1565
1012 1564
1012 1563
1012 1562
1012 1561
1012 1560
1012 1559
1012 1558
1012 1557
1012 1556
1012 1555
1012 1554
1012 1553
1012 1552
1012 1551
1012 1550
1012 1549
1012 1548
1012 1547
1012 1546
1012 1545
1012 1544
1012 1543
1012 1542
1012 1541
1012 1540
1013 1539
1013 1538
1013 1537
1013 1536
1014 1535
1014 1534
1014 1533
1014 1532
1014 1531
1014 1530
1014 1529
1014 1528
1014 1527
1014 1526
1014 1525
1014 1524
1014 1523
1014 1522
1014 1521
1014 1520
1014 1519
1014 1518
1014 1517
1014 1516
1014 1515
1014 1514
1014 1513
1014 1512
1014 1511
1014 1510
1014 1509
1014 1508
1014 1507
1014 1506
1014 1505
1014 1504
1014 1503
1014 1502
1014 1501
1014 1500
1014 1499
1014 1498
1014 1497
1014 1496
1014 1495
1014 1494
1015 1493
1015 1492
1015 1491
1015 1490
1016 1489
1016 1488
1016 1487
1016 1486
1016 1485
1016 1484
1016 1483
1016 1482
1015 1481
1015 1480
1015 1479
1015 1478
1014 1477
1013 1476
1012 1475
1011 1474
1011 1473
1010 1473
1009 1472
1009 1471
1008 1471
1007 1470
1006 1469
1005 1469
1004 1468
1003 1468
1002 1467
1001 1467
1000 1467
999 1467
998 1466
997 1466
996 1466
995 1466
994 1466
993 1466
992 1466
991 1466
990 1466
989 1466
988 1466
987 1466
986 1466
985 1466
984 1466
983 1466
982 1466
981 1466
980 1466
979 1466
978 1466
977 1466
976 1466
975 1466
974 1466
973 1466
972 1466
971 1466
970 1466
969 1466
968 1466
967 1466
966 1466
965 1466
964 1466
963 1466
962 1466
961 1466
960 1466
959 1466
958 1466
957 1466
956 1465
955 1465
954 1465
953 1465
952 1464
951 1464
950 1464
949 1464
948 1464
947 1464
946 1463
945 1463
944 1463
943 1463
942 1462
941 1462
940 1462
939 1462
938 1462
937 1462
936 1462
935 1462
934 1461
933 1461
932 1461
931 1461
930 1460
929 1460
928 1460
927 1460
926 1460
925 1460
924 1459
923 1459
922 1459
921 1459
920 1458
919 1458
918 1458
917 1458
916 1458
915 1458
914 1458
913 1458
912 1458
911 1458
910 1457
909 1457
908 1457
907 1457
906 1456
905 1456
904 1456
903 1456
902 1456
901 1456
900 1456
899 1456
898 1456
897 1456
896 1456
895 1456
894 1456
893 1456
892 1455
891 1455
890 1455
889 1455
888 1454
887 1454
886 1454
885 1454
884 1454
883 1454
882 1453
881 1453
880 1453
879 1453
878 1452
877 1452
876 1452
875 1452
874 1452
873 1452
872 1452
871 1452
870 1452
869 1452
868 1451
867 1451
866 1451
865 1450
864 1449
863 1449
862 1449
861 1449
860 1448
859 1448
858 1447
857 1447
856 1447
855 1447
854 1446
853 1446
852 1446
851 1446
850 1445
849 1445
848 1445
847 1444
846 1443
845 1443
844 1443
843 1443
842 1442
841 1442
840 1442
839 1442
838 1441
837 1441
836 1441
835 1441
834 1440
833 1440
832 1440
831 1440
830 1440
829 1440
828 1440
827 1440
826 1440
825 1440
824 1439
823 1439
822 1439
821 1439
820 1438
819 1438
818 1438
817 1438
816 1438
815 1438
814 1437
813 1437
812 1437
811 1437
810 1436
809 1436
808 1436
807 1436
806 1436
805 1436
804 1436
803 1436
802 1436
801 1436
800 1436
799 1436
798 1436
797 1436
796 1436
795 1436
794 1435
793 1435
792 1435
791 1435
790 1434
789 1434
788 1434
787 1434
786 1435
785 1435
784 1436
783 1436
782 1437
781 1437
780 1438
779 1439
778 1440
777 1440
776 1441
775 1441
774 1442
773 1442
772 1442
771 1442
770 1442
769 1442
768 1442
767 1442
766 1442
765 1442
764 1441
763 1441
762 1441
761 1440
760 1439
759 1439
758 1439
757 1439
756 1438
755 1438
754 1438
753 1438
752 1438
751 1438
750 1437
749 1437
748 1437
747 1437
746 1436
745 1436
744 1436
743 1436
742 1436
741 1436
740 1436
739 1436
738 1436
737 1436
736 1436
735 1436
734 1436
733 1436
732 1436
731 1436
730 1436
729 1436
728 1436
727 1436
726 1436
725 1436
724 1437
723 1437
722 1437
721 1437
720 1438
719 1438
718 1438
717 1438
716 1438
715 1438
714 1438
713 1438
712 1438
711 1438
710 1438
709 1438
708 1438
707 1438
706 1438
705 1438
704 1439
703 1439
702 1440
701 1440
700 1441
699 1441
698 1442
697 1442
696 1442
695 1442
694 1442
693 1442
692 1442
691 1442
690 1443
689 1443
688 1443
687 1443
686 1444
685 1444
684 1444
683 1444
682 1444
681 1444
680 1444
679 1444
678 1444
677 1444
676 1444
675 1444
674 1444
673 1444
672 1443
671 1443
670 1443
669 1443
668 1442
667 1442
666 1442
665 1442
664 1442
663 1442
662 1442
661 1442
660 1442
659 1442
658 1441
657 1441
656 1441
655 1441
654 1440
653 1440
652 1440
651 1440
650 1440
649 1440
648 1440
647 1440
646 1440
645 1440
644 1440
643 1440
642 1440
641 1440
640 1440
639 1440
638 1440
637 1440
636 1440
635 1440
634 1440
633 1440
632 1440
631 1440
630 1440
629 1440
628 1440
627 1440
626 1439
625 1439
624 1439
623 1438
622 1437
621 1437
620 1437
619 1437
618 1436
617 1436
616 1436
615 1436
614 1435
613 1435
612 1435
611 1435
610 1434
609 1434
608 1434
607 1434
606 1434
605 1434
604 1434
603 1434
602 1434
601 1434
600 1434
599 1434
598 1434
597 1434
596 1434
595 1434
594 1434
593 1434
592 1434
591 1434
590 1434
589 1434
588 1434
587 1434
586 1434
585 1434
584 1434
583 1434
582 1434
581 1434
580 1434
579 1434
578 1434
577 1434
576 1434
575 1434
574 1434
573 1434
572 1434
571 1434
570 1434
569 1434
568 1434
567 1434
