911 4285
910 4286
909 4286
908 4286
907 4286
906 4287
905 4287
904 4287
903 4287
902 4288
901 4288
900 4288
899 4288
898 4289
897 4290
896 4291
895 4291
894 4292
893 4292
892 4293
891 4293
890 4293
889 4293
888 4293
887 4293
886 4293
885 4293
884 4293
883 4293
882 4294
881 4294
880 4295
879 4295
878 4296
877 4296
876 4297
875 4297
874 4298
873 4298
872 4298
871 4298
870 4299
869 4299
868 4300
867 4300
866 4301
865 4302
864 4302
864 4303
863 4304
862 4304
862 4305
861 4306
860 4306
860 4307
859 4308
858 4308
858 4309
857 4310
856 4310
856 4311
855 4312
854 4313
854 4314
853 4315
853 4316
853 4317
853 4318
853 4319
853 4320
852 4321
852 4322
852 4323
852 4324
851 4325
851 4326
850 4327
850 4328
850 4329
850 4330
849 4331
849 4332
849 4333
849 4334
849 4335
849 4336
849 4337
849 4338
850 4339
850 4340
850 4341
850 4342
851 4343
852 4344
852 4345
852 4346
853 4347
854 4348
855 4349
856 4350
856 4351
857 4351
858 4352
858 4353
859 4354
860 4355
860 4356
861 4357
862 4358
863 4359
864 4360
864 4361
865 4361
866 4362
866 4363
867 4363
868 4364
868 4365
869 4365
870 4366
871 4367
872 4368
873 4369
874 4369
875 4369
876 4370
877 4371
878 4371
879 4372
880 4373
881 4373
882 4374
883 4375
884 4376
885 4377
886 4377
887 4378
888 4379
889 4379
890 4380
891 4381
892 4382
893 4383
894 4383
895 4383
896 4383
897 4384
898 4384
899 4384
900 4384
901 4384
902 4384
903 4385
904 4385
905 4386
906 4387
907 4387
908 4388
909 4389
910 4389
911 4390
912 4390
913 4391
914 4391
915 4392
916 4392
917 4393
918 4393
919 4394
920 4394
921 4394
922 4394
923 4394
924 4394
925 4395
926 4395
927 4395
928 4395
929 4396
930 4396
931 4396
932 4396
933 4396
934 4396
935 4397
936 4397
937 4398
938 4398
939 4399
940 4399
941 4400
942 4400
943 4401
944 4401
945 4401
946 4401
947 4402
948 4402
949 4402
950 4402
951 4402
952 4402
953 4402
954 4402
955 4402
956 4402
957 4402
958 4402
959 4402
960 4402
961 4402
962 4402
963 4402
964 4402
965 4403
966 4403
967 4403
968 4403
969 4404
970 4404
971 4405
972 4405
973 4405
974 4405
975 4406
976 4406
977 4406
978 4406
979 4407
980 4407
981 4407
982 4407
983 4408
984 4408
985 4408
986 4408
987 4408
988 4408
989 4408
990 4408
991 4408
992 4408
993 4408
994 4408
995 4408
996 4408
997 4408
998 4408
999 4409
1000 4409
1001 4409
1002 4409
1003 4410
1004 4410
1005 4410
1006 4410
1007 4410
1008 4410
1009 4410
1010 4410
1011 4411
1012 4411
1013 4411
1014 4411
1015 4412
1016 4412
1017 4412
1018 4412
1019 4412
1020 4412
1021 4412
1022 4412
1023 4412
1024 4412
1025 4412
1026 4412
1027 4412
1028 4412
1029 4412
1030 4412
1031 4411
1032 4411
1033 4411
1034 4411
1035 4410
1036 4409
1037 4408
1038 4408
1039 4407
1040 4407
1041 4406
1042 4406
1043 4406
1044 4406
1045 4406
1046 4406
1047 4407
1048 4407
1049 4407
1050 4407
1051 4408
1052 4408
1053 4408
1054 4408
1055 4408
1056 4408
1057 4408
1058 4408
1059 4408
1060 4408
1061 4409
1062 4409
1063 4409
1064 4409
1065 4410
1066 4410
1067 4410
1068 4410
1069 4410
1070 4410
1071 4410
1072 4410
1073 4411
1074 4411
1075 4411
1076 4411
1077 4412
1078 4412
1079 4412
1080 4412
1081 4412
1082 4412
1083 4412
1084 4412
1085 4412
1086 4412
1087 4412
1088 4412
1089 4412
1090 4412
1091 4412
1092 4412
1093 4412
1094 4412
1095 4412
1096 4412
1097 4412
1098 4412
1099 4412
1100 4412
1101 4412
1102 4412
1103 4412
1104 4412
1105 4412
1106 4412
1107 4412
1108 4412
1109 4412
1110 4412
1111 4412
1112 4412
1113 4412
1114 4412
1115 4412
1116 4412
1117 4412
1118 4412
1119 4411
1120 4411
1121 4410
1122 4409
1123 4408
1124 4407
1125 4406
1125 4405
1126 4404
1127 4403
1128 4402
1129 4401
1130 4401
1131 4400
1132 4400
1133 4399
1134 4399
1135 4398
1136 4397
1137 4397
1137 4396
1138 4395
1139 4395
1139 4394
1140 4393
1141 4393
1141 4392
1142 4391
1143 4391
1143 4390
1144 4389
1145 4389
1145 4388
1146 4387
1147 4387
1147 4386
1148 4385
1149 4385
1149 4384
1150 4383
1151 4382
1151 4381
1152 4380
1152 4379
1152 4378
1152 4377
1152 4376
1152 4375
1152 4374
1152 4373
1152 4372
1152 4371
1152 4370
1152 4369
1152 4368
1152 4367
1152 4366
1152 4365
1152 4364
1152 4363
1152 4362
1152 4361
1152 4360
1152 4359
1152 4358
1152 4357
1152 4356
1152 4355
1152 4354
1152 4353
1151 4352
1151 4351
1151 4350
1151 4349
1150 4348
1150 4347
1150 4346
1150 4345
1149 4344
1149 4343
1149 4342
1149 4341
1148 4340
1148 4339
1147 4338
1147 4337
1146 4336
1145 4335
1145 4334
1144 4334
1143 4333
1143 4332
1142 4332
1141 4331
1141 4330
1140 4330
1139 4329
1139 4328
1138 4328
1137 4327
1137 4326
1136 4326
1135 4325
1135 4324
1134 4324
1133 4323
1133 4322
1132 4322
1131 4321
1130 4320
1129 4319
1128 4318
1127 4318
1126 4317
1125 4317
1124 4316
1123 4315
1122 4314
1121 4314
1120 4314
1119 4313
1118 4312
1117 4312
1116 4312
1115 4312
1114 4311
1113 4311
1112 4310
1111 4310
1110 4310
1109 4309
1108 4308
1107 4308
1106 4308
1105 4308
1104 4307
1103 4307
1102 4306
1101 4306
1100 4306
1099 4305
1098 4304
1097 4304
1096 4304
1095 4304
1094 4303
1093 4303
1092 4303
1091 4303
1090 4302
1089 4302
1088 4302
1087 4301
1086 4300
1085 4300
1084 4300
1083 4300
1082 4299
1081 4299
1080 4298
1079 4298
1078 4298
1077 4298
1076 4297
1075 4297
1074 4297
1073 4297
1072 4297
1071 4297
1070 4297
1069 4297
1068 4297
1067 4297
1066 4296
1065 4296
1064 4296
1063 4296
1062 4295
1061 4295
1060 4295
1059 4295
1058 4295
1057 4295
1056 4295
1055 4295
1054 4295
1053 4295
1052 4295
1051 4295
1050 4296
1049 4296
1048 4297
1047 4297
1046 4298
1045 4298
1044 4299
1043 4299
1042 4299
1041 4299
1040 4299
1039 4299
1038 4298
1037 4298
1036 4298
1035 4298
1034 4297
1033 4297
1032 4297
1031 4297
1030 4297
1029 4297
1028 4297
1027 4297
1026 4297
1025 4297
1024 4297
1023 4297
1022 4297
1021 4297
1020 4297
1019 4297
1018 4297
1017 4297
1016 4297
1015 4297
1014 4296
1013 4296
1012 4296
1011 4296
1010 4295
1009 4295
1008 4295
1007 4295
1006 4295
1005 4295
1004 4295
1003 4295
1002 4295
1001 4295
1000 4295
999 4295
998 4295
997 4295
996 4295
995 4295
994 4294
993 4294
992 4294
991 4294
990 4293
989 4293
988 4293
987 4293
986 4293
985 4293
984 4293
983 4293
982 4293
981 4293
980 4293
979 4293
978 4293
977 4293
976 4292
975 4292
974 4292
973 4292
972 4291
971 4291
970 4291
969 4291
968 4291
967 4291
966 4291
965 4291
964 4290
963 4290
962 4290
961 4290
960 4289
959 4289
958 4289
957 4289
956 4289
955 4289
954 4288
953 4288
952 4287
951 4287
950 4286
949 4286
948 4285
947 4285
946 4285
945 4285
944 4285
943 4285
942 4285
941 4285
940 4285
939 4285
938 4285
937 4285
936 4285
935 4285
934 4285
933 4285
932 4285
931 4285
930 4285
929 4285
928 4285
927 4285
926 4285
925 4285
924 4285
923 4285
922 4285
921 4285
920 4285
919 4285
918 4285
917 4285
916 4285
915 4285
914 4285
913 4285
912 4285
911 4285
