430 2992
429 2993
428 2993
427 2993
426 2993
425 2994
424 2994
423 2994
422 2994
421 2995
420 2995
419 2995
418 2995
417 2996
416 2996
415 2996
414 2996
413 2996
412 2996
411 2996
410 2996
409 2996
408 2996
407 2996
406 2996
405 2996
404 2996
403 2997
402 2997
401 2997
400 2997
399 2998
398 2998
397 2999
396 2999
395 2999
394 2999
393 3000
392 3001
391 3002
390 3003
389 3003
388 3004
387 3005
386 3005
385 3006
384 3006
383 3007
382 3007
381 3008
380 3009
379 3009
379 3010
378 3011
377 3011
377 3012
376 3013
375 3014
374 3015
373 3016
373 3017
372 3018
372 3019
371 3020
370 3021
369 3022
369 3023
368 3024
367 3025
367 3026
366 3027
365 3027
365 3028
364 3029
363 3029
363 3030
362 3031
361 3031
361 3032
360 3033
359 3033
358 3034
357 3035
356 3035
355 3036
354 3037
353 3038
352 3039
351 3039
351 3040
350 3041
349 3041
349 3042
348 3043
347 3043
347 3044
346 3045
345 3045
345 3046
344 3047
343 3048
343 3049
342 3050
342 3051
342 3052
342 3053
342 3054
342 3055
342 3056
342 3057
342 3058
342 3059
342 3060
342 3061
342 3062
342 3063
342 3064
342 3065
342 3066
342 3067
342 3068
342 3069
342 3070
342 3071
343 3072
343 3073
344 3074
345 3075
346 3076
347 3076
348 3077
349 3077
350 3077
351 3077
352 3078
353 3078
354 3078
355 3078
356 3079
357 3079
358 3079
359 3079
360 3079
361 3079
362 3079
363 3079
364 3080
365 3080
366 3081
367 3082
368 3082
369 3083
370 3084
371 3084
372 3085
373 3085
374 3085
375 3085
376 3085
377 3085
378 3084
379 3084
380 3084
381 3084
382 3083
383 3083
384 3083
385 3083
386 3082
387 3082
388 3082
389 3082
390 3081
391 3080
392 3080
393 3080
394 3079
395 3079
396 3080
397 3080
398 3081
399 3082
400 3082
401 3083
401 3084
402 3084
403 3085
404 3086
405 3086
406 3087
407 3087
408 3088
409 3088
410 3088
411 3089
412 3090
413 3090
414 3090
415 3091
416 3092
417 3092
418 3092
419 3092
420 3093
421 3093
422 3093
423 3093
424 3093
425 3093
426 3093
427 3093
428 3093
429 3093
430 3093
431 3093
432 3093
433 3093
434 3093
435 3093
436 3093
437 3093
438 3093
439 3093
440 3093
441 3093
442 3093
443 3093
444 3093
445 3093
446 3093
447 3093
448 3092
449 3092
450 3091
451 3091
452 3090
453 3090
454 3089
455 3089
456 3089
457 3089
458 3089
459 3089
460 3089
461 3089
462 3090
463 3090
464 3091
465 3092
466 3092
467 3093
468 3094
469 3094
470 3094
471 3094
472 3094
473 3094
474 3093
475 3093
476 3093
477 3093
478 3094
479 3094
480 3095
481 3095
482 3096
483 3096
484 3097
485 3097
486 3097
487 3097
488 3097
489 3097
490 3097
491 3097
492 3097
493 3097
494 3097
495 3097
496 3097
497 3097
498 3097
499 3097
500 3097
501 3097
502 3097
503 3097
504 3097
505 3097
506 3097
507 3097
508 3097
509 3097
510 3097
511 3097
512 3097
513 3097
514 3097
515 3097
516 3097
517 3097
518 3097
519 3097
520 3096
521 3096
522 3096
523 3096
524 3095
525 3095
526 3094
527 3094
528 3093
529 3092
530 3092
530 3091
531 3090
532 3090
532 3089
533 3088
534 3087
535 3086
536 3085
536 3084
537 3083
537 3082
538 3081
538 3080
539 3079
539 3078
539 3077
539 3076
539 3075
539 3074
540 3073
540 3072
540 3071
540 3070
541 3069
541 3068
541 3067
541 3066
541 3065
541 3064
541 3063
541 3062
541 3061
541 3060
541 3059
541 3058
541 3057
541 3056
542 3055
542 3054
542 3053
542 3052
543 3051
543 3050
543 3049
543 3048
543 3047
543 3046
543 3045
543 3044
543 3043
543 3042
543 3041
543 3040
543 3039
543 3038
543 3037
543 3036
543 3035
543 3034
543 3033
543 3032
542 3031
542 3030
542 3029
542 3028
541 3027
541 3026
541 3025
541 3024
540 3023
540 3022
539 3021
538 3020
538 3019
537 3018
536 3017
536 3016
535 3015
534 3014
534 3013
534 3012
533 3011
532 3010
532 3009
532 3008
531 3007
530 3006
529 3005
528 3005
527 3004
526 3004
525 3004
524 3004
523 3004
522 3004
521 3005
520 3005
519 3005
518 3005
517 3006
516 3006
515 3006
514 3006
513 3005
512 3005
511 3004
510 3003
509 3003
508 3002
507 3001
506 3001
505 3000
504 3000
503 3000
502 3000
501 3000
500 3000
499 3000
498 3000
497 3000
496 3000
495 2999
494 2999
493 2999
492 2999
491 2998
490 2998
489 2998
488 2998
487 2998
486 2998
485 2998
484 2998
483 2998
482 2998
481 2998
480 2998
479 2998
478 2998
477 2998
476 2998
475 2998
474 2998
473 2998
472 2998
471 2998
470 2998
469 2998
468 2998
467 2998
466 2998
465 2998
464 2998
463 2998
462 2998
461 2998
460 2998
459 2997
458 2997
457 2996
456 2995
455 2995
454 2994
453 2993
452 2993
451 2992
450 2992
449 2992
448 2992
447 2992
446 2992
445 2992
444 2992
443 2992
442 2992
441 2992
440 2992
439 2992
438 2992
437 2992
436 2992
435 2992
434 2992
433 2992
432 2992
431 2992
430 2992
