1047 1157
1046 1158
1045 1158
1044 1158
1043 1158
1042 1159
1041 1159
1040 1159
1039 1159
1038 1159
1037 1159
1036 1159
1035 1159
1034 1159
1033 1159
1032 1159
1031 1159
1030 1160
1029 1160
1028 1160
1027 1160
1026 1161
1025 1161
1024 1161
1023 1161
1022 1161
1021 1161
1020 1161
1019 1161
1018 1161
1017 1161
1016 1162
1015 1162
1014 1162
1013 1162
1012 1163
1011 1163
1010 1163
1009 1163
1008 1163
1007 1163
1006 1163
1005 1163
1004 1164
1003 1164
1002 1164
1001 1164
1000 1165
999 1165
998 1166
997 1166
996 1166
995 1166
994 1167
993 1167
992 1167
991 1167
990 1167
989 1167
988 1167
987 1167
986 1168
985 1168
984 1169
983 1170
982 1170
982 1171
981 1172
980 1172
980 1173
979 1174
978 1174
978 1175
977 1176
976 1176
976 1177
975 1178
974 1178
974 1179
973 1180
972 1180
972 1181
971 1182
970 1183
970 1184
969 1185
969 1186
968 1187
968 1188
968 1189
967 1190
966 1191
966 1192
965 1193
964 1194
964 1195
963 1196
962 1197
961 1198
960 1199
960 1200
959 1201
958 1202
958 1203
957 1204
956 1205
956 1206
955 1207
955 1208
955 1209
955 1210
955 1211
955 1212
955 1213
955 1214
954 1215
954 1216
954 1217
954 1218
953 1219
953 1220
953 1221
953 1222
953 1223
953 1224
952 1225
952 1226
951 1227
950 1228
950 1229
949 1230
948 1230
948 1231
947 1232
946 1233
945 1234
944 1235
944 1236
943 1237
942 1238
941 1238
940 1239
939 1239
938 1240
937 1240
936 1241
935 1242
934 1243
934 1244
934 1245
934 1246
933 1247
933 1248
933 1249
933 1250
933 1251
933 1252
933 1253
933 1254
933 1255
933 1256
932 1257
932 1258
931 1259
931 1260
930 1261
929 1262
928 1263
928 1264
927 1265
926 1266
926 1267
925 1268
924 1269
923 1270
922 1271
922 1272
921 1273
921 1274
920 1275
919 1276
918 1277
918 1278
917 1279
917 1280
916 1281
916 1282
915 1283
915 1284
916 1285
916 1286
917 1287
918 1288
918 1289
919 1290
920 1291
920 1292
921 1293
921 1294
921 1295
921 1296
921 1297
921 1298
921 1299
921 1300
921 1301
921 1302
921 1303
921 1304
921 1305
921 1306
921 1307
921 1308
921 1309
921 1310
922 1311
922 1312
922 1313
922 1314
923 1315
924 1316
925 1317
926 1318
926 1319
927 1319
928 1320
928 1321
929 1321
930 1322
930 1323
931 1323
932 1324
932 1325
933 1326
934 1327
934 1328
935 1329
936 1330
936 1331
936 1332
937 1333
937 1334
938 1335
938 1336
939 1337
940 1338
940 1339
941 1339
942 1340
942 1341
943 1341
944 1342
945 1343
946 1344
947 1345
948 1345
949 1345
950 1345
951 1346
952 1346
953 1346
954 1346
955 1347
956 1347
957 1347
958 1348
959 1349
960 1349
961 1349
962 1349
963 1350
964 1350
965 1350
966 1350
967 1351
968 1351
969 1351
970 1351
971 1352
972 1352
973 1352
974 1352
975 1353
976 1353
977 1353
978 1353
979 1354
980 1354
981 1354
982 1354
983 1354
984 1354
985 1354
986 1354
987 1354
988 1354
989 1354
990 1354
991 1353
992 1353
993 1353
994 1353
995 1352
996 1351
997 1350
998 1350
999 1349
1000 1349
1001 1348
1002 1347
1003 1346
1004 1346
1005 1345
1006 1345
1007 1344
1008 1343
1009 1342
1010 1342
1011 1341
1012 1341
1013 1340
1014 1339
1015 1338
1016 1338
1017 1337
1018 1337
1019 1336
1020 1336
1021 1336
1022 1336
1023 1335
1024 1335
1025 1335
1026 1335
1027 1334
1028 1333
1029 1333
1030 1333
1031 1332
1032 1332
1033 1332
1034 1332
1035 1331
1036 1331
1037 1331
1038 1331
1039 1330
1040 1330
1041 1329
1042 1329
1043 1329
1044 1329
1045 1328
1046 1328
1047 1327
1048 1327
1049 1327
1050 1327
1051 1326
1052 1326
1053 1326
1054 1326
1055 1326
1056 1326
1057 1325
1058 1325
1059 1324
1060 1324
1061 1323
1062 1323
1063 1322
1064 1322
1065 1322
1066 1322
1067 1322
1068 1322
1069 1322
1070 1322
1071 1322
1072 1322
1073 1322
1074 1322
1075 1322
1076 1322
1077 1322
1078 1322
1079 1322
1080 1322
1081 1322
1082 1322
1083 1322
1084 1322
1085 1322
1086 1322
1087 1323
1088 1323
1089 1323
1090 1323
1091 1324
1092 1324
1093 1324
1094 1324
1095 1324
1096 1324
1097 1324
1098 1324
1099 1324
1100 1324
1101 1324
1102 1324
1103 1325
1104 1325
1105 1326
1106 1326
1107 1327
1108 1327
1109 1327
1110 1327
1111 1326
1112 1325
1113 1325
1114 1324
1115 1323
1116 1323
1117 1322
1118 1321
1119 1321
1120 1321
1121 1320
1122 1320
1123 1319
1124 1319
1125 1319
1126 1319
1127 1318
1128 1317
1129 1317
1130 1317
1131 1316
1132 1316
1133 1316
1134 1316
1135 1316
1136 1316
1137 1316
1138 1316
1139 1316
1140 1316
1141 1316
1142 1316
1143 1315
1144 1315
1145 1315
1146 1315
1147 1314
1148 1313
1149 1313
1150 1313
1151 1312
1152 1311
1153 1311
1154 1311
1155 1310
1156 1310
1157 1310
1158 1310
1159 1310
1160 1310
1161 1310
1162 1310
1163 1309
1164 1309
1165 1309
1166 1309
1167 1308
1168 1308
1169 1308
1170 1308
1171 1308
1172 1308
1173 1309
1174 1309
1175 1309
1176 1309
1177 1310
1178 1310
1179 1310
1180 1310
1181 1310
1182 1310
1183 1309
1184 1309
1185 1309
1186 1309
1187 1308
1188 1308
1189 1308
1190 1308
1191 1308
1192 1308
1193 1308
1194 1308
1195 1308
1196 1308
1197 1308
1198 1308
1199 1309
1200 1309
1201 1309
1202 1310
1203 1311
1204 1311
1205 1311
1206 1311
1207 1312
1208 1312
1209 1312
1210 1312
1211 1312
1212 1312
1213 1312
1214 1312
1215 1312
1216 1312
1217 1313
1218 1313
1219 1313
1220 1313
1221 1314
1222 1314
1223 1314
1224 1314
1225 1314
1226 1314
1227 1314
1228 1314
1229 1314
1230 1314
1231 1314
1232 1314
1233 1313
1234 1313
1235 1313
1236 1313
1237 1312
1238 1312
1239 1312
1240 1312
1241 1312
1242 1312
1243 1312
1244 1312
1245 1312
1246 1312
1247 1312
1248 1312
1249 1312
1250 1312
1251 1312
1252 1312
1253 1312
1254 1312
1255 1312
1256 1312
1257 1312
1258 1312
1259 1312
1260 1312
1261 1312
1262 1312
1263 1311
1264 1311
1265 1310
1266 1310
1267 1309
1268 1309
1269 1308
1270 1308
1271 1308
1272 1308
1273 1309
1274 1309
1275 1309
1276 1309
1277 1310
1278 1310
1279 1310
1280 1310
1281 1311
1282 1311
1283 1311
1284 1311
1285 1312
1286 1312
1287 1312
1288 1312
1289 1312
1290 1312
1291 1312
1292 1312
1293 1312
1294 1312
1295 1312
1296 1312
1297 1312
1298 1312
1299 1312
1300 1312
1301 1312
1302 1312
1303 1312
1304 1312
1305 1312
1306 1312
1307 1312
1308 1312
1309 1312
1310 1312
1311 1312
1312 1312
1313 1312
1314 1312
1315 1312
1316 1312
1317 1311
1318 1311
1319 1310
1320 1310
1321 1309
1322 1309
1323 1308
1324 1307
1325 1307
1326 1307
1327 1306
1328 1305
1329 1304
1330 1303
1331 1303
1332 1302
1333 1301
1334 1301
1335 1300
1336 1300
1337 1300
1338 1300
1339 1300
1340 1300
1341 1300
1342 1300
1343 1300
1344 1300
1345 1300
1346 1300
1347 1300
1348 1300
1349 1300
1350 1300
1351 1301
1352 1301
1353 1301
1354 1301
1355 1302
1356 1302
1357 1302
1358 1302
1359 1302
1360 1302
1361 1302
1362 1302
1363 1302
1364 1302
1365 1302
1366 1302
1367 1302
1368 1302
1369 1302
1370 1302
1371 1302
1372 1302
1373 1302
1374 1302
1375 1301
1376 1301
1377 1301
1378 1301
1379 1300
1380 1300
1381 1300
1382 1300
1383 1299
1384 1299
1385 1299
1386 1299
1387 1298
1388 1297
1389 1296
1390 1295
1391 1295
1391 1294
1392 1293
1393 1292
1393 1291
1394 1290
1394 1289
1394 1288
1394 1287
1395 1286
1395 1285
1395 1284
1395 1283
1396 1282
1396 1281
1397 1280
1397 1279
1397 1278
1397 1277
1398 1276
1398 1275
1398 1274
1398 1273
1398 1272
1398 1271
1398 1270
1398 1269
1398 1268
1398 1267
1398 1266
1398 1265
1398 1264
1398 1263
1398 1262
1398 1261
1398 1260
1398 1259
1398 1258
1398 1257
1398 1256
1398 1255
1398 1254
1398 1253
1398 1252
1398 1251
1398 1250
1398 1249
1398 1248
1398 1247
1398 1246
1398 1245
1398 1244
1398 1243
1398 1242
1398 1241
1398 1240
1398 1239
1398 1238
1398 1237
1398 1236
1398 1235
1398 1234
1398 1233
1398 1232
1398 1231
1398 1230
1398 1229
1397 1228
1397 1227
1396 1226
1395 1225
1395 1224
1394 1224
1393 1223
1393 1222
1392 1222
1391 1221
1391 1220
1390 1220
1389 1219
1388 1218
1387 1217
1386 1216
1385 1216
1384 1216
1383 1216
1382 1215
1381 1215
1380 1215
1379 1215
1378 1215
1377 1215
1376 1214
1375 1214
1374 1213
1373 1213
1372 1212
1371 1212
1370 1211
1369 1211
1368 1210
1367 1210
1366 1210
1365 1209
1364 1208
1363 1208
1362 1207
1361 1207
1360 1206
1359 1206
1358 1205
1357 1205
1356 1204
1355 1204
1354 1204
1353 1203
1352 1202
1351 1202
1350 1202
1349 1201
1348 1200
1347 1200
1346 1200
1345 1199
1344 1198
1343 1198
1342 1198
1341 1197
1340 1196
1339 1196
1338 1195
1337 1195
1336 1194
1335 1194
1334 1193
1333 1193
1332 1192
1331 1192
1330 1191
1329 1191
1328 1190
1327 1190
1326 1189
1325 1189
1324 1189
1323 1189
1322 1188
1321 1188
1320 1188
1319 1188
1318 1187
1317 1187
1316 1187
1315 1187
1314 1187
1313 1187
1312 1187
1311 1187
1310 1187
1309 1187
1308 1186
1307 1186
1306 1186
1305 1186
1304 1185
1303 1185
1302 1185
1301 1185
1300 1185
1299 1185
1298 1185
1297 1185
1296 1185
1295 1185
1294 1185
1293 1185
1292 1185
1291 1185
1290 1185
1289 1185
1288 1185
1287 1185
1286 1185
1285 1185
1284 1185
1283 1185
1282 1185
1281 1185
1280 1185
1279 1185
1278 1185
1277 1185
1276 1185
1275 1185
1274 1185
1273 1185
1272 1185
1271 1185
1270 1184
1269 1184
1268 1184
1267 1184
1266 1183
1265 1183
1264 1183
1263 1183
1262 1182
1261 1182
1260 1181
1259 1181
1258 1180
1257 1180
1256 1179
1255 1179
1254 1179
1253 1179
1252 1179
1251 1179
1250 1179
1249 1179
1248 1179
1247 1179
1246 1178
1245 1178
1244 1178
1243 1178
1242 1177
1241 1177
1240 1177
1239 1177
1238 1177
1237 1177
1236 1176
1235 1176
1234 1176
1233 1176
1232 1175
1231 1175
1230 1175
1229 1175
1228 1174
1227 1174
1226 1174
1225 1174
1224 1173
1223 1173
1222 1173
1221 1173
1220 1173
1219 1173
1218 1173
1217 1173
1216 1173
1215 1173
1214 1173
1213 1173
1212 1173
1211 1173
1210 1173
1209 1173
1208 1173
1207 1173
1206 1173
1205 1173
1204 1173
1203 1173
1202 1173
1201 1173
1200 1173
1199 1173
1198 1172
1197 1172
1196 1172
1195 1172
1194 1171
1193 1171
1192 1171
1191 1171
1190 1171
1189 1171
1188 1171
1187 1171
1186 1171
1185 1171
1184 1171
1183 1171
1182 1171
1181 1171
1180 1170
1179 1170
1178 1170
1177 1170
1176 1169
1175 1169
1174 1169
1173 1169
1172 1169
1171 1169
1170 1169
1169 1169
1168 1169
1167 1169
1166 1169
1165 1169
1164 1168
1163 1168
1162 1168
1161 1168
1160 1167
1159 1167
1158 1167
1157 1167
1156 1167
1155 1167
1154 1167
1153 1167
1152 1166
1151 1166
1150 1166
1149 1166
1148 1165
1147 1165
1146 1165
1145 1165
1144 1165
1143 1165
1142 1165
1141 1165
1140 1165
1139 1165
1138 1166
1137 1166
1136 1166
1135 1166
1134 1167
1133 1167
1132 1167
1131 1167
1130 1166
1129 1166
1128 1166
1127 1166
1126 1165
1125 1165
1124 1165
1123 1165
1122 1164
1121 1164
1120 1164
1119 1164
1118 1163
1117 1163
1116 1162
1115 1162
1114 1162
1113 1162
1112 1161
1111 1161
1110 1161
1109 1161
1108 1161
1107 1161
1106 1161
1105 1161
1104 1161
1103 1161
1102 1161
1101 1161
1100 1161
1099 1161
1098 1161
1097 1161
1096 1161
1095 1161
1094 1161
1093 1161
1092 1161
1091 1161
1090 1161
1089 1161
1088 1161
1087 1161
1086 1161
1085 1161
1084 1161
1083 1161
1082 1161
1081 1161
1080 1161
1079 1161
1078 1160
1077 1160
1076 1159
1075 1159
1074 1158
1073 1158
1072 1157
1071 1157
1070 1157
1069 1157
1068 1157
1067 1157
1066 1157
1065 1157
1064 1157
1063 1157
1062 1157
1061 1157
1060 1157
1059 1157
1058 1157
1057 1157
1056 1157
1055 1157
1054 1157
1053 1157
1052 1157
1051 1157
1050 1157
1049 1157
1048 1157
1047 1157
