555 2020
554 2021
553 2021
552 2021
551 2021
550 2022
549 2022
548 2023
547 2023
546 2023
545 2023
544 2024
543 2024
542 2024
541 2024
540 2024
539 2024
538 2024
537 2024
536 2024
535 2024
534 2025
533 2025
532 2025
531 2025
530 2026
529 2026
528 2026
527 2026
526 2027
525 2027
524 2028
523 2029
522 2029
521 2030
520 2031
519 2031
518 2032
517 2033
516 2034
515 2035
514 2035
513 2036
512 2037
511 2037
510 2038
509 2039
508 2040
507 2041
506 2041
505 2042
504 2043
503 2043
502 2044
501 2045
500 2046
499 2046
498 2047
497 2047
496 2048
495 2049
494 2050
493 2051
492 2051
492 2052
491 2053
490 2053
490 2054
489 2055
488 2055
488 2056
487 2057
486 2057
486 2058
485 2059
484 2059
484 2060
483 2061
482 2061
482 2062
481 2063
480 2063
480 2064
479 2065
478 2065
478 2066
477 2067
476 2067
476 2068
475 2069
474 2069
474 2070
473 2071
472 2071
472 2072
471 2073
470 2073
470 2074
469 2075
468 2076
467 2077
466 2078
466 2079
465 2080
465 2081
464 2082
463 2083
462 2084
462 2085
461 2086
461 2087
460 2088
459 2089
458 2090
458 2091
457 2092
457 2093
456 2094
455 2095
454 2096
454 2097
453 2098
453 2099
452 2100
451 2101
450 2102
450 2103
449 2104
448 2105
448 2106
447 2107
446 2108
445 2109
444 2110
444 2111
443 2112
443 2113
442 2114
441 2115
440 2116
440 2117
439 2118
438 2119
438 2120
437 2121
436 2122
435 2123
434 2124
434 2125
433 2126
433 2127
432 2128
431 2129
430 2130
430 2131
429 2132
428 2133
428 2134
427 2135
426 2136
425 2137
424 2138
424 2139
423 2140
422 2141
422 2142
421 2143
420 2143
420 2144
419 2145
418 2146
417 2147
416 2148
416 2149
415 2150
414 2151
414 2152
413 2153
412 2153
412 2154
411 2155
410 2155
410 2156
409 2157
408 2157
408 2158
407 2159
406 2160
405 2161
404 2162
404 2163
403 2164
403 2165
402 2166
401 2167
400 2168
400 2169
399 2170
399 2171
398 2172
398 2173
397 2174
397 2175
396 2176
396 2177
395 2178
394 2179
394 2180
393 2181
392 2181
392 2182
391 2183
390 2184
389 2185
388 2186
388 2187
387 2188
386 2189
386 2190
385 2191
384 2191
384 2192
383 2193
382 2194
381 2195
380 2196
380 2197
380 2198
380 2199
379 2200
379 2201
379 2202
379 2203
380 2204
380 2205
380 2206
380 2207
381 2208
381 2209
382 2210
382 2211
383 2212
384 2212
385 2213
386 2213
387 2213
388 2213
389 2214
390 2214
391 2215
392 2216
393 2216
394 2217
394 2218
395 2218
396 2219
396 2220
397 2220
398 2221
398 2222
399 2222
400 2223
401 2224
402 2225
403 2226
404 2226
405 2226
406 2226
407 2227
408 2227
409 2227
410 2227
411 2227
412 2227
413 2227
414 2227
415 2226
416 2226
417 2226
418 2226
419 2225
420 2224
421 2224
422 2224
423 2223
424 2222
425 2222
426 2222
427 2221
428 2221
429 2221
430 2221
431 2221
432 2221
433 2221
434 2221
435 2221
436 2221
437 2221
438 2221
439 2221
440 2221
441 2221
442 2221
443 2221
444 2221
445 2222
446 2222
447 2222
448 2222
449 2223
450 2223
451 2223
452 2223
453 2223
454 2223
455 2223
456 2223
457 2223
458 2223
459 2223
460 2223
461 2223
462 2223
463 2223
464 2223
465 2223
466 2223
467 2223
468 2223
469 2223
470 2223
471 2223
472 2223
473 2223
474 2223
475 2222
476 2222
477 2222
478 2222
479 2221
480 2221
481 2221
482 2221
483 2221
484 2221
485 2221
486 2221
487 2220
488 2220
489 2220
490 2220
491 2219
492 2219
493 2218
494 2218
495 2218
496 2218
497 2217
498 2216
499 2215
500 2215
501 2214
502 2214
503 2213
504 2212
505 2212
506 2212
507 2211
508 2211
509 2210
510 2210
511 2210
512 2210
513 2209
514 2209
515 2208
516 2208
517 2208
518 2208
519 2207
520 2207
521 2207
522 2207
523 2206
524 2206
525 2206
526 2206
527 2205
528 2205
529 2205
530 2205
531 2204
532 2204
533 2204
534 2204
535 2203
536 2203
537 2203
538 2203
539 2202
540 2202
541 2202
542 2202
543 2201
544 2201
545 2200
546 2200
547 2200
548 2200
549 2199
550 2199
551 2199
552 2199
553 2199
554 2199
555 2199
556 2199
557 2199
558 2199
559 2199
560 2199
561 2199
562 2199
563 2198
564 2198
565 2198
566 2198
567 2197
568 2197
569 2197
570 2197
571 2197
572 2197
573 2197
574 2197
575 2197
576 2197
577 2196
578 2196
579 2195
580 2195
581 2194
582 2194
583 2193
584 2193
585 2193
586 2193
587 2193
588 2193
589 2193
590 2193
591 2193
592 2193
593 2192
594 2192
595 2192
596 2192
597 2191
598 2190
599 2189
600 2188
601 2188
601 2187
602 2186
603 2186
603 2185
604 2184
605 2184
605 2183
606 2182
607 2182
608 2181
609 2180
610 2180
611 2180
612 2180
613 2181
614 2182
615 2182
616 2183
616 2184
617 2184
618 2185
618 2186
619 2186
620 2187
621 2188
622 2189
623 2190
624 2190
625 2190
626 2190
627 2191
628 2191
629 2191
630 2191
631 2191
632 2191
633 2191
634 2191
635 2191
636 2191
637 2192
638 2192
639 2192
640 2192
641 2193
642 2193
643 2193
644 2193
645 2194
646 2194
647 2194
648 2194
649 2195
650 2195
651 2195
652 2195
653 2195
654 2195
655 2195
656 2195
657 2195
658 2195
659 2195
660 2195
661 2195
662 2195
663 2195
664 2195
665 2195
666 2195
667 2195
668 2195
669 2195
670 2195
671 2195
672 2195
673 2195
674 2195
675 2195
676 2195
677 2195
678 2195
679 2195
680 2195
681 2195
682 2195
683 2195
684 2195
685 2195
686 2195
687 2195
688 2195
689 2195
690 2195
691 2195
692 2195
693 2195
694 2195
695 2195
696 2195
697 2195
698 2195
699 2195
700 2195
701 2195
702 2195
703 2195
704 2195
705 2195
706 2195
707 2195
708 2195
709 2194
710 2194
711 2194
712 2194
713 2193
714 2193
715 2193
716 2193
717 2194
718 2194
719 2194
720 2194
721 2195
722 2195
723 2195
724 2195
725 2195
726 2195
727 2196
728 2196
729 2196
730 2196
731 2197
732 2197
733 2197
734 2197
735 2197
736 2197
737 2197
738 2197
739 2197
740 2197
741 2197
742 2197
743 2197
744 2197
745 2197
746 2197
747 2197
748 2197
749 2197
750 2197
751 2198
752 2198
753 2198
754 2198
755 2199
756 2199
757 2199
758 2199
759 2199
760 2199
761 2199
762 2199
763 2199
764 2199
765 2199
766 2199
767 2199
768 2199
769 2198
770 2198
771 2197
772 2196
773 2196
774 2195
775 2194
776 2194
777 2193
778 2193
779 2193
780 2193
781 2193
782 2193
783 2193
784 2193
785 2193
786 2193
787 2193
788 2193
789 2193
790 2193
791 2193
792 2193
793 2193
794 2193
795 2193
796 2193
797 2193
798 2193
799 2193
800 2193
801 2193
802 2193
803 2193
804 2193
805 2193
806 2193
807 2193
808 2193
809 2193
810 2193
811 2193
812 2193
813 2193
814 2193
815 2193
816 2193
817 2193
818 2193
819 2193
820 2193
821 2193
822 2193
823 2193
824 2193
825 2193
826 2193
827 2193
828 2193
829 2193
830 2193
831 2193
832 2193
833 2193
834 2193
835 2193
836 2193
837 2193
838 2193
839 2192
840 2192
841 2192
842 2192
843 2191
844 2191
845 2190
846 2190
847 2190
848 2190
849 2189
850 2189
851 2188
852 2188
853 2188
854 2188
855 2187
856 2186
857 2185
858 2185
859 2184
860 2184
861 2183
862 2183
863 2183
864 2183
865 2183
866 2183
867 2183
868 2183
869 2182
870 2182
871 2182
872 2182
873 2181
874 2180
875 2180
876 2180
877 2179
878 2179
879 2179
880 2179
881 2179
882 2179
883 2179
884 2179
885 2179
886 2179
887 2179
888 2179
889 2179
890 2179
891 2179
892 2179
893 2179
894 2179
895 2179
896 2179
897 2179
898 2179
899 2179
900 2179
901 2179
902 2179
903 2179
904 2179
905 2179
906 2179
907 2179
908 2179
909 2179
910 2179
911 2179
912 2179
913 2179
914 2179
915 2178
916 2178
917 2178
918 2178
919 2177
920 2176
921 2176
922 2176
923 2175
924 2174
925 2174
926 2174
927 2173
928 2172
929 2172
930 2172
931 2171
932 2170
933 2169
934 2169
935 2168
936 2168
937 2167
938 2167
939 2167
940 2167
941 2166
942 2166
943 2165
944 2165
945 2164
946 2164
947 2163
948 2162
949 2161
950 2160
951 2160
951 2159
952 2158
953 2157
954 2156
955 2155
955 2154
955 2153
955 2152
956 2151
956 2150
956 2149
956 2148
956 2147
956 2146
956 2145
956 2144
956 2143
956 2142
957 2141
957 2140
958 2139
958 2138
959 2137
959 2136
960 2135
960 2134
960 2133
960 2132
960 2131
960 2130
960 2129
960 2128
960 2127
960 2126
960 2125
960 2124
960 2123
960 2122
960 2121
960 2120
959 2119
959 2118
958 2117
958 2116
957 2115
957 2114
956 2113
955 2112
954 2111
954 2110
953 2109
953 2108
952 2107
951 2106
951 2105
951 2104
950 2103
950 2102
949 2101
949 2100
949 2099
949 2098
948 2097
948 2096
947 2095
947 2094
946 2093
945 2092
944 2091
943 2091
942 2090
941 2090
940 2090
939 2090
938 2090
937 2090
936 2090
935 2090
934 2089
933 2089
932 2089
931 2089
930 2088
929 2088
928 2087
927 2087
926 2087
925 2087
924 2086
923 2086
922 2086
921 2086
920 2085
919 2085
918 2085
917 2084
916 2083
915 2083
914 2083
913 2083
912 2082
911 2082
910 2081
909 2081
908 2080
907 2080
906 2079
905 2079
904 2078
903 2078
902 2077
901 2077
900 2077
899 2077
898 2076
897 2076
896 2075
895 2075
894 2075
893 2075
892 2074
891 2074
890 2074
889 2074
888 2073
887 2073
886 2073
885 2073
884 2072
883 2072
882 2071
881 2071
880 2071
879 2071
878 2070
877 2070
876 2070
875 2070
874 2070
873 2070
872 2070
871 2070
870 2069
869 2069
868 2069
867 2069
866 2068
865 2068
864 2067
863 2067
862 2067
861 2067
860 2066
859 2066
858 2066
857 2066
856 2066
855 2066
854 2066
853 2066
852 2066
851 2066
850 2066
849 2066
848 2066
847 2066
846 2066
845 2066
844 2066
843 2066
842 2065
841 2065
840 2064
839 2063
838 2062
837 2061
837 2060
836 2059
836 2058
835 2057
835 2056
834 2055
833 2054
832 2053
831 2053
830 2052
829 2052
828 2052
827 2052
826 2052
825 2052
824 2052
823 2052
822 2052
821 2052
820 2052
819 2052
818 2052
817 2052
816 2052
815 2052
814 2053
813 2053
812 2054
811 2054
810 2055
809 2055
808 2056
807 2056
806 2056
805 2056
804 2056
803 2056
802 2056
801 2056
800 2057
799 2057
798 2057
797 2057
796 2058
795 2059
794 2059
793 2059
792 2060
791 2061
790 2061
789 2061
788 2062
787 2062
786 2062
785 2062
784 2062
783 2062
782 2062
781 2062
780 2062
779 2062
778 2062
777 2062
776 2062
775 2062
774 2062
773 2062
772 2062
771 2062
770 2062
769 2062
768 2062
767 2062
766 2062
765 2062
764 2062
763 2062
762 2062
761 2062
760 2061
759 2061
758 2061
757 2061
756 2060
755 2060
754 2060
753 2060
752 2060
751 2060
750 2060
749 2060
748 2059
747 2059
746 2059
745 2059
744 2058
743 2058
742 2058
741 2058
740 2058
739 2058
738 2057
737 2057
736 2057
735 2057
734 2056
733 2056
732 2056
731 2056
730 2056
729 2056
728 2056
727 2056
726 2056
725 2056
724 2056
723 2056
722 2056
721 2056
720 2055
719 2055
718 2055
717 2055
716 2054
715 2054
714 2054
713 2054
712 2054
711 2054
710 2053
709 2053
708 2053
707 2053
706 2052
705 2052
704 2052
703 2052
702 2052
701 2052
700 2051
699 2051
698 2051
697 2051
696 2050
695 2050
694 2050
693 2050
692 2050
691 2050
690 2050
689 2050
688 2049
687 2049
686 2049
685 2049
684 2048
683 2048
682 2048
681 2048
680 2048
679 2048
678 2048
677 2048
676 2047
675 2047
674 2047
673 2047
672 2046
671 2046
670 2046
669 2046
668 2046
667 2046
666 2046
665 2046
664 2046
663 2046
662 2046
661 2046
660 2046
659 2046
658 2045
657 2045
656 2045
655 2045
654 2044
653 2044
652 2044
651 2044
650 2043
649 2043
648 2043
647 2043
646 2042
645 2042
644 2042
643 2042
642 2041
641 2041
640 2041
639 2041
638 2040
637 2040
636 2040
635 2040
634 2039
633 2039
632 2039
631 2039
630 2038
629 2038
628 2038
627 2038
626 2038
625 2038
624 2038
623 2038
622 2038
621 2038
620 2037
619 2037
618 2036
617 2036
616 2035
615 2035
614 2034
613 2034
612 2033
611 2033
610 2033
609 2033
608 2032
607 2032
606 2032
605 2032
604 2031
603 2031
602 2030
601 2029
600 2029
599 2028
598 2027
597 2027
596 2026
595 2026
594 2026
593 2026
592 2026
591 2026
590 2026
589 2026
588 2026
587 2026
586 2025
585 2025
584 2025
583 2025
582 2024
581 2024
580 2024
579 2024
578 2024
577 2024
576 2024
575 2024
574 2023
573 2023
572 2023
571 2023
570 2022
569 2022
568 2022
567 2022
566 2021
565 2021
564 2021
563 2021
562 2020
561 2020
560 2020
559 2020
558 2020
557 2020
556 2020
555 2020
