412 711
411 712
410 712
409 712
408 712
407 713
406 713
405 713
404 713
403 714
402 714
401 715
400 716
399 716
399 717
398 718
397 718
396 719
395 720
394 720
393 721
392 721
391 721
390 721
389 720
388 720
387 720
386 720
385 719
384 719
383 719
382 719
381 719
380 719
379 719
378 719
377 719
376 719
375 719
374 719
373 720
372 720
371 720
370 720
369 721
368 721
367 721
366 721
365 721
364 721
363 721
362 721
361 721
360 721
359 722
358 722
357 723
356 723
355 724
354 724
353 725
352 725
351 725
350 725
349 726
348 726
347 727
346 727
345 728
344 728
343 729
342 730
341 731
340 731
339 732
338 732
337 733
336 734
335 734
334 734
333 735
332 736
331 737
330 738
329 738
329 739
328 740
327 740
326 741
325 742
324 742
323 743
322 744
321 745
321 746
320 747
320 748
320 749
320 750
320 751
320 752
320 753
320 754
320 755
320 756
320 757
320 758
321 759
321 760
322 761
323 762
323 763
324 763
325 764
325 765
326 765
327 766
328 767
329 767
330 768
331 768
332 768
333 768
334 769
335 769
336 769
337 769
338 770
339 770
340 770
341 770
342 770
343 770
344 770
345 770
346 770
347 770
348 770
349 770
350 770
351 770
352 770
353 770
354 770
355 770
356 770
357 770
358 771
359 771
360 771
361 771
362 772
363 772
364 772
365 772
366 772
367 772
368 772
369 772
370 772
371 772
372 772
373 772
374 772
375 772
376 772
377 772
378 772
379 772
380 772
381 772
382 773
383 773
384 773
385 773
386 774
387 774
388 774
389 774
390 774
391 774
392 775
393 775
394 775
395 775
396 776
397 776
398 776
399 776
400 776
401 776
402 777
403 777
404 777
405 777
406 778
407 778
408 778
409 778
410 778
411 778
412 778
413 778
414 778
415 778
416 779
417 779
418 779
419 779
420 780
421 780
422 780
423 780
424 780
425 780
426 780
427 780
428 780
429 780
430 781
431 781
432 781
433 781
434 782
435 782
436 782
437 782
438 782
439 782
440 782
441 782
442 782
443 782
444 782
445 782
446 782
447 782
448 782
449 782
450 782
451 782
452 782
453 782
454 782
455 782
456 782
457 782
458 782
459 782
460 782
461 782
462 782
463 782
464 782
465 782
466 782
467 782
468 782
469 782
470 782
471 782
472 781
473 781
474 781
475 781
476 780
477 780
478 779
479 779
480 778
481 777
482 776
482 775
483 774
483 773
483 772
483 771
484 770
484 769
484 768
484 767
485 766
485 765
485 764
485 763
485 762
485 761
486 760
486 759
486 758
486 757
487 756
487 755
487 754
487 753
487 752
487 751
487 750
487 749
487 748
487 747
487 746
487 745
486 744
486 743
486 742
486 741
485 740
485 739
485 738
485 737
485 736
485 735
484 734
484 733
483 732
482 731
481 730
480 729
479 728
478 728
477 728
476 728
475 727
474 727
473 726
472 726
471 725
470 724
469 724
468 723
467 722
466 721
465 720
464 720
463 719
462 719
461 718
460 718
459 717
458 717
457 716
456 716
455 716
454 715
453 714
452 714
451 714
450 714
449 713
448 713
447 713
446 713
445 713
444 713
443 713
442 713
441 713
440 713
439 712
438 712
437 712
436 712
435 711
434 711
433 711
432 711
431 711
430 711
429 711
428 711
427 711
426 711
425 711
424 711
423 711
422 711
421 711
420 711
419 711
418 711
417 711
416 711
415 711
414 711
413 711
412 711
