1571 1839
1570 1840
1569 1840
1568 1840
1567 1840
1566 1841
1565 1841
1564 1841
1563 1841
1562 1841
1561 1841
1560 1842
1559 1842
1558 1843
1557 1843
1556 1844
1555 1844
1554 1845
1553 1845
1552 1845
1551 1845
1550 1844
1549 1844
1548 1844
1547 1844
1546 1843
1545 1843
1544 1843
1543 1843
1542 1844
1541 1844
1540 1845
1539 1845
1538 1846
1537 1846
1536 1847
1535 1847
1534 1847
1533 1847
1532 1847
1531 1847
1530 1848
1529 1848
1528 1849
1527 1850
1526 1850
1526 1851
1525 1852
1524 1852
1523 1853
1522 1854
1521 1854
1520 1855
1519 1855
1518 1855
1517 1855
1516 1855
1515 1855
1514 1856
1513 1856
1512 1857
1511 1857
1510 1858
1509 1858
1508 1859
1507 1859
1506 1859
1505 1859
1504 1858
1503 1858
1502 1857
1501 1857
1500 1856
1499 1855
1498 1854
1497 1854
1496 1854
1495 1854
1494 1853
1493 1853
1492 1853
1491 1853
1490 1852
1489 1852
1488 1852
1487 1852
1486 1851
1485 1851
1484 1850
1483 1850
1482 1850
1481 1850
1480 1849
1479 1849
1478 1849
1477 1849
1476 1849
1475 1849
1474 1849
1473 1849
1472 1850
1471 1850
1470 1850
1469 1850
1468 1851
1467 1851
1466 1851
1465 1851
1464 1851
1463 1851
1462 1851
1461 1851
1460 1851
1459 1851
1458 1851
1457 1851
1456 1851
1455 1851
1454 1852
1453 1852
1452 1853
1451 1854
1450 1855
1450 1856
1450 1857
1450 1858
1449 1859
1449 1860
1449 1861
1449 1862
1448 1863
1448 1864
1447 1865
1446 1866
1446 1867
1445 1868
1444 1869
1444 1870
1443 1871
1443 1872
1442 1873
1442 1874
1441 1875
1441 1876
1440 1877
1439 1878
1438 1879
1438 1880
1438 1881
1437 1882
1436 1883
1436 1884
1436 1885
1435 1886
1434 1887
1434 1888
1434 1889
1433 1890
1432 1891
1432 1892
1431 1893
1430 1894
1430 1895
1429 1896
1428 1897
1428 1898
1427 1899
1427 1900
1427 1901
1427 1902
1427 1903
1427 1904
1427 1905
1427 1906
1428 1907
1428 1908
1428 1909
1428 1910
1429 1911
1430 1912
1431 1913
1432 1914
1432 1915
1433 1915
1434 1916
1434 1917
1435 1917
1436 1918
1436 1919
1437 1919
1438 1920
1438 1921
1439 1921
1440 1922
1441 1923
1442 1924
1443 1925
1444 1925
1445 1925
1446 1925
1447 1926
1448 1926
1449 1926
1450 1926
1451 1926
1452 1926
1453 1927
1454 1927
1455 1928
1456 1928
1457 1929
1458 1929
1459 1930
1460 1930
1461 1930
1462 1930
1463 1930
1464 1930
1465 1931
1466 1931
1467 1931
1468 1931
1469 1932
1470 1932
1471 1933
1472 1933
1473 1933
1474 1934
1475 1935
1476 1935
1477 1935
1478 1936
1479 1937
1480 1937
1481 1938
1482 1939
1483 1939
1484 1940
1484 1941
1485 1941
1486 1942
1486 1943
1487 1943
1488 1944
1489 1945
1490 1946
1491 1947
1492 1947
1493 1948
1494 1948
1495 1949
1496 1950
1497 1951
1498 1951
1499 1951
1500 1951
1501 1952
1502 1952
1503 1953
1504 1953
1505 1953
1506 1954
1507 1955
1508 1955
1509 1955
1510 1955
1511 1956
1512 1956
1513 1957
1514 1957
1515 1957
1516 1957
1517 1958
1518 1958
1519 1958
1520 1958
1521 1959
1522 1959
1523 1960
1524 1960
1525 1961
1526 1961
1527 1962
1528 1962
1529 1962
1530 1962
1531 1962
1532 1962
1533 1962
1534 1962
1535 1962
1536 1962
1537 1962
1538 1962
1539 1962
1540 1962
1541 1962
1542 1962
1543 1962
1544 1962
1545 1962
1546 1962
1547 1961
1548 1961
1549 1961
1550 1961
1551 1960
1552 1960
1553 1960
1554 1960
1555 1960
1556 1960
1557 1960
1558 1960
1559 1960
1560 1960
1561 1960
1562 1960
1563 1960
1564 1960
1565 1960
1566 1960
1567 1960
1568 1960
1569 1960
1570 1960
1571 1960
1572 1960
1573 1960
1574 1960
1575 1960
1576 1960
1577 1960
1578 1960
1579 1960
1580 1960
1581 1960
1582 1960
1583 1960
1584 1960
1585 1960
1586 1960
1587 1959
1588 1959
1589 1959
1590 1959
1591 1958
1592 1958
1593 1958
1594 1958
1595 1957
1596 1957
1597 1957
1598 1957
1599 1956
1600 1956
1601 1956
1602 1956
1603 1955
1604 1955
1605 1955
1606 1955
1607 1954
1608 1954
1609 1954
1610 1954
1611 1954
1612 1954
1613 1954
1614 1954
1615 1953
1616 1953
1617 1953
1618 1953
1619 1952
1620 1952
1621 1952
1622 1952
1623 1952
1624 1952
1625 1951
1626 1951
1627 1951
1628 1951
1629 1950
1630 1949
1631 1948
1632 1948
1633 1947
1634 1947
1635 1946
1636 1945
1637 1945
1638 1945
1639 1944
1640 1943
1641 1943
1642 1943
1643 1942
1644 1941
1645 1940
1646 1940
1647 1939
1648 1939
1649 1938
1650 1937
1651 1936
1652 1935
1653 1935
1653 1934
1654 1933
1655 1933
1656 1932
1657 1931
1658 1931
1659 1930
1660 1929
1661 1928
1662 1927
1663 1926
1663 1925
1664 1924
1664 1923
1665 1922
1665 1921
1665 1920
1665 1919
1666 1918
1666 1917
1666 1916
1666 1915
1666 1914
1666 1913
1666 1912
1666 1911
1666 1910
1666 1909
1666 1908
1666 1907
1666 1906
1666 1905
1666 1904
1666 1903
1665 1902
1665 1901
1665 1900
1665 1899
1664 1898
1664 1897
1664 1896
1664 1895
1664 1894
1664 1893
1663 1892
1663 1891
1663 1890
1663 1889
1662 1888
1662 1887
1662 1886
1662 1885
1662 1884
1662 1883
1662 1882
1662 1881
1662 1880
1662 1879
1662 1878
1662 1877
1662 1876
1662 1875
1662 1874
1662 1873
1661 1872
1661 1871
1660 1870
1660 1869
1659 1868
1659 1867
1658 1866
1657 1865
1657 1864
1657 1863
1656 1862
1655 1861
1654 1860
1653 1859
1653 1858
1652 1858
1651 1857
1651 1856
1650 1856
1649 1855
1649 1854
1648 1854
1647 1853
1647 1852
1646 1852
1645 1851
1645 1850
1644 1850
1643 1849
1642 1848
1641 1847
1640 1846
1639 1846
1638 1846
1637 1846
1636 1845
1635 1845
1634 1845
1633 1845
1632 1845
1631 1845
1630 1845
1629 1845
1628 1845
1627 1845
1626 1845
1625 1845
1624 1845
1623 1845
1622 1845
1621 1845
1620 1845
1619 1845
1618 1845
1617 1845
1616 1845
1615 1845
1614 1845
1613 1845
1612 1844
1611 1844
1610 1844
1609 1844
1608 1843
1607 1843
1606 1843
1605 1843
1604 1843
1603 1843
1602 1843
1601 1843
1600 1843
1599 1843
1598 1842
1597 1842
1596 1842
1595 1842
1594 1841
1593 1841
1592 1841
1591 1841
1590 1841
1589 1841
1588 1841
1587 1841
1586 1840
1585 1840
1584 1840
1583 1840
1582 1839
1581 1839
1580 1839
1579 1839
1578 1839
1577 1839
1576 1839
1575 1839
1574 1839
1573 1839
1572 1839
1571 1839
